timestamp,errXmm,errYmm,errZmm,TouchDetected,OutgoingPacket,IncomingPacket,Serial0Enabled,Serial0Open,Serial1Enabled,Serial1Open,kpx,kpy,kix,kiy,kdx,kdy
0.000985012,-33,14,614,0,E1A1925B1635C1893X,TE1A1B3C1D000X,1,1,1,1,2.0,2.0,2.0,1.0,0.0,0.0
0.0133209,-32,14,611,0,E1A1925B1635C1897X,TE1A1B2C1D000X,1,1,1,1,2.0,2.0,2.0,1.0,0.0,0.0
0.0255425,-32,14,612,0,E1A1925B1632C1896X,TE1A1B2C1D000X,1,1,1,1,2.0,2.0,2.0,1.0,0.0,0.0
0.0386665,-32,14,612,0,E1A1925B1632C1896X,TE1A1B2C1D000X,1,1,1,1,2.0,2.0,2.0,1.0,0.0,0.0
0.0508873,-32,14,612,0,E1A1925B1630C1896X,TE1A1B2C1D000X,1,1,1,1,2.0,2.0,2.0,1.0,0.0,0.0
0.0640171,-32,14,612,0,E1A1925B1631C1895X,TE1A1B2C1D000X,1,1,1,1,2.0,2.0,2.0,1.0,0.0,0.0
0.0760318,-32,14,616,0,E1A1925B1628C1895X,TE1A1B2C1D000X,1,1,1,1,2.0,2.0,2.0,1.0,0.0,0.0
0.0884834,-32,14,616,0,E1A1925B1625C1895X,TE1A1B2C1D000X,1,1,1,1,2.0,2.0,2.0,1.0,0.0,0.0
0.101064,35,129,613,0,E1A1150B1508C1895X,TE1A1B2C1D000X,1,1,1,1,2.0,2.0,2.0,1.0,0.0,0.0
0.113133,37,135,632,0,E1A1144B1505C1895X,TE1A4B2C1D000X,1,1,1,1,2.0,2.0,2.0,1.0,0.0,0.0
0.125097,37,135,632,0,E1A1144B1505C1895X,TE1A4B2C1D000X,1,1,1,1,2.0,2.0,2.0,1.0,0.0,0.0
0.140209,36,133,625,0,E1A1146B1504C1895X,TE1A4B2C1D000X,1,1,1,1,2.0,2.0,2.0,1.0,0.0,0.0
0.152597,35,133,626,0,E1A1149B1503C1895X,TE1A4B2C1D000X,1,1,1,1,2.0,2.0,2.0,1.0,0.0,0.0
0.165121,35,133,624,0,E1A1147B1501C1895X,TE1A4B2C1D000X,1,1,1,1,2.0,2.0,2.0,1.0,0.0,0.0
0.179265,38,133,618,0,E1A1128B1506C1895X,TE1A4B2C1D000X,1,1,1,1,2.0,2.0,2.0,1.0,0.0,0.0
0.193505,41,133,620,0,E1A1111B1517C1895X,TE1A4B2C1D000X,1,1,1,1,2.0,2.0,2.0,1.0,0.0,0.0
0.206099,43,133,622,0,E1A1099B1529C1895X,TE1A4B2C1D000X,1,1,1,1,2.0,2.0,2.0,1.0,0.0,0.0
0.218786,45,133,621,0,E1A1090B1536C1895X,TE1A4B2C1D000X,1,1,1,1,2.0,2.0,2.0,1.0,0.0,0.0
0.231985,46,133,624,0,E1A1082B1542C1895X,TE1A4B2C1D000X,1,1,1,1,2.0,2.0,2.0,1.0,0.0,0.0
0.244174,48,132,622,0,E1A1075B1549C1895X,TE1A4B2C1D000X,1,1,1,1,2.0,2.0,2.0,1.0,0.0,0.0
0.256377,49,132,624,0,E1A1068B1556C1895X,TE1A4B2C1D000X,1,1,1,1,2.0,2.0,2.0,1.0,0.0,0.0
0.268975,50,132,626,0,E1A1065B1560C1895X,TE1A4B2C1D000X,1,1,1,1,2.0,2.0,2.0,1.0,0.0,0.0
0.281276,50,131,625,0,E1A1065B1563C1895X,TE1A4B2C1D000X,1,1,1,1,2.0,2.0,2.0,1.0,0.0,0.0
0.293372,51,131,623,0,E1A1064B1566C1895X,TE1A4B2C1D000X,1,1,1,1,2.0,2.0,2.0,1.0,0.0,0.0
0.306224,51,130,624,0,E1A1063B1568C1895X,TE1A4B2C1D000X,1,1,1,1,2.0,2.0,2.0,1.0,0.0,0.0
0.318292,51,130,625,0,E1A1062B1571C1895X,TE1A4B2C1D000X,1,1,1,1,2.0,2.0,2.0,1.0,0.0,0.0
0.331022,52,130,626,0,E1A1062B1574C1895X,TE1A4B2C1D000X,1,1,1,1,2.0,2.0,2.0,1.0,0.0,0.0
0.343019,52,130,627,0,E1A1061B1577C1895X,TE1A4B2C1D000X,1,1,1,1,2.0,2.0,2.0,1.0,0.0,0.0
0.355362,53,129,628,0,E1A1061B1580C1895X,TE1A4B2C1D000X,1,1,1,1,2.0,2.0,2.0,1.0,0.0,0.0
0.367624,53,128,627,0,E1A1061B1583C1895X,TE1A4B2C1D000X,1,1,1,1,2.0,2.0,2.0,1.0,0.0,0.0
0.379724,53,128,628,0,E1A1062B1585C1895X,TE1A4B2C1D000X,1,1,1,1,2.0,2.0,2.0,1.0,0.0,0.0
0.391919,53,128,629,0,E1A1062B1588C1895X,TE1A4B2C1D000X,1,1,1,1,2.0,2.0,2.0,1.0,0.0,0.0
0.404469,54,127,629,0,E1A1061B1591C1895X,TE1A4B2C1D000X,1,1,1,1,2.0,2.0,2.0,1.0,0.0,0.0
0.416681,54,127,629,0,E1A1062B1594C1895X,TE1A4B2C1D000X,1,1,1,1,2.0,2.0,2.0,1.0,0.0,0.0
0.428861,54,126,627,0,E1A1063B1597C1895X,TE1A4B2C1D000X,1,1,1,1,2.0,2.0,2.0,1.0,0.0,0.0
0.441506,54,126,630,0,E1A1064B1600C1895X,TE1A4B2C1D000X,1,1,1,1,2.0,2.0,2.0,1.0,0.0,0.0
0.455822,54,125,630,0,E1A1066B1603C1895X,TE1A4B2C1D000X,1,1,1,1,2.0,2.0,2.0,1.0,0.0,0.0
0.470827,54,124,631,0,E1A1069B1606C1895X,TE1A4B2C1D000X,1,1,1,1,2.0,2.0,2.0,1.0,0.0,0.0
0.484223,54,123,629,0,E1A1071B1609C1895X,TE1A4B2C1D000X,1,1,1,1,2.0,2.0,2.0,1.0,0.0,0.0
0.49755,54,123,629,0,E1A1074B1612C1895X,TE1A4B2C1D000X,1,1,1,1,2.0,2.0,2.0,1.0,0.0,0.0
0.511124,54,122,628,0,E1A1078B1614C1895X,TE1A4B2C1D000X,1,1,1,1,2.0,2.0,2.0,1.0,0.0,0.0
0.523402,54,121,630,0,E1A1084B1617C1895X,TE1A4B2C1D000X,1,1,1,1,2.0,2.0,2.0,1.0,0.0,0.0
0.535789,53,120,630,0,E1A1090B1619C1895X,TE1A4B2C1D000X,1,1,1,1,2.0,2.0,2.0,1.0,0.0,0.0
0.54772,53,119,630,0,E1A1099B1622C1895X,TE1A4B2C1D000X,1,1,1,1,2.0,2.0,2.0,1.0,0.0,0.0
0.560204,52,118,632,0,E1A1109B1624C1895X,TE1A4B2C1D000X,1,1,1,1,2.0,2.0,2.0,1.0,0.0,0.0
0.572521,51,116,630,0,E1A1118B1627C1895X,TE1A4B2C1D000X,1,1,1,1,2.0,2.0,2.0,1.0,0.0,0.0
0.584865,50,115,629,0,E1A1129B1630C1895X,TE1A4B2C1D000X,1,1,1,1,2.0,2.0,2.0,1.0,0.0,0.0
0.597281,49,113,630,0,E1A1140B1632C1895X,TE1A4B2C1D000X,1,1,1,1,2.0,2.0,2.0,1.0,0.0,0.0
0.608905,48,112,632,0,E1A1153B1636C1895X,TE1A4B2C1D000X,1,1,1,1,2.0,2.0,2.0,1.0,0.0,0.0
0.621552,47,110,635,0,E1A1167B1639C1895X,TE1A4B2C1D000X,1,1,1,1,2.0,2.0,2.0,1.0,0.0,0.0
0.635641,46,109,636,0,E1A1181B1643C1895X,TE1A4B2C1D000X,1,1,1,1,2.0,2.0,2.0,1.0,0.0,0.0
0.648196,45,107,638,0,E1A1195B1647C1895X,TE1A4B2C1D000X,1,1,1,1,2.0,2.0,2.0,1.0,0.0,0.0
0.66017,44,105,637,0,E1A1209B1651C1895X,TE1A4B2C1D000X,1,1,1,1,2.0,2.0,2.0,1.0,0.0,0.0
0.672295,43,103,639,0,E1A1224B1655C1895X,TE1A4B2C1D000X,1,1,1,1,2.0,2.0,2.0,1.0,0.0,0.0
0.684616,42,101,639,0,E1A1238B1659C1895X,TE1A4B2C1D000X,1,1,1,1,2.0,2.0,2.0,1.0,0.0,0.0
0.696505,41,99,638,0,E1A1252B1664C1895X,TE1A4B2C1D000X,1,1,1,1,2.0,2.0,2.0,1.0,0.0,0.0
0.708672,40,97,637,0,E1A1267B1668C1895X,TE1A4B2C1D000X,1,1,1,1,2.0,2.0,2.0,1.0,0.0,0.0
0.721334,39,95,639,0,E1A1281B1672C1895X,TE1A3B2C1D000X,1,1,1,1,2.0,2.0,2.0,1.0,0.0,0.0
0.733243,38,93,638,0,E1A1295B1677C1895X,TE1A3B2C1D000X,1,1,1,1,2.0,2.0,2.0,1.0,0.0,0.0
0.745365,37,92,640,0,E1A1309B1681C1895X,TE1A3B2C1D000X,1,1,1,1,2.0,2.0,2.0,1.0,0.0,0.0
0.758117,36,90,641,0,E1A1323B1685C1895X,TE1A3B2C1D000X,1,1,1,1,2.0,2.0,2.0,1.0,0.0,0.0
0.770338,35,89,645,0,E1A1336B1689C1895X,TE1A3B2C1D000X,1,1,1,1,2.0,2.0,2.0,1.0,0.0,0.0
0.782665,34,87,645,0,E1A1350B1693C1895X,TE1A3B2C1D000X,1,1,1,1,2.0,2.0,2.0,1.0,0.0,0.0
0.794389,33,85,643,0,E1A1363B1697C1895X,TE1A3B2C1D000X,1,1,1,1,2.0,2.0,2.0,1.0,0.0,0.0
0.806425,32,83,644,0,E1A1376B1700C1895X,TE1A3B2C1D000X,1,1,1,1,2.0,2.0,2.0,1.0,0.0,0.0
0.82117,31,82,646,0,E1A1388B1704C1895X,TE1A3B2C1D000X,1,1,1,1,2.0,2.0,2.0,1.0,0.0,0.0
0.833169,30,80,644,0,E1A1401B1708C1895X,TE1A3B2C1D000X,1,1,1,1,2.0,2.0,2.0,1.0,0.0,0.0
0.84565,29,78,644,0,E1A1413B1711C1895X,TE1A3B1C1D000X,1,1,1,1,2.0,2.0,2.0,1.0,0.0,0.0
0.857809,28,77,645,0,E1A1425B1715C1895X,TE1A3B1C1D000X,1,1,1,1,2.0,2.0,2.0,1.0,0.0,0.0
0.872641,27,75,643,0,E1A1437B1718C1895X,TE1A3B1C1D000X,1,1,1,1,2.0,2.0,2.0,1.0,0.0,0.0
0.885024,26,73,642,0,E1A1447B1722C1895X,TE1A3B1C1D000X,1,1,1,1,2.0,2.0,2.0,1.0,0.0,0.0
0.896947,25,71,641,0,E1A1458B1725C1895X,TE1A3B1C1D000X,1,1,1,1,2.0,2.0,2.0,1.0,0.0,0.0
0.908921,24,70,642,0,E1A1468B1728C1895X,TE1A3B1C1D000X,1,1,1,1,2.0,2.0,2.0,1.0,0.0,0.0
0.921548,23,68,646,0,E1A1478B1730C1895X,TE1A3B1C1D000X,1,1,1,1,2.0,2.0,2.0,1.0,0.0,0.0
0.933354,22,67,646,0,E1A1489B1733C1895X,TE1A3B1C1D000X,1,1,1,1,2.0,2.0,2.0,1.0,0.0,0.0
0.945309,21,65,646,0,E1A1499B1735C1895X,TE1A2B1C1D000X,1,1,1,1,2.0,2.0,2.0,1.0,0.0,0.0
0.957921,20,64,650,0,E1A1510B1737C1895X,TE1A2B1C1D000X,1,1,1,1,2.0,2.0,2.0,1.0,0.0,0.0
0.970293,19,62,649,0,E1A1520B1739C1895X,TE1A2B1C1D000X,1,1,1,1,2.0,2.0,2.0,1.0,0.0,0.0
0.982912,18,61,647,0,E1A1530B1741C1895X,TE1A2B1C1D000X,1,1,1,1,2.0,2.0,2.0,1.0,0.0,0.0
0.995152,17,59,647,0,E1A1539B1743C1895X,TE1A2B1C1D000X,1,1,1,1,2.0,2.0,2.0,1.0,0.0,0.0
1.00691,16,58,647,0,E1A1550B1745C1895X,TE1A2B1C1D000X,1,1,1,1,2.0,2.0,2.0,1.0,0.0,0.0
1.01933,15,56,647,0,E1A1561B1748C1895X,TE1A2B1C1D000X,1,1,1,1,2.0,2.0,2.0,1.0,0.0,0.0
1.03107,14,54,648,0,E1A1572B1750C1895X,TE1A2B1C1D000X,1,1,1,1,2.0,2.0,2.0,1.0,0.0,0.0
1.04402,13,53,650,0,E1A1583B1752C1895X,TE1A2B1C1D000X,1,1,1,1,2.0,2.0,2.0,1.0,0.0,0.0
1.05623,12,52,650,0,E1A1593B1754C1895X,TE1A2B1C1D000X,1,1,1,1,2.0,2.0,2.0,1.0,0.0,0.0
1.06792,11,50,650,0,E1A1604B1756C1895X,TE1A2B1C1D000X,1,1,1,1,2.0,2.0,2.0,1.0,0.0,0.0
1.08,10,49,653,0,E1A1615B1758C1895X,TE1A2B1C1D000X,1,1,1,1,2.0,2.0,2.0,1.0,0.0,0.0
1.09231,9,47,651,0,E1A1625B1760C1895X,TE1A2B1C1D000X,1,1,1,1,2.0,2.0,2.0,1.0,0.0,0.0
1.1045,7,46,653,0,E1A1638B1762C1895X,TE1A2B1C1D000X,1,1,1,1,2.0,2.0,2.0,1.0,0.0,0.0
1.11669,6,44,653,0,E1A1650B1763C1895X,TE1A2B1C1D000X,1,1,1,1,2.0,2.0,2.0,1.0,0.0,0.0
1.1406,5,43,652,0,E1A1662B1764C1895X,TE1A2B1C1D000X,1,1,1,1,2.0,2.0,2.0,1.0,0.0,0.0
1.15332,4,41,654,0,E1A1673B1765C1895X,TE1A2B1C1D000X,1,1,1,1,2.0,2.0,2.0,1.0,0.0,0.0
1.18423,4,41,654,0,E1A1673B1765C1895X,TE1A2B1C1D000X,1,1,1,1,2.0,2.0,2.0,1.0,0.0,0.0
1.19665,2,40,656,0,E1A1688B1765C1895X,TE1A2B1C1D000X,1,1,1,1,2.0,2.0,2.0,1.0,0.0,0.0
1.20869,1,38,655,0,E1A1701B1765C1895X,TE1A2B1C1D000X,1,1,1,1,2.0,2.0,2.0,1.0,0.0,0.0
1.22097,0,37,652,0,E1A1713B1765C1895X,TE1A2B1C1D000X,1,1,1,1,2.0,2.0,2.0,1.0,0.0,0.0
1.23349,-1,35,650,0,E1A1724B1765C1895X,TE1A1B1C1D000X,1,1,1,1,2.0,2.0,2.0,1.0,0.0,0.0
1.24561,-2,34,650,0,E1A1734B1764C1895X,TE1A1B1C1D000X,1,1,1,1,2.0,2.0,2.0,1.0,0.0,0.0
1.25772,-3,33,650,0,E1A1744B1764C1895X,TE1A1B1C1D000X,1,1,1,1,2.0,2.0,2.0,1.0,0.0,0.0
1.27046,-4,31,646,0,E1A1753B1763C1895X,TE1A1B1C1D000X,1,1,1,1,2.0,2.0,2.0,1.0,0.0,0.0
1.28297,-5,30,646,0,E1A1762B1762C1895X,TE1A1B1C1D000X,1,1,1,1,2.0,2.0,2.0,1.0,0.0,0.0
1.29528,-6,29,647,0,E1A1769B1761C1895X,TE1A1B1C1D000X,1,1,1,1,2.0,2.0,2.0,1.0,0.0,0.0
1.30792,-6,28,647,0,E1A1776B1761C1895X,TE1A1B1C1D000X,1,1,1,1,2.0,2.0,2.0,1.0,0.0,0.0
1.32101,-7,28,647,0,E1A1783B1759C1895X,TE1A1B1C1D000X,1,1,1,1,2.0,2.0,2.0,1.0,0.0,0.0
1.33361,-8,27,644,0,E1A1789B1758C1895X,TE1A1B1C1D000X,1,1,1,1,2.0,2.0,2.0,1.0,0.0,0.0
1.34591,-9,26,645,0,E1A1795B1757C1895X,TE1A1B1C1D000X,1,1,1,1,2.0,2.0,2.0,1.0,0.0,0.0
1.35824,-9,25,645,0,E1A1800B1757C1895X,TE1A1B1C1D000X,1,1,1,1,2.0,2.0,2.0,1.0,0.0,0.0
1.37698,-10,24,645,0,E1A1807B1755C1895X,TE1A1B1C1D000X,1,1,1,1,2.0,2.0,2.0,1.0,0.0,0.0
1.38947,-10,23,648,0,E1A1813B1754C1895X,TE1A1B1C1D000X,1,1,1,1,2.0,2.0,2.0,1.0,0.0,0.0
1.40203,-11,23,648,0,E1A1818B1753C1895X,TE1A1B1C1D000X,1,1,1,1,2.0,2.0,2.0,1.0,0.0,0.0
1.41439,-12,22,650,0,E1A1824B1752C1895X,TE1A1B1C1D000X,1,1,1,1,2.0,2.0,2.0,1.0,0.0,0.0
1.42781,-12,21,651,0,E1A1829B1751C1895X,TE1A1B1C1D000X,1,1,1,1,2.0,2.0,2.0,1.0,0.0,0.0
1.44027,-13,21,653,0,E1A1834B1749C1895X,TE1A1B1C1D000X,1,1,1,1,2.0,2.0,2.0,1.0,0.0,0.0
1.45197,-13,20,655,0,E1A1839B1748C1895X,TE1A1B1C1D000X,1,1,1,1,2.0,2.0,2.0,1.0,0.0,0.0
1.46435,-14,19,657,0,E1A1844B1746C1895X,TE1A1B1C1D000X,1,1,1,1,2.0,2.0,2.0,1.0,0.0,0.0
1.47638,-14,18,656,0,E1A1848B1745C1895X,TE1A1B1C1D000X,1,1,1,1,2.0,2.0,2.0,1.0,0.0,0.0
1.48862,-15,18,657,0,E1A1853B1744C1895X,TE1A1B1C1D000X,1,1,1,1,2.0,2.0,2.0,1.0,0.0,0.0
1.51277,-15,17,659,0,E1A1858B1743C1895X,TE1A1B1C1D000X,1,1,1,1,2.0,2.0,2.0,1.0,0.0,0.0
1.53284,-16,16,660,0,E1A1864B1742C1895X,TE1A1B1C1D000X,1,1,1,1,2.0,2.0,2.0,1.0,0.0,0.0
1.54556,-16,15,661,0,E1A1870B1740C1895X,TE1A1B1C1D000X,1,1,1,1,2.0,2.0,2.0,1.0,0.0,0.0
1.55821,-17,14,662,0,E1A1875B1738C1895X,TE1A1B1C1D000X,1,1,1,1,2.0,2.0,2.0,1.0,0.0,0.0
1.57096,-17,13,663,0,E1A1881B1736C1895X,TE1A1B1C1D000X,1,1,1,1,2.0,2.0,2.0,1.0,0.0,0.0
1.58362,-17,12,664,0,E1A1886B1734C1895X,TE1A1B1C1D000X,1,1,1,1,2.0,2.0,2.0,1.0,0.0,0.0
1.59602,-18,11,662,0,E1A1891B1731C1895X,TE1A1B1C1D000X,1,1,1,1,2.0,2.0,2.0,1.0,0.0,0.0
1.60826,-18,10,663,0,E1A1896B1729C1895X,TE1A1B1C1D000X,1,1,1,1,2.0,2.0,2.0,1.0,0.0,0.0
1.62097,-19,9,661,0,E1A1901B1726C1895X,TE1A1B1C1D000X,1,1,1,1,2.0,2.0,2.0,1.0,0.0,0.0
1.63696,-19,8,659,0,E1A1906B1722C1895X,TE1A1B1C1D000X,1,1,1,1,2.0,2.0,2.0,1.0,0.0,0.0
1.64956,-19,7,656,0,E1A1912B1718C1895X,TE1A1B1C1D000X,1,1,1,1,2.0,2.0,2.0,1.0,0.0,0.0
1.66218,-20,6,652,0,E1A1917B1714C1895X,TE1A1B1C1D000X,1,1,1,1,2.0,2.0,2.0,1.0,0.0,0.0
1.67447,-20,5,649,0,E1A1922B1710C1895X,TE1A1B1C1D000X,1,1,1,1,2.0,2.0,2.0,1.0,0.0,0.0
1.68718,-20,4,645,0,E1A1922B1707C1925X,TE1A1B1C1D000X,1,1,1,1,2.0,2.0,2.0,1.0,0.0,0.0
1.7052,-21,3,643,0,E1A1922B1711C1920X,TE1A1B1C1D000X,1,1,1,1,2.0,2.0,2.0,1.0,0.0,0.0
1.71776,-21,2,640,0,E1A1922B1716C1915X,TE1A1B1C1D000X,1,1,1,1,2.0,2.0,2.0,1.0,0.0,0.0
1.73042,-21,1,638,0,E1A1922B1719C1910X,TE1A1B1C1D000X,1,1,1,1,2.0,2.0,2.0,1.0,0.0,0.0
1.74244,-22,0,636,0,E1A1922B1723C1904X,TE1A1B1C1D000X,1,1,1,1,2.0,2.0,2.0,1.0,0.0,0.0
1.75518,-22,0,634,0,E1A1922B1725C1899X,TE1A1B1C1D000X,1,1,1,1,2.0,2.0,2.0,1.0,0.0,0.0
1.7677,-22,-1,630,0,E1A1922B1728C1895X,TE1A1B1C1D000X,1,1,1,1,2.0,2.0,2.0,1.0,0.0,0.0
1.78031,-23,-2,629,0,E1A1922B1731C1890X,TE1A1B1C1D000X,1,1,1,1,2.0,2.0,2.0,1.0,0.0,0.0
1.79263,-23,-3,628,0,E1A1922B1733C1885X,TE1A1B1C1D000X,1,1,1,1,2.0,2.0,2.0,1.0,0.0,0.0
1.80531,-23,-4,627,0,E1A1922B1735C1881X,TE1A1B1C1D000X,1,1,1,1,2.0,2.0,2.0,1.0,0.0,0.0
1.86056,-24,-4,626,0,E1A1922B1736C1876X,TE1A1B1C1D000X,1,1,1,1,2.0,2.0,2.0,1.0,0.0,0.0
1.87329,-24,-5,626,0,E1A1922B1736C1872X,TE1A1B1C1D000X,1,1,1,1,2.0,2.0,2.0,1.0,0.0,0.0
1.88618,-24,-6,626,0,E1A1922B1736C1868X,TE1A1B1C1D000X,1,1,1,1,2.0,2.0,2.0,1.0,0.0,0.0
1.89861,-24,-6,625,0,E1A1922B1736C1865X,TE1A1B1C1D000X,1,1,1,1,2.0,2.0,2.0,1.0,0.0,0.0
1.91103,-24,-7,627,0,E1A1922B1736C1862X,TE1A1B1C1D000X,1,1,1,1,2.0,2.0,2.0,1.0,0.0,0.0
1.9235,-25,-7,629,0,E1A1922B1735C1860X,TE1A1B1C1D000X,1,1,1,1,2.0,2.0,2.0,1.0,0.0,0.0
1.93597,-25,-7,628,0,E1A1922B1734C1858X,TE1A1B1C1D000X,1,1,1,1,2.0,2.0,2.0,1.0,0.0,0.0
1.94824,-25,-7,628,0,E1A1922B1732C1857X,TE1A1B1C1D000X,1,1,1,1,2.0,2.0,2.0,1.0,0.0,0.0
1.9609,-25,-7,625,0,E1A1922B1730C1856X,TE1A1B1C1D000X,1,1,1,1,2.0,2.0,2.0,1.0,0.0,0.0
1.97343,-25,-7,627,0,E1A1922B1729C1855X,TE1A1B1C1D000X,1,1,1,1,2.0,2.0,2.0,1.0,0.0,0.0
1.98746,-25,-7,629,0,E1A1922B1728C1855X,TE1A1B1C1D000X,1,1,1,1,2.0,2.0,2.0,1.0,0.0,0.0
2.00028,-25,-7,629,0,E1A1922B1726C1855X,TE1A1B1C1D000X,1,1,1,1,2.0,2.0,2.0,1.0,0.0,0.0
2.01242,-25,-7,628,0,E1A1922B1724C1855X,TE1A1B1C1D000X,1,1,1,1,2.0,2.0,2.0,1.0,0.0,0.0
2.0251,-25,-7,628,0,E1A1922B1724C1855X,TE1A1B1C1D000X,1,1,1,1,2.0,2.0,2.0,1.0,0.0,0.0
2.03753,-25,-7,628,0,E1A1922B1724C1855X,TE1A1B1C1D000X,1,1,1,1,2.0,2.0,2.0,1.0,0.0,0.0
2.05024,-25,-7,630,0,E1A1922B1723C1855X,TE1A1B1C1D000X,1,1,1,1,2.0,2.0,2.0,1.0,0.0,0.0
2.06273,-25,-6,632,0,E1A1922B1721C1855X,TE1A1B1C1D000X,1,1,1,1,2.0,2.0,2.0,1.0,0.0,0.0
2.07446,-25,-6,632,0,E1A1922B1721C1855X,TE1A1B1C1D000X,1,1,1,1,2.0,2.0,2.0,1.0,0.0,0.0
2.08698,-25,-6,632,0,E1A1922B1721C1855X,TE1A1B1C1D000X,1,1,1,1,2.0,2.0,2.0,1.0,0.0,0.0
2.09976,-24,-6,631,0,E1A1922B1719C1856X,TE1A1B1C1D000X,1,1,1,1,2.0,2.0,2.0,1.0,0.0,0.0
2.11451,-24,-6,631,0,E1A1922B1717C1857X,TE1A1B1C1D000X,1,1,1,1,2.0,2.0,2.0,1.0,0.0,0.0
2.12987,-24,-6,630,0,E1A1922B1715C1857X,TE1A1B1C1D000X,1,1,1,1,2.0,2.0,2.0,1.0,0.0,0.0
2.14478,-24,-5,630,0,E1A1922B1713C1858X,TE1A1B1C1D000X,1,1,1,1,2.0,2.0,2.0,1.0,0.0,0.0
2.15945,-24,-5,630,0,E1A1922B1712C1860X,TE1A1B1C1D000X,1,1,1,1,2.0,2.0,2.0,1.0,0.0,0.0
2.17175,-23,-5,630,0,E1A1922B1710C1861X,TE1A1B1C1D000X,1,1,1,1,2.0,2.0,2.0,1.0,0.0,0.0
2.18442,-23,-4,630,0,E1A1922B1708C1861X,TE1A1B1C1D000X,1,1,1,1,2.0,2.0,2.0,1.0,0.0,0.0
2.19704,-23,-4,632,0,E1A1922B1706C1862X,TE1A1B1C1D000X,1,1,1,1,2.0,2.0,2.0,1.0,0.0,0.0
2.20915,-23,-4,631,0,E1A1922B1703C1864X,TE1A1B1C1D000X,1,1,1,1,2.0,2.0,2.0,1.0,0.0,0.0
2.22511,-23,-3,633,0,E1A1922B1701C1865X,TE1A1B2C1D000X,1,1,1,1,2.0,2.0,2.0,1.0,0.0,0.0
2.23783,-23,-3,633,0,E1A1922B1698C1867X,TE1A1B2C1D000X,1,1,1,1,2.0,2.0,2.0,1.0,0.0,0.0
2.25039,-23,-2,633,0,E1A1922B1696C1868X,TE1A1B2C1D000X,1,1,1,1,2.0,2.0,2.0,1.0,0.0,0.0
2.26284,-22,-2,632,0,E1A1922B1693C1869X,TE1A1B2C1D000X,1,1,1,1,2.0,2.0,2.0,1.0,0.0,0.0
2.27521,-22,-2,632,0,E1A1922B1691C1871X,TE1A1B2C1D000X,1,1,1,1,2.0,2.0,2.0,1.0,0.0,0.0
2.28802,-22,-1,632,0,E1A1922B1688C1872X,TE1A1B2C1D000X,1,1,1,1,2.0,2.0,2.0,1.0,0.0,0.0
2.30064,-22,-1,631,0,E1A1922B1686C1873X,TE1A1B2C1D000X,1,1,1,1,2.0,2.0,2.0,1.0,0.0,0.0
2.3132,-22,-1,631,0,E1A1922B1684C1874X,TE1A1B2C1D000X,1,1,1,1,2.0,2.0,2.0,1.0,0.0,0.0
2.32557,-21,0,631,0,E1A1922B1682C1875X,TE1A1B2C1D000X,1,1,1,1,2.0,2.0,2.0,1.0,0.0,0.0
2.33826,-21,0,631,0,E1A1922B1680C1876X,TE1A1B2C1D000X,1,1,1,1,2.0,2.0,2.0,1.0,0.0,0.0
2.35181,-21,0,631,0,E1A1922B1678C1877X,TE1A1B2C1D000X,1,1,1,1,2.0,2.0,2.0,1.0,0.0,0.0
2.36705,-21,0,631,0,E1A1922B1676C1878X,TE1A1B2C1D000X,1,1,1,1,2.0,2.0,2.0,1.0,0.0,0.0
2.38212,-21,0,630,0,E1A1922B1674C1880X,TE1A1B2C1D000X,1,1,1,1,2.0,2.0,2.0,1.0,0.0,0.0
2.39522,-20,0,630,0,E1A1922B1672C1881X,TE1A1B2C1D000X,1,1,1,1,2.0,2.0,2.0,1.0,0.0,0.0
2.40746,-20,1,630,0,E1A1922B1670C1881X,TE1A1B2C1D000X,1,1,1,1,2.0,2.0,2.0,1.0,0.0,0.0
2.42021,-20,1,630,0,E1A1922B1668C1882X,TE1A1B2C1D000X,1,1,1,1,2.0,2.0,2.0,1.0,0.0,0.0
2.43343,-20,1,630,0,E1A1922B1667C1882X,TE1A1B2C1D000X,1,1,1,1,2.0,2.0,2.0,1.0,0.0,0.0
2.44638,-20,1,631,0,E1A1922B1665C1883X,TE1A1B2C1D000X,1,1,1,1,2.0,2.0,2.0,1.0,0.0,0.0
2.45859,-20,1,631,0,E1A1922B1664C1883X,TE1A1B2C1D000X,1,1,1,1,2.0,2.0,2.0,1.0,0.0,0.0
2.47132,-20,1,631,0,E1A1922B1662C1883X,TE1A1B2C1D000X,1,1,1,1,2.0,2.0,2.0,1.0,0.0,0.0
2.48464,-19,1,631,0,E1A1922B1661C1883X,TE1A1B2C1D000X,1,1,1,1,2.0,2.0,2.0,1.0,0.0,0.0
2.4981,-19,1,631,0,E1A1922B1660C1883X,TE1A1B2C1D000X,1,1,1,1,2.0,2.0,2.0,1.0,0.0,0.0
2.51174,-19,1,631,0,E1A1922B1658C1883X,TE1A1B2C1D000X,1,1,1,1,2.0,2.0,2.0,1.0,0.0,0.0
2.52394,-19,2,632,0,E1A1922B1657C1883X,TE1A1B2C1D000X,1,1,1,1,2.0,2.0,2.0,1.0,0.0,0.0
2.53737,-19,2,632,0,E1A1922B1655C1883X,TE1A1B2C1D000X,1,1,1,1,2.0,2.0,2.0,1.0,0.0,0.0
2.55002,-19,2,632,0,E1A1922B1653C1883X,TE1A1B2C1D000X,1,1,1,1,2.0,2.0,2.0,1.0,0.0,0.0
2.56243,-19,2,629,0,E1A1922B1651C1882X,TE1A1B2C1D000X,1,1,1,1,2.0,2.0,2.0,1.0,0.0,0.0
2.57506,-19,2,629,0,E1A1922B1649C1882X,TE1A1B2C1D000X,1,1,1,1,2.0,2.0,2.0,1.0,0.0,0.0
2.58785,-19,2,629,0,E1A1922B1647C1882X,TE1A1B2C1D000X,1,1,1,1,2.0,2.0,2.0,1.0,0.0,0.0
2.60048,-19,2,629,0,E1A1922B1646C1881X,TE1A1B2C1D000X,1,1,1,1,2.0,2.0,2.0,1.0,0.0,0.0
2.61334,-19,2,629,0,E1A1922B1644C1881X,TE1A1B2C1D000X,1,1,1,1,2.0,2.0,2.0,1.0,0.0,0.0
2.62568,-19,2,629,0,E1A1922B1643C1880X,TE1A1B2C1D000X,1,1,1,1,2.0,2.0,2.0,1.0,0.0,0.0
2.63867,-19,2,631,0,E1A1922B1643C1880X,TE1A1B2C1D000X,1,1,1,1,2.0,2.0,2.0,1.0,0.0,0.0
2.65329,-19,2,633,0,E1A1922B1642C1879X,TE1A1B2C1D000X,1,1,1,1,2.0,2.0,2.0,1.0,0.0,0.0
2.6662,-19,2,632,0,E1A1922B1641C1879X,TE1A1B2C1D000X,1,1,1,1,2.0,2.0,2.0,1.0,0.0,0.0
2.67841,-19,2,632,0,E1A1922B1640C1879X,TE1A1B2C1D000X,1,1,1,1,2.0,2.0,2.0,1.0,0.0,0.0
2.69164,-19,2,632,0,E1A1922B1639C1879X,TE1A1B2C1D000X,1,1,1,1,2.0,2.0,2.0,1.0,0.0,0.0
2.70438,-19,2,631,0,E1A1922B1637C1878X,TE1A1B2C1D000X,1,1,1,1,2.0,2.0,2.0,1.0,0.0,0.0
2.71688,-19,2,631,0,E1A1922B1635C1878X,TE1A1B2C1D000X,1,1,1,1,2.0,2.0,2.0,1.0,0.0,0.0
2.72938,-19,2,631,0,E1A1922B1634C1878X,TE1A1B2C1D000X,1,1,1,1,2.0,2.0,2.0,1.0,0.0,0.0
2.74157,-19,2,631,0,E1A1922B1631C1877X,TE1A1B2C1D000X,1,1,1,1,2.0,2.0,2.0,1.0,0.0,0.0
2.75428,-19,2,633,0,E1A1922B1629C1877X,TE1A1B2C1D000X,1,1,1,1,2.0,2.0,2.0,1.0,0.0,0.0
2.76681,-19,2,634,0,E1A1922B1627C1877X,TE1A1B2C1D000X,1,1,1,1,2.0,2.0,2.0,1.0,0.0,0.0
2.77941,-20,2,636,0,E1A1922B1626C1877X,TE1A1B2C1D000X,1,1,1,1,2.0,2.0,2.0,1.0,0.0,0.0
2.79154,-20,3,635,0,E1A1922B1623C1877X,TE1A1B2C1D000X,1,1,1,1,2.0,2.0,2.0,1.0,0.0,0.0
2.80415,-20,3,635,0,E1A1922B1623C1877X,TE1A1B2C1D000X,1,1,1,1,2.0,2.0,2.0,1.0,0.0,0.0
2.8167,-20,3,635,0,E1A1922B1619C1877X,TE1A1B2C1D000X,1,1,1,1,2.0,2.0,2.0,1.0,0.0,0.0
2.8289,-20,3,634,0,E1A1922B1617C1877X,TE1A1B2C1D000X,1,1,1,1,2.0,2.0,2.0,1.0,0.0,0.0
2.84146,-20,3,633,0,E1A1922B1614C1877X,TE1A1B2C1D000X,1,1,1,1,2.0,2.0,2.0,1.0,0.0,0.0
2.8542,-20,3,633,0,E1A1922B1611C1877X,TE1A1B2C1D000X,1,1,1,1,2.0,2.0,2.0,1.0,0.0,0.0
2.8667,-20,3,632,0,E1A1922B1607C1877X,TE1A1B2C1D000X,1,1,1,1,2.0,2.0,2.0,1.0,0.0,0.0
2.8802,-20,4,632,0,E1A1922B1604C1877X,TE1A1B2C1D000X,1,1,1,1,2.0,2.0,2.0,1.0,0.0,0.0
2.89249,-20,4,632,0,E1A1922B1601C1877X,TE1A1B2C1D000X,1,1,1,1,2.0,2.0,2.0,1.0,0.0,0.0
2.90524,-20,4,632,0,E1A1922B1598C1876X,TE1A1B2C1D000X,1,1,1,1,2.0,2.0,2.0,1.0,0.0,0.0
2.91779,-20,4,631,0,E1A1922B1595C1876X,TE1A1B2C1D000X,1,1,1,1,2.0,2.0,2.0,1.0,0.0,0.0
2.93034,-20,4,630,0,E1A1922B1592C1875X,TE1A1B2C1D000X,1,1,1,1,2.0,2.0,2.0,1.0,0.0,0.0
2.94259,-21,4,629,0,E1A1922B1588C1875X,TE1A1B2C1D000X,1,1,1,1,2.0,2.0,2.0,1.0,0.0,0.0
2.9553,-21,4,630,0,E1A1922B1585C1874X,TE1A1B2C1D000X,1,1,1,1,2.0,2.0,2.0,1.0,0.0,0.0
2.96773,-21,4,631,0,E1A1922B1583C1874X,TE1A1B2C1D000X,1,1,1,1,2.0,2.0,2.0,1.0,0.0,0.0
2.9805,-21,4,631,0,E1A1922B1580C1873X,TE1A1B2C1D000X,1,1,1,1,2.0,2.0,2.0,1.0,0.0,0.0
2.99395,-21,4,631,0,E1A1922B1580C1873X,TE1A1B2C1D000X,1,1,1,1,2.0,2.0,2.0,1.0,0.0,0.0
3.00641,-21,4,631,0,E1A1922B1578C1872X,TE1A1B2C1D000X,1,1,1,1,2.0,2.0,2.0,1.0,0.0,0.0
3.01915,-21,4,632,0,E1A1922B1576C1872X,TE1A1B2C1D000X,1,1,1,1,2.0,2.0,2.0,1.0,0.0,0.0
3.03702,-22,4,630,0,E1A1922B1572C1870X,TE1A1B2C1D000X,1,1,1,1,2.0,2.0,2.0,1.0,0.0,0.0
3.04955,-22,4,628,0,E1A1922B1569C1870X,TE1A1B2C1D000X,1,1,1,1,2.0,2.0,2.0,1.0,0.0,0.0
3.06213,-22,4,626,0,E1A1922B1567C1869X,TE1A1B2C1D000X,1,1,1,1,2.0,2.0,2.0,1.0,0.0,0.0
3.07458,-22,4,626,0,E1A1922B1565C1868X,TE1A1B2C1D000X,1,1,1,1,2.0,2.0,2.0,1.0,0.0,0.0
3.08719,-22,4,628,0,E1A1922B1564C1867X,TE1A1B2C1D000X,1,1,1,1,2.0,2.0,2.0,1.0,0.0,0.0
3.09987,-22,4,628,0,E1A1922B1562C1867X,TE1A1B2C1D000X,1,1,1,1,2.0,2.0,2.0,1.0,0.0,0.0
3.11704,-22,4,628,0,E1A1922B1562C1867X,TE1A1B2C1D000X,1,1,1,1,2.0,2.0,2.0,1.0,0.0,0.0
3.12978,-22,4,630,0,E1A1922B1559C1866X,TE1A1B2C1D000X,1,1,1,1,2.0,2.0,2.0,1.0,0.0,0.0
3.14226,-22,5,630,0,E1A1922B1556C1866X,TE1A1B2C1D000X,1,1,1,1,2.0,2.0,2.0,1.0,0.0,0.0
3.15501,-23,5,639,0,E1A1922B1556C1866X,TE1A1B2C1D000X,1,1,1,1,2.0,2.0,2.0,1.0,0.0,0.0
3.17304,-23,5,639,0,E1A1922B1556C1866X,TE1A1B2C1D000X,1,1,1,1,2.0,2.0,2.0,1.0,0.0,0.0
3.1853,-23,5,639,0,E1A1922B1556C1866X,TE1A1B2C1D000X,1,1,1,1,2.0,2.0,2.0,1.0,0.0,0.0
3.19764,-23,5,639,0,E1A1922B1556C1866X,TE1A1B2C1D000X,1,1,1,1,2.0,2.0,2.0,1.0,0.0,0.0
3.20977,-23,5,639,0,E1A1922B1556C1866X,TE1A1B2C1D000X,1,1,1,1,2.0,2.0,2.0,1.0,0.0,0.0
3.22256,-23,5,639,0,E1A1922B1556C1866X,TE1A1B2C1D000X,1,1,1,1,2.0,2.0,2.0,1.0,0.0,0.0
3.23518,-23,5,638,0,E1A1922B1553C1866X,TE1A1B2C1D000X,1,1,1,1,2.0,2.0,2.0,1.0,0.0,0.0
3.24748,-23,5,638,0,E1A1922B1553C1866X,TE1A1B2C1D000X,1,1,1,1,2.0,2.0,2.0,1.0,0.0,0.0
3.2609,-23,5,640,0,E1A1922B1551C1865X,TE1A1B2C1D000X,1,1,1,1,2.0,2.0,2.0,1.0,0.0,0.0
3.27355,-23,5,639,0,E1A1922B1548C1865X,TE1A1B2C1D000X,1,1,1,1,2.0,2.0,2.0,1.0,0.0,0.0
3.28611,-23,5,639,0,E1A1922B1548C1865X,TE1A1B2C1D000X,1,1,1,1,2.0,2.0,2.0,1.0,0.0,0.0
3.29847,-23,5,639,0,E1A1922B1548C1865X,TE1A1B2C1D000X,1,1,1,1,2.0,2.0,2.0,1.0,0.0,0.0
3.31185,-23,5,638,0,E1A1922B1546C1864X,TE1A1B2C1D000X,1,1,1,1,2.0,2.0,2.0,1.0,0.0,0.0
3.32425,-23,5,639,0,E1A1922B1545C1863X,TE1A1B2C1D000X,1,1,1,1,2.0,2.0,2.0,1.0,0.0,0.0
3.33701,-23,5,640,0,E1A1922B1544C1863X,TE1A1B2C1D000X,1,1,1,1,2.0,2.0,2.0,1.0,0.0,0.0
3.34973,-23,5,639,0,E1A1922B1542C1862X,TE1A1B2C1D000X,1,1,1,1,2.0,2.0,2.0,1.0,0.0,0.0
3.37688,-23,5,639,0,E1A1922B1540C1861X,TE1A1B2C1D000X,1,1,1,1,2.0,2.0,2.0,1.0,0.0,0.0
3.38967,-23,5,638,0,E1A1922B1538C1860X,TE1A1B2C1D000X,1,1,1,1,2.0,2.0,2.0,1.0,0.0,0.0
3.40234,-23,5,636,0,E1A1922B1536C1859X,TE1A1B2C1D000X,1,1,1,1,2.0,2.0,2.0,1.0,0.0,0.0
3.41481,-23,4,635,0,E1A1922B1533C1858X,TE1A1B2C1D000X,1,1,1,1,2.0,2.0,2.0,1.0,0.0,0.0
3.42746,-23,4,633,0,E1A1922B1531C1857X,TE1A1B2C1D000X,1,1,1,1,2.0,2.0,2.0,1.0,0.0,0.0
3.44015,-24,4,632,0,E1A1922B1528C1856X,TE1A1B2C1D000X,1,1,1,1,2.0,2.0,2.0,1.0,0.0,0.0
3.45265,-24,4,631,0,E1A1922B1526C1855X,TE1A1B2C1D000X,1,1,1,1,2.0,2.0,2.0,1.0,0.0,0.0
3.46536,-24,4,630,0,E1A1922B1525C1854X,TE1A1B2C1D000X,1,1,1,1,2.0,2.0,2.0,1.0,0.0,0.0
3.47913,-24,4,630,0,E1A1922B1523C1853X,TE1A1B2C1D000X,1,1,1,1,2.0,2.0,2.0,1.0,0.0,0.0
3.49079,-24,4,630,0,E1A1922B1523C1853X,TE1A1B2C1D000X,1,1,1,1,2.0,2.0,2.0,1.0,0.0,0.0
3.50321,-24,4,630,0,E1A1922B1523C1853X,TE1A1B2C1D000X,1,1,1,1,2.0,2.0,2.0,1.0,0.0,0.0
3.51541,-24,4,630,0,E1A1922B1522C1853X,TE1A1B2C1D000X,1,1,1,1,2.0,2.0,2.0,1.0,0.0,0.0
3.52796,-24,4,630,0,E1A1922B1520C1852X,TE1A1B2C1D000X,1,1,1,1,2.0,2.0,2.0,1.0,0.0,0.0
3.54056,-23,4,630,0,E1A1922B1519C1851X,TE1A1B2C1D000X,1,1,1,1,2.0,2.0,2.0,1.0,0.0,0.0
3.5532,-23,4,630,0,E1A1922B1518C1851X,TE1A1B2C1D000X,1,1,1,1,2.0,2.0,2.0,1.0,0.0,0.0
3.56581,-23,4,630,0,E1A1922B1516C1850X,TE1A1B2C1D000X,1,1,1,1,2.0,2.0,2.0,1.0,0.0,0.0
3.57842,-23,4,630,0,E1A1922B1515C1850X,TE1A1B2C1D000X,1,1,1,1,2.0,2.0,2.0,1.0,0.0,0.0
3.59049,-23,4,630,0,E1A1922B1514C1849X,TE1A1B2C1D000X,1,1,1,1,2.0,2.0,2.0,1.0,0.0,0.0
3.60336,-23,4,629,0,E1A1922B1512C1849X,TE1A1B2C1D000X,1,1,1,1,2.0,2.0,2.0,1.0,0.0,0.0
3.61613,-23,4,628,0,E1A1922B1510C1848X,TE1A1B2C1D000X,1,1,1,1,2.0,2.0,2.0,1.0,0.0,0.0
3.62836,-23,4,626,0,E1A1922B1508C1847X,TE1A1B2C1D000X,1,1,1,1,2.0,2.0,2.0,1.0,0.0,0.0
3.64503,-23,4,626,0,E1A1922B1506C1846X,TE1A1B2C1D000X,1,1,1,1,2.0,2.0,2.0,1.0,0.0,0.0
3.66924,-23,4,626,0,E1A1922B1506C1845X,TE1A1B2C1D000X,1,1,1,1,2.0,2.0,2.0,1.0,0.0,0.0
3.69308,-23,3,626,0,E1A1922B1507C1844X,TE1A1B2C1D000X,1,1,1,1,2.0,2.0,2.0,1.0,0.0,0.0
3.70567,-23,3,626,0,E1A1922B1507C1843X,TE1A1B2C1D000X,1,1,1,1,2.0,2.0,2.0,1.0,0.0,0.0
3.71821,-23,3,624,0,E1A1922B1507C1841X,TE1A1B2C1D000X,1,1,1,1,2.0,2.0,2.0,1.0,0.0,0.0
3.73081,-23,3,625,0,E1A1922B1508C1840X,TE1A1B2C1D000X,1,1,1,1,2.0,2.0,2.0,1.0,0.0,0.0
3.7435,-23,2,625,0,E1A1922B1509C1839X,TE1A1B2C1D000X,1,1,1,1,2.0,2.0,2.0,1.0,0.0,0.0
3.75621,-23,2,628,0,E1A1922B1510C1838X,TE1A1B2C1D000X,1,1,1,1,2.0,2.0,2.0,1.0,0.0,0.0
3.76891,-23,2,628,0,E1A1922B1511C1836X,TE1A1B2C1D000X,1,1,1,1,2.0,2.0,2.0,1.0,0.0,0.0
3.78151,-23,2,628,0,E1A1922B1511C1835X,TE1A1B2C1D000X,1,1,1,1,2.0,2.0,2.0,1.0,0.0,0.0
3.79417,-23,1,629,0,E1A1922B1510C1833X,TE1A1B2C1D000X,1,1,1,1,2.0,2.0,2.0,1.0,0.0,0.0
3.80657,-23,1,629,0,E1A1922B1509C1832X,TE1A1B2C1D000X,1,1,1,1,2.0,2.0,2.0,1.0,0.0,0.0
3.82516,-23,1,629,0,E1A1922B1508C1831X,TE1A1B2C1D000X,1,1,1,1,2.0,2.0,2.0,1.0,0.0,0.0
3.83784,-23,1,629,0,E1A1922B1506C1830X,TE1A1B2C1D000X,1,1,1,1,2.0,2.0,2.0,1.0,0.0,0.0
3.85048,-23,1,629,0,E1A1922B1505C1829X,TE1A1B2C1D000X,1,1,1,1,2.0,2.0,2.0,1.0,0.0,0.0
3.87319,-23,1,629,0,E1A1922B1506C1829X,TE1A1B2C1D000X,1,1,1,1,2.0,2.0,2.0,1.0,0.0,0.0
3.88597,-23,1,629,0,E1A1922B1506C1828X,TE1A1B2C1D000X,1,1,1,1,2.0,2.0,2.0,1.0,0.0,0.0
3.89874,-23,1,631,0,E1A1922B1507C1827X,TE1A1B2C1D000X,1,1,1,1,2.0,2.0,2.0,1.0,0.0,0.0
3.91182,-22,0,631,0,E1A1922B1508C1827X,TE1A1B2C1D000X,1,1,1,1,2.0,2.0,2.0,1.0,0.0,0.0
3.92413,-22,0,631,0,E1A1922B1508C1826X,TE1A1B2C1D000X,1,1,1,1,2.0,2.0,2.0,1.0,0.0,0.0
3.93689,-22,0,631,0,E1A1922B1509C1825X,TE1A1B2C1D000X,1,1,1,1,2.0,2.0,2.0,1.0,0.0,0.0
3.94953,-22,0,631,0,E1A1922B1510C1825X,TE1A1B2C1D000X,1,1,1,1,2.0,2.0,2.0,1.0,0.0,0.0
3.96163,-22,0,631,0,E1A1922B1512C1824X,TE1A1B2C1D000X,1,1,1,1,2.0,2.0,2.0,1.0,0.0,0.0
3.97422,-21,0,631,0,E1A1922B1513C1824X,TE1A1B2C1D000X,1,1,1,1,2.0,2.0,2.0,1.0,0.0,0.0
3.98693,-21,0,633,0,E1A1922B1516C1823X,TE1A1B2C1D000X,1,1,1,1,2.0,2.0,2.0,1.0,0.0,0.0
3.99953,-21,0,635,0,E1A1922B1520C1823X,TE1A1B2C1D000X,1,1,1,1,2.0,2.0,2.0,1.0,0.0,0.0
4.01209,-20,0,634,0,E1A1922B1522C1823X,TE1A1B2C1D000X,1,1,1,1,2.0,2.0,2.0,1.0,0.0,0.0
4.02427,-20,0,634,0,E1A1922B1522C1823X,TE1A1B2C1D000X,1,1,1,1,2.0,2.0,2.0,1.0,0.0,0.0
4.03691,-20,-1,634,0,E1A1922B1526C1822X,TE1A1B2C1D000X,1,1,1,1,2.0,2.0,2.0,1.0,0.0,0.0
4.04941,-19,-1,634,0,E1A1922B1531C1822X,TE1A1B2C1D000X,1,1,1,1,2.0,2.0,2.0,1.0,0.0,0.0
4.06187,-18,-1,638,0,E1A1922B1537C1822X,TE1A1B2C1D000X,1,1,1,1,2.0,2.0,2.0,1.0,0.0,0.0
4.07434,-18,-2,638,0,E1A1922B1541C1821X,TE1A1B2C1D000X,1,1,1,1,2.0,2.0,2.0,1.0,0.0,0.0
4.08699,-17,-2,637,0,E1A1922B1546C1821X,TE1A1B2C1D000X,1,1,1,1,2.0,2.0,2.0,1.0,0.0,0.0
4.09945,-17,-2,637,0,E1A1922B1546C1821X,TE1A1B2C1D000X,1,1,1,1,2.0,2.0,2.0,1.0,0.0,0.0
4.11204,-16,-2,638,0,E1A1922B1553C1821X,TE1A1B2C1D000X,1,1,1,1,2.0,2.0,2.0,1.0,0.0,0.0
4.12443,-16,-3,639,0,E1A1922B1559C1821X,TE1A1B2C1D000X,1,1,1,1,2.0,2.0,2.0,1.0,0.0,0.0
4.13707,-16,-3,639,0,E1A1922B1559C1821X,TE1A1B2C1D000X,1,1,1,1,2.0,2.0,2.0,1.0,0.0,0.0
4.14982,-15,-3,639,0,E1A1922B1567C1820X,TE1A1B2C1D000X,1,1,1,1,2.0,2.0,2.0,1.0,0.0,0.0
4.16248,-14,-4,643,0,E1A1922B1575C1821X,TE1A1B2C1D000X,1,1,1,1,2.0,2.0,2.0,1.0,0.0,0.0
4.17524,-13,-4,644,0,E1A1922B1583C1821X,TE1A1B2C1D000X,1,1,1,1,2.0,2.0,2.0,1.0,0.0,0.0
4.18798,-12,-5,644,0,E1A1922B1590C1820X,TE1A1B2C1D000X,1,1,1,1,2.0,2.0,2.0,1.0,0.0,0.0
4.20066,-12,-5,644,0,E1A1922B1596C1820X,TE1A1B2C1D000X,1,1,1,1,2.0,2.0,2.0,1.0,0.0,0.0
4.21322,-11,-6,645,0,E1A1922B1603C1820X,TE1A1B2C1D000X,1,1,1,1,2.0,2.0,2.0,1.0,0.0,0.0
4.22548,-10,-6,645,0,E1A1922B1610C1821X,TE1A1B2C1D000X,1,1,1,1,2.0,2.0,2.0,1.0,0.0,0.0
4.23811,-10,-6,645,0,E1A1922B1610C1821X,TE1A1B2C1D000X,1,1,1,1,2.0,2.0,2.0,1.0,0.0,0.0
4.25089,-9,-6,646,0,E1A1922B1618C1821X,TE1A1B2C1D000X,1,1,1,1,2.0,2.0,2.0,1.0,0.0,0.0
4.26339,-8,-7,649,0,E1A1922B1627C1822X,TE1A1B2C1D000X,1,1,1,1,2.0,2.0,2.0,1.0,0.0,0.0
4.27727,-7,-7,649,0,E1A1922B1634C1823X,TE1A1B2C1D000X,1,1,1,1,2.0,2.0,2.0,1.0,0.0,0.0
4.29014,-6,-7,651,0,E1A1922B1643C1824X,TE1A1B2C1D000X,1,1,1,1,2.0,2.0,2.0,1.0,0.0,0.0
4.30272,-5,-8,653,0,E1A1922B1651C1825X,TE1A1B2C1D000X,1,1,1,1,2.0,2.0,2.0,1.0,0.0,0.0
4.31551,-4,-8,655,0,E1A1922B1717C1837X,TE1A1B2C1D000X,1,1,1,1,2.0,2.0,2.0,1.0,0.0,0.0
4.33041,-3,-8,657,0,E1A1922B1770C1846X,TE1A1B1C1D000X,1,1,1,1,2.0,2.0,2.0,1.0,0.0,0.0
4.34295,-3,-9,658,0,E1A1922B1813C1853X,TE1A1B1C1D000X,1,1,1,1,2.0,2.0,2.0,1.0,0.0,0.0
4.35599,-2,-9,657,0,E1A1922B1847C1858X,TE1A1B1C1D000X,1,1,1,1,2.0,2.0,2.0,1.0,0.0,0.0
4.36868,-1,-9,659,0,E1A1922B1873C1862X,TE1A1B1C1D000X,1,1,1,1,2.0,2.0,2.0,1.0,0.0,0.0
4.38126,0,-9,658,0,E1A1922B1894C1864X,TE1A1B1C1D000X,1,1,1,1,2.0,2.0,2.0,1.0,0.0,0.0
4.39419,0,-10,660,0,E1A1922B1899C1863X,TE1A1B1C1D000X,1,1,1,1,2.0,2.0,2.0,1.0,0.0,0.0
4.41256,0,-10,660,0,E1A1922B1904C1862X,TE1A1B1C1D000X,1,1,1,1,2.0,2.0,2.0,1.0,0.0,0.0
4.43708,1,-10,661,0,E1A1922B1909C1860X,TE1A1B1C1D000X,1,1,1,1,2.0,2.0,2.0,1.0,0.0,0.0
4.44988,2,-11,665,0,E1A1922B1913C1857X,TE1A1B1C1D000X,1,1,1,1,2.0,2.0,2.0,1.0,0.0,0.0
4.46275,3,-11,668,0,E1A1922B1917C1854X,TE1A1B1C1D000X,1,1,1,1,2.0,2.0,2.0,1.0,0.0,0.0
4.47545,4,-12,669,0,E1A1922B1921C1850X,TE1A1B1C1D000X,1,1,1,1,2.0,2.0,2.0,1.0,0.0,0.0
4.48824,4,-12,672,0,E1A1922B1924C1845X,TE1A1B1C1D000X,1,1,1,1,2.0,2.0,2.0,1.0,0.0,0.0
4.50502,5,-13,674,0,E1A1922B1928C1839X,TE1A1B1C1D000X,1,1,1,1,2.0,2.0,2.0,1.0,0.0,0.0
4.51779,5,-14,677,0,E1A1922B1930C1833X,TE1A1B1C1D000X,1,1,1,1,2.0,2.0,2.0,1.0,0.0,0.0
4.53022,6,-14,678,0,E1A1922B1933C1827X,TE1A1B1C1D000X,1,1,1,1,2.0,2.0,2.0,1.0,0.0,0.0
4.54237,6,-15,680,0,E1A1922B1935C1821X,TE1A1B1C1D000X,1,1,1,1,2.0,2.0,2.0,1.0,0.0,0.0
4.55498,7,-15,679,0,E1A1922B1937C1815X,TE1A1B0C1D000X,1,1,1,1,2.0,2.0,2.0,1.0,0.0,0.0
4.56768,7,-16,678,0,E1A1922B1939C1809X,TE1A1B0C1D000X,1,1,1,1,2.0,2.0,2.0,1.0,0.0,0.0
4.58277,8,-16,678,0,E1A1922B1941C1804X,TE1A1B0C1D000X,1,1,1,1,2.0,2.0,2.0,1.0,0.0,0.0
4.59557,8,-16,677,0,E1A1922B1942C1799X,TE1A1B0C1D000X,1,1,1,1,2.0,2.0,2.0,1.0,0.0,0.0
4.60812,8,-17,678,0,E1A1922B1943C1794X,TE1A1B0C1D000X,1,1,1,1,2.0,2.0,2.0,1.0,0.0,0.0
4.62134,8,-17,680,0,E1A1922B1944C1789X,TE1A1B0C1D000X,1,1,1,1,2.0,2.0,2.0,1.0,0.0,0.0
4.63412,8,-17,678,0,E1A1922B1945C1786X,TE1A1B0C1D000X,1,1,1,1,2.0,2.0,2.0,1.0,0.0,0.0
4.64869,8,-18,679,0,E1A1922B1946C1782X,TE1A1B0C1D000X,1,1,1,1,2.0,2.0,2.0,1.0,0.0,0.0
4.66325,9,-18,680,0,E1A1925B1946C1780X,TE1A1B0C1D000X,1,1,1,1,2.0,2.0,2.0,1.0,0.0,0.0
4.67551,9,-18,680,0,E1A1925B1946C1779X,TE1A1B0C1D000X,1,1,1,1,2.0,2.0,2.0,1.0,0.0,0.0
4.68998,9,-18,681,0,E1A1924B1946C1778X,TE1A1B0C1D000X,1,1,1,1,2.0,2.0,2.0,1.0,0.0,0.0
4.70279,9,-18,680,0,E1A1924B1946C1777X,TE1A1B0C1D000X,1,1,1,1,2.0,2.0,2.0,1.0,0.0,0.0
4.71573,9,-18,678,0,E1A1924B1946C1776X,TE1A1B0C1D000X,1,1,1,1,2.0,2.0,2.0,1.0,0.0,0.0
4.73047,8,-18,677,0,E1A1924B1946C1776X,TE1A1B0C1D000X,1,1,1,1,2.0,2.0,2.0,1.0,0.0,0.0
4.74404,8,-18,678,0,E1A1924B1946C1776X,TE1A1B0C1D000X,1,1,1,1,2.0,2.0,2.0,1.0,0.0,0.0
4.75851,8,-18,679,0,E1A1923B1946C1776X,TE1A1B0C1D000X,1,1,1,1,2.0,2.0,2.0,1.0,0.0,0.0
4.77462,8,-18,678,0,E1A1923B1946C1776X,TE1A1B0C1D000X,1,1,1,1,2.0,2.0,2.0,1.0,0.0,0.0
4.78732,8,-18,677,0,E1A1924B1946C1776X,TE1A1B0C1D000X,1,1,1,1,2.0,2.0,2.0,1.0,0.0,0.0
4.80028,8,-17,675,0,E1A1924B1946C1776X,TE1A1B0C1D000X,1,1,1,1,2.0,2.0,2.0,1.0,0.0,0.0
4.81511,8,-17,674,0,E1A1925B1946C1776X,TE1A1B0C1D000X,1,1,1,1,2.0,2.0,2.0,1.0,0.0,0.0
4.82899,8,-17,672,0,E1A1925B1946C1776X,TE1A1B0C1D000X,1,1,1,1,2.0,2.0,2.0,1.0,0.0,0.0
4.84174,7,-17,671,0,E1A1925B1946C1776X,TE1A1B0C1D000X,1,1,1,1,2.0,2.0,2.0,1.0,0.0,0.0
4.856,7,-17,672,0,E1A1925B1946C1777X,TE1A1B0C1D000X,1,1,1,1,2.0,2.0,2.0,1.0,0.0,0.0
4.86866,7,-17,673,0,E1A1925B1945C1778X,TE1A1B0C1D000X,1,1,1,1,2.0,2.0,2.0,1.0,0.0,0.0
4.88148,7,-17,674,0,E1A1925B1945C1778X,TE1A1B0C1D000X,1,1,1,1,2.0,2.0,2.0,1.0,0.0,0.0
4.89476,7,-16,673,0,E1A1925B1944C1779X,TE1A1B0C1D000X,1,1,1,1,2.0,2.0,2.0,1.0,0.0,0.0
4.91012,6,-16,672,0,E1A1925B1944C1781X,TE1A1B0C1D000X,1,1,1,1,2.0,2.0,2.0,1.0,0.0,0.0
4.92368,6,-16,673,0,E1A1925B1944C1782X,TE1A1B0C1D000X,1,1,1,1,2.0,2.0,2.0,1.0,0.0,0.0
4.93864,6,-16,672,0,E1A1925B1943C1783X,TE1A1B0C1D000X,1,1,1,1,2.0,2.0,2.0,1.0,0.0,0.0
4.95137,6,-16,671,0,E1A1925B1943C1784X,TE1A1B0C1D000X,1,1,1,1,2.0,2.0,2.0,1.0,0.0,0.0
4.96381,6,-15,672,0,E1A1925B1942C1786X,TE1A1B0C1D000X,1,1,1,1,2.0,2.0,2.0,1.0,0.0,0.0
4.97651,5,-15,671,0,E1A1925B1942C1787X,TE1A1B0C1D000X,1,1,1,1,2.0,2.0,2.0,1.0,0.0,0.0
4.98913,5,-15,670,0,E1A1925B1941C1788X,TE1A1B0C1D000X,1,1,1,1,2.0,2.0,2.0,1.0,0.0,0.0
5.00177,5,-15,671,0,E1A1925B1940C1789X,TE1A1B0C1D000X,1,1,1,1,2.0,2.0,2.0,1.0,0.0,0.0
5.01435,5,-15,672,0,E1A1925B1940C1791X,TE1A1B0C1D000X,1,1,1,1,2.0,2.0,2.0,1.0,0.0,0.0
5.02667,5,-15,673,0,E1A1925B1939C1792X,TE1A1B0C1D000X,1,1,1,1,2.0,2.0,2.0,1.0,0.0,0.0
5.03944,4,-15,672,0,E1A1925B1938C1793X,TE1A1B0C1D000X,1,1,1,1,2.0,2.0,2.0,1.0,0.0,0.0
5.05211,4,-14,671,0,E1A1925B1937C1794X,TE1A1B0C1D000X,1,1,1,1,2.0,2.0,2.0,1.0,0.0,0.0
5.06503,4,-14,670,0,E1A1925B1937C1794X,TE1A1B0C1D000X,1,1,1,1,2.0,2.0,2.0,1.0,0.0,0.0
5.07763,4,-14,669,0,E1A1925B1937C1794X,TE1A1B0C1D000X,1,1,1,1,2.0,2.0,2.0,1.0,0.0,0.0
5.08984,4,-14,666,0,E1A1925B1937C1794X,TE1A1B0C1D000X,1,1,1,1,2.0,2.0,2.0,1.0,0.0,0.0
5.10251,4,-14,665,0,E1A1925B1937C1792X,TE1A1B0C1D000X,1,1,1,1,2.0,2.0,2.0,1.0,0.0,0.0
5.11532,4,-14,664,0,E1A1925B1937C1791X,TE1A1B0C1D000X,1,1,1,1,2.0,2.0,2.0,1.0,0.0,0.0
5.1278,4,-14,664,0,E1A1925B1937C1791X,TE1A1B0C1D000X,1,1,1,1,2.0,2.0,2.0,1.0,0.0,0.0
5.14023,4,-14,664,0,E1A1925B1937C1789X,TE1A1B0C1D000X,1,1,1,1,2.0,2.0,2.0,1.0,0.0,0.0
5.15282,4,-14,664,0,E1A1925B1937C1789X,TE1A1B0C1D000X,1,1,1,1,2.0,2.0,2.0,1.0,0.0,0.0
5.16539,4,-14,661,0,E1A1925B1936C1787X,TE1A1B0C1D000X,1,1,1,1,2.0,2.0,2.0,1.0,0.0,0.0
5.17892,4,-15,661,0,E1A1925B1936C1785X,TE1A1B0C1D000X,1,1,1,1,2.0,2.0,2.0,1.0,0.0,0.0
5.19118,4,-15,659,0,E1A1925B1936C1783X,TE1A1B0C1D000X,1,1,1,1,2.0,2.0,2.0,1.0,0.0,0.0
5.20404,3,-15,661,0,E1A1925B1936C1781X,TE1A1B0C1D000X,1,1,1,1,2.0,2.0,2.0,1.0,0.0,0.0
5.21672,3,-15,664,0,E1A1925B1936C1779X,TE1A1B0C1D000X,1,1,1,1,2.0,2.0,2.0,1.0,0.0,0.0
5.22899,3,-15,666,0,E1A1925B1936C1778X,TE1A1B0C1D000X,1,1,1,1,2.0,2.0,2.0,1.0,0.0,0.0
5.24185,3,-15,666,0,E1A1925B1936C1777X,TE1A1B0C1D000X,1,1,1,1,2.0,2.0,2.0,1.0,0.0,0.0
5.25476,3,-15,665,0,E1A1925B1935C1776X,TE1A1B0C1D000X,1,1,1,1,2.0,2.0,2.0,1.0,0.0,0.0
5.26753,3,-16,665,0,E1A1925B1935C1774X,TE1A1B0C1D000X,1,1,1,1,2.0,2.0,2.0,1.0,0.0,0.0
5.28012,3,-16,665,0,E1A1925B1935C1773X,TE1A1B0C1D000X,1,1,1,1,2.0,2.0,2.0,1.0,0.0,0.0
5.29253,3,-16,666,0,E1A1925B1935C1772X,TE1A1B0C1D000X,1,1,1,1,2.0,2.0,2.0,1.0,0.0,0.0
5.30535,3,-16,666,0,E1A1925B1935C1770X,TE1A1B0C1D000X,1,1,1,1,2.0,2.0,2.0,1.0,0.0,0.0
5.31795,3,-16,665,0,E1A1925B1935C1769X,TE1A1B0C1D000X,1,1,1,1,2.0,2.0,2.0,1.0,0.0,0.0
5.3307,3,-16,667,0,E1A1925B1936C1767X,TE1A1B0C1D000X,1,1,1,1,2.0,2.0,2.0,1.0,0.0,0.0
5.34424,3,-16,667,0,E1A1925B1936C1764X,TE1A1B0C1D000X,1,1,1,1,2.0,2.0,2.0,1.0,0.0,0.0
5.35623,3,-16,666,0,E1A1925B1936C1762X,TE1A1B0C1D000X,1,1,1,1,2.0,2.0,2.0,1.0,0.0,0.0
5.369,3,-16,666,0,E1A1925B1937C1760X,TE1A1B0C1D000X,1,1,1,1,2.0,2.0,2.0,1.0,0.0,0.0
5.38186,3,-17,668,0,E1A1925B1937C1758X,TE1A1B0C1D000X,1,1,1,1,2.0,2.0,2.0,1.0,0.0,0.0
5.39451,3,-17,670,0,E1A1925B1937C1757X,TE1A1B0C1D000X,1,1,1,1,2.0,2.0,2.0,1.0,0.0,0.0
5.4067,3,-17,672,0,E1A1925B1937C1755X,TE1A1B0C1D000X,1,1,1,1,2.0,2.0,2.0,1.0,0.0,0.0
5.4195,3,-17,672,0,E1A1925B1937C1753X,TE1A1B0C1D000X,1,1,1,1,2.0,2.0,2.0,1.0,0.0,0.0
5.43228,3,-17,671,0,E1A1925B1937C1752X,TE1A1B0C1D000X,1,1,1,1,2.0,2.0,2.0,1.0,0.0,0.0
5.4453,3,-17,671,0,E1A1925B1937C1750X,TE1A1B0C1D000X,1,1,1,1,2.0,2.0,2.0,1.0,0.0,0.0
5.45749,3,-17,670,0,E1A1925B1937C1749X,TE1A1B0C1D000X,1,1,1,1,2.0,2.0,2.0,1.0,0.0,0.0
5.47017,3,-17,670,0,E1A1925B1937C1749X,TE1A1B0C1D000X,1,1,1,1,2.0,2.0,2.0,1.0,0.0,0.0
5.4827,3,-17,669,0,E1A1925B1937C1748X,TE1A1B0C1D000X,1,1,1,1,2.0,2.0,2.0,1.0,0.0,0.0
5.49491,3,-17,668,0,E1A1925B1937C1747X,TE1A1B0C1D000X,1,1,1,1,2.0,2.0,2.0,1.0,0.0,0.0
5.50776,3,-17,670,0,E1A1925B1937C1747X,TE1A1B0C1D000X,1,1,1,1,2.0,2.0,2.0,1.0,0.0,0.0
5.52006,3,-17,669,0,E1A1925B1937C1746X,TE1A1B0C1D000X,1,1,1,1,2.0,2.0,2.0,1.0,0.0,0.0
5.53286,3,-17,669,0,E1A1925B1936C1745X,TE1A1B0C1D000X,1,1,1,1,2.0,2.0,2.0,1.0,0.0,0.0
5.54563,3,-17,668,0,E1A1925B1936C1744X,TE1A1B0C1D000X,1,1,1,1,2.0,2.0,2.0,1.0,0.0,0.0
5.55774,3,-17,669,0,E1A1925B1936C1744X,TE1A1B0C1D000X,1,1,1,1,2.0,2.0,2.0,1.0,0.0,0.0
5.57045,3,-17,668,0,E1A1925B1936C1744X,TE1A1B0C1D000X,1,1,1,1,2.0,2.0,2.0,1.0,0.0,0.0
5.58901,2,-17,668,0,E1A1925B1936C1743X,TE1A1B0C1D000X,1,1,1,1,2.0,2.0,2.0,1.0,0.0,0.0
5.60178,2,-17,670,0,E1A1925B1936C1744X,TE1A1B0C1D000X,1,1,1,1,2.0,2.0,2.0,1.0,0.0,0.0
5.61475,2,-17,672,0,E1A1925B1936C1745X,TE1A1B0C1D000X,1,1,1,1,2.0,2.0,2.0,1.0,0.0,0.0
5.62701,2,-17,673,0,E1A1925B1936C1745X,TE1A1B0C1D000X,1,1,1,1,2.0,2.0,2.0,1.0,0.0,0.0
5.63978,2,-17,673,0,E1A1925B1936C1745X,TE1A1B0C1D000X,1,1,1,1,2.0,2.0,2.0,1.0,0.0,0.0
5.65211,2,-17,673,0,E1A1925B1936C1745X,TE1A1B0C1D000X,1,1,1,1,2.0,2.0,2.0,1.0,0.0,0.0
5.6646,2,-16,672,0,E1A1925B1936C1746X,TE1A1B0C1D000X,1,1,1,1,2.0,2.0,2.0,1.0,0.0,0.0
5.67802,2,-16,672,0,E1A1925B1936C1746X,TE1A1B0C1D000X,1,1,1,1,2.0,2.0,2.0,1.0,0.0,0.0
5.69036,2,-16,673,0,E1A1925B1935C1746X,TE1A1B0C1D000X,1,1,1,1,2.0,2.0,2.0,1.0,0.0,0.0
5.703,2,-16,674,0,E1A1925B1935C1746X,TE1A1B0C1D000X,1,1,1,1,2.0,2.0,2.0,1.0,0.0,0.0
5.71561,2,-16,675,0,E1A1925B1934C1746X,TE1A1B0C1D000X,1,1,1,1,2.0,2.0,2.0,1.0,0.0,0.0
5.72822,2,-16,676,0,E1A1925B1934C1745X,TE1A1B1C1D000X,1,1,1,1,2.0,2.0,2.0,1.0,0.0,0.0
5.74175,1,-17,675,0,E1A1925B1933C1744X,TE1A1B1C1D000X,1,1,1,1,2.0,2.0,2.0,1.0,0.0,0.0
5.75449,1,-17,674,0,E1A1925B1933C1743X,TE1A1B1C1D000X,1,1,1,1,2.0,2.0,2.0,1.0,0.0,0.0
5.76747,1,-17,673,0,E1A1925B1932C1742X,TE1A1B1C1D000X,1,1,1,1,2.0,2.0,2.0,1.0,0.0,0.0
5.78032,1,-17,672,0,E1A1925B1932C1740X,TE1A1B1C1D000X,1,1,1,1,2.0,2.0,2.0,1.0,0.0,0.0
5.79239,1,-17,671,0,E1A1925B1932C1739X,TE1A1B1C1D000X,1,1,1,1,2.0,2.0,2.0,1.0,0.0,0.0
5.80518,1,-17,669,0,E1A1925B1931C1737X,TE1A1B1C1D000X,1,1,1,1,2.0,2.0,2.0,1.0,0.0,0.0
5.81788,1,-17,670,0,E1A1925B1931C1736X,TE1A1B1C1D000X,1,1,1,1,2.0,2.0,2.0,1.0,0.0,0.0
5.83034,1,-17,672,0,E1A1925B1930C1735X,TE1A1B1C1D000X,1,1,1,1,2.0,2.0,2.0,1.0,0.0,0.0
5.84324,0,-17,670,0,E1A1925B1930C1734X,TE1A1B1C1D000X,1,1,1,1,2.0,2.0,2.0,1.0,0.0,0.0
5.86109,0,-17,667,0,E1A1925B1930C1734X,TE1A1B1C1D000X,1,1,1,1,2.0,2.0,2.0,1.0,0.0,0.0
5.87386,0,-17,666,0,E1A1925B1929C1733X,TE1A1B1C1D000X,1,1,1,1,2.0,2.0,2.0,1.0,0.0,0.0
5.88879,0,-17,666,0,E1A1925B1929C1733X,TE1A1B1C1D000X,1,1,1,1,2.0,2.0,2.0,1.0,0.0,0.0
5.90201,0,-17,665,0,E1A1925B1929C1733X,TE1A1B1C1D000X,1,1,1,1,2.0,2.0,2.0,1.0,0.0,0.0
5.91496,0,-17,665,0,E1A1925B1929C1733X,TE1A1B1C1D000X,1,1,1,1,2.0,2.0,2.0,1.0,0.0,0.0
5.92791,0,-17,665,0,E1A1925B1929C1734X,TE1A1B1C1D000X,1,1,1,1,2.0,2.0,2.0,1.0,0.0,0.0
5.94025,0,-16,664,0,E1A1925B1929C1734X,TE1A1B1C1D000X,1,1,1,1,2.0,2.0,2.0,1.0,0.0,0.0
5.95311,0,-16,664,0,E1A1925B1928C1735X,TE1A1B1C1D000X,1,1,1,1,2.0,2.0,2.0,1.0,0.0,0.0
5.96584,0,-16,664,0,E1A1925B1928C1735X,TE1A1B1C1D000X,1,1,1,1,2.0,2.0,2.0,1.0,0.0,0.0
5.97906,0,-16,664,0,E1A1925B1927C1735X,TE1A1B1C1D000X,1,1,1,1,2.0,2.0,2.0,1.0,0.0,0.0
5.9914,0,-16,664,0,E1A1925B1927C1735X,TE1A1B1C1D000X,1,1,1,1,2.0,2.0,2.0,1.0,0.0,0.0
6.0043,0,-16,664,0,E1A1925B1927C1734X,TE1A1B1C1D000X,1,1,1,1,2.0,2.0,2.0,1.0,0.0,0.0
6.01679,0,-16,664,0,E1A1925B1926C1734X,TE1A1B1C1D000X,1,1,1,1,2.0,2.0,2.0,1.0,0.0,0.0
6.02893,0,-16,664,0,E1A1925B1925C1734X,TE1A1B1C1D000X,1,1,1,1,2.0,2.0,2.0,1.0,0.0,0.0
6.04165,0,-16,662,0,E1A1925B1925C1733X,TE1A1B1C1D000X,1,1,1,1,2.0,2.0,2.0,1.0,0.0,0.0
6.05442,0,-16,663,0,E1A1925B1924C1733X,TE1A1B1C1D000X,1,1,1,1,2.0,2.0,2.0,1.0,0.0,0.0
6.06698,0,-16,663,0,E1A1925B1923C1732X,TE1A1B1C1D000X,1,1,1,1,2.0,2.0,2.0,1.0,0.0,0.0
6.0796,0,-16,663,0,E1A1925B1923C1731X,TE1A1B1C1D000X,1,1,1,1,2.0,2.0,2.0,1.0,0.0,0.0
6.09306,0,-16,662,0,E1A1925B1922C1730X,TE1A1B1C1D000X,1,1,1,1,2.0,2.0,2.0,1.0,0.0,0.0
6.1062,-1,-16,665,0,E1A1925B1921C1730X,TE1A1B1C1D000X,1,1,1,1,2.0,2.0,2.0,1.0,0.0,0.0
6.11918,-1,-16,667,0,E1A1925B1920C1729X,TE1A1B1C1D000X,1,1,1,1,2.0,2.0,2.0,1.0,0.0,0.0
6.13201,-1,-17,669,0,E1A1925B1920C1728X,TE1A1B1C1D000X,1,1,1,1,2.0,2.0,2.0,1.0,0.0,0.0
6.14465,-1,-17,669,0,E1A1925B1919C1727X,TE1A1B1C1D000X,1,1,1,1,2.0,2.0,2.0,1.0,0.0,0.0
6.15679,-1,-17,668,0,E1A1925B1918C1726X,TE1A1B1C1D000X,1,1,1,1,2.0,2.0,2.0,1.0,0.0,0.0
6.16961,-1,-17,668,0,E1A1925B1918C1725X,TE1A1B1C1D000X,1,1,1,1,2.0,2.0,2.0,1.0,0.0,0.0
6.18235,-2,-17,667,0,E1A1925B1917C1724X,TE1A1B1C1D000X,1,1,1,1,2.0,2.0,2.0,1.0,0.0,0.0
6.19698,-2,-17,667,0,E1A1925B1916C1724X,TE1A1B1C1D000X,1,1,1,1,2.0,2.0,2.0,1.0,0.0,0.0
6.2093,-2,-17,667,0,E1A1925B1916C1723X,TE1A1B1C1D000X,1,1,1,1,2.0,2.0,2.0,1.0,0.0,0.0
6.22208,-2,-17,666,0,E1A1925B1915C1723X,TE1A1B1C1D000X,1,1,1,1,2.0,2.0,2.0,1.0,0.0,0.0
6.23487,-2,-17,666,0,E1A1925B1914C1723X,TE1A1B1C1D000X,1,1,1,1,2.0,2.0,2.0,1.0,0.0,0.0
6.24761,-2,-17,668,0,E1A1925B1914C1723X,TE1A1B1C1D000X,1,1,1,1,2.0,2.0,2.0,1.0,0.0,0.0
6.26092,-2,-17,670,1,E1A1925B1913C1723X,TE1A1B1C1D000X,1,1,1,1,2.0,2.0,2.0,1.0,0.0,0.0
