timestamp,errXmm,errYmm,errZmm,TouchDetected,OutgoingPacket,IncomingPacket,Serial0Enabled,Serial0Open,Serial1Enabled,Serial1Open,kpx,kpy,kix,kiy,kdx,kdy
0.00101963,105,61,706,0,E1A0985B1942C1887X,TE1A5B0C1D009X,1,1,1,1,2.0,2.0,2.0,1.0,0.0,0.0
0.0155425,105,61,706,0,E1A0985B1942C1887X,TE1A5B0C1D009X,1,1,1,1,2.0,2.0,2.0,1.0,0.0,0.0
0.028087,105,61,706,0,E1A0988B1942C1889X,TE1A5B0C1D009X,1,1,1,1,2.0,2.0,2.0,1.0,0.0,0.0
0.0403159,104,60,699,0,E1A0987B1942C1889X,TE1A5B0C1D009X,1,1,1,1,2.0,2.0,2.0,1.0,0.0,0.0
0.0529929,102,60,691,0,E1A0987B1942C1890X,TE1A5B0C1D009X,1,1,1,1,2.0,2.0,2.0,1.0,0.0,0.0
0.0653261,103,60,694,0,E1A0986B1942C1891X,TE1A5B0C1D009X,1,1,1,1,2.0,2.0,2.0,1.0,0.0,0.0
0.0789636,102,60,692,0,E1A0986B1942C1892X,TE1A5B0C1D009X,1,1,1,1,2.0,2.0,2.0,1.0,0.0,0.0
0.0911406,101,60,686,0,E1A0984B1942C1893X,TE1A5B0C1D009X,1,1,1,1,2.0,2.0,2.0,1.0,0.0,0.0
0.10373,-91,17,645,0,E1A0984B1283C1768X,TE1A5B0C1D009X,1,1,1,1,2.0,2.0,2.0,1.0,0.0,0.0
0.116654,-90,17,638,0,E1A0984B1282C1769X,TE1A5B3C1D009X,1,1,1,1,2.0,2.0,2.0,1.0,0.0,0.0
0.131132,-91,18,648,0,E1A0984B1277C1770X,TE1A5B3C1D009X,1,1,1,1,2.0,2.0,2.0,1.0,0.0,0.0
0.145658,-93,19,657,0,E1A0984B1275C1771X,TE1A5B3C1D009X,1,1,1,1,2.0,2.0,2.0,1.0,0.0,0.0
0.15917,-96,21,660,0,E1A0984B1250C1772X,TE1A5B3C1D009X,1,1,1,1,2.0,2.0,2.0,1.0,0.0,0.0
0.171894,-97,22,657,0,E1A0984B1232C1772X,TE1A5B3C1D009X,1,1,1,1,2.0,2.0,2.0,1.0,0.0,0.0
0.184631,-99,22,659,0,E1A0984B1220C1769X,TE1A5B4C1D009X,1,1,1,1,2.0,2.0,2.0,1.0,0.0,0.0
0.202743,-99,22,655,0,E1A0984B1215C1768X,TE1A5B4C1D009X,1,1,1,1,2.0,2.0,2.0,1.0,0.0,0.0
0.215543,-100,23,658,0,E1A0984B1212C1768X,TE1A5B4C1D009X,1,1,1,1,2.0,2.0,2.0,1.0,0.0,0.0
0.227517,-101,23,660,0,E1A0984B1207C1766X,TE1A5B4C1D009X,1,1,1,1,2.0,2.0,2.0,1.0,0.0,0.0
0.240036,-102,23,661,0,E1A0984B1202C1764X,TE1A5B4C1D009X,1,1,1,1,2.0,2.0,2.0,1.0,0.0,0.0
0.259159,-103,22,662,0,E1A0984B1201C1761X,TE1A5B4C1D009X,1,1,1,1,2.0,2.0,2.0,1.0,0.0,0.0
0.271985,-104,22,660,0,E1A0984B1198C1758X,TE1A5B4C1D009X,1,1,1,1,2.0,2.0,2.0,1.0,0.0,0.0
0.284692,-103,21,655,0,E1A0984B1197C1756X,TE1A5B4C1D009X,1,1,1,1,2.0,2.0,2.0,1.0,0.0,0.0
0.296996,-104,21,657,0,E1A0984B1195C1753X,TE1A5B4C1D009X,1,1,1,1,2.0,2.0,2.0,1.0,0.0,0.0
0.309704,-105,21,658,0,E1A0984B1194C1751X,TE1A5B4C1D009X,1,1,1,1,2.0,2.0,2.0,1.0,0.0,0.0
0.322394,-105,21,659,0,E1A0984B1194C1749X,TE1A5B4C1D009X,1,1,1,1,2.0,2.0,2.0,1.0,0.0,0.0
0.339109,-106,20,658,0,E1A0984B1195C1747X,TE1A5B4C1D009X,1,1,1,1,2.0,2.0,2.0,1.0,0.0,0.0
0.363247,-106,20,660,0,E1A0984B1194C1745X,TE1A5B4C1D009X,1,1,1,1,2.0,2.0,2.0,1.0,0.0,0.0
0.375972,-107,19,659,0,E1A0984B1193C1742X,TE1A5B4C1D009X,1,1,1,1,2.0,2.0,2.0,1.0,0.0,0.0
0.388496,-107,19,661,0,E1A0984B1193C1740X,TE1A5B4C1D009X,1,1,1,1,2.0,2.0,2.0,1.0,0.0,0.0
0.400894,-108,19,663,0,E1A0984B1193C1738X,TE1A5B4C1D009X,1,1,1,1,2.0,2.0,2.0,1.0,0.0,0.0
0.413422,-108,18,663,0,E1A0984B1194C1736X,TE1A5B4C1D009X,1,1,1,1,2.0,2.0,2.0,1.0,0.0,0.0
0.425358,-108,18,665,0,E1A0984B1197C1734X,TE1A5B4C1D009X,1,1,1,1,2.0,2.0,2.0,1.0,0.0,0.0
0.438063,-109,18,666,0,E1A0984B1200C1733X,TE1A5B4C1D009X,1,1,1,1,2.0,2.0,2.0,1.0,0.0,0.0
0.450674,-108,17,665,0,E1A0984B1203C1731X,TE1A5B4C1D009X,1,1,1,1,2.0,2.0,2.0,1.0,0.0,0.0
0.463309,-108,16,665,0,E1A0984B1207C1730X,TE1A5B4C1D009X,1,1,1,1,2.0,2.0,2.0,1.0,0.0,0.0
0.475335,-108,16,666,0,E1A0984B1212C1728X,TE1A5B4C1D009X,1,1,1,1,2.0,2.0,2.0,1.0,0.0,0.0
0.48796,-107,15,664,0,E1A0984B1217C1727X,TE1A5B4C1D009X,1,1,1,1,2.0,2.0,2.0,1.0,0.0,0.0
0.499883,-107,15,664,0,E1A0984B1222C1726X,TE1A5B4C1D009X,1,1,1,1,2.0,2.0,2.0,1.0,0.0,0.0
0.512512,-106,14,662,0,E1A0984B1228C1724X,TE1A5B4C1D009X,1,1,1,1,2.0,2.0,2.0,1.0,0.0,0.0
0.525135,-105,13,662,0,E1A0984B1235C1723X,TE1A5B4C1D009X,1,1,1,1,2.0,2.0,2.0,1.0,0.0,0.0
0.537776,-105,12,663,0,E1A0984B1244C1721X,TE1A5B4C1D009X,1,1,1,1,2.0,2.0,2.0,1.0,0.0,0.0
0.550217,-104,11,663,0,E1A0984B1253C1720X,TE1A5B4C1D009X,1,1,1,1,2.0,2.0,2.0,1.0,0.0,0.0
0.562372,-102,10,661,0,E1A0984B1263C1718X,TE1A5B3C1D009X,1,1,1,1,2.0,2.0,2.0,1.0,0.0,0.0
0.576151,-101,9,661,0,E1A0984B1275C1717X,TE1A5B3C1D009X,1,1,1,1,2.0,2.0,2.0,1.0,0.0,0.0
0.588704,-100,8,662,0,E1A0984B1288C1715X,TE1A5B3C1D009X,1,1,1,1,2.0,2.0,2.0,1.0,0.0,0.0
0.601175,-99,7,663,0,E1A0984B1301C1713X,TE1A5B3C1D009X,1,1,1,1,2.0,2.0,2.0,1.0,0.0,0.0
0.613626,-98,5,663,0,E1A0984B1314C1712X,TE1A5B3C1D009X,1,1,1,1,2.0,2.0,2.0,1.0,0.0,0.0
0.63134,-96,4,662,0,E1A0984B1329C1710X,TE1A5B3C1D009X,1,1,1,1,2.0,2.0,2.0,1.0,0.0,0.0
0.644333,-95,3,662,0,E1A0984B1343C1709X,TE1A5B3C1D009X,1,1,1,1,2.0,2.0,2.0,1.0,0.0,0.0
0.656683,-93,2,661,0,E1A0984B1357C1708X,TE1A5B3C1D009X,1,1,1,1,2.0,2.0,2.0,1.0,0.0,0.0
0.66905,-91,0,661,0,E1A0984B1371C1707X,TE1A5B3C1D009X,1,1,1,1,2.0,2.0,2.0,1.0,0.0,0.0
0.681044,-90,0,662,0,E1A0984B1384C1706X,TE1A5B3C1D009X,1,1,1,1,2.0,2.0,2.0,1.0,0.0,0.0
0.692979,-88,-1,661,0,E1A0984B1398C1705X,TE1A5B3C2D009X,1,1,1,1,2.0,2.0,2.0,1.0,0.0,0.0
0.705535,-87,-2,661,0,E1A0984B1411C1704X,TE1A5B3C2D009X,1,1,1,1,2.0,2.0,2.0,1.0,0.0,0.0
0.717692,-85,-3,660,0,E1A0984B1424C1703X,TE1A5B3C2D009X,1,1,1,1,2.0,2.0,2.0,1.0,0.0,0.0
0.731064,-83,-4,658,0,E1A0984B1438C1702X,TE1A5B3C2D009X,1,1,1,1,2.0,2.0,2.0,1.0,0.0,0.0
0.747001,-81,-5,656,0,E1A0984B1452C1702X,TE1A5B3C2D009X,1,1,1,1,2.0,2.0,2.0,1.0,0.0,0.0
0.759247,-79,-6,654,0,E1A0984B1466C1701X,TE1A5B3C2D009X,1,1,1,1,2.0,2.0,2.0,1.0,0.0,0.0
0.772045,-77,-7,651,0,E1A0984B1475C1699X,TE1A5B3C2D009X,1,1,1,1,2.0,2.0,2.0,1.0,0.0,0.0
0.791081,-75,-8,649,0,E1A0984B1486C1697X,TE1A5B3C2D009X,1,1,1,1,2.0,2.0,2.0,1.0,0.0,0.0
0.803634,-73,-9,646,0,E1A0984B1496C1695X,TE1A5B2C2D009X,1,1,1,1,2.0,2.0,2.0,1.0,0.0,0.0
0.815835,-71,-10,643,0,E1A0984B1507C1693X,TE1A5B2C2D009X,1,1,1,1,2.0,2.0,2.0,1.0,0.0,0.0
0.828132,-69,-11,642,0,E1A0984B1517C1691X,TE1A5B2C2D009X,1,1,1,1,2.0,2.0,2.0,1.0,0.0,0.0
0.840772,-67,-12,640,0,E1A0984B1527C1689X,TE1A5B2C2D009X,1,1,1,1,2.0,2.0,2.0,1.0,0.0,0.0
0.85297,-65,-13,638,0,E1A0984B1537C1688X,TE1A5B2C2D009X,1,1,1,1,2.0,2.0,2.0,1.0,0.0,0.0
0.873714,-62,-14,633,0,E1A0984B1549C1687X,TE1A5B2C2D009X,1,1,1,1,2.0,2.0,2.0,1.0,0.0,0.0
0.903157,-59,-15,630,0,E1A0984B1564C1685X,TE1A5B2C2D009X,1,1,1,1,2.0,2.0,2.0,1.0,0.0,0.0
0.927042,-56,-16,628,0,E1A0984B1581C1684X,TE1A5B2C2D009X,1,1,1,1,2.0,2.0,2.0,1.0,0.0,0.0
0.93925,-54,-17,624,0,E1A0984B1598C1682X,TE1A5B2C2D009X,1,1,1,1,2.0,2.0,2.0,1.0,0.0,0.0
0.951748,-51,-18,626,0,E1A0984B1615C1679X,TE1A5B2C2D009X,1,1,1,1,2.0,2.0,2.0,1.0,0.0,0.0
0.964143,-48,-20,625,0,E1A0984B1631C1677X,TE1A5B2C2D009X,1,1,1,1,2.0,2.0,2.0,1.0,0.0,0.0
0.982561,-46,-21,629,0,E1A0984B1649C1675X,TE1A5B2C2D009X,1,1,1,1,2.0,2.0,2.0,1.0,0.0,0.0
1.00719,-43,-22,629,0,E1A0984B1668C1672X,TE1A5B2C2D009X,1,1,1,1,2.0,2.0,2.0,1.0,0.0,0.0
1.01909,-40,-24,630,0,E1A0984B1686C1669X,TE1A5B2C2D009X,1,1,1,1,2.0,2.0,2.0,1.0,0.0,0.0
1.03153,-40,-24,630,0,E1A0984B1686C1669X,TE1A5B2C2D009X,1,1,1,1,2.0,2.0,2.0,1.0,0.0,0.0
1.04377,-37,-25,631,0,E1A0984B1706C1667X,TE1A5B2C2D009X,1,1,1,1,2.0,2.0,2.0,1.0,0.0,0.0
1.06283,-33,-27,633,0,E1A0984B1727C1664X,TE1A5B2C2D009X,1,1,1,1,2.0,2.0,2.0,1.0,0.0,0.0
1.07567,-30,-28,637,0,E1A0984B1747C1660X,TE1A5B2C2D009X,1,1,1,1,2.0,2.0,2.0,1.0,0.0,0.0
1.08867,-27,-29,636,0,E1A0984B1764C1656X,TE1A5B1C2D009X,1,1,1,1,2.0,2.0,2.0,1.0,0.0,0.0
1.10161,-23,-30,635,0,E1A0984B1781C1651X,TE1A5B1C2D009X,1,1,1,1,2.0,2.0,2.0,1.0,0.0,0.0
1.11438,-20,-31,634,0,E1A0984B1797C1645X,TE1A5B1C2D009X,1,1,1,1,2.0,2.0,2.0,1.0,0.0,0.0
1.13113,-17,-33,633,0,E1A0984B1814C1637X,TE1A5B1C2D009X,1,1,1,1,2.0,2.0,2.0,1.0,0.0,0.0
1.14389,-14,-34,632,0,E1A0984B1829C1627X,TE1A5B1C2D009X,1,1,1,1,2.0,2.0,2.0,1.0,0.0,0.0
1.15646,-11,-35,631,0,E1A0984B1844C1617X,TE1A5B1C2D009X,1,1,1,1,2.0,2.0,2.0,1.0,0.0,0.0
1.16868,-8,-36,628,0,E1A0984B1858C1604X,TE1A5B1C2D009X,1,1,1,1,2.0,2.0,2.0,1.0,0.0,0.0
1.18104,-5,-37,624,0,E1A0984B1870C1589X,TE1A5B1C2D009X,1,1,1,1,2.0,2.0,2.0,1.0,0.0,0.0
1.19377,-2,-38,624,0,E1A0984B1882C1573X,TE1A5B1C2D009X,1,1,1,1,2.0,2.0,2.0,1.0,0.0,0.0
1.20642,0,-40,622,0,E1A0984B1893C1556X,TE1A5B1C2D009X,1,1,1,1,2.0,2.0,2.0,1.0,0.0,0.0
1.21861,2,-41,620,0,E1A0984B1903C1539X,TE1A5B1C2D009X,1,1,1,1,2.0,2.0,2.0,1.0,0.0,0.0
1.23139,4,-42,616,0,E1A0984B1913C1520X,TE1A5B1C2D009X,1,1,1,1,2.0,2.0,2.0,1.0,0.0,0.0
1.24366,6,-43,615,0,E1A0984B1923C1500X,TE1A5B1C2D009X,1,1,1,1,2.0,2.0,2.0,1.0,0.0,0.0
1.25632,8,-44,616,0,E1A0984B1932C1480X,TE1A5B1C2D009X,1,1,1,1,2.0,2.0,2.0,1.0,0.0,0.0
1.26887,10,-45,613,0,E1A0984B1941C1459X,TE1A5B1C2D009X,1,1,1,1,2.0,2.0,2.0,1.0,0.0,0.0
1.28207,12,-46,610,0,E1A1922B1941C1446X,TE1A5B0C3D009X,1,1,1,1,2.0,2.0,2.0,1.0,0.0,0.0
1.29459,14,-46,608,0,E1A1914B1941C1442X,TE1A1B0C3D009X,1,1,1,1,2.0,2.0,2.0,1.0,0.0,0.0
1.30736,16,-47,608,0,E1A1904B1941C1440X,TE1A1B0C3D009X,1,1,1,1,2.0,2.0,2.0,1.0,0.0,0.0
1.31949,17,-48,606,0,E1A1895B1941C1437X,TE1A1B0C3D009X,1,1,1,1,2.0,2.0,2.0,1.0,0.0,0.0
1.33199,20,-48,604,0,E1A1885B1941C1435X,TE1A1B0C3D009X,1,1,1,1,2.0,2.0,2.0,1.0,0.0,0.0
1.34642,21,-49,600,0,E1A1879B1941C1425X,TE1A1B0C3D009X,1,1,1,1,2.0,2.0,2.0,1.0,0.0,0.0
1.36085,21,-51,601,0,E1A1876B1941C1413X,TE1A1B0C3D009X,1,1,1,1,2.0,2.0,2.0,1.0,0.0,0.0
1.37453,21,-51,601,0,E1A1876B1941C1404X,TE1A1B0C3D009X,1,1,1,1,2.0,2.0,2.0,1.0,0.0,0.0
1.38679,21,-52,600,0,E1A1873B1941C1398X,TE1A1B0C3D009X,1,1,1,1,2.0,2.0,2.0,1.0,0.0,0.0
1.41115,22,-52,600,0,E1A1868B1941C1394X,TE1A1B0C3D009X,1,1,1,1,2.0,2.0,2.0,1.0,0.0,0.0
1.43531,23,-53,599,0,E1A1863B1941C1390X,TE1A1B0C3D009X,1,1,1,1,2.0,2.0,2.0,1.0,0.0,0.0
1.44806,24,-53,596,0,E1A1858B1941C1388X,TE1A1B0C3D009X,1,1,1,1,2.0,2.0,2.0,1.0,0.0,0.0
1.46047,25,-53,595,0,E1A1853B1941C1386X,TE1A1B0C3D009X,1,1,1,1,2.0,2.0,2.0,1.0,0.0,0.0
1.47296,26,-53,595,0,E1A1848B1941C1385X,TE1A1B0C3D009X,1,1,1,1,2.0,2.0,2.0,1.0,0.0,0.0
1.49102,26,-53,594,0,E1A1843B1941C1384X,TE1A1B0C3D009X,1,1,1,1,2.0,2.0,2.0,1.0,0.0,0.0
1.50339,27,-53,594,0,E1A1838B1941C1385X,TE1A1B0C3D009X,1,1,1,1,2.0,2.0,2.0,1.0,0.0,0.0
1.51606,28,-52,590,0,E1A1834B1941C1385X,TE1A1B0C3D009X,1,1,1,1,2.0,2.0,2.0,1.0,0.0,0.0
1.52992,28,-52,588,0,E1A1829B1941C1386X,TE1A1B0C3D009X,1,1,1,1,2.0,2.0,2.0,1.0,0.0,0.0
1.54239,29,-51,585,0,E1A1825B1941C1388X,TE1A1B0C3D009X,1,1,1,1,2.0,2.0,2.0,1.0,0.0,0.0
1.55519,29,-51,585,0,E1A1821B1941C1391X,TE1A1B0C3D009X,1,1,1,1,2.0,2.0,2.0,1.0,0.0,0.0
1.56792,30,-50,584,0,E1A1817B1941C1395X,TE1A1B0C3D009X,1,1,1,1,2.0,2.0,2.0,1.0,0.0,0.0
1.58037,30,-49,581,0,E1A1814B1941C1399X,TE1A1B0C3D009X,1,1,1,1,2.0,2.0,2.0,1.0,0.0,0.0
1.59319,30,-48,580,0,E1A1810B1941C1404X,TE1A1B0C3D009X,1,1,1,1,2.0,2.0,2.0,1.0,0.0,0.0
1.60613,31,-47,578,0,E1A1807B1941C1409X,TE1A1B0C3D009X,1,1,1,1,2.0,2.0,2.0,1.0,0.0,0.0
1.61919,31,-46,575,0,E1A1804B1941C1414X,TE1A1B0C3D009X,1,1,1,1,2.0,2.0,2.0,1.0,0.0,0.0
1.63209,31,-45,573,0,E1A1800B1941C1420X,TE1A1B0C3D009X,1,1,1,1,2.0,2.0,2.0,1.0,0.0,0.0
1.64473,31,-45,573,0,E1A1797B1941C1425X,TE1A1B0C3D009X,1,1,1,1,2.0,2.0,2.0,1.0,0.0,0.0
1.65773,32,-44,573,0,E1A1793B1941C1431X,TE1A1B0C3D009X,1,1,1,1,2.0,2.0,2.0,1.0,0.0,0.0
1.67061,32,-43,572,0,E1A1789B1941C1436X,TE1A1B0C3D009X,1,1,1,1,2.0,2.0,2.0,1.0,0.0,0.0
1.68327,33,-42,571,0,E1A1785B1941C1439X,TE1A1B0C3D009X,1,1,1,1,2.0,2.0,2.0,1.0,0.0,0.0
1.69549,33,-42,570,0,E1A1781B1941C1442X,TE1A1B0C3D009X,1,1,1,1,2.0,2.0,2.0,1.0,0.0,0.0
1.70827,34,-41,569,0,E1A1775B1941C1444X,TE1A1B0C3D009X,1,1,1,1,2.0,2.0,2.0,1.0,0.0,0.0
1.72121,34,-41,568,0,E1A1769B1941C1445X,TE1A1B0C3D009X,1,1,1,1,2.0,2.0,2.0,1.0,0.0,0.0
1.734,35,-41,567,0,E1A1763B1941C1445X,TE1A1B0C3D009X,1,1,1,1,2.0,2.0,2.0,1.0,0.0,0.0
1.74664,36,-40,566,0,E1A1756B1941C1444X,TE1A1B0C3D009X,1,1,1,1,2.0,2.0,2.0,1.0,0.0,0.0
1.7593,37,-41,566,0,E1A1749B1941C1441X,TE1A1B0C3D009X,1,1,1,1,2.0,2.0,2.0,1.0,0.0,0.0
1.77204,38,-41,565,0,E1A1741B1941C1439X,TE1A1B0C3D009X,1,1,1,1,2.0,2.0,2.0,1.0,0.0,0.0
1.79501,39,-41,565,0,E1A1732B1941C1434X,TE1A1B0C3D009X,1,1,1,1,2.0,2.0,2.0,1.0,0.0,0.0
1.82148,41,-41,565,0,E1A1722B1941C1427X,TE1A1B0C3D009X,1,1,1,1,2.0,2.0,2.0,1.0,0.0,0.0
1.83411,42,-42,563,0,E1A1712B1941C1421X,TE1A1B0C3D009X,1,1,1,1,2.0,2.0,2.0,1.0,0.0,0.0
1.847,44,-42,563,0,E1A1703B1941C1415X,TE1A1B0C3D009X,1,1,1,1,2.0,2.0,2.0,1.0,0.0,0.0
1.86027,45,-42,563,0,E1A1693B1941C1410X,TE1A2B0C3D009X,1,1,1,1,2.0,2.0,2.0,1.0,0.0,0.0
1.87335,46,-43,562,0,E1A1684B1941C1404X,TE1A2B0C3D009X,1,1,1,1,2.0,2.0,2.0,1.0,0.0,0.0
1.88607,47,-43,562,0,E1A1675B1941C1398X,TE1A2B0C3D009X,1,1,1,1,2.0,2.0,2.0,1.0,0.0,0.0
1.89879,48,-43,563,0,E1A1666B1941C1393X,TE1A2B0C3D009X,1,1,1,1,2.0,2.0,2.0,1.0,0.0,0.0
1.91164,49,-43,560,0,E1A1658B1941C1388X,TE1A2B0C3D009X,1,1,1,1,2.0,2.0,2.0,1.0,0.0,0.0
1.92487,50,-43,559,0,E1A1650B1941C1383X,TE1A2B0C3D009X,1,1,1,1,2.0,2.0,2.0,1.0,0.0,0.0
1.93786,51,-44,560,0,E1A1642B1941C1380X,TE1A2B0C3D009X,1,1,1,1,2.0,2.0,2.0,1.0,0.0,0.0
1.95112,52,-44,559,0,E1A1634B1941C1376X,TE1A2B0C3D009X,1,1,1,1,2.0,2.0,2.0,1.0,0.0,0.0
1.96414,53,-44,558,0,E1A1627B1941C1372X,TE1A2B0C3D009X,1,1,1,1,2.0,2.0,2.0,1.0,0.0,0.0
1.97689,53,-43,556,0,E1A1620B1941C1369X,TE1A2B0C3D009X,1,1,1,1,2.0,2.0,2.0,1.0,0.0,0.0
1.99018,53,-43,554,0,E1A1613B1941C1365X,TE1A2B0C3D009X,1,1,1,1,2.0,2.0,2.0,1.0,0.0,0.0
2.0032,54,-43,553,0,E1A1607B1941C1362X,TE1A2B0C3D009X,1,1,1,1,2.0,2.0,2.0,1.0,0.0,0.0
2.01624,55,-43,552,0,E1A1600B1941C1359X,TE1A2B0C3D009X,1,1,1,1,2.0,2.0,2.0,1.0,0.0,0.0
2.02907,55,-43,550,0,E1A1594B1941C1355X,TE1A2B0C3D009X,1,1,1,1,2.0,2.0,2.0,1.0,0.0,0.0
2.04238,55,-43,549,0,E1A1587B1941C1351X,TE1A2B0C3D009X,1,1,1,1,2.0,2.0,2.0,1.0,0.0,0.0
2.05574,56,-43,548,0,E1A1580B1941C1347X,TE1A2B0C3D009X,1,1,1,1,2.0,2.0,2.0,1.0,0.0,0.0
2.069,57,-43,548,0,E1A1572B1941C1342X,TE1A2B0C3D009X,1,1,1,1,2.0,2.0,2.0,1.0,0.0,0.0
2.0822,58,-44,549,0,E1A1564B1941C1337X,TE1A2B0C3D009X,1,1,1,1,2.0,2.0,2.0,1.0,0.0,0.0
2.09492,59,-44,549,0,E1A1555B1941C1332X,TE1A2B0C3D009X,1,1,1,1,2.0,2.0,2.0,1.0,0.0,0.0
2.10817,60,-44,548,0,E1A1547B1941C1326X,TE1A2B0C3D009X,1,1,1,1,2.0,2.0,2.0,1.0,0.0,0.0
2.12148,60,-44,549,0,E1A1539B1941C1321X,TE1A2B0C3D009X,1,1,1,1,2.0,2.0,2.0,1.0,0.0,0.0
2.14774,62,-45,550,0,E1A1529B1941C1315X,TE1A2B0C3D009X,1,1,1,1,2.0,2.0,2.0,1.0,0.0,0.0
2.16061,63,-45,549,0,E1A1519B1941C1310X,TE1A2B0C3D009X,1,1,1,1,2.0,2.0,2.0,1.0,0.0,0.0
2.17399,64,-45,548,0,E1A1510B1941C1305X,TE1A2B0C3D009X,1,1,1,1,2.0,2.0,2.0,1.0,0.0,0.0
2.18675,65,-45,547,0,E1A1499B1941C1299X,TE1A2B0C3D009X,1,1,1,1,2.0,2.0,2.0,1.0,0.0,0.0
2.22341,67,-45,549,0,E1A1490B1941C1299X,TE1A2B0C3D009X,1,1,1,1,2.0,2.0,2.0,1.0,0.0,0.0
2.23631,68,-45,548,0,E1A1481B1941C1298X,TE1A2B0C3D009X,1,1,1,1,2.0,2.0,2.0,1.0,0.0,0.0
2.25989,69,-44,547,0,E1A1471B1941C1298X,TE1A2B0C3D009X,1,1,1,1,2.0,2.0,2.0,1.0,0.0,0.0
2.27976,71,-44,546,0,E1A1461B1941C1299X,TE1A3B0C3D009X,1,1,1,1,2.0,2.0,2.0,1.0,0.0,0.0
2.29311,72,-43,546,0,E1A1451B1941C1300X,TE1A3B0C3D009X,1,1,1,1,2.0,2.0,2.0,1.0,0.0,0.0
2.3157,74,-43,546,0,E1A1440B1941C1301X,TE1A3B0C3D009X,1,1,1,1,2.0,2.0,2.0,1.0,0.0,0.0
2.32891,75,-42,545,0,E1A1430B1941C1302X,TE1A3B0C3D009X,1,1,1,1,2.0,2.0,2.0,1.0,0.0,0.0
2.34205,77,-42,545,0,E1A1421B1941C1302X,TE1A3B0C3D009X,1,1,1,1,2.0,2.0,2.0,1.0,0.0,0.0
2.35522,78,-41,543,0,E1A1412B1941C1302X,TE1A3B0C3D009X,1,1,1,1,2.0,2.0,2.0,1.0,0.0,0.0
2.3685,79,-41,542,0,E1A1404B1941C1302X,TE1A3B0C3D009X,1,1,1,1,2.0,2.0,2.0,1.0,0.0,0.0
2.38177,80,-40,541,0,E1A1395B1941C1302X,TE1A3B0C3D009X,1,1,1,1,2.0,2.0,2.0,1.0,0.0,0.0
2.39696,81,-40,541,0,E1A1388B1941C1302X,TE1A3B0C3D009X,1,1,1,1,2.0,2.0,2.0,1.0,0.0,0.0
2.41021,82,-40,539,0,E1A1381B1941C1301X,TE1A3B0C3D009X,1,1,1,1,2.0,2.0,2.0,1.0,0.0,0.0
2.42347,83,-40,539,0,E1A1374B1941C1300X,TE1A3B0C3D009X,1,1,1,1,2.0,2.0,2.0,1.0,0.0,0.0
2.43693,84,-39,538,0,E1A1367B1941C1298X,TE1A3B0C3D009X,1,1,1,1,2.0,2.0,2.0,1.0,0.0,0.0
2.44995,85,-39,536,0,E1A1360B1941C1296X,TE1A3B0C3D009X,1,1,1,1,2.0,2.0,2.0,1.0,0.0,0.0
2.4634,86,-39,535,0,E1A1354B1941C1293X,TE1A3B0C3D009X,1,1,1,1,2.0,2.0,2.0,1.0,0.0,0.0
2.4763,87,-39,535,0,E1A1348B1941C1291X,TE1A3B0C3D009X,1,1,1,1,2.0,2.0,2.0,1.0,0.0,0.0
2.48954,87,-39,533,0,E1A1342B1941C1289X,TE1A3B0C3D009X,1,1,1,1,2.0,2.0,2.0,1.0,0.0,0.0
2.50263,88,-39,532,0,E1A1336B1941C1288X,TE1A3B0C3D009X,1,1,1,1,2.0,2.0,2.0,1.0,0.0,0.0
2.51694,89,-39,531,0,E1A1329B1941C1286X,TE1A3B0C3D009X,1,1,1,1,2.0,2.0,2.0,1.0,0.0,0.0
2.53037,89,-39,529,0,E1A1324B1941C1285X,TE1A3B0C3D009X,1,1,1,1,2.0,2.0,2.0,1.0,0.0,0.0
2.5431,90,-38,529,0,E1A1319B1941C1285X,TE1A3B0C3D009X,1,1,1,1,2.0,2.0,2.0,1.0,0.0,0.0
2.55616,90,-38,529,0,E1A1319B1941C1285X,TE1A3B0C3D009X,1,1,1,1,2.0,2.0,2.0,1.0,0.0,0.0
2.56925,91,-38,528,0,E1A1314B1941C1286X,TE1A3B0C3D009X,1,1,1,1,2.0,2.0,2.0,1.0,0.0,0.0
2.58358,91,-37,529,0,E1A1309B1941C1289X,TE1A3B0C3D009X,1,1,1,1,2.0,2.0,2.0,1.0,0.0,0.0
2.59752,92,-37,528,0,E1A1303B1941C1292X,TE1A3B0C3D009X,1,1,1,1,2.0,2.0,2.0,1.0,0.0,0.0
2.61013,92,-36,527,0,E1A1298B1941C1296X,TE1A3B0C3D009X,1,1,1,1,2.0,2.0,2.0,1.0,0.0,0.0
2.62324,93,-35,527,0,E1A1293B1941C1301X,TE1A3B0C3D009X,1,1,1,1,2.0,2.0,2.0,1.0,0.0,0.0
2.63632,93,-34,527,0,E1A1289B1941C1306X,TE1A3B0C3D009X,1,1,1,1,2.0,2.0,2.0,1.0,0.0,0.0
2.65019,93,-33,527,0,E1A1284B1941C1313X,TE1A3B0C3D009X,1,1,1,1,2.0,2.0,2.0,1.0,0.0,0.0
2.66388,94,-31,527,0,E1A1279B1941C1320X,TE1A3B0C3D009X,1,1,1,1,2.0,2.0,2.0,1.0,0.0,0.0
2.67669,94,-30,526,0,E1A1275B1941C1328X,TE1A3B0C3D009X,1,1,1,1,2.0,2.0,2.0,1.0,0.0,0.0
2.69007,94,-29,526,0,E1A1271B1941C1336X,TE1A3B0C3D009X,1,1,1,1,2.0,2.0,2.0,1.0,0.0,0.0
2.70304,94,-27,526,0,E1A1266B1941C1345X,TE1A3B0C3D009X,1,1,1,1,2.0,2.0,2.0,1.0,0.0,0.0
2.71695,94,-25,526,0,E1A1262B1941C1356X,TE1A3B0C3D009X,1,1,1,1,2.0,2.0,2.0,1.0,0.0,0.0
2.73078,94,-23,526,0,E1A1258B1941C1368X,TE1A3B0C3D009X,1,1,1,1,2.0,2.0,2.0,1.0,0.0,0.0
2.74321,94,-21,525,0,E1A1252B1941C1381X,TE1A3B0C3D009X,1,1,1,1,2.0,2.0,2.0,1.0,0.0,0.0
2.75606,93,-19,524,0,E1A1247B1941C1395X,TE1A3B0C3D009X,1,1,1,1,2.0,2.0,2.0,1.0,0.0,0.0
2.76883,93,-17,523,0,E1A1241B1941C1408X,TE1A4B0C3D009X,1,1,1,1,2.0,2.0,2.0,1.0,0.0,0.0
2.78136,93,-14,524,0,E1A1235B1941C1425X,TE1A4B0C3D009X,1,1,1,1,2.0,2.0,2.0,1.0,0.0,0.0
2.79968,93,-11,524,0,E1A1227B1941C1443X,TE1A4B0C3D009X,1,1,1,1,2.0,2.0,2.0,1.0,0.0,0.0
2.81266,93,-8,528,0,E1A1220B1941C1462X,TE1A4B0C3D009X,1,1,1,1,2.0,2.0,2.0,1.0,0.0,0.0
2.82547,93,-5,526,0,E1A1213B1941C1478X,TE1A4B0C3D009X,1,1,1,1,2.0,2.0,2.0,1.0,0.0,0.0
2.83851,92,-2,527,0,E1A1206B1941C1495X,TE1A4B0C3D009X,1,1,1,1,2.0,2.0,2.0,1.0,0.0,0.0
2.85107,91,0,525,0,E1A1199B1941C1510X,TE1A4B0C2D009X,1,1,1,1,2.0,2.0,2.0,1.0,0.0,0.0
2.86824,91,3,526,0,E1A1193B1941C1528X,TE1A4B0C2D009X,1,1,1,1,2.0,2.0,2.0,1.0,0.0,0.0
2.88174,90,5,526,0,E1A1186B1941C1544X,TE1A4B0C2D009X,1,1,1,1,2.0,2.0,2.0,1.0,0.0,0.0
2.89579,90,8,526,0,E1A1179B1941C1560X,TE1A4B0C2D009X,1,1,1,1,2.0,2.0,2.0,1.0,0.0,0.0
2.90972,89,11,525,0,E1A1172B1941C1574X,TE1A4B0C2D009X,1,1,1,1,2.0,2.0,2.0,1.0,0.0,0.0
2.92277,88,13,524,0,E1A1165B1941C1588X,TE1A4B0C2D009X,1,1,1,1,2.0,2.0,2.0,1.0,0.0,0.0
2.93584,87,16,522,0,E1A1158B1941C1604X,TE1A4B0C2D009X,1,1,1,1,2.0,2.0,2.0,1.0,0.0,0.0
2.94891,86,18,522,0,E1A1152B1941C1620X,TE1A4B0C2D009X,1,1,1,1,2.0,2.0,2.0,1.0,0.0,0.0
2.97254,85,21,521,0,E1A1144B1941C1637X,TE1A4B0C2D009X,1,1,1,1,2.0,2.0,2.0,1.0,0.0,0.0
2.99319,84,25,520,0,E1A1136B1941C1655X,TE1A4B0C2D009X,1,1,1,1,2.0,2.0,2.0,1.0,0.0,0.0
3.02762,82,28,518,0,E1A1126B1941C1676X,TE1A4B0C2D009X,1,1,1,1,2.0,2.0,2.0,1.0,0.0,0.0
3.04053,80,31,515,0,E1A1116B1941C1696X,TE1A4B0C2D009X,1,1,1,1,2.0,2.0,2.0,1.0,0.0,0.0
3.05342,78,35,513,0,E1A1107B1941C1715X,TE1A4B0C2D009X,1,1,1,1,2.0,2.0,2.0,1.0,0.0,0.0
3.06634,77,38,513,0,E1A1097B1941C1734X,TE1A4B0C1D009X,1,1,1,1,2.0,2.0,2.0,1.0,0.0,0.0
3.07926,75,41,511,0,E1A1088B1941C1751X,TE1A4B0C1D009X,1,1,1,1,2.0,2.0,2.0,1.0,0.0,0.0
3.09592,73,43,510,0,E1A1081B1941C1769X,TE1A4B0C1D009X,1,1,1,1,2.0,2.0,2.0,1.0,0.0,0.0
3.1113,71,46,508,0,E1A1074B1941C1787X,TE1A4B0C1D009X,1,1,1,1,2.0,2.0,2.0,1.0,0.0,0.0
3.12449,68,48,506,0,E1A1068B1941C1803X,TE1A4B0C1D009X,1,1,1,1,2.0,2.0,2.0,1.0,0.0,0.0
3.13755,66,51,505,0,E1A1063B1941C1818X,TE1A4B0C1D009X,1,1,1,1,2.0,2.0,2.0,1.0,0.0,0.0
3.15051,65,53,506,0,E1A1058B1941C1832X,TE1A4B0C1D009X,1,1,1,1,2.0,2.0,2.0,1.0,0.0,0.0
3.16338,63,54,506,0,E1A1055B1941C1844X,TE1A4B0C1D009X,1,1,1,1,2.0,2.0,2.0,1.0,0.0,0.0
3.17586,61,56,506,0,E1A1053B1941C1855X,TE1A4B0C1D009X,1,1,1,1,2.0,2.0,2.0,1.0,0.0,0.0
3.1884,60,57,506,0,E1A1054B1941C1864X,TE1A4B0C1D009X,1,1,1,1,2.0,2.0,2.0,1.0,0.0,0.0
3.2071,58,57,505,0,E1A1061B1941C1873X,TE1A4B0C1D009X,1,1,1,1,2.0,2.0,2.0,1.0,0.0,0.0
3.22006,55,58,505,0,E1A1071B1941C1882X,TE1A4B0C1D009X,1,1,1,1,2.0,2.0,2.0,1.0,0.0,0.0
3.23286,53,58,504,0,E1A1079B1941C1889X,TE1A4B0C1D009X,1,1,1,1,2.0,2.0,2.0,1.0,0.0,0.0
3.26326,50,58,505,0,E1A1093B1941C1898X,TE1A4B0C1D009X,1,1,1,1,2.0,2.0,2.0,1.0,0.0,0.0
3.27614,47,58,505,0,E1A1110B1941C1906X,TE1A4B0C1D009X,1,1,1,1,2.0,2.0,2.0,1.0,0.0,0.0
3.28905,43,57,503,0,E1A1126B1941C1913X,TE1A4B0C1D009X,1,1,1,1,2.0,2.0,2.0,1.0,0.0,0.0
3.3018,40,57,504,0,E1A1145B1941C1920X,TE1A4B0C1D009X,1,1,1,1,2.0,2.0,2.0,1.0,0.0,0.0
3.31463,37,56,503,0,E1A1165B1946C1920X,TE1A4B0C1D009X,1,1,1,1,2.0,2.0,2.0,1.0,0.0,0.0
3.32744,34,55,502,0,E1A1199B1939C1920X,TE1A4B0C1D009X,1,1,1,1,2.0,2.0,2.0,1.0,0.0,0.0
3.34037,31,54,503,0,E1A1232B1933C1920X,TE1A4B0C1D009X,1,1,1,1,2.0,2.0,2.0,1.0,0.0,0.0
3.3554,28,53,505,0,E1A1270B1926C1920X,TE1A4B1C1D009X,1,1,1,1,2.0,2.0,2.0,1.0,0.0,0.0
3.36944,25,52,504,0,E1A1304B1921C1920X,TE1A3B1C1D009X,1,1,1,1,2.0,2.0,2.0,1.0,0.0,0.0
3.38193,22,51,503,0,E1A1337B1916C1920X,TE1A3B1C1D009X,1,1,1,1,2.0,2.0,2.0,1.0,0.0,0.0
3.39467,19,50,502,0,E1A1371B1912C1920X,TE1A3B1C1D009X,1,1,1,1,2.0,2.0,2.0,1.0,0.0,0.0
3.40762,17,48,503,0,E1A1404B1908C1920X,TE1A3B1C1D009X,1,1,1,1,2.0,2.0,2.0,1.0,0.0,0.0
3.42043,14,47,505,0,E1A1438B1904C1920X,TE1A3B1C1D009X,1,1,1,1,2.0,2.0,2.0,1.0,0.0,0.0
3.43333,11,46,504,0,E1A1473B1902C1920X,TE1A3B1C1D009X,1,1,1,1,2.0,2.0,2.0,1.0,0.0,0.0
3.44571,8,44,505,0,E1A1508B1900C1920X,TE1A3B1C1D009X,1,1,1,1,2.0,2.0,2.0,1.0,0.0,0.0
3.45877,6,42,505,0,E1A1544B1898C1920X,TE1A3B1C1D009X,1,1,1,1,2.0,2.0,2.0,1.0,0.0,0.0
3.47164,3,40,507,0,E1A1580B1897C1920X,TE1A2B1C1D009X,1,1,1,1,2.0,2.0,2.0,1.0,0.0,0.0
3.48443,1,38,505,0,E1A1614B1897C1920X,TE1A2B1C1D009X,1,1,1,1,2.0,2.0,2.0,1.0,0.0,0.0
3.49707,-1,36,505,0,E1A1647B1898C1920X,TE1A2B1C1D009X,1,1,1,1,2.0,2.0,2.0,1.0,0.0,0.0
3.5113,-4,34,504,0,E1A1685B1899C1920X,TE1A2B1C1D009X,1,1,1,1,2.0,2.0,2.0,1.0,0.0,0.0
3.52403,-6,31,503,0,E1A1723B1901C1920X,TE1A2B1C1D009X,1,1,1,1,2.0,2.0,2.0,1.0,0.0,0.0
3.53693,-9,29,503,0,E1A1762B1902C1920X,TE1A1B1C1D009X,1,1,1,1,2.0,2.0,2.0,1.0,0.0,0.0
3.5495,-12,27,504,0,E1A1799B1903C1920X,TE1A1B1C1D009X,1,1,1,1,2.0,2.0,2.0,1.0,0.0,0.0
3.56173,-14,24,504,0,E1A1835B1904C1920X,TE1A1B1C1D009X,1,1,1,1,2.0,2.0,2.0,1.0,0.0,0.0
3.57532,-17,22,504,0,E1A1868B1903C1920X,TE1A1B1C1D009X,1,1,1,1,2.0,2.0,2.0,1.0,0.0,0.0
3.5882,-19,20,503,0,E1A1897B1898C1920X,TE1A1B1C1D009X,1,1,1,1,2.0,2.0,2.0,1.0,0.0,0.0
3.60067,-22,17,502,0,E1A1919B1881C1920X,TE1A1B1C1D009X,1,1,1,1,2.0,2.0,2.0,1.0,0.0,0.0
3.61306,-25,15,501,0,E1A1919B1869C1914X,TE1A1B1C1D009X,1,1,1,1,2.0,2.0,2.0,1.0,0.0,0.0
3.62639,-28,13,500,0,E1A1919B1855C1893X,TE1A1B1C1D009X,1,1,1,1,2.0,2.0,2.0,1.0,0.0,0.0
3.63971,-31,11,499,0,E1A1919B1836C1871X,TE1A1B1C1D009X,1,1,1,1,2.0,2.0,2.0,1.0,0.0,0.0
3.65223,-34,9,499,0,E1A1919B1816C1849X,TE1A1B1C1D009X,1,1,1,1,2.0,2.0,2.0,1.0,0.0,0.0
3.66477,-36,8,497,0,E1A1919B1796C1828X,TE1A1B1C1D009X,1,1,1,1,2.0,2.0,2.0,1.0,0.0,0.0
3.677,-39,6,495,0,E1A1919B1776C1807X,TE1A1B1C1D009X,1,1,1,1,2.0,2.0,2.0,1.0,0.0,0.0
3.68983,-42,4,493,0,E1A1919B1756C1788X,TE1A1B1C1D009X,1,1,1,1,2.0,2.0,2.0,1.0,0.0,0.0
3.70251,-44,3,492,0,E1A1919B1738C1769X,TE1A1B1C1D009X,1,1,1,1,2.0,2.0,2.0,1.0,0.0,0.0
3.71492,-46,2,490,0,E1A1919B1720C1752X,TE1A1B1C1D009X,1,1,1,1,2.0,2.0,2.0,1.0,0.0,0.0
3.728,-48,0,489,0,E1A1919B1703C1735X,TE1A1B1C1D009X,1,1,1,1,2.0,2.0,2.0,1.0,0.0,0.0
3.74072,-50,0,488,0,E1A1919B1687C1718X,TE1A1B1C1D009X,1,1,1,1,2.0,2.0,2.0,1.0,0.0,0.0
3.75513,-52,-1,488,0,E1A1919B1670C1702X,TE1A1B2C1D009X,1,1,1,1,2.0,2.0,2.0,1.0,0.0,0.0
3.76777,-54,-3,487,0,E1A1919B1654C1686X,TE1A1B2C2D009X,1,1,1,1,2.0,2.0,2.0,1.0,0.0,0.0
3.78319,-56,-4,486,0,E1A1919B1637C1670X,TE1A1B2C2D009X,1,1,1,1,2.0,2.0,2.0,1.0,0.0,0.0
3.79605,-58,-5,484,0,E1A1919B1619C1655X,TE1A1B2C2D009X,1,1,1,1,2.0,2.0,2.0,1.0,0.0,0.0
3.80863,-59,-6,484,0,E1A1919B1603C1641X,TE1A1B2C2D009X,1,1,1,1,2.0,2.0,2.0,1.0,0.0,0.0
3.82107,-61,-6,483,0,E1A1919B1586C1628X,TE1A1B2C2D009X,1,1,1,1,2.0,2.0,2.0,1.0,0.0,0.0
3.83371,-63,-7,482,0,E1A1919B1569C1616X,TE1A1B2C2D009X,1,1,1,1,2.0,2.0,2.0,1.0,0.0,0.0
3.84638,-64,-8,482,0,E1A1919B1552C1606X,TE1A1B2C2D009X,1,1,1,1,2.0,2.0,2.0,1.0,0.0,0.0
3.86309,-66,-8,482,0,E1A1919B1534C1598X,TE1A1B2C2D009X,1,1,1,1,2.0,2.0,2.0,1.0,0.0,0.0
3.87555,-68,-8,481,0,E1A1919B1516C1592X,TE1A1B2C2D009X,1,1,1,1,2.0,2.0,2.0,1.0,0.0,0.0
3.89529,-69,-7,481,0,E1A1919B1496C1588X,TE1A1B2C2D009X,1,1,1,1,2.0,2.0,2.0,1.0,0.0,0.0
3.90902,-71,-7,481,0,E1A1919B1477C1585X,TE1A1B2C2D009X,1,1,1,1,2.0,2.0,2.0,1.0,0.0,0.0
3.92356,-72,-6,481,0,E1A1919B1459C1584X,TE1A1B2C2D009X,1,1,1,1,2.0,2.0,2.0,1.0,0.0,0.0
3.93647,-73,-5,481,0,E1A1919B1440C1583X,TE1A1B3C2D009X,1,1,1,1,2.0,2.0,2.0,1.0,0.0,0.0
3.94975,-74,-4,481,0,E1A1919B1423C1583X,TE1A1B3C2D009X,1,1,1,1,2.0,2.0,2.0,1.0,0.0,0.0
3.96258,-75,-3,480,0,E1A1919B1405C1584X,TE1A1B3C2D009X,1,1,1,1,2.0,2.0,2.0,1.0,0.0,0.0
3.97492,-76,-2,478,0,E1A1919B1388C1585X,TE1A1B3C2D009X,1,1,1,1,2.0,2.0,2.0,1.0,0.0,0.0
3.98765,-77,-1,478,0,E1A1919B1369C1586X,TE1A1B3C2D009X,1,1,1,1,2.0,2.0,2.0,1.0,0.0,0.0
4.00019,-78,0,476,0,E1A1919B1351C1588X,TE1A1B3C2D009X,1,1,1,1,2.0,2.0,2.0,1.0,0.0,0.0
4.01273,-78,0,475,0,E1A1919B1333C1590X,TE1A1B3C2D009X,1,1,1,1,2.0,2.0,2.0,1.0,0.0,0.0
4.02509,-79,1,475,0,E1A1919B1316C1591X,TE1A1B3C2D009X,1,1,1,1,2.0,2.0,2.0,1.0,0.0,0.0
4.03796,-80,2,473,0,E1A1919B1306C1594X,TE1A1B3C2D009X,1,1,1,1,2.0,2.0,2.0,1.0,0.0,0.0
4.05042,-80,3,473,0,E1A1919B1297C1597X,TE1A1B3C2D009X,1,1,1,1,2.0,2.0,2.0,1.0,0.0,0.0
4.0634,-81,4,472,0,E1A1919B1290C1600X,TE1A1B3C2D009X,1,1,1,1,2.0,2.0,2.0,1.0,0.0,0.0
4.07556,-81,5,471,0,E1A1919B1284C1603X,TE1A1B3C2D009X,1,1,1,1,2.0,2.0,2.0,1.0,0.0,0.0
4.0883,-81,5,470,0,E1A1919B1279C1604X,TE1A1B3C2D009X,1,1,1,1,2.0,2.0,2.0,1.0,0.0,0.0
4.10087,-81,5,469,0,E1A1919B1276C1605X,TE1A1B3C2D009X,1,1,1,1,2.0,2.0,2.0,1.0,0.0,0.0
4.1133,-81,6,468,0,E1A1919B1274C1607X,TE1A1B3C2D009X,1,1,1,1,2.0,2.0,2.0,1.0,0.0,0.0
4.12614,-81,6,467,0,E1A1919B1274C1608X,TE1A1B3C2D009X,1,1,1,1,2.0,2.0,2.0,1.0,0.0,0.0
4.13875,-80,6,466,0,E1A1919B1276C1608X,TE1A1B3C2D009X,1,1,1,1,2.0,2.0,2.0,1.0,0.0,0.0
4.15127,-80,6,466,0,E1A1919B1279C1609X,TE1A1B3C2D009X,1,1,1,1,2.0,2.0,2.0,1.0,0.0,0.0
4.16367,-79,6,466,0,E1A1919B1282C1610X,TE1A1B3C2D009X,1,1,1,1,2.0,2.0,2.0,1.0,0.0,0.0
4.17955,-78,6,464,0,E1A1919B1285C1610X,TE1A1B3C2D009X,1,1,1,1,2.0,2.0,2.0,1.0,0.0,0.0
4.19265,-77,5,464,0,E1A1919B1289C1609X,TE1A1B3C2D009X,1,1,1,1,2.0,2.0,2.0,1.0,0.0,0.0
4.20564,-75,5,462,0,E1A1919B1296C1608X,TE1A1B3C2D009X,1,1,1,1,2.0,2.0,2.0,1.0,0.0,0.0
4.22365,-74,4,461,0,E1A1919B1306C1609X,TE1A1B3C2D009X,1,1,1,1,2.0,2.0,2.0,1.0,0.0,0.0
4.24735,-71,4,460,0,E1A1919B1319C1610X,TE1A1B3C2D009X,1,1,1,1,2.0,2.0,2.0,1.0,0.0,0.0
4.26017,-69,3,457,0,E1A1919B1333C1610X,TE1A1B3C2D009X,1,1,1,1,2.0,2.0,2.0,1.0,0.0,0.0
4.27308,-67,3,456,0,E1A1919B1347C1610X,TE1A1B3C2D009X,1,1,1,1,2.0,2.0,2.0,1.0,0.0,0.0
4.28586,-64,2,455,0,E1A1919B1362C1611X,TE1A1B3C2D009X,1,1,1,1,2.0,2.0,2.0,1.0,0.0,0.0
4.32317,-61,1,453,0,E1A1919B1386C1613X,TE1A1B3C2D009X,1,1,1,1,2.0,2.0,2.0,1.0,0.0,0.0
4.34707,-57,0,451,0,E1A1919B1413C1616X,TE1A1B3C2D009X,1,1,1,1,2.0,2.0,2.0,1.0,0.0,0.0
4.35984,-54,0,449,0,E1A1919B1440C1620X,TE1A1B3C2D009X,1,1,1,1,2.0,2.0,2.0,1.0,0.0,0.0
4.38315,-50,0,446,0,E1A1919B1471C1624X,TE1A1B3C2D009X,1,1,1,1,2.0,2.0,2.0,1.0,0.0,0.0
4.39601,-46,-1,444,0,E1A1919B1501C1629X,TE1A1B3C2D009X,1,1,1,1,2.0,2.0,2.0,1.0,0.0,0.0
4.40881,-42,-2,441,0,E1A1919B1531C1633X,TE1A1B3C2D009X,1,1,1,1,2.0,2.0,2.0,1.0,0.0,0.0
4.42155,-38,-2,439,0,E1A1919B1561C1638X,TE1A1B2C2D009X,1,1,1,1,2.0,2.0,2.0,1.0,0.0,0.0
4.43424,-35,-3,437,0,E1A1919B1590C1642X,TE1A1B2C2D009X,1,1,1,1,2.0,2.0,2.0,1.0,0.0,0.0
4.44684,-31,-3,436,0,E1A1919B1618C1646X,TE1A1B2C2D009X,1,1,1,1,2.0,2.0,2.0,1.0,0.0,0.0
4.45963,-28,-4,435,0,E1A1919B1646C1650X,TE1A1B2C2D009X,1,1,1,1,2.0,2.0,2.0,1.0,0.0,0.0
4.48349,-24,-5,434,0,E1A1919B1675C1655X,TE1A1B2C2D009X,1,1,1,1,2.0,2.0,2.0,1.0,0.0,0.0
4.49621,-21,-5,432,0,E1A1919B1703C1659X,TE1A1B2C2D009X,1,1,1,1,2.0,2.0,2.0,1.0,0.0,0.0
4.50893,-18,-6,430,0,E1A1919B1730C1662X,TE1A1B2C2D009X,1,1,1,1,2.0,2.0,2.0,1.0,0.0,0.0
4.52163,-14,-6,429,0,E1A1919B1755C1664X,TE1A1B2C2D009X,1,1,1,1,2.0,2.0,2.0,1.0,0.0,0.0
4.53431,-12,-6,427,0,E1A1919B1777C1666X,TE1A1B1C2D009X,1,1,1,1,2.0,2.0,2.0,1.0,0.0,0.0
4.56328,-8,-7,425,0,E1A1919B1802C1664X,TE1A1B1C2D009X,1,1,1,1,2.0,2.0,2.0,1.0,0.0,0.0
4.57616,-5,-7,426,0,E1A1919B1842C1696X,TE1A1B1C2D009X,1,1,1,1,2.0,2.0,2.0,1.0,0.0,0.0
4.58877,-3,-8,427,0,E1A1919B1876C1719X,TE1A1B1C2D009X,1,1,1,1,2.0,2.0,2.0,1.0,0.0,0.0
4.6072,0,-9,425,0,E1A1919B1905C1729X,TE1A1B1C1D009X,1,1,1,1,2.0,2.0,2.0,1.0,0.0,0.0
4.61995,2,-9,426,0,E1A1919B1930C1729X,TE1A1B1C1D009X,1,1,1,1,2.0,2.0,2.0,1.0,0.0,0.0
4.6392,4,-10,425,0,E1A1925B1930C1705X,TE1A1B1C1D009X,1,1,1,1,2.0,2.0,2.0,1.0,0.0,0.0
4.65182,7,-11,425,0,E1A1909B1930C1706X,TE1A1B1C2D009X,1,1,1,1,2.0,2.0,2.0,1.0,0.0,0.0
4.66427,9,-12,422,0,E1A1893B1930C1702X,TE1A1B1C2D009X,1,1,1,1,2.0,2.0,2.0,1.0,0.0,0.0
4.67646,11,-12,422,0,E1A1878B1930C1695X,TE1A1B1C2D009X,1,1,1,1,2.0,2.0,2.0,1.0,0.0,0.0
4.69913,13,-13,420,0,E1A1863B1930C1686X,TE1A1B1C2D009X,1,1,1,1,2.0,2.0,2.0,1.0,0.0,0.0
4.71191,15,-14,420,0,E1A1849B1930C1676X,TE1A1B1C2D009X,1,1,1,1,2.0,2.0,2.0,1.0,0.0,0.0
4.72445,17,-15,420,0,E1A1836B1930C1667X,TE1A1B1C2D009X,1,1,1,1,2.0,2.0,2.0,1.0,0.0,0.0
4.73695,18,-15,418,0,E1A1824B1930C1658X,TE1A1B1C2D009X,1,1,1,1,2.0,2.0,2.0,1.0,0.0,0.0
4.75512,20,-16,417,0,E1A1812B1930C1650X,TE1A1B1C2D009X,1,1,1,1,2.0,2.0,2.0,1.0,0.0,0.0
4.76762,21,-16,417,0,E1A1802B1930C1643X,TE1A1B1C2D009X,1,1,1,1,2.0,2.0,2.0,1.0,0.0,0.0
4.77981,22,-16,415,0,E1A1792B1930C1636X,TE1A1B1C2D009X,1,1,1,1,2.0,2.0,2.0,1.0,0.0,0.0
4.79267,23,-17,414,0,E1A1784B1930C1632X,TE1A1B1C2D009X,1,1,1,1,2.0,2.0,2.0,1.0,0.0,0.0
4.80534,23,-17,413,0,E1A1776B1930C1628X,TE1A1B1C2D009X,1,1,1,1,2.0,2.0,2.0,1.0,0.0,0.0
4.81805,24,-17,411,0,E1A1770B1930C1625X,TE1A1B1C2D009X,1,1,1,1,2.0,2.0,2.0,1.0,0.0,0.0
4.83055,24,-16,410,0,E1A1765B1930C1623X,TE1A1B1C2D009X,1,1,1,1,2.0,2.0,2.0,1.0,0.0,0.0
4.84431,24,-16,409,0,E1A1762B1930C1623X,TE1A1B1C2D009X,1,1,1,1,2.0,2.0,2.0,1.0,0.0,0.0
4.85698,24,-16,408,0,E1A1759B1930C1625X,TE1A1B1C2D009X,1,1,1,1,2.0,2.0,2.0,1.0,0.0,0.0
4.87916,24,-16,407,0,E1A1758B1930C1628X,TE1A1B1C2D009X,1,1,1,1,2.0,2.0,2.0,1.0,0.0,0.0
4.89928,24,-15,407,0,E1A1760B1930C1632X,TE1A1B1C2D009X,1,1,1,1,2.0,2.0,2.0,1.0,0.0,0.0
4.91189,23,-15,405,0,E1A1763B1930C1636X,TE1A1B1C2D009X,1,1,1,1,2.0,2.0,2.0,1.0,0.0,0.0
4.92437,22,-14,404,0,E1A1766B1930C1641X,TE1A1B1C2D009X,1,1,1,1,2.0,2.0,2.0,1.0,0.0,0.0
4.93688,21,-14,402,0,E1A1771B1930C1646X,TE1A1B1C2D009X,1,1,1,1,2.0,2.0,2.0,1.0,0.0,0.0
4.95518,20,-13,402,0,E1A1778B1930C1651X,TE1A1B1C2D009X,1,1,1,1,2.0,2.0,2.0,1.0,0.0,0.0
4.96777,19,-13,402,0,E1A1787B1930C1656X,TE1A1B1C2D009X,1,1,1,1,2.0,2.0,2.0,1.0,0.0,0.0
4.97985,17,-13,402,0,E1A1796B1930C1661X,TE1A1B1C2D009X,1,1,1,1,2.0,2.0,2.0,1.0,0.0,0.0
4.99252,16,-12,400,0,E1A1806B1930C1664X,TE1A1B1C2D009X,1,1,1,1,2.0,2.0,2.0,1.0,0.0,0.0
5.00515,14,-12,400,0,E1A1816B1930C1667X,TE1A1B1C2D009X,1,1,1,1,2.0,2.0,2.0,1.0,0.0,0.0
5.01748,13,-12,399,0,E1A1827B1930C1669X,TE1A1B1C2D009X,1,1,1,1,2.0,2.0,2.0,1.0,0.0,0.0
5.02994,11,-12,398,0,E1A1838B1930C1670X,TE1A1B1C2D009X,1,1,1,1,2.0,2.0,2.0,1.0,0.0,0.0
5.04686,10,-12,397,0,E1A1851B1930C1668X,TE1A1B1C2D009X,1,1,1,1,2.0,2.0,2.0,1.0,0.0,0.0
5.05926,8,-12,396,0,E1A1864B1930C1664X,TE1A1B1C2D009X,1,1,1,1,2.0,2.0,2.0,1.0,0.0,0.0
5.07164,6,-12,396,0,E1A1877B1930C1659X,TE1A1B1C2D009X,1,1,1,1,2.0,2.0,2.0,1.0,0.0,0.0
5.08416,4,-12,394,0,E1A1890B1930C1650X,TE1A1B1C2D009X,1,1,1,1,2.0,2.0,2.0,1.0,0.0,0.0
5.09658,2,-12,394,0,E1A1902B1930C1639X,TE1A1B1C2D009X,1,1,1,1,2.0,2.0,2.0,1.0,0.0,0.0
5.10844,0,-12,393,0,E1A1915B1930C1625X,TE1A1B1C2D009X,1,1,1,1,2.0,2.0,2.0,1.0,0.0,0.0
5.12082,-1,-13,392,0,E1A1915B1945C1609X,TE1A1B1C2D009X,1,1,1,1,2.0,2.0,2.0,1.0,0.0,0.0
5.13325,-2,-13,392,0,E1A1915B1933C1614X,TE1A1B0C2D009X,1,1,1,1,2.0,2.0,2.0,1.0,0.0,0.0
5.14561,-4,-13,392,0,E1A1915B1920C1616X,TE1A1B1C2D009X,1,1,1,1,2.0,2.0,2.0,1.0,0.0,0.0
5.15784,-6,-14,391,0,E1A1915B1908C1616X,TE1A1B1C2D009X,1,1,1,1,2.0,2.0,2.0,1.0,0.0,0.0
5.1704,-7,-14,391,0,E1A1915B1895C1614X,TE1A1B1C2D009X,1,1,1,1,2.0,2.0,2.0,1.0,0.0,0.0
5.18331,-9,-15,391,0,E1A1915B1882C1611X,TE1A1B1C2D009X,1,1,1,1,2.0,2.0,2.0,1.0,0.0,0.0
5.19682,-11,-15,391,0,E1A1915B1869C1607X,TE1A1B1C2D009X,1,1,1,1,2.0,2.0,2.0,1.0,0.0,0.0
5.20937,-13,-15,390,0,E1A1915B1855C1602X,TE1A1B1C2D009X,1,1,1,1,2.0,2.0,2.0,1.0,0.0,0.0
5.22208,-14,-16,390,0,E1A1915B1841C1596X,TE1A1B1C2D009X,1,1,1,1,2.0,2.0,2.0,1.0,0.0,0.0
5.23462,-16,-16,389,0,E1A1915B1828C1590X,TE1A1B1C2D009X,1,1,1,1,2.0,2.0,2.0,1.0,0.0,0.0
5.2466,-17,-17,389,0,E1A1915B1814C1583X,TE1A1B1C2D009X,1,1,1,1,2.0,2.0,2.0,1.0,0.0,0.0
5.25907,-19,-17,388,0,E1A1915B1800C1577X,TE1A1B1C2D009X,1,1,1,1,2.0,2.0,2.0,1.0,0.0,0.0
5.27165,-20,-17,387,0,E1A1915B1787C1570X,TE1A1B1C2D009X,1,1,1,1,2.0,2.0,2.0,1.0,0.0,0.0
5.28411,-22,-17,386,0,E1A1915B1773C1563X,TE1A1B1C2D009X,1,1,1,1,2.0,2.0,2.0,1.0,0.0,0.0
5.29642,-23,-18,386,0,E1A1915B1759C1556X,TE1A1B1C2D009X,1,1,1,1,2.0,2.0,2.0,1.0,0.0,0.0
5.30808,-25,-18,385,0,E1A1915B1745C1550X,TE1A1B1C2D009X,1,1,1,1,2.0,2.0,2.0,1.0,0.0,0.0
5.32041,-26,-18,385,0,E1A1915B1731C1544X,TE1A1B1C2D009X,1,1,1,1,2.0,2.0,2.0,1.0,0.0,0.0
5.33275,-27,-18,385,0,E1A1915B1718C1538X,TE1A1B1C2D009X,1,1,1,1,2.0,2.0,2.0,1.0,0.0,0.0
5.34493,-29,-18,384,0,E1A1915B1704C1533X,TE1A1B1C2D009X,1,1,1,1,2.0,2.0,2.0,1.0,0.0,0.0
5.35679,-30,-18,383,0,E1A1915B1691C1527X,TE1A1B1C2D009X,1,1,1,1,2.0,2.0,2.0,1.0,0.0,0.0
5.36921,-31,-18,382,0,E1A1915B1678C1522X,TE1A1B2C2D009X,1,1,1,1,2.0,2.0,2.0,1.0,0.0,0.0
5.38113,-32,-18,381,0,E1A1915B1666C1517X,TE1A1B2C2D009X,1,1,1,1,2.0,2.0,2.0,1.0,0.0,0.0
5.39368,-33,-18,379,0,E1A1915B1654C1512X,TE1A1B2C2D009X,1,1,1,1,2.0,2.0,2.0,1.0,0.0,0.0
5.40604,-34,-18,379,0,E1A1915B1643C1507X,TE1A1B2C2D009X,1,1,1,1,2.0,2.0,2.0,1.0,0.0,0.0
5.41882,-34,-18,377,0,E1A1915B1632C1502X,TE1A1B2C2D009X,1,1,1,1,2.0,2.0,2.0,1.0,0.0,0.0
5.43113,-35,-18,377,0,E1A1915B1621C1497X,TE1A1B2C2D009X,1,1,1,1,2.0,2.0,2.0,1.0,0.0,0.0
5.44304,-36,-18,376,0,E1A1915B1611C1492X,TE1A1B2C2D009X,1,1,1,1,2.0,2.0,2.0,1.0,0.0,0.0
5.45535,-37,-18,376,0,E1A1915B1601C1488X,TE1A1B2C2D009X,1,1,1,1,2.0,2.0,2.0,1.0,0.0,0.0
5.46755,-37,-19,376,0,E1A1915B1592C1483X,TE1A1B2C2D009X,1,1,1,1,2.0,2.0,2.0,1.0,0.0,0.0
5.48002,-38,-19,375,0,E1A1915B1582C1478X,TE1A1B2C2D009X,1,1,1,1,2.0,2.0,2.0,1.0,0.0,0.0
5.49188,-38,-19,375,0,E1A1915B1573C1472X,TE1A1B2C2D009X,1,1,1,1,2.0,2.0,2.0,1.0,0.0,0.0
5.5043,-39,-19,374,0,E1A1915B1564C1467X,TE1A1B2C3D009X,1,1,1,1,2.0,2.0,2.0,1.0,0.0,0.0
5.5164,-39,-19,373,0,E1A1915B1555C1461X,TE1A1B2C3D009X,1,1,1,1,2.0,2.0,2.0,1.0,0.0,0.0
5.52806,-40,-19,372,0,E1A1915B1546C1456X,TE1A1B2C3D009X,1,1,1,1,2.0,2.0,2.0,1.0,0.0,0.0
5.54043,-41,-19,372,0,E1A1915B1537C1451X,TE1A1B2C3D009X,1,1,1,1,2.0,2.0,2.0,1.0,0.0,0.0
5.55274,-41,-19,371,0,E1A1915B1528C1446X,TE1A1B2C3D009X,1,1,1,1,2.0,2.0,2.0,1.0,0.0,0.0
5.5649,-42,-19,370,0,E1A1915B1519C1441X,TE1A1B2C3D009X,1,1,1,1,2.0,2.0,2.0,1.0,0.0,0.0
5.57674,-42,-19,370,0,E1A1915B1510C1435X,TE1A1B2C3D009X,1,1,1,1,2.0,2.0,2.0,1.0,0.0,0.0
5.58902,-43,-19,369,0,E1A1915B1501C1430X,TE1A1B2C3D009X,1,1,1,1,2.0,2.0,2.0,1.0,0.0,0.0
5.60102,-43,-19,369,0,E1A1915B1492C1425X,TE1A1B2C3D009X,1,1,1,1,2.0,2.0,2.0,1.0,0.0,0.0
5.61302,-44,-20,368,0,E1A1915B1481C1420X,TE1A1B2C3D009X,1,1,1,1,2.0,2.0,2.0,1.0,0.0,0.0
5.62489,-44,-19,365,0,E1A1915B1470C1413X,TE1A1B2C3D009X,1,1,1,1,2.0,2.0,2.0,1.0,0.0,0.0
5.63727,-45,-19,365,0,E1A1915B1459C1408X,TE1A1B3C3D009X,1,1,1,1,2.0,2.0,2.0,1.0,0.0,0.0
5.65606,-45,-20,364,0,E1A1915B1450C1402X,TE1A1B3C3D009X,1,1,1,1,2.0,2.0,2.0,1.0,0.0,0.0
5.66828,-46,-20,364,0,E1A1915B1441C1396X,TE1A1B3C3D009X,1,1,1,1,2.0,2.0,2.0,1.0,0.0,0.0
5.68025,-46,-20,363,0,E1A1915B1433C1390X,TE1A1B3C3D009X,1,1,1,1,2.0,2.0,2.0,1.0,0.0,0.0
5.692,-46,-20,362,0,E1A1915B1426C1385X,TE1A1B3C3D009X,1,1,1,1,2.0,2.0,2.0,1.0,0.0,0.0
5.70427,-47,-20,362,0,E1A1915B1419C1379X,TE1A1B3C3D009X,1,1,1,1,2.0,2.0,2.0,1.0,0.0,0.0
5.71675,-47,-20,362,0,E1A1915B1413C1375X,TE1A1B3C3D009X,1,1,1,1,2.0,2.0,2.0,1.0,0.0,0.0
5.73004,-47,-21,361,0,E1A1915B1408C1370X,TE1A1B3C3D009X,1,1,1,1,2.0,2.0,2.0,1.0,0.0,0.0
5.74183,-47,-21,361,0,E1A1915B1404C1365X,TE1A1B3C3D009X,1,1,1,1,2.0,2.0,2.0,1.0,0.0,0.0
5.75416,-47,-21,361,0,E1A1915B1401C1360X,TE1A1B3C3D009X,1,1,1,1,2.0,2.0,2.0,1.0,0.0,0.0
5.76629,-47,-21,360,0,E1A1915B1398C1355X,TE1A1B3C3D009X,1,1,1,1,2.0,2.0,2.0,1.0,0.0,0.0
5.77792,-47,-22,360,0,E1A1915B1398C1351X,TE1A1B3C3D009X,1,1,1,1,2.0,2.0,2.0,1.0,0.0,0.0
5.7902,-46,-22,360,0,E1A1915B1398C1347X,TE1A1B3C3D009X,1,1,1,1,2.0,2.0,2.0,1.0,0.0,0.0
5.8023,-46,-22,360,0,E1A1915B1399C1343X,TE1A1B3C3D009X,1,1,1,1,2.0,2.0,2.0,1.0,0.0,0.0
5.8143,-45,-22,359,0,E1A1915B1400C1339X,TE1A1B3C3D009X,1,1,1,1,2.0,2.0,2.0,1.0,0.0,0.0
5.826,-44,-23,359,0,E1A1915B1401C1335X,TE1A1B3C3D009X,1,1,1,1,2.0,2.0,2.0,1.0,0.0,0.0
5.84683,-44,-23,359,0,E1A1915B1408C1330X,TE1A1B3C3D009X,1,1,1,1,2.0,2.0,2.0,1.0,0.0,0.0
5.85903,-43,-24,359,0,E1A1915B1416C1325X,TE1A1B3C3D009X,1,1,1,1,2.0,2.0,2.0,1.0,0.0,0.0
5.88283,-41,-24,359,0,E1A1915B1425C1319X,TE1A1B3C3D009X,1,1,1,1,2.0,2.0,2.0,1.0,0.0,0.0
5.89486,-40,-25,358,0,E1A1915B1436C1313X,TE1A1B3C3D009X,1,1,1,1,2.0,2.0,2.0,1.0,0.0,0.0
5.90685,-38,-26,358,0,E1A1915B1447C1306X,TE1A1B3C3D009X,1,1,1,1,2.0,2.0,2.0,1.0,0.0,0.0
5.91897,-37,-27,357,0,E1A1915B1459C1298X,TE1A1B3C3D009X,1,1,1,1,2.0,2.0,2.0,1.0,0.0,0.0
5.93101,-35,-27,357,0,E1A1915B1472C1290X,TE1A1B3C3D009X,1,1,1,1,2.0,2.0,2.0,1.0,0.0,0.0
5.94253,-34,-28,357,0,E1A1915B1485C1282X,TE1A1B3C3D009X,1,1,1,1,2.0,2.0,2.0,1.0,0.0,0.0
5.95475,-32,-29,356,0,E1A1915B1498C1273X,TE1A1B3C3D009X,1,1,1,1,2.0,2.0,2.0,1.0,0.0,0.0
5.96648,-30,-30,355,0,E1A1915B1511C1262X,TE1A1B2C3D009X,1,1,1,1,2.0,2.0,2.0,1.0,0.0,0.0
5.9777,-29,-31,354,0,E1A1915B1525C1252X,TE1A1B2C3D009X,1,1,1,1,2.0,2.0,2.0,1.0,0.0,0.0
5.9896,-27,-32,354,0,E1A1915B1539C1241X,TE1A1B2C3D009X,1,1,1,1,2.0,2.0,2.0,1.0,0.0,0.0
6.00121,-25,-33,354,0,E1A1915B1554C1230X,TE1A1B2C4D009X,1,1,1,1,2.0,2.0,2.0,1.0,0.0,0.0
6.01274,-23,-34,353,0,E1A1915B1568C1219X,TE1A1B2C4D009X,1,1,1,1,2.0,2.0,2.0,1.0,0.0,0.0
6.02417,-22,-34,352,0,E1A1915B1582C1206X,TE1A1B2C4D009X,1,1,1,1,2.0,2.0,2.0,1.0,0.0,0.0
6.03792,-20,-35,351,0,E1A1915B1596C1194X,TE1A1B2C4D009X,1,1,1,1,2.0,2.0,2.0,1.0,0.0,0.0
6.04966,-18,-36,350,0,E1A1915B1610C1182X,TE1A1B2C4D009X,1,1,1,1,2.0,2.0,2.0,1.0,0.0,0.0
6.06068,-16,-37,350,0,E1A1915B1624C1169X,TE1A1B2C4D009X,1,1,1,1,2.0,2.0,2.0,1.0,0.0,0.0
6.07246,-15,-38,349,0,E1A1915B1638C1157X,TE1A1B2C4D009X,1,1,1,1,2.0,2.0,2.0,1.0,0.0,0.0
6.08421,-13,-38,348,0,E1A1915B1652C1145X,TE1A1B2C4D009X,1,1,1,1,2.0,2.0,2.0,1.0,0.0,0.0
6.09584,-11,-39,348,0,E1A1915B1666C1134X,TE1A1B2C4D009X,1,1,1,1,2.0,2.0,2.0,1.0,0.0,0.0
6.10715,-9,-39,347,0,E1A1915B1681C1123X,TE1A1B2C4D009X,1,1,1,1,2.0,2.0,2.0,1.0,0.0,0.0
6.119,-7,-40,347,0,E1A1915B1694C1113X,TE1A1B2C4D009X,1,1,1,1,2.0,2.0,2.0,1.0,0.0,0.0
6.13064,-6,-40,347,0,E1A1915B1708C1103X,TE1A1B2C4D009X,1,1,1,1,2.0,2.0,2.0,1.0,0.0,0.0
6.14196,-4,-40,346,0,E1A1915B1722C1095X,TE1A1B2C4D009X,1,1,1,1,2.0,2.0,2.0,1.0,0.0,0.0
6.15431,-2,-40,345,0,E1A1915B1736C1087X,TE1A1B1C4D009X,1,1,1,1,2.0,2.0,2.0,1.0,0.0,0.0
6.16648,0,-40,344,0,E1A1915B1750C1080X,TE1A1B1C4D009X,1,1,1,1,2.0,2.0,2.0,1.0,0.0,0.0
6.17773,0,-40,344,0,E1A1915B1763C1074X,TE1A1B1C4D009X,1,1,1,1,2.0,2.0,2.0,1.0,0.0,0.0
6.18982,2,-40,343,0,E1A1915B1776C1068X,TE1A1B1C4D009X,1,1,1,1,2.0,2.0,2.0,1.0,0.0,0.0
6.2015,4,-39,342,0,E1A1915B1789C1062X,TE1A1B1C4D009X,1,1,1,1,2.0,2.0,2.0,1.0,0.0,0.0
6.22248,6,-39,342,0,E1A1915B1803C1057X,TE1A1B1C4D009X,1,1,1,1,2.0,2.0,2.0,1.0,0.0,0.0
6.23418,7,-39,340,0,E1A1915B1816C1051X,TE1A1B1C4D009X,1,1,1,1,2.0,2.0,2.0,1.0,0.0,0.0
6.24522,9,-38,340,0,E1A1915B1829C1045X,TE1A1B1C4D009X,1,1,1,1,2.0,2.0,2.0,1.0,0.0,0.0
6.25681,10,-38,339,0,E1A1915B1842C1038X,TE1A1B1C4D009X,1,1,1,1,2.0,2.0,2.0,1.0,0.0,0.0
6.27814,12,-38,338,0,E1A1915B1855C1030X,TE1A1B1C4D009X,1,1,1,1,2.0,2.0,2.0,1.0,0.0,0.0
6.29026,13,-37,337,0,E1A1915B1867C1022X,TE1A1B1C4D009X,1,1,1,1,2.0,2.0,2.0,1.0,0.0,0.0
6.30185,15,-37,336,0,E1A1915B1878C1015X,TE1A1B1C5D009X,1,1,1,1,2.0,2.0,2.0,1.0,0.0,0.0
6.31309,16,-37,336,0,E1A1915B1889C1007X,TE1A1B1C5D009X,1,1,1,1,2.0,2.0,2.0,1.0,0.0,0.0
6.32483,17,-36,335,0,E1A1915B1899C1001X,TE1A1B1C5D009X,1,1,1,1,2.0,2.0,2.0,1.0,0.0,0.0
6.33641,18,-36,334,0,E1A1915B1909C0993X,TE1A1B1C5D009X,1,1,1,1,2.0,2.0,2.0,1.0,0.0,0.0
6.34786,19,-36,334,0,E1A1915B1920C0987X,TE1A1B1C5D009X,1,1,1,1,2.0,2.0,2.0,1.0,0.0,0.0
6.35916,20,-35,333,0,E1A1915B1930C0980X,TE1A1B1C5D009X,1,1,1,1,2.0,2.0,2.0,1.0,0.0,0.0
6.37093,22,-35,333,0,E1A1915B1940C0975X,TE1A1B1C5D009X,1,1,1,1,2.0,2.0,2.0,1.0,0.0,0.0
6.38258,22,-34,332,0,E1A1922B1940C0976X,TE1A1B0C5D009X,1,1,1,1,2.0,2.0,2.0,1.0,0.0,0.0
6.40175,23,-33,331,0,E1A1913B1940C0993X,TE1A1B0C5D009X,1,1,1,1,2.0,2.0,2.0,1.0,0.0,0.0
6.41436,24,-32,330,0,E1A1905B1940C1011X,TE1A1B0C5D009X,1,1,1,1,2.0,2.0,2.0,1.0,0.0,0.0
6.42602,25,-31,330,0,E1A1897B1940C1030X,TE1A1B0C5D009X,1,1,1,1,2.0,2.0,2.0,1.0,0.0,0.0
6.4376,26,-30,329,0,E1A1890B1940C1050X,TE1A1B0C5D009X,1,1,1,1,2.0,2.0,2.0,1.0,0.0,0.0
6.44909,26,-29,328,0,E1A1883B1940C1070X,TE1A1B0C4D009X,1,1,1,1,2.0,2.0,2.0,1.0,0.0,0.0
6.46036,27,-28,328,0,E1A1876B1940C1093X,TE1A1B0C4D009X,1,1,1,1,2.0,2.0,2.0,1.0,0.0,0.0
6.47199,27,-26,327,0,E1A1870B1940C1116X,TE1A1B0C4D009X,1,1,1,1,2.0,2.0,2.0,1.0,0.0,0.0
6.48339,28,-25,326,0,E1A1865B1940C1140X,TE1A1B0C4D009X,1,1,1,1,2.0,2.0,2.0,1.0,0.0,0.0
6.50213,28,-23,325,0,E1A1859B1940C1167X,TE1A1B0C4D009X,1,1,1,1,2.0,2.0,2.0,1.0,0.0,0.0
6.51403,28,-22,325,0,E1A1853B1940C1195X,TE1A1B0C4D009X,1,1,1,1,2.0,2.0,2.0,1.0,0.0,0.0
6.52604,29,-20,324,0,E1A1847B1940C1222X,TE1A1B0C4D009X,1,1,1,1,2.0,2.0,2.0,1.0,0.0,0.0
6.5382,29,-18,324,0,E1A1842B1940C1250X,TE1A1B0C4D009X,1,1,1,1,2.0,2.0,2.0,1.0,0.0,0.0
6.54979,29,-17,323,0,E1A1837B1940C1277X,TE1A1B0C4D009X,1,1,1,1,2.0,2.0,2.0,1.0,0.0,0.0
6.56134,29,-15,322,0,E1A1834B1940C1305X,TE1A1B0C3D009X,1,1,1,1,2.0,2.0,2.0,1.0,0.0,0.0
6.58207,29,-13,322,0,E1A1831B1940C1336X,TE1A1B0C3D009X,1,1,1,1,2.0,2.0,2.0,1.0,0.0,0.0
6.59426,29,-11,321,0,E1A1829B1940C1366X,TE1A1B0C3D009X,1,1,1,1,2.0,2.0,2.0,1.0,0.0,0.0
6.61444,29,-9,321,0,E1A1827B1940C1399X,TE1A1B0C3D009X,1,1,1,1,2.0,2.0,2.0,1.0,0.0,0.0
6.62618,29,-7,320,0,E1A1826B1940C1430X,TE1A1B0C3D009X,1,1,1,1,2.0,2.0,2.0,1.0,0.0,0.0
6.63798,28,-5,319,0,E1A1826B1940C1461X,TE1A1B0C3D009X,1,1,1,1,2.0,2.0,2.0,1.0,0.0,0.0
6.65006,28,-3,319,0,E1A1826B1940C1492X,TE1A1B0C3D009X,1,1,1,1,2.0,2.0,2.0,1.0,0.0,0.0
6.66227,28,-1,318,0,E1A1827B1940C1522X,TE1A1B0C2D009X,1,1,1,1,2.0,2.0,2.0,1.0,0.0,0.0
6.67405,27,0,318,0,E1A1829B1940C1552X,TE1A1B0C2D009X,1,1,1,1,2.0,2.0,2.0,1.0,0.0,0.0
6.6858,26,2,317,0,E1A1831B1940C1582X,TE1A1B0C2D009X,1,1,1,1,2.0,2.0,2.0,1.0,0.0,0.0
6.70619,26,3,317,0,E1A1836B1940C1613X,TE1A1B0C2D009X,1,1,1,1,2.0,2.0,2.0,1.0,0.0,0.0
6.71828,25,5,316,0,E1A1840B1940C1642X,TE1A1B0C2D009X,1,1,1,1,2.0,2.0,2.0,1.0,0.0,0.0
6.73008,24,7,315,0,E1A1846B1940C1671X,TE1A1B0C2D009X,1,1,1,1,2.0,2.0,2.0,1.0,0.0,0.0
6.74116,23,9,314,0,E1A1852B1940C1699X,TE1A1B0C2D009X,1,1,1,1,2.0,2.0,2.0,1.0,0.0,0.0
6.75253,22,10,313,0,E1A1858B1940C1725X,TE1A1B0C2D009X,1,1,1,1,2.0,2.0,2.0,1.0,0.0,0.0
6.76387,21,12,312,0,E1A1864B1940C1750X,TE1A1B0C1D009X,1,1,1,1,2.0,2.0,2.0,1.0,0.0,0.0
6.77523,20,13,311,0,E1A1870B1940C1773X,TE1A1B0C1D009X,1,1,1,1,2.0,2.0,2.0,1.0,0.0,0.0
6.78671,19,15,310,0,E1A1876B1940C1796X,TE1A1B0C1D009X,1,1,1,1,2.0,2.0,2.0,1.0,0.0,0.0
6.798,18,16,310,0,E1A1882B1940C1817X,TE1A1B0C1D009X,1,1,1,1,2.0,2.0,2.0,1.0,0.0,0.0
6.81888,17,17,309,0,E1A1888B1940C1838X,TE1A1B0C1D009X,1,1,1,1,2.0,2.0,2.0,1.0,0.0,0.0
6.84251,17,18,308,0,E1A1895B1940C1860X,TE1A1B0C1D009X,1,1,1,1,2.0,2.0,2.0,1.0,0.0,0.0
6.85417,16,20,307,0,E1A1901B1940C1881X,TE1A1B0C1D009X,1,1,1,1,2.0,2.0,2.0,1.0,0.0,0.0
6.87422,15,21,307,0,E1A1906B1940C1902X,TE1A1B0C1D009X,1,1,1,1,2.0,2.0,2.0,1.0,0.0,0.0
6.88622,14,22,306,0,E1A1907B1940C1920X,TE1A1B0C1D009X,1,1,1,1,2.0,2.0,2.0,1.0,0.0,0.0
6.89825,13,23,305,0,E1A1903B1938C1920X,TE1A1B0C1D009X,1,1,1,1,2.0,2.0,2.0,1.0,0.0,0.0
6.90998,13,24,304,0,E1A1898B1922C1920X,TE1A1B0C1D009X,1,1,1,1,2.0,2.0,2.0,1.0,0.0,0.0
6.93015,12,25,303,0,E1A1891B1904C1920X,TE1A1B1C1D009X,1,1,1,1,2.0,2.0,2.0,1.0,0.0,0.0
6.94196,11,27,302,0,E1A1883B1887C1920X,TE1A1B1C1D009X,1,1,1,1,2.0,2.0,2.0,1.0,0.0,0.0
6.95418,11,28,301,0,E1A1875B1871C1920X,TE1A1B1C1D009X,1,1,1,1,2.0,2.0,2.0,1.0,0.0,0.0
6.96593,10,29,300,0,E1A1868B1855C1920X,TE1A1B1C1D009X,1,1,1,1,2.0,2.0,2.0,1.0,0.0,0.0
6.97813,10,29,299,0,E1A1861B1841C1920X,TE1A1B1C1D009X,1,1,1,1,2.0,2.0,2.0,1.0,0.0,0.0
6.99017,10,30,298,0,E1A1854B1828C1920X,TE1A1B1C1D009X,1,1,1,1,2.0,2.0,2.0,1.0,0.0,0.0
7.00188,9,31,298,0,E1A1848B1815C1920X,TE1A1B1C1D009X,1,1,1,1,2.0,2.0,2.0,1.0,0.0,0.0
7.01313,9,32,297,0,E1A1843B1803C1920X,TE1A1B1C1D009X,1,1,1,1,2.0,2.0,2.0,1.0,0.0,0.0
7.02407,8,32,296,0,E1A1838B1791C1920X,TE1A1B1C1D009X,1,1,1,1,2.0,2.0,2.0,1.0,0.0,0.0
7.03545,8,33,296,0,E1A1835B1780C1920X,TE1A1B1C1D009X,1,1,1,1,2.0,2.0,2.0,1.0,0.0,0.0
7.04659,7,33,295,0,E1A1831B1770C1920X,TE1A1B1C1D009X,1,1,1,1,2.0,2.0,2.0,1.0,0.0,0.0
7.05806,7,34,295,0,E1A1827B1760C1920X,TE1A1B1C1D009X,1,1,1,1,2.0,2.0,2.0,1.0,0.0,0.0
7.06952,7,34,294,0,E1A1825B1750C1920X,TE1A1B1C1D009X,1,1,1,1,2.0,2.0,2.0,1.0,0.0,0.0
7.09038,6,34,293,0,E1A1824B1740C1920X,TE1A1B1C1D009X,1,1,1,1,2.0,2.0,2.0,1.0,0.0,0.0
7.10202,6,34,293,0,E1A1824B1731C1920X,TE1A1B1C1D009X,1,1,1,1,2.0,2.0,2.0,1.0,0.0,0.0
7.1141,5,34,293,0,E1A1825B1721C1920X,TE1A1B1C1D009X,1,1,1,1,2.0,2.0,2.0,1.0,0.0,0.0
7.13418,5,34,292,0,E1A1827B1710C1920X,TE1A1B1C1D009X,1,1,1,1,2.0,2.0,2.0,1.0,0.0,0.0
7.14591,4,34,291,0,E1A1829B1701C1920X,TE1A1B1C1D009X,1,1,1,1,2.0,2.0,2.0,1.0,0.0,0.0
7.16997,3,34,291,0,E1A1834B1691C1920X,TE1A1B2C1D009X,1,1,1,1,2.0,2.0,2.0,1.0,0.0,0.0
7.1818,3,34,290,0,E1A1840B1682C1920X,TE1A1B2C1D009X,1,1,1,1,2.0,2.0,2.0,1.0,0.0,0.0
7.19326,2,34,290,0,E1A1845B1671C1920X,TE1A1B2C1D009X,1,1,1,1,2.0,2.0,2.0,1.0,0.0,0.0
7.20468,1,33,290,0,E1A1851B1660C1920X,TE1A1B2C1D009X,1,1,1,1,2.0,2.0,2.0,1.0,0.0,0.0
7.21602,0,33,290,0,E1A1858B1647C1920X,TE1A1B2C1D009X,1,1,1,1,2.0,2.0,2.0,1.0,0.0,0.0
7.2272,0,33,289,0,E1A1865B1634C1920X,TE1A1B2C1D009X,1,1,1,1,2.0,2.0,2.0,1.0,0.0,0.0
7.23819,0,32,289,0,E1A1873B1622C1920X,TE1A1B2C1D009X,1,1,1,1,2.0,2.0,2.0,1.0,0.0,0.0
7.25005,-1,32,288,0,E1A1880B1609C1920X,TE1A1B2C1D009X,1,1,1,1,2.0,2.0,2.0,1.0,0.0,0.0
7.26208,-2,31,288,0,E1A1887B1596C1920X,TE1A1B2C1D009X,1,1,1,1,2.0,2.0,2.0,1.0,0.0,0.0
7.27312,-2,31,288,0,E1A1895B1582C1920X,TE1A1B2C1D009X,1,1,1,1,2.0,2.0,2.0,1.0,0.0,0.0
7.28441,-3,30,289,0,E1A1902B1568C1920X,TE1A1B2C1D009X,1,1,1,1,2.0,2.0,2.0,1.0,0.0,0.0
7.29541,-4,30,289,0,E1A1909B1552C1920X,TE1A1B2C1D009X,1,1,1,1,2.0,2.0,2.0,1.0,0.0,0.0
7.30638,-4,29,288,0,E1A1916B1536C1920X,TE1A1B2C1D009X,1,1,1,1,2.0,2.0,2.0,1.0,0.0,0.0
7.31775,-5,29,288,0,E1A1923B1519C1920X,TE1A1B2C1D009X,1,1,1,1,2.0,2.0,2.0,1.0,0.0,0.0
7.3289,-6,28,288,0,E1A1923B1513C1921X,TE1A1B2C1D009X,1,1,1,1,2.0,2.0,2.0,1.0,0.0,0.0
7.33983,-6,28,288,0,E1A1923B1510C1915X,TE1A1B2C1D009X,1,1,1,1,2.0,2.0,2.0,1.0,0.0,0.0
7.35105,-7,28,287,0,E1A1923B1507C1910X,TE1A1B2C1D009X,1,1,1,1,2.0,2.0,2.0,1.0,0.0,0.0
7.37407,-8,27,287,0,E1A1923B1501C1904X,TE1A1B2C1D009X,1,1,1,1,2.0,2.0,2.0,1.0,0.0,0.0
7.38569,-9,27,287,0,E1A1923B1496C1897X,TE1A1B2C1D009X,1,1,1,1,2.0,2.0,2.0,1.0,0.0,0.0
7.40583,-9,26,287,0,E1A1923B1491C1891X,TE1A1B2C1D009X,1,1,1,1,2.0,2.0,2.0,1.0,0.0,0.0
7.41812,-10,26,286,0,E1A1923B1485C1886X,TE1A1B2C1D009X,1,1,1,1,2.0,2.0,2.0,1.0,0.0,0.0
7.42989,-10,26,286,0,E1A1923B1480C1880X,TE1A1B2C1D009X,1,1,1,1,2.0,2.0,2.0,1.0,0.0,0.0
7.44054,-11,25,286,0,E1A1923B1476C1875X,TE1A1B2C1D009X,1,1,1,1,2.0,2.0,2.0,1.0,0.0,0.0
7.4519,-11,25,285,0,E1A1923B1472C1870X,TE1A1B3C1D009X,1,1,1,1,2.0,2.0,2.0,1.0,0.0,0.0
7.463,-12,25,285,0,E1A1923B1468C1866X,TE1A1B3C1D009X,1,1,1,1,2.0,2.0,2.0,1.0,0.0,0.0
7.47375,-12,24,284,0,E1A1923B1465C1861X,TE1A1B3C1D009X,1,1,1,1,2.0,2.0,2.0,1.0,0.0,0.0
7.48564,-12,24,283,0,E1A1923B1462C1856X,TE1A1B3C1D009X,1,1,1,1,2.0,2.0,2.0,1.0,0.0,0.0
7.51786,-12,23,282,0,E1A1923B1463C1854X,TE1A1B3C1D009X,1,1,1,1,2.0,2.0,2.0,1.0,0.0,0.0
7.52971,-12,23,282,0,E1A1923B1466C1851X,TE1A1B3C1D009X,1,1,1,1,2.0,2.0,2.0,1.0,0.0,0.0
7.54179,-12,23,282,0,E1A1923B1471C1849X,TE1A1B3C1D009X,1,1,1,1,2.0,2.0,2.0,1.0,0.0,0.0
7.55374,-12,22,282,0,E1A1923B1478C1847X,TE1A1B3C1D009X,1,1,1,1,2.0,2.0,2.0,1.0,0.0,0.0
7.56577,-11,22,281,0,E1A1923B1485C1845X,TE1A1B3C1D009X,1,1,1,1,2.0,2.0,2.0,1.0,0.0,0.0
7.57673,-11,21,281,0,E1A1923B1492C1843X,TE1A1B2C1D009X,1,1,1,1,2.0,2.0,2.0,1.0,0.0,0.0
7.58776,-10,21,281,0,E1A1923B1502C1843X,TE1A1B2C1D009X,1,1,1,1,2.0,2.0,2.0,1.0,0.0,0.0
7.59885,-10,20,280,0,E1A1923B1513C1842X,TE1A1B2C1D009X,1,1,1,1,2.0,2.0,2.0,1.0,0.0,0.0
7.61217,-9,20,280,0,E1A1923B1526C1843X,TE1A1B2C1D009X,1,1,1,1,2.0,2.0,2.0,1.0,0.0,0.0
7.62272,-8,19,280,0,E1A1923B1540C1844X,TE1A1B2C1D009X,1,1,1,1,2.0,2.0,2.0,1.0,0.0,0.0
7.63416,-8,19,280,0,E1A1923B1555C1845X,TE1A1B2C1D009X,1,1,1,1,2.0,2.0,2.0,1.0,0.0,0.0
7.64484,-7,19,279,0,E1A1923B1570C1846X,TE1A1B2C1D009X,1,1,1,1,2.0,2.0,2.0,1.0,0.0,0.0
7.65595,-6,18,280,0,E1A1923B1588C1849X,TE1A1B2C1D009X,1,1,1,1,2.0,2.0,2.0,1.0,0.0,0.0
7.66702,-5,18,280,0,E1A1923B1607C1852X,TE1A1B2C1D009X,1,1,1,1,2.0,2.0,2.0,1.0,0.0,0.0
7.68992,-3,17,279,0,E1A1923B1629C1855X,TE1A1B2C1D009X,1,1,1,1,2.0,2.0,2.0,1.0,0.0,0.0
7.71005,-2,17,279,0,E1A1923B1656C1859X,TE1A1B2C1D009X,1,1,1,1,2.0,2.0,2.0,1.0,0.0,0.0
7.72161,0,16,277,0,E1A1923B1682C1863X,TE1A1B2C1D009X,1,1,1,1,2.0,2.0,2.0,1.0,0.0,0.0
7.73406,0,16,278,0,E1A1923B1709C1868X,TE1A1B2C1D009X,1,1,1,1,2.0,2.0,2.0,1.0,0.0,0.0
7.75782,2,15,278,0,E1A1923B1739C1873X,TE1A1B1C1D009X,1,1,1,1,2.0,2.0,2.0,1.0,0.0,0.0
7.76886,3,14,278,0,E1A1923B1768C1879X,TE1A1B1C1D009X,1,1,1,1,2.0,2.0,2.0,1.0,0.0,0.0
7.78976,5,14,278,0,E1A1923B1799C1885X,TE1A1B1C1D009X,1,1,1,1,2.0,2.0,2.0,1.0,0.0,0.0
7.80173,6,13,278,0,E1A1923B1829C1891X,TE1A1B1C1D009X,1,1,1,1,2.0,2.0,2.0,1.0,0.0,0.0
7.81358,8,13,277,0,E1A1923B1858C1896X,TE1A1B1C1D009X,1,1,1,1,2.0,2.0,2.0,1.0,0.0,0.0
7.8248,9,12,277,0,E1A1923B1887C1901X,TE1A1B1C1D009X,1,1,1,1,2.0,2.0,2.0,1.0,0.0,0.0
7.83605,11,12,276,0,E1A1923B1914C1906X,TE1A1B1C1D009X,1,1,1,1,2.0,2.0,2.0,1.0,0.0,0.0
7.8464,12,12,276,0,E1A1923B1937C1909X,TE1A1B1C1D009X,1,1,1,1,2.0,2.0,2.0,1.0,0.0,0.0
7.85747,14,11,276,0,E1A1920B1937C1904X,TE1A1B1C1D009X,1,1,1,1,2.0,2.0,2.0,1.0,0.0,0.0
7.88178,15,11,275,0,E1A1902B1937C1896X,TE1A1B0C1D009X,1,1,1,1,2.0,2.0,2.0,1.0,0.0,0.0
7.89296,16,11,275,0,E1A1883B1937C1885X,TE1A1B0C1D009X,1,1,1,1,2.0,2.0,2.0,1.0,0.0,0.0
7.9039,18,10,275,0,E1A1863B1937C1874X,TE1A1B0C1D009X,1,1,1,1,2.0,2.0,2.0,1.0,0.0,0.0
7.91528,19,10,274,0,E1A1843B1937C1865X,TE1A1B0C1D009X,1,1,1,1,2.0,2.0,2.0,1.0,0.0,0.0
7.92564,20,10,273,0,E1A1824B1937C1856X,TE1A1B0C1D009X,1,1,1,1,2.0,2.0,2.0,1.0,0.0,0.0
7.93772,21,10,273,0,E1A1805B1937C1849X,TE1A1B0C1D009X,1,1,1,1,2.0,2.0,2.0,1.0,0.0,0.0
7.9497,22,10,273,0,E1A1787B1937C1842X,TE1A1B0C1D009X,1,1,1,1,2.0,2.0,2.0,1.0,0.0,0.0
7.96272,23,10,273,0,E1A1771B1937C1837X,TE1A1B0C1D009X,1,1,1,1,2.0,2.0,2.0,1.0,0.0,0.0
7.97373,23,10,272,0,E1A1754B1937C1833X,TE1A1B0C1D009X,1,1,1,1,2.0,2.0,2.0,1.0,0.0,0.0
7.98484,24,10,271,0,E1A1737B1937C1829X,TE1A1B0C1D009X,1,1,1,1,2.0,2.0,2.0,1.0,0.0,0.0
7.99567,25,10,271,0,E1A1720B1937C1826X,TE1A1B0C1D009X,1,1,1,1,2.0,2.0,2.0,1.0,0.0,0.0
8.00644,25,11,270,0,E1A1704B1937C1823X,TE1A1B0C1D009X,1,1,1,1,2.0,2.0,2.0,1.0,0.0,0.0
8.01733,26,11,270,0,E1A1687B1937C1822X,TE1A2B0C1D009X,1,1,1,1,2.0,2.0,2.0,1.0,0.0,0.0
8.02807,27,11,268,0,E1A1670B1937C1820X,TE1A2B0C1D009X,1,1,1,1,2.0,2.0,2.0,1.0,0.0,0.0
8.03854,27,11,268,0,E1A1654B1937C1819X,TE1A2B0C1D009X,1,1,1,1,2.0,2.0,2.0,1.0,0.0,0.0
8.06165,28,12,267,0,E1A1638B1937C1818X,TE1A2B0C1D009X,1,1,1,1,2.0,2.0,2.0,1.0,0.0,0.0
8.07366,28,12,266,0,E1A1622B1937C1818X,TE1A2B0C1D009X,1,1,1,1,2.0,2.0,2.0,1.0,0.0,0.0
8.08467,28,13,265,0,E1A1606B1937C1818X,TE1A2B0C1D009X,1,1,1,1,2.0,2.0,2.0,1.0,0.0,0.0
8.11779,29,13,265,0,E1A1590B1937C1819X,TE1A2B0C1D009X,1,1,1,1,2.0,2.0,2.0,1.0,0.0,0.0
8.1295,29,13,264,0,E1A1575B1937C1819X,TE1A2B0C1D009X,1,1,1,1,2.0,2.0,2.0,1.0,0.0,0.0
8.14039,29,14,263,0,E1A1559B1937C1820X,TE1A2B0C1D009X,1,1,1,1,2.0,2.0,2.0,1.0,0.0,0.0
8.15221,29,14,263,0,E1A1545B1937C1820X,TE1A2B0C1D009X,1,1,1,1,2.0,2.0,2.0,1.0,0.0,0.0
8.16284,30,14,262,0,E1A1532B1937C1820X,TE1A2B0C1D009X,1,1,1,1,2.0,2.0,2.0,1.0,0.0,0.0
8.17332,30,15,261,0,E1A1520B1937C1821X,TE1A2B0C1D009X,1,1,1,1,2.0,2.0,2.0,1.0,0.0,0.0
8.18542,30,15,260,0,E1A1509B1937C1821X,TE1A2B0C1D009X,1,1,1,1,2.0,2.0,2.0,1.0,0.0,0.0
8.20559,30,15,260,0,E1A1501B1937C1822X,TE1A2B0C1D009X,1,1,1,1,2.0,2.0,2.0,1.0,0.0,0.0
8.21801,30,15,259,0,E1A1493B1937C1823X,TE1A2B0C1D009X,1,1,1,1,2.0,2.0,2.0,1.0,0.0,0.0
8.22987,30,15,258,0,E1A1487B1937C1824X,TE1A2B0C1D009X,1,1,1,1,2.0,2.0,2.0,1.0,0.0,0.0
8.24363,29,15,258,0,E1A1482B1937C1824X,TE1A2B0C1D009X,1,1,1,1,2.0,2.0,2.0,1.0,0.0,0.0
8.25494,29,16,257,0,E1A1479B1937C1826X,TE1A2B0C1D009X,1,1,1,1,2.0,2.0,2.0,1.0,0.0,0.0
8.27375,29,16,257,0,E1A1479B1937C1827X,TE1A3B0C1D009X,1,1,1,1,2.0,2.0,2.0,1.0,0.0,0.0
8.28572,28,16,256,0,E1A1479B1937C1829X,TE1A3B0C1D009X,1,1,1,1,2.0,2.0,2.0,1.0,0.0,0.0
8.29759,28,16,256,0,E1A1482B1937C1830X,TE1A3B0C1D009X,1,1,1,1,2.0,2.0,2.0,1.0,0.0,0.0
8.30947,27,16,256,0,E1A1484B1937C1832X,TE1A2B0C1D009X,1,1,1,1,2.0,2.0,2.0,1.0,0.0,0.0
8.32192,27,15,256,0,E1A1489B1937C1834X,TE1A2B0C1D009X,1,1,1,1,2.0,2.0,2.0,1.0,0.0,0.0
8.3327,26,15,255,0,E1A1495B1937C1835X,TE1A2B0C1D009X,1,1,1,1,2.0,2.0,2.0,1.0,0.0,0.0
8.34337,25,15,254,0,E1A1503B1937C1837X,TE1A2B0C1D009X,1,1,1,1,2.0,2.0,2.0,1.0,0.0,0.0
8.3541,24,15,254,0,E1A1511B1937C1839X,TE1A2B0C1D009X,1,1,1,1,2.0,2.0,2.0,1.0,0.0,0.0
8.36539,24,15,254,0,E1A1518B1937C1841X,TE1A2B0C1D009X,1,1,1,1,2.0,2.0,2.0,1.0,0.0,0.0
8.37732,23,15,254,0,E1A1527B1937C1842X,TE1A2B0C1D009X,1,1,1,1,2.0,2.0,2.0,1.0,0.0,0.0
8.38972,22,14,254,0,E1A1538B1937C1843X,TE1A2B0C1D009X,1,1,1,1,2.0,2.0,2.0,1.0,0.0,0.0
8.40026,22,14,254,0,E1A1551B1937C1845X,TE1A2B0C1D009X,1,1,1,1,2.0,2.0,2.0,1.0,0.0,0.0
8.41121,21,14,253,0,E1A1565B1937C1847X,TE1A2B0C1D009X,1,1,1,1,2.0,2.0,2.0,1.0,0.0,0.0
8.42157,20,13,254,0,E1A1579B1937C1849X,TE1A2B0C1D009X,1,1,1,1,2.0,2.0,2.0,1.0,0.0,0.0
8.43334,19,13,254,0,E1A1595B1937C1851X,TE1A2B0C1D009X,1,1,1,1,2.0,2.0,2.0,1.0,0.0,0.0
8.44516,18,13,253,0,E1A1612B1937C1853X,TE1A2B0C1D009X,1,1,1,1,2.0,2.0,2.0,1.0,0.0,0.0
8.45739,17,12,253,0,E1A1631B1937C1856X,TE1A2B0C1D009X,1,1,1,1,2.0,2.0,2.0,1.0,0.0,0.0
8.46788,16,12,253,0,E1A1651B1937C1859X,TE1A2B0C1D009X,1,1,1,1,2.0,2.0,2.0,1.0,0.0,0.0
8.47814,15,11,254,0,E1A1672B1937C1861X,TE1A2B0C1D009X,1,1,1,1,2.0,2.0,2.0,1.0,0.0,0.0
8.48907,13,11,254,0,E1A1693B1937C1864X,TE1A2B0C1D009X,1,1,1,1,2.0,2.0,2.0,1.0,0.0,0.0
8.50104,12,10,253,0,E1A1715B1937C1866X,TE1A2B0C1D009X,1,1,1,1,2.0,2.0,2.0,1.0,0.0,0.0
8.51313,11,10,254,0,E1A1738B1937C1869X,TE1A1B0C1D009X,1,1,1,1,2.0,2.0,2.0,1.0,0.0,0.0
8.53313,10,10,253,0,E1A1765B1937C1873X,TE1A1B0C1D009X,1,1,1,1,2.0,2.0,2.0,1.0,0.0,0.0
8.54506,8,9,253,0,E1A1791B1937C1876X,TE1A1B0C1D009X,1,1,1,1,2.0,2.0,2.0,1.0,0.0,0.0
8.55708,7,9,253,0,E1A1818B1937C1880X,TE1A1B0C1D009X,1,1,1,1,2.0,2.0,2.0,1.0,0.0,0.0
8.56921,5,8,253,0,E1A1844B1937C1884X,TE1A1B0C1D009X,1,1,1,1,2.0,2.0,2.0,1.0,0.0,0.0
8.58076,4,8,253,0,E1A1851B1937C1908X,TE1A1B0C1D009X,1,1,1,1,2.0,2.0,2.0,1.0,0.0,0.0
8.59127,3,7,253,0,E1A1853B1937C1925X,TE1A1B0C1D009X,1,1,1,1,2.0,2.0,2.0,1.0,0.0,0.0
8.60179,1,7,252,0,E1A1878B1928C1925X,TE1A1B0C1D009X,1,1,1,1,2.0,2.0,2.0,1.0,0.0,0.0
8.62502,0,6,252,0,E1A1894B1905C1925X,TE1A1B1C1D009X,1,1,1,1,2.0,2.0,2.0,1.0,0.0,0.0
8.63702,-1,6,252,0,E1A1903B1875C1925X,TE1A1B1C1D009X,1,1,1,1,2.0,2.0,2.0,1.0,0.0,0.0
8.64887,-3,6,251,0,E1A1912B1840C1925X,TE1A1B1C1D009X,1,1,1,1,2.0,2.0,2.0,1.0,0.0,0.0
8.65914,-4,5,251,0,E1A1920B1802C1925X,TE1A1B1C1D009X,1,1,1,1,2.0,2.0,2.0,1.0,0.0,0.0
8.6699,-6,5,251,0,E1A1920B1768C1923X,TE1A1B1C1D009X,1,1,1,1,2.0,2.0,2.0,1.0,0.0,0.0
8.68096,-7,5,251,0,E1A1920B1745C1915X,TE1A1B1C1D009X,1,1,1,1,2.0,2.0,2.0,1.0,0.0,0.0
8.69285,-9,5,250,0,E1A1920B1724C1903X,TE1A1B1C1D009X,1,1,1,1,2.0,2.0,2.0,1.0,0.0,0.0
8.70499,-10,5,250,0,E1A1920B1702C1891X,TE1A1B1C1D009X,1,1,1,1,2.0,2.0,2.0,1.0,0.0,0.0
8.71537,-12,4,249,0,E1A1920B1678C1879X,TE1A1B2C1D009X,1,1,1,1,2.0,2.0,2.0,1.0,0.0,0.0
8.72535,-13,4,249,0,E1A1920B1653C1867X,TE1A1B2C1D009X,1,1,1,1,2.0,2.0,2.0,1.0,0.0,0.0
8.73721,-15,4,248,0,E1A1920B1628C1856X,TE1A1B2C1D009X,1,1,1,1,2.0,2.0,2.0,1.0,0.0,0.0
8.74913,-16,4,247,0,E1A1920B1603C1844X,TE1A1B2C1D009X,1,1,1,1,2.0,2.0,2.0,1.0,0.0,0.0
8.76085,-18,4,247,0,E1A1920B1578C1832X,TE1A1B2C1D009X,1,1,1,1,2.0,2.0,2.0,1.0,0.0,0.0
8.77283,-19,4,247,0,E1A1920B1554C1820X,TE1A1B2C1D009X,1,1,1,1,2.0,2.0,2.0,1.0,0.0,0.0
8.78334,-21,3,247,0,E1A1920B1531C1808X,TE1A1B2C1D009X,1,1,1,1,2.0,2.0,2.0,1.0,0.0,0.0
8.7948,-22,3,248,0,E1A1920B1509C1795X,TE1A1B2C1D009X,1,1,1,1,2.0,2.0,2.0,1.0,0.0,0.0
8.80486,-23,3,247,0,E1A1920B1485C1782X,TE1A1B2C1D009X,1,1,1,1,2.0,2.0,2.0,1.0,0.0,0.0
8.81705,-25,3,247,0,E1A1920B1462C1769X,TE1A1B2C1D009X,1,1,1,1,2.0,2.0,2.0,1.0,0.0,0.0
8.82927,-26,2,247,0,E1A1920B1439C1755X,TE1A1B3C1D009X,1,1,1,1,2.0,2.0,2.0,1.0,0.0,0.0
8.84117,-27,2,247,0,E1A1920B1418C1740X,TE1A1B3C1D009X,1,1,1,1,2.0,2.0,2.0,1.0,0.0,0.0
8.85196,-29,1,247,0,E1A1920B1396C1725X,TE1A1B3C1D009X,1,1,1,1,2.0,2.0,2.0,1.0,0.0,0.0
8.86257,-30,1,247,0,E1A1920B1375C1710X,TE1A1B3C1D009X,1,1,1,1,2.0,2.0,2.0,1.0,0.0,0.0
8.87281,-32,0,248,0,E1A1920B1354C1695X,TE1A1B3C1D009X,1,1,1,1,2.0,2.0,2.0,1.0,0.0,0.0
8.8851,-33,0,248,0,E1A1920B1333C1680X,TE1A1B3C2D009X,1,1,1,1,2.0,2.0,2.0,1.0,0.0,0.0
8.89707,-34,0,248,0,E1A1920B1314C1666X,TE1A1B3C2D009X,1,1,1,1,2.0,2.0,2.0,1.0,0.0,0.0
8.91711,-35,0,247,0,E1A1920B1294C1650X,TE1A1B3C2D009X,1,1,1,1,2.0,2.0,2.0,1.0,0.0,0.0
8.92913,-37,-1,247,0,E1A1920B1274C1635X,TE1A1B3C2D009X,1,1,1,1,2.0,2.0,2.0,1.0,0.0,0.0
8.94124,-38,-1,247,0,E1A1920B1255C1620X,TE1A1B3C2D009X,1,1,1,1,2.0,2.0,2.0,1.0,0.0,0.0
8.95324,-39,-2,247,0,E1A1920B1237C1606X,TE1A1B3C2D009X,1,1,1,1,2.0,2.0,2.0,1.0,0.0,0.0
8.96524,-40,-2,247,0,E1A1920B1222C1593X,TE1A1B4C2D009X,1,1,1,1,2.0,2.0,2.0,1.0,0.0,0.0
8.97567,-40,-2,247,0,E1A1920B1209C1582X,TE1A1B4C2D009X,1,1,1,1,2.0,2.0,2.0,1.0,0.0,0.0
8.9865,-41,-3,247,0,E1A1920B1198C1573X,TE1A1B4C2D009X,1,1,1,1,2.0,2.0,2.0,1.0,0.0,0.0
8.99734,-41,-3,246,0,E1A1920B1191C1564X,TE1A1B4C2D009X,1,1,1,1,2.0,2.0,2.0,1.0,0.0,0.0
9.00896,-41,-3,246,0,E1A1920B1184C1557X,TE1A1B4C2D009X,1,1,1,1,2.0,2.0,2.0,1.0,0.0,0.0
9.02165,-41,-4,247,0,E1A1920B1181C1552X,TE1A1B4C2D009X,1,1,1,1,2.0,2.0,2.0,1.0,0.0,0.0
9.03224,-41,-4,247,0,E1A1920B1180C1546X,TE1A1B4C2D009X,1,1,1,1,2.0,2.0,2.0,1.0,0.0,0.0
9.04233,-41,-4,246,0,E1A1920B1181C1541X,TE1A1B4C2D009X,1,1,1,1,2.0,2.0,2.0,1.0,0.0,0.0
9.05337,-41,-5,246,0,E1A1920B1184C1537X,TE1A1B4C2D009X,1,1,1,1,2.0,2.0,2.0,1.0,0.0,0.0
9.06551,-40,-5,246,0,E1A1920B1189C1532X,TE1A1B4C2D009X,1,1,1,1,2.0,2.0,2.0,1.0,0.0,0.0
9.07724,-40,-6,247,0,E1A1920B1196C1528X,TE1A1B4C2D009X,1,1,1,1,2.0,2.0,2.0,1.0,0.0,0.0
9.08902,-39,-6,246,0,E1A1920B1206C1523X,TE1A1B4C2D009X,1,1,1,1,2.0,2.0,2.0,1.0,0.0,0.0
9.09953,-38,-7,247,0,E1A1920B1218C1520X,TE1A1B4C2D009X,1,1,1,1,2.0,2.0,2.0,1.0,0.0,0.0
9.10981,-37,-7,247,0,E1A1920B1233C1516X,TE1A1B4C2D009X,1,1,1,1,2.0,2.0,2.0,1.0,0.0,0.0
9.12109,-36,-8,247,0,E1A1920B1249C1513X,TE1A1B4C2D009X,1,1,1,1,2.0,2.0,2.0,1.0,0.0,0.0
9.13318,-35,-9,248,0,E1A1920B1268C1510X,TE1A1B4C2D009X,1,1,1,1,2.0,2.0,2.0,1.0,0.0,0.0
9.14524,-33,-9,248,0,E1A1920B1287C1506X,TE1A1B3C2D009X,1,1,1,1,2.0,2.0,2.0,1.0,0.0,0.0
9.15722,-32,-10,248,0,E1A1920B1308C1502X,TE1A1B3C2D009X,1,1,1,1,2.0,2.0,2.0,1.0,0.0,0.0
9.16786,-31,-11,248,0,E1A1920B1330C1499X,TE1A1B3C2D009X,1,1,1,1,2.0,2.0,2.0,1.0,0.0,0.0
9.17815,-29,-12,248,0,E1A1920B1352C1494X,TE1A1B3C2D009X,1,1,1,1,2.0,2.0,2.0,1.0,0.0,0.0
9.18946,-28,-12,248,0,E1A1920B1376C1491X,TE1A1B3C2D009X,1,1,1,1,2.0,2.0,2.0,1.0,0.0,0.0
9.20132,-26,-13,249,0,E1A1920B1400C1486X,TE1A1B3C2D009X,1,1,1,1,2.0,2.0,2.0,1.0,0.0,0.0
9.21339,-25,-14,249,0,E1A1920B1425C1482X,TE1A1B3C2D009X,1,1,1,1,2.0,2.0,2.0,1.0,0.0,0.0
9.22351,-23,-15,249,0,E1A1920B1448C1478X,TE1A1B3C2D009X,1,1,1,1,2.0,2.0,2.0,1.0,0.0,0.0
9.23415,-21,-15,249,0,E1A1920B1473C1473X,TE1A1B3C3D009X,1,1,1,1,2.0,2.0,2.0,1.0,0.0,0.0
9.24498,-20,-16,250,0,E1A1920B1497C1468X,TE1A1B3C3D009X,1,1,1,1,2.0,2.0,2.0,1.0,0.0,0.0
9.25718,-18,-17,250,0,E1A1920B1520C1463X,TE1A1B3C3D009X,1,1,1,1,2.0,2.0,2.0,1.0,0.0,0.0
9.2693,-17,-18,250,0,E1A1920B1543C1458X,TE1A1B2C3D009X,1,1,1,1,2.0,2.0,2.0,1.0,0.0,0.0
9.28137,-15,-18,250,0,E1A1920B1566C1453X,TE1A1B2C3D009X,1,1,1,1,2.0,2.0,2.0,1.0,0.0,0.0
9.29146,-13,-19,249,0,E1A1920B1588C1448X,TE1A1B2C3D009X,1,1,1,1,2.0,2.0,2.0,1.0,0.0,0.0
9.30222,-12,-19,249,0,E1A1920B1610C1443X,TE1A1B2C3D009X,1,1,1,1,2.0,2.0,2.0,1.0,0.0,0.0
9.31355,-10,-20,249,0,E1A1920B1631C1438X,TE1A1B2C3D009X,1,1,1,1,2.0,2.0,2.0,1.0,0.0,0.0
9.32535,-9,-20,249,0,E1A1920B1651C1432X,TE1A1B2C3D009X,1,1,1,1,2.0,2.0,2.0,1.0,0.0,0.0
9.33744,-7,-21,249,0,E1A1920B1672C1427X,TE1A1B2C3D009X,1,1,1,1,2.0,2.0,2.0,1.0,0.0,0.0
9.34944,-5,-21,248,0,E1A1920B1692C1421X,TE1A1B2C3D009X,1,1,1,1,2.0,2.0,2.0,1.0,0.0,0.0
9.35979,-4,-21,248,0,E1A1920B1711C1415X,TE1A1B2C3D009X,1,1,1,1,2.0,2.0,2.0,1.0,0.0,0.0
9.38119,-2,-22,247,0,E1A1920B1733C1408X,TE1A1B1C3D009X,1,1,1,1,2.0,2.0,2.0,1.0,0.0,0.0
9.40552,0,-22,247,0,E1A1920B1756C1401X,TE1A1B1C3D009X,1,1,1,1,2.0,2.0,2.0,1.0,0.0,0.0
9.41614,1,-22,246,0,E1A1920B1779C1393X,TE1A1B1C3D009X,1,1,1,1,2.0,2.0,2.0,1.0,0.0,0.0
9.43747,3,-22,245,0,E1A1920B1804C1383X,TE1A1B1C3D009X,1,1,1,1,2.0,2.0,2.0,1.0,0.0,0.0
9.44933,5,-22,244,0,E1A1920B1827C1370X,TE1A1B1C3D009X,1,1,1,1,2.0,2.0,2.0,1.0,0.0,0.0
9.46132,7,-23,244,0,E1A1920B1850C1356X,TE1A1B1C3D009X,1,1,1,1,2.0,2.0,2.0,1.0,0.0,0.0
9.47343,9,-23,243,0,E1A1920B1871C1339X,TE1A1B1C3D009X,1,1,1,1,2.0,2.0,2.0,1.0,0.0,0.0
9.48418,10,-23,242,0,E1A1920B1891C1323X,TE1A1B1C3D009X,1,1,1,1,2.0,2.0,2.0,1.0,0.0,0.0
9.49455,12,-23,242,0,E1A1920B1911C1303X,TE1A1B1C3D009X,1,1,1,1,2.0,2.0,2.0,1.0,0.0,0.0
9.5294,14,-23,241,0,E1A1920B1933C1280X,TE1A1B1C3D009X,1,1,1,1,2.0,2.0,2.0,1.0,0.0,0.0
9.54127,16,-23,240,0,E1A1918B1933C1271X,TE1A1B1C3D009X,1,1,1,1,2.0,2.0,2.0,1.0,0.0,0.0
9.55178,17,-23,239,0,E1A1898B1933C1287X,TE1A1B1C3D009X,1,1,1,1,2.0,2.0,2.0,1.0,0.0,0.0
9.56228,19,-22,238,0,E1A1880B1933C1300X,TE1A1B1C3D009X,1,1,1,1,2.0,2.0,2.0,1.0,0.0,0.0
9.57326,20,-22,238,0,E1A1863B1933C1314X,TE1A1B1C3D009X,1,1,1,1,2.0,2.0,2.0,1.0,0.0,0.0
9.58525,21,-22,237,0,E1A1847B1933C1326X,TE1A1B1C3D009X,1,1,1,1,2.0,2.0,2.0,1.0,0.0,0.0
9.6052,22,-21,236,0,E1A1832B1933C1339X,TE1A1B1C3D009X,1,1,1,1,2.0,2.0,2.0,1.0,0.0,0.0
9.61722,23,-21,235,0,E1A1818B1933C1352X,TE1A1B1C3D009X,1,1,1,1,2.0,2.0,2.0,1.0,0.0,0.0
9.62912,24,-20,235,0,E1A1805B1933C1363X,TE1A1B1C3D009X,1,1,1,1,2.0,2.0,2.0,1.0,0.0,0.0
9.64088,25,-20,234,0,E1A1793B1933C1374X,TE1A1B1C3D009X,1,1,1,1,2.0,2.0,2.0,1.0,0.0,0.0
9.65318,25,-19,233,0,E1A1783B1933C1385X,TE1A1B1C3D009X,1,1,1,1,2.0,2.0,2.0,1.0,0.0,0.0
9.66517,25,-19,233,0,E1A1774B1933C1396X,TE1A1B1C3D009X,1,1,1,1,2.0,2.0,2.0,1.0,0.0,0.0
9.67682,26,-18,232,0,E1A1766B1933C1406X,TE1A1B1C3D009X,1,1,1,1,2.0,2.0,2.0,1.0,0.0,0.0
9.68714,26,-17,231,0,E1A1759B1933C1416X,TE1A1B1C3D009X,1,1,1,1,2.0,2.0,2.0,1.0,0.0,0.0
9.69772,26,-17,230,0,E1A1753B1933C1427X,TE1A1B1C3D009X,1,1,1,1,2.0,2.0,2.0,1.0,0.0,0.0
9.70878,26,-16,230,0,E1A1749B1933C1439X,TE1A1B1C3D009X,1,1,1,1,2.0,2.0,2.0,1.0,0.0,0.0
9.72097,26,-15,229,0,E1A1747B1933C1451X,TE1A1B1C3D009X,1,1,1,1,2.0,2.0,2.0,1.0,0.0,0.0
9.75286,25,-14,229,0,E1A1748B1933C1469X,TE1A1B1C3D009X,1,1,1,1,2.0,2.0,2.0,1.0,0.0,0.0
9.7648,25,-13,228,0,E1A1750B1933C1489X,TE1A1B1C3D009X,1,1,1,1,2.0,2.0,2.0,1.0,0.0,0.0
9.77682,24,-12,228,0,E1A1754B1933C1509X,TE1A1B1C2D009X,1,1,1,1,2.0,2.0,2.0,1.0,0.0,0.0
9.78906,24,-11,227,0,E1A1758B1933C1530X,TE1A1B1C2D009X,1,1,1,1,2.0,2.0,2.0,1.0,0.0,0.0
9.79937,23,-10,227,0,E1A1764B1933C1551X,TE1A1B1C2D009X,1,1,1,1,2.0,2.0,2.0,1.0,0.0,0.0
9.80938,22,-9,226,0,E1A1770B1933C1574X,TE1A1B1C2D009X,1,1,1,1,2.0,2.0,2.0,1.0,0.0,0.0
9.8209,21,-8,226,0,E1A1777B1933C1597X,TE1A1B1C2D009X,1,1,1,1,2.0,2.0,2.0,1.0,0.0,0.0
9.83305,20,-7,226,0,E1A1784B1933C1621X,TE1A1B1C2D009X,1,1,1,1,2.0,2.0,2.0,1.0,0.0,0.0
9.84472,20,-5,226,0,E1A1791B1933C1646X,TE1A1B1C2D009X,1,1,1,1,2.0,2.0,2.0,1.0,0.0,0.0
9.85689,19,-4,225,0,E1A1798B1933C1672X,TE1A1B1C2D009X,1,1,1,1,2.0,2.0,2.0,1.0,0.0,0.0
9.87689,18,-3,225,0,E1A1806B1933C1703X,TE1A1B1C2D009X,1,1,1,1,2.0,2.0,2.0,1.0,0.0,0.0
9.889,17,-1,224,0,E1A1815B1933C1735X,TE1A1B1C2D009X,1,1,1,1,2.0,2.0,2.0,1.0,0.0,0.0
9.90088,16,0,224,0,E1A1823B1933C1766X,TE1A1B1C1D009X,1,1,1,1,2.0,2.0,2.0,1.0,0.0,0.0
9.91281,15,1,223,0,E1A1830B1933C1798X,TE1A1B1C1D009X,1,1,1,1,2.0,2.0,2.0,1.0,0.0,0.0
9.92307,14,2,223,0,E1A1836B1933C1828X,TE1A1B1C1D009X,1,1,1,1,2.0,2.0,2.0,1.0,0.0,0.0
9.93326,14,4,222,0,E1A1839B1933C1856X,TE1A1B1C1D009X,1,1,1,1,2.0,2.0,2.0,1.0,0.0,0.0
9.94492,13,5,221,0,E1A1838B1933C1881X,TE1A1B1C1D009X,1,1,1,1,2.0,2.0,2.0,1.0,0.0,0.0
9.95689,12,7,221,0,E1A1829B1933C1903X,TE1A1B1C1D009X,1,1,1,1,2.0,2.0,2.0,1.0,0.0,0.0
9.96866,11,8,220,0,E1A1808B1933C1923X,TE1A1B1C1D009X,1,1,1,1,2.0,2.0,2.0,1.0,0.0,0.0
9.9804,11,9,220,0,E1A1807B1929C1923X,TE1A1B1C1D009X,1,1,1,1,2.0,2.0,2.0,1.0,0.0,0.0
9.99046,10,11,219,0,E1A1803B1907C1923X,TE1A1B1C1D009X,1,1,1,1,2.0,2.0,2.0,1.0,0.0,0.0
10.0005,10,12,219,0,E1A1795B1885C1923X,TE1A1B1C1D009X,1,1,1,1,2.0,2.0,2.0,1.0,0.0,0.0
10.0125,9,14,218,0,E1A1785B1864C1923X,TE1A1B1C1D009X,1,1,1,1,2.0,2.0,2.0,1.0,0.0,0.0
10.0243,9,15,217,0,E1A1773B1843C1923X,TE1A1B1C1D009X,1,1,1,1,2.0,2.0,2.0,1.0,0.0,0.0
10.0366,8,16,217,0,E1A1761B1822C1923X,TE1A1B1C1D009X,1,1,1,1,2.0,2.0,2.0,1.0,0.0,0.0
10.0481,8,17,216,0,E1A1749B1803C1923X,TE1A1B1C1D009X,1,1,1,1,2.0,2.0,2.0,1.0,0.0,0.0
10.0581,8,18,216,0,E1A1738B1785C1923X,TE1A1B1C1D009X,1,1,1,1,2.0,2.0,2.0,1.0,0.0,0.0
10.0807,7,19,216,0,E1A1729B1766C1923X,TE1A1B1C1D009X,1,1,1,1,2.0,2.0,2.0,1.0,0.0,0.0
10.0926,7,20,215,0,E1A1721B1748C1923X,TE1A1B1C1D009X,1,1,1,1,2.0,2.0,2.0,1.0,0.0,0.0
10.1049,7,21,215,0,E1A1714B1733C1923X,TE1A1B1C1D009X,1,1,1,1,2.0,2.0,2.0,1.0,0.0,0.0
10.1148,6,21,214,0,E1A1708B1719C1923X,TE1A1B1C1D009X,1,1,1,1,2.0,2.0,2.0,1.0,0.0,0.0
10.1245,6,22,214,0,E1A1705B1706C1923X,TE1A1B1C1D009X,1,1,1,1,2.0,2.0,2.0,1.0,0.0,0.0
10.1366,5,22,214,0,E1A1703B1695C1923X,TE1A2B2C1D009X,1,1,1,1,2.0,2.0,2.0,1.0,0.0,0.0
10.1483,5,22,213,0,E1A1702B1684C1923X,TE1A2B2C1D009X,1,1,1,1,2.0,2.0,2.0,1.0,0.0,0.0
10.1724,5,22,212,0,E1A1704B1675C1923X,TE1A2B2C1D009X,1,1,1,1,2.0,2.0,2.0,1.0,0.0,0.0
10.1822,4,22,212,0,E1A1709B1667C1923X,TE1A2B2C1D009X,1,1,1,1,2.0,2.0,2.0,1.0,0.0,0.0
10.1924,4,22,212,0,E1A1714B1661C1923X,TE1A1B2C1D009X,1,1,1,1,2.0,2.0,2.0,1.0,0.0,0.0
10.2044,3,22,211,0,E1A1720B1656C1923X,TE1A1B2C1D009X,1,1,1,1,2.0,2.0,2.0,1.0,0.0,0.0
10.2165,3,21,211,0,E1A1727B1653C1923X,TE1A1B2C1D009X,1,1,1,1,2.0,2.0,2.0,1.0,0.0,0.0
10.2283,2,21,211,0,E1A1736B1650C1923X,TE1A1B2C1D009X,1,1,1,1,2.0,2.0,2.0,1.0,0.0,0.0
10.2402,2,21,211,0,E1A1745B1646C1923X,TE1A1B2C1D009X,1,1,1,1,2.0,2.0,2.0,1.0,0.0,0.0
10.2503,2,20,210,0,E1A1756B1644C1923X,TE1A1B2C1D009X,1,1,1,1,2.0,2.0,2.0,1.0,0.0,0.0
10.2612,1,19,210,0,E1A1767B1642C1923X,TE1A1B2C1D009X,1,1,1,1,2.0,2.0,2.0,1.0,0.0,0.0
10.2723,1,19,210,0,E1A1778B1639C1923X,TE1A1B2C1D009X,1,1,1,1,2.0,2.0,2.0,1.0,0.0,0.0
10.2845,0,18,210,0,E1A1790B1637C1923X,TE1A1B2C1D009X,1,1,1,1,2.0,2.0,2.0,1.0,0.0,0.0
10.2965,0,18,210,0,E1A1802B1634C1923X,TE1A1B2C1D009X,1,1,1,1,2.0,2.0,2.0,1.0,0.0,0.0
10.3061,0,17,210,0,E1A1814B1630C1923X,TE1A1B2C1D009X,1,1,1,1,2.0,2.0,2.0,1.0,0.0,0.0
10.3165,0,16,209,0,E1A1826B1628C1923X,TE1A1B2C1D009X,1,1,1,1,2.0,2.0,2.0,1.0,0.0,0.0
10.3284,-1,15,209,0,E1A1838B1626C1923X,TE1A1B2C1D009X,1,1,1,1,2.0,2.0,2.0,1.0,0.0,0.0
10.3405,-1,15,209,0,E1A1849B1624C1923X,TE1A1B2C1D009X,1,1,1,1,2.0,2.0,2.0,1.0,0.0,0.0
10.3529,-1,14,209,0,E1A1860B1621C1923X,TE1A1B2C1D009X,1,1,1,1,2.0,2.0,2.0,1.0,0.0,0.0
10.3646,-2,13,209,0,E1A1871B1618C1923X,TE1A1B2C1D009X,1,1,1,1,2.0,2.0,2.0,1.0,0.0,0.0
10.3739,-2,13,209,0,E1A1881B1614C1923X,TE1A1B2C1D009X,1,1,1,1,2.0,2.0,2.0,1.0,0.0,0.0
10.3847,-2,12,208,0,E1A1890B1610C1923X,TE1A1B2C1D009X,1,1,1,1,2.0,2.0,2.0,1.0,0.0,0.0
10.3979,-2,11,208,0,E1A1900B1607C1923X,TE1A1B2C1D009X,1,1,1,1,2.0,2.0,2.0,1.0,0.0,0.0
10.4089,-3,11,208,0,E1A1908B1603C1923X,TE1A1B2C1D009X,1,1,1,1,2.0,2.0,2.0,1.0,0.0,0.0
10.4211,-3,10,208,0,E1A1916B1598C1923X,TE1A1B2C1D009X,1,1,1,1,2.0,2.0,2.0,1.0,0.0,0.0
10.4324,-3,10,208,0,E1A1924B1595C1923X,TE1A1B2C1D009X,1,1,1,1,2.0,2.0,2.0,1.0,0.0,0.0
10.442,-3,9,208,0,E1A1924B1602C1922X,TE1A1B2C1D009X,1,1,1,1,2.0,2.0,2.0,1.0,0.0,0.0
10.4525,-3,9,208,0,E1A1918B1635C1922X,TE1A1B2C1D009X,1,1,1,1,2.0,2.0,2.0,1.0,0.0,0.0
10.4643,-3,8,208,0,E1A1908B1667C1922X,TE1A1B2C1D009X,1,1,1,1,2.0,2.0,2.0,1.0,0.0,0.0
10.4762,-3,8,208,0,E1A1901B1694C1922X,TE1A1B2C1D009X,1,1,1,1,2.0,2.0,2.0,1.0,0.0,0.0
10.4884,-3,8,208,0,E1A1895B1716C1922X,TE1A1B2C1D009X,1,1,1,1,2.0,2.0,2.0,1.0,0.0,0.0
10.4986,-3,7,208,0,E1A1890B1735C1922X,TE1A1B1C1D009X,1,1,1,1,2.0,2.0,2.0,1.0,0.0,0.0
10.508,-3,7,208,0,E1A1886B1751C1922X,TE1A1B1C1D009X,1,1,1,1,2.0,2.0,2.0,1.0,0.0,0.0
10.5204,-2,7,208,0,E1A1881B1766C1922X,TE1A1B1C1D009X,1,1,1,1,2.0,2.0,2.0,1.0,0.0,0.0
10.5442,-2,7,207,0,E1A1876B1780C1922X,TE1A1B1C1D009X,1,1,1,1,2.0,2.0,2.0,1.0,0.0,0.0
10.5563,-2,6,207,0,E1A1871B1793C1922X,TE1A1B1C1D009X,1,1,1,1,2.0,2.0,2.0,1.0,0.0,0.0
10.5666,-1,6,207,0,E1A1866B1805C1922X,TE1A1B1C1D009X,1,1,1,1,2.0,2.0,2.0,1.0,0.0,0.0
10.576,-1,6,207,0,E1A1860B1816C1922X,TE1A1B1C1D009X,1,1,1,1,2.0,2.0,2.0,1.0,0.0,0.0
10.6004,-1,6,207,0,E1A1853B1827C1922X,TE1A1B1C1D009X,1,1,1,1,2.0,2.0,2.0,1.0,0.0,0.0
10.6124,0,6,207,0,E1A1845B1837C1922X,TE1A1B1C1D009X,1,1,1,1,2.0,2.0,2.0,1.0,0.0,0.0
10.6245,0,6,207,0,E1A1837B1847C1922X,TE1A1B1C1D009X,1,1,1,1,2.0,2.0,2.0,1.0,0.0,0.0
10.6346,0,6,207,0,E1A1828B1856C1922X,TE1A1B1C1D009X,1,1,1,1,2.0,2.0,2.0,1.0,0.0,0.0
10.6444,1,6,206,0,E1A1818B1864C1922X,TE1A1B1C1D009X,1,1,1,1,2.0,2.0,2.0,1.0,0.0,0.0
10.6565,1,6,206,0,E1A1806B1871C1922X,TE1A1B1C1D009X,1,1,1,1,2.0,2.0,2.0,1.0,0.0,0.0
10.6684,2,6,206,0,E1A1793B1878C1922X,TE1A1B1C1D009X,1,1,1,1,2.0,2.0,2.0,1.0,0.0,0.0
10.6805,2,6,206,0,E1A1779B1885C1922X,TE1A1B1C1D009X,1,1,1,1,2.0,2.0,2.0,1.0,0.0,0.0
10.6903,3,6,205,0,E1A1764B1890C1922X,TE1A1B1C1D009X,1,1,1,1,2.0,2.0,2.0,1.0,0.0,0.0
10.7008,4,6,205,0,E1A1748B1896C1922X,TE1A1B1C1D009X,1,1,1,1,2.0,2.0,2.0,1.0,0.0,0.0
10.7122,4,6,205,0,E1A1731B1901C1922X,TE1A1B1C1D009X,1,1,1,1,2.0,2.0,2.0,1.0,0.0,0.0
10.7246,5,7,205,0,E1A1713B1906C1922X,TE1A1B1C1D009X,1,1,1,1,2.0,2.0,2.0,1.0,0.0,0.0
10.7365,6,7,205,0,E1A1695B1911C1922X,TE1A1B1C1D009X,1,1,1,1,2.0,2.0,2.0,1.0,0.0,0.0
10.7484,6,7,205,0,E1A1676B1916C1922X,TE1A2B1C1D009X,1,1,1,1,2.0,2.0,2.0,1.0,0.0,0.0
10.7594,7,7,204,0,E1A1655B1921C1922X,TE1A2B1C1D009X,1,1,1,1,2.0,2.0,2.0,1.0,0.0,0.0
10.7689,7,7,204,0,E1A1634B1926C1922X,TE1A2B1C1D009X,1,1,1,1,2.0,2.0,2.0,1.0,0.0,0.0
10.7803,8,7,204,0,E1A1614B1931C1922X,TE1A2B1C1D009X,1,1,1,1,2.0,2.0,2.0,1.0,0.0,0.0
10.7935,9,7,204,0,E1A1592B1936C1922X,TE1A2B1C1D009X,1,1,1,1,2.0,2.0,2.0,1.0,0.0,0.0
10.805,9,7,203,0,E1A1569B1941C1922X,TE1A2B1C1D009X,1,1,1,1,2.0,2.0,2.0,1.0,0.0,0.0
10.8149,10,7,203,0,E1A1546B1941C1925X,TE1A2B0C1D009X,1,1,1,1,2.0,2.0,2.0,1.0,0.0,0.0
10.8245,11,7,203,0,E1A1532B1941C1919X,TE1A2B0C1D009X,1,1,1,1,2.0,2.0,2.0,1.0,0.0,0.0
10.8367,11,7,202,0,E1A1518B1941C1914X,TE1A2B0C1D009X,1,1,1,1,2.0,2.0,2.0,1.0,0.0,0.0
10.8481,12,7,202,0,E1A1504B1941C1908X,TE1A2B0C1D009X,1,1,1,1,2.0,2.0,2.0,1.0,0.0,0.0
10.8725,13,7,202,0,E1A1488B1941C1902X,TE1A2B0C1D009X,1,1,1,1,2.0,2.0,2.0,1.0,0.0,0.0
10.8824,13,7,202,0,E1A1472B1941C1896X,TE1A2B0C1D009X,1,1,1,1,2.0,2.0,2.0,1.0,0.0,0.0
10.8923,14,7,202,0,E1A1459B1941C1889X,TE1A3B0C1D009X,1,1,1,1,2.0,2.0,2.0,1.0,0.0,0.0
10.9163,15,7,202,0,E1A1447B1941C1883X,TE1A3B0C1D009X,1,1,1,1,2.0,2.0,2.0,1.0,0.0,0.0
10.9284,15,7,202,0,E1A1435B1941C1877X,TE1A3B0C1D009X,1,1,1,1,2.0,2.0,2.0,1.0,0.0,0.0
10.9403,16,7,202,0,E1A1423B1941C1872X,TE1A3B0C1D009X,1,1,1,1,2.0,2.0,2.0,1.0,0.0,0.0
10.9501,16,6,201,0,E1A1412B1941C1866X,TE1A3B0C1D009X,1,1,1,1,2.0,2.0,2.0,1.0,0.0,0.0
10.9603,17,6,201,0,E1A1403B1941C1861X,TE1A3B0C1D009X,1,1,1,1,2.0,2.0,2.0,1.0,0.0,0.0
10.972,17,6,201,0,E1A1394B1941C1857X,TE1A3B0C1D009X,1,1,1,1,2.0,2.0,2.0,1.0,0.0,0.0
10.9843,17,6,201,0,E1A1386B1941C1853X,TE1A3B0C1D009X,1,1,1,1,2.0,2.0,2.0,1.0,0.0,0.0
10.9964,17,6,201,0,E1A1379B1941C1850X,TE1A3B0C1D009X,1,1,1,1,2.0,2.0,2.0,1.0,0.0,0.0
11.0058,18,6,201,0,E1A1369B1941C1847X,TE1A3B0C1D009X,1,1,1,1,2.0,2.0,2.0,1.0,0.0,0.0
11.0165,18,6,200,0,E1A1361B1941C1845X,TE1A3B0C1D009X,1,1,1,1,2.0,2.0,2.0,1.0,0.0,0.0
11.0283,18,6,201,0,E1A1353B1941C1843X,TE1A3B0C1D009X,1,1,1,1,2.0,2.0,2.0,1.0,0.0,0.0
11.0403,18,6,200,0,E1A1347B1941C1840X,TE1A3B0C1D009X,1,1,1,1,2.0,2.0,2.0,1.0,0.0,0.0
11.0523,18,6,200,0,E1A1342B1941C1838X,TE1A3B0C1D009X,1,1,1,1,2.0,2.0,2.0,1.0,0.0,0.0
11.0642,18,6,200,0,E1A1335B1941C1837X,TE1A3B0C1D009X,1,1,1,1,2.0,2.0,2.0,1.0,0.0,0.0
11.0734,18,6,200,0,E1A1332B1941C1836X,TE1A3B0C1D009X,1,1,1,1,2.0,2.0,2.0,1.0,0.0,0.0
11.0844,18,6,200,0,E1A1330B1941C1836X,TE1A3B0C1D009X,1,1,1,1,2.0,2.0,2.0,1.0,0.0,0.0
11.0963,18,6,200,0,E1A1329B1941C1836X,TE1A3B0C1D009X,1,1,1,1,2.0,2.0,2.0,1.0,0.0,0.0
11.1203,18,6,199,0,E1A1329B1941C1836X,TE1A3B0C1D009X,1,1,1,1,2.0,2.0,2.0,1.0,0.0,0.0
11.1323,17,6,199,0,E1A1330B1941C1837X,TE1A3B0C1D009X,1,1,1,1,2.0,2.0,2.0,1.0,0.0,0.0
11.142,17,6,199,0,E1A1333B1941C1839X,TE1A3B0C1D009X,1,1,1,1,2.0,2.0,2.0,1.0,0.0,0.0
11.1522,17,6,199,0,E1A1337B1941C1840X,TE1A3B0C1D009X,1,1,1,1,2.0,2.0,2.0,1.0,0.0,0.0
11.1643,16,6,199,0,E1A1342B1941C1842X,TE1A3B0C1D009X,1,1,1,1,2.0,2.0,2.0,1.0,0.0,0.0
11.1764,16,6,199,0,E1A1346B1941C1843X,TE1A3B0C1D009X,1,1,1,1,2.0,2.0,2.0,1.0,0.0,0.0
11.1887,15,6,199,0,E1A1351B1941C1845X,TE1A3B0C1D009X,1,1,1,1,2.0,2.0,2.0,1.0,0.0,0.0
11.1983,15,6,199,0,E1A1356B1941C1846X,TE1A3B0C1D009X,1,1,1,1,2.0,2.0,2.0,1.0,0.0,0.0
11.2079,14,6,198,0,E1A1363B1941C1848X,TE1A3B0C1D009X,1,1,1,1,2.0,2.0,2.0,1.0,0.0,0.0
11.2204,14,6,198,0,E1A1373B1941C1850X,TE1A3B0C1D009X,1,1,1,1,2.0,2.0,2.0,1.0,0.0,0.0
11.2323,13,5,198,0,E1A1384B1941C1852X,TE1A3B0C1D009X,1,1,1,1,2.0,2.0,2.0,1.0,0.0,0.0
11.2443,13,5,198,0,E1A1396B1941C1854X,TE1A3B0C1D009X,1,1,1,1,2.0,2.0,2.0,1.0,0.0,0.0
11.2562,12,5,198,0,E1A1408B1941C1856X,TE1A3B0C1D009X,1,1,1,1,2.0,2.0,2.0,1.0,0.0,0.0
11.266,12,5,198,0,E1A1422B1941C1857X,TE1A3B0C1D009X,1,1,1,1,2.0,2.0,2.0,1.0,0.0,0.0
11.2764,11,5,198,0,E1A1437B1941C1859X,TE1A3B0C1D009X,1,1,1,1,2.0,2.0,2.0,1.0,0.0,0.0
11.2883,10,4,198,0,E1A1453B1941C1862X,TE1A3B0C1D009X,1,1,1,1,2.0,2.0,2.0,1.0,0.0,0.0
11.3003,9,4,198,0,E1A1471B1941C1864X,TE1A3B0C1D009X,1,1,1,1,2.0,2.0,2.0,1.0,0.0,0.0
11.3122,9,4,198,0,E1A1490B1941C1867X,TE1A3B0C1D009X,1,1,1,1,2.0,2.0,2.0,1.0,0.0,0.0
11.3242,8,4,198,0,E1A1545B1941C1878X,TE1A3B0C1D009X,1,1,1,1,2.0,2.0,2.0,1.0,0.0,0.0
11.3339,7,3,198,0,E1A1595B1941C1887X,TE1A2B0C1D009X,1,1,1,1,2.0,2.0,2.0,1.0,0.0,0.0
11.3441,6,3,198,0,E1A1640B1941C1895X,TE1A2B0C1D009X,1,1,1,1,2.0,2.0,2.0,1.0,0.0,0.0
11.356,5,3,198,0,E1A1681B1941C1903X,TE1A2B0C1D009X,1,1,1,1,2.0,2.0,2.0,1.0,0.0,0.0
11.3682,4,2,198,0,E1A1720B1941C1909X,TE1A2B0C1D009X,1,1,1,1,2.0,2.0,2.0,1.0,0.0,0.0
11.38,3,2,198,0,E1A1755B1941C1916X,TE1A1B0C1D009X,1,1,1,1,2.0,2.0,2.0,1.0,0.0,0.0
11.3899,2,2,198,0,E1A1789B1941C1923X,TE1A1B0C1D009X,1,1,1,1,2.0,2.0,2.0,1.0,0.0,0.0
11.4001,1,1,198,0,E1A1827B1942C1923X,TE1A1B0C1D009X,1,1,1,1,2.0,2.0,2.0,1.0,0.0,0.0
11.4121,0,1,198,0,E1A1869B1935C1923X,TE1A1B0C1D009X,1,1,1,1,2.0,2.0,2.0,1.0,0.0,0.0
11.424,0,1,197,0,E1A1903B1925C1923X,TE1A1B0C1D009X,1,1,1,1,2.0,2.0,2.0,1.0,0.0,0.0
11.4361,-1,1,197,0,E1A1922B1900C1923X,TE1A1B1C1D009X,1,1,1,1,2.0,2.0,2.0,1.0,0.0,0.0
11.448,-2,0,197,0,E1A1922B1879C1915X,TE1A1B1C1D009X,1,1,1,1,2.0,2.0,2.0,1.0,0.0,0.0
11.4577,-4,0,197,0,E1A1922B1858C1900X,TE1A1B1C1D009X,1,1,1,1,2.0,2.0,2.0,1.0,0.0,0.0
11.4681,-5,0,198,0,E1A1922B1834C1884X,TE1A1B1C1D009X,1,1,1,1,2.0,2.0,2.0,1.0,0.0,0.0
11.48,-6,0,197,0,E1A1922B1809C1868X,TE1A1B1C1D009X,1,1,1,1,2.0,2.0,2.0,1.0,0.0,0.0
11.4919,-8,0,197,0,E1A1922B1782C1851X,TE1A1B1C1D009X,1,1,1,1,2.0,2.0,2.0,1.0,0.0,0.0
11.504,-9,0,197,0,E1A1922B1756C1835X,TE1A1B1C1D009X,1,1,1,1,2.0,2.0,2.0,1.0,0.0,0.0
11.5159,-10,-1,197,0,E1A1922B1728C1818X,TE1A1B1C1D009X,1,1,1,1,2.0,2.0,2.0,1.0,0.0,0.0
11.525,-12,-1,197,0,E1A1922B1701C1801X,TE1A1B1C1D009X,1,1,1,1,2.0,2.0,2.0,1.0,0.0,0.0
11.5361,-13,-1,197,0,E1A1922B1675C1785X,TE1A1B2C1D009X,1,1,1,1,2.0,2.0,2.0,1.0,0.0,0.0
11.5478,-15,-2,198,0,E1A1922B1647C1767X,TE1A1B2C1D009X,1,1,1,1,2.0,2.0,2.0,1.0,0.0,0.0
11.5598,-16,-2,198,0,E1A1922B1620C1750X,TE1A1B2C1D009X,1,1,1,1,2.0,2.0,2.0,1.0,0.0,0.0
11.5718,-17,-2,198,0,E1A1922B1593C1734X,TE1A1B2C1D009X,1,1,1,1,2.0,2.0,2.0,1.0,0.0,0.0
11.5811,-19,-3,198,0,E1A1922B1565C1718X,TE1A1B2C1D009X,1,1,1,1,2.0,2.0,2.0,1.0,0.0,0.0
11.592,-20,-3,197,0,E1A1922B1540C1703X,TE1A1B2C1D009X,1,1,1,1,2.0,2.0,2.0,1.0,0.0,0.0
11.604,-21,-3,198,0,E1A1922B1516C1687X,TE1A1B2C1D009X,1,1,1,1,2.0,2.0,2.0,1.0,0.0,0.0
11.6177,-22,-4,198,0,E1A1922B1492C1671X,TE1A1B2C2D009X,1,1,1,1,2.0,2.0,2.0,1.0,0.0,0.0
11.6399,-23,-4,198,0,E1A1922B1467C1653X,TE1A1B2C2D009X,1,1,1,1,2.0,2.0,2.0,1.0,0.0,0.0
11.6493,-25,-4,198,0,E1A1922B1443C1636X,TE1A1B3C2D009X,1,1,1,1,2.0,2.0,2.0,1.0,0.0,0.0
11.6718,-26,-5,198,0,E1A1922B1421C1620X,TE1A1B3C2D009X,1,1,1,1,2.0,2.0,2.0,1.0,0.0,0.0
11.6839,-27,-5,198,0,E1A1922B1399C1604X,TE1A1B3C2D009X,1,1,1,1,2.0,2.0,2.0,1.0,0.0,0.0
11.6959,-28,-6,198,0,E1A1922B1381C1590X,TE1A1B3C2D009X,1,1,1,1,2.0,2.0,2.0,1.0,0.0,0.0
11.7054,-28,-6,198,0,E1A1922B1366C1577X,TE1A1B3C2D009X,1,1,1,1,2.0,2.0,2.0,1.0,0.0,0.0
11.716,-29,-6,198,0,E1A1922B1353C1567X,TE1A1B3C2D009X,1,1,1,1,2.0,2.0,2.0,1.0,0.0,0.0
11.7279,-29,-7,198,0,E1A1922B1341C1556X,TE1A1B3C2D009X,1,1,1,1,2.0,2.0,2.0,1.0,0.0,0.0
11.74,-30,-7,198,0,E1A1922B1330C1547X,TE1A1B3C2D009X,1,1,1,1,2.0,2.0,2.0,1.0,0.0,0.0
11.7521,-30,-7,198,0,E1A1922B1324C1540X,TE1A1B3C2D009X,1,1,1,1,2.0,2.0,2.0,1.0,0.0,0.0
11.764,-30,-7,199,0,E1A1922B1318C1532X,TE1A1B3C2D009X,1,1,1,1,2.0,2.0,2.0,1.0,0.0,0.0
11.773,-30,-8,199,0,E1A1922B1313C1526X,TE1A1B3C2D009X,1,1,1,1,2.0,2.0,2.0,1.0,0.0,0.0
11.784,-30,-8,199,0,E1A1922B1311C1521X,TE1A1B3C2D009X,1,1,1,1,2.0,2.0,2.0,1.0,0.0,0.0
11.796,-30,-8,199,0,E1A1922B1309C1516X,TE1A1B3C2D009X,1,1,1,1,2.0,2.0,2.0,1.0,0.0,0.0
11.8077,-30,-8,199,0,E1A1922B1309C1512X,TE1A1B3C2D009X,1,1,1,1,2.0,2.0,2.0,1.0,0.0,0.0
11.8201,-30,-8,199,0,E1A1922B1311C1508X,TE1A1B3C2D009X,1,1,1,1,2.0,2.0,2.0,1.0,0.0,0.0
11.8322,-29,-8,198,0,E1A1922B1315C1506X,TE1A1B3C2D009X,1,1,1,1,2.0,2.0,2.0,1.0,0.0,0.0
11.8411,-29,-9,198,0,E1A1922B1321C1505X,TE1A1B3C2D009X,1,1,1,1,2.0,2.0,2.0,1.0,0.0,0.0
11.8762,-28,-9,198,0,E1A1922B1333C1508X,TE1A1B3C2D009X,1,1,1,1,2.0,2.0,2.0,1.0,0.0,0.0
11.8882,-27,-9,198,0,E1A1922B1345C1510X,TE1A1B3C2D009X,1,1,1,1,2.0,2.0,2.0,1.0,0.0,0.0
11.8977,-26,-9,198,0,E1A1922B1359C1513X,TE1A1B3C2D009X,1,1,1,1,2.0,2.0,2.0,1.0,0.0,0.0
11.908,-25,-9,198,0,E1A1922B1374C1517X,TE1A1B3C2D009X,1,1,1,1,2.0,2.0,2.0,1.0,0.0,0.0
11.9201,-24,-9,197,0,E1A1922B1390C1522X,TE1A1B3C2D009X,1,1,1,1,2.0,2.0,2.0,1.0,0.0,0.0
11.9321,-22,-9,197,0,E1A1922B1407C1528X,TE1A1B3C2D009X,1,1,1,1,2.0,2.0,2.0,1.0,0.0,0.0
11.944,-21,-9,197,0,E1A1922B1427C1535X,TE1A1B3C2D009X,1,1,1,1,2.0,2.0,2.0,1.0,0.0,0.0
11.9561,-20,-9,197,0,E1A1922B1446C1542X,TE1A1B3C2D009X,1,1,1,1,2.0,2.0,2.0,1.0,0.0,0.0
11.9662,-19,-8,196,0,E1A1922B1466C1550X,TE1A1B3C2D009X,1,1,1,1,2.0,2.0,2.0,1.0,0.0,0.0
11.976,-17,-8,196,0,E1A1922B1486C1559X,TE1A1B3C2D009X,1,1,1,1,2.0,2.0,2.0,1.0,0.0,0.0
11.9881,-16,-8,196,0,E1A1922B1509C1568X,TE1A1B3C2D009X,1,1,1,1,2.0,2.0,2.0,1.0,0.0,0.0
12.0001,-14,-8,196,0,E1A1922B1532C1578X,TE1A1B2C2D009X,1,1,1,1,2.0,2.0,2.0,1.0,0.0,0.0
12.0119,-13,-8,195,0,E1A1922B1555C1588X,TE1A1B2C2D009X,1,1,1,1,2.0,2.0,2.0,1.0,0.0,0.0
12.0238,-12,-8,195,0,E1A1922B1578C1598X,TE1A1B2C2D009X,1,1,1,1,2.0,2.0,2.0,1.0,0.0,0.0
12.0335,-10,-8,195,0,E1A1922B1600C1607X,TE1A1B2C2D009X,1,1,1,1,2.0,2.0,2.0,1.0,0.0,0.0
12.0441,-9,-7,194,0,E1A1922B1621C1617X,TE1A1B2C2D009X,1,1,1,1,2.0,2.0,2.0,1.0,0.0,0.0
12.0561,-8,-7,194,0,E1A1922B1642C1626X,TE1A1B2C2D009X,1,1,1,1,2.0,2.0,2.0,1.0,0.0,0.0
12.068,-7,-7,194,0,E1A1922B1661C1636X,TE1A1B2C2D009X,1,1,1,1,2.0,2.0,2.0,1.0,0.0,0.0
12.0801,-6,-7,194,0,E1A1922B1717C1664X,TE1A1B2C2D009X,1,1,1,1,2.0,2.0,2.0,1.0,0.0,0.0
12.0892,-5,-7,193,0,E1A1922B1763C1687X,TE1A1B2C2D009X,1,1,1,1,2.0,2.0,2.0,1.0,0.0,0.0
12.1,-4,-7,193,0,E1A1922B1799C1705X,TE1A1B1C2D009X,1,1,1,1,2.0,2.0,2.0,1.0,0.0,0.0
12.1121,-3,-6,192,0,E1A1922B1831C1719X,TE1A1B1C2D009X,1,1,1,1,2.0,2.0,2.0,1.0,0.0,0.0
12.1241,-2,-6,192,0,E1A1922B1856C1728X,TE1A1B1C2D009X,1,1,1,1,2.0,2.0,2.0,1.0,0.0,0.0
12.1362,-2,-6,192,0,E1A1922B1877C1734X,TE1A1B1C1D009X,1,1,1,1,2.0,2.0,2.0,1.0,0.0,0.0
12.1481,-1,-6,191,0,E1A1922B1895C1735X,TE1A1B1C1D009X,1,1,1,1,2.0,2.0,2.0,1.0,0.0,0.0
12.1573,0,-6,191,0,E1A1922B1910C1734X,TE1A1B1C1D009X,1,1,1,1,2.0,2.0,2.0,1.0,0.0,0.0
12.168,0,-6,191,0,E1A1922B1921C1729X,TE1A1B1C1D009X,1,1,1,1,2.0,2.0,2.0,1.0,0.0,0.0
12.18,0,-6,191,0,E1A1922B1931C1722X,TE1A1B1C1D009X,1,1,1,1,2.0,2.0,2.0,1.0,0.0,0.0
12.1921,0,-6,190,0,E1A1922B1939C1714X,TE1A1B1C1D009X,1,1,1,1,2.0,2.0,2.0,1.0,0.0,0.0
12.2043,0,-7,190,0,E1A1922B1945C1706X,TE1A1B1C1D009X,1,1,1,1,2.0,2.0,2.0,1.0,0.0,0.0
12.2161,0,-7,190,0,E1A1922B1945C1707X,TE1A1B0C2D009X,1,1,1,1,2.0,2.0,2.0,1.0,0.0,0.0
12.2256,0,-7,190,0,E1A1918B1945C1708X,TE1A1B0C1D009X,1,1,1,1,2.0,2.0,2.0,1.0,0.0,0.0
12.236,1,-7,190,0,E1A1915B1945C1707X,TE1A1B0C1D009X,1,1,1,1,2.0,2.0,2.0,1.0,0.0,0.0
12.248,1,-7,190,0,E1A1912B1945C1705X,TE1A1B0C1D009X,1,1,1,1,2.0,2.0,2.0,1.0,0.0,0.0
12.2601,1,-7,190,0,E1A1910B1945C1703X,TE1A1B0C2D009X,1,1,1,1,2.0,2.0,2.0,1.0,0.0,0.0
12.2721,1,-7,189,0,E1A1909B1945C1700X,TE1A1B0C2D009X,1,1,1,1,2.0,2.0,2.0,1.0,0.0,0.0
12.2815,1,-7,189,0,E1A1908B1945C1697X,TE1A1B0C2D009X,1,1,1,1,2.0,2.0,2.0,1.0,0.0,0.0
12.2921,1,-7,189,0,E1A1908B1945C1693X,TE1A1B0C2D009X,1,1,1,1,2.0,2.0,2.0,1.0,0.0,0.0
12.304,1,-8,188,0,E1A1908B1945C1690X,TE1A1B0C2D009X,1,1,1,1,2.0,2.0,2.0,1.0,0.0,0.0
12.316,1,-8,188,0,E1A1909B1945C1686X,TE1A1B0C2D009X,1,1,1,1,2.0,2.0,2.0,1.0,0.0,0.0
12.3277,1,-8,188,0,E1A1910B1945C1681X,TE1A1B0C2D009X,1,1,1,1,2.0,2.0,2.0,1.0,0.0,0.0
12.3402,0,-8,187,0,E1A1912B1945C1676X,TE1A1B0C2D009X,1,1,1,1,2.0,2.0,2.0,1.0,0.0,0.0
12.3502,0,-8,187,0,E1A1915B1945C1670X,TE1A1B0C2D009X,1,1,1,1,2.0,2.0,2.0,1.0,0.0,0.0
12.36,0,-8,187,0,E1A1917B1945C1665X,TE1A1B0C2D009X,1,1,1,1,2.0,2.0,2.0,1.0,0.0,0.0
12.372,0,-8,187,0,E1A1920B1945C1660X,TE1A1B0C2D009X,1,1,1,1,2.0,2.0,2.0,1.0,0.0,0.0
12.3843,0,-8,186,0,E1A1923B1945C1656X,TE1A1B0C2D009X,1,1,1,1,2.0,2.0,2.0,1.0,0.0,0.0
12.3961,0,-8,186,0,E1A1923B1944C1654X,TE1A1B0C2D009X,1,1,1,1,2.0,2.0,2.0,1.0,0.0,0.0
12.4077,0,-8,185,0,E1A1923B1940C1656X,TE1A1B0C2D009X,1,1,1,1,2.0,2.0,2.0,1.0,0.0,0.0
12.4173,0,-8,185,0,E1A1923B1935C1659X,TE1A1B0C2D009X,1,1,1,1,2.0,2.0,2.0,1.0,0.0,0.0
12.428,-1,-8,185,0,E1A1923B1929C1661X,TE1A1B0C2D009X,1,1,1,1,2.0,2.0,2.0,1.0,0.0,0.0
12.4396,-1,-8,184,0,E1A1923B1925C1662X,TE1A1B0C2D009X,1,1,1,1,2.0,2.0,2.0,1.0,0.0,0.0
12.4518,-1,-8,184,0,E1A1923B1919C1662X,TE1A1B1C2D009X,1,1,1,1,2.0,2.0,2.0,1.0,0.0,0.0
12.4639,-2,-9,184,0,E1A1923B1914C1662X,TE1A1B1C2D009X,1,1,1,1,2.0,2.0,2.0,1.0,0.0,0.0
12.4729,-2,-9,183,0,E1A1923B1908C1661X,TE1A1B1C2D009X,1,1,1,1,2.0,2.0,2.0,1.0,0.0,0.0
12.484,-2,-9,183,0,E1A1923B1902C1660X,TE1A1B1C2D009X,1,1,1,1,2.0,2.0,2.0,1.0,0.0,0.0
12.4959,-3,-9,183,0,E1A1923B1897C1658X,TE1A1B1C2D009X,1,1,1,1,2.0,2.0,2.0,1.0,0.0,0.0
12.5079,-3,-9,182,0,E1A1923B1890C1653X,TE1A1B1C2D009X,1,1,1,1,2.0,2.0,2.0,1.0,0.0,0.0
12.52,-4,-9,182,0,E1A1923B1884C1648X,TE1A1B1C2D009X,1,1,1,1,2.0,2.0,2.0,1.0,0.0,0.0
12.5319,-4,-9,182,0,E1A1923B1879C1643X,TE1A1B1C2D009X,1,1,1,1,2.0,2.0,2.0,1.0,0.0,0.0
12.5424,-4,-9,181,0,E1A1923B1873C1638X,TE1A1B1C2D009X,1,1,1,1,2.0,2.0,2.0,1.0,0.0,0.0
12.5636,-4,-10,181,0,E1A1923B1867C1633X,TE1A1B1C2D009X,1,1,1,1,2.0,2.0,2.0,1.0,0.0,0.0
12.5879,-5,-10,181,0,E1A1923B1862C1627X,TE1A1B1C2D009X,1,1,1,1,2.0,2.0,2.0,1.0,0.0,0.0
12.5976,-5,-10,181,0,E1A1923B1858C1622X,TE1A1B1C2D009X,1,1,1,1,2.0,2.0,2.0,1.0,0.0,0.0
12.6079,-5,-10,181,0,E1A1923B1853C1618X,TE1A1B1C2D009X,1,1,1,1,2.0,2.0,2.0,1.0,0.0,0.0
12.62,-5,-10,181,0,E1A1923B1849C1614X,TE1A1B1C2D009X,1,1,1,1,2.0,2.0,2.0,1.0,0.0,0.0
12.6319,-6,-10,181,0,E1A1923B1845C1612X,TE1A1B1C2D009X,1,1,1,1,2.0,2.0,2.0,1.0,0.0,0.0
12.644,-6,-10,181,0,E1A1923B1841C1610X,TE1A1B1C2D009X,1,1,1,1,2.0,2.0,2.0,1.0,0.0,0.0
12.6559,-6,-10,181,0,E1A1923B1838C1609X,TE1A1B1C2D009X,1,1,1,1,2.0,2.0,2.0,1.0,0.0,0.0
12.6655,-6,-10,180,0,E1A1923B1834C1608X,TE1A1B1C2D009X,1,1,1,1,2.0,2.0,2.0,1.0,0.0,0.0
12.6771,-6,-10,181,0,E1A1923B1832C1608X,TE1A1B1C2D009X,1,1,1,1,2.0,2.0,2.0,1.0,0.0,0.0
12.6883,-6,-10,180,0,E1A1923B1829C1608X,TE1A1B1C2D009X,1,1,1,1,2.0,2.0,2.0,1.0,0.0,0.0
12.7001,-6,-10,181,0,E1A1923B1827C1609X,TE1A1B1C2D009X,1,1,1,1,2.0,2.0,2.0,1.0,0.0,0.0
12.7121,-6,-10,181,0,E1A1923B1825C1609X,TE1A1B1C2D009X,1,1,1,1,2.0,2.0,2.0,1.0,0.0,0.0
12.7239,-6,-10,181,0,E1A1923B1823C1609X,TE1A1B1C2D009X,1,1,1,1,2.0,2.0,2.0,1.0,0.0,0.0
12.7342,-6,-10,181,0,E1A1923B1822C1609X,TE1A1B1C2D009X,1,1,1,1,2.0,2.0,2.0,1.0,0.0,0.0
12.7442,-6,-10,181,0,E1A1923B1820C1609X,TE1A1B1C2D009X,1,1,1,1,2.0,2.0,2.0,1.0,0.0,0.0
12.7559,-6,-10,181,0,E1A1923B1818C1609X,TE1A1B1C2D009X,1,1,1,1,2.0,2.0,2.0,1.0,0.0,0.0
12.768,-6,-10,181,0,E1A1923B1816C1608X,TE1A1B1C2D009X,1,1,1,1,2.0,2.0,2.0,1.0,0.0,0.0
12.7797,-6,-10,181,0,E1A1923B1814C1608X,TE1A1B1C2D009X,1,1,1,1,2.0,2.0,2.0,1.0,0.0,0.0
12.7893,-7,-10,181,0,E1A1923B1813C1607X,TE1A1B1C2D009X,1,1,1,1,2.0,2.0,2.0,1.0,0.0,0.0
12.8,-6,-9,181,0,E1A1923B1812C1607X,TE1A1B1C2D009X,1,1,1,1,2.0,2.0,2.0,1.0,0.0,0.0
12.8119,-6,-9,181,0,E1A1923B1811C1606X,TE1A1B1C2D009X,1,1,1,1,2.0,2.0,2.0,1.0,0.0,0.0
12.824,-6,-9,180,0,E1A1923B1811C1605X,TE1A1B1C2D009X,1,1,1,1,2.0,2.0,2.0,1.0,0.0,0.0
12.836,-6,-9,181,0,E1A1923B1811C1604X,TE1A1B1C2D009X,1,1,1,1,2.0,2.0,2.0,1.0,0.0,0.0
12.8479,-6,-9,181,0,E1A1923B1812C1604X,TE1A1B1C2D009X,1,1,1,1,2.0,2.0,2.0,1.0,0.0,0.0
12.8575,-6,-9,181,0,E1A1923B1812C1603X,TE1A1B1C2D009X,1,1,1,1,2.0,2.0,2.0,1.0,0.0,0.0
12.8682,-6,-9,181,0,E1A1923B1814C1602X,TE1A1B1C2D009X,1,1,1,1,2.0,2.0,2.0,1.0,0.0,0.0
12.8802,-6,-9,181,0,E1A1923B1816C1601X,TE1A1B1C2D009X,1,1,1,1,2.0,2.0,2.0,1.0,0.0,0.0
12.8919,-6,-9,181,0,E1A1923B1818C1599X,TE1A1B1C2D009X,1,1,1,1,2.0,2.0,2.0,1.0,0.0,0.0
12.9041,-5,-9,181,0,E1A1923B1821C1598X,TE1A1B1C2D009X,1,1,1,1,2.0,2.0,2.0,1.0,0.0,0.0
12.9161,-5,-10,181,0,E1A1923B1823C1594X,TE1A1B1C2D009X,1,1,1,1,2.0,2.0,2.0,1.0,0.0,0.0
12.9252,-5,-10,181,0,E1A1923B1825C1591X,TE1A1B1C2D009X,1,1,1,1,2.0,2.0,2.0,1.0,0.0,0.0
12.9481,-5,-10,181,0,E1A1923B1828C1587X,TE1A1B1C2D009X,1,1,1,1,2.0,2.0,2.0,1.0,0.0,0.0
12.96,-5,-10,181,0,E1A1923B1831C1581X,TE1A1B1C2D009X,1,1,1,1,2.0,2.0,2.0,1.0,0.0,0.0
12.9719,-4,-10,181,0,E1A1923B1834C1575X,TE1A1B1C2D009X,1,1,1,1,2.0,2.0,2.0,1.0,0.0,0.0
12.9813,-4,-10,181,0,E1A1923B1836C1569X,TE1A1B1C2D009X,1,1,1,1,2.0,2.0,2.0,1.0,0.0,0.0
12.992,-4,-10,181,0,E1A1923B1838C1562X,TE1A1B1C2D009X,1,1,1,1,2.0,2.0,2.0,1.0,0.0,0.0
13.0041,-4,-11,181,0,E1A1923B1841C1555X,TE1A1B1C2D009X,1,1,1,1,2.0,2.0,2.0,1.0,0.0,0.0
13.0162,-4,-11,181,0,E1A1923B1842C1548X,TE1A1B1C2D009X,1,1,1,1,2.0,2.0,2.0,1.0,0.0,0.0
13.0281,-4,-11,181,0,E1A1923B1844C1540X,TE1A1B1C2D009X,1,1,1,1,2.0,2.0,2.0,1.0,0.0,0.0
13.0401,-4,-11,181,0,E1A1923B1845C1532X,TE1A1B1C2D009X,1,1,1,1,2.0,2.0,2.0,1.0,0.0,0.0
13.0497,-3,-11,181,0,E1A1923B1846C1523X,TE1A1B1C2D009X,1,1,1,1,2.0,2.0,2.0,1.0,0.0,0.0
13.0602,-3,-12,181,0,E1A1923B1846C1515X,TE1A1B1C2D009X,1,1,1,1,2.0,2.0,2.0,1.0,0.0,0.0
13.0723,-3,-12,181,0,E1A1923B1847C1507X,TE1A1B1C2D009X,1,1,1,1,2.0,2.0,2.0,1.0,0.0,0.0
13.0843,-3,-12,181,0,E1A1923B1847C1500X,TE1A1B1C2D009X,1,1,1,1,2.0,2.0,2.0,1.0,0.0,0.0
13.0963,-3,-12,181,0,E1A1923B1847C1492X,TE1A1B1C2D009X,1,1,1,1,2.0,2.0,2.0,1.0,0.0,0.0
13.1161,-3,-12,181,0,E1A1923B1848C1484X,TE1A1B1C2D009X,1,1,1,1,2.0,2.0,2.0,1.0,0.0,0.0
13.1282,-3,-13,182,0,E1A1923B1847C1477X,TE1A1B1C2D009X,1,1,1,1,2.0,2.0,2.0,1.0,0.0,0.0
13.1404,-3,-13,182,0,E1A1923B1847C1470X,TE1A1B1C2D009X,1,1,1,1,2.0,2.0,2.0,1.0,0.0,0.0
13.1525,-3,-13,182,0,E1A1923B1847C1464X,TE1A1B1C3D009X,1,1,1,1,2.0,2.0,2.0,1.0,0.0,0.0
13.1643,-3,-13,182,0,E1A1923B1846C1459X,TE1A1B1C3D009X,1,1,1,1,2.0,2.0,2.0,1.0,0.0,0.0
13.1736,-3,-13,182,0,E1A1923B1844C1453X,TE1A1B1C3D009X,1,1,1,1,2.0,2.0,2.0,1.0,0.0,0.0
13.1843,-3,-13,182,0,E1A1923B1842C1448X,TE1A1B1C3D009X,1,1,1,1,2.0,2.0,2.0,1.0,0.0,0.0
13.1965,-3,-14,182,0,E1A1923B1841C1444X,TE1A1B1C3D009X,1,1,1,1,2.0,2.0,2.0,1.0,0.0,0.0
13.2081,-4,-14,183,0,E1A1923B1839C1440X,TE1A1B1C3D009X,1,1,1,1,2.0,2.0,2.0,1.0,0.0,0.0
13.2203,-4,-14,183,0,E1A1923B1837C1436X,TE1A1B1C3D009X,1,1,1,1,2.0,2.0,2.0,1.0,0.0,0.0
13.2324,-4,-14,183,0,E1A1923B1835C1433X,TE1A1B1C3D009X,1,1,1,1,2.0,2.0,2.0,1.0,0.0,0.0
13.2431,-4,-14,183,0,E1A1923B1833C1429X,TE1A1B1C3D009X,1,1,1,1,2.0,2.0,2.0,1.0,0.0,0.0
13.2529,-4,-14,183,0,E1A1923B1832C1427X,TE1A1B1C3D009X,1,1,1,1,2.0,2.0,2.0,1.0,0.0,0.0
13.2642,-4,-14,183,0,E1A1923B1830C1426X,TE1A1B1C3D009X,1,1,1,1,2.0,2.0,2.0,1.0,0.0,0.0
13.276,-4,-14,183,0,E1A1923B1828C1424X,TE1A1B1C3D009X,1,1,1,1,2.0,2.0,2.0,1.0,0.0,0.0
13.2883,-4,-14,183,0,E1A1923B1825C1422X,TE1A1B1C3D009X,1,1,1,1,2.0,2.0,2.0,1.0,0.0,0.0
13.2978,-4,-14,183,0,E1A1923B1823C1421X,TE1A1B1C3D009X,1,1,1,1,2.0,2.0,2.0,1.0,0.0,0.0
13.308,-4,-14,183,0,E1A1923B1821C1420X,TE1A1B1C3D009X,1,1,1,1,2.0,2.0,2.0,1.0,0.0,0.0
13.3202,-4,-14,184,0,E1A1923B1820C1419X,TE1A1B1C3D009X,1,1,1,1,2.0,2.0,2.0,1.0,0.0,0.0
13.3322,-4,-14,184,0,E1A1923B1818C1418X,TE1A1B1C3D009X,1,1,1,1,2.0,2.0,2.0,1.0,0.0,0.0
13.344,-5,-14,184,0,E1A1923B1816C1417X,TE1A1B1C3D009X,1,1,1,1,2.0,2.0,2.0,1.0,0.0,0.0
13.3558,-5,-14,184,0,E1A1923B1814C1417X,TE1A1B1C3D009X,1,1,1,1,2.0,2.0,2.0,1.0,0.0,0.0
13.3655,-5,-14,184,0,E1A1923B1813C1416X,TE1A1B1C3D009X,1,1,1,1,2.0,2.0,2.0,1.0,0.0,0.0
13.3761,-5,-14,184,0,E1A1923B1811C1416X,TE1A1B1C3D009X,1,1,1,1,2.0,2.0,2.0,1.0,0.0,0.0
13.39,-5,-14,184,0,E1A1923B1810C1415X,TE1A1B1C3D009X,1,1,1,1,2.0,2.0,2.0,1.0,0.0,0.0
13.4004,-5,-14,184,0,E1A1923B1808C1413X,TE1A1B1C3D009X,1,1,1,1,2.0,2.0,2.0,1.0,0.0,0.0
13.413,-5,-14,183,0,E1A1923B1807C1413X,TE1A1B1C3D009X,1,1,1,1,2.0,2.0,2.0,1.0,0.0,0.0
13.4238,-5,-14,183,0,E1A1923B1806C1412X,TE1A1B1C3D009X,1,1,1,1,2.0,2.0,2.0,1.0,0.0,0.0
13.4443,-5,-14,184,0,E1A1923B1805C1411X,TE1A1B1C3D009X,1,1,1,1,2.0,2.0,2.0,1.0,0.0,0.0
13.4562,-5,-14,184,0,E1A1923B1804C1410X,TE1A1B1C3D009X,1,1,1,1,2.0,2.0,2.0,1.0,0.0,0.0
13.4682,-5,-13,184,0,E1A1923B1802C1409X,TE1A1B1C3D009X,1,1,1,1,2.0,2.0,2.0,1.0,0.0,0.0
13.4801,-5,-13,183,0,E1A1923B1801C1408X,TE1A1B1C3D009X,1,1,1,1,2.0,2.0,2.0,1.0,0.0,0.0
13.4893,-5,-13,183,0,E1A1923B1799C1406X,TE1A1B1C3D009X,1,1,1,1,2.0,2.0,2.0,1.0,0.0,0.0
13.5003,-5,-13,183,0,E1A1923B1798C1406X,TE1A1B1C3D009X,1,1,1,1,2.0,2.0,2.0,1.0,0.0,0.0
13.5122,-5,-13,183,0,E1A1923B1796C1404X,TE1A1B1C3D009X,1,1,1,1,2.0,2.0,2.0,1.0,0.0,0.0
13.5365,-5,-13,183,0,E1A1923B1795C1401X,TE1A1B1C3D009X,1,1,1,1,2.0,2.0,2.0,1.0,0.0,0.0
13.548,-5,-13,183,0,E1A1923B1794C1398X,TE1A1B1C3D009X,1,1,1,1,2.0,2.0,2.0,1.0,0.0,0.0
13.5579,-5,-13,183,0,E1A1923B1793C1395X,TE1A1B1C3D009X,1,1,1,1,2.0,2.0,2.0,1.0,0.0,0.0
13.5682,-5,-14,183,0,E1A1923B1793C1392X,TE1A1B1C3D009X,1,1,1,1,2.0,2.0,2.0,1.0,0.0,0.0
13.5799,-5,-14,183,0,E1A1923B1792C1389X,TE1A1B1C3D009X,1,1,1,1,2.0,2.0,2.0,1.0,0.0,0.0
13.5921,-5,-14,183,0,E1A1923B1791C1387X,TE1A1B1C3D009X,1,1,1,1,2.0,2.0,2.0,1.0,0.0,0.0
13.6042,-5,-14,183,0,E1A1923B1790C1383X,TE1A1B1C3D009X,1,1,1,1,2.0,2.0,2.0,1.0,0.0,0.0
13.6163,-5,-14,183,0,E1A1923B1789C1380X,TE1A1B1C3D009X,1,1,1,1,2.0,2.0,2.0,1.0,0.0,0.0
13.6262,-5,-14,183,0,E1A1923B1788C1378X,TE1A1B1C3D009X,1,1,1,1,2.0,2.0,2.0,1.0,0.0,0.0
13.6361,-5,-14,183,0,E1A1923B1787C1375X,TE1A1B1C3D009X,1,1,1,1,2.0,2.0,2.0,1.0,0.0,0.0
13.6484,-5,-14,183,0,E1A1923B1786C1372X,TE1A1B1C3D009X,1,1,1,1,2.0,2.0,2.0,1.0,0.0,0.0
13.6603,-5,-14,183,0,E1A1923B1785C1368X,TE1A1B1C3D009X,1,1,1,1,2.0,2.0,2.0,1.0,0.0,0.0
13.6722,-5,-14,184,0,E1A1923B1784C1365X,TE1A1B1C3D009X,1,1,1,1,2.0,2.0,2.0,1.0,0.0,0.0
13.6821,-5,-14,184,0,E1A1923B1783C1362X,TE1A1B1C3D009X,1,1,1,1,2.0,2.0,2.0,1.0,0.0,0.0
13.6923,-5,-14,184,0,E1A1923B1781C1358X,TE1A1B1C3D009X,1,1,1,1,2.0,2.0,2.0,1.0,0.0,0.0
13.7041,-5,-14,183,0,E1A1923B1780C1354X,TE1A1B1C3D009X,1,1,1,1,2.0,2.0,2.0,1.0,0.0,0.0
13.7175,-5,-14,183,0,E1A1923B1778C1351X,TE1A1B1C3D009X,1,1,1,1,2.0,2.0,2.0,1.0,0.0,0.0
13.7339,-5,-14,183,0,E1A1923B1776C1348X,TE1A1B1C3D009X,1,1,1,1,2.0,2.0,2.0,1.0,0.0,0.0
13.7449,-5,-14,183,0,E1A1923B1775C1346X,TE1A1B1C3D009X,1,1,1,1,2.0,2.0,2.0,1.0,0.0,0.0
13.7545,-6,-14,184,0,E1A1923B1773C1344X,TE1A1B1C3D009X,1,1,1,1,2.0,2.0,2.0,1.0,0.0,0.0
13.764,-6,-14,184,0,E1A1923B1771C1343X,TE1A1B1C3D009X,1,1,1,1,2.0,2.0,2.0,1.0,0.0,0.0
13.7732,-6,-14,184,0,E1A1923B1769C1343X,TE1A1B1C3D009X,1,1,1,1,2.0,2.0,2.0,1.0,0.0,0.0
13.7845,-6,-14,184,0,E1A1923B1768C1343X,TE1A1B1C3D009X,1,1,1,1,2.0,2.0,2.0,1.0,0.0,0.0
13.7961,-6,-14,184,0,E1A1923B1767C1344X,TE1A1B1C3D009X,1,1,1,1,2.0,2.0,2.0,1.0,0.0,0.0
13.808,-6,-14,184,0,E1A1923B1765C1345X,TE1A1B1C3D009X,1,1,1,1,2.0,2.0,2.0,1.0,0.0,0.0
13.819,-6,-14,184,0,E1A1923B1764C1346X,TE1A1B1C3D009X,1,1,1,1,2.0,2.0,2.0,1.0,0.0,0.0
13.8286,-6,-14,184,0,E1A1923B1763C1346X,TE1A1B1C3D009X,1,1,1,1,2.0,2.0,2.0,1.0,0.0,0.0
13.8401,-6,-14,184,1,E1A1923B1762C1347X,TE1A1B1C3D009X,1,1,1,1,2.0,2.0,2.0,1.0,0.0,0.0
