timestamp,errXmm,errYmm,errZmm,TouchDetected,OutgoingPacket,IncomingPacket,Serial0Enabled,Serial0Open,Serial1Enabled,Serial1Open,kpx,kpy,kix,kiy,kdx,kdy
0.000959429,-18,15,443,0,E1A1917B1693C1715X,TE1A1B2C1D000X,1,1,1,1,1.4,1.4,1.4,1.8,0.0,0.0
0.0153834,-18,15,443,0,E1A1917B1691C1715X,TE1A1B2C1D000X,1,1,1,1,1.4,1.4,1.4,1.8,0.0,0.0
0.0362717,-18,15,442,0,E1A1917B1689C1715X,TE1A1B2C1D000X,1,1,1,1,1.4,1.4,1.4,1.8,0.0,0.0
0.0505683,-19,15,452,0,E1A1917B1686C1715X,TE1A1B2C1D000X,1,1,1,1,1.4,1.4,1.4,1.8,0.0,0.0
0.0629384,-19,15,448,0,E1A1918B1683C1715X,TE1A1B2C1D000X,1,1,1,1,1.4,1.4,1.4,1.8,0.0,0.0
0.0752324,-19,15,447,0,E1A1918B1678C1715X,TE1A1B2C1D000X,1,1,1,1,1.4,1.4,1.4,1.8,0.0,0.0
0.0896108,-27,14,447,0,E1A1918B1623C1707X,TE1A1B2C1D000X,1,1,1,1,1.4,1.4,1.4,1.8,0.0,0.0
0.101174,-33,14,448,0,E1A1918B1585C1690X,TE1A1B2C1D000X,1,1,1,1,1.4,1.4,1.4,1.8,0.0,0.0
0.113064,-39,14,449,0,E1A1918B1550C1675X,TE1A1B2C2D000X,1,1,1,1,1.4,1.4,1.4,1.8,0.0,0.0
0.126775,-44,14,447,0,E1A1918B1518C1662X,TE1A1B2C2D000X,1,1,1,1,1.4,1.4,1.4,1.8,0.0,0.0
0.139249,-48,13,449,0,E1A1918B1490C1651X,TE1A1B2C2D000X,1,1,1,1,1.4,1.4,1.4,1.8,0.0,0.0
0.150625,-51,13,448,0,E1A1918B1465C1642X,TE1A1B2C2D000X,1,1,1,1,1.4,1.4,1.4,1.8,0.0,0.0
0.162825,-54,13,447,0,E1A1918B1442C1634X,TE1A1B3C2D000X,1,1,1,1,1.4,1.4,1.4,1.8,0.0,0.0
0.17671,-57,14,448,0,E1A1918B1423C1628X,TE1A1B3C2D000X,1,1,1,1,1.4,1.4,1.4,1.8,0.0,0.0
0.188916,-59,14,449,0,E1A1918B1406C1624X,TE1A1B3C2D000X,1,1,1,1,1.4,1.4,1.4,1.8,0.0,0.0
0.20063,-60,14,448,0,E1A1918B1390C1620X,TE1A1B3C2D000X,1,1,1,1,1.4,1.4,1.4,1.8,0.0,0.0
0.212217,-61,14,447,0,E1A1918B1376C1616X,TE1A1B3C2D000X,1,1,1,1,1.4,1.4,1.4,1.8,0.0,0.0
0.22697,-63,14,447,0,E1A1918B1363C1612X,TE1A1B3C2D000X,1,1,1,1,1.4,1.4,1.4,1.8,0.0,0.0
0.238685,-64,14,447,0,E1A1918B1350C1609X,TE1A1B3C2D000X,1,1,1,1,1.4,1.4,1.4,1.8,0.0,0.0
0.250709,-65,14,447,0,E1A1918B1340C1606X,TE1A1B3C2D000X,1,1,1,1,1.4,1.4,1.4,1.8,0.0,0.0
0.262611,-65,14,447,0,E1A1918B1330C1603X,TE1A1B3C2D000X,1,1,1,1,1.4,1.4,1.4,1.8,0.0,0.0
0.274499,-66,14,446,0,E1A1918B1322C1601X,TE1A1B3C2D000X,1,1,1,1,1.4,1.4,1.4,1.8,0.0,0.0
0.285988,-66,14,447,0,E1A1918B1314C1599X,TE1A1B3C2D000X,1,1,1,1,1.4,1.4,1.4,1.8,0.0,0.0
0.297647,-67,14,447,0,E1A1918B1306C1597X,TE1A1B3C2D000X,1,1,1,1,1.4,1.4,1.4,1.8,0.0,0.0
0.310151,-67,14,446,0,E1A1918B1299C1596X,TE1A1B3C2D000X,1,1,1,1,1.4,1.4,1.4,1.8,0.0,0.0
0.32208,-67,14,446,0,E1A1918B1292C1594X,TE1A1B3C2D000X,1,1,1,1,1.4,1.4,1.4,1.8,0.0,0.0
0.350231,-67,14,446,0,E1A1918B1286C1593X,TE1A1B3C2D000X,1,1,1,1,1.4,1.4,1.4,1.8,0.0,0.0
0.362591,-67,14,445,0,E1A1918B1281C1592X,TE1A1B3C2D000X,1,1,1,1,1.4,1.4,1.4,1.8,0.0,0.0
0.374101,-67,14,445,0,E1A1918B1276C1592X,TE1A1B3C2D000X,1,1,1,1,1.4,1.4,1.4,1.8,0.0,0.0
0.385717,-67,14,444,0,E1A1918B1271C1592X,TE1A1B3C2D000X,1,1,1,1,1.4,1.4,1.4,1.8,0.0,0.0
0.406218,-67,15,445,0,E1A1918B1267C1592X,TE1A1B3C2D000X,1,1,1,1,1.4,1.4,1.4,1.8,0.0,0.0
0.437837,-66,15,445,0,E1A1918B1263C1592X,TE1A1B3C2D000X,1,1,1,1,1.4,1.4,1.4,1.8,0.0,0.0
0.450126,-66,15,445,0,E1A1918B1260C1592X,TE1A1B3C2D000X,1,1,1,1,1.4,1.4,1.4,1.8,0.0,0.0
0.461826,-66,15,445,0,E1A1918B1256C1592X,TE1A1B3C2D000X,1,1,1,1,1.4,1.4,1.4,1.8,0.0,0.0
0.473754,-65,15,444,0,E1A1918B1253C1592X,TE1A1B3C2D000X,1,1,1,1,1.4,1.4,1.4,1.8,0.0,0.0
0.494215,-65,15,445,0,E1A1918B1250C1593X,TE1A1B3C2D000X,1,1,1,1,1.4,1.4,1.4,1.8,0.0,0.0
0.505786,-64,15,445,0,E1A1918B1247C1594X,TE1A1B3C2D000X,1,1,1,1,1.4,1.4,1.4,1.8,0.0,0.0
0.518909,-64,15,446,0,E1A1918B1246C1595X,TE1A1B4C2D000X,1,1,1,1,1.4,1.4,1.4,1.8,0.0,0.0
0.530447,-63,15,447,0,E1A1918B1244C1596X,TE1A1B4C2D000X,1,1,1,1,1.4,1.4,1.4,1.8,0.0,0.0
0.542158,-63,15,446,0,E1A1918B1243C1598X,TE1A1B4C2D000X,1,1,1,1,1.4,1.4,1.4,1.8,0.0,0.0
0.554457,-62,16,446,0,E1A1918B1242C1599X,TE1A1B4C2D000X,1,1,1,1,1.4,1.4,1.4,1.8,0.0,0.0
0.574159,-61,16,447,0,E1A1918B1243C1600X,TE1A1B4C2D000X,1,1,1,1,1.4,1.4,1.4,1.8,0.0,0.0
0.586179,-60,15,447,0,E1A1918B1245C1602X,TE1A1B4C2D000X,1,1,1,1,1.4,1.4,1.4,1.8,0.0,0.0
0.598182,-59,15,447,0,E1A1918B1247C1603X,TE1A1B4C2D000X,1,1,1,1,1.4,1.4,1.4,1.8,0.0,0.0
0.61025,-58,15,447,0,E1A1918B1249C1605X,TE1A1B4C2D000X,1,1,1,1,1.4,1.4,1.4,1.8,0.0,0.0
0.622259,-57,15,448,0,E1A1918B1252C1606X,TE1A1B4C2D000X,1,1,1,1,1.4,1.4,1.4,1.8,0.0,0.0
0.634093,-56,15,448,0,E1A1918B1255C1607X,TE1A1B3C2D000X,1,1,1,1,1.4,1.4,1.4,1.8,0.0,0.0
0.645511,-55,15,449,0,E1A1918B1259C1608X,TE1A1B3C2D000X,1,1,1,1,1.4,1.4,1.4,1.8,0.0,0.0
0.657247,-54,14,450,0,E1A1918B1263C1609X,TE1A1B3C2D000X,1,1,1,1,1.4,1.4,1.4,1.8,0.0,0.0
0.669043,-53,14,450,0,E1A1918B1268C1611X,TE1A1B3C2D000X,1,1,1,1,1.4,1.4,1.4,1.8,0.0,0.0
0.680598,-51,14,449,0,E1A1918B1272C1612X,TE1A1B3C2D000X,1,1,1,1,1.4,1.4,1.4,1.8,0.0,0.0
0.692664,-50,14,448,0,E1A1918B1277C1613X,TE1A1B3C2D000X,1,1,1,1,1.4,1.4,1.4,1.8,0.0,0.0
0.704561,-49,13,449,0,E1A1918B1282C1615X,TE1A1B3C2D000X,1,1,1,1,1.4,1.4,1.4,1.8,0.0,0.0
0.717216,-48,13,448,0,E1A1918B1287C1616X,TE1A1B3C2D000X,1,1,1,1,1.4,1.4,1.4,1.8,0.0,0.0
0.73354,-46,13,449,0,E1A1918B1293C1618X,TE1A1B3C2D000X,1,1,1,1,1.4,1.4,1.4,1.8,0.0,0.0
0.746456,-45,12,450,0,E1A1918B1300C1619X,TE1A1B3C2D000X,1,1,1,1,1.4,1.4,1.4,1.8,0.0,0.0
0.759854,-44,12,450,0,E1A1918B1308C1620X,TE1A1B3C2D000X,1,1,1,1,1.4,1.4,1.4,1.8,0.0,0.0
0.772403,-42,11,450,0,E1A1918B1315C1621X,TE1A1B3C2D000X,1,1,1,1,1.4,1.4,1.4,1.8,0.0,0.0
0.784006,-41,11,449,0,E1A1918B1322C1622X,TE1A1B3C2D000X,1,1,1,1,1.4,1.4,1.4,1.8,0.0,0.0
0.795909,-40,10,450,0,E1A1918B1331C1623X,TE1A1B3C2D000X,1,1,1,1,1.4,1.4,1.4,1.8,0.0,0.0
0.808266,-38,10,450,0,E1A1918B1339C1624X,TE1A1B3C2D000X,1,1,1,1,1.4,1.4,1.4,1.8,0.0,0.0
0.820769,-37,9,451,0,E1A1918B1347C1625X,TE1A1B3C2D000X,1,1,1,1,1.4,1.4,1.4,1.8,0.0,0.0
0.834729,-36,9,451,0,E1A1918B1356C1626X,TE1A1B3C2D000X,1,1,1,1,1.4,1.4,1.4,1.8,0.0,0.0
0.847016,-34,8,451,0,E1A1918B1365C1627X,TE1A1B3C2D000X,1,1,1,1,1.4,1.4,1.4,1.8,0.0,0.0
0.859148,-33,8,451,0,E1A1918B1375C1628X,TE1A1B3C2D000X,1,1,1,1,1.4,1.4,1.4,1.8,0.0,0.0
0.871158,-31,7,451,0,E1A1918B1386C1629X,TE1A1B3C2D000X,1,1,1,1,1.4,1.4,1.4,1.8,0.0,0.0
0.902122,-29,6,449,0,E1A1918B1398C1631X,TE1A1B3C2D000X,1,1,1,1,1.4,1.4,1.4,1.8,0.0,0.0
0.926428,-27,6,448,0,E1A1918B1413C1633X,TE1A1B3C2D000X,1,1,1,1,1.4,1.4,1.4,1.8,0.0,0.0
0.937982,-24,5,447,0,E1A1918B1429C1636X,TE1A1B3C2D000X,1,1,1,1,1.4,1.4,1.4,1.8,0.0,0.0
0.949708,-22,4,446,0,E1A1918B1443C1638X,TE1A1B3C2D000X,1,1,1,1,1.4,1.4,1.4,1.8,0.0,0.0
0.962271,-20,4,444,0,E1A1918B1458C1641X,TE1A1B3C2D000X,1,1,1,1,1.4,1.4,1.4,1.8,0.0,0.0
0.973945,-18,3,444,0,E1A1918B1472C1643X,TE1A1B3C2D000X,1,1,1,1,1.4,1.4,1.4,1.8,0.0,0.0
0.994764,-16,2,444,0,E1A1918B1488C1646X,TE1A1B3C2D000X,1,1,1,1,1.4,1.4,1.4,1.8,0.0,0.0
1.00682,-14,2,444,0,E1A1918B1504C1649X,TE1A1B3C2D000X,1,1,1,1,1.4,1.4,1.4,1.8,0.0,0.0
1.01948,-12,1,445,0,E1A1918B1519C1651X,TE1A1B2C2D000X,1,1,1,1,1.4,1.4,1.4,1.8,0.0,0.0
1.03117,-10,0,446,0,E1A1918B1534C1653X,TE1A1B2C2D000X,1,1,1,1,1.4,1.4,1.4,1.8,0.0,0.0
1.04331,-8,0,446,0,E1A1918B1608C1665X,TE1A1B2C2D000X,1,1,1,1,1.4,1.4,1.4,1.8,0.0,0.0
1.05553,-6,0,447,0,E1A1918B1670C1674X,TE1A1B2C2D000X,1,1,1,1,1.4,1.4,1.4,1.8,0.0,0.0
1.06711,-5,0,448,0,E1A1918B1722C1682X,TE1A1B2C2D000X,1,1,1,1,1.4,1.4,1.4,1.8,0.0,0.0
1.07924,-3,-1,448,0,E1A1918B1766C1689X,TE1A1B1C2D000X,1,1,1,1,1.4,1.4,1.4,1.8,0.0,0.0
1.09136,-2,-1,449,0,E1A1918B1803C1695X,TE1A1B1C2D000X,1,1,1,1,1.4,1.4,1.4,1.8,0.0,0.0
1.10658,0,-2,449,0,E1A1918B1835C1700X,TE1A1B1C2D000X,1,1,1,1,1.4,1.4,1.4,1.8,0.0,0.0
1.11877,1,-2,450,0,E1A1918B1863C1704X,TE1A1B1C2D000X,1,1,1,1,1.4,1.4,1.4,1.8,0.0,0.0
1.13068,2,-3,451,0,E1A1918B1887C1708X,TE1A1B1C2D000X,1,1,1,1,1.4,1.4,1.4,1.8,0.0,0.0
1.14335,4,-3,451,0,E1A1918B1903C1705X,TE1A1B1C1D000X,1,1,1,1,1.4,1.4,1.4,1.8,0.0,0.0
1.16448,6,-3,451,0,E1A1915B1903C1699X,TE1A1B1C2D000X,1,1,1,1,1.4,1.4,1.4,1.8,0.0,0.0
1.18045,8,-4,451,0,E1A1901B1903C1691X,TE1A1B1C2D000X,1,1,1,1,1.4,1.4,1.4,1.8,0.0,0.0
1.19434,9,-4,452,0,E1A1890B1903C1684X,TE1A1B1C2D000X,1,1,1,1,1.4,1.4,1.4,1.8,0.0,0.0
1.23078,12,-5,453,0,E1A1876B1903C1675X,TE1A1B1C2D000X,1,1,1,1,1.4,1.4,1.4,1.8,0.0,0.0
1.24332,14,-5,454,0,E1A1861B1903C1667X,TE1A1B1C2D000X,1,1,1,1,1.4,1.4,1.4,1.8,0.0,0.0
1.2627,17,-6,454,0,E1A1846B1903C1659X,TE1A1B1C2D000X,1,1,1,1,1.4,1.4,1.4,1.8,0.0,0.0
1.27478,19,-6,454,0,E1A1831B1903C1651X,TE1A1B1C2D000X,1,1,1,1,1.4,1.4,1.4,1.8,0.0,0.0
1.32266,22,-6,456,0,E1A1814B1903C1641X,TE1A1B1C2D000X,1,1,1,1,1.4,1.4,1.4,1.8,0.0,0.0
1.34319,25,-7,458,0,E1A1797B1903C1632X,TE1A1B1C2D000X,1,1,1,1,1.4,1.4,1.4,1.8,0.0,0.0
1.36627,27,-7,459,0,E1A1781B1903C1622X,TE1A1B1C2D000X,1,1,1,1,1.4,1.4,1.4,1.8,0.0,0.0
1.3866,30,-8,457,0,E1A1766B1903C1613X,TE1A1B1C2D000X,1,1,1,1,1.4,1.4,1.4,1.8,0.0,0.0
1.39832,32,-8,457,0,E1A1751B1903C1605X,TE1A1B1C2D000X,1,1,1,1,1.4,1.4,1.4,1.8,0.0,0.0
1.41135,34,-8,456,0,E1A1737B1903C1597X,TE1A1B1C2D000X,1,1,1,1,1.4,1.4,1.4,1.8,0.0,0.0
1.43428,36,-9,455,0,E1A1724B1903C1589X,TE1A1B1C2D000X,1,1,1,1,1.4,1.4,1.4,1.8,0.0,0.0
1.44681,38,-9,455,0,E1A1711B1903C1582X,TE1A1B1C2D000X,1,1,1,1,1.4,1.4,1.4,1.8,0.0,0.0
1.45864,39,-9,455,0,E1A1700B1903C1575X,TE1A1B1C2D000X,1,1,1,1,1.4,1.4,1.4,1.8,0.0,0.0
1.47063,41,-10,454,0,E1A1689B1903C1569X,TE1A2B1C2D000X,1,1,1,1,1.4,1.4,1.4,1.8,0.0,0.0
1.4919,42,-10,455,0,E1A1679B1903C1563X,TE1A2B1C2D000X,1,1,1,1,1.4,1.4,1.4,1.8,0.0,0.0
1.50426,43,-10,456,0,E1A1669B1903C1557X,TE1A2B1C2D000X,1,1,1,1,1.4,1.4,1.4,1.8,0.0,0.0
1.51867,45,-10,456,0,E1A1660B1903C1552X,TE1A2B1C2D000X,1,1,1,1,1.4,1.4,1.4,1.8,0.0,0.0
1.53335,45,-10,456,0,E1A1652B1903C1548X,TE1A2B1C2D000X,1,1,1,1,1.4,1.4,1.4,1.8,0.0,0.0
1.54561,46,-10,455,0,E1A1645B1903C1543X,TE1A2B1C2D000X,1,1,1,1,1.4,1.4,1.4,1.8,0.0,0.0
1.55824,47,-10,454,0,E1A1638B1903C1539X,TE1A2B1C2D000X,1,1,1,1,1.4,1.4,1.4,1.8,0.0,0.0
1.57025,47,-10,453,0,E1A1631B1903C1536X,TE1A2B1C2D000X,1,1,1,1,1.4,1.4,1.4,1.8,0.0,0.0
1.60221,48,-10,454,0,E1A1624B1903C1532X,TE1A2B1C2D000X,1,1,1,1,1.4,1.4,1.4,1.8,0.0,0.0
1.61457,49,-10,453,0,E1A1618B1903C1529X,TE1A2B1C2D000X,1,1,1,1,1.4,1.4,1.4,1.8,0.0,0.0
1.62675,49,-10,454,0,E1A1613B1903C1526X,TE1A2B1C2D000X,1,1,1,1,1.4,1.4,1.4,1.8,0.0,0.0
1.64667,49,-10,453,0,E1A1608B1903C1524X,TE1A2B1C2D000X,1,1,1,1,1.4,1.4,1.4,1.8,0.0,0.0
1.65845,50,-10,453,0,E1A1604B1903C1521X,TE1A2B1C2D000X,1,1,1,1,1.4,1.4,1.4,1.8,0.0,0.0
1.67045,50,-10,453,0,E1A1600B1903C1519X,TE1A2B1C2D000X,1,1,1,1,1.4,1.4,1.4,1.8,0.0,0.0
1.68222,50,-10,454,0,E1A1597B1903C1517X,TE1A2B1C2D000X,1,1,1,1,1.4,1.4,1.4,1.8,0.0,0.0
1.69466,50,-10,455,0,E1A1594B1903C1515X,TE1A2B1C2D000X,1,1,1,1,1.4,1.4,1.4,1.8,0.0,0.0
1.70681,50,-10,456,0,E1A1592B1903C1514X,TE1A2B1C2D000X,1,1,1,1,1.4,1.4,1.4,1.8,0.0,0.0
1.71869,50,-10,456,0,E1A1590B1903C1512X,TE1A2B1C2D000X,1,1,1,1,1.4,1.4,1.4,1.8,0.0,0.0
1.73022,50,-10,456,0,E1A1589B1903C1511X,TE1A2B1C2D000X,1,1,1,1,1.4,1.4,1.4,1.8,0.0,0.0
1.74233,49,-10,455,0,E1A1588B1903C1510X,TE1A2B1C2D000X,1,1,1,1,1.4,1.4,1.4,1.8,0.0,0.0
1.75437,49,-10,454,0,E1A1588B1903C1509X,TE1A2B1C2D000X,1,1,1,1,1.4,1.4,1.4,1.8,0.0,0.0
1.76657,49,-10,455,0,E1A1588B1903C1508X,TE1A2B1C2D000X,1,1,1,1,1.4,1.4,1.4,1.8,0.0,0.0
1.77802,48,-10,454,0,E1A1588B1903C1507X,TE1A2B1C2D000X,1,1,1,1,1.4,1.4,1.4,1.8,0.0,0.0
1.78991,48,-10,454,0,E1A1588B1903C1506X,TE1A2B1C2D000X,1,1,1,1,1.4,1.4,1.4,1.8,0.0,0.0
1.80183,47,-10,453,0,E1A1588B1903C1505X,TE1A2B1C2D000X,1,1,1,1,1.4,1.4,1.4,1.8,0.0,0.0
1.81338,47,-10,453,0,E1A1589B1903C1504X,TE1A2B1C2D000X,1,1,1,1,1.4,1.4,1.4,1.8,0.0,0.0
1.82552,46,-10,453,0,E1A1589B1903C1504X,TE1A2B1C2D000X,1,1,1,1,1.4,1.4,1.4,1.8,0.0,0.0
1.83835,45,-10,452,0,E1A1589B1903C1503X,TE1A2B1C2D000X,1,1,1,1,1.4,1.4,1.4,1.8,0.0,0.0
1.86226,45,-10,453,0,E1A1590B1903C1503X,TE1A2B1C2D000X,1,1,1,1,1.4,1.4,1.4,1.8,0.0,0.0
1.8744,45,-10,454,0,E1A1590B1903C1503X,TE1A2B1C2D000X,1,1,1,1,1.4,1.4,1.4,1.8,0.0,0.0
1.8863,44,-10,454,0,E1A1590B1903C1503X,TE1A2B1C2D000X,1,1,1,1,1.4,1.4,1.4,1.8,0.0,0.0
1.89763,44,-10,454,0,E1A1590B1903C1502X,TE1A2B1C2D000X,1,1,1,1,1.4,1.4,1.4,1.8,0.0,0.0
1.90984,43,-10,454,0,E1A1591B1903C1502X,TE1A2B1C2D000X,1,1,1,1,1.4,1.4,1.4,1.8,0.0,0.0
1.9217,43,-10,453,0,E1A1591B1903C1502X,TE1A2B1C2D000X,1,1,1,1,1.4,1.4,1.4,1.8,0.0,0.0
1.93357,42,-10,453,0,E1A1590B1903C1502X,TE1A2B1C2D000X,1,1,1,1,1.4,1.4,1.4,1.8,0.0,0.0
1.94505,42,-10,454,0,E1A1591B1903C1501X,TE1A2B1C2D000X,1,1,1,1,1.4,1.4,1.4,1.8,0.0,0.0
1.95696,42,-10,454,0,E1A1590B1903C1501X,TE1A2B1C2D000X,1,1,1,1,1.4,1.4,1.4,1.8,0.0,0.0
1.9689,41,-10,454,0,E1A1590B1903C1501X,TE1A2B1C2D000X,1,1,1,1,1.4,1.4,1.4,1.8,0.0,0.0
1.98034,41,-9,455,0,E1A1590B1903C1501X,TE1A2B1C2D000X,1,1,1,1,1.4,1.4,1.4,1.8,0.0,0.0
1.99236,41,-9,456,0,E1A1589B1903C1500X,TE1A2B1C2D000X,1,1,1,1,1.4,1.4,1.4,1.8,0.0,0.0
2.00435,41,-9,455,0,E1A1589B1903C1500X,TE1A2B1C2D000X,1,1,1,1,1.4,1.4,1.4,1.8,0.0,0.0
2.01589,40,-9,455,0,E1A1587B1903C1500X,TE1A2B1C2D000X,1,1,1,1,1.4,1.4,1.4,1.8,0.0,0.0
2.02796,40,-9,456,0,E1A1586B1903C1499X,TE1A2B1C2D000X,1,1,1,1,1.4,1.4,1.4,1.8,0.0,0.0
2.03919,40,-9,456,0,E1A1585B1903C1499X,TE1A2B1C2D000X,1,1,1,1,1.4,1.4,1.4,1.8,0.0,0.0
2.05436,40,-9,457,0,E1A1584B1903C1498X,TE1A2B1C2D000X,1,1,1,1,1.4,1.4,1.4,1.8,0.0,0.0
2.06626,40,-9,458,0,E1A1583B1903C1498X,TE1A2B1C2D000X,1,1,1,1,1.4,1.4,1.4,1.8,0.0,0.0
2.07794,40,-9,458,0,E1A1581B1903C1497X,TE1A2B1C2D000X,1,1,1,1,1.4,1.4,1.4,1.8,0.0,0.0
2.09004,40,-9,458,0,E1A1580B1903C1496X,TE1A2B1C2D000X,1,1,1,1,1.4,1.4,1.4,1.8,0.0,0.0
2.10193,40,-9,457,0,E1A1578B1903C1495X,TE1A2B1C2D000X,1,1,1,1,1.4,1.4,1.4,1.8,0.0,0.0
2.11351,39,-8,456,0,E1A1576B1903C1494X,TE1A2B1C2D000X,1,1,1,1,1.4,1.4,1.4,1.8,0.0,0.0
2.12561,39,-8,456,0,E1A1574B1903C1493X,TE1A2B1C2D000X,1,1,1,1,1.4,1.4,1.4,1.8,0.0,0.0
2.14648,39,-8,455,0,E1A1572B1903C1492X,TE1A2B1C2D000X,1,1,1,1,1.4,1.4,1.4,1.8,0.0,0.0
2.15849,39,-8,455,0,E1A1570B1903C1490X,TE1A2B1C2D000X,1,1,1,1,1.4,1.4,1.4,1.8,0.0,0.0
2.1704,39,-8,454,0,E1A1568B1903C1489X,TE1A2B1C2D000X,1,1,1,1,1.4,1.4,1.4,1.8,0.0,0.0
2.19034,39,-8,454,0,E1A1566B1903C1488X,TE1A2B1C2D000X,1,1,1,1,1.4,1.4,1.4,1.8,0.0,0.0
2.20203,39,-8,454,0,E1A1564B1903C1486X,TE1A2B1C2D000X,1,1,1,1,1.4,1.4,1.4,1.8,0.0,0.0
2.21419,39,-8,453,0,E1A1561B1903C1485X,TE1A2B1C2D000X,1,1,1,1,1.4,1.4,1.4,1.8,0.0,0.0
2.22611,39,-8,453,0,E1A1559B1903C1483X,TE1A2B1C2D000X,1,1,1,1,1.4,1.4,1.4,1.8,0.0,0.0
2.2381,39,-8,453,0,E1A1557B1903C1482X,TE1A2B1C2D000X,1,1,1,1,1.4,1.4,1.4,1.8,0.0,0.0
2.24998,39,-8,452,0,E1A1555B1903C1480X,TE1A2B1C2D000X,1,1,1,1,1.4,1.4,1.4,1.8,0.0,0.0
2.27021,39,-8,451,0,E1A1552B1903C1479X,TE1A2B1C2D000X,1,1,1,1,1.4,1.4,1.4,1.8,0.0,0.0
2.2904,38,-8,450,0,E1A1550B1903C1477X,TE1A2B1C3D000X,1,1,1,1,1.4,1.4,1.4,1.8,0.0,0.0
2.30237,38,-8,449,0,E1A1547B1903C1476X,TE1A2B1C3D000X,1,1,1,1,1.4,1.4,1.4,1.8,0.0,0.0
2.31434,38,-8,449,0,E1A1545B1903C1475X,TE1A2B1C3D000X,1,1,1,1,1.4,1.4,1.4,1.8,0.0,0.0
2.32646,39,-8,451,0,E1A1543B1903C1474X,TE1A2B1C3D000X,1,1,1,1,1.4,1.4,1.4,1.8,0.0,0.0
2.33846,39,-8,452,0,E1A1541B1903C1473X,TE1A2B1C3D000X,1,1,1,1,1.4,1.4,1.4,1.8,0.0,0.0
2.35011,39,-8,451,0,E1A1538B1903C1471X,TE1A2B1C3D000X,1,1,1,1,1.4,1.4,1.4,1.8,0.0,0.0
2.36216,39,-8,450,0,E1A1535B1903C1469X,TE1A2B1C3D000X,1,1,1,1,1.4,1.4,1.4,1.8,0.0,0.0
2.37412,39,-8,452,0,E1A1532B1903C1467X,TE1A2B1C3D000X,1,1,1,1,1.4,1.4,1.4,1.8,0.0,0.0
2.38587,39,-8,452,0,E1A1529B1903C1465X,TE1A2B1C3D000X,1,1,1,1,1.4,1.4,1.4,1.8,0.0,0.0
2.39741,39,-8,451,0,E1A1525B1903C1463X,TE1A2B1C3D000X,1,1,1,1,1.4,1.4,1.4,1.8,0.0,0.0
2.40984,40,-8,451,0,E1A1522B1903C1461X,TE1A2B1C3D000X,1,1,1,1,1.4,1.4,1.4,1.8,0.0,0.0
2.42176,40,-8,451,0,E1A1519B1903C1459X,TE1A2B1C3D000X,1,1,1,1,1.4,1.4,1.4,1.8,0.0,0.0
2.43348,40,-8,452,0,E1A1516B1903C1458X,TE1A2B1C3D000X,1,1,1,1,1.4,1.4,1.4,1.8,0.0,0.0
2.44491,40,-8,454,0,E1A1514B1903C1456X,TE1A2B1C3D000X,1,1,1,1,1.4,1.4,1.4,1.8,0.0,0.0
2.4569,41,-8,454,0,E1A1511B1903C1454X,TE1A2B1C3D000X,1,1,1,1,1.4,1.4,1.4,1.8,0.0,0.0
2.46877,41,-8,453,0,E1A1508B1903C1452X,TE1A2B1C3D000X,1,1,1,1,1.4,1.4,1.4,1.8,0.0,0.0
2.48044,41,-8,453,0,E1A1505B1903C1450X,TE1A2B1C3D000X,1,1,1,1,1.4,1.4,1.4,1.8,0.0,0.0
2.49456,41,-8,453,0,E1A1502B1903C1448X,TE1A2B1C3D000X,1,1,1,1,1.4,1.4,1.4,1.8,0.0,0.0
2.50902,41,-8,452,0,E1A1500B1903C1446X,TE1A2B1C3D000X,1,1,1,1,1.4,1.4,1.4,1.8,0.0,0.0
2.52106,41,-8,451,0,E1A1497B1903C1444X,TE1A2B1C3D000X,1,1,1,1,1.4,1.4,1.4,1.8,0.0,0.0
2.53291,41,-8,451,0,E1A1495B1903C1442X,TE1A2B1C3D000X,1,1,1,1,1.4,1.4,1.4,1.8,0.0,0.0
2.54434,41,-9,451,0,E1A1493B1903C1440X,TE1A2B1C3D000X,1,1,1,1,1.4,1.4,1.4,1.8,0.0,0.0
2.5624,41,-9,450,0,E1A1490B1903C1438X,TE1A2B1C3D000X,1,1,1,1,1.4,1.4,1.4,1.8,0.0,0.0
2.57445,41,-9,450,0,E1A1489B1903C1436X,TE1A2B1C3D000X,1,1,1,1,1.4,1.4,1.4,1.8,0.0,0.0
2.58666,41,-9,450,0,E1A1486B1903C1434X,TE1A2B1C3D000X,1,1,1,1,1.4,1.4,1.4,1.8,0.0,0.0
2.60129,41,-9,450,0,E1A1484B1903C1432X,TE1A2B1C3D000X,1,1,1,1,1.4,1.4,1.4,1.8,0.0,0.0
2.6126,41,-9,451,0,E1A1482B1903C1430X,TE1A2B1C3D000X,1,1,1,1,1.4,1.4,1.4,1.8,0.0,0.0
2.62458,41,-9,451,0,E1A1480B1903C1428X,TE1A2B1C3D000X,1,1,1,1,1.4,1.4,1.4,1.8,0.0,0.0
2.63636,41,-9,452,0,E1A1478B1903C1427X,TE1A2B1C3D000X,1,1,1,1,1.4,1.4,1.4,1.8,0.0,0.0
2.64781,41,-9,452,0,E1A1476B1903C1425X,TE1A3B1C3D000X,1,1,1,1,1.4,1.4,1.4,1.8,0.0,0.0
2.66012,41,-9,452,0,E1A1474B1903C1423X,TE1A3B1C3D000X,1,1,1,1,1.4,1.4,1.4,1.8,0.0,0.0
2.672,41,-9,453,0,E1A1472B1903C1421X,TE1A3B1C3D000X,1,1,1,1,1.4,1.4,1.4,1.8,0.0,0.0
2.68361,41,-9,453,0,E1A1470B1903C1419X,TE1A3B1C3D000X,1,1,1,1,1.4,1.4,1.4,1.8,0.0,0.0
2.69572,41,-9,453,0,E1A1468B1903C1417X,TE1A3B1C3D000X,1,1,1,1,1.4,1.4,1.4,1.8,0.0,0.0
2.71007,41,-10,454,0,E1A1466B1903C1415X,TE1A3B1C3D000X,1,1,1,1,1.4,1.4,1.4,1.8,0.0,0.0
2.72228,41,-10,455,0,E1A1465B1903C1414X,TE1A3B1C3D000X,1,1,1,1,1.4,1.4,1.4,1.8,0.0,0.0
2.73408,42,-10,456,0,E1A1463B1903C1412X,TE1A3B1C3D000X,1,1,1,1,1.4,1.4,1.4,1.8,0.0,0.0
2.7457,42,-10,456,0,E1A1462B1903C1410X,TE1A3B1C3D000X,1,1,1,1,1.4,1.4,1.4,1.8,0.0,0.0
2.75771,42,-10,455,0,E1A1460B1903C1408X,TE1A3B1C3D000X,1,1,1,1,1.4,1.4,1.4,1.8,0.0,0.0
2.76959,41,-10,455,0,E1A1458B1903C1406X,TE1A3B1C3D000X,1,1,1,1,1.4,1.4,1.4,1.8,0.0,0.0
2.78093,41,-10,455,0,E1A1456B1903C1405X,TE1A3B1C3D000X,1,1,1,1,1.4,1.4,1.4,1.8,0.0,0.0
2.79329,41,-10,455,0,E1A1454B1903C1403X,TE1A3B1C3D000X,1,1,1,1,1.4,1.4,1.4,1.8,0.0,0.0
2.80525,41,-10,454,0,E1A1451B1903C1401X,TE1A3B1C3D000X,1,1,1,1,1.4,1.4,1.4,1.8,0.0,0.0
2.81682,41,-10,454,0,E1A1449B1903C1399X,TE1A3B1C3D000X,1,1,1,1,1.4,1.4,1.4,1.8,0.0,0.0
2.82878,41,-10,453,0,E1A1447B1903C1397X,TE1A3B1C3D000X,1,1,1,1,1.4,1.4,1.4,1.8,0.0,0.0
2.84065,41,-10,453,0,E1A1444B1903C1395X,TE1A3B1C3D000X,1,1,1,1,1.4,1.4,1.4,1.8,0.0,0.0
2.86605,41,-10,453,0,E1A1442B1903C1394X,TE1A3B1C3D000X,1,1,1,1,1.4,1.4,1.4,1.8,0.0,0.0
2.87848,41,-10,453,0,E1A1440B1903C1392X,TE1A3B1C3D000X,1,1,1,1,1.4,1.4,1.4,1.8,0.0,0.0
2.89074,41,-10,452,0,E1A1437B1903C1390X,TE1A3B1C3D000X,1,1,1,1,1.4,1.4,1.4,1.8,0.0,0.0
2.90287,41,-10,452,0,E1A1434B1903C1388X,TE1A3B1C3D000X,1,1,1,1,1.4,1.4,1.4,1.8,0.0,0.0
2.91422,41,-10,452,0,E1A1432B1903C1387X,TE1A3B1C3D000X,1,1,1,1,1.4,1.4,1.4,1.8,0.0,0.0
2.92658,41,-10,452,0,E1A1430B1903C1386X,TE1A3B1C3D000X,1,1,1,1,1.4,1.4,1.4,1.8,0.0,0.0
2.94684,41,-10,452,0,E1A1428B1903C1384X,TE1A3B1C3D000X,1,1,1,1,1.4,1.4,1.4,1.8,0.0,0.0
2.95868,41,-10,451,0,E1A1426B1903C1383X,TE1A3B1C3D000X,1,1,1,1,1.4,1.4,1.4,1.8,0.0,0.0
2.97048,41,-10,451,0,E1A1423B1903C1381X,TE1A3B1C3D000X,1,1,1,1,1.4,1.4,1.4,1.8,0.0,0.0
2.98294,41,-10,452,0,E1A1422B1903C1380X,TE1A3B1C3D000X,1,1,1,1,1.4,1.4,1.4,1.8,0.0,0.0
2.99453,41,-10,452,0,E1A1420B1903C1379X,TE1A3B1C3D000X,1,1,1,1,1.4,1.4,1.4,1.8,0.0,0.0
3.01414,41,-10,453,0,E1A1418B1903C1378X,TE1A3B1C3D000X,1,1,1,1,1.4,1.4,1.4,1.8,0.0,0.0
3.02609,41,-10,454,0,E1A1417B1903C1377X,TE1A3B1C3D000X,1,1,1,1,1.4,1.4,1.4,1.8,0.0,0.0
3.03793,41,-10,454,0,E1A1415B1903C1375X,TE1A3B1C3D000X,1,1,1,1,1.4,1.4,1.4,1.8,0.0,0.0
3.04991,41,-10,454,0,E1A1413B1903C1373X,TE1A3B1C3D000X,1,1,1,1,1.4,1.4,1.4,1.8,0.0,0.0
3.06154,41,-10,455,0,E1A1411B1903C1372X,TE1A3B1C3D000X,1,1,1,1,1.4,1.4,1.4,1.8,0.0,0.0
3.07381,41,-10,455,0,E1A1410B1903C1369X,TE1A3B1C3D000X,1,1,1,1,1.4,1.4,1.4,1.8,0.0,0.0
3.08821,41,-10,454,0,E1A1408B1903C1368X,TE1A3B1C3D000X,1,1,1,1,1.4,1.4,1.4,1.8,0.0,0.0
3.10099,41,-10,454,0,E1A1407B1903C1365X,TE1A3B1C3D000X,1,1,1,1,1.4,1.4,1.4,1.8,0.0,0.0
3.11392,41,-11,454,0,E1A1406B1903C1363X,TE1A3B1C3D000X,1,1,1,1,1.4,1.4,1.4,1.8,0.0,0.0
3.12654,41,-11,454,0,E1A1405B1903C1360X,TE1A3B1C3D000X,1,1,1,1,1.4,1.4,1.4,1.8,0.0,0.0
3.13849,41,-11,455,0,E1A1406B1903C1358X,TE1A3B1C3D000X,1,1,1,1,1.4,1.4,1.4,1.8,0.0,0.0
3.16215,41,-12,454,0,E1A1405B1903C1355X,TE1A3B1C3D000X,1,1,1,1,1.4,1.4,1.4,1.8,0.0,0.0
3.17415,40,-12,455,0,E1A1406B1903C1352X,TE1A3B1C3D000X,1,1,1,1,1.4,1.4,1.4,1.8,0.0,0.0
3.18614,40,-12,455,0,E1A1407B1903C1349X,TE1A3B1C3D000X,1,1,1,1,1.4,1.4,1.4,1.8,0.0,0.0
3.20623,40,-13,456,0,E1A1408B1903C1347X,TE1A3B1C3D000X,1,1,1,1,1.4,1.4,1.4,1.8,0.0,0.0
3.23821,39,-13,455,0,E1A1410B1903C1343X,TE1A3B1C3D000X,1,1,1,1,1.4,1.4,1.4,1.8,0.0,0.0
3.26206,39,-14,456,0,E1A1414B1903C1341X,TE1A3B1C3D000X,1,1,1,1,1.4,1.4,1.4,1.8,0.0,0.0
3.27431,38,-14,455,0,E1A1418B1903C1338X,TE1A3B1C3D000X,1,1,1,1,1.4,1.4,1.4,1.8,0.0,0.0
3.28626,37,-15,455,0,E1A1421B1903C1336X,TE1A3B1C3D000X,1,1,1,1,1.4,1.4,1.4,1.8,0.0,0.0
3.29815,36,-15,456,0,E1A1425B1903C1334X,TE1A3B1C3D000X,1,1,1,1,1.4,1.4,1.4,1.8,0.0,0.0
3.3181,36,-16,457,0,E1A1430B1903C1332X,TE1A3B1C3D000X,1,1,1,1,1.4,1.4,1.4,1.8,0.0,0.0
3.34215,35,-16,457,0,E1A1435B1903C1330X,TE1A3B1C3D000X,1,1,1,1,1.4,1.4,1.4,1.8,0.0,0.0
3.35476,33,-16,456,0,E1A1440B1903C1328X,TE1A3B1C3D000X,1,1,1,1,1.4,1.4,1.4,1.8,0.0,0.0
3.36658,33,-17,457,0,E1A1445B1903C1326X,TE1A3B1C3D000X,1,1,1,1,1.4,1.4,1.4,1.8,0.0,0.0
3.37842,32,-17,457,0,E1A1450B1903C1325X,TE1A3B1C3D000X,1,1,1,1,1.4,1.4,1.4,1.8,0.0,0.0
3.39819,31,-18,457,0,E1A1454B1903C1323X,TE1A3B1C3D000X,1,1,1,1,1.4,1.4,1.4,1.8,0.0,0.0
3.41034,30,-18,457,0,E1A1459B1903C1321X,TE1A3B1C3D000X,1,1,1,1,1.4,1.4,1.4,1.8,0.0,0.0
3.42199,29,-18,458,0,E1A1464B1903C1320X,TE1A3B1C3D000X,1,1,1,1,1.4,1.4,1.4,1.8,0.0,0.0
3.4337,28,-19,458,0,E1A1469B1903C1318X,TE1A3B1C3D000X,1,1,1,1,1.4,1.4,1.4,1.8,0.0,0.0
3.44549,27,-19,459,0,E1A1473B1903C1317X,TE1A3B1C3D000X,1,1,1,1,1.4,1.4,1.4,1.8,0.0,0.0
3.45755,27,-19,458,0,E1A1476B1903C1315X,TE1A3B1C3D000X,1,1,1,1,1.4,1.4,1.4,1.8,0.0,0.0
3.47822,26,-19,457,0,E1A1480B1903C1313X,TE1A3B1C3D000X,1,1,1,1,1.4,1.4,1.4,1.8,0.0,0.0
3.49029,25,-20,459,0,E1A1485B1903C1313X,TE1A3B1C3D000X,1,1,1,1,1.4,1.4,1.4,1.8,0.0,0.0
3.51071,24,-20,459,0,E1A1488B1903C1312X,TE1A2B1C3D000X,1,1,1,1,1.4,1.4,1.4,1.8,0.0,0.0
3.52267,23,-20,459,0,E1A1492B1903C1311X,TE1A2B1C3D000X,1,1,1,1,1.4,1.4,1.4,1.8,0.0,0.0
3.53399,23,-20,458,0,E1A1494B1903C1310X,TE1A2B1C3D000X,1,1,1,1,1.4,1.4,1.4,1.8,0.0,0.0
3.54575,22,-20,459,0,E1A1497B1903C1309X,TE1A2B1C3D000X,1,1,1,1,1.4,1.4,1.4,1.8,0.0,0.0
3.56611,21,-20,459,0,E1A1501B1903C1309X,TE1A2B1C3D000X,1,1,1,1,1.4,1.4,1.4,1.8,0.0,0.0
3.5782,21,-20,459,0,E1A1504B1903C1309X,TE1A2B1C3D000X,1,1,1,1,1.4,1.4,1.4,1.8,0.0,0.0
3.60232,20,-20,460,0,E1A1509B1903C1309X,TE1A2B1C3D000X,1,1,1,1,1.4,1.4,1.4,1.8,0.0,0.0
3.61453,19,-20,460,0,E1A1513B1903C1309X,TE1A2B1C3D000X,1,1,1,1,1.4,1.4,1.4,1.8,0.0,0.0
3.62639,18,-20,460,0,E1A1516B1903C1309X,TE1A2B1C3D000X,1,1,1,1,1.4,1.4,1.4,1.8,0.0,0.0
3.63828,17,-20,460,0,E1A1520B1903C1309X,TE1A2B1C3D000X,1,1,1,1,1.4,1.4,1.4,1.8,0.0,0.0
3.65019,17,-20,459,0,E1A1523B1903C1308X,TE1A2B1C3D000X,1,1,1,1,1.4,1.4,1.4,1.8,0.0,0.0
3.66181,16,-19,459,0,E1A1526B1903C1308X,TE1A2B1C3D000X,1,1,1,1,1.4,1.4,1.4,1.8,0.0,0.0
3.67377,15,-19,458,0,E1A1529B1903C1308X,TE1A2B1C3D000X,1,1,1,1,1.4,1.4,1.4,1.8,0.0,0.0
3.68505,14,-19,458,0,E1A1532B1903C1308X,TE1A2B1C3D000X,1,1,1,1,1.4,1.4,1.4,1.8,0.0,0.0
3.69717,14,-19,459,0,E1A1535B1903C1308X,TE1A2B1C3D000X,1,1,1,1,1.4,1.4,1.4,1.8,0.0,0.0
3.70904,13,-19,459,0,E1A1538B1903C1307X,TE1A2B1C3D000X,1,1,1,1,1.4,1.4,1.4,1.8,0.0,0.0
3.72625,13,-19,459,0,E1A1542B1903C1307X,TE1A2B1C3D000X,1,1,1,1,1.4,1.4,1.4,1.8,0.0,0.0
3.7383,12,-19,459,0,E1A1545B1903C1307X,TE1A2B1C3D000X,1,1,1,1,1.4,1.4,1.4,1.8,0.0,0.0
3.74969,11,-19,459,0,E1A1547B1903C1307X,TE1A2B1C3D000X,1,1,1,1,1.4,1.4,1.4,1.8,0.0,0.0
3.76183,11,-19,460,0,E1A1550B1903C1308X,TE1A2B1C3D000X,1,1,1,1,1.4,1.4,1.4,1.8,0.0,0.0
3.77394,11,-19,459,0,E1A1552B1903C1307X,TE1A2B1C3D000X,1,1,1,1,1.4,1.4,1.4,1.8,0.0,0.0
3.78577,10,-19,458,0,E1A1553B1903C1306X,TE1A2B1C3D000X,1,1,1,1,1.4,1.4,1.4,1.8,0.0,0.0
3.79735,10,-19,459,0,E1A1555B1903C1306X,TE1A2B1C3D000X,1,1,1,1,1.4,1.4,1.4,1.8,0.0,0.0
3.80934,9,-18,460,0,E1A1558B1903C1307X,TE1A2B1C3D000X,1,1,1,1,1.4,1.4,1.4,1.8,0.0,0.0
3.8212,9,-18,459,0,E1A1559B1903C1306X,TE1A2B1C3D000X,1,1,1,1,1.4,1.4,1.4,1.8,0.0,0.0
3.83358,9,-18,460,0,E1A1562B1903C1307X,TE1A2B1C3D000X,1,1,1,1,1.4,1.4,1.4,1.8,0.0,0.0
3.84503,8,-18,461,0,E1A1563B1903C1307X,TE1A2B1C3D000X,1,1,1,1,1.4,1.4,1.4,1.8,0.0,0.0
3.85713,8,-18,462,0,E1A1566B1903C1307X,TE1A2B1C3D000X,1,1,1,1,1.4,1.4,1.4,1.8,0.0,0.0
3.86913,8,-18,461,0,E1A1567B1903C1307X,TE1A2B1C3D000X,1,1,1,1,1.4,1.4,1.4,1.8,0.0,0.0
3.88078,7,-18,460,0,E1A1568B1903C1306X,TE1A2B1C3D000X,1,1,1,1,1.4,1.4,1.4,1.8,0.0,0.0
3.89269,7,-18,460,0,E1A1569B1903C1306X,TE1A2B1C3D000X,1,1,1,1,1.4,1.4,1.4,1.8,0.0,0.0
3.90462,7,-17,460,0,E1A1570B1903C1306X,TE1A2B1C3D000X,1,1,1,1,1.4,1.4,1.4,1.8,0.0,0.0
3.91658,6,-17,460,0,E1A1572B1903C1306X,TE1A2B1C3D000X,1,1,1,1,1.4,1.4,1.4,1.8,0.0,0.0
3.92797,6,-17,460,0,E1A1574B1903C1305X,TE1A2B1C3D000X,1,1,1,1,1.4,1.4,1.4,1.8,0.0,0.0
3.93991,5,-17,460,0,E1A1575B1903C1305X,TE1A2B1C3D000X,1,1,1,1,1.4,1.4,1.4,1.8,0.0,0.0
3.95144,5,-17,460,0,E1A1577B1903C1304X,TE1A2B1C3D000X,1,1,1,1,1.4,1.4,1.4,1.8,0.0,0.0
3.97427,5,-17,460,0,E1A1580B1903C1304X,TE1A2B1C3D000X,1,1,1,1,1.4,1.4,1.4,1.8,0.0,0.0
3.99822,4,-17,460,0,E1A1582B1903C1304X,TE1A2B1C3D000X,1,1,1,1,1.4,1.4,1.4,1.8,0.0,0.0
4.01013,4,-17,460,0,E1A1584B1903C1303X,TE1A2B1C3D000X,1,1,1,1,1.4,1.4,1.4,1.8,0.0,0.0
4.03017,3,-17,461,0,E1A1588B1903C1304X,TE1A2B1C3D000X,1,1,1,1,1.4,1.4,1.4,1.8,0.0,0.0
4.04197,3,-17,461,0,E1A1590B1903C1304X,TE1A2B1C3D000X,1,1,1,1,1.4,1.4,1.4,1.8,0.0,0.0
4.05433,2,-17,460,0,E1A1593B1903C1304X,TE1A2B1C3D000X,1,1,1,1,1.4,1.4,1.4,1.8,0.0,0.0
4.07428,2,-17,460,0,E1A1596B1903C1303X,TE1A2B1C3D000X,1,1,1,1,1.4,1.4,1.4,1.8,0.0,0.0
4.08622,1,-16,459,0,E1A1598B1903C1303X,TE1A2B1C3D000X,1,1,1,1,1.4,1.4,1.4,1.8,0.0,0.0
4.09825,0,-16,459,0,E1A1601B1903C1303X,TE1A2B1C3D000X,1,1,1,1,1.4,1.4,1.4,1.8,0.0,0.0
4.11036,0,-16,458,0,E1A1604B1903C1303X,TE1A2B1C3D000X,1,1,1,1,1.4,1.4,1.4,1.8,0.0,0.0
4.12239,0,-16,460,0,E1A1608B1903C1304X,TE1A2B1C3D000X,1,1,1,1,1.4,1.4,1.4,1.8,0.0,0.0
4.13439,0,-16,460,0,E1A1611B1903C1304X,TE1A2B1C3D000X,1,1,1,1,1.4,1.4,1.4,1.8,0.0,0.0
4.16571,-1,-16,460,0,E1A1614B1903C1304X,TE1A2B1C3D000X,1,1,1,1,1.4,1.4,1.4,1.8,0.0,0.0
4.17817,-1,-16,460,0,E1A1617B1903C1305X,TE1A2B1C3D000X,1,1,1,1,1.4,1.4,1.4,1.8,0.0,0.0
4.19006,-2,-16,459,0,E1A1620B1903C1304X,TE1A2B1C3D000X,1,1,1,1,1.4,1.4,1.4,1.8,0.0,0.0
4.22222,-2,-16,459,0,E1A1623B1903C1304X,TE1A2B1C3D000X,1,1,1,1,1.4,1.4,1.4,1.8,0.0,0.0
4.23428,-3,-15,459,0,E1A1626B1903C1305X,TE1A2B1C3D000X,1,1,1,1,1.4,1.4,1.4,1.8,0.0,0.0
4.25428,-4,-15,458,0,E1A1629B1903C1304X,TE1A2B1C3D000X,1,1,1,1,1.4,1.4,1.4,1.8,0.0,0.0
4.26655,-4,-15,461,0,E1A1635B1903C1306X,TE1A2B1C3D000X,1,1,1,1,1.4,1.4,1.4,1.8,0.0,0.0
4.27851,-5,-15,460,0,E1A1638B1903C1306X,TE1A2B1C3D000X,1,1,1,1,1.4,1.4,1.4,1.8,0.0,0.0
4.29041,-5,-15,460,0,E1A1641B1903C1306X,TE1A2B1C3D000X,1,1,1,1,1.4,1.4,1.4,1.8,0.0,0.0
4.30227,-6,-15,460,0,E1A1643B1903C1306X,TE1A2B1C3D000X,1,1,1,1,1.4,1.4,1.4,1.8,0.0,0.0
4.32206,-6,-15,460,0,E1A1646B1903C1306X,TE1A2B1C3D000X,1,1,1,1,1.4,1.4,1.4,1.8,0.0,0.0
4.33428,-7,-15,460,0,E1A1649B1903C1306X,TE1A2B1C3D000X,1,1,1,1,1.4,1.4,1.4,1.8,0.0,0.0
4.34625,-7,-15,460,0,E1A1651B1903C1306X,TE1A2B1C3D000X,1,1,1,1,1.4,1.4,1.4,1.8,0.0,0.0
4.35839,-7,-15,460,0,E1A1653B1903C1306X,TE1A2B1C3D000X,1,1,1,1,1.4,1.4,1.4,1.8,0.0,0.0
4.3703,-8,-14,459,0,E1A1654B1903C1306X,TE1A2B1C3D000X,1,1,1,1,1.4,1.4,1.4,1.8,0.0,0.0
4.38478,-8,-14,459,0,E1A1657B1903C1306X,TE1A2B1C3D000X,1,1,1,1,1.4,1.4,1.4,1.8,0.0,0.0
4.39667,-8,-14,458,0,E1A1659B1903C1306X,TE1A2B1C3D000X,1,1,1,1,1.4,1.4,1.4,1.8,0.0,0.0
4.40853,-9,-14,457,0,E1A1660B1903C1305X,TE1A2B1C3D000X,1,1,1,1,1.4,1.4,1.4,1.8,0.0,0.0
4.42032,-9,-14,456,0,E1A1662B1903C1305X,TE1A2B1C3D000X,1,1,1,1,1.4,1.4,1.4,1.8,0.0,0.0
4.43179,-9,-14,455,0,E1A1664B1903C1305X,TE1A2B1C3D000X,1,1,1,1,1.4,1.4,1.4,1.8,0.0,0.0
4.44402,-10,-13,453,0,E1A1666B1903C1304X,TE1A2B1C3D000X,1,1,1,1,1.4,1.4,1.4,1.8,0.0,0.0
4.45597,-10,-13,453,0,E1A1668B1903C1304X,TE1A2B1C3D000X,1,1,1,1,1.4,1.4,1.4,1.8,0.0,0.0
4.46783,-11,-13,454,0,E1A1672B1903C1305X,TE1A2B1C3D000X,1,1,1,1,1.4,1.4,1.4,1.8,0.0,0.0
4.47912,-11,-13,453,0,E1A1675B1903C1305X,TE1A2B1C3D000X,1,1,1,1,1.4,1.4,1.4,1.8,0.0,0.0
4.50615,-12,-13,453,0,E1A1678B1903C1306X,TE1A2B1C3D000X,1,1,1,1,1.4,1.4,1.4,1.8,0.0,0.0
4.51817,-12,-13,454,0,E1A1682B1903C1307X,TE1A2B1C3D000X,1,1,1,1,1.4,1.4,1.4,1.8,0.0,0.0
4.53796,-13,-13,455,0,E1A1686B1903C1308X,TE1A2B1C3D000X,1,1,1,1,1.4,1.4,1.4,1.8,0.0,0.0
4.55038,-13,-12,454,0,E1A1689B1903C1309X,TE1A2B1C3D000X,1,1,1,1,1.4,1.4,1.4,1.8,0.0,0.0
4.56224,-14,-12,454,0,E1A1692B1903C1309X,TE1A2B1C3D000X,1,1,1,1,1.4,1.4,1.4,1.8,0.0,0.0
4.57444,-14,-12,454,0,E1A1695B1903C1310X,TE1A2B1C3D000X,1,1,1,1,1.4,1.4,1.4,1.8,0.0,0.0
4.58635,-15,-12,454,0,E1A1698B1903C1311X,TE1A2B1C3D000X,1,1,1,1,1.4,1.4,1.4,1.8,0.0,0.0
4.61818,-15,-12,454,0,E1A1702B1903C1312X,TE1A2B1C3D000X,1,1,1,1,1.4,1.4,1.4,1.8,0.0,0.0
4.63032,-16,-11,455,0,E1A1705B1903C1313X,TE1A2B1C3D000X,1,1,1,1,1.4,1.4,1.4,1.8,0.0,0.0
4.64225,-16,-11,455,0,E1A1709B1903C1314X,TE1A2B1C3D000X,1,1,1,1,1.4,1.4,1.4,1.8,0.0,0.0
4.65418,-17,-11,455,0,E1A1711B1903C1314X,TE1A2B1C3D000X,1,1,1,1,1.4,1.4,1.4,1.8,0.0,0.0
4.66628,-17,-11,455,0,E1A1715B1903C1315X,TE1A1B1C3D000X,1,1,1,1,1.4,1.4,1.4,1.8,0.0,0.0
4.67819,-17,-11,455,0,E1A1718B1903C1315X,TE1A1B1C3D000X,1,1,1,1,1.4,1.4,1.4,1.8,0.0,0.0
4.69019,-18,-11,456,0,E1A1720B1903C1316X,TE1A1B1C3D000X,1,1,1,1,1.4,1.4,1.4,1.8,0.0,0.0
4.70237,-18,-11,457,0,E1A1724B1903C1318X,TE1A1B1C3D000X,1,1,1,1,1.4,1.4,1.4,1.8,0.0,0.0
4.71837,-18,-10,456,0,E1A1725B1903C1317X,TE1A1B1C3D000X,1,1,1,1,1.4,1.4,1.4,1.8,0.0,0.0
4.7303,-19,-10,455,0,E1A1727B1903C1317X,TE1A1B1C3D000X,1,1,1,1,1.4,1.4,1.4,1.8,0.0,0.0
4.74212,-19,-10,453,0,E1A1728B1903C1316X,TE1A1B1C3D000X,1,1,1,1,1.4,1.4,1.4,1.8,0.0,0.0
4.7543,-19,-10,451,0,E1A1729B1903C1315X,TE1A1B1C3D000X,1,1,1,1,1.4,1.4,1.4,1.8,0.0,0.0
4.76703,-19,-10,451,0,E1A1731B1903C1315X,TE1A1B1C3D000X,1,1,1,1,1.4,1.4,1.4,1.8,0.0,0.0
4.78602,-19,-9,451,0,E1A1733B1903C1316X,TE1A1B1C3D000X,1,1,1,1,1.4,1.4,1.4,1.8,0.0,0.0
4.79824,-20,-9,450,0,E1A1735B1903C1317X,TE1A1B1C3D000X,1,1,1,1,1.4,1.4,1.4,1.8,0.0,0.0
4.80996,-20,-9,450,0,E1A1736B1903C1317X,TE1A1B1C3D000X,1,1,1,1,1.4,1.4,1.4,1.8,0.0,0.0
4.82238,-20,-9,449,0,E1A1737B1903C1318X,TE1A1B1C3D000X,1,1,1,1,1.4,1.4,1.4,1.8,0.0,0.0
4.83431,-20,-9,449,0,E1A1739B1903C1318X,TE1A1B1C3D000X,1,1,1,1,1.4,1.4,1.4,1.8,0.0,0.0
4.85397,-20,-8,449,0,E1A1742B1903C1319X,TE1A1B1C3D000X,1,1,1,1,1.4,1.4,1.4,1.8,0.0,0.0
4.86623,-21,-8,450,0,E1A1745B1903C1320X,TE1A1B1C3D000X,1,1,1,1,1.4,1.4,1.4,1.8,0.0,0.0
4.87808,-21,-8,450,0,E1A1747B1903C1321X,TE1A1B1C3D000X,1,1,1,1,1.4,1.4,1.4,1.8,0.0,0.0
4.89036,-21,-8,449,0,E1A1748B1903C1320X,TE1A1B1C3D000X,1,1,1,1,1.4,1.4,1.4,1.8,0.0,0.0
4.90207,-21,-8,449,0,E1A1750B1903C1320X,TE1A1B1C3D000X,1,1,1,1,1.4,1.4,1.4,1.8,0.0,0.0
4.91383,-21,-8,449,0,E1A1752B1903C1321X,TE1A1B1C3D000X,1,1,1,1,1.4,1.4,1.4,1.8,0.0,0.0
4.92596,-22,-8,449,0,E1A1753B1903C1320X,TE1A1B1C3D000X,1,1,1,1,1.4,1.4,1.4,1.8,0.0,0.0
4.93783,-22,-8,449,0,E1A1755B1903C1320X,TE1A1B1C3D000X,1,1,1,1,1.4,1.4,1.4,1.8,0.0,0.0
4.94937,-22,-8,448,0,E1A1757B1903C1319X,TE1A1B1C3D000X,1,1,1,1,1.4,1.4,1.4,1.8,0.0,0.0
4.96135,-22,-8,447,0,E1A1757B1903C1317X,TE1A1B1C3D000X,1,1,1,1,1.4,1.4,1.4,1.8,0.0,0.0
4.97316,-22,-8,446,0,E1A1758B1903C1315X,TE1A1B1C3D000X,1,1,1,1,1.4,1.4,1.4,1.8,0.0,0.0
4.98495,-22,-8,448,0,E1A1760B1903C1315X,TE1A1B1C3D000X,1,1,1,1,1.4,1.4,1.4,1.8,0.0,0.0
4.99667,-22,-8,448,0,E1A1761B1903C1314X,TE1A1B1C3D000X,1,1,1,1,1.4,1.4,1.4,1.8,0.0,0.0
5.00886,-22,-8,448,0,E1A1762B1903C1313X,TE1A1B1C3D000X,1,1,1,1,1.4,1.4,1.4,1.8,0.0,0.0
5.02085,-22,-8,449,0,E1A1763B1903C1312X,TE1A1B1C3D000X,1,1,1,1,1.4,1.4,1.4,1.8,0.0,0.0
5.0322,-21,-8,449,0,E1A1764B1903C1311X,TE1A1B1C3D000X,1,1,1,1,1.4,1.4,1.4,1.8,0.0,0.0
5.04428,-21,-8,449,0,E1A1764B1903C1309X,TE1A1B1C3D000X,1,1,1,1,1.4,1.4,1.4,1.8,0.0,0.0
5.05623,-21,-8,449,0,E1A1764B1903C1307X,TE1A1B1C3D000X,1,1,1,1,1.4,1.4,1.4,1.8,0.0,0.0
5.06786,-21,-9,449,0,E1A1764B1903C1306X,TE1A1B1C3D000X,1,1,1,1,1.4,1.4,1.4,1.8,0.0,0.0
5.07956,-21,-9,449,0,E1A1764B1903C1304X,TE1A1B1C3D000X,1,1,1,1,1.4,1.4,1.4,1.8,0.0,0.0
5.09153,-21,-9,449,0,E1A1765B1903C1303X,TE1A1B1C3D000X,1,1,1,1,1.4,1.4,1.4,1.8,0.0,0.0
5.10346,-20,-9,449,0,E1A1765B1903C1302X,TE1A1B1C3D000X,1,1,1,1,1.4,1.4,1.4,1.8,0.0,0.0
5.1385,-20,-9,448,0,E1A1765B1903C1300X,TE1A1B1C3D000X,1,1,1,1,1.4,1.4,1.4,1.8,0.0,0.0
5.15039,-20,-9,447,0,E1A1765B1903C1299X,TE1A1B1C3D000X,1,1,1,1,1.4,1.4,1.4,1.8,0.0,0.0
5.16192,-20,-9,447,0,E1A1765B1903C1298X,TE1A1B1C3D000X,1,1,1,1,1.4,1.4,1.4,1.8,0.0,0.0
5.18236,-20,-9,447,0,E1A1765B1903C1297X,TE1A1B1C3D000X,1,1,1,1,1.4,1.4,1.4,1.8,0.0,0.0
5.19428,-20,-9,447,0,E1A1766B1903C1297X,TE1A1B1C3D000X,1,1,1,1,1.4,1.4,1.4,1.8,0.0,0.0
5.20642,-20,-8,447,0,E1A1766B1903C1297X,TE1A1B1C3D000X,1,1,1,1,1.4,1.4,1.4,1.8,0.0,0.0
5.21788,-19,-8,448,0,E1A1767B1903C1297X,TE1A1B1C3D000X,1,1,1,1,1.4,1.4,1.4,1.8,0.0,0.0
5.22993,-19,-8,447,0,E1A1767B1903C1296X,TE1A1B1C3D000X,1,1,1,1,1.4,1.4,1.4,1.8,0.0,0.0
5.24191,-19,-8,446,0,E1A1767B1903C1295X,TE1A1B1C3D000X,1,1,1,1,1.4,1.4,1.4,1.8,0.0,0.0
5.25386,-19,-8,445,0,E1A1767B1903C1294X,TE1A1B1C3D000X,1,1,1,1,1.4,1.4,1.4,1.8,0.0,0.0
5.26611,-19,-8,445,0,E1A1768B1903C1294X,TE1A1B1C3D000X,1,1,1,1,1.4,1.4,1.4,1.8,0.0,0.0
5.28516,-19,-8,444,0,E1A1768B1903C1293X,TE1A1B1C3D000X,1,1,1,1,1.4,1.4,1.4,1.8,0.0,0.0
5.30648,-19,-8,443,0,E1A1768B1903C1291X,TE1A1B1C3D000X,1,1,1,1,1.4,1.4,1.4,1.8,0.0,0.0
5.3188,-19,-8,442,0,E1A1768B1903C1290X,TE1A1B1C3D000X,1,1,1,1,1.4,1.4,1.4,1.8,0.0,0.0
5.33106,-19,-8,442,0,E1A1769B1903C1289X,TE1A1B1C3D000X,1,1,1,1,1.4,1.4,1.4,1.8,0.0,0.0
5.343,-19,-8,443,0,E1A1771B1903C1289X,TE1A1B1C3D000X,1,1,1,1,1.4,1.4,1.4,1.8,0.0,0.0
5.35494,-19,-8,443,0,E1A1772B1903C1290X,TE1A1B1C3D000X,1,1,1,1,1.4,1.4,1.4,1.8,0.0,0.0
5.38628,-19,-8,443,0,E1A1773B1903C1289X,TE1A1B1C3D000X,1,1,1,1,1.4,1.4,1.4,1.8,0.0,0.0
5.39819,-19,-8,443,0,E1A1774B1903C1289X,TE1A1B1C3D000X,1,1,1,1,1.4,1.4,1.4,1.8,0.0,0.0
5.40993,-19,-7,443,0,E1A1775B1903C1289X,TE1A1B1C3D000X,1,1,1,1,1.4,1.4,1.4,1.8,0.0,0.0
5.42215,-19,-7,443,0,E1A1776B1903C1289X,TE1A1B1C3D000X,1,1,1,1,1.4,1.4,1.4,1.8,0.0,0.0
5.45424,-19,-7,444,0,E1A1778B1903C1290X,TE1A1B1C3D000X,1,1,1,1,1.4,1.4,1.4,1.8,0.0,0.0
5.47383,-19,-7,444,0,E1A1779B1903C1291X,TE1A1B1C3D000X,1,1,1,1,1.4,1.4,1.4,1.8,0.0,0.0
5.48598,-19,-7,445,0,E1A1781B1903C1291X,TE1A1B1C3D000X,1,1,1,1,1.4,1.4,1.4,1.8,0.0,0.0
5.51037,-19,-7,446,0,E1A1782B1903C1292X,TE1A1B1C3D000X,1,1,1,1,1.4,1.4,1.4,1.8,0.0,0.0
5.53008,-19,-7,446,0,E1A1784B1903C1292X,TE1A1B1C3D000X,1,1,1,1,1.4,1.4,1.4,1.8,0.0,0.0
5.54215,-19,-7,446,0,E1A1784B1903C1291X,TE1A1B1C3D000X,1,1,1,1,1.4,1.4,1.4,1.8,0.0,0.0
5.59032,-19,-7,446,0,E1A1786B1903C1292X,TE1A1B1C3D000X,1,1,1,1,1.4,1.4,1.4,1.8,0.0,0.0
5.60472,-19,-7,446,0,E1A1786B1903C1291X,TE1A1B1C3D000X,1,1,1,1,1.4,1.4,1.4,1.8,0.0,0.0
5.61686,-19,-7,446,0,E1A1788B1903C1291X,TE1A1B1C3D000X,1,1,1,1,1.4,1.4,1.4,1.8,0.0,0.0
5.62862,-19,-7,446,0,E1A1789B1903C1289X,TE1A1B1C3D000X,1,1,1,1,1.4,1.4,1.4,1.8,0.0,0.0
5.64046,-20,-7,449,0,E1A1791B1903C1291X,TE1A1B1C3D000X,1,1,1,1,1.4,1.4,1.4,1.8,0.0,0.0
5.65237,-20,-7,448,0,E1A1792B1903C1289X,TE1A1B1C3D000X,1,1,1,1,1.4,1.4,1.4,1.8,0.0,0.0
5.66434,-20,-7,447,0,E1A1793B1903C1288X,TE1A1B1C3D000X,1,1,1,1,1.4,1.4,1.4,1.8,0.0,0.0
5.67847,-20,-7,448,0,E1A1794B1903C1287X,TE1A1B1C3D000X,1,1,1,1,1.4,1.4,1.4,1.8,0.0,0.0
5.69035,-20,-7,447,0,E1A1795B1903C1286X,TE1A1B1C3D000X,1,1,1,1,1.4,1.4,1.4,1.8,0.0,0.0
5.70395,-20,-7,447,0,E1A1796B1903C1285X,TE1A1B1C3D000X,1,1,1,1,1.4,1.4,1.4,1.8,0.0,0.0
5.71759,-20,-7,447,0,E1A1797B1903C1284X,TE1A1B1C3D000X,1,1,1,1,1.4,1.4,1.4,1.8,0.0,0.0
5.7292,-20,-7,446,0,E1A1797B1903C1282X,TE1A1B1C3D000X,1,1,1,1,1.4,1.4,1.4,1.8,0.0,0.0
5.74655,-20,-7,445,0,E1A1798B1903C1280X,TE1A1B1C3D000X,1,1,1,1,1.4,1.4,1.4,1.8,0.0,0.0
5.7586,-20,-7,446,0,E1A1799B1903C1279X,TE1A1B1C3D000X,1,1,1,1,1.4,1.4,1.4,1.8,0.0,0.0
5.78219,-19,-7,445,0,E1A1799B1903C1277X,TE1A1B1C3D000X,1,1,1,1,1.4,1.4,1.4,1.8,0.0,0.0
5.794,-19,-7,446,0,E1A1800B1903C1276X,TE1A1B1C3D000X,1,1,1,1,1.4,1.4,1.4,1.8,0.0,0.0
5.8144,-19,-7,446,0,E1A1800B1903C1274X,TE1A1B1C3D000X,1,1,1,1,1.4,1.4,1.4,1.8,0.0,0.0
5.82623,-19,-7,445,0,E1A1800B1903C1272X,TE1A1B1C3D000X,1,1,1,1,1.4,1.4,1.4,1.8,0.0,0.0
5.83845,-19,-7,445,0,E1A1800B1903C1270X,TE1A1B1C3D000X,1,1,1,1,1.4,1.4,1.4,1.8,0.0,0.0
5.85035,-19,-7,445,0,E1A1800B1903C1269X,TE1A1B1C3D000X,1,1,1,1,1.4,1.4,1.4,1.8,0.0,0.0
5.8618,-19,-7,444,0,E1A1800B1903C1267X,TE1A1B1C3D000X,1,1,1,1,1.4,1.4,1.4,1.8,0.0,0.0
5.87363,-18,-8,444,0,E1A1801B1903C1266X,TE1A1B1C3D000X,1,1,1,1,1.4,1.4,1.4,1.8,0.0,0.0
5.88484,-18,-8,444,0,E1A1801B1903C1264X,TE1A1B1C3D000X,1,1,1,1,1.4,1.4,1.4,1.8,0.0,0.0
5.89685,-18,-8,445,0,E1A1802B1903C1264X,TE1A1B1C3D000X,1,1,1,1,1.4,1.4,1.4,1.8,0.0,0.0
5.90881,-18,-8,445,0,E1A1803B1903C1263X,TE1A1B1C3D000X,1,1,1,1,1.4,1.4,1.4,1.8,0.0,0.0
5.93815,-18,-8,445,0,E1A1803B1903C1262X,TE1A1B1C3D000X,1,1,1,1,1.4,1.4,1.4,1.8,0.0,0.0
5.95027,-18,-8,445,0,E1A1803B1903C1260X,TE1A1B1C3D000X,1,1,1,1,1.4,1.4,1.4,1.8,0.0,0.0
5.96227,-18,-8,445,0,E1A1803B1903C1260X,TE1A1B1C3D000X,1,1,1,1,1.4,1.4,1.4,1.8,0.0,0.0
5.97402,-18,-8,445,0,E1A1803B1903C1258X,TE1A1B1C3D000X,1,1,1,1,1.4,1.4,1.4,1.8,0.0,0.0
5.98582,-17,-8,446,0,E1A1803B1903C1259X,TE1A1B1C3D000X,1,1,1,1,1.4,1.4,1.4,1.8,0.0,0.0
5.9976,-17,-8,446,0,E1A1804B1903C1258X,TE1A1B1C3D000X,1,1,1,1,1.4,1.4,1.4,1.8,0.0,0.0
6.00958,-17,-8,446,0,E1A1803B1903C1257X,TE1A1B1C3D000X,1,1,1,1,1.4,1.4,1.4,1.8,0.0,0.0
6.03055,-17,-8,447,0,E1A1803B1903C1257X,TE1A1B1C3D000X,1,1,1,1,1.4,1.4,1.4,1.8,0.0,0.0
6.04247,-16,-8,448,0,E1A1803B1903C1256X,TE1A1B1C3D000X,1,1,1,1,1.4,1.4,1.4,1.8,0.0,0.0
6.05445,-16,-8,448,0,E1A1802B1903C1255X,TE1A1B1C3D000X,1,1,1,1,1.4,1.4,1.4,1.8,0.0,0.0
6.06632,-16,-8,449,0,E1A1802B1903C1254X,TE1A1B1C3D000X,1,1,1,1,1.4,1.4,1.4,1.8,0.0,0.0
6.08608,-16,-8,449,0,E1A1802B1903C1253X,TE1A1B1C3D000X,1,1,1,1,1.4,1.4,1.4,1.8,0.0,0.0
6.09824,-15,-8,449,0,E1A1802B1903C1252X,TE1A1B1C3D000X,1,1,1,1,1.4,1.4,1.4,1.8,0.0,0.0
6.1102,-15,-8,449,0,E1A1802B1903C1250X,TE1A1B1C3D000X,1,1,1,1,1.4,1.4,1.4,1.8,0.0,0.0
6.14241,-15,-8,451,0,E1A1802B1903C1250X,TE1A1B1C4D000X,1,1,1,1,1.4,1.4,1.4,1.8,0.0,0.0
6.15438,-15,-9,452,0,E1A1802B1903C1249X,TE1A1B1C4D000X,1,1,1,1,1.4,1.4,1.4,1.8,0.0,0.0
6.1664,-15,-9,451,0,E1A1802B1903C1247X,TE1A1B1C4D000X,1,1,1,1,1.4,1.4,1.4,1.8,0.0,0.0
6.18611,-15,-9,451,0,E1A1803B1903C1246X,TE1A1B1C4D000X,1,1,1,1,1.4,1.4,1.4,1.8,0.0,0.0
6.19812,-15,-9,451,0,E1A1803B1903C1244X,TE1A1B1C4D000X,1,1,1,1,1.4,1.4,1.4,1.8,0.0,0.0
6.21015,-15,-9,451,0,E1A1804B1903C1243X,TE1A1B1C4D000X,1,1,1,1,1.4,1.4,1.4,1.8,0.0,0.0
6.2222,-15,-9,450,0,E1A1805B1903C1241X,TE1A1B1C4D000X,1,1,1,1,1.4,1.4,1.4,1.8,0.0,0.0
6.24225,-15,-9,450,0,E1A1806B1903C1239X,TE1A1B1C4D000X,1,1,1,1,1.4,1.4,1.4,1.8,0.0,0.0
6.26624,-15,-9,450,0,E1A1807B1903C1239X,TE1A1B1C4D000X,1,1,1,1,1.4,1.4,1.4,1.8,0.0,0.0
6.27813,-15,-9,451,0,E1A1810B1903C1238X,TE1A1B1C4D000X,1,1,1,1,1.4,1.4,1.4,1.8,0.0,0.0
6.29027,-16,-9,451,0,E1A1811B1903C1238X,TE1A1B1C4D000X,1,1,1,1,1.4,1.4,1.4,1.8,0.0,0.0
6.30216,-16,-9,452,0,E1A1813B1903C1237X,TE1A1B1C4D000X,1,1,1,1,1.4,1.4,1.4,1.8,0.0,0.0
6.31379,-16,-9,452,0,E1A1815B1903C1237X,TE1A1B1C4D000X,1,1,1,1,1.4,1.4,1.4,1.8,0.0,0.0
6.3259,-16,-8,452,0,E1A1816B1903C1236X,TE1A1B1C4D000X,1,1,1,1,1.4,1.4,1.4,1.8,0.0,0.0
6.36619,-16,-8,452,0,E1A1818B1903C1235X,TE1A1B1C4D000X,1,1,1,1,1.4,1.4,1.4,1.8,0.0,0.0
6.37831,-16,-8,452,0,E1A1819B1903C1234X,TE1A1B1C4D000X,1,1,1,1,1.4,1.4,1.4,1.8,0.0,0.0
6.39015,-17,-8,452,0,E1A1820B1903C1234X,TE1A1B1C4D000X,1,1,1,1,1.4,1.4,1.4,1.8,0.0,0.0
6.4143,-17,-8,452,0,E1A1821B1903C1232X,TE1A1B1C4D000X,1,1,1,1,1.4,1.4,1.4,1.8,0.0,0.0
6.43428,-17,-8,451,0,E1A1822B1903C1230X,TE1A1B1C4D000X,1,1,1,1,1.4,1.4,1.4,1.8,0.0,0.0
6.44622,-17,-8,452,0,E1A1823B1903C1229X,TE1A1B1C4D000X,1,1,1,1,1.4,1.4,1.4,1.8,0.0,0.0
6.45818,-17,-8,452,0,E1A1824B1903C1228X,TE1A1B1C4D000X,1,1,1,1,1.4,1.4,1.4,1.8,0.0,0.0
6.47027,-17,-9,452,0,E1A1825B1903C1226X,TE1A1B1C4D000X,1,1,1,1,1.4,1.4,1.4,1.8,0.0,0.0
6.48233,-17,-9,453,0,E1A1826B1903C1225X,TE1A1B1C4D000X,1,1,1,1,1.4,1.4,1.4,1.8,0.0,0.0
6.49431,-17,-9,453,0,E1A1827B1903C1223X,TE1A1B1C4D000X,1,1,1,1,1.4,1.4,1.4,1.8,0.0,0.0
6.50654,-17,-9,454,0,E1A1828B1903C1222X,TE1A1B1C4D000X,1,1,1,1,1.4,1.4,1.4,1.8,0.0,0.0
6.51844,-17,-9,455,0,E1A1829B1903C1222X,TE1A1B1C4D000X,1,1,1,1,1.4,1.4,1.4,1.8,0.0,0.0
6.53007,-17,-9,455,0,E1A1830B1903C1220X,TE1A1B1C4D000X,1,1,1,1,1.4,1.4,1.4,1.8,0.0,0.0
6.54205,-17,-9,454,0,E1A1830B1903C1217X,TE1A1B1C4D000X,1,1,1,1,1.4,1.4,1.4,1.8,0.0,0.0
6.55363,-17,-9,454,0,E1A1830B1903C1215X,TE1A1B1C4D000X,1,1,1,1,1.4,1.4,1.4,1.8,0.0,0.0
6.56495,-17,-9,452,0,E1A1831B1903C1212X,TE1A1B1C4D000X,1,1,1,1,1.4,1.4,1.4,1.8,0.0,0.0
6.58227,-16,-9,451,0,E1A1831B1903C1209X,TE1A1B1C4D000X,1,1,1,1,1.4,1.4,1.4,1.8,0.0,0.0
6.59411,-16,-9,451,0,E1A1831B1903C1207X,TE1A1B1C4D000X,1,1,1,1,1.4,1.4,1.4,1.8,0.0,0.0
6.60634,-16,-9,451,0,E1A1832B1903C1205X,TE1A1B1C4D000X,1,1,1,1,1.4,1.4,1.4,1.8,0.0,0.0
6.61795,-16,-9,451,0,E1A1833B1903C1204X,TE1A1B1C4D000X,1,1,1,1,1.4,1.4,1.4,1.8,0.0,0.0
6.63002,-16,-9,451,0,E1A1833B1903C1202X,TE1A1B1C4D000X,1,1,1,1,1.4,1.4,1.4,1.8,0.0,0.0
6.66201,-16,-9,452,0,E1A1834B1903C1202X,TE1A1B1C4D000X,1,1,1,1,1.4,1.4,1.4,1.8,0.0,0.0
6.67428,-16,-9,451,0,E1A1835B1903C1201X,TE1A1B1C4D000X,1,1,1,1,1.4,1.4,1.4,1.8,0.0,0.0
6.69444,-16,-9,452,0,E1A1836B1903C1200X,TE1A1B1C4D000X,1,1,1,1,1.4,1.4,1.4,1.8,0.0,0.0
6.70645,-16,-9,452,0,E1A1837B1903C1199X,TE1A1B1C4D000X,1,1,1,1,1.4,1.4,1.4,1.8,0.0,0.0
6.71817,-16,-9,451,0,E1A1837B1903C1197X,TE1A1B1C4D000X,1,1,1,1,1.4,1.4,1.4,1.8,0.0,0.0
6.73032,-17,-9,452,0,E1A1838B1903C1197X,TE1A1B1C4D000X,1,1,1,1,1.4,1.4,1.4,1.8,0.0,0.0
6.76241,-17,-9,452,0,E1A1839B1903C1196X,TE1A1B1C4D000X,1,1,1,1,1.4,1.4,1.4,1.8,0.0,0.0
6.78626,-17,-9,452,0,E1A1840B1903C1194X,TE1A1B1C4D000X,1,1,1,1,1.4,1.4,1.4,1.8,0.0,0.0
6.80023,-16,-9,452,0,E1A1840B1903C1193X,TE1A1B1C4D000X,1,1,1,1,1.4,1.4,1.4,1.8,0.0,0.0
6.8138,-16,-9,451,0,E1A1841B1903C1190X,TE1A1B1C4D000X,1,1,1,1,1.4,1.4,1.4,1.8,0.0,0.0
6.82585,-16,-9,449,0,E1A1841B1903C1187X,TE1A1B1C4D000X,1,1,1,1,1.4,1.4,1.4,1.8,0.0,0.0
6.83766,-16,-9,448,0,E1A1841B1903C1185X,TE1A1B1C4D000X,1,1,1,1,1.4,1.4,1.4,1.8,0.0,0.0
6.84943,-16,-9,448,0,E1A1841B1903C1183X,TE1A1B1C4D000X,1,1,1,1,1.4,1.4,1.4,1.8,0.0,0.0
6.86144,-16,-9,448,0,E1A1842B1903C1182X,TE1A1B1C4D000X,1,1,1,1,1.4,1.4,1.4,1.8,0.0,0.0
6.87323,-16,-9,448,0,E1A1842B1903C1180X,TE1A1B1C4D000X,1,1,1,1,1.4,1.4,1.4,1.8,0.0,0.0
6.8846,-16,-9,448,0,E1A1843B1903C1179X,TE1A1B1C4D000X,1,1,1,1,1.4,1.4,1.4,1.8,0.0,0.0
6.89652,-16,-9,448,0,E1A1843B1903C1178X,TE1A1B1C4D000X,1,1,1,1,1.4,1.4,1.4,1.8,0.0,0.0
6.90829,-16,-9,448,0,E1A1844B1903C1175X,TE1A1B1C4D000X,1,1,1,1,1.4,1.4,1.4,1.8,0.0,0.0
6.9201,-16,-9,447,0,E1A1844B1903C1173X,TE1A1B1C4D000X,1,1,1,1,1.4,1.4,1.4,1.8,0.0,0.0
6.93255,-16,-9,446,0,E1A1845B1903C1171X,TE1A1B1C4D000X,1,1,1,1,1.4,1.4,1.4,1.8,0.0,0.0
6.94376,-16,-9,447,0,E1A1846B1903C1171X,TE1A1B1C4D000X,1,1,1,1,1.4,1.4,1.4,1.8,0.0,0.0
6.96625,-16,-9,447,0,E1A1846B1903C1170X,TE1A1B1C4D000X,1,1,1,1,1.4,1.4,1.4,1.8,0.0,0.0
6.97842,-16,-9,447,0,E1A1847B1903C1169X,TE1A1B1C4D000X,1,1,1,1,1.4,1.4,1.4,1.8,0.0,0.0
6.9902,-16,-9,447,0,E1A1848B1903C1168X,TE1A1B1C4D000X,1,1,1,1,1.4,1.4,1.4,1.8,0.0,0.0
7.02204,-16,-9,448,0,E1A1848B1903C1168X,TE1A1B1C4D000X,1,1,1,1,1.4,1.4,1.4,1.8,0.0,0.0
7.0344,-16,-9,448,0,E1A1849B1903C1168X,TE1A1B1C4D000X,1,1,1,1,1.4,1.4,1.4,1.8,0.0,0.0
7.05402,-16,-9,448,0,E1A1849B1903C1167X,TE1A1B1C4D000X,1,1,1,1,1.4,1.4,1.4,1.8,0.0,0.0
7.07814,-15,-9,448,0,E1A1848B1903C1167X,TE1A1B1C4D000X,1,1,1,1,1.4,1.4,1.4,1.8,0.0,0.0
7.09035,-15,-9,448,0,E1A1848B1903C1167X,TE1A1B1C4D000X,1,1,1,1,1.4,1.4,1.4,1.8,0.0,0.0
7.10229,-15,-9,449,0,E1A1848B1903C1167X,TE1A1B1C4D000X,1,1,1,1,1.4,1.4,1.4,1.8,0.0,0.0
7.11404,-15,-9,449,0,E1A1847B1903C1167X,TE1A1B1C4D000X,1,1,1,1,1.4,1.4,1.4,1.8,0.0,0.0
7.12686,-14,-9,449,0,E1A1847B1903C1167X,TE1A1B1C4D000X,1,1,1,1,1.4,1.4,1.4,1.8,0.0,0.0
7.13852,-14,-9,449,0,E1A1846B1903C1167X,TE1A1B1C4D000X,1,1,1,1,1.4,1.4,1.4,1.8,0.0,0.0
7.14976,-14,-9,449,0,E1A1846B1903C1166X,TE1A1B1C4D000X,1,1,1,1,1.4,1.4,1.4,1.8,0.0,0.0
7.1617,-14,-9,449,0,E1A1845B1903C1166X,TE1A1B1C4D000X,1,1,1,1,1.4,1.4,1.4,1.8,0.0,0.0
7.17347,-13,-9,449,0,E1A1844B1903C1164X,TE1A1B1C4D000X,1,1,1,1,1.4,1.4,1.4,1.8,0.0,0.0
7.19018,-13,-9,448,0,E1A1844B1903C1163X,TE1A1B1C4D000X,1,1,1,1,1.4,1.4,1.4,1.8,0.0,0.0
7.2022,-13,-9,448,0,E1A1843B1903C1162X,TE1A1B1C4D000X,1,1,1,1,1.4,1.4,1.4,1.8,0.0,0.0
7.22605,-12,-9,448,0,E1A1843B1903C1162X,TE1A1B1C4D000X,1,1,1,1,1.4,1.4,1.4,1.8,0.0,0.0
7.24026,-12,-9,450,0,E1A1843B1903C1162X,TE1A1B1C4D000X,1,1,1,1,1.4,1.4,1.4,1.8,0.0,0.0
7.25817,-12,-9,450,0,E1A1842B1903C1160X,TE1A1B1C4D000X,1,1,1,1,1.4,1.4,1.4,1.8,0.0,0.0
7.27039,-12,-9,451,0,E1A1842B1903C1161X,TE1A1B1C4D000X,1,1,1,1,1.4,1.4,1.4,1.8,0.0,0.0
7.29446,-12,-9,451,0,E1A1842B1903C1160X,TE1A1B1C4D000X,1,1,1,1,1.4,1.4,1.4,1.8,0.0,0.0
7.30638,-11,-9,452,0,E1A1841B1903C1160X,TE1A1B1C4D000X,1,1,1,1,1.4,1.4,1.4,1.8,0.0,0.0
7.32625,-11,-9,451,0,E1A1841B1903C1159X,TE1A1B1C4D000X,1,1,1,1,1.4,1.4,1.4,1.8,0.0,0.0
7.35017,-11,-9,452,0,E1A1840B1903C1159X,TE1A1B1C4D000X,1,1,1,1,1.4,1.4,1.4,1.8,0.0,0.0
7.37428,-10,-9,452,0,E1A1839B1903C1160X,TE1A1B1C4D000X,1,1,1,1,1.4,1.4,1.4,1.8,0.0,0.0
7.38596,-10,-8,451,0,E1A1838B1903C1160X,TE1A1B1C4D000X,1,1,1,1,1.4,1.4,1.4,1.8,0.0,0.0
7.3978,-10,-8,451,0,E1A1837B1903C1160X,TE1A1B1C4D000X,1,1,1,1,1.4,1.4,1.4,1.8,0.0,0.0
7.40951,-10,-8,451,0,E1A1836B1903C1161X,TE1A1B1C4D000X,1,1,1,1,1.4,1.4,1.4,1.8,0.0,0.0
7.4213,-9,-8,451,0,E1A1835B1903C1162X,TE1A1B1C4D000X,1,1,1,1,1.4,1.4,1.4,1.8,0.0,0.0
7.43296,-9,-8,450,0,E1A1834B1903C1161X,TE1A1B1C4D000X,1,1,1,1,1.4,1.4,1.4,1.8,0.0,0.0
7.44461,-9,-8,449,0,E1A1834B1903C1162X,TE1A1B1C4D000X,1,1,1,1,1.4,1.4,1.4,1.8,0.0,0.0
7.45642,-9,-7,449,0,E1A1833B1903C1163X,TE1A1B1C4D000X,1,1,1,1,1.4,1.4,1.4,1.8,0.0,0.0
7.48604,-8,-7,449,1,E1A1833B1903C1164X,TE1A1B1C4D000X,1,1,1,1,1.4,1.4,1.4,1.8,0.0,0.0
