timestamp,errXmm,errYmm,errZmm,TouchDetected,OutgoingPacket,IncomingPacket,Serial0Enabled,Serial0Open,Serial1Enabled,Serial1Open,kpx,kpy,kix,kiy,kdx,kdy
0.00100416,-6,-14,659,0,E1A1925B1918C1811X,TE1A1B1C2D000X,1,1,1,1,2.0,2.0,2.0,1.0,0.0,0.0
0.0252947,-7,-14,659,0,E1A1925B1916C1811X,TE1A1B1C1D000X,1,1,1,1,2.0,2.0,2.0,1.0,0.0,0.0
0.0379983,-7,-14,660,0,E1A1925B1915C1812X,TE1A1B1C1D000X,1,1,1,1,2.0,2.0,2.0,1.0,0.0,0.0
0.0505424,-7,-14,656,0,E1A1925B1915C1811X,TE1A1B1C1D000X,1,1,1,1,2.0,2.0,2.0,1.0,0.0,0.0
0.0631264,-7,-14,658,0,E1A1925B1914C1811X,TE1A1B1C1D000X,1,1,1,1,2.0,2.0,2.0,1.0,0.0,0.0
0.0754103,96,-129,667,0,E1A1537B1914C0990X,TE1A1B1C1D000X,1,1,1,1,2.0,2.0,2.0,1.0,0.0,0.0
0.088116,98,-132,679,0,E1A1538B1914C0990X,TE1A2B1C5D000X,1,1,1,1,2.0,2.0,2.0,1.0,0.0,0.0
0.100712,96,-129,667,0,E1A1537B1914C0990X,TE1A2B1C5D000X,1,1,1,1,2.0,2.0,2.0,1.0,0.0,0.0
0.112972,96,-129,667,0,E1A1537B1914C0990X,TE1A2B1C5D000X,1,1,1,1,2.0,2.0,2.0,1.0,0.0,0.0
0.12558,94,-128,658,0,E1A1539B1914C0989X,TE1A2B1C5D000X,1,1,1,1,2.0,2.0,2.0,1.0,0.0,0.0
0.137431,95,-126,650,0,E1A1534B1914C0991X,TE1A2B1C5D000X,1,1,1,1,2.0,2.0,2.0,1.0,0.0,0.0
0.150972,97,-128,657,0,E1A1527B1914C0988X,TE1A2B1C5D000X,1,1,1,1,2.0,2.0,2.0,1.0,0.0,0.0
0.166189,98,-129,657,0,E1A1523B1914C0982X,TE1A2B1C5D000X,1,1,1,1,2.0,2.0,2.0,1.0,0.0,0.0
0.185116,99,-130,659,0,E1A1520B1914C0979X,TE1A2B1C5D000X,1,1,1,1,2.0,2.0,2.0,1.0,0.0,0.0
0.199499,100,-129,656,0,E1A1517B1914C0977X,TE1A2B1C5D000X,1,1,1,1,2.0,2.0,2.0,1.0,0.0,0.0
0.212148,100,-129,653,0,E1A1514B1914C0975X,TE1A2B1C5D000X,1,1,1,1,2.0,2.0,2.0,1.0,0.0,0.0
0.229182,100,-129,654,0,E1A1512B1914C0973X,TE1A2B1C5D000X,1,1,1,1,2.0,2.0,2.0,1.0,0.0,0.0
0.241815,101,-130,655,0,E1A1511B1914C0972X,TE1A2B1C5D000X,1,1,1,1,2.0,2.0,2.0,1.0,0.0,0.0
0.254399,101,-130,656,0,E1A1509B1914C0972X,TE1A2B1C5D000X,1,1,1,1,2.0,2.0,2.0,1.0,0.0,0.0
0.266967,102,-130,657,0,E1A1508B1914C0972X,TE1A2B1C5D000X,1,1,1,1,2.0,2.0,2.0,1.0,0.0,0.0
0.279402,102,-130,657,0,E1A1507B1914C0971X,TE1A2B1C5D000X,1,1,1,1,2.0,2.0,2.0,1.0,0.0,0.0
0.291303,103,-131,659,0,E1A1506B1914C0972X,TE1A2B1C5D000X,1,1,1,1,2.0,2.0,2.0,1.0,0.0,0.0
0.309452,103,-130,659,0,E1A1506B1914C0973X,TE1A2B1C5D000X,1,1,1,1,2.0,2.0,2.0,1.0,0.0,0.0
0.322383,104,-132,666,0,E1A1505B1914C0974X,TE1A2B1C5D000X,1,1,1,1,2.0,2.0,2.0,1.0,0.0,0.0
0.334805,104,-131,665,0,E1A1505B1914C0977X,TE1A2B1C5D000X,1,1,1,1,2.0,2.0,2.0,1.0,0.0,0.0
0.347796,104,-131,668,0,E1A1504B1914C0979X,TE1A2B1C5D000X,1,1,1,1,2.0,2.0,2.0,1.0,0.0,0.0
0.365282,104,-131,669,0,E1A1504B1914C0984X,TE1A2B1C5D000X,1,1,1,1,2.0,2.0,2.0,1.0,0.0,0.0
0.377905,104,-129,667,0,E1A1503B1914C0989X,TE1A2B1C5D000X,1,1,1,1,2.0,2.0,2.0,1.0,0.0,0.0
0.397498,105,-129,670,0,E1A1502B1914C0996X,TE1A2B1C5D000X,1,1,1,1,2.0,2.0,2.0,1.0,0.0,0.0
0.410058,104,-127,668,0,E1A1501B1914C1004X,TE1A2B1C5D000X,1,1,1,1,2.0,2.0,2.0,1.0,0.0,0.0
0.421993,104,-126,667,0,E1A1500B1914C1012X,TE1A2B1C5D000X,1,1,1,1,2.0,2.0,2.0,1.0,0.0,0.0
0.434589,104,-124,666,0,E1A1499B1914C1021X,TE1A2B1C5D000X,1,1,1,1,2.0,2.0,2.0,1.0,0.0,0.0
0.448991,105,-123,668,0,E1A1498B1914C1031X,TE1A2B1C5D000X,1,1,1,1,2.0,2.0,2.0,1.0,0.0,0.0
0.46132,105,-121,670,0,E1A1496B1914C1042X,TE1A2B1C4D000X,1,1,1,1,2.0,2.0,2.0,1.0,0.0,0.0
0.473921,105,-120,672,0,E1A1495B1914C1053X,TE1A2B1C4D000X,1,1,1,1,2.0,2.0,2.0,1.0,0.0,0.0
0.485842,105,-118,671,0,E1A1493B1914C1065X,TE1A2B1C4D000X,1,1,1,1,2.0,2.0,2.0,1.0,0.0,0.0
0.498399,105,-115,670,0,E1A1490B1914C1077X,TE1A2B1C4D000X,1,1,1,1,2.0,2.0,2.0,1.0,0.0,0.0
0.511075,105,-113,668,0,E1A1488B1914C1089X,TE1A2B1C4D000X,1,1,1,1,2.0,2.0,2.0,1.0,0.0,0.0
0.523824,105,-111,666,0,E1A1485B1914C1102X,TE1A2B1C4D000X,1,1,1,1,2.0,2.0,2.0,1.0,0.0,0.0
0.535894,105,-111,666,0,E1A1485B1914C1102X,TE1A2B1C4D000X,1,1,1,1,2.0,2.0,2.0,1.0,0.0,0.0
0.548581,105,-108,666,0,E1A1482B1914C1116X,TE1A2B1C4D000X,1,1,1,1,2.0,2.0,2.0,1.0,0.0,0.0
0.560901,106,-106,667,0,E1A1479B1914C1130X,TE1A2B1C4D000X,1,1,1,1,2.0,2.0,2.0,1.0,0.0,0.0
0.57318,106,-103,665,0,E1A1476B1914C1143X,TE1A3B1C4D000X,1,1,1,1,2.0,2.0,2.0,1.0,0.0,0.0
0.585014,106,-101,665,0,E1A1473B1914C1157X,TE1A3B1C4D000X,1,1,1,1,2.0,2.0,2.0,1.0,0.0,0.0
0.597721,106,-99,666,0,E1A1470B1914C1169X,TE1A3B1C4D000X,1,1,1,1,2.0,2.0,2.0,1.0,0.0,0.0
0.610282,106,-97,664,0,E1A1467B1914C1181X,TE1A3B1C4D000X,1,1,1,1,2.0,2.0,2.0,1.0,0.0,0.0
0.622382,107,-95,664,0,E1A1464B1914C1193X,TE1A3B1C4D000X,1,1,1,1,2.0,2.0,2.0,1.0,0.0,0.0
0.634913,107,-93,665,0,E1A1461B1914C1204X,TE1A3B1C4D000X,1,1,1,1,2.0,2.0,2.0,1.0,0.0,0.0
0.646945,107,-91,663,0,E1A1459B1914C1215X,TE1A3B1C4D000X,1,1,1,1,2.0,2.0,2.0,1.0,0.0,0.0
0.659628,107,-89,662,0,E1A1456B1914C1225X,TE1A3B1C4D000X,1,1,1,1,2.0,2.0,2.0,1.0,0.0,0.0
0.671405,107,-87,660,0,E1A1454B1914C1235X,TE1A3B1C4D000X,1,1,1,1,2.0,2.0,2.0,1.0,0.0,0.0
0.68351,106,-85,657,0,E1A1452B1914C1245X,TE1A3B1C4D000X,1,1,1,1,2.0,2.0,2.0,1.0,0.0,0.0
0.695631,106,-83,658,0,E1A1450B1914C1254X,TE1A3B1C4D000X,1,1,1,1,2.0,2.0,2.0,1.0,0.0,0.0
0.707471,106,-82,657,0,E1A1449B1914C1263X,TE1A3B1C3D000X,1,1,1,1,2.0,2.0,2.0,1.0,0.0,0.0
0.720957,106,-82,657,0,E1A1449B1914C1263X,TE1A3B1C3D000X,1,1,1,1,2.0,2.0,2.0,1.0,0.0,0.0
0.732915,106,-80,657,0,E1A1448B1914C1273X,TE1A3B1C3D000X,1,1,1,1,2.0,2.0,2.0,1.0,0.0,0.0
0.744785,106,-78,658,0,E1A1446B1914C1285X,TE1A3B1C3D000X,1,1,1,1,2.0,2.0,2.0,1.0,0.0,0.0
0.75694,105,-76,657,0,E1A1445B1914C1297X,TE1A3B1C3D000X,1,1,1,1,2.0,2.0,2.0,1.0,0.0,0.0
0.769627,105,-74,656,0,E1A1443B1914C1309X,TE1A3B1C3D000X,1,1,1,1,2.0,2.0,2.0,1.0,0.0,0.0
0.781729,105,-72,655,0,E1A1441B1914C1321X,TE1A3B1C3D000X,1,1,1,1,2.0,2.0,2.0,1.0,0.0,0.0
0.794405,105,-70,656,0,E1A1440B1914C1333X,TE1A3B1C3D000X,1,1,1,1,2.0,2.0,2.0,1.0,0.0,0.0
0.80668,104,-67,655,0,E1A1438B1914C1345X,TE1A3B1C3D000X,1,1,1,1,2.0,2.0,2.0,1.0,0.0,0.0
0.818775,104,-65,652,0,E1A1435B1914C1358X,TE1A3B1C3D000X,1,1,1,1,2.0,2.0,2.0,1.0,0.0,0.0
0.83127,104,-65,652,0,E1A1435B1914C1358X,TE1A3B1C3D000X,1,1,1,1,2.0,2.0,2.0,1.0,0.0,0.0
0.843511,104,-62,651,0,E1A1432B1914C1371X,TE1A3B1C3D000X,1,1,1,1,2.0,2.0,2.0,1.0,0.0,0.0
0.85593,104,-60,653,0,E1A1428B1914C1384X,TE1A3B1C3D000X,1,1,1,1,2.0,2.0,2.0,1.0,0.0,0.0
0.868016,104,-58,650,0,E1A1424B1914C1396X,TE1A3B1C3D000X,1,1,1,1,2.0,2.0,2.0,1.0,0.0,0.0
0.879902,104,-58,650,0,E1A1424B1914C1396X,TE1A3B1C3D000X,1,1,1,1,2.0,2.0,2.0,1.0,0.0,0.0
0.893399,103,-55,647,0,E1A1419B1914C1410X,TE1A3B1C3D000X,1,1,1,1,2.0,2.0,2.0,1.0,0.0,0.0
0.905506,103,-52,646,0,E1A1414B1914C1423X,TE1A3B1C3D000X,1,1,1,1,2.0,2.0,2.0,1.0,0.0,0.0
0.917511,104,-50,646,0,E1A1408B1914C1436X,TE1A3B1C3D000X,1,1,1,1,2.0,2.0,2.0,1.0,0.0,0.0
0.929807,104,-47,645,0,E1A1402B1914C1448X,TE1A3B1C3D000X,1,1,1,1,2.0,2.0,2.0,1.0,0.0,0.0
0.94141,104,-45,645,0,E1A1396B1914C1460X,TE1A3B1C3D000X,1,1,1,1,2.0,2.0,2.0,1.0,0.0,0.0
0.953406,104,-43,645,0,E1A1390B1914C1471X,TE1A3B1C3D000X,1,1,1,1,2.0,2.0,2.0,1.0,0.0,0.0
0.965729,105,-40,644,0,E1A1383B1914C1481X,TE1A3B1C3D000X,1,1,1,1,2.0,2.0,2.0,1.0,0.0,0.0
0.977676,105,-38,643,0,E1A1377B1914C1491X,TE1A3B1C2D000X,1,1,1,1,2.0,2.0,2.0,1.0,0.0,0.0
0.989766,105,-36,643,0,E1A1370B1914C1501X,TE1A3B1C2D000X,1,1,1,1,2.0,2.0,2.0,1.0,0.0,0.0
1.00162,106,-34,643,0,E1A1363B1914C1511X,TE1A3B1C2D000X,1,1,1,1,2.0,2.0,2.0,1.0,0.0,0.0
1.01346,106,-32,646,0,E1A1355B1914C1522X,TE1A3B1C2D000X,1,1,1,1,2.0,2.0,2.0,1.0,0.0,0.0
1.0267,106,-29,646,0,E1A1348B1914C1532X,TE1A3B1C2D000X,1,1,1,1,2.0,2.0,2.0,1.0,0.0,0.0
1.03879,107,-27,646,0,E1A1341B1914C1542X,TE1A3B1C2D000X,1,1,1,1,2.0,2.0,2.0,1.0,0.0,0.0
1.05089,107,-25,646,0,E1A1334B1914C1551X,TE1A3B1C2D000X,1,1,1,1,2.0,2.0,2.0,1.0,0.0,0.0
1.06351,107,-23,646,0,E1A1328B1914C1560X,TE1A3B1C2D000X,1,1,1,1,2.0,2.0,2.0,1.0,0.0,0.0
1.07684,107,-23,646,0,E1A1328B1914C1560X,TE1A3B1C2D000X,1,1,1,1,2.0,2.0,2.0,1.0,0.0,0.0
1.09766,107,-21,645,0,E1A1320B1914C1571X,TE1A3B1C2D000X,1,1,1,1,2.0,2.0,2.0,1.0,0.0,0.0
1.11042,107,-18,645,0,E1A1313B1914C1582X,TE1A3B1C2D000X,1,1,1,1,2.0,2.0,2.0,1.0,0.0,0.0
1.1225,107,-16,645,0,E1A1306B1914C1592X,TE1A3B1C2D000X,1,1,1,1,2.0,2.0,2.0,1.0,0.0,0.0
1.13468,107,-14,643,0,E1A1299B1914C1601X,TE1A3B1C2D000X,1,1,1,1,2.0,2.0,2.0,1.0,0.0,0.0
1.14755,107,-12,643,0,E1A1293B1914C1610X,TE1A3B1C2D000X,1,1,1,1,2.0,2.0,2.0,1.0,0.0,0.0
1.15965,107,-10,643,0,E1A1287B1914C1619X,TE1A3B1C2D000X,1,1,1,1,2.0,2.0,2.0,1.0,0.0,0.0
1.17172,106,-8,643,0,E1A1282B1914C1626X,TE1A3B1C2D000X,1,1,1,1,2.0,2.0,2.0,1.0,0.0,0.0
1.18419,106,-7,643,0,E1A1277B1914C1634X,TE1A3B1C2D000X,1,1,1,1,2.0,2.0,2.0,1.0,0.0,0.0
1.1963,106,-5,644,0,E1A1272B1914C1641X,TE1A3B1C2D000X,1,1,1,1,2.0,2.0,2.0,1.0,0.0,0.0
1.20852,106,-4,644,0,E1A1268B1914C1648X,TE1A3B1C2D000X,1,1,1,1,2.0,2.0,2.0,1.0,0.0,0.0
1.2203,106,-2,644,0,E1A1264B1914C1654X,TE1A3B1C2D000X,1,1,1,1,2.0,2.0,2.0,1.0,0.0,0.0
1.2327,106,-1,647,0,E1A1260B1914C1659X,TE1A3B1C2D000X,1,1,1,1,2.0,2.0,2.0,1.0,0.0,0.0
1.24544,106,0,648,0,E1A1255B1914C1664X,TE1A3B1C2D000X,1,1,1,1,2.0,2.0,2.0,1.0,0.0,0.0
1.25732,107,1,651,0,E1A1250B1914C1669X,TE1A3B1C2D000X,1,1,1,1,2.0,2.0,2.0,1.0,0.0,0.0
1.26914,107,2,654,0,E1A1246B1914C1674X,TE1A3B1C2D000X,1,1,1,1,2.0,2.0,2.0,1.0,0.0,0.0
1.28176,107,3,656,0,E1A1241B1914C1678X,TE1A4B1C2D000X,1,1,1,1,2.0,2.0,2.0,1.0,0.0,0.0
1.29466,108,4,658,0,E1A1237B1914C1683X,TE1A4B1C2D000X,1,1,1,1,2.0,2.0,2.0,1.0,0.0,0.0
1.30694,108,5,660,0,E1A1232B1914C1687X,TE1A4B1C2D000X,1,1,1,1,2.0,2.0,2.0,1.0,0.0,0.0
1.31904,108,6,660,0,E1A1227B1914C1691X,TE1A4B1C2D000X,1,1,1,1,2.0,2.0,2.0,1.0,0.0,0.0
1.33107,108,7,662,0,E1A1223B1914C1695X,TE1A4B1C2D000X,1,1,1,1,2.0,2.0,2.0,1.0,0.0,0.0
1.34333,108,8,663,0,E1A1219B1914C1699X,TE1A4B1C2D000X,1,1,1,1,2.0,2.0,2.0,1.0,0.0,0.0
1.35533,109,9,664,0,E1A1214B1914C1703X,TE1A4B1C2D000X,1,1,1,1,2.0,2.0,2.0,1.0,0.0,0.0
1.36732,109,10,664,0,E1A1211B1914C1706X,TE1A4B1C2D000X,1,1,1,1,2.0,2.0,2.0,1.0,0.0,0.0
1.37948,108,11,664,0,E1A1207B1914C1710X,TE1A4B1C2D000X,1,1,1,1,2.0,2.0,2.0,1.0,0.0,0.0
1.39134,108,12,663,0,E1A1203B1914C1713X,TE1A4B1C1D000X,1,1,1,1,2.0,2.0,2.0,1.0,0.0,0.0
1.40442,109,13,665,0,E1A1200B1914C1716X,TE1A4B1C1D000X,1,1,1,1,2.0,2.0,2.0,1.0,0.0,0.0
1.4163,109,14,665,0,E1A1196B1914C1719X,TE1A4B1C1D000X,1,1,1,1,2.0,2.0,2.0,1.0,0.0,0.0
1.42829,109,14,669,0,E1A1191B1914C1721X,TE1A4B1C1D000X,1,1,1,1,2.0,2.0,2.0,1.0,0.0,0.0
1.44074,110,15,671,0,E1A1188B1914C1723X,TE1A4B1C1D000X,1,1,1,1,2.0,2.0,2.0,1.0,0.0,0.0
1.45262,111,16,673,0,E1A1183B1914C1724X,TE1A4B1C1D000X,1,1,1,1,2.0,2.0,2.0,1.0,0.0,0.0
1.46451,111,16,673,0,E1A1183B1914C1724X,TE1A4B1C1D000X,1,1,1,1,2.0,2.0,2.0,1.0,0.0,0.0
1.49288,111,16,673,0,E1A1180B1914C1726X,TE1A4B1C1D000X,1,1,1,1,2.0,2.0,2.0,1.0,0.0,0.0
1.51728,111,17,673,0,E1A1176B1914C1728X,TE1A4B1C1D000X,1,1,1,1,2.0,2.0,2.0,1.0,0.0,0.0
1.53698,110,18,671,0,E1A1173B1914C1731X,TE1A4B1C1D000X,1,1,1,1,2.0,2.0,2.0,1.0,0.0,0.0
1.54946,111,18,671,0,E1A1170B1914C1732X,TE1A4B1C1D000X,1,1,1,1,2.0,2.0,2.0,1.0,0.0,0.0
1.56198,110,19,668,0,E1A1167B1914C1734X,TE1A4B1C1D000X,1,1,1,1,2.0,2.0,2.0,1.0,0.0,0.0
1.57448,110,19,666,0,E1A1165B1914C1736X,TE1A4B1C1D000X,1,1,1,1,2.0,2.0,2.0,1.0,0.0,0.0
1.62882,109,19,661,0,E1A1162B1914C1738X,TE1A4B1C1D000X,1,1,1,1,2.0,2.0,2.0,1.0,0.0,0.0
1.64109,108,20,659,0,E1A1160B1914C1740X,TE1A4B1C1D000X,1,1,1,1,2.0,2.0,2.0,1.0,0.0,0.0
1.65323,108,20,655,0,E1A1159B1914C1743X,TE1A4B1C1D000X,1,1,1,1,2.0,2.0,2.0,1.0,0.0,0.0
1.66552,107,21,651,0,E1A1158B1914C1745X,TE1A4B1C1D000X,1,1,1,1,2.0,2.0,2.0,1.0,0.0,0.0
1.67782,106,21,650,0,E1A1157B1914C1747X,TE1A4B1C1D000X,1,1,1,1,2.0,2.0,2.0,1.0,0.0,0.0
1.69701,105,21,647,0,E1A1158B1914C1749X,TE1A4B1C1D000X,1,1,1,1,2.0,2.0,2.0,1.0,0.0,0.0
1.72089,104,21,646,0,E1A1162B1914C1751X,TE1A4B1C1D000X,1,1,1,1,2.0,2.0,2.0,1.0,0.0,0.0
1.73309,104,21,645,0,E1A1166B1914C1752X,TE1A4B1C1D000X,1,1,1,1,2.0,2.0,2.0,1.0,0.0,0.0
1.74513,103,21,643,0,E1A1171B1914C1753X,TE1A4B1C1D000X,1,1,1,1,2.0,2.0,2.0,1.0,0.0,0.0
1.75713,101,21,640,0,E1A1177B1914C1754X,TE1A4B1C1D000X,1,1,1,1,2.0,2.0,2.0,1.0,0.0,0.0
1.76914,100,20,640,0,E1A1185B1914C1755X,TE1A4B1C1D000X,1,1,1,1,2.0,2.0,2.0,1.0,0.0,0.0
1.7813,99,20,640,0,E1A1192B1914C1755X,TE1A4B1C1D000X,1,1,1,1,2.0,2.0,2.0,1.0,0.0,0.0
1.7933,98,19,641,0,E1A1202B1914C1756X,TE1A4B1C1D000X,1,1,1,1,2.0,2.0,2.0,1.0,0.0,0.0
1.80528,98,19,642,0,E1A1212B1914C1756X,TE1A4B1C1D000X,1,1,1,1,2.0,2.0,2.0,1.0,0.0,0.0
1.8205,98,19,642,0,E1A1212B1914C1756X,TE1A4B1C1D000X,1,1,1,1,2.0,2.0,2.0,1.0,0.0,0.0
1.83294,96,18,645,0,E1A1226B1914C1756X,TE1A4B1C1D000X,1,1,1,1,2.0,2.0,2.0,1.0,0.0,0.0
1.84499,96,18,645,0,E1A1226B1914C1756X,TE1A4B1C1D000X,1,1,1,1,2.0,2.0,2.0,1.0,0.0,0.0
1.85729,95,17,646,0,E1A1242B1914C1756X,TE1A4B1C1D000X,1,1,1,1,2.0,2.0,2.0,1.0,0.0,0.0
1.86911,93,15,648,0,E1A1260B1914C1756X,TE1A4B1C1D000X,1,1,1,1,2.0,2.0,2.0,1.0,0.0,0.0
1.88129,93,15,648,0,E1A1260B1914C1756X,TE1A3B1C1D000X,1,1,1,1,2.0,2.0,2.0,1.0,0.0,0.0
1.89372,91,14,650,0,E1A1280B1914C1755X,TE1A3B1C1D000X,1,1,1,1,2.0,2.0,2.0,1.0,0.0,0.0
1.90646,89,12,651,0,E1A1299B1914C1755X,TE1A3B1C1D000X,1,1,1,1,2.0,2.0,2.0,1.0,0.0,0.0
1.91845,88,11,653,0,E1A1319B1914C1754X,TE1A3B1C1D000X,1,1,1,1,2.0,2.0,2.0,1.0,0.0,0.0
1.93101,86,9,656,0,E1A1340B1914C1753X,TE1A3B1C1D000X,1,1,1,1,2.0,2.0,2.0,1.0,0.0,0.0
1.94273,84,8,656,0,E1A1360B1914C1751X,TE1A3B1C1D000X,1,1,1,1,2.0,2.0,2.0,1.0,0.0,0.0
1.96884,82,6,658,0,E1A1384B1914C1749X,TE1A3B1C1D000X,1,1,1,1,2.0,2.0,2.0,1.0,0.0,0.0
1.9813,79,4,657,0,E1A1403B1914C1746X,TE1A3B1C1D000X,1,1,1,1,2.0,2.0,2.0,1.0,0.0,0.0
1.99382,77,2,660,0,E1A1422B1914C1742X,TE1A3B1C1D000X,1,1,1,1,2.0,2.0,2.0,1.0,0.0,0.0
2.00755,74,0,659,0,E1A1440B1914C1738X,TE1A3B1C1D000X,1,1,1,1,2.0,2.0,2.0,1.0,0.0,0.0
2.02004,72,-1,658,0,E1A1457B1914C1735X,TE1A3B1C1D000X,1,1,1,1,2.0,2.0,2.0,1.0,0.0,0.0
2.03231,70,-3,659,0,E1A1474B1914C1731X,TE1A3B1C1D000X,1,1,1,1,2.0,2.0,2.0,1.0,0.0,0.0
2.0444,67,-5,661,0,E1A1491B1914C1728X,TE1A3B1C1D000X,1,1,1,1,2.0,2.0,2.0,1.0,0.0,0.0
2.05675,65,-6,659,0,E1A1507B1914C1724X,TE1A2B1C1D000X,1,1,1,1,2.0,2.0,2.0,1.0,0.0,0.0
2.06864,62,-8,657,0,E1A1523B1914C1720X,TE1A2B1C1D000X,1,1,1,1,2.0,2.0,2.0,1.0,0.0,0.0
2.08098,60,-10,658,0,E1A1538B1914C1716X,TE1A2B1C1D000X,1,1,1,1,2.0,2.0,2.0,1.0,0.0,0.0
2.09339,58,-11,657,0,E1A1552B1914C1713X,TE1A2B1C1D000X,1,1,1,1,2.0,2.0,2.0,1.0,0.0,0.0
2.10633,58,-11,657,0,E1A1552B1914C1713X,TE1A2B1C1D000X,1,1,1,1,2.0,2.0,2.0,1.0,0.0,0.0
2.11843,56,-13,658,0,E1A1568B1914C1709X,TE1A2B1C1D000X,1,1,1,1,2.0,2.0,2.0,1.0,0.0,0.0
2.1314,54,-15,659,0,E1A1582B1914C1705X,TE1A2B1C1D000X,1,1,1,1,2.0,2.0,2.0,1.0,0.0,0.0
2.14374,52,-16,657,0,E1A1595B1914C1700X,TE1A2B1C2D000X,1,1,1,1,2.0,2.0,2.0,1.0,0.0,0.0
2.15568,50,-18,655,0,E1A1608B1914C1695X,TE1A2B1C2D000X,1,1,1,1,2.0,2.0,2.0,1.0,0.0,0.0
2.16839,48,-19,654,0,E1A1620B1914C1690X,TE1A2B1C2D000X,1,1,1,1,2.0,2.0,2.0,1.0,0.0,0.0
2.18115,46,-21,656,0,E1A1631B1914C1685X,TE1A2B1C2D000X,1,1,1,1,2.0,2.0,2.0,1.0,0.0,0.0
2.19367,44,-22,654,0,E1A1642B1914C1680X,TE1A2B1C2D000X,1,1,1,1,2.0,2.0,2.0,1.0,0.0,0.0
2.20594,42,-23,654,0,E1A1651B1914C1675X,TE1A2B1C2D000X,1,1,1,1,2.0,2.0,2.0,1.0,0.0,0.0
2.21764,40,-25,652,0,E1A1663B1914C1670X,TE1A2B1C2D000X,1,1,1,1,2.0,2.0,2.0,1.0,0.0,0.0
2.23029,38,-26,654,0,E1A1674B1914C1665X,TE1A2B1C2D000X,1,1,1,1,2.0,2.0,2.0,1.0,0.0,0.0
2.26118,36,-27,653,0,E1A1686B1914C1660X,TE1A2B1C2D000X,1,1,1,1,2.0,2.0,2.0,1.0,0.0,0.0
2.27358,34,-28,655,0,E1A1698B1914C1656X,TE1A2B1C2D000X,1,1,1,1,2.0,2.0,2.0,1.0,0.0,0.0
2.28608,32,-29,651,0,E1A1707B1914C1651X,TE1A2B1C2D000X,1,1,1,1,2.0,2.0,2.0,1.0,0.0,0.0
2.29862,31,-30,653,0,E1A1716B1914C1647X,TE1A1B1C2D000X,1,1,1,1,2.0,2.0,2.0,1.0,0.0,0.0
2.31127,29,-31,655,0,E1A1724B1914C1643X,TE1A1B1C2D000X,1,1,1,1,2.0,2.0,2.0,1.0,0.0,0.0
2.32355,28,-32,654,0,E1A1731B1914C1639X,TE1A1B1C2D000X,1,1,1,1,2.0,2.0,2.0,1.0,0.0,0.0
2.34151,26,-33,652,0,E1A1738B1914C1634X,TE1A1B1C2D000X,1,1,1,1,2.0,2.0,2.0,1.0,0.0,0.0
2.35405,25,-33,651,0,E1A1745B1914C1631X,TE1A1B1C2D000X,1,1,1,1,2.0,2.0,2.0,1.0,0.0,0.0
2.36651,23,-34,650,0,E1A1751B1914C1627X,TE1A1B1C2D000X,1,1,1,1,2.0,2.0,2.0,1.0,0.0,0.0
2.37921,22,-34,650,0,E1A1757B1914C1624X,TE1A1B1C2D000X,1,1,1,1,2.0,2.0,2.0,1.0,0.0,0.0
2.39181,21,-34,649,0,E1A1762B1914C1621X,TE1A1B1C2D000X,1,1,1,1,2.0,2.0,2.0,1.0,0.0,0.0
2.40452,20,-35,651,0,E1A1766B1914C1619X,TE1A1B1C2D000X,1,1,1,1,2.0,2.0,2.0,1.0,0.0,0.0
2.41663,19,-35,653,0,E1A1770B1914C1616X,TE1A1B1C2D000X,1,1,1,1,2.0,2.0,2.0,1.0,0.0,0.0
2.42921,18,-35,652,0,E1A1774B1914C1614X,TE1A1B1C2D000X,1,1,1,1,2.0,2.0,2.0,1.0,0.0,0.0
2.44173,17,-35,651,0,E1A1777B1914C1613X,TE1A1B1C2D000X,1,1,1,1,2.0,2.0,2.0,1.0,0.0,0.0
2.45437,17,-35,652,0,E1A1780B1914C1611X,TE1A1B1C2D000X,1,1,1,1,2.0,2.0,2.0,1.0,0.0,0.0
2.46677,16,-35,652,0,E1A1783B1914C1610X,TE1A1B1C2D000X,1,1,1,1,2.0,2.0,2.0,1.0,0.0,0.0
2.47935,15,-35,651,0,E1A1785B1914C1609X,TE1A1B1C2D000X,1,1,1,1,2.0,2.0,2.0,1.0,0.0,0.0
2.49151,15,-36,653,0,E1A1787B1914C1608X,TE1A1B1C2D000X,1,1,1,1,2.0,2.0,2.0,1.0,0.0,0.0
2.50397,14,-36,652,0,E1A1789B1914C1606X,TE1A1B1C2D000X,1,1,1,1,2.0,2.0,2.0,1.0,0.0,0.0
2.51637,14,-36,651,0,E1A1791B1914C1604X,TE1A1B1C2D000X,1,1,1,1,2.0,2.0,2.0,1.0,0.0,0.0
2.52893,13,-36,650,0,E1A1793B1914C1602X,TE1A1B1C2D000X,1,1,1,1,2.0,2.0,2.0,1.0,0.0,0.0
2.54129,13,-36,649,0,E1A1794B1914C1601X,TE1A1B1C2D000X,1,1,1,1,2.0,2.0,2.0,1.0,0.0,0.0
2.55341,12,-36,648,0,E1A1795B1914C1599X,TE1A1B1C2D000X,1,1,1,1,2.0,2.0,2.0,1.0,0.0,0.0
2.56597,12,-36,648,0,E1A1796B1914C1597X,TE1A1B1C2D000X,1,1,1,1,2.0,2.0,2.0,1.0,0.0,0.0
2.57848,12,-36,650,0,E1A1798B1914C1595X,TE1A1B1C2D000X,1,1,1,1,2.0,2.0,2.0,1.0,0.0,0.0
2.59094,11,-36,650,0,E1A1799B1914C1592X,TE1A1B1C2D000X,1,1,1,1,2.0,2.0,2.0,1.0,0.0,0.0
2.60409,11,-36,652,0,E1A1800B1914C1589X,TE1A1B1C2D000X,1,1,1,1,2.0,2.0,2.0,1.0,0.0,0.0
2.6158,11,-37,651,0,E1A1801B1914C1585X,TE1A1B1C2D000X,1,1,1,1,2.0,2.0,2.0,1.0,0.0,0.0
2.62832,10,-37,650,0,E1A1802B1914C1582X,TE1A1B1C2D000X,1,1,1,1,2.0,2.0,2.0,1.0,0.0,0.0
2.64071,10,-37,650,0,E1A1804B1914C1578X,TE1A1B1C2D000X,1,1,1,1,2.0,2.0,2.0,1.0,0.0,0.0
2.65245,10,-38,650,0,E1A1805B1914C1574X,TE1A1B1C2D000X,1,1,1,1,2.0,2.0,2.0,1.0,0.0,0.0
2.70131,9,-38,650,0,E1A1809B1914C1568X,TE1A1B1C2D000X,1,1,1,1,2.0,2.0,2.0,1.0,0.0,0.0
2.71389,8,-39,649,0,E1A1812B1914C1562X,TE1A1B1C2D000X,1,1,1,1,2.0,2.0,2.0,1.0,0.0,0.0
2.72623,7,-39,649,0,E1A1816B1914C1556X,TE1A1B1C2D000X,1,1,1,1,2.0,2.0,2.0,1.0,0.0,0.0
2.73852,6,-40,648,0,E1A1820B1914C1550X,TE1A1B1C2D000X,1,1,1,1,2.0,2.0,2.0,1.0,0.0,0.0
2.75101,5,-40,650,0,E1A1823B1914C1544X,TE1A1B1C2D000X,1,1,1,1,2.0,2.0,2.0,1.0,0.0,0.0
2.76331,5,-41,652,0,E1A1828B1914C1537X,TE1A1B1C2D000X,1,1,1,1,2.0,2.0,2.0,1.0,0.0,0.0
2.77562,4,-41,651,0,E1A1832B1914C1531X,TE1A1B1C2D000X,1,1,1,1,2.0,2.0,2.0,1.0,0.0,0.0
2.79337,3,-42,650,0,E1A1835B1914C1524X,TE1A1B1C2D000X,1,1,1,1,2.0,2.0,2.0,1.0,0.0,0.0
2.80578,2,-42,652,0,E1A1839B1914C1519X,TE1A1B1C2D000X,1,1,1,1,2.0,2.0,2.0,1.0,0.0,0.0
2.81834,1,-43,651,0,E1A1843B1914C1513X,TE1A1B1C2D000X,1,1,1,1,2.0,2.0,2.0,1.0,0.0,0.0
2.83097,0,-43,651,0,E1A1846B1914C1507X,TE1A1B1C2D000X,1,1,1,1,2.0,2.0,2.0,1.0,0.0,0.0
2.84334,0,-43,650,0,E1A1850B1914C1501X,TE1A1B1C2D000X,1,1,1,1,2.0,2.0,2.0,1.0,0.0,0.0
2.85591,0,-43,649,0,E1A1853B1914C1496X,TE1A1B1C2D000X,1,1,1,1,2.0,2.0,2.0,1.0,0.0,0.0
2.86776,-1,-44,652,0,E1A1856B1914C1492X,TE1A1B1C2D000X,1,1,1,1,2.0,2.0,2.0,1.0,0.0,0.0
2.88153,-2,-44,653,0,E1A1859B1914C1486X,TE1A1B1C2D000X,1,1,1,1,2.0,2.0,2.0,1.0,0.0,0.0
2.90578,-2,-44,650,0,E1A1862B1914C1481X,TE1A1B1C2D000X,1,1,1,1,2.0,2.0,2.0,1.0,0.0,0.0
2.91836,-3,-44,650,0,E1A1865B1914C1476X,TE1A1B1C2D000X,1,1,1,1,2.0,2.0,2.0,1.0,0.0,0.0
2.93097,-4,-45,649,0,E1A1868B1914C1471X,TE1A1B1C3D000X,1,1,1,1,2.0,2.0,2.0,1.0,0.0,0.0
2.94356,-4,-45,651,0,E1A1871B1914C1466X,TE1A1B1C3D000X,1,1,1,1,2.0,2.0,2.0,1.0,0.0,0.0
2.95579,-5,-45,651,0,E1A1874B1914C1461X,TE1A1B1C3D000X,1,1,1,1,2.0,2.0,2.0,1.0,0.0,0.0
2.9687,-6,-45,648,0,E1A1877B1914C1455X,TE1A1B1C3D000X,1,1,1,1,2.0,2.0,2.0,1.0,0.0,0.0
2.9815,-6,-45,650,0,E1A1879B1914C1450X,TE1A1B1C3D000X,1,1,1,1,2.0,2.0,2.0,1.0,0.0,0.0
2.99434,-7,-45,648,0,E1A1882B1914C1444X,TE1A1B1C3D000X,1,1,1,1,2.0,2.0,2.0,1.0,0.0,0.0
3.00679,-7,-46,647,0,E1A1884B1914C1438X,TE1A1B1C3D000X,1,1,1,1,2.0,2.0,2.0,1.0,0.0,0.0
3.0187,-8,-46,650,0,E1A1886B1914C1433X,TE1A1B1C3D000X,1,1,1,1,2.0,2.0,2.0,1.0,0.0,0.0
3.03123,-8,-46,649,0,E1A1888B1914C1427X,TE1A1B1C3D000X,1,1,1,1,2.0,2.0,2.0,1.0,0.0,0.0
3.04365,-8,-47,652,0,E1A1890B1914C1421X,TE1A1B1C3D000X,1,1,1,1,2.0,2.0,2.0,1.0,0.0,0.0
3.05609,-9,-47,651,0,E1A1892B1914C1414X,TE1A1B1C3D000X,1,1,1,1,2.0,2.0,2.0,1.0,0.0,0.0
3.06824,-9,-48,653,0,E1A1894B1914C1406X,TE1A1B1C3D000X,1,1,1,1,2.0,2.0,2.0,1.0,0.0,0.0
3.08113,-10,-49,655,0,E1A1896B1914C1397X,TE1A1B1C3D000X,1,1,1,1,2.0,2.0,2.0,1.0,0.0,0.0
3.094,-10,-49,654,0,E1A1898B1914C1389X,TE1A1B1C3D000X,1,1,1,1,2.0,2.0,2.0,1.0,0.0,0.0
3.10717,-10,-50,654,0,E1A1900B1914C1380X,TE1A1B1C3D000X,1,1,1,1,2.0,2.0,2.0,1.0,0.0,0.0
3.12141,-10,-50,654,0,E1A1900B1914C1380X,TE1A1B1C3D000X,1,1,1,1,2.0,2.0,2.0,1.0,0.0,0.0
3.13414,-10,-51,653,0,E1A1901B1914C1369X,TE1A1B1C3D000X,1,1,1,1,2.0,2.0,2.0,1.0,0.0,0.0
3.14661,-11,-51,652,0,E1A1903B1914C1357X,TE1A1B1C3D000X,1,1,1,1,2.0,2.0,2.0,1.0,0.0,0.0
3.15864,-11,-52,651,0,E1A1905B1914C1345X,TE1A1B1C3D000X,1,1,1,1,2.0,2.0,2.0,1.0,0.0,0.0
3.17136,-11,-53,653,0,E1A1907B1914C1334X,TE1A1B1C3D000X,1,1,1,1,2.0,2.0,2.0,1.0,0.0,0.0
3.18792,-12,-54,654,0,E1A1909B1914C1322X,TE1A1B1C3D000X,1,1,1,1,2.0,2.0,2.0,1.0,0.0,0.0
3.20089,-12,-55,652,0,E1A1910B1914C1311X,TE1A1B1C3D000X,1,1,1,1,2.0,2.0,2.0,1.0,0.0,0.0
3.21375,-12,-56,654,0,E1A1912B1914C1299X,TE1A1B1C3D000X,1,1,1,1,2.0,2.0,2.0,1.0,0.0,0.0
3.22755,-13,-57,651,0,E1A1914B1914C1288X,TE1A1B1C3D000X,1,1,1,1,2.0,2.0,2.0,1.0,0.0,0.0
3.25779,-13,-58,653,0,E1A1916B1914C1275X,TE1A1B1C3D000X,1,1,1,1,2.0,2.0,2.0,1.0,0.0,0.0
3.27039,-14,-59,655,0,E1A1919B1914C1263X,TE1A1B1C3D000X,1,1,1,1,2.0,2.0,2.0,1.0,0.0,0.0
3.283,-14,-60,657,0,E1A1921B1914C1252X,TE1A1B1C3D000X,1,1,1,1,2.0,2.0,2.0,1.0,0.0,0.0
3.30142,-14,-61,658,0,E1A1923B1914C1243X,TE1A1B1C3D000X,1,1,1,1,2.0,2.0,2.0,1.0,0.0,0.0
3.31429,-15,-61,659,0,E1A1925B1914C1234X,TE1A1B1C4D000X,1,1,1,1,2.0,2.0,2.0,1.0,0.0,0.0
3.32714,-15,-62,658,0,E1A1925B1946C1227X,TE1A1B1C4D000X,1,1,1,1,2.0,2.0,2.0,1.0,0.0,0.0
3.33966,-15,-62,656,0,E1A1925B1944C1222X,TE1A1B0C4D000X,1,1,1,1,2.0,2.0,2.0,1.0,0.0,0.0
3.35174,-15,-62,658,0,E1A1925B1943C1219X,TE1A1B0C4D000X,1,1,1,1,2.0,2.0,2.0,1.0,0.0,0.0
3.36446,-15,-62,659,0,E1A1925B1942C1217X,TE1A1B0C4D000X,1,1,1,1,2.0,2.0,2.0,1.0,0.0,0.0
3.38182,-15,-62,658,0,E1A1925B1941C1215X,TE1A1B0C4D000X,1,1,1,1,2.0,2.0,2.0,1.0,0.0,0.0
3.40148,-15,-62,657,0,E1A1925B1941C1213X,TE1A1B0C4D000X,1,1,1,1,2.0,2.0,2.0,1.0,0.0,0.0
3.41414,-15,-62,655,0,E1A1925B1941C1213X,TE1A1B0C4D000X,1,1,1,1,2.0,2.0,2.0,1.0,0.0,0.0
3.44951,-15,-61,657,0,E1A1925B1940C1218X,TE1A1B0C4D000X,1,1,1,1,2.0,2.0,2.0,1.0,0.0,0.0
3.46223,-15,-60,658,0,E1A1925B1940C1222X,TE1A1B0C4D000X,1,1,1,1,2.0,2.0,2.0,1.0,0.0,0.0
3.47473,-15,-59,657,0,E1A1925B1940C1226X,TE1A1B0C4D000X,1,1,1,1,2.0,2.0,2.0,1.0,0.0,0.0
3.49336,-15,-58,658,0,E1A1925B1940C1234X,TE1A1B0C4D000X,1,1,1,1,2.0,2.0,2.0,1.0,0.0,0.0
3.50613,-14,-57,656,0,E1A1925B1941C1241X,TE1A1B0C4D000X,1,1,1,1,2.0,2.0,2.0,1.0,0.0,0.0
3.51878,-14,-55,653,0,E1A1925B1941C1248X,TE1A1B0C4D000X,1,1,1,1,2.0,2.0,2.0,1.0,0.0,0.0
3.53165,-14,-54,654,0,E1A1925B1942C1258X,TE1A1B0C4D000X,1,1,1,1,2.0,2.0,2.0,1.0,0.0,0.0
3.54429,-14,-53,656,0,E1A1925B1942C1269X,TE1A1B0C3D000X,1,1,1,1,2.0,2.0,2.0,1.0,0.0,0.0
3.5565,-13,-51,655,0,E1A1925B1943C1279X,TE1A1B0C3D000X,1,1,1,1,2.0,2.0,2.0,1.0,0.0,0.0
3.5734,-13,-49,656,0,E1A1925B1944C1293X,TE1A1B0C3D000X,1,1,1,1,2.0,2.0,2.0,1.0,0.0,0.0
3.58613,-12,-47,657,0,E1A1925B1945C1309X,TE1A1B0C3D000X,1,1,1,1,2.0,2.0,2.0,1.0,0.0,0.0
3.599,-12,-45,657,0,E1A1925B1946C1325X,TE1A1B0C3D000X,1,1,1,1,2.0,2.0,2.0,1.0,0.0,0.0
3.61168,-12,-43,658,0,E1A1925B1946C1343X,TE1A1B0C3D000X,1,1,1,1,2.0,2.0,2.0,1.0,0.0,0.0
3.62938,-11,-40,653,0,E1A1923B1946C1363X,TE1A1B0C3D000X,1,1,1,1,2.0,2.0,2.0,1.0,0.0,0.0
3.64198,-11,-37,654,0,E1A1921B1946C1386X,TE1A1B0C3D000X,1,1,1,1,2.0,2.0,2.0,1.0,0.0,0.0
3.65448,-10,-35,653,0,E1A1920B1946C1407X,TE1A1B0C3D000X,1,1,1,1,2.0,2.0,2.0,1.0,0.0,0.0
3.66704,-10,-32,651,0,E1A1918B1946C1428X,TE1A1B0C3D000X,1,1,1,1,2.0,2.0,2.0,1.0,0.0,0.0
3.67967,-9,-30,652,0,E1A1917B1946C1450X,TE1A1B0C3D000X,1,1,1,1,2.0,2.0,2.0,1.0,0.0,0.0
3.69158,-9,-27,653,0,E1A1915B1946C1472X,TE1A1B0C3D000X,1,1,1,1,2.0,2.0,2.0,1.0,0.0,0.0
3.7044,-8,-25,651,0,E1A1914B1946C1492X,TE1A1B0C3D000X,1,1,1,1,2.0,2.0,2.0,1.0,0.0,0.0
3.71708,-8,-23,652,0,E1A1912B1946C1514X,TE1A1B0C3D000X,1,1,1,1,2.0,2.0,2.0,1.0,0.0,0.0
3.7297,-7,-20,651,0,E1A1910B1946C1534X,TE1A1B0C2D000X,1,1,1,1,2.0,2.0,2.0,1.0,0.0,0.0
3.74245,-7,-18,647,0,E1A1908B1946C1552X,TE1A1B0C2D000X,1,1,1,1,2.0,2.0,2.0,1.0,0.0,0.0
3.75476,-6,-16,644,0,E1A1906B1946C1570X,TE1A1B0C2D000X,1,1,1,1,2.0,2.0,2.0,1.0,0.0,0.0
3.76761,-6,-14,644,0,E1A1904B1946C1589X,TE1A1B0C2D000X,1,1,1,1,2.0,2.0,2.0,1.0,0.0,0.0
3.7803,-5,-12,640,0,E1A1902B1946C1606X,TE1A1B0C2D000X,1,1,1,1,2.0,2.0,2.0,1.0,0.0,0.0
3.79772,-5,-9,638,0,E1A1900B1946C1628X,TE1A1B0C2D000X,1,1,1,1,2.0,2.0,2.0,1.0,0.0,0.0
3.81054,-4,-7,636,0,E1A1907B1946C1689X,TE1A1B0C2D000X,1,1,1,1,2.0,2.0,2.0,1.0,0.0,0.0
3.82274,-4,-5,634,0,E1A1912B1946C1742X,TE1A1B0C2D000X,1,1,1,1,2.0,2.0,2.0,1.0,0.0,0.0
3.83557,-3,-2,635,0,E1A1916B1946C1789X,TE1A1B0C2D000X,1,1,1,1,2.0,2.0,2.0,1.0,0.0,0.0
3.84842,-2,0,633,0,E1A1919B1946C1830X,TE1A1B0C1D000X,1,1,1,1,2.0,2.0,2.0,1.0,0.0,0.0
3.86118,-2,1,634,0,E1A1920B1946C1867X,TE1A1B0C1D000X,1,1,1,1,2.0,2.0,2.0,1.0,0.0,0.0
3.8774,-1,3,632,0,E1A1921B1946C1901X,TE1A1B0C1D000X,1,1,1,1,2.0,2.0,2.0,1.0,0.0,0.0
3.88974,-1,5,631,0,E1A1917B1946C1925X,TE1A1B0C1D000X,1,1,1,1,2.0,2.0,2.0,1.0,0.0,0.0
3.90248,0,7,632,0,E1A1905B1934C1925X,TE1A1B0C1D000X,1,1,1,1,2.0,2.0,2.0,1.0,0.0,0.0
3.91522,0,9,633,0,E1A1892B1923C1925X,TE1A1B1C1D000X,1,1,1,1,2.0,2.0,2.0,1.0,0.0,0.0
3.92789,0,10,633,0,E1A1882B1917C1925X,TE1A1B1C1D000X,1,1,1,1,2.0,2.0,2.0,1.0,0.0,0.0
3.94142,0,12,635,0,E1A1872B1911C1925X,TE1A1B1C1D000X,1,1,1,1,2.0,2.0,2.0,1.0,0.0,0.0
3.95472,0,14,635,0,E1A1864B1906C1925X,TE1A1B1C1D000X,1,1,1,1,2.0,2.0,2.0,1.0,0.0,0.0
3.96743,1,15,634,0,E1A1855B1900C1925X,TE1A1B1C1D000X,1,1,1,1,2.0,2.0,2.0,1.0,0.0,0.0
3.9797,1,16,633,0,E1A1847B1895C1925X,TE1A1B1C1D000X,1,1,1,1,2.0,2.0,2.0,1.0,0.0,0.0
3.99197,1,18,634,0,E1A1838B1890C1925X,TE1A1B1C1D000X,1,1,1,1,2.0,2.0,2.0,1.0,0.0,0.0
4.00421,1,18,634,0,E1A1838B1890C1925X,TE1A1B1C1D000X,1,1,1,1,2.0,2.0,2.0,1.0,0.0,0.0
4.01622,1,19,633,0,E1A1831B1885C1925X,TE1A1B1C1D000X,1,1,1,1,2.0,2.0,2.0,1.0,0.0,0.0
4.02899,2,20,631,0,E1A1824B1881C1925X,TE1A1B1C1D000X,1,1,1,1,2.0,2.0,2.0,1.0,0.0,0.0
4.04172,2,21,633,0,E1A1818B1877C1925X,TE1A1B1C1D000X,1,1,1,1,2.0,2.0,2.0,1.0,0.0,0.0
4.05425,2,22,632,0,E1A1812B1874C1925X,TE1A1B1C1D000X,1,1,1,1,2.0,2.0,2.0,1.0,0.0,0.0
4.06678,2,22,631,0,E1A1807B1871C1925X,TE1A1B1C1D000X,1,1,1,1,2.0,2.0,2.0,1.0,0.0,0.0
4.07921,2,23,633,0,E1A1804B1869C1925X,TE1A1B1C1D000X,1,1,1,1,2.0,2.0,2.0,1.0,0.0,0.0
4.09176,3,23,632,0,E1A1801B1867C1925X,TE1A1B1C1D000X,1,1,1,1,2.0,2.0,2.0,1.0,0.0,0.0
4.10436,3,23,633,0,E1A1798B1867C1925X,TE1A1B1C1D000X,1,1,1,1,2.0,2.0,2.0,1.0,0.0,0.0
4.11702,3,23,632,0,E1A1796B1867C1925X,TE1A1B1C1D000X,1,1,1,1,2.0,2.0,2.0,1.0,0.0,0.0
4.1297,3,23,630,0,E1A1795B1867C1925X,TE1A1B1C1D000X,1,1,1,1,2.0,2.0,2.0,1.0,0.0,0.0
4.14228,3,23,632,0,E1A1794B1867C1925X,TE1A1B1C1D000X,1,1,1,1,2.0,2.0,2.0,1.0,0.0,0.0
4.15469,3,23,631,0,E1A1794B1869C1925X,TE1A1B1C1D000X,1,1,1,1,2.0,2.0,2.0,1.0,0.0,0.0
4.16774,3,22,630,0,E1A1795B1870C1925X,TE1A1B1C1D000X,1,1,1,1,2.0,2.0,2.0,1.0,0.0,0.0
4.18166,3,22,629,0,E1A1798B1871C1925X,TE1A1B1C1D000X,1,1,1,1,2.0,2.0,2.0,1.0,0.0,0.0
4.19411,3,21,629,0,E1A1800B1873C1925X,TE1A1B1C1D000X,1,1,1,1,2.0,2.0,2.0,1.0,0.0,0.0
4.20666,3,21,628,0,E1A1803B1876C1925X,TE1A1B1C1D000X,1,1,1,1,2.0,2.0,2.0,1.0,0.0,0.0
4.22538,3,20,627,0,E1A1807B1878C1925X,TE1A1B1C1D000X,1,1,1,1,2.0,2.0,2.0,1.0,0.0,0.0
4.23807,2,19,627,0,E1A1812B1880C1925X,TE1A1B1C1D000X,1,1,1,1,2.0,2.0,2.0,1.0,0.0,0.0
4.2507,2,18,629,0,E1A1816B1882C1925X,TE1A1B1C1D000X,1,1,1,1,2.0,2.0,2.0,1.0,0.0,0.0
4.26325,2,18,630,0,E1A1821B1885C1925X,TE1A1B1C1D000X,1,1,1,1,2.0,2.0,2.0,1.0,0.0,0.0
4.27583,1,17,633,0,E1A1826B1887C1925X,TE1A1B1C1D000X,1,1,1,1,2.0,2.0,2.0,1.0,0.0,0.0
4.2879,1,16,635,0,E1A1831B1889C1925X,TE1A1B1C1D000X,1,1,1,1,2.0,2.0,2.0,1.0,0.0,0.0
4.30082,1,15,636,0,E1A1836B1891C1925X,TE1A1B1C1D000X,1,1,1,1,2.0,2.0,2.0,1.0,0.0,0.0
4.31348,1,15,637,0,E1A1841B1893C1925X,TE1A1B1C1D000X,1,1,1,1,2.0,2.0,2.0,1.0,0.0,0.0
4.32619,0,14,641,0,E1A1846B1895C1925X,TE1A1B1C1D000X,1,1,1,1,2.0,2.0,2.0,1.0,0.0,0.0
4.33871,0,13,642,0,E1A1850B1897C1925X,TE1A1B1C1D000X,1,1,1,1,2.0,2.0,2.0,1.0,0.0,0.0
4.35081,0,13,645,0,E1A1854B1899C1925X,TE1A1B1C1D000X,1,1,1,1,2.0,2.0,2.0,1.0,0.0,0.0
4.3635,0,12,644,0,E1A1858B1901C1925X,TE1A1B1C1D000X,1,1,1,1,2.0,2.0,2.0,1.0,0.0,0.0
4.376,0,11,642,0,E1A1862B1903C1925X,TE1A1B1C1D000X,1,1,1,1,2.0,2.0,2.0,1.0,0.0,0.0
4.38863,0,11,641,0,E1A1865B1905C1925X,TE1A1B1C1D000X,1,1,1,1,2.0,2.0,2.0,1.0,0.0,0.0
4.40105,0,10,642,0,E1A1868B1906C1925X,TE1A1B1C1D000X,1,1,1,1,2.0,2.0,2.0,1.0,0.0,0.0
4.4138,0,10,642,0,E1A1870B1907C1925X,TE1A1B1C1D000X,1,1,1,1,2.0,2.0,2.0,1.0,0.0,0.0
4.42741,0,9,642,0,E1A1874B1906C1925X,TE1A1B1C1D000X,1,1,1,1,2.0,2.0,2.0,1.0,0.0,0.0
4.44097,0,9,641,0,E1A1877B1906C1925X,TE1A1B1C1D000X,1,1,1,1,2.0,2.0,2.0,1.0,0.0,0.0
4.45472,0,9,641,0,E1A1880B1905C1925X,TE1A1B1C1D000X,1,1,1,1,2.0,2.0,2.0,1.0,0.0,0.0
4.46697,0,9,641,0,E1A1883B1905C1925X,TE1A1B1C1D000X,1,1,1,1,2.0,2.0,2.0,1.0,0.0,0.0
4.47968,0,9,641,0,E1A1885B1904C1925X,TE1A1B1C1D000X,1,1,1,1,2.0,2.0,2.0,1.0,0.0,0.0
4.49177,0,8,640,0,E1A1886B1904C1925X,TE1A1B1C1D000X,1,1,1,1,2.0,2.0,2.0,1.0,0.0,0.0
4.50441,0,8,639,0,E1A1887B1904C1925X,TE1A1B1C1D000X,1,1,1,1,2.0,2.0,2.0,1.0,0.0,0.0
4.51708,0,8,639,0,E1A1888B1903C1925X,TE1A1B1C1D000X,1,1,1,1,2.0,2.0,2.0,1.0,0.0,0.0
4.52998,0,8,640,0,E1A1888B1903C1925X,TE1A1B1C1D000X,1,1,1,1,2.0,2.0,2.0,1.0,0.0,0.0
4.54244,0,8,640,0,E1A1889B1902C1925X,TE1A1B1C1D000X,1,1,1,1,2.0,2.0,2.0,1.0,0.0,0.0
4.55485,-1,8,641,0,E1A1889B1902C1925X,TE1A1B1C1D000X,1,1,1,1,2.0,2.0,2.0,1.0,0.0,0.0
4.56744,-1,8,641,0,E1A1889B1901C1925X,TE1A1B1C1D000X,1,1,1,1,2.0,2.0,2.0,1.0,0.0,0.0
4.58003,-1,8,644,0,E1A1889B1901C1925X,TE1A1B1C1D000X,1,1,1,1,2.0,2.0,2.0,1.0,0.0,0.0
4.59244,-1,9,645,0,E1A1889B1900C1925X,TE1A1B1C1D000X,1,1,1,1,2.0,2.0,2.0,1.0,0.0,0.0
4.60502,-1,9,646,0,E1A1889B1899C1925X,TE1A1B1C1D000X,1,1,1,1,2.0,2.0,2.0,1.0,0.0,0.0
4.61705,-1,9,646,0,E1A1889B1898C1925X,TE1A1B1C1D000X,1,1,1,1,2.0,2.0,2.0,1.0,0.0,0.0
4.6297,-1,9,647,0,E1A1890B1897C1925X,TE1A1B1C1D000X,1,1,1,1,2.0,2.0,2.0,1.0,0.0,0.0
4.64232,-1,9,647,0,E1A1890B1896C1925X,TE1A1B1C1D000X,1,1,1,1,2.0,2.0,2.0,1.0,0.0,0.0
4.65475,-1,9,647,0,E1A1890B1895C1925X,TE1A1B1C1D000X,1,1,1,1,2.0,2.0,2.0,1.0,0.0,0.0
4.6669,-1,9,649,0,E1A1890B1895C1925X,TE1A1B1C1D000X,1,1,1,1,2.0,2.0,2.0,1.0,0.0,0.0
4.6795,-1,9,651,0,E1A1890B1894C1925X,TE1A1B1C1D000X,1,1,1,1,2.0,2.0,2.0,1.0,0.0,0.0
4.69189,-1,9,649,0,E1A1890B1894C1925X,TE1A1B1C1D000X,1,1,1,1,2.0,2.0,2.0,1.0,0.0,0.0
4.70465,-1,9,649,0,E1A1890B1894C1925X,TE1A1B1C1D000X,1,1,1,1,2.0,2.0,2.0,1.0,0.0,0.0
4.71728,-1,9,652,0,E1A1891B1894C1925X,TE1A1B1C1D000X,1,1,1,1,2.0,2.0,2.0,1.0,0.0,0.0
4.73341,-1,9,649,0,E1A1891B1894C1925X,TE1A1B1C1D000X,1,1,1,1,2.0,2.0,2.0,1.0,0.0,0.0
4.7573,-1,9,646,0,E1A1891B1895C1925X,TE1A1B1C1D000X,1,1,1,1,2.0,2.0,2.0,1.0,0.0,0.0
4.76971,-1,9,644,0,E1A1891B1896C1925X,TE1A1B1C1D000X,1,1,1,1,2.0,2.0,2.0,1.0,0.0,0.0
4.78223,-1,8,642,0,E1A1891B1897C1925X,TE1A1B1C1D000X,1,1,1,1,2.0,2.0,2.0,1.0,0.0,0.0
4.79469,-1,9,641,0,E1A1891B1897C1925X,TE1A1B1C1D000X,1,1,1,1,2.0,2.0,2.0,1.0,0.0,0.0
4.80717,-1,9,644,0,E1A1891B1898C1925X,TE1A1B1C1D000X,1,1,1,1,2.0,2.0,2.0,1.0,0.0,0.0
4.81916,-1,9,644,0,E1A1890B1897C1925X,TE1A1B1C1D000X,1,1,1,1,2.0,2.0,2.0,1.0,0.0,0.0
4.8319,-1,9,644,0,E1A1889B1897C1925X,TE1A1B1C1D000X,1,1,1,1,2.0,2.0,2.0,1.0,0.0,0.0
4.85741,-1,9,646,0,E1A1888B1897C1925X,TE1A1B1C1D000X,1,1,1,1,2.0,2.0,2.0,1.0,0.0,0.0
4.87021,-1,9,647,0,E1A1887B1897C1925X,TE1A1B1C1D000X,1,1,1,1,2.0,2.0,2.0,1.0,0.0,0.0
4.88265,-1,9,647,0,E1A1887B1897C1925X,TE1A1B1C1D000X,1,1,1,1,2.0,2.0,2.0,1.0,0.0,0.0
4.89548,-1,9,647,0,E1A1886B1897C1925X,TE1A1B1C1D000X,1,1,1,1,2.0,2.0,2.0,1.0,0.0,0.0
4.90828,0,9,647,0,E1A1885B1897C1925X,TE1A1B1C1D000X,1,1,1,1,2.0,2.0,2.0,1.0,0.0,0.0
4.92137,0,9,647,0,E1A1885B1897C1925X,TE1A1B1C1D000X,1,1,1,1,2.0,2.0,2.0,1.0,0.0,0.0
4.93402,0,9,647,0,E1A1884B1897C1925X,TE1A1B1C1D000X,1,1,1,1,2.0,2.0,2.0,1.0,0.0,0.0
4.94666,0,10,647,0,E1A1883B1898C1925X,TE1A1B1C1D000X,1,1,1,1,2.0,2.0,2.0,1.0,0.0,0.0
4.96249,0,10,646,0,E1A1882B1898C1925X,TE1A1B1C1D000X,1,1,1,1,2.0,2.0,2.0,1.0,0.0,0.0
4.98181,0,9,647,0,E1A1882B1899C1925X,TE1A1B1C1D000X,1,1,1,1,2.0,2.0,2.0,1.0,0.0,0.0
5.00572,0,9,646,0,E1A1882B1899C1925X,TE1A1B1C1D000X,1,1,1,1,2.0,2.0,2.0,1.0,0.0,0.0
5.02981,0,9,646,0,E1A1883B1900C1925X,TE1A1B1C1D000X,1,1,1,1,2.0,2.0,2.0,1.0,0.0,0.0
5.04262,0,9,645,0,E1A1884B1901C1925X,TE1A1B1C1D000X,1,1,1,1,2.0,2.0,2.0,1.0,0.0,0.0
5.05552,0,9,644,0,E1A1885B1902C1925X,TE1A1B1C1D000X,1,1,1,1,2.0,2.0,2.0,1.0,0.0,0.0
5.07356,0,9,646,0,E1A1885B1903C1925X,TE1A1B1C1D000X,1,1,1,1,2.0,2.0,2.0,1.0,0.0,0.0
5.08634,0,9,645,0,E1A1886B1903C1925X,TE1A1B1C1D000X,1,1,1,1,2.0,2.0,2.0,1.0,0.0,0.0
5.09885,0,8,643,0,E1A1887B1904C1925X,TE1A1B1C1D000X,1,1,1,1,2.0,2.0,2.0,1.0,0.0,0.0
5.11164,0,8,640,0,E1A1887B1904C1925X,TE1A1B1C1D000X,1,1,1,1,2.0,2.0,2.0,1.0,0.0,0.0
5.12422,0,8,641,0,E1A1887B1904C1925X,TE1A1B1C1D000X,1,1,1,1,2.0,2.0,2.0,1.0,0.0,0.0
5.14364,0,8,644,0,E1A1886B1904C1925X,TE1A1B1C1D000X,1,1,1,1,2.0,2.0,2.0,1.0,0.0,0.0
5.15629,0,9,644,0,E1A1885B1905C1925X,TE1A1B1C1D000X,1,1,1,1,2.0,2.0,2.0,1.0,0.0,0.0
5.16926,0,9,644,0,E1A1883B1905C1925X,TE1A1B1C1D000X,1,1,1,1,2.0,2.0,2.0,1.0,0.0,0.0
5.18205,0,9,646,0,E1A1881B1905C1925X,TE1A1B1C1D000X,1,1,1,1,2.0,2.0,2.0,1.0,0.0,0.0
5.19483,0,9,649,0,E1A1880B1905C1925X,TE1A1B1C1D000X,1,1,1,1,2.0,2.0,2.0,1.0,0.0,0.0
5.20715,0,9,648,0,E1A1878B1905C1925X,TE1A1B1C1D000X,1,1,1,1,2.0,2.0,2.0,1.0,0.0,0.0
5.21893,0,9,648,0,E1A1878B1905C1925X,TE1A1B1C1D000X,1,1,1,1,2.0,2.0,2.0,1.0,0.0,0.0
5.23334,0,10,648,0,E1A1875B1905C1925X,TE1A1B1C1D000X,1,1,1,1,2.0,2.0,2.0,1.0,0.0,0.0
5.24609,1,10,648,0,E1A1872B1904C1925X,TE1A1B1C1D000X,1,1,1,1,2.0,2.0,2.0,1.0,0.0,0.0
5.25863,1,10,647,0,E1A1869B1904C1925X,TE1A1B1C1D000X,1,1,1,1,2.0,2.0,2.0,1.0,0.0,0.0
5.27137,1,10,645,0,E1A1867B1904C1925X,TE1A1B1C1D000X,1,1,1,1,2.0,2.0,2.0,1.0,0.0,0.0
5.2838,1,10,643,0,E1A1865B1903C1925X,TE1A1B1C1D000X,1,1,1,1,2.0,2.0,2.0,1.0,0.0,0.0
5.29668,1,11,640,0,E1A1863B1903C1925X,TE1A1B1C1D000X,1,1,1,1,2.0,2.0,2.0,1.0,0.0,0.0
5.30935,2,11,638,0,E1A1862B1903C1925X,TE1A1B1C1D000X,1,1,1,1,2.0,2.0,2.0,1.0,0.0,0.0
5.32212,2,11,638,0,E1A1861B1902C1925X,TE1A1B1C1D000X,1,1,1,1,2.0,2.0,2.0,1.0,0.0,0.0
5.33453,2,11,638,0,E1A1860B1902C1925X,TE1A1B1C1D000X,1,1,1,1,2.0,2.0,2.0,1.0,0.0,0.0
5.34724,2,11,639,0,E1A1860B1902C1925X,TE1A1B1C1D000X,1,1,1,1,2.0,2.0,2.0,1.0,0.0,0.0
5.35955,1,11,639,0,E1A1861B1901C1925X,TE1A1B1C1D000X,1,1,1,1,2.0,2.0,2.0,1.0,0.0,0.0
5.37223,1,11,642,0,E1A1862B1901C1925X,TE1A1B1C1D000X,1,1,1,1,2.0,2.0,2.0,1.0,0.0,0.0
5.38486,1,10,643,0,E1A1863B1901C1925X,TE1A1B1C1D000X,1,1,1,1,2.0,2.0,2.0,1.0,0.0,0.0
5.39733,1,10,643,0,E1A1863B1901C1925X,TE1A1B1C1D000X,1,1,1,1,2.0,2.0,2.0,1.0,0.0,0.0
5.41008,1,10,643,0,E1A1865B1902C1925X,TE1A1B1C1D000X,1,1,1,1,2.0,2.0,2.0,1.0,0.0,0.0
5.4225,1,10,641,0,E1A1866B1903C1925X,TE1A1B1C1D000X,1,1,1,1,2.0,2.0,2.0,1.0,0.0,0.0
5.43538,1,10,641,0,E1A1868B1904C1925X,TE1A1B1C1D000X,1,1,1,1,2.0,2.0,2.0,1.0,0.0,0.0
5.44828,1,9,639,0,E1A1870B1906C1925X,TE1A1B1C1D000X,1,1,1,1,2.0,2.0,2.0,1.0,0.0,0.0
5.46101,1,9,637,0,E1A1873B1907C1925X,TE1A1B1C1D000X,1,1,1,1,2.0,2.0,2.0,1.0,0.0,0.0
5.47379,1,8,638,0,E1A1875B1910C1925X,TE1A1B1C1D000X,1,1,1,1,2.0,2.0,2.0,1.0,0.0,0.0
5.48573,1,8,638,0,E1A1875B1910C1925X,TE1A1B1C1D000X,1,1,1,1,2.0,2.0,2.0,1.0,0.0,0.0
5.49835,1,8,636,0,E1A1876B1912C1925X,TE1A1B1C1D000X,1,1,1,1,2.0,2.0,2.0,1.0,0.0,0.0
5.51086,1,8,635,0,E1A1877B1913C1925X,TE1A1B1C1D000X,1,1,1,1,2.0,2.0,2.0,1.0,0.0,0.0
5.52344,1,8,633,0,E1A1877B1915C1925X,TE1A1B1C1D000X,1,1,1,1,2.0,2.0,2.0,1.0,0.0,0.0
5.53571,1,8,632,0,E1A1877B1916C1925X,TE1A1B1C1D000X,1,1,1,1,2.0,2.0,2.0,1.0,0.0,0.0
5.54843,1,7,633,0,E1A1877B1918C1925X,TE1A1B1C1D000X,1,1,1,1,2.0,2.0,2.0,1.0,0.0,0.0
5.56734,2,7,634,0,E1A1877B1919C1925X,TE1A1B1C1D000X,1,1,1,1,2.0,2.0,2.0,1.0,0.0,0.0
5.58367,2,7,638,0,E1A1877B1919C1925X,TE1A1B1C1D000X,1,1,1,1,2.0,2.0,2.0,1.0,0.0,0.0
5.59661,2,7,638,0,E1A1877B1920C1925X,TE1A1B1C1D000X,1,1,1,1,2.0,2.0,2.0,1.0,0.0,0.0
5.60929,2,7,636,0,E1A1876B1920C1925X,TE1A1B1C1D000X,1,1,1,1,2.0,2.0,2.0,1.0,0.0,0.0
5.6215,2,7,636,0,E1A1876B1920C1925X,TE1A1B1C1D000X,1,1,1,1,2.0,2.0,2.0,1.0,0.0,0.0
5.63535,2,7,637,0,E1A1876B1921C1925X,TE1A1B1C1D000X,1,1,1,1,2.0,2.0,2.0,1.0,0.0,0.0
5.64813,2,7,636,0,E1A1876B1921C1925X,TE1A1B1C1D000X,1,1,1,1,2.0,2.0,2.0,1.0,0.0,0.0
5.66325,2,7,635,0,E1A1876B1922C1925X,TE1A1B1C1D000X,1,1,1,1,2.0,2.0,2.0,1.0,0.0,0.0
5.67581,2,7,634,0,E1A1876B1922C1925X,TE1A1B1C1D000X,1,1,1,1,2.0,2.0,2.0,1.0,0.0,0.0
5.68811,2,7,634,0,E1A1877B1923C1925X,TE1A1B1C1D000X,1,1,1,1,2.0,2.0,2.0,1.0,0.0,0.0
5.70081,2,7,635,0,E1A1879B1923C1925X,TE1A1B1C1D000X,1,1,1,1,2.0,2.0,2.0,1.0,0.0,0.0
5.71328,2,6,634,0,E1A1880B1923C1925X,TE1A1B1C1D000X,1,1,1,1,2.0,2.0,2.0,1.0,0.0,0.0
5.7257,2,6,633,0,E1A1882B1924C1925X,TE1A1B1C1D000X,1,1,1,1,2.0,2.0,2.0,1.0,0.0,0.0
5.73815,2,6,634,0,E1A1883B1924C1925X,TE1A1B1C1D000X,1,1,1,1,2.0,2.0,2.0,1.0,0.0,0.0
5.75047,2,6,636,0,E1A1884B1925C1925X,TE1A1B1C1D000X,1,1,1,1,2.0,2.0,2.0,1.0,0.0,0.0
5.76324,1,6,639,0,E1A1886B1925C1925X,TE1A1B1C1D000X,1,1,1,1,2.0,2.0,2.0,1.0,0.0,0.0
5.77603,1,6,642,0,E1A1887B1926C1925X,TE1A1B1C1D000X,1,1,1,1,2.0,2.0,2.0,1.0,0.0,0.0
5.78867,1,6,643,0,E1A1888B1926C1925X,TE1A1B1C1D000X,1,1,1,1,2.0,2.0,2.0,1.0,0.0,0.0
5.80087,1,6,641,0,E1A1888B1926C1925X,TE1A1B1C1D000X,1,1,1,1,2.0,2.0,2.0,1.0,0.0,0.0
5.81378,1,6,641,0,E1A1888B1926C1925X,TE1A1B1C1D000X,1,1,1,1,2.0,2.0,2.0,1.0,0.0,0.0
5.82598,1,6,640,0,E1A1889B1926C1925X,TE1A1B1C1D000X,1,1,1,1,2.0,2.0,2.0,1.0,0.0,0.0
5.85335,1,6,640,0,E1A1889B1926C1925X,TE1A1B1C1D000X,1,1,1,1,2.0,2.0,2.0,1.0,0.0,0.0
5.86571,1,6,640,0,E1A1889B1926C1925X,TE1A1B1C1D000X,1,1,1,1,2.0,2.0,2.0,1.0,0.0,0.0
5.87828,1,6,638,0,E1A1888B1925C1925X,TE1A1B1C1D000X,1,1,1,1,2.0,2.0,2.0,1.0,0.0,0.0
5.89107,1,6,637,0,E1A1887B1925C1925X,TE1A1B1C1D000X,1,1,1,1,2.0,2.0,2.0,1.0,0.0,0.0
5.90353,1,6,638,0,E1A1886B1924C1925X,TE1A1B1C1D000X,1,1,1,1,2.0,2.0,2.0,1.0,0.0,0.0
5.91608,1,6,638,0,E1A1886B1924C1925X,TE1A1B1C1D000X,1,1,1,1,2.0,2.0,2.0,1.0,0.0,0.0
5.9286,1,6,638,0,E1A1884B1923C1925X,TE1A1B1C1D000X,1,1,1,1,2.0,2.0,2.0,1.0,0.0,0.0
5.94109,1,6,639,0,E1A1883B1923C1925X,TE1A1B1C1D000X,1,1,1,1,2.0,2.0,2.0,1.0,0.0,0.0
5.95337,2,7,639,0,E1A1882B1922C1925X,TE1A1B1C1D000X,1,1,1,1,2.0,2.0,2.0,1.0,0.0,0.0
5.96618,1,7,638,0,E1A1881B1921C1925X,TE1A1B1C1D000X,1,1,1,1,2.0,2.0,2.0,1.0,0.0,0.0
5.98968,1,7,639,0,E1A1881B1921C1925X,TE1A1B1C1D000X,1,1,1,1,2.0,2.0,2.0,1.0,0.0,0.0
6.00217,1,7,637,0,E1A1882B1920C1925X,TE1A1B1C1D000X,1,1,1,1,2.0,2.0,2.0,1.0,0.0,0.0
6.01643,1,7,641,0,E1A1882B1920C1925X,TE1A1B1C1D000X,1,1,1,1,2.0,2.0,2.0,1.0,0.0,0.0
6.02907,1,7,641,0,E1A1883B1920C1925X,TE1A1B1C1D000X,1,1,1,1,2.0,2.0,2.0,1.0,0.0,0.0
6.04139,1,7,640,0,E1A1884B1920C1925X,TE1A1B1C1D000X,1,1,1,1,2.0,2.0,2.0,1.0,0.0,0.0
6.05519,1,7,638,0,E1A1884B1920C1925X,TE1A1B1C1D000X,1,1,1,1,2.0,2.0,2.0,1.0,0.0,0.0
6.06748,1,7,641,0,E1A1885B1921C1925X,TE1A1B1C1D000X,1,1,1,1,2.0,2.0,2.0,1.0,0.0,0.0
6.08015,1,6,641,0,E1A1886B1921C1925X,TE1A1B1C1D000X,1,1,1,1,2.0,2.0,2.0,1.0,0.0,0.0
6.09237,1,6,640,0,E1A1887B1922C1925X,TE1A1B1C1D000X,1,1,1,1,2.0,2.0,2.0,1.0,0.0,0.0
6.1049,1,6,638,0,E1A1888B1923C1925X,TE1A1B1C1D000X,1,1,1,1,2.0,2.0,2.0,1.0,0.0,0.0
6.11748,1,6,639,0,E1A1890B1923C1925X,TE1A1B1C1D000X,1,1,1,1,2.0,2.0,2.0,1.0,0.0,0.0
6.12985,1,6,637,0,E1A1891B1924C1925X,TE1A1B1C1D000X,1,1,1,1,2.0,2.0,2.0,1.0,0.0,0.0
6.14227,1,5,636,0,E1A1892B1924C1925X,TE1A1B1C1D000X,1,1,1,1,2.0,2.0,2.0,1.0,0.0,0.0
6.15566,1,5,635,0,E1A1892B1925C1925X,TE1A1B1C1D000X,1,1,1,1,2.0,2.0,2.0,1.0,0.0,0.0
6.16846,1,5,634,0,E1A1893B1925C1925X,TE1A1B1C1D000X,1,1,1,1,2.0,2.0,2.0,1.0,0.0,0.0
6.18112,1,5,634,0,E1A1893B1925C1925X,TE1A1B1C1D000X,1,1,1,1,2.0,2.0,2.0,1.0,0.0,0.0
6.19366,1,5,633,0,E1A1893B1925C1925X,TE1A1B1C1D000X,1,1,1,1,2.0,2.0,2.0,1.0,0.0,0.0
6.20607,1,5,634,0,E1A1892B1925C1925X,TE1A1B1C1D000X,1,1,1,1,2.0,2.0,2.0,1.0,0.0,0.0
6.21786,1,5,634,0,E1A1892B1925C1925X,TE1A1B1C1D000X,1,1,1,1,2.0,2.0,2.0,1.0,0.0,0.0
6.23066,1,5,635,0,E1A1891B1924C1925X,TE1A1B1C1D000X,1,1,1,1,2.0,2.0,2.0,1.0,0.0,0.0
6.24326,1,6,634,0,E1A1890B1924C1925X,TE1A1B1C1D000X,1,1,1,1,2.0,2.0,2.0,1.0,0.0,0.0
6.25566,1,6,633,0,E1A1888B1923C1925X,TE1A1B1C1D000X,1,1,1,1,2.0,2.0,2.0,1.0,0.0,0.0
6.26773,1,6,632,0,E1A1887B1923C1925X,TE1A1B1C1D000X,1,1,1,1,2.0,2.0,2.0,1.0,0.0,0.0
6.28038,1,6,633,0,E1A1885B1923C1925X,TE1A1B1C1D000X,1,1,1,1,2.0,2.0,2.0,1.0,0.0,0.0
6.2925,1,6,634,0,E1A1884B1923C1925X,TE1A1B1C1D000X,1,1,1,1,2.0,2.0,2.0,1.0,0.0,0.0
6.30526,1,6,638,0,E1A1883B1923C1925X,TE1A1B1C1D000X,1,1,1,1,2.0,2.0,2.0,1.0,0.0,0.0
6.31798,2,6,637,0,E1A1883B1924C1925X,TE1A1B1C1D000X,1,1,1,1,2.0,2.0,2.0,1.0,0.0,0.0
6.33037,2,6,637,0,E1A1883B1924C1925X,TE1A1B1C1D000X,1,1,1,1,2.0,2.0,2.0,1.0,0.0,0.0
6.34285,2,6,637,0,E1A1883B1924C1925X,TE1A1B1C1D000X,1,1,1,1,2.0,2.0,2.0,1.0,0.0,0.0
6.35505,2,6,636,0,E1A1883B1925C1925X,TE1A1B1C1D000X,1,1,1,1,2.0,2.0,2.0,1.0,0.0,0.0
6.36752,2,6,635,0,E1A1883B1925C1925X,TE1A1B1C1D000X,1,1,1,1,2.0,2.0,2.0,1.0,0.0,0.0
6.38003,2,6,636,0,E1A1884B1926C1925X,TE1A1B1C1D000X,1,1,1,1,2.0,2.0,2.0,1.0,0.0,0.0
6.39269,2,6,637,0,E1A1885B1927C1925X,TE1A1B1C1D000X,1,1,1,1,2.0,2.0,2.0,1.0,0.0,0.0
6.40524,2,5,636,0,E1A1886B1928C1925X,TE1A1B1C1D000X,1,1,1,1,2.0,2.0,2.0,1.0,0.0,0.0
6.4172,2,5,635,0,E1A1888B1928C1925X,TE1A1B1C1D000X,1,1,1,1,2.0,2.0,2.0,1.0,0.0,0.0
6.42995,1,5,634,0,E1A1889B1929C1925X,TE1A1B1C1D000X,1,1,1,1,2.0,2.0,2.0,1.0,0.0,0.0
6.44232,1,5,634,0,E1A1889B1929C1925X,TE1A1B1C1D000X,1,1,1,1,2.0,2.0,2.0,1.0,0.0,0.0
6.45465,1,5,634,0,E1A1889B1929C1925X,TE1A1B1C1D000X,1,1,1,1,2.0,2.0,2.0,1.0,0.0,0.0
6.46656,1,5,634,0,E1A1889B1929C1925X,TE1A1B1C1D000X,1,1,1,1,2.0,2.0,2.0,1.0,0.0,0.0
6.47901,1,5,634,0,E1A1889B1929C1925X,TE1A1B1C1D000X,1,1,1,1,2.0,2.0,2.0,1.0,0.0,0.0
6.49089,1,5,634,0,E1A1889B1929C1925X,TE1A1B1C1D000X,1,1,1,1,2.0,2.0,2.0,1.0,0.0,0.0
6.50341,1,5,634,0,E1A1889B1929C1925X,TE1A1B1C1D000X,1,1,1,1,2.0,2.0,2.0,1.0,0.0,0.0
6.51591,1,5,634,0,E1A1889B1929C1925X,TE1A1B1C1D000X,1,1,1,1,2.0,2.0,2.0,1.0,0.0,0.0
6.52847,1,5,635,0,E1A1891B1930C1925X,TE1A1B1C1D000X,1,1,1,1,2.0,2.0,2.0,1.0,0.0,0.0
6.5413,1,5,636,0,E1A1891B1931C1925X,TE1A1B1C1D000X,1,1,1,1,2.0,2.0,2.0,1.0,0.0,0.0
6.5551,2,4,635,0,E1A1891B1932C1925X,TE1A1B1C1D000X,1,1,1,1,2.0,2.0,2.0,1.0,0.0,0.0
6.56966,2,4,634,0,E1A1891B1933C1925X,TE1A1B1C1D000X,1,1,1,1,2.0,2.0,2.0,1.0,0.0,0.0
6.5855,2,4,637,0,E1A1891B1933C1925X,TE1A1B1C1D000X,1,1,1,1,2.0,2.0,2.0,1.0,0.0,0.0
6.59806,2,4,637,0,E1A1891B1933C1925X,TE1A1B1C1D000X,1,1,1,1,2.0,2.0,2.0,1.0,0.0,0.0
6.6103,2,4,637,0,E1A1891B1933C1925X,TE1A1B1C1D000X,1,1,1,1,2.0,2.0,2.0,1.0,0.0,0.0
6.62234,2,4,637,0,E1A1891B1933C1925X,TE1A1B1C1D000X,1,1,1,1,2.0,2.0,2.0,1.0,0.0,0.0
6.63516,2,4,638,0,E1A1891B1933C1925X,TE1A1B1C1D000X,1,1,1,1,2.0,2.0,2.0,1.0,0.0,0.0
6.64755,2,4,638,0,E1A1891B1933C1925X,TE1A1B1C1D000X,1,1,1,1,2.0,2.0,2.0,1.0,0.0,0.0
6.66023,2,4,639,0,E1A1891B1933C1925X,TE1A1B1C1D000X,1,1,1,1,2.0,2.0,2.0,1.0,0.0,0.0
6.67258,2,4,639,0,E1A1891B1933C1925X,TE1A1B1C1D000X,1,1,1,1,2.0,2.0,2.0,1.0,0.0,0.0
6.68422,2,4,639,0,E1A1891B1933C1925X,TE1A1B1C1D000X,1,1,1,1,2.0,2.0,2.0,1.0,0.0,0.0
6.69731,2,4,638,0,E1A1891B1934C1925X,TE1A1B1C1D000X,1,1,1,1,2.0,2.0,2.0,1.0,0.0,0.0
6.70994,2,4,638,0,E1A1891B1934C1925X,TE1A1B1C1D000X,1,1,1,1,2.0,2.0,2.0,1.0,0.0,0.0
6.72226,2,4,638,0,E1A1891B1934C1925X,TE1A1B1C1D000X,1,1,1,1,2.0,2.0,2.0,1.0,0.0,0.0
6.73447,2,4,637,0,E1A1892B1935C1925X,TE1A1B1C1D000X,1,1,1,1,2.0,2.0,2.0,1.0,0.0,0.0
6.74723,2,4,636,0,E1A1892B1936C1925X,TE1A1B0C1D000X,1,1,1,1,2.0,2.0,2.0,1.0,0.0,0.0
6.76519,2,3,639,0,E1A1893B1938C1925X,TE1A1B0C1D000X,1,1,1,1,2.0,2.0,2.0,1.0,0.0,0.0
6.78053,2,3,640,0,E1A1893B1939C1925X,TE1A1B0C1D000X,1,1,1,1,2.0,2.0,2.0,1.0,0.0,0.0
6.79321,2,3,639,0,E1A1894B1940C1925X,TE1A1B0C1D000X,1,1,1,1,2.0,2.0,2.0,1.0,0.0,0.0
6.806,2,3,637,0,E1A1895B1941C1925X,TE1A1B0C1D000X,1,1,1,1,2.0,2.0,2.0,1.0,0.0,0.0
6.81862,2,2,636,0,E1A1895B1942C1925X,TE1A1B0C1D000X,1,1,1,1,2.0,2.0,2.0,1.0,0.0,0.0
6.83126,2,2,637,0,E1A1896B1943C1925X,TE1A1B0C1D000X,1,1,1,1,2.0,2.0,2.0,1.0,0.0,0.0
6.84399,2,2,640,0,E1A1896B1944C1925X,TE1A1B0C1D000X,1,1,1,1,2.0,2.0,2.0,1.0,0.0,0.0
6.85676,2,2,643,0,E1A1897B1944C1925X,TE1A1B0C1D000X,1,1,1,1,2.0,2.0,2.0,1.0,0.0,0.0
6.86878,2,2,643,0,E1A1897B1945C1925X,TE1A1B0C1D000X,1,1,1,1,2.0,2.0,2.0,1.0,0.0,0.0
6.88127,2,1,644,0,E1A1897B1946C1925X,TE1A1B0C1D000X,1,1,1,1,2.0,2.0,2.0,1.0,0.0,0.0
6.89441,2,1,644,0,E1A1897B1946C1925X,TE1A1B0C1D000X,1,1,1,1,2.0,2.0,2.0,1.0,0.0,0.0
6.90771,2,1,644,0,E1A1898B1946C1925X,TE1A1B0C1D000X,1,1,1,1,2.0,2.0,2.0,1.0,0.0,0.0
6.91971,2,1,644,0,E1A1898B1946C1925X,TE1A1B0C1D000X,1,1,1,1,2.0,2.0,2.0,1.0,0.0,0.0
6.93258,2,1,644,0,E1A1899B1946C1925X,TE1A1B0C1D000X,1,1,1,1,2.0,2.0,2.0,1.0,0.0,0.0
6.94506,2,1,644,0,E1A1899B1946C1924X,TE1A1B0C1D000X,1,1,1,1,2.0,2.0,2.0,1.0,0.0,0.0
6.95733,2,1,644,0,E1A1899B1946C1924X,TE1A1B0C1D000X,1,1,1,1,2.0,2.0,2.0,1.0,0.0,0.0
6.97041,2,1,644,0,E1A1899B1946C1924X,TE1A1B0C1D000X,1,1,1,1,2.0,2.0,2.0,1.0,0.0,0.0
6.98296,2,1,642,0,E1A1898B1946C1924X,TE1A1B0C1D000X,1,1,1,1,2.0,2.0,2.0,1.0,0.0,0.0
6.99709,3,1,640,0,E1A1897B1946C1924X,TE1A1B0C1D000X,1,1,1,1,2.0,2.0,2.0,1.0,0.0,0.0
7.00975,3,1,639,0,E1A1896B1946C1923X,TE1A1B0C1D000X,1,1,1,1,2.0,2.0,2.0,1.0,0.0,0.0
7.02175,3,1,637,0,E1A1896B1946C1923X,TE1A1B0C1D000X,1,1,1,1,2.0,2.0,2.0,1.0,0.0,0.0
7.0344,3,1,636,0,E1A1895B1946C1923X,TE1A1B0C1D000X,1,1,1,1,2.0,2.0,2.0,1.0,0.0,0.0
7.04718,3,1,635,0,E1A1894B1946C1923X,TE1A1B0C1D000X,1,1,1,1,2.0,2.0,2.0,1.0,0.0,0.0
7.05985,3,1,633,0,E1A1894B1946C1923X,TE1A1B0C1D000X,1,1,1,1,2.0,2.0,2.0,1.0,0.0,0.0
7.07249,3,1,632,0,E1A1893B1946C1923X,TE1A1B0C1D000X,1,1,1,1,2.0,2.0,2.0,1.0,0.0,0.0
7.08474,3,1,631,0,E1A1892B1946C1923X,TE1A1B0C1D000X,1,1,1,1,2.0,2.0,2.0,1.0,0.0,0.0
7.09739,3,1,631,0,E1A1892B1946C1923X,TE1A1B0C1D000X,1,1,1,1,2.0,2.0,2.0,1.0,0.0,0.0
7.11001,3,1,630,0,E1A1891B1946C1923X,TE1A1B0C1D000X,1,1,1,1,2.0,2.0,2.0,1.0,0.0,0.0
7.1226,3,1,630,0,E1A1891B1946C1923X,TE1A1B0C1D000X,1,1,1,1,2.0,2.0,2.0,1.0,0.0,0.0
7.13504,3,1,631,0,E1A1890B1946C1924X,TE1A1B0C1D000X,1,1,1,1,2.0,2.0,2.0,1.0,0.0,0.0
7.14755,3,1,631,0,E1A1890B1946C1924X,TE1A1B0C1D000X,1,1,1,1,2.0,2.0,2.0,1.0,0.0,0.0
7.15974,3,2,632,0,E1A1889B1946C1924X,TE1A1B0C1D000X,1,1,1,1,2.0,2.0,2.0,1.0,0.0,0.0
7.17332,3,2,632,0,E1A1889B1946C1924X,TE1A1B0C1D000X,1,1,1,1,2.0,2.0,2.0,1.0,0.0,0.0
7.18625,3,2,633,0,E1A1888B1946C1925X,TE1A1B0C1D000X,1,1,1,1,2.0,2.0,2.0,1.0,0.0,0.0
7.19889,3,2,633,1,E1A1888B1946C1925X,TE1A1B0C1D000X,1,1,1,1,2.0,2.0,2.0,1.0,0.0,0.0
