timestamp,errXmm,errYmm,errZmm,TouchDetected,OutgoingPacket,IncomingPacket,Serial0Enabled,Serial0Open,Serial1Enabled,Serial1Open,kpx,kpy,kix,kiy,kdx,kdy
0.00128821,-15,-2,368,0,E1A1917B1789C1660X,TE1A1B2C3D000X,1,1,1,1,1.4,1.4,1.0,1.0,0.0,0.0
0.0127078,-15,-2,368,0,E1A1917B1790C1661X,TE1A1B1C2D000X,1,1,1,1,1.4,1.4,1.0,1.0,0.0,0.0
0.0270591,-15,-2,368,0,E1A1917B1789C1660X,TE1A1B1C2D000X,1,1,1,1,1.4,1.4,1.0,1.0,0.0,0.0
0.0394353,-15,-2,370,0,E1A1917B1788C1659X,TE1A1B1C2D000X,1,1,1,1,1.4,1.4,1.0,1.0,0.0,0.0
0.051193,-15,-2,369,0,E1A1917B1788C1659X,TE1A1B1C2D000X,1,1,1,1,1.4,1.4,1.0,1.0,0.0,0.0
0.0625313,-15,-2,369,0,E1A1917B1788C1659X,TE1A1B1C2D000X,1,1,1,1,1.4,1.4,1.0,1.0,0.0,0.0
0.0737598,-15,-2,369,0,E1A1917B1788C1659X,TE1A1B1C2D000X,1,1,1,1,1.4,1.4,1.0,1.0,0.0,0.0
0.0855016,-15,-2,369,0,E1A1917B1789C1658X,TE1A1B1C2D000X,1,1,1,1,1.4,1.4,1.0,1.0,0.0,0.0
0.0967412,157,-43,365,0,E1A0950B1789C1058X,TE1A1B1C2D000X,1,1,1,1,1.4,1.4,1.0,1.0,0.0,0.0
0.109954,157,-43,366,0,E1A0950B1789C1059X,TE1A1B1C2D000X,1,1,1,1,1.4,1.4,1.0,1.0,0.0,0.0
0.127621,154,-43,359,0,E1A0944B1789C1053X,TE1A5B1C4D000X,1,1,1,1,1.4,1.4,1.0,1.0,0.0,0.0
0.140724,156,-41,358,0,E1A0921B1789C1054X,TE1A5B1C4D000X,1,1,1,1,1.4,1.4,1.0,1.0,0.0,0.0
0.152667,159,-40,359,0,E1A0895B1789C1053X,TE1A5B1C4D000X,1,1,1,1,1.4,1.4,1.0,1.0,0.0,0.0
0.17566,162,-41,360,0,E1A0878B1789C1040X,TE1A5B1C4D000X,1,1,1,1,1.4,1.4,1.0,1.0,0.0,0.0
0.188071,163,-41,361,0,E1A0870B1789C1032X,TE1A5B1C4D000X,1,1,1,1,1.4,1.4,1.0,1.0,0.0,0.0
0.199193,164,-42,361,0,E1A0862B1789C1025X,TE1A5B1C4D000X,1,1,1,1,1.4,1.4,1.0,1.0,0.0,0.0
0.210143,165,-42,363,0,E1A0858B1789C1019X,TE1A5B1C4D000X,1,1,1,1,1.4,1.4,1.0,1.0,0.0,0.0
0.222328,164,-43,362,0,E1A0853B1789C1013X,TE1A5B1C4D000X,1,1,1,1,1.4,1.4,1.0,1.0,0.0,0.0
0.233592,164,-43,362,0,E1A0849B1789C1008X,TE1A5B1C5D000X,1,1,1,1,1.4,1.4,1.0,1.0,0.0,0.0
0.246378,164,-44,363,0,E1A0846B1789C1003X,TE1A5B1C5D000X,1,1,1,1,1.4,1.4,1.0,1.0,0.0,0.0
0.260365,164,-44,362,0,E1A0843B1789C0998X,TE1A5B1C5D000X,1,1,1,1,1.4,1.4,1.0,1.0,0.0,0.0
0.272356,163,-44,363,0,E1A0842B1789C0994X,TE1A5B1C5D000X,1,1,1,1,1.4,1.4,1.0,1.0,0.0,0.0
0.284674,163,-44,362,0,E1A0841B1789C0991X,TE1A5B1C5D000X,1,1,1,1,1.4,1.4,1.0,1.0,0.0,0.0
0.296965,162,-45,363,0,E1A0842B1789C0987X,TE1A5B1C5D000X,1,1,1,1,1.4,1.4,1.0,1.0,0.0,0.0
0.308139,161,-45,363,0,E1A0844B1789C0983X,TE1A5B1C5D000X,1,1,1,1,1.4,1.4,1.0,1.0,0.0,0.0
0.319843,160,-45,364,0,E1A0847B1789C0980X,TE1A5B1C5D000X,1,1,1,1,1.4,1.4,1.0,1.0,0.0,0.0
0.331051,159,-46,364,0,E1A0851B1789C0976X,TE1A5B1C5D000X,1,1,1,1,1.4,1.4,1.0,1.0,0.0,0.0
0.342195,157,-47,365,0,E1A0857B1789C0973X,TE1A5B1C5D000X,1,1,1,1,1.4,1.4,1.0,1.0,0.0,0.0
0.354182,155,-47,365,0,E1A0864B1789C0969X,TE1A5B1C5D000X,1,1,1,1,1.4,1.4,1.0,1.0,0.0,0.0
0.367782,153,-48,365,0,E1A0873B1789C0966X,TE1A5B1C5D000X,1,1,1,1,1.4,1.4,1.0,1.0,0.0,0.0
0.379425,151,-49,365,0,E1A0882B1789C0963X,TE1A5B1C5D000X,1,1,1,1,1.4,1.4,1.0,1.0,0.0,0.0
0.390513,149,-49,366,0,E1A0893B1789C0959X,TE1A5B1C5D000X,1,1,1,1,1.4,1.4,1.0,1.0,0.0,0.0
0.401933,146,-50,366,0,E1A0904B1789C0956X,TE1A5B1C5D000X,1,1,1,1,1.4,1.4,1.0,1.0,0.0,0.0
0.4128,144,-51,367,0,E1A0915B1789C0953X,TE1A5B1C5D000X,1,1,1,1,1.4,1.4,1.0,1.0,0.0,0.0
0.424649,142,-52,367,0,E1A0926B1789C0950X,TE1A5B1C5D000X,1,1,1,1,1.4,1.4,1.0,1.0,0.0,0.0
0.43593,140,-52,368,0,E1A0937B1789C0949X,TE1A5B1C5D000X,1,1,1,1,1.4,1.4,1.0,1.0,0.0,0.0
0.447215,138,-53,369,0,E1A0948B1789C0946X,TE1A5B1C5D000X,1,1,1,1,1.4,1.4,1.0,1.0,0.0,0.0
0.458228,136,-53,370,0,E1A0959B1789C0945X,TE1A5B1C5D000X,1,1,1,1,1.4,1.4,1.0,1.0,0.0,0.0
0.469338,134,-54,371,0,E1A0970B1789C0943X,TE1A5B1C5D000X,1,1,1,1,1.4,1.4,1.0,1.0,0.0,0.0
0.500555,130,-55,372,0,E1A0986B1789C0942X,TE1A5B1C5D000X,1,1,1,1,1.4,1.4,1.0,1.0,0.0,0.0
0.512374,128,-55,373,0,E1A1002B1789C0942X,TE1A5B1C5D000X,1,1,1,1,1.4,1.4,1.0,1.0,0.0,0.0
0.523896,124,-56,373,0,E1A1018B1789C0941X,TE1A5B1C5D000X,1,1,1,1,1.4,1.4,1.0,1.0,0.0,0.0
0.535773,121,-56,374,0,E1A1034B1789C0940X,TE1A5B1C5D000X,1,1,1,1,1.4,1.4,1.0,1.0,0.0,0.0
0.548142,118,-57,375,0,E1A1050B1789C0940X,TE1A4B1C5D000X,1,1,1,1,1.4,1.4,1.0,1.0,0.0,0.0
0.568525,115,-57,376,0,E1A1068B1789C0941X,TE1A4B1C5D000X,1,1,1,1,1.4,1.4,1.0,1.0,0.0,0.0
0.581658,111,-58,376,0,E1A1087B1789C0942X,TE1A4B1C5D000X,1,1,1,1,1.4,1.4,1.0,1.0,0.0,0.0
0.595091,108,-58,378,0,E1A1105B1789C0943X,TE1A4B1C5D000X,1,1,1,1,1.4,1.4,1.0,1.0,0.0,0.0
0.607205,105,-59,379,0,E1A1124B1789C0944X,TE1A4B1C5D000X,1,1,1,1,1.4,1.4,1.0,1.0,0.0,0.0
0.618986,102,-59,381,0,E1A1143B1789C0945X,TE1A4B1C5D000X,1,1,1,1,1.4,1.4,1.0,1.0,0.0,0.0
0.630037,98,-59,381,0,E1A1161B1789C0946X,TE1A4B1C5D000X,1,1,1,1,1.4,1.4,1.0,1.0,0.0,0.0
0.641463,94,-60,382,0,E1A1179B1789C0947X,TE1A4B1C5D000X,1,1,1,1,1.4,1.4,1.0,1.0,0.0,0.0
0.660051,91,-60,382,0,E1A1199B1789C0949X,TE1A4B1C5D000X,1,1,1,1,1.4,1.4,1.0,1.0,0.0,0.0
0.672028,87,-60,383,0,E1A1220B1789C0950X,TE1A4B1C5D000X,1,1,1,1,1.4,1.4,1.0,1.0,0.0,0.0
0.684423,83,-60,384,0,E1A1241B1789C0953X,TE1A4B1C5D000X,1,1,1,1,1.4,1.4,1.0,1.0,0.0,0.0
0.697897,79,-60,384,0,E1A1261B1789C0955X,TE1A4B1C5D000X,1,1,1,1,1.4,1.4,1.0,1.0,0.0,0.0
0.710705,75,-60,385,0,E1A1282B1789C0957X,TE1A3B1C5D000X,1,1,1,1,1.4,1.4,1.0,1.0,0.0,0.0
0.722742,71,-61,386,0,E1A1303B1789C0960X,TE1A3B1C5D000X,1,1,1,1,1.4,1.4,1.0,1.0,0.0,0.0
0.734283,67,-61,387,0,E1A1324B1789C0962X,TE1A3B1C5D000X,1,1,1,1,1.4,1.4,1.0,1.0,0.0,0.0
0.745308,63,-61,387,0,E1A1345B1789C0964X,TE1A3B1C5D000X,1,1,1,1,1.4,1.4,1.0,1.0,0.0,0.0
0.75753,60,-61,388,0,E1A1366B1789C0967X,TE1A3B1C5D000X,1,1,1,1,1.4,1.4,1.0,1.0,0.0,0.0
0.768948,56,-61,388,0,E1A1386B1789C0969X,TE1A3B1C5D000X,1,1,1,1,1.4,1.4,1.0,1.0,0.0,0.0
0.78064,52,-61,390,0,E1A1406B1789C0971X,TE1A3B1C5D000X,1,1,1,1,1.4,1.4,1.0,1.0,0.0,0.0
0.792374,49,-61,390,0,E1A1425B1789C0972X,TE1A3B1C5D000X,1,1,1,1,1.4,1.4,1.0,1.0,0.0,0.0
0.805912,45,-61,391,0,E1A1445B1789C0973X,TE1A3B1C5D000X,1,1,1,1,1.4,1.4,1.0,1.0,0.0,0.0
0.817848,42,-61,392,0,E1A1464B1789C0974X,TE1A3B1C5D000X,1,1,1,1,1.4,1.4,1.0,1.0,0.0,0.0
0.829247,38,-61,392,0,E1A1481B1789C0973X,TE1A3B1C5D000X,1,1,1,1,1.4,1.4,1.0,1.0,0.0,0.0
0.840743,35,-61,392,0,E1A1499B1789C0973X,TE1A3B1C5D000X,1,1,1,1,1.4,1.4,1.0,1.0,0.0,0.0
0.852532,32,-61,392,0,E1A1516B1789C0971X,TE1A2B1C5D000X,1,1,1,1,1.4,1.4,1.0,1.0,0.0,0.0
0.863909,29,-62,393,0,E1A1534B1789C0970X,TE1A2B1C5D000X,1,1,1,1,1.4,1.4,1.0,1.0,0.0,0.0
0.875152,26,-62,394,0,E1A1551B1789C0968X,TE1A2B1C5D000X,1,1,1,1,1.4,1.4,1.0,1.0,0.0,0.0
0.886895,23,-62,396,0,E1A1568B1789C0967X,TE1A2B1C5D000X,1,1,1,1,1.4,1.4,1.0,1.0,0.0,0.0
0.89843,20,-62,396,0,E1A1583B1789C0964X,TE1A2B1C5D000X,1,1,1,1,1.4,1.4,1.0,1.0,0.0,0.0
0.910685,17,-63,397,0,E1A1599B1789C0961X,TE1A2B1C5D000X,1,1,1,1,1.4,1.4,1.0,1.0,0.0,0.0
0.922108,14,-62,396,0,E1A1614B1789C0957X,TE1A2B1C5D000X,1,1,1,1,1.4,1.4,1.0,1.0,0.0,0.0
0.933741,11,-63,396,0,E1A1629B1789C0953X,TE1A2B1C5D000X,1,1,1,1,1.4,1.4,1.0,1.0,0.0,0.0
0.944875,8,-63,396,0,E1A1645B1789C0950X,TE1A2B1C5D000X,1,1,1,1,1.4,1.4,1.0,1.0,0.0,0.0
0.956489,4,-62,396,0,E1A1662B1789C0947X,TE1A2B1C5D000X,1,1,1,1,1.4,1.4,1.0,1.0,0.0,0.0
0.976264,1,-62,396,0,E1A1680B1789C0943X,TE1A2B1C5D000X,1,1,1,1,1.4,1.4,1.0,1.0,0.0,0.0
0.987751,-2,-62,396,0,E1A1699B1789C0939X,TE1A2B1C5D000X,1,1,1,1,1.4,1.4,1.0,1.0,0.0,0.0
0.999974,-6,-62,395,0,E1A1716B1789C0934X,TE1A2B1C5D000X,1,1,1,1,1.4,1.4,1.0,1.0,0.0,0.0
1.01107,-9,-62,396,0,E1A1735B1789C0929X,TE1A1B1C5D000X,1,1,1,1,1.4,1.4,1.0,1.0,0.0,0.0
1.02282,-13,-62,397,0,E1A1754B1789C0923X,TE1A1B1C5D000X,1,1,1,1,1.4,1.4,1.0,1.0,0.0,0.0
1.04387,-17,-61,397,0,E1A1773B1789C0915X,TE1A1B1C5D000X,1,1,1,1,1.4,1.4,1.0,1.0,0.0,0.0
1.05574,-21,-61,397,0,E1A1793B1789C0905X,TE1A1B1C5D000X,1,1,1,1,1.4,1.4,1.0,1.0,0.0,0.0
1.06758,-25,-61,397,0,E1A1812B1789C0895X,TE1A1B1C5D000X,1,1,1,1,1.4,1.4,1.0,1.0,0.0,0.0
1.0788,-28,-61,397,0,E1A1830B1789C0883X,TE1A1B1C5D000X,1,1,1,1,1.4,1.4,1.0,1.0,0.0,0.0
1.0907,-32,-60,397,0,E1A1848B1789C0871X,TE1A1B1C5D000X,1,1,1,1,1.4,1.4,1.0,1.0,0.0,0.0
1.11182,-36,-60,398,0,E1A1866B1789C0856X,TE1A1B1C5D000X,1,1,1,1,1.4,1.4,1.0,1.0,0.0,0.0
1.13577,-39,-60,398,0,E1A1885B1789C0838X,TE1A1B1C5D000X,1,1,1,1,1.4,1.4,1.0,1.0,0.0,0.0
1.14739,-43,-60,398,0,E1A1903B1789C0819X,TE1A1B1C5D000X,1,1,1,1,1.4,1.4,1.0,1.0,0.0,0.0
1.16761,-47,-61,399,0,E1A1922B1789C0798X,TE1A1B1C5D000X,1,1,1,1,1.4,1.4,1.0,1.0,0.0,0.0
1.17986,-50,-61,400,0,E1A1922B1892C0804X,TE1A1B1C5D000X,1,1,1,1,1.4,1.4,1.0,1.0,0.0,0.0
1.19383,-53,-61,400,0,E1A1922B1876C0814X,TE1A1B1C5D000X,1,1,1,1,1.4,1.4,1.0,1.0,0.0,0.0
1.21197,-56,-61,399,0,E1A1922B1860C0821X,TE1A1B1C5D000X,1,1,1,1,1.4,1.4,1.0,1.0,0.0,0.0
1.22413,-59,-61,399,0,E1A1922B1846C0827X,TE1A1B1C5D000X,1,1,1,1,1.4,1.4,1.0,1.0,0.0,0.0
1.2479,-62,-61,400,0,E1A1922B1832C0833X,TE1A1B1C5D000X,1,1,1,1,1.4,1.4,1.0,1.0,0.0,0.0
1.28024,-64,-61,400,0,E1A1922B1819C0836X,TE1A1B1C5D000X,1,1,1,1,1.4,1.4,1.0,1.0,0.0,0.0
1.29187,-66,-61,400,0,E1A1922B1807C0837X,TE1A1B1C5D000X,1,1,1,1,1.4,1.4,1.0,1.0,0.0,0.0
1.30386,-68,-62,400,0,E1A1922B1797C0838X,TE1A1B1C5D000X,1,1,1,1,1.4,1.4,1.0,1.0,0.0,0.0
1.32774,-69,-62,400,0,E1A1922B1788C0837X,TE1A1B1C5D000X,1,1,1,1,1.4,1.4,1.0,1.0,0.0,0.0
1.33932,-71,-62,401,0,E1A1922B1780C0836X,TE1A1B1C5D000X,1,1,1,1,1.4,1.4,1.0,1.0,0.0,0.0
1.3508,-71,-62,400,0,E1A1922B1774C0834X,TE1A1B1C5D000X,1,1,1,1,1.4,1.4,1.0,1.0,0.0,0.0
1.36226,-72,-62,400,0,E1A1922B1768C0831X,TE1A1B1C5D000X,1,1,1,1,1.4,1.4,1.0,1.0,0.0,0.0
1.37393,-72,-62,400,0,E1A1922B1764C0828X,TE1A1B1C5D000X,1,1,1,1,1.4,1.4,1.0,1.0,0.0,0.0
1.40396,-73,-62,400,0,E1A1922B1760C0825X,TE1A1B1C5D000X,1,1,1,1,1.4,1.4,1.0,1.0,0.0,0.0
1.41769,-73,-62,400,0,E1A1922B1756C0822X,TE1A1B1C5D000X,1,1,1,1,1.4,1.4,1.0,1.0,0.0,0.0
1.42948,-73,-63,401,0,E1A1922B1753C0819X,TE1A1B1C5D000X,1,1,1,1,1.4,1.4,1.0,1.0,0.0,0.0
1.44106,-73,-63,401,0,E1A1922B1751C0816X,TE1A1B1C5D000X,1,1,1,1,1.4,1.4,1.0,1.0,0.0,0.0
1.45255,-73,-63,401,0,E1A1922B1749C0812X,TE1A1B1C5D000X,1,1,1,1,1.4,1.4,1.0,1.0,0.0,0.0
1.46444,-73,-63,401,0,E1A1922B1748C0809X,TE1A1B1C5D000X,1,1,1,1,1.4,1.4,1.0,1.0,0.0,0.0
1.47575,-73,-63,401,0,E1A1922B1746C0805X,TE1A1B1C5D000X,1,1,1,1,1.4,1.4,1.0,1.0,0.0,0.0
1.48755,-72,-63,401,0,E1A1922B1746C0801X,TE1A1B1C5D000X,1,1,1,1,1.4,1.4,1.0,1.0,0.0,0.0
1.49948,-72,-63,402,0,E1A1922B1745C0798X,TE1A1B1C5D000X,1,1,1,1,1.4,1.4,1.0,1.0,0.0,0.0
1.51087,-72,-63,401,0,E1A1922B1745C0791X,TE1A1B1C5D000X,1,1,1,1,1.4,1.4,1.0,1.0,0.0,0.0
1.52215,-71,-63,400,0,E1A1922B1745C0785X,TE1A1B1C5D000X,1,1,1,1,1.4,1.4,1.0,1.0,0.0,0.0
1.5338,-70,-63,400,0,E1A1922B1745C0780X,TE1A1B1C6D000X,1,1,1,1,1.4,1.4,1.0,1.0,0.0,0.0
1.54521,-70,-63,399,0,E1A1922B1746C0776X,TE1A1B1C6D000X,1,1,1,1,1.4,1.4,1.0,1.0,0.0,0.0
1.55684,-69,-63,399,0,E1A1922B1746C0771X,TE1A1B1C6D000X,1,1,1,1,1.4,1.4,1.0,1.0,0.0,0.0
1.56857,-69,-63,400,0,E1A1922B1746C0767X,TE1A1B1C6D000X,1,1,1,1,1.4,1.4,1.0,1.0,0.0,0.0
1.58031,-68,-63,400,0,E1A1922B1746C0763X,TE1A1B1C6D000X,1,1,1,1,1.4,1.4,1.0,1.0,0.0,0.0
1.59194,-68,-64,401,0,E1A1922B1747C0759X,TE1A1B1C6D000X,1,1,1,1,1.4,1.4,1.0,1.0,0.0,0.0
1.60795,-67,-64,401,0,E1A1922B1747C0756X,TE1A1B1C6D000X,1,1,1,1,1.4,1.4,1.0,1.0,0.0,0.0
1.62019,-67,-64,402,0,E1A1922B1747C0753X,TE1A1B1C6D000X,1,1,1,1,1.4,1.4,1.0,1.0,0.0,0.0
1.63196,-66,-64,402,0,E1A1922B1747C0750X,TE1A1B1C6D000X,1,1,1,1,1.4,1.4,1.0,1.0,0.0,0.0
1.64399,-66,-64,403,0,E1A1922B1747C0747X,TE1A1B1C6D000X,1,1,1,1,1.4,1.4,1.0,1.0,0.0,0.0
1.65541,-66,-64,403,0,E1A1922B1747C0744X,TE1A1B1C6D000X,1,1,1,1,1.4,1.4,1.0,1.0,0.0,0.0
1.6761,-65,-64,403,0,E1A1922B1747C0741X,TE1A1B1C6D000X,1,1,1,1,1.4,1.4,1.0,1.0,0.0,0.0
1.68799,-65,-63,403,0,E1A1922B1747C0738X,TE1A1B1C6D000X,1,1,1,1,1.4,1.4,1.0,1.0,0.0,0.0
1.70018,-64,-63,404,0,E1A1922B1747C0736X,TE1A1B1C6D000X,1,1,1,1,1.4,1.4,1.0,1.0,0.0,0.0
1.71198,-64,-63,403,0,E1A1922B1747C0732X,TE1A1B1C6D000X,1,1,1,1,1.4,1.4,1.0,1.0,0.0,0.0
1.73184,-64,-63,403,0,E1A1922B1746C0730X,TE1A1B1C6D000X,1,1,1,1,1.4,1.4,1.0,1.0,0.0,0.0
1.74412,-63,-63,403,0,E1A1922B1746C0727X,TE1A1B1C6D000X,1,1,1,1,1.4,1.4,1.0,1.0,0.0,0.0
1.75635,-63,-63,403,0,E1A1922B1745C0723X,TE1A1B1C6D000X,1,1,1,1,1.4,1.4,1.0,1.0,0.0,0.0
1.76793,-62,-63,402,0,E1A1922B1745C0719X,TE1A1B1C6D000X,1,1,1,1,1.4,1.4,1.0,1.0,0.0,0.0
1.77944,-62,-63,402,0,E1A1922B1744C0717X,TE1A1B1C6D000X,1,1,1,1,1.4,1.4,1.0,1.0,0.0,0.0
1.79089,-62,-63,402,0,E1A1922B1743C0714X,TE1A1B1C6D000X,1,1,1,1,1.4,1.4,1.0,1.0,0.0,0.0
1.80277,-62,-62,402,0,E1A1922B1743C0711X,TE1A1B1C6D000X,1,1,1,1,1.4,1.4,1.0,1.0,0.0,0.0
1.81411,-61,-62,401,0,E1A1922B1742C0707X,TE1A1B1C6D000X,1,1,1,1,1.4,1.4,1.0,1.0,0.0,0.0
1.82596,-61,-62,401,0,E1A1922B1741C0704X,TE1A1B1C6D000X,1,1,1,1,1.4,1.4,1.0,1.0,0.0,0.0
1.8439,-61,-62,401,0,E1A1922B1740C0700X,TE1A1B1C6D000X,1,1,1,1,1.4,1.4,1.0,1.0,0.0,0.0
1.85597,-61,-62,401,0,E1A1922B1739C0696X,TE1A1B1C6D000X,1,1,1,1,1.4,1.4,1.0,1.0,0.0,0.0
1.86806,-60,-62,401,0,E1A1922B1738C0692X,TE1A1B1C6D000X,1,1,1,1,1.4,1.4,1.0,1.0,0.0,0.0
1.87964,-60,-63,401,0,E1A1922B1737C0688X,TE1A1B1C6D000X,1,1,1,1,1.4,1.4,1.0,1.0,0.0,0.0
1.89216,-60,-63,401,0,E1A1922B1735C0684X,TE1A1B1C6D000X,1,1,1,1,1.4,1.4,1.0,1.0,0.0,0.0
1.9039,-60,-63,401,0,E1A1922B1734C0680X,TE1A1B1C6D000X,1,1,1,1,1.4,1.4,1.0,1.0,0.0,0.0
1.91566,-60,-63,401,0,E1A1922B1732C0677X,TE1A1B1C6D000X,1,1,1,1,1.4,1.4,1.0,1.0,0.0,0.0
1.92736,-60,-63,401,0,E1A1922B1731C0673X,TE1A1B1C6D000X,1,1,1,1,1.4,1.4,1.0,1.0,0.0,0.0
1.93865,-60,-63,401,0,E1A1922B1729C0669X,TE1A1B1C6D000X,1,1,1,1,1.4,1.4,1.0,1.0,0.0,0.0
1.9504,-60,-63,401,0,E1A1922B1727C0667X,TE1A1B1C6D000X,1,1,1,1,1.4,1.4,1.0,1.0,0.0,0.0
1.9801,-60,-63,401,0,E1A1922B1725C0664X,TE1A1B1C6D000X,1,1,1,1,1.4,1.4,1.0,1.0,0.0,0.0
1.99213,-60,-63,402,0,E1A1922B1723C0663X,TE1A1B1C6D000X,1,1,1,1,1.4,1.4,1.0,1.0,0.0,0.0
2.0041,-60,-63,402,0,E1A1922B1721C0660X,TE1A1B1C6D000X,1,1,1,1,1.4,1.4,1.0,1.0,0.0,0.0
2.01588,-60,-63,400,0,E1A1922B1720C0656X,TE1A1B1C6D000X,1,1,1,1,1.4,1.4,1.0,1.0,0.0,0.0
2.02772,-60,-63,401,0,E1A1922B1718C0654X,TE1A1B1C6D000X,1,1,1,1,1.4,1.4,1.0,1.0,0.0,0.0
2.0398,-60,-62,400,0,E1A1922B1716C0651X,TE1A1B1C6D000X,1,1,1,1,1.4,1.4,1.0,1.0,0.0,0.0
2.0516,-60,-62,401,0,E1A1922B1714C0650X,TE1A1B1C6D000X,1,1,1,1,1.4,1.4,1.0,1.0,0.0,0.0
2.06346,-60,-62,401,0,E1A1922B1712C0648X,TE1A1B1C6D000X,1,1,1,1,1.4,1.4,1.0,1.0,0.0,0.0
2.07478,-60,-62,401,0,E1A1922B1710C0646X,TE1A1B1C6D000X,1,1,1,1,1.4,1.4,1.0,1.0,0.0,0.0
2.08654,-60,-62,401,0,E1A1922B1709C0644X,TE1A1B1C6D000X,1,1,1,1,1.4,1.4,1.0,1.0,0.0,0.0
2.09832,-60,-62,402,0,E1A1922B1707C0642X,TE1A1B1C6D000X,1,1,1,1,1.4,1.4,1.0,1.0,0.0,0.0
2.11096,-60,-62,402,0,E1A1922B1705C0641X,TE1A1B1C6D000X,1,1,1,1,1.4,1.4,1.0,1.0,0.0,0.0
2.12213,-60,-62,402,0,E1A1922B1703C0639X,TE1A1B1C6D000X,1,1,1,1,1.4,1.4,1.0,1.0,0.0,0.0
2.14011,-60,-62,403,0,E1A1922B1701C0637X,TE1A1B2C6D000X,1,1,1,1,1.4,1.4,1.0,1.0,0.0,0.0
2.15472,-60,-62,402,0,E1A1922B1699C0634X,TE1A1B2C6D000X,1,1,1,1,1.4,1.4,1.0,1.0,0.0,0.0
2.16667,-60,-62,401,0,E1A1922B1698C0631X,TE1A1B2C6D000X,1,1,1,1,1.4,1.4,1.0,1.0,0.0,0.0
2.17823,-60,-62,401,0,E1A1922B1696C0628X,TE1A1B2C6D000X,1,1,1,1,1.4,1.4,1.0,1.0,0.0,0.0
2.19011,-60,-61,400,0,E1A1922B1694C0625X,TE1A1B2C6D000X,1,1,1,1,1.4,1.4,1.0,1.0,0.0,0.0
2.21055,-59,-61,400,0,E1A1922B1693C0621X,TE1A1B2C6D000X,1,1,1,1,1.4,1.4,1.0,1.0,0.0,0.0
2.22227,-59,-61,400,0,E1A1922B1691C0619X,TE1A1B2C6D000X,1,1,1,1,1.4,1.4,1.0,1.0,0.0,0.0
2.23565,-59,-62,401,0,E1A1922B1690C0616X,TE1A1B2C6D000X,1,1,1,1,1.4,1.4,1.0,1.0,0.0,0.0
2.24787,-59,-62,401,0,E1A1922B1688C0614X,TE1A1B2C6D000X,1,1,1,1,1.4,1.4,1.0,1.0,0.0,0.0
2.26385,-59,-62,402,0,E1A1922B1686C0611X,TE1A1B2C6D000X,1,1,1,1,1.4,1.4,1.0,1.0,0.0,0.0
2.2761,-60,-62,402,0,E1A1922B1685C0608X,TE1A1B2C6D000X,1,1,1,1,1.4,1.4,1.0,1.0,0.0,0.0
2.28767,-60,-62,402,0,E1A1922B1683C0605X,TE1A1B2C6D000X,1,1,1,1,1.4,1.4,1.0,1.0,0.0,0.0
2.29957,-60,-62,403,0,E1A1922B1681C0603X,TE1A1B2C6D000X,1,1,1,1,1.4,1.4,1.0,1.0,0.0,0.0
2.31118,-59,-62,402,0,E1A1922B1680C0599X,TE1A1B2C6D000X,1,1,1,1,1.4,1.4,1.0,1.0,0.0,0.0
2.32237,-59,-62,401,0,E1A1922B1678C0594X,TE1A1B2C6D000X,1,1,1,1,1.4,1.4,1.0,1.0,0.0,0.0
2.34388,-59,-62,401,0,E1A1922B1677C0591X,TE1A1B2C6D000X,1,1,1,1,1.4,1.4,1.0,1.0,0.0,0.0
2.35551,-59,-62,401,0,E1A1922B1675C0592X,TE1A1B2C6D000X,1,1,1,1,1.4,1.4,1.0,1.0,0.0,0.0
2.37578,-59,-62,402,0,E1A1922B1673C0595X,TE1A1B2C6D000X,1,1,1,1,1.4,1.4,1.0,1.0,0.0,0.0
2.38812,-59,-61,401,0,E1A1922B1672C0595X,TE1A1B2C6D000X,1,1,1,1,1.4,1.4,1.0,1.0,0.0,0.0
2.4001,-59,-61,401,0,E1A1922B1670C0597X,TE1A1B2C6D000X,1,1,1,1,1.4,1.4,1.0,1.0,0.0,0.0
2.4121,-59,-61,401,0,E1A1922B1668C0600X,TE1A1B2C6D000X,1,1,1,1,1.4,1.4,1.0,1.0,0.0,0.0
2.44409,-59,-61,402,0,E1A1922B1667C0602X,TE1A1B2C6D000X,1,1,1,1,1.4,1.4,1.0,1.0,0.0,0.0
2.4559,-59,-61,401,0,E1A1922B1665C0603X,TE1A1B2C6D000X,1,1,1,1,1.4,1.4,1.0,1.0,0.0,0.0
2.46803,-59,-61,401,0,E1A1922B1663C0606X,TE1A1B2C6D000X,1,1,1,1,1.4,1.4,1.0,1.0,0.0,0.0
2.47962,-59,-60,401,0,E1A1922B1661C0608X,TE1A1B2C6D000X,1,1,1,1,1.4,1.4,1.0,1.0,0.0,0.0
2.49134,-58,-60,400,0,E1A1922B1660C0607X,TE1A1B2C6D000X,1,1,1,1,1.4,1.4,1.0,1.0,0.0,0.0
2.51226,-58,-60,401,0,E1A1922B1658C0610X,TE1A1B2C6D000X,1,1,1,1,1.4,1.4,1.0,1.0,0.0,0.0
2.53599,-58,-60,401,0,E1A1922B1656C0612X,TE1A1B2C6D000X,1,1,1,1,1.4,1.4,1.0,1.0,0.0,0.0
2.54773,-58,-60,401,0,E1A1922B1655C0613X,TE1A1B2C6D000X,1,1,1,1,1.4,1.4,1.0,1.0,0.0,0.0
2.55953,-58,-60,400,0,E1A1922B1653C0613X,TE1A1B2C6D000X,1,1,1,1,1.4,1.4,1.0,1.0,0.0,0.0
2.57142,-58,-60,400,0,E1A1922B1652C0613X,TE1A1B2C6D000X,1,1,1,1,1.4,1.4,1.0,1.0,0.0,0.0
2.58514,-58,-59,398,0,E1A1922B1650C0613X,TE1A1B2C6D000X,1,1,1,1,1.4,1.4,1.0,1.0,0.0,0.0
2.60222,-58,-59,399,0,E1A1922B1648C0614X,TE1A1B2C6D000X,1,1,1,1,1.4,1.4,1.0,1.0,0.0,0.0
2.61378,-58,-59,399,0,E1A1922B1646C0615X,TE1A1B2C6D000X,1,1,1,1,1.4,1.4,1.0,1.0,0.0,0.0
2.62551,-58,-59,399,0,E1A1922B1645C0616X,TE1A1B2C6D000X,1,1,1,1,1.4,1.4,1.0,1.0,0.0,0.0
2.63727,-58,-59,399,0,E1A1922B1643C0617X,TE1A1B2C6D000X,1,1,1,1,1.4,1.4,1.0,1.0,0.0,0.0
2.64908,-58,-59,399,0,E1A1922B1641C0618X,TE1A1B2C6D000X,1,1,1,1,1.4,1.4,1.0,1.0,0.0,0.0
2.66105,-58,-59,400,0,E1A1922B1638C0619X,TE1A1B2C6D000X,1,1,1,1,1.4,1.4,1.0,1.0,0.0,0.0
2.67213,-58,-59,399,0,E1A1922B1636C0620X,TE1A1B2C6D000X,1,1,1,1,1.4,1.4,1.0,1.0,0.0,0.0
2.6839,-58,-59,399,0,E1A1922B1634C0621X,TE1A1B2C6D000X,1,1,1,1,1.4,1.4,1.0,1.0,0.0,0.0
2.6959,-58,-59,399,0,E1A1922B1631C0622X,TE1A1B2C6D000X,1,1,1,1,1.4,1.4,1.0,1.0,0.0,0.0
2.70745,-58,-59,399,0,E1A1922B1629C0622X,TE1A1B2C6D000X,1,1,1,1,1.4,1.4,1.0,1.0,0.0,0.0
2.72801,-58,-59,398,0,E1A1922B1627C0622X,TE1A1B2C6D000X,1,1,1,1,1.4,1.4,1.0,1.0,0.0,0.0
2.73967,-58,-59,398,0,E1A1922B1624C0623X,TE1A1B2C6D000X,1,1,1,1,1.4,1.4,1.0,1.0,0.0,0.0
2.75134,-58,-59,397,0,E1A1922B1622C0622X,TE1A1B2C6D000X,1,1,1,1,1.4,1.4,1.0,1.0,0.0,0.0
2.76288,-58,-59,397,0,E1A1922B1620C0622X,TE1A1B2C6D000X,1,1,1,1,1.4,1.4,1.0,1.0,0.0,0.0
2.77419,-58,-58,395,0,E1A1922B1617C0621X,TE1A1B2C6D000X,1,1,1,1,1.4,1.4,1.0,1.0,0.0,0.0
2.78601,-58,-58,395,0,E1A1922B1615C0622X,TE1A1B2C6D000X,1,1,1,1,1.4,1.4,1.0,1.0,0.0,0.0
2.79767,-58,-58,396,0,E1A1922B1613C0623X,TE1A1B2C6D000X,1,1,1,1,1.4,1.4,1.0,1.0,0.0,0.0
2.80895,-58,-58,396,0,E1A1922B1611C0624X,TE1A1B2C6D000X,1,1,1,1,1.4,1.4,1.0,1.0,0.0,0.0
2.82068,-58,-58,396,0,E1A1922B1609C0626X,TE1A1B2C6D000X,1,1,1,1,1.4,1.4,1.0,1.0,0.0,0.0
2.83235,-58,-58,396,0,E1A1922B1607C0628X,TE1A1B2C6D000X,1,1,1,1,1.4,1.4,1.0,1.0,0.0,0.0
2.84418,-58,-58,397,0,E1A1922B1605C0629X,TE1A1B2C6D000X,1,1,1,1,1.4,1.4,1.0,1.0,0.0,0.0
2.85533,-58,-58,397,0,E1A1922B1603C0631X,TE1A1B2C6D000X,1,1,1,1,1.4,1.4,1.0,1.0,0.0,0.0
2.867,-58,-58,396,0,E1A1922B1601C0631X,TE1A1B2C6D000X,1,1,1,1,1.4,1.4,1.0,1.0,0.0,0.0
2.87821,-58,-58,395,0,E1A1922B1599C0631X,TE1A1B2C6D000X,1,1,1,1,1.4,1.4,1.0,1.0,0.0,0.0
2.89022,-58,-57,395,0,E1A1922B1598C0631X,TE1A1B2C6D000X,1,1,1,1,1.4,1.4,1.0,1.0,0.0,0.0
2.9027,-58,-57,394,0,E1A1922B1596C0631X,TE1A1B2C6D000X,1,1,1,1,1.4,1.4,1.0,1.0,0.0,0.0
2.91468,-58,-57,394,0,E1A1922B1594C0631X,TE1A1B2C6D000X,1,1,1,1,1.4,1.4,1.0,1.0,0.0,0.0
2.9292,-57,-57,393,0,E1A1922B1592C0631X,TE1A1B2C6D000X,1,1,1,1,1.4,1.4,1.0,1.0,0.0,0.0
2.94196,-58,-57,393,0,E1A1922B1590C0633X,TE1A1B2C6D000X,1,1,1,1,1.4,1.4,1.0,1.0,0.0,0.0
2.95459,-58,-57,393,0,E1A1922B1588C0634X,TE1A1B2C6D000X,1,1,1,1,1.4,1.4,1.0,1.0,0.0,0.0
2.96641,-58,-57,394,0,E1A1922B1586C0635X,TE1A1B2C6D000X,1,1,1,1,1.4,1.4,1.0,1.0,0.0,0.0
2.97806,-58,-57,394,0,E1A1922B1584C0637X,TE1A1B2C6D000X,1,1,1,1,1.4,1.4,1.0,1.0,0.0,0.0
2.9893,-58,-57,396,0,E1A1922B1582C0639X,TE1A1B2C6D000X,1,1,1,1,1.4,1.4,1.0,1.0,0.0,0.0
3.00104,-58,-57,396,0,E1A1922B1580C0640X,TE1A1B2C6D000X,1,1,1,1,1.4,1.4,1.0,1.0,0.0,0.0
3.01228,-58,-57,396,0,E1A1922B1578C0641X,TE1A1B2C6D000X,1,1,1,1,1.4,1.4,1.0,1.0,0.0,0.0
3.03192,-58,-57,397,0,E1A1922B1575C0641X,TE1A1B2C6D000X,1,1,1,1,1.4,1.4,1.0,1.0,0.0,0.0
3.04385,-58,-57,397,0,E1A1922B1573C0641X,TE1A1B2C6D000X,1,1,1,1,1.4,1.4,1.0,1.0,0.0,0.0
3.05558,-58,-57,397,0,E1A1922B1571C0642X,TE1A1B2C6D000X,1,1,1,1,1.4,1.4,1.0,1.0,0.0,0.0
3.06714,-58,-57,397,0,E1A1922B1569C0642X,TE1A1B2C6D000X,1,1,1,1,1.4,1.4,1.0,1.0,0.0,0.0
3.07808,-58,-57,397,0,E1A1922B1567C0642X,TE1A1B2C6D000X,1,1,1,1,1.4,1.4,1.0,1.0,0.0,0.0
3.10018,-58,-57,397,0,E1A1922B1565C0643X,TE1A1B2C6D000X,1,1,1,1,1.4,1.4,1.0,1.0,0.0,0.0
3.11181,-59,-57,398,0,E1A1922B1562C0645X,TE1A1B2C6D000X,1,1,1,1,1.4,1.4,1.0,1.0,0.0,0.0
3.13192,-59,-57,398,0,E1A1922B1560C0647X,TE1A1B2C6D000X,1,1,1,1,1.4,1.4,1.0,1.0,0.0,0.0
3.14394,-59,-57,399,0,E1A1922B1558C0651X,TE1A1B2C6D000X,1,1,1,1,1.4,1.4,1.0,1.0,0.0,0.0
3.15595,-59,-57,399,0,E1A1922B1556C0653X,TE1A1B2C6D000X,1,1,1,1,1.4,1.4,1.0,1.0,0.0,0.0
3.16778,-59,-56,399,0,E1A1922B1554C0656X,TE1A1B2C6D000X,1,1,1,1,1.4,1.4,1.0,1.0,0.0,0.0
3.17939,-59,-56,399,0,E1A1922B1553C0658X,TE1A1B2C6D000X,1,1,1,1,1.4,1.4,1.0,1.0,0.0,0.0
3.19078,-59,-56,400,0,E1A1922B1551C0663X,TE1A1B2C6D000X,1,1,1,1,1.4,1.4,1.0,1.0,0.0,0.0
3.20278,-58,-55,400,0,E1A1922B1550C0665X,TE1A1B2C6D000X,1,1,1,1,1.4,1.4,1.0,1.0,0.0,0.0
3.22383,-58,-55,399,0,E1A1922B1548C0668X,TE1A1B2C6D000X,1,1,1,1,1.4,1.4,1.0,1.0,0.0,0.0
3.23598,-58,-54,398,0,E1A1922B1547C0671X,TE1A1B2C6D000X,1,1,1,1,1.4,1.4,1.0,1.0,0.0,0.0
3.24763,-58,-54,399,0,E1A1922B1546C0676X,TE1A1B2C6D000X,1,1,1,1,1.4,1.4,1.0,1.0,0.0,0.0
3.2596,-58,-53,400,0,E1A1922B1544C0681X,TE1A1B2C6D000X,1,1,1,1,1.4,1.4,1.0,1.0,0.0,0.0
3.27112,-57,-53,400,0,E1A1922B1543C0684X,TE1A1B2C6D000X,1,1,1,1,1.4,1.4,1.0,1.0,0.0,0.0
3.28269,-57,-52,399,0,E1A1922B1542C0687X,TE1A1B2C6D000X,1,1,1,1,1.4,1.4,1.0,1.0,0.0,0.0
3.29396,-57,-52,399,0,E1A1922B1541C0690X,TE1A1B2C6D000X,1,1,1,1,1.4,1.4,1.0,1.0,0.0,0.0
3.30574,-57,-52,399,0,E1A1922B1540C0693X,TE1A1B2C6D000X,1,1,1,1,1.4,1.4,1.0,1.0,0.0,0.0
3.31734,-56,-51,399,0,E1A1922B1538C0696X,TE1A1B2C6D000X,1,1,1,1,1.4,1.4,1.0,1.0,0.0,0.0
3.32886,-56,-51,399,0,E1A1922B1537C0698X,TE1A1B2C6D000X,1,1,1,1,1.4,1.4,1.0,1.0,0.0,0.0
3.33985,-56,-51,399,0,E1A1922B1536C0700X,TE1A1B2C6D000X,1,1,1,1,1.4,1.4,1.0,1.0,0.0,0.0
3.35145,-56,-50,399,0,E1A1922B1534C0702X,TE1A1B2C6D000X,1,1,1,1,1.4,1.4,1.0,1.0,0.0,0.0
3.36293,-56,-50,398,0,E1A1922B1533C0702X,TE1A1B2C6D000X,1,1,1,1,1.4,1.4,1.0,1.0,0.0,0.0
3.37982,-56,-50,399,0,E1A1922B1532C0704X,TE1A1B2C6D000X,1,1,1,1,1.4,1.4,1.0,1.0,0.0,0.0
3.39189,-55,-50,398,0,E1A1922B1531C0706X,TE1A1B2C6D000X,1,1,1,1,1.4,1.4,1.0,1.0,0.0,0.0
3.40393,-55,-49,397,0,E1A1922B1529C0706X,TE1A1B2C6D000X,1,1,1,1,1.4,1.4,1.0,1.0,0.0,0.0
3.41594,-55,-49,397,0,E1A1922B1528C0707X,TE1A1B2C6D000X,1,1,1,1,1.4,1.4,1.0,1.0,0.0,0.0
3.42752,-54,-49,396,0,E1A1922B1527C0709X,TE1A1B2C6D000X,1,1,1,1,1.4,1.4,1.0,1.0,0.0,0.0
3.43923,-54,-48,396,0,E1A1922B1526C0710X,TE1A1B2C6D000X,1,1,1,1,1.4,1.4,1.0,1.0,0.0,0.0
3.45075,-54,-48,395,0,E1A1922B1525C0712X,TE1A1B2C6D000X,1,1,1,1,1.4,1.4,1.0,1.0,0.0,0.0
3.46218,-54,-48,396,0,E1A1922B1524C0716X,TE1A1B2C6D000X,1,1,1,1,1.4,1.4,1.0,1.0,0.0,0.0
3.4838,-54,-47,396,0,E1A1922B1523C0720X,TE1A1B2C6D000X,1,1,1,1,1.4,1.4,1.0,1.0,0.0,0.0
3.49597,-53,-47,396,0,E1A1922B1522C0723X,TE1A1B2C6D000X,1,1,1,1,1.4,1.4,1.0,1.0,0.0,0.0
3.5076,-53,-46,395,0,E1A1922B1521C0726X,TE1A1B2C6D000X,1,1,1,1,1.4,1.4,1.0,1.0,0.0,0.0
3.51926,-53,-46,396,0,E1A1922B1520C0731X,TE1A1B2C6D000X,1,1,1,1,1.4,1.4,1.0,1.0,0.0,0.0
3.53087,-52,-45,395,0,E1A1922B1519C0735X,TE1A1B2C6D000X,1,1,1,1,1.4,1.4,1.0,1.0,0.0,0.0
3.54178,-52,-44,394,0,E1A1922B1519C0738X,TE1A1B2C6D000X,1,1,1,1,1.4,1.4,1.0,1.0,0.0,0.0
3.55983,-51,-44,394,0,E1A1922B1518C0742X,TE1A1B2C6D000X,1,1,1,1,1.4,1.4,1.0,1.0,0.0,0.0
3.57189,-51,-43,394,0,E1A1922B1518C0747X,TE1A1B2C6D000X,1,1,1,1,1.4,1.4,1.0,1.0,0.0,0.0
3.58392,-51,-42,393,0,E1A1922B1517C0751X,TE1A1B2C6D000X,1,1,1,1,1.4,1.4,1.0,1.0,0.0,0.0
3.59575,-50,-42,393,0,E1A1922B1516C0755X,TE1A1B2C6D000X,1,1,1,1,1.4,1.4,1.0,1.0,0.0,0.0
3.60781,-50,-41,392,0,E1A1922B1515C0758X,TE1A1B2C6D000X,1,1,1,1,1.4,1.4,1.0,1.0,0.0,0.0
3.62804,-50,-41,394,0,E1A1922B1515C0763X,TE1A1B2C6D000X,1,1,1,1,1.4,1.4,1.0,1.0,0.0,0.0
3.63951,-49,-40,394,0,E1A1922B1515C0767X,TE1A1B2C6D000X,1,1,1,1,1.4,1.4,1.0,1.0,0.0,0.0
3.6518,-49,-40,393,0,E1A1922B1515C0769X,TE1A1B2C6D000X,1,1,1,1,1.4,1.4,1.0,1.0,0.0,0.0
3.66391,-48,-39,393,0,E1A1922B1515C0772X,TE1A1B2C6D000X,1,1,1,1,1.4,1.4,1.0,1.0,0.0,0.0
3.67556,-48,-39,394,0,E1A1922B1515C0775X,TE1A1B2C6D000X,1,1,1,1,1.4,1.4,1.0,1.0,0.0,0.0
3.68709,-48,-39,394,0,E1A1922B1515C0777X,TE1A1B2C6D000X,1,1,1,1,1.4,1.4,1.0,1.0,0.0,0.0
3.69854,-47,-38,394,0,E1A1922B1515C0779X,TE1A1B2C6D000X,1,1,1,1,1.4,1.4,1.0,1.0,0.0,0.0
3.71024,-47,-38,394,0,E1A1922B1516C0781X,TE1A1B2C6D000X,1,1,1,1,1.4,1.4,1.0,1.0,0.0,0.0
3.72141,-46,-38,394,0,E1A1922B1517C0782X,TE1A1B2C6D000X,1,1,1,1,1.4,1.4,1.0,1.0,0.0,0.0
3.73296,-46,-38,393,0,E1A1922B1517C0782X,TE1A1B2C6D000X,1,1,1,1,1.4,1.4,1.0,1.0,0.0,0.0
3.74386,-45,-38,393,0,E1A1922B1518C0783X,TE1A1B2C6D000X,1,1,1,1,1.4,1.4,1.0,1.0,0.0,0.0
3.75551,-45,-38,394,0,E1A1922B1519C0785X,TE1A1B2C6D000X,1,1,1,1,1.4,1.4,1.0,1.0,0.0,0.0
3.76728,-44,-38,393,0,E1A1922B1520C0785X,TE1A1B2C6D000X,1,1,1,1,1.4,1.4,1.0,1.0,0.0,0.0
3.77875,-44,-37,393,0,E1A1922B1521C0786X,TE1A1B2C6D000X,1,1,1,1,1.4,1.4,1.0,1.0,0.0,0.0
3.78988,-43,-37,393,0,E1A1922B1522C0786X,TE1A1B2C6D000X,1,1,1,1,1.4,1.4,1.0,1.0,0.0,0.0
3.8014,-43,-37,394,0,E1A1922B1524C0788X,TE1A1B2C6D000X,1,1,1,1,1.4,1.4,1.0,1.0,0.0,0.0
3.81235,-42,-37,394,0,E1A1922B1526C0789X,TE1A1B2C6D000X,1,1,1,1,1.4,1.4,1.0,1.0,0.0,0.0
3.82402,-41,-37,393,0,E1A1922B1527C0788X,TE1A1B2C6D000X,1,1,1,1,1.4,1.4,1.0,1.0,0.0,0.0
3.83556,-41,-37,393,0,E1A1922B1529C0788X,TE1A1B2C6D000X,1,1,1,1,1.4,1.4,1.0,1.0,0.0,0.0
3.84715,-40,-37,393,0,E1A1922B1531C0788X,TE1A1B2C6D000X,1,1,1,1,1.4,1.4,1.0,1.0,0.0,0.0
3.85797,-39,-37,393,0,E1A1922B1533C0788X,TE1A1B2C6D000X,1,1,1,1,1.4,1.4,1.0,1.0,0.0,0.0
3.86938,-38,-37,393,0,E1A1922B1536C0788X,TE1A1B2C6D000X,1,1,1,1,1.4,1.4,1.0,1.0,0.0,0.0
3.88027,-37,-37,393,0,E1A1922B1539C0789X,TE1A1B2C6D000X,1,1,1,1,1.4,1.4,1.0,1.0,0.0,0.0
3.8918,-36,-37,392,0,E1A1922B1542C0788X,TE1A1B2C6D000X,1,1,1,1,1.4,1.4,1.0,1.0,0.0,0.0
3.90319,-36,-37,392,0,E1A1922B1545C0787X,TE1A1B2C6D000X,1,1,1,1,1.4,1.4,1.0,1.0,0.0,0.0
3.91444,-35,-37,392,0,E1A1922B1549C0786X,TE1A1B2C6D000X,1,1,1,1,1.4,1.4,1.0,1.0,0.0,0.0
3.92553,-34,-37,392,0,E1A1922B1552C0786X,TE1A1B2C6D000X,1,1,1,1,1.4,1.4,1.0,1.0,0.0,0.0
3.93711,-33,-37,392,0,E1A1922B1557C0786X,TE1A1B2C6D000X,1,1,1,1,1.4,1.4,1.0,1.0,0.0,0.0
3.9492,-31,-37,392,0,E1A1922B1561C0785X,TE1A1B2C6D000X,1,1,1,1,1.4,1.4,1.0,1.0,0.0,0.0
3.96008,-30,-37,392,0,E1A1922B1565C0782X,TE1A1B2C6D000X,1,1,1,1,1.4,1.4,1.0,1.0,0.0,0.0
3.97168,-29,-37,392,0,E1A1922B1570C0781X,TE1A1B2C6D000X,1,1,1,1,1.4,1.4,1.0,1.0,0.0,0.0
3.98321,-28,-38,391,0,E1A1922B1574C0779X,TE1A1B2C6D000X,1,1,1,1,1.4,1.4,1.0,1.0,0.0,0.0
3.99454,-27,-38,391,0,E1A1922B1579C0776X,TE1A1B2C6D000X,1,1,1,1,1.4,1.4,1.0,1.0,0.0,0.0
4.00574,-26,-38,391,0,E1A1922B1584C0774X,TE1A1B2C6D000X,1,1,1,1,1.4,1.4,1.0,1.0,0.0,0.0
4.01732,-25,-38,391,0,E1A1922B1589C0772X,TE1A1B2C6D000X,1,1,1,1,1.4,1.4,1.0,1.0,0.0,0.0
4.02969,-24,-39,393,0,E1A1922B1594C0771X,TE1A1B2C6D000X,1,1,1,1,1.4,1.4,1.0,1.0,0.0,0.0
4.04087,-22,-39,393,0,E1A1922B1599C0769X,TE1A1B2C6D000X,1,1,1,1,1.4,1.4,1.0,1.0,0.0,0.0
4.05268,-21,-39,393,0,E1A1922B1604C0767X,TE1A1B2C6D000X,1,1,1,1,1.4,1.4,1.0,1.0,0.0,0.0
4.06756,-20,-39,394,0,E1A1922B1610C0766X,TE1A1B2C6D000X,1,1,1,1,1.4,1.4,1.0,1.0,0.0,0.0
4.0914,-19,-40,394,0,E1A1922B1616C0763X,TE1A1B2C6D000X,1,1,1,1,1.4,1.4,1.0,1.0,0.0,0.0
4.11584,-18,-40,394,0,E1A1922B1622C0760X,TE1A1B2C6D000X,1,1,1,1,1.4,1.4,1.0,1.0,0.0,0.0
4.12759,-16,-40,395,0,E1A1922B1628C0759X,TE1A1B2C6D000X,1,1,1,1,1.4,1.4,1.0,1.0,0.0,0.0
4.13895,-15,-40,395,0,E1A1922B1633C0756X,TE1A1B2C6D000X,1,1,1,1,1.4,1.4,1.0,1.0,0.0,0.0
4.1505,-14,-41,394,0,E1A1922B1638C0754X,TE1A1B2C6D000X,1,1,1,1,1.4,1.4,1.0,1.0,0.0,0.0
4.16218,-13,-41,394,0,E1A1922B1643C0752X,TE1A1B2C6D000X,1,1,1,1,1.4,1.4,1.0,1.0,0.0,0.0
4.17359,-12,-41,394,0,E1A1922B1648C0750X,TE1A1B2C6D000X,1,1,1,1,1.4,1.4,1.0,1.0,0.0,0.0
4.18514,-11,-41,393,0,E1A1922B1652C0747X,TE1A1B2C6D000X,1,1,1,1,1.4,1.4,1.0,1.0,0.0,0.0
4.19685,-10,-41,392,0,E1A1922B1656C0745X,TE1A1B2C6D000X,1,1,1,1,1.4,1.4,1.0,1.0,0.0,0.0
4.20795,-9,-41,391,0,E1A1922B1659C0742X,TE1A1B2C6D000X,1,1,1,1,1.4,1.4,1.0,1.0,0.0,0.0
4.21963,-8,-41,391,0,E1A1922B1664C0741X,TE1A1B2C6D000X,1,1,1,1,1.4,1.4,1.0,1.0,0.0,0.0
4.23136,-7,-41,392,0,E1A1922B1668C0740X,TE1A1B2C6D000X,1,1,1,1,1.4,1.4,1.0,1.0,0.0,0.0
4.24372,-6,-41,391,0,E1A1922B1671C0739X,TE1A1B2C6D000X,1,1,1,1,1.4,1.4,1.0,1.0,0.0,0.0
4.25505,-5,-41,391,0,E1A1922B1674C0737X,TE1A1B2C6D000X,1,1,1,1,1.4,1.4,1.0,1.0,0.0,0.0
4.27184,-5,-40,390,0,E1A1922B1677C0735X,TE1A1B2C6D000X,1,1,1,1,1.4,1.4,1.0,1.0,0.0,0.0
4.28377,-4,-40,390,0,E1A1922B1681C0735X,TE1A1B2C6D000X,1,1,1,1,1.4,1.4,1.0,1.0,0.0,0.0
4.30776,-3,-40,390,0,E1A1922B1684C0734X,TE1A1B2C6D000X,1,1,1,1,1.4,1.4,1.0,1.0,0.0,0.0
4.31973,-3,-40,390,0,E1A1922B1686C0733X,TE1A1B2C6D000X,1,1,1,1,1.4,1.4,1.0,1.0,0.0,0.0
4.33133,-2,-40,390,0,E1A1922B1689C0732X,TE1A1B2C6D000X,1,1,1,1,1.4,1.4,1.0,1.0,0.0,0.0
4.34214,-2,-40,389,0,E1A1922B1691C0730X,TE1A1B2C6D000X,1,1,1,1,1.4,1.4,1.0,1.0,0.0,0.0
4.35368,-1,-40,389,0,E1A1922B1693C0730X,TE1A1B2C6D000X,1,1,1,1,1.4,1.4,1.0,1.0,0.0,0.0
4.36529,-1,-40,388,0,E1A1922B1694C0729X,TE1A1B2C6D000X,1,1,1,1,1.4,1.4,1.0,1.0,0.0,0.0
4.37717,0,-40,389,0,E1A1922B1696C0729X,TE1A1B2C6D000X,1,1,1,1,1.4,1.4,1.0,1.0,0.0,0.0
4.39554,0,-40,389,0,E1A1922B1698C0728X,TE1A1B2C6D000X,1,1,1,1,1.4,1.4,1.0,1.0,0.0,0.0
4.40799,0,-40,388,0,E1A1922B1699C0727X,TE1A1B2C6D000X,1,1,1,1,1.4,1.4,1.0,1.0,0.0,0.0
4.42001,0,-40,388,0,E1A1922B1700C0726X,TE1A1B2C6D000X,1,1,1,1,1.4,1.4,1.0,1.0,0.0,0.0
4.43168,0,-40,387,0,E1A1922B1701C0725X,TE1A1B2C6D000X,1,1,1,1,1.4,1.4,1.0,1.0,0.0,0.0
4.44417,0,-40,388,0,E1A1922B1703C0726X,TE1A1B2C6D000X,1,1,1,1,1.4,1.4,1.0,1.0,0.0,0.0
4.45501,0,-40,388,0,E1A1922B1703C0725X,TE1A1B2C6D000X,1,1,1,1,1.4,1.4,1.0,1.0,0.0,0.0
4.46671,0,-40,388,0,E1A1922B1704C0725X,TE1A1B2C6D000X,1,1,1,1,1.4,1.4,1.0,1.0,0.0,0.0
4.47801,0,-40,388,0,E1A1922B1705C0726X,TE1A1B2C6D000X,1,1,1,1,1.4,1.4,1.0,1.0,0.0,0.0
4.48949,1,-40,388,0,E1A1922B1706C0726X,TE1A1B2C6D000X,1,1,1,1,1.4,1.4,1.0,1.0,0.0,0.0
4.50107,1,-40,388,0,E1A1922B1706C0727X,TE1A1B2C6D000X,1,1,1,1,1.4,1.4,1.0,1.0,0.0,0.0
4.51249,1,-40,389,0,E1A1922B1707C0728X,TE1A1B2C6D000X,1,1,1,1,1.4,1.4,1.0,1.0,0.0,0.0
4.52357,1,-40,389,0,E1A1922B1707C0728X,TE1A1B2C6D000X,1,1,1,1,1.4,1.4,1.0,1.0,0.0,0.0
4.53511,1,-40,389,0,E1A1922B1708C0730X,TE1A1B1C6D000X,1,1,1,1,1.4,1.4,1.0,1.0,0.0,0.0
4.54638,1,-40,389,0,E1A1922B1708C0732X,TE1A1B1C6D000X,1,1,1,1,1.4,1.4,1.0,1.0,0.0,0.0
4.55816,1,-39,389,0,E1A1922B1709C0732X,TE1A1B1C6D000X,1,1,1,1,1.4,1.4,1.0,1.0,0.0,0.0
4.56967,1,-39,389,0,E1A1922B1710C0735X,TE1A1B1C6D000X,1,1,1,1,1.4,1.4,1.0,1.0,0.0,0.0
4.5813,1,-39,390,0,E1A1922B1710C0737X,TE1A1B1C6D000X,1,1,1,1,1.4,1.4,1.0,1.0,0.0,0.0
4.59365,1,-39,389,0,E1A1922B1711C0738X,TE1A1B1C6D000X,1,1,1,1,1.4,1.4,1.0,1.0,0.0,0.0
4.60493,2,-38,390,0,E1A1922B1712C0741X,TE1A1B1C6D000X,1,1,1,1,1.4,1.4,1.0,1.0,0.0,0.0
4.61636,2,-38,390,0,E1A1922B1714C0744X,TE1A1B1C6D000X,1,1,1,1,1.4,1.4,1.0,1.0,0.0,0.0
4.6273,2,-38,390,0,E1A1922B1715C0747X,TE1A1B1C6D000X,1,1,1,1,1.4,1.4,1.0,1.0,0.0,0.0
4.63872,2,-37,391,0,E1A1922B1716C0750X,TE1A1B1C6D000X,1,1,1,1,1.4,1.4,1.0,1.0,0.0,0.0
4.65036,3,-37,390,0,E1A1922B1717C0752X,TE1A1B1C6D000X,1,1,1,1,1.4,1.4,1.0,1.0,0.0,0.0
4.6618,3,-37,390,0,E1A1922B1719C0755X,TE1A1B1C6D000X,1,1,1,1,1.4,1.4,1.0,1.0,0.0,0.0
4.67303,3,-36,391,0,E1A1922B1721C0757X,TE1A1B1C6D000X,1,1,1,1,1.4,1.4,1.0,1.0,0.0,0.0
4.6847,4,-36,390,0,E1A1922B1722C0758X,TE1A1B1C6D000X,1,1,1,1,1.4,1.4,1.0,1.0,0.0,0.0
4.69594,4,-36,391,0,E1A1922B1724C0760X,TE1A1B1C6D000X,1,1,1,1,1.4,1.4,1.0,1.0,0.0,0.0
4.70718,4,-36,390,0,E1A1922B1726C0761X,TE1A1B1C6D000X,1,1,1,1,1.4,1.4,1.0,1.0,0.0,0.0
4.71873,5,-35,389,0,E1A1922B1728C0761X,TE1A1B1C6D000X,1,1,1,1,1.4,1.4,1.0,1.0,0.0,0.0
4.73004,5,-35,389,0,E1A1922B1730C0762X,TE1A1B1C6D000X,1,1,1,1,1.4,1.4,1.0,1.0,0.0,0.0
4.74109,6,-35,389,0,E1A1922B1732C0762X,TE1A1B1C6D000X,1,1,1,1,1.4,1.4,1.0,1.0,0.0,0.0
4.75294,6,-35,389,0,E1A1922B1735C0763X,TE1A1B1C6D000X,1,1,1,1,1.4,1.4,1.0,1.0,0.0,0.0
4.76445,7,-34,389,0,E1A1922B1737C0763X,TE1A1B1C6D000X,1,1,1,1,1.4,1.4,1.0,1.0,0.0,0.0
4.77542,7,-34,389,0,E1A1922B1741C0764X,TE1A1B1C6D000X,1,1,1,1,1.4,1.4,1.0,1.0,0.0,0.0
4.78727,8,-34,389,0,E1A1922B1744C0763X,TE1A1B1C6D000X,1,1,1,1,1.4,1.4,1.0,1.0,0.0,0.0
4.79885,9,-34,389,0,E1A1922B1747C0763X,TE1A1B1C6D000X,1,1,1,1,1.4,1.4,1.0,1.0,0.0,0.0
4.81013,9,-34,390,0,E1A1922B1751C0763X,TE1A1B1C6D000X,1,1,1,1,1.4,1.4,1.0,1.0,0.0,0.0
4.82181,10,-34,389,0,E1A1922B1754C0763X,TE1A1B1C6D000X,1,1,1,1,1.4,1.4,1.0,1.0,0.0,0.0
4.83589,11,-34,390,0,E1A1922B1759C0763X,TE1A1B1C6D000X,1,1,1,1,1.4,1.4,1.0,1.0,0.0,0.0
4.84799,12,-33,389,0,E1A1922B1763C0761X,TE1A1B1C6D000X,1,1,1,1,1.4,1.4,1.0,1.0,0.0,0.0
4.86052,13,-33,389,0,E1A1922B1768C0761X,TE1A1B1C6D000X,1,1,1,1,1.4,1.4,1.0,1.0,0.0,0.0
4.87169,13,-33,389,0,E1A1922B1772C0759X,TE1A1B1C6D000X,1,1,1,1,1.4,1.4,1.0,1.0,0.0,0.0
4.88591,14,-33,388,0,E1A1922B1777C0758X,TE1A1B1C6D000X,1,1,1,1,1.4,1.4,1.0,1.0,0.0,0.0
4.89809,15,-33,388,0,E1A1922B1782C0756X,TE1A1B1C6D000X,1,1,1,1,1.4,1.4,1.0,1.0,0.0,0.0
4.91059,16,-33,388,0,E1A1922B1787C0755X,TE1A1B1C6D000X,1,1,1,1,1.4,1.4,1.0,1.0,0.0,0.0
4.92221,17,-32,387,0,E1A1922B1793C0752X,TE1A1B1C6D000X,1,1,1,1,1.4,1.4,1.0,1.0,0.0,0.0
4.93412,18,-32,387,0,E1A1922B1798C0749X,TE1A1B1C6D000X,1,1,1,1,1.4,1.4,1.0,1.0,0.0,0.0
4.94519,20,-32,387,0,E1A1922B1804C0747X,TE1A1B1C6D000X,1,1,1,1,1.4,1.4,1.0,1.0,0.0,0.0
4.95705,21,-32,387,0,E1A1922B1810C0743X,TE1A1B1C6D000X,1,1,1,1,1.4,1.4,1.0,1.0,0.0,0.0
4.96877,22,-32,386,0,E1A1922B1816C0738X,TE1A1B1C6D000X,1,1,1,1,1.4,1.4,1.0,1.0,0.0,0.0
4.98039,23,-32,385,0,E1A1922B1822C0732X,TE1A1B1C6D000X,1,1,1,1,1.4,1.4,1.0,1.0,0.0,0.0
4.99177,24,-32,386,0,E1A1922B1828C0728X,TE1A1B1C6D000X,1,1,1,1,1.4,1.4,1.0,1.0,0.0,0.0
5.00364,25,-32,385,0,E1A1922B1835C0722X,TE1A1B1C6D000X,1,1,1,1,1.4,1.4,1.0,1.0,0.0,0.0
5.01502,26,-32,385,0,E1A1922B1841C0716X,TE1A1B1C6D000X,1,1,1,1,1.4,1.4,1.0,1.0,0.0,0.0
5.02616,28,-33,386,0,E1A1922B1848C0710X,TE1A1B1C6D000X,1,1,1,1,1.4,1.4,1.0,1.0,0.0,0.0
5.03835,29,-33,387,0,E1A1922B1854C0704X,TE1A1B1C6D000X,1,1,1,1,1.4,1.4,1.0,1.0,0.0,0.0
5.05199,30,-33,387,0,E1A1922B1861C0696X,TE1A1B1C6D000X,1,1,1,1,1.4,1.4,1.0,1.0,0.0,0.0
5.06446,31,-34,386,0,E1A1922B1869C0685X,TE1A1B1C6D000X,1,1,1,1,1.4,1.4,1.0,1.0,0.0,0.0
5.07634,33,-34,386,0,E1A1922B1877C0675X,TE1A1B1C6D000X,1,1,1,1,1.4,1.4,1.0,1.0,0.0,0.0
5.08818,34,-34,387,0,E1A1922B1885C0665X,TE1A1B1C6D000X,1,1,1,1,1.4,1.4,1.0,1.0,0.0,0.0
5.09985,36,-35,386,0,E1A1922B1892C0653X,TE1A1B1C6D000X,1,1,1,1,1.4,1.4,1.0,1.0,0.0,0.0
5.11144,37,-35,386,0,E1A1922B1900C0640X,TE1A1B1C6D000X,1,1,1,1,1.4,1.4,1.0,1.0,0.0,0.0
5.12282,39,-36,386,0,E1A1923B1900C0634X,TE1A1B1C6D000X,1,1,1,1,1.4,1.4,1.0,1.0,0.0,0.0
5.1443,40,-36,386,0,E1A1914B1900C0637X,TE1A1B1C6D000X,1,1,1,1,1.4,1.4,1.0,1.0,0.0,0.0
5.16422,42,-37,386,0,E1A1906B1900C0640X,TE1A1B1C6D000X,1,1,1,1,1.4,1.4,1.0,1.0,0.0,0.0
5.17647,43,-37,386,0,E1A1898B1900C0643X,TE1A1B1C6D000X,1,1,1,1,1.4,1.4,1.0,1.0,0.0,0.0
5.18817,45,-38,387,0,E1A1889B1900C0647X,TE1A1B1C6D000X,1,1,1,1,1.4,1.4,1.0,1.0,0.0,0.0
5.20031,46,-38,387,0,E1A1881B1900C0649X,TE1A1B1C6D000X,1,1,1,1,1.4,1.4,1.0,1.0,0.0,0.0
5.21189,47,-39,387,0,E1A1873B1900C0652X,TE1A1B1C6D000X,1,1,1,1,1.4,1.4,1.0,1.0,0.0,0.0
5.22396,49,-39,387,0,E1A1866B1900C0654X,TE1A1B1C6D000X,1,1,1,1,1.4,1.4,1.0,1.0,0.0,0.0
5.23571,50,-40,387,0,E1A1860B1900C0655X,TE1A1B1C6D000X,1,1,1,1,1.4,1.4,1.0,1.0,0.0,0.0
5.25639,51,-40,388,0,E1A1853B1900C0658X,TE1A1B1C6D000X,1,1,1,1,1.4,1.4,1.0,1.0,0.0,0.0
5.27613,52,-40,389,0,E1A1846B1900C0661X,TE1A1B1C6D000X,1,1,1,1,1.4,1.4,1.0,1.0,0.0,0.0
5.28823,53,-41,388,0,E1A1841B1900C0662X,TE1A1B1C6D000X,1,1,1,1,1.4,1.4,1.0,1.0,0.0,0.0
5.30014,53,-41,387,0,E1A1836B1900C0662X,TE1A1B1C6D000X,1,1,1,1,1.4,1.4,1.0,1.0,0.0,0.0
5.3119,54,-41,386,0,E1A1831B1900C0664X,TE1A1B1C6D000X,1,1,1,1,1.4,1.4,1.0,1.0,0.0,0.0
5.32368,55,-41,386,0,E1A1826B1900C0668X,TE1A1B1C6D000X,1,1,1,1,1.4,1.4,1.0,1.0,0.0,0.0
5.33595,55,-40,386,0,E1A1822B1900C0672X,TE1A1B1C6D000X,1,1,1,1,1.4,1.4,1.0,1.0,0.0,0.0
5.35593,56,-40,386,0,E1A1817B1900C0677X,TE1A1B1C6D000X,1,1,1,1,1.4,1.4,1.0,1.0,0.0,0.0
5.36809,56,-40,386,0,E1A1813B1900C0682X,TE1A1B1C6D000X,1,1,1,1,1.4,1.4,1.0,1.0,0.0,0.0
5.38079,57,-40,386,0,E1A1809B1900C0687X,TE1A1B1C6D000X,1,1,1,1,1.4,1.4,1.0,1.0,0.0,0.0
5.39285,57,-39,386,0,E1A1805B1900C0692X,TE1A1B1C6D000X,1,1,1,1,1.4,1.4,1.0,1.0,0.0,0.0
5.405,57,-39,385,0,E1A1801B1900C0697X,TE1A1B1C6D000X,1,1,1,1,1.4,1.4,1.0,1.0,0.0,0.0
5.4184,58,-38,386,0,E1A1796B1900C0704X,TE1A1B1C6D000X,1,1,1,1,1.4,1.4,1.0,1.0,0.0,0.0
5.43206,58,-38,385,0,E1A1793B1900C0709X,TE1A1B1C6D000X,1,1,1,1,1.4,1.4,1.0,1.0,0.0,0.0
5.44547,59,-37,385,0,E1A1789B1900C0716X,TE1A1B1C6D000X,1,1,1,1,1.4,1.4,1.0,1.0,0.0,0.0
5.46805,59,-37,384,0,E1A1784B1900C0722X,TE1A1B1C6D000X,1,1,1,1,1.4,1.4,1.0,1.0,0.0,0.0
5.48045,60,-36,385,0,E1A1779B1900C0731X,TE1A1B1C6D000X,1,1,1,1,1.4,1.4,1.0,1.0,0.0,0.0
5.49321,60,-35,384,0,E1A1775B1900C0737X,TE1A1B1C6D000X,1,1,1,1,1.4,1.4,1.0,1.0,0.0,0.0
5.50517,61,-35,384,0,E1A1770B1900C0744X,TE1A1B1C6D000X,1,1,1,1,1.4,1.4,1.0,1.0,0.0,0.0
5.51725,61,-34,383,0,E1A1765B1900C0750X,TE1A1B1C6D000X,1,1,1,1,1.4,1.4,1.0,1.0,0.0,0.0
5.52889,62,-34,383,0,E1A1761B1900C0756X,TE1A1B1C6D000X,1,1,1,1,1.4,1.4,1.0,1.0,0.0,0.0
5.54027,62,-33,382,0,E1A1757B1900C0759X,TE1A1B1C6D000X,1,1,1,1,1.4,1.4,1.0,1.0,0.0,0.0
5.55208,62,-33,381,0,E1A1753B1900C0764X,TE1A1B1C6D000X,1,1,1,1,1.4,1.4,1.0,1.0,0.0,0.0
5.56388,63,-32,381,0,E1A1748B1900C0769X,TE1A1B1C6D000X,1,1,1,1,1.4,1.4,1.0,1.0,0.0,0.0
5.57555,63,-32,381,0,E1A1744B1900C0773X,TE1A1B1C6D000X,1,1,1,1,1.4,1.4,1.0,1.0,0.0,0.0
5.58748,63,-32,381,0,E1A1740B1900C0776X,TE1A1B1C6D000X,1,1,1,1,1.4,1.4,1.0,1.0,0.0,0.0
5.59937,64,-31,381,0,E1A1736B1900C0780X,TE1A1B1C6D000X,1,1,1,1,1.4,1.4,1.0,1.0,0.0,0.0
5.61085,64,-31,381,0,E1A1731B1900C0782X,TE1A1B1C6D000X,1,1,1,1,1.4,1.4,1.0,1.0,0.0,0.0
5.62806,65,-31,381,0,E1A1727B1900C0785X,TE1A1B1C6D000X,1,1,1,1,1.4,1.4,1.0,1.0,0.0,0.0
5.64024,65,-31,381,0,E1A1722B1900C0786X,TE1A1B1C6D000X,1,1,1,1,1.4,1.4,1.0,1.0,0.0,0.0
5.65199,65,-31,380,0,E1A1718B1900C0787X,TE1A1B1C6D000X,1,1,1,1,1.4,1.4,1.0,1.0,0.0,0.0
5.66385,66,-31,380,0,E1A1714B1900C0788X,TE1A1B1C6D000X,1,1,1,1,1.4,1.4,1.0,1.0,0.0,0.0
5.67507,66,-31,381,0,E1A1710B1900C0790X,TE1A1B1C6D000X,1,1,1,1,1.4,1.4,1.0,1.0,0.0,0.0
5.68683,66,-31,381,0,E1A1706B1900C0791X,TE1A1B1C6D000X,1,1,1,1,1.4,1.4,1.0,1.0,0.0,0.0
5.69835,67,-31,381,0,E1A1702B1900C0791X,TE1A2B1C6D000X,1,1,1,1,1.4,1.4,1.0,1.0,0.0,0.0
5.7107,67,-31,382,0,E1A1697B1900C0792X,TE1A2B1C6D000X,1,1,1,1,1.4,1.4,1.0,1.0,0.0,0.0
5.72512,68,-32,382,0,E1A1693B1900C0792X,TE1A2B1C6D000X,1,1,1,1,1.4,1.4,1.0,1.0,0.0,0.0
5.74046,68,-32,382,0,E1A1689B1900C0792X,TE1A2B1C6D000X,1,1,1,1,1.4,1.4,1.0,1.0,0.0,0.0
5.75248,68,-32,382,0,E1A1684B1900C0792X,TE1A2B1C6D000X,1,1,1,1,1.4,1.4,1.0,1.0,0.0,0.0
5.76451,69,-32,381,0,E1A1680B1900C0791X,TE1A2B1C6D000X,1,1,1,1,1.4,1.4,1.0,1.0,0.0,0.0
5.77777,69,-32,381,0,E1A1675B1900C0791X,TE1A2B1C6D000X,1,1,1,1,1.4,1.4,1.0,1.0,0.0,0.0
5.79166,70,-32,381,0,E1A1671B1900C0791X,TE1A2B1C6D000X,1,1,1,1,1.4,1.4,1.0,1.0,0.0,0.0
5.80898,70,-32,381,0,E1A1666B1900C0790X,TE1A2B1C6D000X,1,1,1,1,1.4,1.4,1.0,1.0,0.0,0.0
5.82102,70,-32,381,0,E1A1661B1900C0789X,TE1A2B1C6D000X,1,1,1,1,1.4,1.4,1.0,1.0,0.0,0.0
5.83294,71,-32,381,0,E1A1656B1900C0789X,TE1A2B1C6D000X,1,1,1,1,1.4,1.4,1.0,1.0,0.0,0.0
5.84471,71,-33,381,0,E1A1651B1900C0788X,TE1A2B1C6D000X,1,1,1,1,1.4,1.4,1.0,1.0,0.0,0.0
5.85609,72,-33,381,0,E1A1646B1900C0788X,TE1A2B1C6D000X,1,1,1,1,1.4,1.4,1.0,1.0,0.0,0.0
5.86787,72,-33,381,0,E1A1641B1900C0786X,TE1A2B1C6D000X,1,1,1,1,1.4,1.4,1.0,1.0,0.0,0.0
5.87915,73,-33,381,0,E1A1635B1900C0786X,TE1A2B1C6D000X,1,1,1,1,1.4,1.4,1.0,1.0,0.0,0.0
5.90011,74,-34,381,0,E1A1630B1900C0784X,TE1A2B1C6D000X,1,1,1,1,1.4,1.4,1.0,1.0,0.0,0.0
5.91226,74,-34,380,0,E1A1625B1900C0782X,TE1A2B1C6D000X,1,1,1,1,1.4,1.4,1.0,1.0,0.0,0.0
5.92425,74,-34,380,0,E1A1620B1900C0779X,TE1A2B1C6D000X,1,1,1,1,1.4,1.4,1.0,1.0,0.0,0.0
5.93647,75,-34,380,0,E1A1614B1900C0778X,TE1A2B1C6D000X,1,1,1,1,1.4,1.4,1.0,1.0,0.0,0.0
5.95597,75,-34,380,0,E1A1609B1900C0777X,TE1A2B1C6D000X,1,1,1,1,1.4,1.4,1.0,1.0,0.0,0.0
5.96818,76,-35,380,0,E1A1605B1900C0776X,TE1A2B1C6D000X,1,1,1,1,1.4,1.4,1.0,1.0,0.0,0.0
5.98021,76,-35,380,0,E1A1600B1900C0774X,TE1A2B1C6D000X,1,1,1,1,1.4,1.4,1.0,1.0,0.0,0.0
5.99218,77,-35,380,0,E1A1596B1900C0773X,TE1A2B1C6D000X,1,1,1,1,1.4,1.4,1.0,1.0,0.0,0.0
6.00396,77,-35,380,0,E1A1591B1900C0772X,TE1A2B1C6D000X,1,1,1,1,1.4,1.4,1.0,1.0,0.0,0.0
6.01637,77,-36,380,0,E1A1587B1900C0770X,TE1A2B1C6D000X,1,1,1,1,1.4,1.4,1.0,1.0,0.0,0.0
6.02771,78,-36,380,0,E1A1582B1900C0769X,TE1A2B1C6D000X,1,1,1,1,1.4,1.4,1.0,1.0,0.0,0.0
6.0396,78,-36,380,0,E1A1579B1900C0767X,TE1A2B1C6D000X,1,1,1,1,1.4,1.4,1.0,1.0,0.0,0.0
6.05148,78,-36,380,0,E1A1575B1900C0767X,TE1A2B1C6D000X,1,1,1,1,1.4,1.4,1.0,1.0,0.0,0.0
6.08032,78,-36,380,0,E1A1570B1900C0767X,TE1A2B1C6D000X,1,1,1,1,1.4,1.4,1.0,1.0,0.0,0.0
6.09214,78,-36,379,0,E1A1565B1900C0767X,TE1A2B1C6D000X,1,1,1,1,1.4,1.4,1.0,1.0,0.0,0.0
6.10456,79,-36,379,0,E1A1561B1900C0766X,TE1A2B1C6D000X,1,1,1,1,1.4,1.4,1.0,1.0,0.0,0.0
6.11628,79,-36,379,0,E1A1557B1900C0767X,TE1A2B1C6D000X,1,1,1,1,1.4,1.4,1.0,1.0,0.0,0.0
6.12789,79,-36,379,0,E1A1553B1900C0768X,TE1A2B1C6D000X,1,1,1,1,1.4,1.4,1.0,1.0,0.0,0.0
6.13937,80,-36,380,0,E1A1548B1900C0769X,TE1A2B1C6D000X,1,1,1,1,1.4,1.4,1.0,1.0,0.0,0.0
6.15119,80,-36,380,0,E1A1545B1900C0770X,TE1A2B1C6D000X,1,1,1,1,1.4,1.4,1.0,1.0,0.0,0.0
6.16339,80,-36,380,0,E1A1541B1900C0771X,TE1A2B1C6D000X,1,1,1,1,1.4,1.4,1.0,1.0,0.0,0.0
6.17488,80,-36,381,0,E1A1537B1900C0772X,TE1A2B1C6D000X,1,1,1,1,1.4,1.4,1.0,1.0,0.0,0.0
6.18675,80,-36,380,0,E1A1534B1900C0771X,TE1A2B1C6D000X,1,1,1,1,1.4,1.4,1.0,1.0,0.0,0.0
6.19825,80,-36,380,0,E1A1531B1900C0772X,TE1A2B1C6D000X,1,1,1,1,1.4,1.4,1.0,1.0,0.0,0.0
6.21584,80,-36,380,0,E1A1528B1900C0771X,TE1A2B1C6D000X,1,1,1,1,1.4,1.4,1.0,1.0,0.0,0.0
6.22822,80,-36,381,0,E1A1526B1900C0771X,TE1A2B1C6D000X,1,1,1,1,1.4,1.4,1.0,1.0,0.0,0.0
6.24006,80,-36,380,0,E1A1524B1900C0769X,TE1A2B1C6D000X,1,1,1,1,1.4,1.4,1.0,1.0,0.0,0.0
6.25209,80,-36,380,0,E1A1522B1900C0769X,TE1A2B1C6D000X,1,1,1,1,1.4,1.4,1.0,1.0,0.0,0.0
6.26406,79,-36,380,0,E1A1520B1900C0768X,TE1A2B1C6D000X,1,1,1,1,1.4,1.4,1.0,1.0,0.0,0.0
6.27548,79,-36,380,0,E1A1518B1900C0767X,TE1A2B1C6D000X,1,1,1,1,1.4,1.4,1.0,1.0,0.0,0.0
6.2874,79,-36,380,0,E1A1517B1900C0766X,TE1A2B1C6D000X,1,1,1,1,1.4,1.4,1.0,1.0,0.0,0.0
6.29892,79,-36,380,0,E1A1515B1900C0766X,TE1A2B1C6D000X,1,1,1,1,1.4,1.4,1.0,1.0,0.0,0.0
6.31138,79,-37,381,0,E1A1513B1900C0764X,TE1A2B1C6D000X,1,1,1,1,1.4,1.4,1.0,1.0,0.0,0.0
6.3228,78,-37,381,0,E1A1512B1900C0763X,TE1A2B1C6D000X,1,1,1,1,1.4,1.4,1.0,1.0,0.0,0.0
6.33471,78,-37,381,0,E1A1511B1900C0762X,TE1A2B1C6D000X,1,1,1,1,1.4,1.4,1.0,1.0,0.0,0.0
6.35407,78,-37,381,0,E1A1509B1900C0762X,TE1A2B1C6D000X,1,1,1,1,1.4,1.4,1.0,1.0,0.0,0.0
6.36611,77,-37,380,0,E1A1508B1900C0759X,TE1A2B1C6D000X,1,1,1,1,1.4,1.4,1.0,1.0,0.0,0.0
6.378,77,-37,380,0,E1A1507B1900C0757X,TE1A2B1C6D000X,1,1,1,1,1.4,1.4,1.0,1.0,0.0,0.0
6.38991,77,-38,380,0,E1A1506B1900C0756X,TE1A2B1C6D000X,1,1,1,1,1.4,1.4,1.0,1.0,0.0,0.0
6.40164,76,-38,380,0,E1A1505B1900C0755X,TE1A2B1C6D000X,1,1,1,1,1.4,1.4,1.0,1.0,0.0,0.0
6.41328,76,-38,379,0,E1A1505B1900C0753X,TE1A2B1C6D000X,1,1,1,1,1.4,1.4,1.0,1.0,0.0,0.0
6.42534,75,-38,380,0,E1A1504B1900C0753X,TE1A2B1C6D000X,1,1,1,1,1.4,1.4,1.0,1.0,0.0,0.0
6.43724,75,-38,380,0,E1A1504B1900C0752X,TE1A2B1C6D000X,1,1,1,1,1.4,1.4,1.0,1.0,0.0,0.0
6.44906,74,-38,380,0,E1A1504B1900C0751X,TE1A2B1C6D000X,1,1,1,1,1.4,1.4,1.0,1.0,0.0,0.0
6.46416,74,-38,379,0,E1A1504B1900C0748X,TE1A2B1C6D000X,1,1,1,1,1.4,1.4,1.0,1.0,0.0,0.0
6.47577,73,-39,380,0,E1A1505B1900C0747X,TE1A2B1C6D000X,1,1,1,1,1.4,1.4,1.0,1.0,0.0,0.0
6.4881,73,-39,380,0,E1A1505B1900C0746X,TE1A2B1C6D000X,1,1,1,1,1.4,1.4,1.0,1.0,0.0,0.0
6.49997,72,-39,380,0,E1A1506B1900C0745X,TE1A2B1C6D000X,1,1,1,1,1.4,1.4,1.0,1.0,0.0,0.0
6.512,71,-39,380,0,E1A1507B1900C0743X,TE1A2B1C6D000X,1,1,1,1,1.4,1.4,1.0,1.0,0.0,0.0
6.52329,71,-40,381,0,E1A1508B1900C0743X,TE1A2B1C6D000X,1,1,1,1,1.4,1.4,1.0,1.0,0.0,0.0
6.53524,70,-40,380,0,E1A1509B1900C0741X,TE1A2B1C6D000X,1,1,1,1,1.4,1.4,1.0,1.0,0.0,0.0
6.54658,70,-40,380,0,E1A1510B1900C0739X,TE1A2B1C6D000X,1,1,1,1,1.4,1.4,1.0,1.0,0.0,0.0
6.55872,69,-40,381,0,E1A1510B1900C0737X,TE1A2B1C6D000X,1,1,1,1,1.4,1.4,1.0,1.0,0.0,0.0
6.57055,68,-41,381,0,E1A1511B1900C0736X,TE1A2B1C6D000X,1,1,1,1,1.4,1.4,1.0,1.0,0.0,0.0
6.58233,68,-41,381,0,E1A1512B1900C0734X,TE1A2B1C6D000X,1,1,1,1,1.4,1.4,1.0,1.0,0.0,0.0
6.59416,67,-41,381,0,E1A1512B1900C0733X,TE1A2B1C6D000X,1,1,1,1,1.4,1.4,1.0,1.0,0.0,0.0
6.60554,67,-41,381,0,E1A1512B1900C0730X,TE1A2B1C6D000X,1,1,1,1,1.4,1.4,1.0,1.0,0.0,0.0
6.63224,66,-42,381,0,E1A1513B1900C0727X,TE1A2B1C6D000X,1,1,1,1,1.4,1.4,1.0,1.0,0.0,0.0
6.64407,66,-42,381,0,E1A1514B1900C0724X,TE1A2B1C6D000X,1,1,1,1,1.4,1.4,1.0,1.0,0.0,0.0
6.65612,65,-43,381,0,E1A1514B1900C0720X,TE1A2B1C6D000X,1,1,1,1,1.4,1.4,1.0,1.0,0.0,0.0
6.66821,65,-43,382,0,E1A1515B1900C0718X,TE1A2B1C6D000X,1,1,1,1,1.4,1.4,1.0,1.0,0.0,0.0
6.67998,64,-44,383,0,E1A1516B1900C0714X,TE1A2B1C6D000X,1,1,1,1,1.4,1.4,1.0,1.0,0.0,0.0
6.69392,64,-44,382,0,E1A1517B1900C0709X,TE1A2B1C6D000X,1,1,1,1,1.4,1.4,1.0,1.0,0.0,0.0
6.70596,63,-45,382,0,E1A1518B1900C0705X,TE1A2B1C6D000X,1,1,1,1,1.4,1.4,1.0,1.0,0.0,0.0
6.71771,63,-46,383,0,E1A1519B1900C0701X,TE1A2B1C6D000X,1,1,1,1,1.4,1.4,1.0,1.0,0.0,0.0
6.72944,62,-46,383,0,E1A1520B1900C0697X,TE1A2B1C6D000X,1,1,1,1,1.4,1.4,1.0,1.0,0.0,0.0
6.74087,62,-47,383,0,E1A1520B1900C0692X,TE1A2B1C6D000X,1,1,1,1,1.4,1.4,1.0,1.0,0.0,0.0
6.7528,61,-48,383,0,E1A1520B1900C0687X,TE1A2B1C6D000X,1,1,1,1,1.4,1.4,1.0,1.0,0.0,0.0
6.76461,61,-48,384,0,E1A1521B1900C0682X,TE1A2B1C6D000X,1,1,1,1,1.4,1.4,1.0,1.0,0.0,0.0
6.78016,61,-49,384,0,E1A1523B1900C0677X,TE1A2B1C6D000X,1,1,1,1,1.4,1.4,1.0,1.0,0.0,0.0
6.79209,60,-50,384,0,E1A1524B1900C0672X,TE1A2B1C6D000X,1,1,1,1,1.4,1.4,1.0,1.0,0.0,0.0
6.8043,59,-51,385,0,E1A1525B1900C0667X,TE1A2B1C6D000X,1,1,1,1,1.4,1.4,1.0,1.0,0.0,0.0
6.81664,59,-52,384,0,E1A1527B1900C0661X,TE1A2B1C6D000X,1,1,1,1,1.4,1.4,1.0,1.0,0.0,0.0
6.82797,58,-52,385,0,E1A1528B1900C0656X,TE1A2B1C6D000X,1,1,1,1,1.4,1.4,1.0,1.0,0.0,0.0
6.84836,58,-53,385,0,E1A1530B1900C0651X,TE1A2B1C6D000X,1,1,1,1,1.4,1.4,1.0,1.0,0.0,0.0
6.8722,57,-54,386,0,E1A1532B1900C0646X,TE1A2B1C6D000X,1,1,1,1,1.4,1.4,1.0,1.0,0.0,0.0
6.884,57,-55,386,0,E1A1533B1900C0642X,TE1A2B1C6D000X,1,1,1,1,1.4,1.4,1.0,1.0,0.0,0.0
6.89572,56,-55,387,0,E1A1535B1900C0639X,TE1A2B1C6D000X,1,1,1,1,1.4,1.4,1.0,1.0,0.0,0.0
6.90759,56,-56,388,0,E1A1536B1900C0635X,TE1A2B1C6D000X,1,1,1,1,1.4,1.4,1.0,1.0,0.0,0.0
6.91941,55,-57,387,0,E1A1537B1900C0630X,TE1A2B1C6D000X,1,1,1,1,1.4,1.4,1.0,1.0,0.0,0.0
6.93122,55,-57,388,0,E1A1537B1900C0628X,TE1A2B1C6D000X,1,1,1,1,1.4,1.4,1.0,1.0,0.0,0.0
6.94259,54,-58,389,0,E1A1538B1900C0626X,TE1A2B1C6D000X,1,1,1,1,1.4,1.4,1.0,1.0,0.0,0.0
6.95467,54,-58,389,0,E1A1539B1900C0623X,TE1A2B1C6D000X,1,1,1,1,1.4,1.4,1.0,1.0,0.0,0.0
6.96664,54,-59,389,0,E1A1539B1900C0620X,TE1A2B1C6D000X,1,1,1,1,1.4,1.4,1.0,1.0,0.0,0.0
6.98439,53,-59,389,0,E1A1539B1900C0617X,TE1A2B1C6D000X,1,1,1,1,1.4,1.4,1.0,1.0,0.0,0.0
6.9962,53,-59,389,0,E1A1540B1900C0614X,TE1A2B1C6D000X,1,1,1,1,1.4,1.4,1.0,1.0,0.0,0.0
7.01616,52,-60,389,0,E1A1540B1900C0610X,TE1A2B1C6D000X,1,1,1,1,1.4,1.4,1.0,1.0,0.0,0.0
7.02827,52,-60,390,0,E1A1540B1900C0608X,TE1A2B1C6D000X,1,1,1,1,1.4,1.4,1.0,1.0,0.0,0.0
7.04029,52,-61,390,0,E1A1540B1900C0604X,TE1A2B1C6D000X,1,1,1,1,1.4,1.4,1.0,1.0,0.0,0.0
7.06011,52,-62,391,0,E1A1540B1900C0601X,TE1A2B1C6D000X,1,1,1,1,1.4,1.4,1.0,1.0,0.0,0.0
7.07206,51,-62,391,0,E1A1541B1900C0597X,TE1A2B1C6D000X,1,1,1,1,1.4,1.4,1.0,1.0,0.0,0.0
7.08402,51,-63,391,0,E1A1541B1900C0594X,TE1A2B1C6D000X,1,1,1,1,1.4,1.4,1.0,1.0,0.0,0.0
7.09678,51,-63,391,0,E1A1541B1900C0591X,TE1A2B1C6D000X,1,1,1,1,1.4,1.4,1.0,1.0,0.0,0.0
7.10828,50,-64,392,0,E1A1541B1900C0588X,TE1A2B1C6D000X,1,1,1,1,1.4,1.4,1.0,1.0,0.0,0.0
7.12015,50,-64,391,0,E1A1541B1900C0583X,TE1A2B1C6D000X,1,1,1,1,1.4,1.4,1.0,1.0,0.0,0.0
7.13185,50,-65,392,0,E1A1542B1900C0580X,TE1A2B1C6D000X,1,1,1,1,1.4,1.4,1.0,1.0,0.0,0.0
7.14308,49,-65,391,0,E1A1541B1900C0576X,TE1A2B1C6D000X,1,1,1,1,1.4,1.4,1.0,1.0,0.0,0.0
7.15486,49,-66,390,0,E1A1541B1900C0571X,TE1A2B1C6D000X,1,1,1,1,1.4,1.4,1.0,1.0,0.0,0.0
7.1667,49,-66,391,0,E1A1541B1900C0569X,TE1A2B1C6D000X,1,1,1,1,1.4,1.4,1.0,1.0,0.0,0.0
7.18844,49,-67,392,0,E1A1541B1900C0565X,TE1A2B1C7D000X,1,1,1,1,1.4,1.4,1.0,1.0,0.0,0.0
7.20009,48,-67,391,0,E1A1541B1900C0561X,TE1A2B1C7D000X,1,1,1,1,1.4,1.4,1.0,1.0,0.0,0.0
7.21985,48,-68,391,0,E1A1542B1900C0557X,TE1A2B1C7D000X,1,1,1,1,1.4,1.4,1.0,1.0,0.0,0.0
7.24421,48,-69,392,0,E1A1543B1900C0553X,TE1A2B1C7D000X,1,1,1,1,1.4,1.4,1.0,1.0,0.0,0.0
7.25596,47,-69,392,0,E1A1544B1900C0549X,TE1A2B1C7D000X,1,1,1,1,1.4,1.4,1.0,1.0,0.0,0.0
7.26772,47,-70,391,0,E1A1544B1900C0544X,TE1A2B1C7D000X,1,1,1,1,1.4,1.4,1.0,1.0,0.0,0.0
7.27963,46,-70,391,0,E1A1545B1900C0540X,TE1A2B1C7D000X,1,1,1,1,1.4,1.4,1.0,1.0,0.0,0.0
7.29141,46,-71,391,0,E1A1546B1900C0535X,TE1A2B1C7D000X,1,1,1,1,1.4,1.4,1.0,1.0,0.0,0.0
7.31212,45,-71,391,0,E1A1548B1900C0532X,TE1A2B1C7D000X,1,1,1,1,1.4,1.4,1.0,1.0,0.0,0.0
7.32385,44,-72,392,0,E1A1551B1900C0528X,TE1A2B1C7D000X,1,1,1,1,1.4,1.4,1.0,1.0,0.0,0.0
7.33574,44,-72,392,0,E1A1553B1900C0524X,TE1A2B1C7D000X,1,1,1,1,1.4,1.4,1.0,1.0,0.0,0.0
7.34741,43,-73,393,0,E1A1556B1900C0522X,TE1A2B1C7D000X,1,1,1,1,1.4,1.4,1.0,1.0,0.0,0.0
7.35947,42,-74,394,0,E1A1560B1900C0519X,TE1A2B1C7D000X,1,1,1,1,1.4,1.4,1.0,1.0,0.0,0.0
7.37137,41,-74,394,0,E1A1563B1900C0515X,TE1A2B1C7D000X,1,1,1,1,1.4,1.4,1.0,1.0,0.0,0.0
7.38816,40,-75,394,0,E1A1567B1900C0511X,TE1A2B1C7D000X,1,1,1,1,1.4,1.4,1.0,1.0,0.0,0.0
7.40012,39,-75,395,0,E1A1571B1900C0507X,TE1A2B1C7D000X,1,1,1,1,1.4,1.4,1.0,1.0,0.0,0.0
7.41214,38,-76,395,0,E1A1575B1900C0503X,TE1A2B1C7D000X,1,1,1,1,1.4,1.4,1.0,1.0,0.0,0.0
7.42411,37,-76,395,0,E1A1579B1900C0498X,TE1A2B1C7D000X,1,1,1,1,1.4,1.4,1.0,1.0,0.0,0.0
7.4443,36,-77,395,0,E1A1584B1900C0493X,TE1A2B1C7D000X,1,1,1,1,1.4,1.4,1.0,1.0,0.0,0.0
7.45592,34,-77,394,0,E1A1588B1900C0487X,TE1A2B1C7D000X,1,1,1,1,1.4,1.4,1.0,1.0,0.0,0.0
7.48029,33,-78,395,0,E1A1594B1900C0482X,TE1A2B1C7D000X,1,1,1,1,1.4,1.4,1.0,1.0,0.0,0.0
7.49226,32,-79,394,0,E1A1598B1900C0475X,TE1A2B1C7D000X,1,1,1,1,1.4,1.4,1.0,1.0,0.0,0.0
7.50435,31,-80,395,0,E1A1602B1900C0470X,TE1A2B1C7D000X,1,1,1,1,1.4,1.4,1.0,1.0,0.0,0.0
7.51625,30,-80,396,0,E1A1607B1900C0465X,TE1A2B1C7D000X,1,1,1,1,1.4,1.4,1.0,1.0,0.0,0.0
7.52788,29,-81,396,0,E1A1611B1900C0460X,TE1A2B1C7D000X,1,1,1,1,1.4,1.4,1.0,1.0,0.0,0.0
7.54787,28,-82,397,0,E1A1615B1900C0455X,TE1A2B1C7D000X,1,1,1,1,1.4,1.4,1.0,1.0,0.0,0.0
7.56003,27,-83,398,0,E1A1618B1900C0449X,TE1A2B1C7D000X,1,1,1,1,1.4,1.4,1.0,1.0,0.0,0.0
7.57212,27,-84,398,0,E1A1621B1900C0444X,TE1A2B1C7D000X,1,1,1,1,1.4,1.4,1.0,1.0,0.0,0.0
7.58377,26,-84,399,0,E1A1623B1900C0439X,TE1A2B1C7D000X,1,1,1,1,1.4,1.4,1.0,1.0,0.0,0.0
7.59551,26,-85,399,0,E1A1625B1900C0435X,TE1A2B1C7D000X,1,1,1,1,1.4,1.4,1.0,1.0,0.0,0.0
7.60697,25,-85,398,0,E1A1627B1900C0428X,TE1A2B1C7D000X,1,1,1,1,1.4,1.4,1.0,1.0,0.0,0.0
7.61859,25,-86,398,0,E1A1628B1900C0424X,TE1A2B1C7D000X,1,1,1,1,1.4,1.4,1.0,1.0,0.0,0.0
7.64015,24,-87,398,0,E1A1629B1900C0420X,TE1A2B1C7D000X,1,1,1,1,1.4,1.4,1.0,1.0,0.0,0.0
7.66003,24,-87,399,0,E1A1630B1900C0415X,TE1A2B1C7D000X,1,1,1,1,1.4,1.4,1.0,1.0,0.0,0.0
7.672,24,-88,398,0,E1A1630B1900C0410X,TE1A2B1C7D000X,1,1,1,1,1.4,1.4,1.0,1.0,0.0,0.0
7.68399,24,-89,399,0,E1A1630B1900C0406X,TE1A2B1C7D000X,1,1,1,1,1.4,1.4,1.0,1.0,0.0,0.0
7.69567,24,-89,400,0,E1A1631B1900C0404X,TE1A2B1C7D000X,1,1,1,1,1.4,1.4,1.0,1.0,0.0,0.0
7.71575,23,-90,399,0,E1A1630B1900C0400X,TE1A2B1C7D000X,1,1,1,1,1.4,1.4,1.0,1.0,0.0,0.0
7.72784,24,-90,399,0,E1A1630B1900C0396X,TE1A2B1C7D000X,1,1,1,1,1.4,1.4,1.0,1.0,0.0,0.0
7.73997,24,-91,400,0,E1A1629B1900C0394X,TE1A2B1C7D000X,1,1,1,1,1.4,1.4,1.0,1.0,0.0,0.0
7.75192,24,-92,401,0,E1A1628B1900C0392X,TE1A2B1C7D000X,1,1,1,1,1.4,1.4,1.0,1.0,0.0,0.0
7.76402,24,-92,400,0,E1A1627B1900C0390X,TE1A2B1C7D000X,1,1,1,1,1.4,1.4,1.0,1.0,0.0,0.0
7.77513,24,-92,400,0,E1A1625B1900C0388X,TE1A2B1C7D000X,1,1,1,1,1.4,1.4,1.0,1.0,0.0,0.0
7.78674,24,-92,400,0,E1A1624B1900C0388X,TE1A2B1C7D000X,1,1,1,1,1.4,1.4,1.0,1.0,0.0,0.0
7.79834,24,-92,400,0,E1A1622B1900C0388X,TE1A2B1C7D000X,1,1,1,1,1.4,1.4,1.0,1.0,0.0,0.0
7.8093,25,-92,400,0,E1A1620B1900C0389X,TE1A2B1C7D000X,1,1,1,1,1.4,1.4,1.0,1.0,0.0,0.0
7.82096,25,-92,399,0,E1A1618B1900C0391X,TE1A2B1C7D000X,1,1,1,1,1.4,1.4,1.0,1.0,0.0,0.0
7.83259,25,-91,399,0,E1A1615B1900C0394X,TE1A2B1C7D000X,1,1,1,1,1.4,1.4,1.0,1.0,0.0,0.0
7.84395,25,-91,400,0,E1A1613B1900C0400X,TE1A2B1C7D000X,1,1,1,1,1.4,1.4,1.0,1.0,0.0,0.0
7.85494,26,-90,399,0,E1A1611B1900C0404X,TE1A2B1C7D000X,1,1,1,1,1.4,1.4,1.0,1.0,0.0,0.0
7.86699,26,-89,399,0,E1A1608B1900C0410X,TE1A2B1C7D000X,1,1,1,1,1.4,1.4,1.0,1.0,0.0,0.0
7.87809,26,-88,398,0,E1A1606B1900C0416X,TE1A2B1C7D000X,1,1,1,1,1.4,1.4,1.0,1.0,0.0,0.0
7.88955,26,-87,398,0,E1A1604B1900C0424X,TE1A2B1C7D000X,1,1,1,1,1.4,1.4,1.0,1.0,0.0,0.0
7.90134,26,-86,399,0,E1A1602B1900C0433X,TE1A2B1C7D000X,1,1,1,1,1.4,1.4,1.0,1.0,0.0,0.0
7.91278,27,-85,399,0,E1A1600B1900C0443X,TE1A2B1C7D000X,1,1,1,1,1.4,1.4,1.0,1.0,0.0,0.0
7.92402,27,-83,398,0,E1A1598B1900C0453X,TE1A2B1C7D000X,1,1,1,1,1.4,1.4,1.0,1.0,0.0,0.0
7.93567,27,-82,398,0,E1A1596B1900C0464X,TE1A2B1C7D000X,1,1,1,1,1.4,1.4,1.0,1.0,0.0,0.0
7.94699,27,-80,398,0,E1A1594B1900C0476X,TE1A2B1C7D000X,1,1,1,1,1.4,1.4,1.0,1.0,0.0,0.0
7.95867,27,-79,398,0,E1A1592B1900C0488X,TE1A2B1C7D000X,1,1,1,1,1.4,1.4,1.0,1.0,0.0,0.0
7.97036,27,-77,397,0,E1A1590B1900C0500X,TE1A2B1C7D000X,1,1,1,1,1.4,1.4,1.0,1.0,0.0,0.0
7.98194,27,-75,397,0,E1A1588B1900C0514X,TE1A2B1C7D000X,1,1,1,1,1.4,1.4,1.0,1.0,0.0,0.0
7.99363,27,-73,398,0,E1A1586B1900C0527X,TE1A2B1C7D000X,1,1,1,1,1.4,1.4,1.0,1.0,0.0,0.0
8.01201,27,-71,397,0,E1A1584B1900C0542X,TE1A2B1C7D000X,1,1,1,1,1.4,1.4,1.0,1.0,0.0,0.0
8.02405,27,-69,397,0,E1A1581B1900C0557X,TE1A2B1C7D000X,1,1,1,1,1.4,1.4,1.0,1.0,0.0,0.0
8.04395,27,-66,395,0,E1A1578B1900C0572X,TE1A2B1C7D000X,1,1,1,1,1.4,1.4,1.0,1.0,0.0,0.0
8.05601,27,-64,394,0,E1A1575B1900C0586X,TE1A2B1C7D000X,1,1,1,1,1.4,1.4,1.0,1.0,0.0,0.0
8.06797,27,-62,394,0,E1A1573B1900C0602X,TE1A2B1C6D000X,1,1,1,1,1.4,1.4,1.0,1.0,0.0,0.0
8.08001,27,-60,393,0,E1A1571B1900C0617X,TE1A2B1C6D000X,1,1,1,1,1.4,1.4,1.0,1.0,0.0,0.0
8.09339,27,-58,393,0,E1A1568B1900C0631X,TE1A2B1C6D000X,1,1,1,1,1.4,1.4,1.0,1.0,0.0,0.0
8.11379,27,-56,393,0,E1A1565B1900C0646X,TE1A2B1C6D000X,1,1,1,1,1.4,1.4,1.0,1.0,0.0,0.0
8.12611,27,-54,392,0,E1A1563B1900C0660X,TE1A2B1C6D000X,1,1,1,1,1.4,1.4,1.0,1.0,0.0,0.0
8.13783,27,-52,392,0,E1A1561B1900C0674X,TE1A2B1C6D000X,1,1,1,1,1.4,1.4,1.0,1.0,0.0,0.0
8.15606,27,-50,392,0,E1A1558B1900C0688X,TE1A2B1C6D000X,1,1,1,1,1.4,1.4,1.0,1.0,0.0,0.0
8.16823,27,-48,391,0,E1A1556B1900C0700X,TE1A2B1C6D000X,1,1,1,1,1.4,1.4,1.0,1.0,0.0,0.0
8.18061,27,-46,390,0,E1A1553B1900C0712X,TE1A2B1C6D000X,1,1,1,1,1.4,1.4,1.0,1.0,0.0,0.0
8.19202,27,-45,390,0,E1A1551B1900C0723X,TE1A2B1C6D000X,1,1,1,1,1.4,1.4,1.0,1.0,0.0,0.0
8.20414,27,-43,390,0,E1A1549B1900C0735X,TE1A2B1C6D000X,1,1,1,1,1.4,1.4,1.0,1.0,0.0,0.0
8.21528,27,-42,389,0,E1A1547B1900C0745X,TE1A2B1C6D000X,1,1,1,1,1.4,1.4,1.0,1.0,0.0,0.0
8.22695,27,-40,388,0,E1A1544B1900C0755X,TE1A2B1C6D000X,1,1,1,1,1.4,1.4,1.0,1.0,0.0,0.0
8.23883,27,-39,388,0,E1A1542B1900C0765X,TE1A2B1C6D000X,1,1,1,1,1.4,1.4,1.0,1.0,0.0,0.0
8.25992,27,-37,388,0,E1A1540B1900C0775X,TE1A2B1C6D000X,1,1,1,1,1.4,1.4,1.0,1.0,0.0,0.0
8.27217,27,-36,388,0,E1A1538B1900C0785X,TE1A2B1C6D000X,1,1,1,1,1.4,1.4,1.0,1.0,0.0,0.0
8.28395,27,-35,388,0,E1A1536B1900C0794X,TE1A2B1C6D000X,1,1,1,1,1.4,1.4,1.0,1.0,0.0,0.0
8.29521,27,-34,389,0,E1A1535B1900C0803X,TE1A2B1C6D000X,1,1,1,1,1.4,1.4,1.0,1.0,0.0,0.0
8.30724,27,-33,388,0,E1A1533B1900C0810X,TE1A2B1C6D000X,1,1,1,1,1.4,1.4,1.0,1.0,0.0,0.0
8.31907,27,-32,388,0,E1A1531B1900C0817X,TE1A2B1C5D000X,1,1,1,1,1.4,1.4,1.0,1.0,0.0,0.0
8.33068,27,-31,388,0,E1A1529B1900C0822X,TE1A2B1C5D000X,1,1,1,1,1.4,1.4,1.0,1.0,0.0,0.0
8.34273,27,-30,387,0,E1A1527B1900C0828X,TE1A2B1C5D000X,1,1,1,1,1.4,1.4,1.0,1.0,0.0,0.0
8.37203,27,-29,387,0,E1A1524B1900C0834X,TE1A2B1C5D000X,1,1,1,1,1.4,1.4,1.0,1.0,0.0,0.0
8.3841,27,-28,387,0,E1A1523B1900C0840X,TE1A2B1C5D000X,1,1,1,1,1.4,1.4,1.0,1.0,0.0,0.0
8.3963,27,-28,387,0,E1A1521B1900C0846X,TE1A2B1C5D000X,1,1,1,1,1.4,1.4,1.0,1.0,0.0,0.0
8.40816,27,-27,386,0,E1A1519B1900C0851X,TE1A2B1C5D000X,1,1,1,1,1.4,1.4,1.0,1.0,0.0,0.0
8.41994,27,-26,386,0,E1A1518B1900C0856X,TE1A2B1C5D000X,1,1,1,1,1.4,1.4,1.0,1.0,0.0,0.0
8.43194,27,-25,386,0,E1A1516B1900C0861X,TE1A2B1C5D000X,1,1,1,1,1.4,1.4,1.0,1.0,0.0,0.0
8.4442,27,-25,386,0,E1A1515B1900C0866X,TE1A2B1C5D000X,1,1,1,1,1.4,1.4,1.0,1.0,0.0,0.0
8.45551,27,-24,385,0,E1A1514B1900C0871X,TE1A2B1C5D000X,1,1,1,1,1.4,1.4,1.0,1.0,0.0,0.0
8.47211,26,-23,384,0,E1A1513B1900C0876X,TE1A2B1C5D000X,1,1,1,1,1.4,1.4,1.0,1.0,0.0,0.0
8.48428,26,-22,384,0,E1A1512B1900C0882X,TE1A2B1C5D000X,1,1,1,1,1.4,1.4,1.0,1.0,0.0,0.0
8.49612,26,-21,384,0,E1A1511B1900C0889X,TE1A2B1C5D000X,1,1,1,1,1.4,1.4,1.0,1.0,0.0,0.0
8.50843,26,-20,384,0,E1A1511B1900C0896X,TE1A2B1C5D000X,1,1,1,1,1.4,1.4,1.0,1.0,0.0,0.0
8.52351,25,-19,384,0,E1A1510B1900C0903X,TE1A2B1C5D000X,1,1,1,1,1.4,1.4,1.0,1.0,0.0,0.0
8.53685,25,-18,384,0,E1A1510B1900C0910X,TE1A2B1C5D000X,1,1,1,1,1.4,1.4,1.0,1.0,0.0,0.0
8.54834,25,-17,383,0,E1A1509B1900C0916X,TE1A2B1C5D000X,1,1,1,1,1.4,1.4,1.0,1.0,0.0,0.0
8.56009,25,-16,383,0,E1A1508B1900C0923X,TE1A2B1C5D000X,1,1,1,1,1.4,1.4,1.0,1.0,0.0,0.0
8.57185,24,-15,381,0,E1A1507B1900C0928X,TE1A2B1C5D000X,1,1,1,1,1.4,1.4,1.0,1.0,0.0,0.0
8.58407,24,-14,381,0,E1A1506B1900C0935X,TE1A2B1C5D000X,1,1,1,1,1.4,1.4,1.0,1.0,0.0,0.0
8.59595,24,-13,380,0,E1A1506B1900C0942X,TE1A2B1C5D000X,1,1,1,1,1.4,1.4,1.0,1.0,0.0,0.0
8.60767,23,-12,380,0,E1A1505B1900C0948X,TE1A2B1C5D000X,1,1,1,1,1.4,1.4,1.0,1.0,0.0,0.0
8.62169,23,-11,379,0,E1A1505B1900C0956X,TE1A2B1C5D000X,1,1,1,1,1.4,1.4,1.0,1.0,0.0,0.0
8.63374,23,-10,379,0,E1A1504B1900C0963X,TE1A2B1C5D000X,1,1,1,1,1.4,1.4,1.0,1.0,0.0,0.0
8.64555,22,-9,379,0,E1A1504B1900C0971X,TE1A2B1C5D000X,1,1,1,1,1.4,1.4,1.0,1.0,0.0,0.0
8.657,22,-8,380,0,E1A1505B1900C0979X,TE1A2B1C5D000X,1,1,1,1,1.4,1.4,1.0,1.0,0.0,0.0
8.66861,22,-7,379,0,E1A1505B1900C0986X,TE1A2B1C5D000X,1,1,1,1,1.4,1.4,1.0,1.0,0.0,0.0
8.68006,21,-6,380,0,E1A1506B1900C0993X,TE1A2B1C5D000X,1,1,1,1,1.4,1.4,1.0,1.0,0.0,0.0
8.69211,21,-5,380,0,E1A1507B1900C1000X,TE1A2B1C5D000X,1,1,1,1,1.4,1.4,1.0,1.0,0.0,0.0
8.70326,20,-5,380,0,E1A1508B1900C1007X,TE1A2B1C5D000X,1,1,1,1,1.4,1.4,1.0,1.0,0.0,0.0
8.71521,20,-4,381,0,E1A1509B1900C1014X,TE1A2B1C5D000X,1,1,1,1,1.4,1.4,1.0,1.0,0.0,0.0
8.72774,20,-3,384,0,E1A1511B1900C1024X,TE1A2B1C5D000X,1,1,1,1,1.4,1.4,1.0,1.0,0.0,0.0
8.74385,19,-2,382,0,E1A1511B1900C1029X,TE1A2B1C5D000X,1,1,1,1,1.4,1.4,1.0,1.0,0.0,0.0
8.7563,19,-1,381,0,E1A1511B1900C1034X,TE1A2B1C5D000X,1,1,1,1,1.4,1.4,1.0,1.0,0.0,0.0
8.76876,19,0,382,0,E1A1511B1900C1042X,TE1A2B1C4D000X,1,1,1,1,1.4,1.4,1.0,1.0,0.0,0.0
8.78018,18,0,381,0,E1A1511B1900C1047X,TE1A2B1C4D000X,1,1,1,1,1.4,1.4,1.0,1.0,0.0,0.0
8.7915,18,0,381,0,E1A1511B1900C1053X,TE1A2B1C4D000X,1,1,1,1,1.4,1.4,1.0,1.0,0.0,0.0
8.80519,18,1,382,0,E1A1511B1900C1061X,TE1A2B1C4D000X,1,1,1,1,1.4,1.4,1.0,1.0,0.0,0.0
8.81743,17,2,382,0,E1A1511B1900C1067X,TE1A2B1C4D000X,1,1,1,1,1.4,1.4,1.0,1.0,0.0,0.0
8.82894,17,3,382,0,E1A1510B1900C1072X,TE1A2B1C4D000X,1,1,1,1,1.4,1.4,1.0,1.0,0.0,0.0
8.84076,17,3,381,0,E1A1509B1900C1077X,TE1A2B1C4D000X,1,1,1,1,1.4,1.4,1.0,1.0,0.0,0.0
8.85284,17,4,380,0,E1A1508B1900C1082X,TE1A2B1C4D000X,1,1,1,1,1.4,1.4,1.0,1.0,0.0,0.0
8.86435,17,5,379,0,E1A1507B1900C1087X,TE1A2B1C4D000X,1,1,1,1,1.4,1.4,1.0,1.0,0.0,0.0
8.8758,17,6,379,0,E1A1505B1900C1092X,TE1A2B1C4D000X,1,1,1,1,1.4,1.4,1.0,1.0,0.0,0.0
8.88769,16,6,379,0,E1A1504B1900C1097X,TE1A2B1C4D000X,1,1,1,1,1.4,1.4,1.0,1.0,0.0,0.0
8.89963,16,7,378,0,E1A1502B1900C1102X,TE1A2B1C4D000X,1,1,1,1,1.4,1.4,1.0,1.0,0.0,0.0
8.91149,16,8,378,0,E1A1500B1900C1106X,TE1A2B1C4D000X,1,1,1,1,1.4,1.4,1.0,1.0,0.0,0.0
8.92292,16,8,378,0,E1A1499B1900C1111X,TE1A2B1C4D000X,1,1,1,1,1.4,1.4,1.0,1.0,0.0,0.0
8.93627,16,9,377,0,E1A1497B1900C1116X,TE1A2B1C4D000X,1,1,1,1,1.4,1.4,1.0,1.0,0.0,0.0
8.94806,16,10,378,0,E1A1495B1900C1122X,TE1A2B1C4D000X,1,1,1,1,1.4,1.4,1.0,1.0,0.0,0.0
8.97224,16,11,378,0,E1A1494B1900C1127X,TE1A2B1C4D000X,1,1,1,1,1.4,1.4,1.0,1.0,0.0,0.0
8.98398,16,11,378,0,E1A1492B1900C1133X,TE1A2B1C4D000X,1,1,1,1,1.4,1.4,1.0,1.0,0.0,0.0
8.99553,16,12,377,0,E1A1489B1900C1137X,TE1A2B1C4D000X,1,1,1,1,1.4,1.4,1.0,1.0,0.0,0.0
9.0073,16,12,376,0,E1A1487B1900C1140X,TE1A2B1C4D000X,1,1,1,1,1.4,1.4,1.0,1.0,0.0,0.0
9.01938,16,13,376,0,E1A1485B1900C1143X,TE1A2B1C4D000X,1,1,1,1,1.4,1.4,1.0,1.0,0.0,0.0
9.03652,16,13,375,0,E1A1483B1900C1148X,TE1A2B1C4D000X,1,1,1,1,1.4,1.4,1.0,1.0,0.0,0.0
9.04824,16,14,375,0,E1A1481B1900C1151X,TE1A2B1C4D000X,1,1,1,1,1.4,1.4,1.0,1.0,0.0,0.0
9.06045,16,14,375,0,E1A1479B1900C1155X,TE1A2B1C4D000X,1,1,1,1,1.4,1.4,1.0,1.0,0.0,0.0
9.07211,16,15,375,0,E1A1478B1900C1159X,TE1A2B1C4D000X,1,1,1,1,1.4,1.4,1.0,1.0,0.0,0.0
9.09638,16,15,374,0,E1A1477B1900C1163X,TE1A3B1C4D000X,1,1,1,1,1.4,1.4,1.0,1.0,0.0,0.0
9.10832,16,16,374,0,E1A1476B1900C1166X,TE1A3B1C4D000X,1,1,1,1,1.4,1.4,1.0,1.0,0.0,0.0
9.14012,16,16,374,0,E1A1475B1900C1170X,TE1A3B1C4D000X,1,1,1,1,1.4,1.4,1.0,1.0,0.0,0.0
9.15223,16,17,374,0,E1A1474B1900C1173X,TE1A3B1C4D000X,1,1,1,1,1.4,1.4,1.0,1.0,0.0,0.0
9.16422,16,17,374,0,E1A1472B1900C1176X,TE1A3B1C4D000X,1,1,1,1,1.4,1.4,1.0,1.0,0.0,0.0
9.17612,16,17,374,0,E1A1471B1900C1179X,TE1A3B1C4D000X,1,1,1,1,1.4,1.4,1.0,1.0,0.0,0.0
9.18803,16,17,374,0,E1A1470B1900C1181X,TE1A3B1C4D000X,1,1,1,1,1.4,1.4,1.0,1.0,0.0,0.0
9.19983,15,18,373,0,E1A1469B1900C1182X,TE1A3B1C4D000X,1,1,1,1,1.4,1.4,1.0,1.0,0.0,0.0
9.21143,15,18,373,0,E1A1468B1900C1184X,TE1A3B1C4D000X,1,1,1,1,1.4,1.4,1.0,1.0,0.0,0.0
9.22337,15,18,373,0,E1A1467B1900C1185X,TE1A3B1C4D000X,1,1,1,1,1.4,1.4,1.0,1.0,0.0,0.0
9.23534,15,18,373,0,E1A1465B1900C1187X,TE1A3B1C4D000X,1,1,1,1,1.4,1.4,1.0,1.0,0.0,0.0
9.24706,15,18,373,0,E1A1464B1900C1188X,TE1A3B1C4D000X,1,1,1,1,1.4,1.4,1.0,1.0,0.0,0.0
9.26424,16,18,374,0,E1A1463B1900C1189X,TE1A3B1C4D000X,1,1,1,1,1.4,1.4,1.0,1.0,0.0,0.0
9.27634,16,18,374,0,E1A1461B1900C1190X,TE1A3B1C4D000X,1,1,1,1,1.4,1.4,1.0,1.0,0.0,0.0
9.28825,16,18,374,0,E1A1460B1900C1190X,TE1A3B1C4D000X,1,1,1,1,1.4,1.4,1.0,1.0,0.0,0.0
9.30013,16,18,373,0,E1A1458B1900C1190X,TE1A3B1C4D000X,1,1,1,1,1.4,1.4,1.0,1.0,0.0,0.0
9.31198,16,18,373,0,E1A1456B1900C1190X,TE1A3B1C4D000X,1,1,1,1,1.4,1.4,1.0,1.0,0.0,0.0
9.33207,16,18,374,0,E1A1454B1900C1191X,TE1A3B1C4D000X,1,1,1,1,1.4,1.4,1.0,1.0,0.0,0.0
9.34401,16,18,373,0,E1A1452B1900C1190X,TE1A3B1C4D000X,1,1,1,1,1.4,1.4,1.0,1.0,0.0,0.0
9.35626,16,18,373,0,E1A1450B1900C1191X,TE1A3B1C4D000X,1,1,1,1,1.4,1.4,1.0,1.0,0.0,0.0
9.36802,16,18,373,0,E1A1448B1900C1192X,TE1A3B1C4D000X,1,1,1,1,1.4,1.4,1.0,1.0,0.0,0.0
9.37975,17,18,372,0,E1A1446B1900C1193X,TE1A3B1C4D000X,1,1,1,1,1.4,1.4,1.0,1.0,0.0,0.0
9.40015,17,18,372,0,E1A1444B1900C1195X,TE1A3B1C4D000X,1,1,1,1,1.4,1.4,1.0,1.0,0.0,0.0
9.42036,17,19,373,0,E1A1443B1900C1197X,TE1A3B1C4D000X,1,1,1,1,1.4,1.4,1.0,1.0,0.0,0.0
9.4321,17,19,373,0,E1A1441B1900C1199X,TE1A3B1C4D000X,1,1,1,1,1.4,1.4,1.0,1.0,0.0,0.0
9.45614,17,19,372,0,E1A1439B1900C1201X,TE1A3B1C4D000X,1,1,1,1,1.4,1.4,1.0,1.0,0.0,0.0
9.46834,17,19,372,0,E1A1436B1900C1202X,TE1A3B1C4D000X,1,1,1,1,1.4,1.4,1.0,1.0,0.0,0.0
9.48018,17,20,371,0,E1A1434B1900C1204X,TE1A3B1C4D000X,1,1,1,1,1.4,1.4,1.0,1.0,0.0,0.0
9.49205,17,20,371,0,E1A1431B1900C1205X,TE1A3B1C4D000X,1,1,1,1,1.4,1.4,1.0,1.0,0.0,0.0
9.50427,17,20,371,0,E1A1429B1900C1207X,TE1A3B1C4D000X,1,1,1,1,1.4,1.4,1.0,1.0,0.0,0.0
9.51616,17,20,372,0,E1A1428B1900C1209X,TE1A3B1C4D000X,1,1,1,1,1.4,1.4,1.0,1.0,0.0,0.0
9.52794,17,20,372,0,E1A1426B1900C1212X,TE1A3B1C4D000X,1,1,1,1,1.4,1.4,1.0,1.0,0.0,0.0
9.53929,17,21,372,0,E1A1425B1900C1214X,TE1A3B1C4D000X,1,1,1,1,1.4,1.4,1.0,1.0,0.0,0.0
9.55141,17,21,372,0,E1A1423B1900C1215X,TE1A3B1C4D000X,1,1,1,1,1.4,1.4,1.0,1.0,0.0,0.0
9.5629,17,21,372,0,E1A1421B1900C1216X,TE1A3B1C4D000X,1,1,1,1,1.4,1.4,1.0,1.0,0.0,0.0
9.57486,17,21,372,0,E1A1420B1900C1218X,TE1A3B1C4D000X,1,1,1,1,1.4,1.4,1.0,1.0,0.0,0.0
9.58675,17,21,371,0,E1A1418B1900C1218X,TE1A3B1C4D000X,1,1,1,1,1.4,1.4,1.0,1.0,0.0,0.0
9.5987,17,21,371,0,E1A1416B1900C1220X,TE1A3B1C4D000X,1,1,1,1,1.4,1.4,1.0,1.0,0.0,0.0
9.61039,17,21,372,0,E1A1415B1900C1222X,TE1A3B1C4D000X,1,1,1,1,1.4,1.4,1.0,1.0,0.0,0.0
9.62226,17,21,372,0,E1A1413B1900C1224X,TE1A3B1C4D000X,1,1,1,1,1.4,1.4,1.0,1.0,0.0,0.0
9.63419,17,21,372,0,E1A1412B1900C1225X,TE1A3B1C4D000X,1,1,1,1,1.4,1.4,1.0,1.0,0.0,0.0
9.64598,18,22,372,0,E1A1410B1900C1227X,TE1A3B1C4D000X,1,1,1,1,1.4,1.4,1.0,1.0,0.0,0.0
9.65746,18,22,371,0,E1A1408B1900C1227X,TE1A3B1C4D000X,1,1,1,1,1.4,1.4,1.0,1.0,0.0,0.0
9.66951,18,22,372,0,E1A1406B1900C1229X,TE1A3B1C4D000X,1,1,1,1,1.4,1.4,1.0,1.0,0.0,0.0
9.68147,18,22,372,0,E1A1404B1900C1231X,TE1A3B1C4D000X,1,1,1,1,1.4,1.4,1.0,1.0,0.0,0.0
9.69295,18,22,372,0,E1A1403B1900C1233X,TE1A3B1C4D000X,1,1,1,1,1.4,1.4,1.0,1.0,0.0,0.0
9.7057,18,22,373,0,E1A1401B1900C1235X,TE1A3B1C4D000X,1,1,1,1,1.4,1.4,1.0,1.0,0.0,0.0
9.71779,18,22,373,0,E1A1401B1900C1237X,TE1A3B1C4D000X,1,1,1,1,1.4,1.4,1.0,1.0,0.0,0.0
9.73636,18,22,373,0,E1A1399B1900C1238X,TE1A3B1C4D000X,1,1,1,1,1.4,1.4,1.0,1.0,0.0,0.0
9.74822,18,22,372,0,E1A1398B1900C1238X,TE1A3B1C4D000X,1,1,1,1,1.4,1.4,1.0,1.0,0.0,0.0
9.7601,18,23,372,0,E1A1397B1900C1240X,TE1A3B1C4D000X,1,1,1,1,1.4,1.4,1.0,1.0,0.0,0.0
9.77233,18,23,373,0,E1A1396B1900C1241X,TE1A3B1C4D000X,1,1,1,1,1.4,1.4,1.0,1.0,0.0,0.0
9.78417,18,22,372,0,E1A1395B1900C1241X,TE1A3B1C4D000X,1,1,1,1,1.4,1.4,1.0,1.0,0.0,0.0
9.79628,18,22,372,0,E1A1394B1900C1241X,TE1A3B1C4D000X,1,1,1,1,1.4,1.4,1.0,1.0,0.0,0.0
9.81603,17,22,372,0,E1A1393B1900C1241X,TE1A3B1C4D000X,1,1,1,1,1.4,1.4,1.0,1.0,0.0,0.0
9.82826,17,22,372,0,E1A1391B1900C1241X,TE1A3B1C4D000X,1,1,1,1,1.4,1.4,1.0,1.0,0.0,0.0
9.85234,17,22,371,0,E1A1391B1900C1241X,TE1A3B1C4D000X,1,1,1,1,1.4,1.4,1.0,1.0,0.0,0.0
9.86421,17,22,371,0,E1A1390B1900C1241X,TE1A3B1C4D000X,1,1,1,1,1.4,1.4,1.0,1.0,0.0,0.0
9.88427,17,22,370,0,E1A1388B1900C1239X,TE1A3B1C4D000X,1,1,1,1,1.4,1.4,1.0,1.0,0.0,0.0
9.89643,17,22,370,0,E1A1387B1900C1239X,TE1A3B1C4D000X,1,1,1,1,1.4,1.4,1.0,1.0,0.0,0.0
9.90856,17,21,371,0,E1A1387B1900C1239X,TE1A3B1C4D000X,1,1,1,1,1.4,1.4,1.0,1.0,0.0,0.0
9.92088,17,21,371,0,E1A1386B1900C1238X,TE1A3B1C4D000X,1,1,1,1,1.4,1.4,1.0,1.0,0.0,0.0
9.93282,17,21,371,0,E1A1386B1900C1239X,TE1A3B1C4D000X,1,1,1,1,1.4,1.4,1.0,1.0,0.0,0.0
9.94558,17,21,372,0,E1A1385B1900C1239X,TE1A3B1C4D000X,1,1,1,1,1.4,1.4,1.0,1.0,0.0,0.0
9.95717,17,21,372,0,E1A1385B1900C1240X,TE1A3B1C4D000X,1,1,1,1,1.4,1.4,1.0,1.0,0.0,0.0
9.96891,17,21,372,0,E1A1383B1900C1240X,TE1A3B1C4D000X,1,1,1,1,1.4,1.4,1.0,1.0,0.0,0.0
9.98071,17,21,371,0,E1A1382B1900C1239X,TE1A3B1C4D000X,1,1,1,1,1.4,1.4,1.0,1.0,0.0,0.0
9.99587,17,21,371,0,E1A1381B1900C1241X,TE1A3B1C4D000X,1,1,1,1,1.4,1.4,1.0,1.0,0.0,0.0
10.0083,17,21,371,0,E1A1380B1900C1242X,TE1A3B1C4D000X,1,1,1,1,1.4,1.4,1.0,1.0,0.0,0.0
10.0201,17,21,372,0,E1A1380B1900C1245X,TE1A3B1C4D000X,1,1,1,1,1.4,1.4,1.0,1.0,0.0,0.0
10.0321,17,21,372,0,E1A1379B1900C1247X,TE1A3B1C4D000X,1,1,1,1,1.4,1.4,1.0,1.0,0.0,0.0
10.045,17,22,372,0,E1A1378B1900C1250X,TE1A3B1C4D000X,1,1,1,1,1.4,1.4,1.0,1.0,0.0,0.0
10.0563,17,22,372,0,E1A1376B1900C1253X,TE1A3B1C4D000X,1,1,1,1,1.4,1.4,1.0,1.0,0.0,0.0
10.0684,17,22,372,0,E1A1374B1900C1256X,TE1A3B1C3D000X,1,1,1,1,1.4,1.4,1.0,1.0,0.0,0.0
10.0802,17,23,371,0,E1A1372B1900C1258X,TE1A3B1C3D000X,1,1,1,1,1.4,1.4,1.0,1.0,0.0,0.0
10.0917,17,23,370,0,E1A1370B1900C1261X,TE1A3B1C3D000X,1,1,1,1,1.4,1.4,1.0,1.0,0.0,0.0
10.1037,17,23,370,0,E1A1367B1900C1264X,TE1A3B1C3D000X,1,1,1,1,1.4,1.4,1.0,1.0,0.0,0.0
10.1156,17,24,370,0,E1A1365B1900C1268X,TE1A3B1C3D000X,1,1,1,1,1.4,1.4,1.0,1.0,0.0,0.0
10.1273,17,24,371,0,E1A1363B1900C1272X,TE1A3B1C3D000X,1,1,1,1,1.4,1.4,1.0,1.0,0.0,0.0
10.1388,18,25,370,0,E1A1360B1900C1275X,TE1A3B1C3D000X,1,1,1,1,1.4,1.4,1.0,1.0,0.0,0.0
10.1505,18,25,370,0,E1A1357B1900C1278X,TE1A3B1C3D000X,1,1,1,1,1.4,1.4,1.0,1.0,0.0,0.0
10.1617,18,26,370,0,E1A1354B1900C1281X,TE1A3B1C3D000X,1,1,1,1,1.4,1.4,1.0,1.0,0.0,0.0
10.1735,18,26,371,0,E1A1352B1900C1285X,TE1A3B1C3D000X,1,1,1,1,1.4,1.4,1.0,1.0,0.0,0.0
10.1855,18,26,371,0,E1A1350B1900C1287X,TE1A3B1C3D000X,1,1,1,1,1.4,1.4,1.0,1.0,0.0,0.0
10.2001,18,27,370,0,E1A1347B1900C1289X,TE1A3B1C3D000X,1,1,1,1,1.4,1.4,1.0,1.0,0.0,0.0
10.212,19,27,371,0,E1A1345B1900C1291X,TE1A3B1C3D000X,1,1,1,1,1.4,1.4,1.0,1.0,0.0,0.0
10.2235,19,27,371,0,E1A1342B1900C1292X,TE1A3B1C3D000X,1,1,1,1,1.4,1.4,1.0,1.0,0.0,0.0
10.2364,19,27,371,0,E1A1340B1900C1293X,TE1A3B1C3D000X,1,1,1,1,1.4,1.4,1.0,1.0,0.0,0.0
10.2482,19,27,371,0,E1A1339B1900C1294X,TE1A3B1C3D000X,1,1,1,1,1.4,1.4,1.0,1.0,0.0,0.0
10.2604,19,27,371,0,E1A1337B1900C1294X,TE1A3B1C3D000X,1,1,1,1,1.4,1.4,1.0,1.0,0.0,0.0
10.2722,19,27,371,0,E1A1336B1900C1294X,TE1A3B1C3D000X,1,1,1,1,1.4,1.4,1.0,1.0,0.0,0.0
10.2842,20,27,371,0,E1A1335B1900C1295X,TE1A3B1C3D000X,1,1,1,1,1.4,1.4,1.0,1.0,0.0,0.0
10.2957,20,27,371,0,E1A1334B1900C1296X,TE1A3B1C3D000X,1,1,1,1,1.4,1.4,1.0,1.0,0.0,0.0
10.3076,20,26,372,0,E1A1334B1900C1296X,TE1A3B1C3D000X,1,1,1,1,1.4,1.4,1.0,1.0,0.0,0.0
10.3195,20,26,371,0,E1A1333B1900C1296X,TE1A3B1C3D000X,1,1,1,1,1.4,1.4,1.0,1.0,0.0,0.0
10.3312,20,26,371,0,E1A1332B1900C1295X,TE1A3B1C3D000X,1,1,1,1,1.4,1.4,1.0,1.0,0.0,0.0
10.3424,20,26,371,0,E1A1332B1900C1295X,TE1A3B1C3D000X,1,1,1,1,1.4,1.4,1.0,1.0,0.0,0.0
10.3543,20,26,371,0,E1A1331B1900C1295X,TE1A3B1C3D000X,1,1,1,1,1.4,1.4,1.0,1.0,0.0,0.0
10.3661,20,25,370,0,E1A1331B1900C1294X,TE1A3B1C3D000X,1,1,1,1,1.4,1.4,1.0,1.0,0.0,0.0
10.3783,20,25,370,0,E1A1330B1900C1294X,TE1A3B1C3D000X,1,1,1,1,1.4,1.4,1.0,1.0,0.0,0.0
10.3899,20,25,370,0,E1A1330B1900C1294X,TE1A3B1C3D000X,1,1,1,1,1.4,1.4,1.0,1.0,0.0,0.0
10.4037,20,25,370,0,E1A1329B1900C1295X,TE1A3B1C3D000X,1,1,1,1,1.4,1.4,1.0,1.0,0.0,0.0
10.4181,20,25,370,0,E1A1329B1900C1296X,TE1A3B1C3D000X,1,1,1,1,1.4,1.4,1.0,1.0,0.0,0.0
10.4298,20,25,370,0,E1A1328B1900C1297X,TE1A3B1C3D000X,1,1,1,1,1.4,1.4,1.0,1.0,0.0,0.0
10.4605,20,25,371,0,E1A1328B1900C1299X,TE1A3B1C3D000X,1,1,1,1,1.4,1.4,1.0,1.0,0.0,0.0
10.4725,20,25,370,0,E1A1327B1900C1300X,TE1A3B1C3D000X,1,1,1,1,1.4,1.4,1.0,1.0,0.0,0.0
10.4846,20,25,370,0,E1A1325B1900C1301X,TE1A3B1C3D000X,1,1,1,1,1.4,1.4,1.0,1.0,0.0,0.0
10.4967,20,25,371,0,E1A1324B1900C1303X,TE1A3B1C3D000X,1,1,1,1,1.4,1.4,1.0,1.0,0.0,0.0
10.5163,20,26,371,0,E1A1324B1900C1305X,TE1A3B1C3D000X,1,1,1,1,1.4,1.4,1.0,1.0,0.0,0.0
10.5403,20,26,371,0,E1A1323B1900C1307X,TE1A3B1C3D000X,1,1,1,1,1.4,1.4,1.0,1.0,0.0,0.0
10.5537,20,26,371,0,E1A1322B1900C1308X,TE1A3B1C3D000X,1,1,1,1,1.4,1.4,1.0,1.0,0.0,0.0
10.5842,20,26,371,0,E1A1323B1900C1311X,TE1A3B1C3D000X,1,1,1,1,1.4,1.4,1.0,1.0,0.0,0.0
10.5962,20,26,371,0,E1A1324B1900C1312X,TE1A3B1C3D000X,1,1,1,1,1.4,1.4,1.0,1.0,0.0,0.0
10.6082,20,26,371,0,E1A1324B1900C1313X,TE1A3B1C3D000X,1,1,1,1,1.4,1.4,1.0,1.0,0.0,0.0
10.6202,19,26,371,0,E1A1326B1900C1314X,TE1A3B1C3D000X,1,1,1,1,1.4,1.4,1.0,1.0,0.0,0.0
10.6322,19,25,371,0,E1A1327B1900C1315X,TE1A3B1C3D000X,1,1,1,1,1.4,1.4,1.0,1.0,0.0,0.0
10.6441,19,25,371,0,E1A1329B1900C1315X,TE1A3B1C3D000X,1,1,1,1,1.4,1.4,1.0,1.0,0.0,0.0
10.6556,19,25,371,0,E1A1332B1900C1315X,TE1A3B1C3D000X,1,1,1,1,1.4,1.4,1.0,1.0,0.0,0.0
10.6673,19,24,372,0,E1A1334B1900C1314X,TE1A3B1C3D000X,1,1,1,1,1.4,1.4,1.0,1.0,0.0,0.0
10.679,18,24,372,0,E1A1337B1900C1313X,TE1A3B1C3D000X,1,1,1,1,1.4,1.4,1.0,1.0,0.0,0.0
10.69,18,23,371,0,E1A1340B1900C1310X,TE1A3B1C3D000X,1,1,1,1,1.4,1.4,1.0,1.0,0.0,0.0
10.702,18,22,371,0,E1A1343B1900C1307X,TE1A3B1C3D000X,1,1,1,1,1.4,1.4,1.0,1.0,0.0,0.0
10.7141,18,22,372,0,E1A1347B1900C1304X,TE1A3B1C3D000X,1,1,1,1,1.4,1.4,1.0,1.0,0.0,0.0
10.7277,17,21,373,0,E1A1352B1900C1301X,TE1A3B1C3D000X,1,1,1,1,1.4,1.4,1.0,1.0,0.0,0.0
10.7415,17,20,373,0,E1A1357B1900C1297X,TE1A3B1C3D000X,1,1,1,1,1.4,1.4,1.0,1.0,0.0,0.0
10.7534,17,19,374,0,E1A1363B1900C1294X,TE1A3B1C3D000X,1,1,1,1,1.4,1.4,1.0,1.0,0.0,0.0
10.765,17,17,375,0,E1A1369B1900C1289X,TE1A3B1C3D000X,1,1,1,1,1.4,1.4,1.0,1.0,0.0,0.0
10.7766,16,16,375,0,E1A1374B1900C1283X,TE1A3B1C3D000X,1,1,1,1,1.4,1.4,1.0,1.0,0.0,0.0
10.7883,16,15,375,0,E1A1380B1900C1278X,TE1A3B1C3D000X,1,1,1,1,1.4,1.4,1.0,1.0,0.0,0.0
10.7998,15,14,377,0,E1A1388B1900C1274X,TE1A3B1C3D000X,1,1,1,1,1.4,1.4,1.0,1.0,0.0,0.0
10.8116,15,13,378,0,E1A1395B1900C1268X,TE1A3B1C3D000X,1,1,1,1,1.4,1.4,1.0,1.0,0.0,0.0
10.8231,14,11,379,0,E1A1403B1900C1263X,TE1A3B1C3D000X,1,1,1,1,1.4,1.4,1.0,1.0,0.0,0.0
10.8349,14,10,380,0,E1A1412B1900C1258X,TE1A3B1C3D000X,1,1,1,1,1.4,1.4,1.0,1.0,0.0,0.0
10.8466,13,8,381,0,E1A1421B1900C1252X,TE1A3B1C3D000X,1,1,1,1,1.4,1.4,1.0,1.0,0.0,0.0
10.8582,12,7,383,0,E1A1431B1900C1247X,TE1A3B1C3D000X,1,1,1,1,1.4,1.4,1.0,1.0,0.0,0.0
10.87,12,5,384,0,E1A1441B1900C1240X,TE1A3B1C4D000X,1,1,1,1,1.4,1.4,1.0,1.0,0.0,0.0
10.8817,11,4,384,0,E1A1450B1900C1232X,TE1A3B1C4D000X,1,1,1,1,1.4,1.4,1.0,1.0,0.0,0.0
10.8933,10,2,386,0,E1A1460B1900C1224X,TE1A3B1C4D000X,1,1,1,1,1.4,1.4,1.0,1.0,0.0,0.0
10.9122,8,0,386,0,E1A1548B1900C1306X,TE1A3B1C4D000X,1,1,1,1,1.4,1.4,1.0,1.0,0.0,0.0
10.9241,7,-2,387,0,E1A1622B1900C1369X,TE1A3B1C4D000X,1,1,1,1,1.4,1.4,1.0,1.0,0.0,0.0
10.9362,6,-4,387,0,E1A1685B1900C1418X,TE1A2B1C3D000X,1,1,1,1,1.4,1.4,1.0,1.0,0.0,0.0
10.9482,4,-6,388,0,E1A1738B1900C1454X,TE1A2B1C3D000X,1,1,1,1,1.4,1.4,1.0,1.0,0.0,0.0
10.9593,3,-9,388,0,E1A1782B1900C1480X,TE1A2B1C3D000X,1,1,1,1,1.4,1.4,1.0,1.0,0.0,0.0
10.9712,1,-11,388,0,E1A1792B1900C1462X,TE1A1B1C2D000X,1,1,1,1,1.4,1.4,1.0,1.0,0.0,0.0
10.983,0,-13,388,0,E1A1802B1900C1445X,TE1A1B1C3D000X,1,1,1,1,1.4,1.4,1.0,1.0,0.0,0.0
10.9948,-1,-15,389,0,E1A1812B1900C1426X,TE1A1B1C3D000X,1,1,1,1,1.4,1.4,1.0,1.0,0.0,0.0
11.0119,-2,-18,390,0,E1A1823B1900C1405X,TE1A1B1C3D000X,1,1,1,1,1.4,1.4,1.0,1.0,0.0,0.0
11.0242,-4,-20,390,0,E1A1833B1900C1384X,TE1A1B1C3D000X,1,1,1,1,1.4,1.4,1.0,1.0,0.0,0.0
11.0482,-6,-22,391,0,E1A1843B1900C1362X,TE1A1B1C3D000X,1,1,1,1,1.4,1.4,1.0,1.0,0.0,0.0
11.06,-8,-24,391,0,E1A1853B1900C1340X,TE1A1B1C3D000X,1,1,1,1,1.4,1.4,1.0,1.0,0.0,0.0
11.072,-10,-25,391,0,E1A1862B1900C1319X,TE1A1B1C3D000X,1,1,1,1,1.4,1.4,1.0,1.0,0.0,0.0
11.0836,-11,-27,393,0,E1A1872B1900C1298X,TE1A1B1C3D000X,1,1,1,1,1.4,1.4,1.0,1.0,0.0,0.0
11.104,-13,-28,393,0,E1A1882B1900C1276X,TE1A1B1C3D000X,1,1,1,1,1.4,1.4,1.0,1.0,0.0,0.0
11.1162,-15,-30,393,0,E1A1892B1900C1255X,TE1A1B1C3D000X,1,1,1,1,1.4,1.4,1.0,1.0,0.0,0.0
11.1277,-17,-31,393,0,E1A1902B1900C1234X,TE1A1B1C3D000X,1,1,1,1,1.4,1.4,1.0,1.0,0.0,0.0
11.148,-19,-32,394,0,E1A1911B1900C1214X,TE1A1B1C4D000X,1,1,1,1,1.4,1.4,1.0,1.0,0.0,0.0
11.1603,-21,-33,393,0,E1A1920B1900C1194X,TE1A1B1C4D000X,1,1,1,1,1.4,1.4,1.0,1.0,0.0,0.0
11.1729,-23,-33,393,0,E1A1920B1902C1183X,TE1A1B1C4D000X,1,1,1,1,1.4,1.4,1.0,1.0,0.0,0.0
11.1846,-24,-34,393,0,E1A1920B1893C1181X,TE1A1B1C4D000X,1,1,1,1,1.4,1.4,1.0,1.0,0.0,0.0
11.2159,-26,-35,392,0,E1A1920B1885C1179X,TE1A1B1C4D000X,1,1,1,1,1.4,1.4,1.0,1.0,0.0,0.0
11.2281,-27,-35,393,0,E1A1920B1876C1179X,TE1A1B1C4D000X,1,1,1,1,1.4,1.4,1.0,1.0,0.0,0.0
11.2401,-29,-36,393,0,E1A1920B1869C1179X,TE1A1B1C4D000X,1,1,1,1,1.4,1.4,1.0,1.0,0.0,0.0
11.2519,-30,-36,394,0,E1A1920B1861C1178X,TE1A1B1C4D000X,1,1,1,1,1.4,1.4,1.0,1.0,0.0,0.0
11.2641,-31,-36,395,0,E1A1920B1855C1178X,TE1A1B1C4D000X,1,1,1,1,1.4,1.4,1.0,1.0,0.0,0.0
11.2754,-32,-36,394,0,E1A1920B1849C1176X,TE1A1B1C4D000X,1,1,1,1,1.4,1.4,1.0,1.0,0.0,0.0
11.2873,-33,-37,394,0,E1A1920B1844C1176X,TE1A1B1C4D000X,1,1,1,1,1.4,1.4,1.0,1.0,0.0,0.0
11.2988,-34,-37,395,0,E1A1920B1839C1176X,TE1A1B1C4D000X,1,1,1,1,1.4,1.4,1.0,1.0,0.0,0.0
11.3099,-35,-37,396,0,E1A1920B1835C1176X,TE1A1B1C4D000X,1,1,1,1,1.4,1.4,1.0,1.0,0.0,0.0
11.3219,-35,-37,396,0,E1A1920B1831C1175X,TE1A1B1C4D000X,1,1,1,1,1.4,1.4,1.0,1.0,0.0,0.0
11.3337,-35,-37,396,0,E1A1920B1828C1175X,TE1A1B1C4D000X,1,1,1,1,1.4,1.4,1.0,1.0,0.0,0.0
11.3455,-36,-36,395,0,E1A1920B1825C1175X,TE1A1B1C4D000X,1,1,1,1,1.4,1.4,1.0,1.0,0.0,0.0
11.3568,-36,-36,395,0,E1A1920B1822C1174X,TE1A1B1C4D000X,1,1,1,1,1.4,1.4,1.0,1.0,0.0,0.0
11.3685,-36,-36,396,0,E1A1920B1819C1175X,TE1A1B1C4D000X,1,1,1,1,1.4,1.4,1.0,1.0,0.0,0.0
11.3802,-37,-36,395,0,E1A1920B1817C1175X,TE1A1B1C4D000X,1,1,1,1,1.4,1.4,1.0,1.0,0.0,0.0
11.3914,-37,-36,396,0,E1A1920B1815C1176X,TE1A1B1C4D000X,1,1,1,1,1.4,1.4,1.0,1.0,0.0,0.0
11.4032,-37,-36,396,0,E1A1920B1813C1177X,TE1A1B1C4D000X,1,1,1,1,1.4,1.4,1.0,1.0,0.0,0.0
11.4149,-37,-35,396,0,E1A1920B1811C1177X,TE1A1B1C4D000X,1,1,1,1,1.4,1.4,1.0,1.0,0.0,0.0
11.4321,-37,-35,397,0,E1A1920B1809C1178X,TE1A1B1C4D000X,1,1,1,1,1.4,1.4,1.0,1.0,0.0,0.0
11.4441,-37,-35,396,0,E1A1920B1807C1177X,TE1A1B1C4D000X,1,1,1,1,1.4,1.4,1.0,1.0,0.0,0.0
11.4563,-37,-35,396,0,E1A1920B1805C1176X,TE1A1B1C4D000X,1,1,1,1,1.4,1.4,1.0,1.0,0.0,0.0
11.468,-38,-35,396,0,E1A1920B1803C1176X,TE1A1B1C4D000X,1,1,1,1,1.4,1.4,1.0,1.0,0.0,0.0
11.4795,-38,-35,396,0,E1A1920B1801C1175X,TE1A1B1C4D000X,1,1,1,1,1.4,1.4,1.0,1.0,0.0,0.0
11.4908,-38,-35,396,0,E1A1920B1799C1174X,TE1A1B1C4D000X,1,1,1,1,1.4,1.4,1.0,1.0,0.0,0.0
11.5025,-38,-35,396,0,E1A1920B1797C1172X,TE1A1B1C4D000X,1,1,1,1,1.4,1.4,1.0,1.0,0.0,0.0
11.5146,-38,-35,397,0,E1A1920B1795C1171X,TE1A1B1C4D000X,1,1,1,1,1.4,1.4,1.0,1.0,0.0,0.0
11.5273,-38,-35,396,0,E1A1920B1794C1169X,TE1A1B1C4D000X,1,1,1,1,1.4,1.4,1.0,1.0,0.0,0.0
11.544,-38,-35,396,0,E1A1920B1792C1167X,TE1A1B1C4D000X,1,1,1,1,1.4,1.4,1.0,1.0,0.0,0.0
11.556,-38,-35,395,0,E1A1920B1790C1164X,TE1A1B1C4D000X,1,1,1,1,1.4,1.4,1.0,1.0,0.0,0.0
11.5679,-38,-35,394,0,E1A1920B1788C1160X,TE1A1B1C4D000X,1,1,1,1,1.4,1.4,1.0,1.0,0.0,0.0
11.58,-38,-35,394,0,E1A1920B1787C1157X,TE1A1B1C4D000X,1,1,1,1,1.4,1.4,1.0,1.0,0.0,0.0
11.5911,-38,-35,393,0,E1A1920B1786C1154X,TE1A1B1C4D000X,1,1,1,1,1.4,1.4,1.0,1.0,0.0,0.0
11.6028,-38,-35,393,0,E1A1920B1784C1151X,TE1A1B1C4D000X,1,1,1,1,1.4,1.4,1.0,1.0,0.0,0.0
11.6145,-38,-35,393,0,E1A1920B1783C1149X,TE1A1B1C4D000X,1,1,1,1,1.4,1.4,1.0,1.0,0.0,0.0
11.6257,-38,-35,393,0,E1A1920B1782C1147X,TE1A1B1C4D000X,1,1,1,1,1.4,1.4,1.0,1.0,0.0,0.0
11.6374,-38,-35,394,0,E1A1920B1781C1145X,TE1A1B1C4D000X,1,1,1,1,1.4,1.4,1.0,1.0,0.0,0.0
11.6491,-38,-35,394,0,E1A1920B1779C1144X,TE1A1B1C4D000X,1,1,1,1,1.4,1.4,1.0,1.0,0.0,0.0
11.6608,-38,-35,394,0,E1A1920B1779C1142X,TE1A1B1C4D000X,1,1,1,1,1.4,1.4,1.0,1.0,0.0,0.0
11.6741,-38,-35,394,0,E1A1920B1778C1141X,TE1A1B1C4D000X,1,1,1,1,1.4,1.4,1.0,1.0,0.0,0.0
11.686,-38,-35,396,0,E1A1920B1777C1142X,TE1A1B1C4D000X,1,1,1,1,1.4,1.4,1.0,1.0,0.0,0.0
11.6971,-38,-35,397,0,E1A1920B1776C1141X,TE1A1B1C4D000X,1,1,1,1,1.4,1.4,1.0,1.0,0.0,0.0
11.7084,-38,-35,397,0,E1A1920B1775C1141X,TE1A1B1C4D000X,1,1,1,1,1.4,1.4,1.0,1.0,0.0,0.0
11.7205,-38,-34,396,0,E1A1920B1775C1139X,TE1A1B1C4D000X,1,1,1,1,1.4,1.4,1.0,1.0,0.0,0.0
11.7322,-37,-34,396,0,E1A1920B1775C1138X,TE1A1B1C4D000X,1,1,1,1,1.4,1.4,1.0,1.0,0.0,0.0
11.744,-37,-34,396,0,E1A1920B1774C1137X,TE1A1B1C4D000X,1,1,1,1,1.4,1.4,1.0,1.0,0.0,0.0
11.7552,-37,-34,396,0,E1A1920B1774C1135X,TE1A1B1C4D000X,1,1,1,1,1.4,1.4,1.0,1.0,0.0,0.0
11.767,-37,-34,397,0,E1A1920B1773C1134X,TE1A1B1C4D000X,1,1,1,1,1.4,1.4,1.0,1.0,0.0,0.0
11.7788,-37,-34,397,0,E1A1920B1773C1133X,TE1A1B1C4D000X,1,1,1,1,1.4,1.4,1.0,1.0,0.0,0.0
11.7918,-36,-34,396,0,E1A1920B1773C1130X,TE1A1B1C4D000X,1,1,1,1,1.4,1.4,1.0,1.0,0.0,0.0
11.8041,-36,-34,396,0,E1A1920B1773C1129X,TE1A1B1C4D000X,1,1,1,1,1.4,1.4,1.0,1.0,0.0,0.0
11.8159,-36,-34,397,0,E1A1920B1773C1127X,TE1A1B1C4D000X,1,1,1,1,1.4,1.4,1.0,1.0,0.0,0.0
11.8399,-36,-34,396,0,E1A1920B1773C1124X,TE1A1B1C4D000X,1,1,1,1,1.4,1.4,1.0,1.0,0.0,0.0
11.8517,-35,-34,396,0,E1A1920B1773C1122X,TE1A1B1C4D000X,1,1,1,1,1.4,1.4,1.0,1.0,0.0,0.0
11.8635,-35,-34,397,0,E1A1920B1773C1120X,TE1A1B1C4D000X,1,1,1,1,1.4,1.4,1.0,1.0,0.0,0.0
11.8753,-35,-34,397,0,E1A1920B1773C1118X,TE1A1B1C4D000X,1,1,1,1,1.4,1.4,1.0,1.0,0.0,0.0
11.887,-35,-34,395,0,E1A1920B1773C1114X,TE1A1B1C4D000X,1,1,1,1,1.4,1.4,1.0,1.0,0.0,0.0
11.8986,-34,-34,394,0,E1A1920B1773C1111X,TE1A1B1C4D000X,1,1,1,1,1.4,1.4,1.0,1.0,0.0,0.0
11.91,-34,-34,394,0,E1A1920B1773C1108X,TE1A1B1C4D000X,1,1,1,1,1.4,1.4,1.0,1.0,0.0,0.0
11.922,-34,-34,395,0,E1A1920B1773C1107X,TE1A1B1C4D000X,1,1,1,1,1.4,1.4,1.0,1.0,0.0,0.0
11.9343,-34,-34,395,0,E1A1920B1773C1105X,TE1A1B1C4D000X,1,1,1,1,1.4,1.4,1.0,1.0,0.0,0.0
11.946,-34,-34,396,0,E1A1920B1772C1104X,TE1A1B1C4D000X,1,1,1,1,1.4,1.4,1.0,1.0,0.0,0.0
11.9573,-34,-34,397,0,E1A1920B1772C1103X,TE1A1B1C4D000X,1,1,1,1,1.4,1.4,1.0,1.0,0.0,0.0
11.9726,-33,-34,397,0,E1A1920B1771C1102X,TE1A1B1C4D000X,1,1,1,1,1.4,1.4,1.0,1.0,0.0,0.0
11.9841,-33,-34,398,0,E1A1920B1771C1101X,TE1A1B1C4D000X,1,1,1,1,1.4,1.4,1.0,1.0,0.0,0.0
11.996,-33,-34,398,0,E1A1920B1770C1100X,TE1A1B1C4D000X,1,1,1,1,1.4,1.4,1.0,1.0,0.0,0.0
12.0077,-33,-34,399,0,E1A1920B1769C1099X,TE1A1B1C4D000X,1,1,1,1,1.4,1.4,1.0,1.0,0.0,0.0
12.02,-33,-34,399,0,E1A1920B1769C1098X,TE1A1B1C4D000X,1,1,1,1,1.4,1.4,1.0,1.0,0.0,0.0
12.0403,-33,-34,399,0,E1A1920B1768C1096X,TE1A1B1C4D000X,1,1,1,1,1.4,1.4,1.0,1.0,0.0,0.0
12.0542,-33,-34,400,0,E1A1920B1767C1095X,TE1A1B1C4D000X,1,1,1,1,1.4,1.4,1.0,1.0,0.0,0.0
12.066,-33,-34,400,0,E1A1920B1766C1094X,TE1A1B1C4D000X,1,1,1,1,1.4,1.4,1.0,1.0,0.0,0.0
12.0783,-33,-34,400,0,E1A1920B1765C1092X,TE1A1B1C4D000X,1,1,1,1,1.4,1.4,1.0,1.0,0.0,0.0
12.0896,-33,-34,400,0,E1A1920B1764C1091X,TE1A1B1C4D000X,1,1,1,1,1.4,1.4,1.0,1.0,0.0,0.0
12.1018,-33,-33,398,0,E1A1920B1763C1088X,TE1A1B1C4D000X,1,1,1,1,1.4,1.4,1.0,1.0,0.0,0.0
12.1139,-33,-33,397,0,E1A1920B1762C1086X,TE1A1B1C4D000X,1,1,1,1,1.4,1.4,1.0,1.0,0.0,0.0
12.125,-33,-33,397,0,E1A1920B1761C1085X,TE1A1B1C4D000X,1,1,1,1,1.4,1.4,1.0,1.0,0.0,0.0
12.1562,-33,-33,397,0,E1A1920B1761C1085X,TE1A1B1C4D000X,1,1,1,1,1.4,1.4,1.0,1.0,0.0,0.0
12.1683,-33,-33,398,0,E1A1920B1760C1085X,TE1A1B1C4D000X,1,1,1,1,1.4,1.4,1.0,1.0,0.0,0.0
12.1798,-33,-33,398,0,E1A1920B1759C1085X,TE1A1B1C4D000X,1,1,1,1,1.4,1.4,1.0,1.0,0.0,0.0
12.1915,-32,-32,397,0,E1A1920B1758C1083X,TE1A1B1C4D000X,1,1,1,1,1.4,1.4,1.0,1.0,0.0,0.0
12.2121,-32,-32,397,0,E1A1920B1758C1084X,TE1A1B1C4D000X,1,1,1,1,1.4,1.4,1.0,1.0,0.0,0.0
12.2236,-32,-32,398,0,E1A1920B1757C1084X,TE1A1B1C4D000X,1,1,1,1,1.4,1.4,1.0,1.0,0.0,0.0
12.2356,-32,-32,398,0,E1A1920B1756C1084X,TE1A1B1C4D000X,1,1,1,1,1.4,1.4,1.0,1.0,0.0,0.0
12.2472,-32,-32,397,0,E1A1920B1756C1082X,TE1A1B1C4D000X,1,1,1,1,1.4,1.4,1.0,1.0,0.0,0.0
12.268,-32,-31,395,0,E1A1920B1755C1080X,TE1A1B1C4D000X,1,1,1,1,1.4,1.4,1.0,1.0,0.0,0.0
12.28,-32,-31,395,0,E1A1920B1755C1079X,TE1A1B1C4D000X,1,1,1,1,1.4,1.4,1.0,1.0,0.0,0.0
12.2918,-31,-31,396,0,E1A1920B1754C1079X,TE1A1B1C4D000X,1,1,1,1,1.4,1.4,1.0,1.0,0.0,0.0
12.3035,-31,-31,395,0,E1A1920B1754C1078X,TE1A1B1C4D000X,1,1,1,1,1.4,1.4,1.0,1.0,0.0,0.0
12.3242,-31,-31,395,1,E1A1920B1753C1077X,TE1A1B1C4D000X,1,1,1,1,1.4,1.4,1.0,1.0,0.0,0.0
