timestamp,errXmm,errYmm,errZmm,TouchDetected,OutgoingPacket,IncomingPacket,Serial0Enabled,Serial0Open,Serial1Enabled,Serial1Open,kpx,kpy,kix,kiy,kdx,kdy
0.00100713,5,-2,389,0,E1A1894B1904C1688X,TE1A1B1C2D000X,1,1,1,1,1.4,1.4,1.0,1.0,0.0,0.0
0.0197237,5,-2,395,0,E1A1896B1904C1690X,TE1A1B1C2D000X,1,1,1,1,1.4,1.4,1.0,1.0,0.0,0.0
0.0311927,5,-2,396,0,E1A1894B1904C1690X,TE1A1B1C2D000X,1,1,1,1,1.4,1.4,1.0,1.0,0.0,0.0
0.0433288,5,-2,396,0,E1A1894B1904C1690X,TE1A1B1C2D000X,1,1,1,1,1.4,1.4,1.0,1.0,0.0,0.0
0.0553338,5,-2,396,0,E1A1894B1904C1690X,TE1A1B1C2D000X,1,1,1,1,1.4,1.4,1.0,1.0,0.0,0.0
0.067625,5,-2,392,0,E1A1894B1904C1691X,TE1A1B1C2D000X,1,1,1,1,1.4,1.4,1.0,1.0,0.0,0.0
0.0879353,5,-2,391,0,E1A1895B1904C1693X,TE1A1B1C2D000X,1,1,1,1,1.4,1.4,1.0,1.0,0.0,0.0
0.0993526,241,-5,305,0,E1A0475B1904C1125X,TE1A1B1C2D000X,1,1,1,1,1.4,1.4,1.0,1.0,0.0,0.0
0.111697,241,-5,305,0,E1A0475B1904C1125X,TE1A7B1C4D000X,1,1,1,1,1.4,1.4,1.0,1.0,0.0,0.0
0.1283,243,-5,308,0,E1A0474B1904C1125X,TE1A7B1C4D000X,1,1,1,1,1.4,1.4,1.0,1.0,0.0,0.0
0.140372,242,-5,307,0,E1A0474B1904C1125X,TE1A7B1C4D000X,1,1,1,1,1.4,1.4,1.0,1.0,0.0,0.0
0.1535,240,-3,300,0,E1A0466B1904C1133X,TE1A7B1C4D000X,1,1,1,1,1.4,1.4,1.0,1.0,0.0,0.0
0.16536,244,-1,300,0,E1A0456B1904C1144X,TE1A7B1C4D000X,1,1,1,1,1.4,1.4,1.0,1.0,0.0,0.0
0.178116,247,-1,297,0,E1A0458B1904C1142X,TE1A7B1C4D000X,1,1,1,1,1.4,1.4,1.0,1.0,0.0,0.0
0.190995,248,-2,296,0,E1A0461B1904C1138X,TE1A7B1C4D000X,1,1,1,1,1.4,1.4,1.0,1.0,0.0,0.0
0.202623,250,-3,294,0,E1A0464B1904C1135X,TE1A7B1C4D000X,1,1,1,1,1.4,1.4,1.0,1.0,0.0,0.0
0.214237,252,-4,294,0,E1A0467B1904C1132X,TE1A7B1C4D000X,1,1,1,1,1.4,1.4,1.0,1.0,0.0,0.0
0.22542,252,-4,294,0,E1A0469B1904C1130X,TE1A7B1C4D000X,1,1,1,1,1.4,1.4,1.0,1.0,0.0,0.0
0.236638,253,-5,294,0,E1A0470B1904C1129X,TE1A7B1C4D000X,1,1,1,1,1.4,1.4,1.0,1.0,0.0,0.0
0.248709,252,-5,293,0,E1A0471B1904C1128X,TE1A7B1C4D000X,1,1,1,1,1.4,1.4,1.0,1.0,0.0,0.0
0.260618,252,-5,293,0,E1A0472B1904C1128X,TE1A7B1C4D000X,1,1,1,1,1.4,1.4,1.0,1.0,0.0,0.0
0.271947,252,-5,294,0,E1A0472B1904C1128X,TE1A7B1C4D000X,1,1,1,1,1.4,1.4,1.0,1.0,0.0,0.0
0.283954,253,-5,295,0,E1A0472B1904C1128X,TE1A7B1C4D000X,1,1,1,1,1.4,1.4,1.0,1.0,0.0,0.0
0.295727,253,-5,297,0,E1A0472B1904C1128X,TE1A7B1C4D000X,1,1,1,1,1.4,1.4,1.0,1.0,0.0,0.0
0.306921,253,-5,298,0,E1A0472B1904C1128X,TE1A7B1C4D000X,1,1,1,1,1.4,1.4,1.0,1.0,0.0,0.0
0.318716,252,-5,298,0,E1A0471B1904C1128X,TE1A7B1C4D000X,1,1,1,1,1.4,1.4,1.0,1.0,0.0,0.0
0.330424,251,-5,299,0,E1A0471B1904C1129X,TE1A7B1C4D000X,1,1,1,1,1.4,1.4,1.0,1.0,0.0,0.0
0.341932,251,-5,300,0,E1A0471B1904C1129X,TE1A7B1C4D000X,1,1,1,1,1.4,1.4,1.0,1.0,0.0,0.0
0.353174,250,-4,302,0,E1A0470B1904C1130X,TE1A7B1C4D000X,1,1,1,1,1.4,1.4,1.0,1.0,0.0,0.0
0.367233,249,-4,302,0,E1A0469B1904C1131X,TE1A7B1C4D000X,1,1,1,1,1.4,1.4,1.0,1.0,0.0,0.0
0.379216,247,-3,303,0,E1A0467B1904C1133X,TE1A7B1C4D000X,1,1,1,1,1.4,1.4,1.0,1.0,0.0,0.0
0.404271,245,-2,306,0,E1A0464B1904C1136X,TE1A7B1C4D000X,1,1,1,1,1.4,1.4,1.0,1.0,0.0,0.0
0.416804,243,-1,308,0,E1A0461B1904C1139X,TE1A7B1C4D000X,1,1,1,1,1.4,1.4,1.0,1.0,0.0,0.0
0.429727,241,0,310,0,E1A0457B1904C1143X,TE1A7B1C4D000X,1,1,1,1,1.4,1.4,1.0,1.0,0.0,0.0
0.441816,239,0,312,0,E1A0453B1904C1147X,TE1A7B1C4D000X,1,1,1,1,1.4,1.4,1.0,1.0,0.0,0.0
0.45927,236,1,315,0,E1A0448B1904C1152X,TE1A7B1C4D000X,1,1,1,1,1.4,1.4,1.0,1.0,0.0,0.0
0.471392,234,3,317,0,E1A0443B1904C1157X,TE1A7B1C4D000X,1,1,1,1,1.4,1.4,1.0,1.0,0.0,0.0
0.483807,231,5,320,0,E1A0437B1904C1162X,TE1A7B1C4D000X,1,1,1,1,1.4,1.4,1.0,1.0,0.0,0.0
0.539016,227,7,324,0,E1A0430B1904C1170X,TE1A7B1C4D000X,1,1,1,1,1.4,1.4,1.0,1.0,0.0,0.0
0.551632,222,9,327,0,E1A0423B1904C1176X,TE1A7B1C4D000X,1,1,1,1,1.4,1.4,1.0,1.0,0.0,0.0
0.562851,216,10,329,0,E1A0417B1904C1183X,TE1A7B1C4D000X,1,1,1,1,1.4,1.4,1.0,1.0,0.0,0.0
0.574825,212,12,332,0,E1A0410B1904C1190X,TE1A7B1C4D000X,1,1,1,1,1.4,1.4,1.0,1.0,0.0,0.0
0.586623,206,14,334,0,E1A0403B1904C1197X,TE1A7B1C4D000X,1,1,1,1,1.4,1.4,1.0,1.0,0.0,0.0
0.597734,202,15,337,0,E1A0397B1904C1203X,TE1A7B1C4D000X,1,1,1,1,1.4,1.4,1.0,1.0,0.0,0.0
0.609342,196,17,338,0,E1A0390B1904C1209X,TE1A7B1C4D000X,1,1,1,1,1.4,1.4,1.0,1.0,0.0,0.0
0.62067,191,18,339,0,E1A0384B1904C1216X,TE1A7B1C4D000X,1,1,1,1,1.4,1.4,1.0,1.0,0.0,0.0
0.631712,186,19,342,0,E1A0378B1904C1222X,TE1A7B1C4D000X,1,1,1,1,1.4,1.4,1.0,1.0,0.0,0.0
0.643256,182,21,344,0,E1A0371B1904C1229X,TE1A7B1C4D000X,1,1,1,1,1.4,1.4,1.0,1.0,0.0,0.0
0.654822,177,22,345,0,E1A0365B1904C1235X,TE1A7B1C4D000X,1,1,1,1,1.4,1.4,1.0,1.0,0.0,0.0
0.666425,172,23,347,0,E1A0359B1904C1241X,TE1A7B1C4D000X,1,1,1,1,1.4,1.4,1.0,1.0,0.0,0.0
0.677949,168,24,349,0,E1A0353B1904C1247X,TE1A7B1C4D000X,1,1,1,1,1.4,1.4,1.0,1.0,0.0,0.0
0.689113,163,25,351,0,E1A0347B1904C1253X,TE1A7B1C4D000X,1,1,1,1,1.4,1.4,1.0,1.0,0.0,0.0
0.702098,159,26,352,0,E1A0341B1904C1258X,TE1A7B1C3D000X,1,1,1,1,1.4,1.4,1.0,1.0,0.0,0.0
0.713733,154,26,354,0,E1A0335B1904C1264X,TE1A8B1C3D000X,1,1,1,1,1.4,1.4,1.0,1.0,0.0,0.0
0.724892,150,27,356,0,E1A0330B1904C1270X,TE1A8B1C3D000X,1,1,1,1,1.4,1.4,1.0,1.0,0.0,0.0
0.736307,146,27,357,0,E1A0325B1904C1275X,TE1A8B1C3D000X,1,1,1,1,1.4,1.4,1.0,1.0,0.0,0.0
0.748015,142,28,358,0,E1A0320B1904C1280X,TE1A8B1C3D000X,1,1,1,1,1.4,1.4,1.0,1.0,0.0,0.0
0.759031,137,28,360,0,E1A0337B1904C1290X,TE1A8B1C3D000X,1,1,1,1,1.4,1.4,1.0,1.0,0.0,0.0
0.770392,133,28,361,0,E1A0358B1904C1302X,TE1A8B1C3D000X,1,1,1,1,1.4,1.4,1.0,1.0,0.0,0.0
0.782118,130,28,363,0,E1A0380B1904C1313X,TE1A7B1C3D000X,1,1,1,1,1.4,1.4,1.0,1.0,0.0,0.0
0.793016,125,29,364,0,E1A0400B1904C1324X,TE1A7B1C3D000X,1,1,1,1,1.4,1.4,1.0,1.0,0.0,0.0
0.804286,122,29,365,0,E1A0420B1904C1335X,TE1A7B1C3D000X,1,1,1,1,1.4,1.4,1.0,1.0,0.0,0.0
0.816208,118,29,366,0,E1A0440B1904C1346X,TE1A7B1C3D000X,1,1,1,1,1.4,1.4,1.0,1.0,0.0,0.0
0.827438,114,29,367,0,E1A0459B1904C1356X,TE1A7B1C3D000X,1,1,1,1,1.4,1.4,1.0,1.0,0.0,0.0
0.838775,111,29,368,0,E1A0477B1904C1366X,TE1A7B1C3D000X,1,1,1,1,1.4,1.4,1.0,1.0,0.0,0.0
0.851139,107,29,368,0,E1A0495B1904C1376X,TE1A7B1C3D000X,1,1,1,1,1.4,1.4,1.0,1.0,0.0,0.0
0.862087,104,30,370,0,E1A0513B1904C1386X,TE1A7B1C3D000X,1,1,1,1,1.4,1.4,1.0,1.0,0.0,0.0
0.873931,100,30,370,0,E1A0530B1904C1396X,TE1A7B1C3D000X,1,1,1,1,1.4,1.4,1.0,1.0,0.0,0.0
0.885713,97,30,370,0,E1A0547B1904C1406X,TE1A7B1C3D000X,1,1,1,1,1.4,1.4,1.0,1.0,0.0,0.0
0.897288,93,30,370,0,E1A0563B1904C1416X,TE1A7B1C3D000X,1,1,1,1,1.4,1.4,1.0,1.0,0.0,0.0
0.908884,90,31,371,0,E1A0580B1904C1427X,TE1A7B1C3D000X,1,1,1,1,1.4,1.4,1.0,1.0,0.0,0.0
0.92328,87,31,373,0,E1A0599B1904C1439X,TE1A6B1C3D000X,1,1,1,1,1.4,1.4,1.0,1.0,0.0,0.0
0.935971,83,32,374,0,E1A0618B1904C1451X,TE1A6B1C3D000X,1,1,1,1,1.4,1.4,1.0,1.0,0.0,0.0
0.947839,80,32,375,0,E1A0636B1904C1462X,TE1A6B1C3D000X,1,1,1,1,1.4,1.4,1.0,1.0,0.0,0.0
0.959127,76,32,375,0,E1A0652B1904C1473X,TE1A6B1C3D000X,1,1,1,1,1.4,1.4,1.0,1.0,0.0,0.0
0.970531,73,33,375,0,E1A0668B1904C1484X,TE1A6B1C3D000X,1,1,1,1,1.4,1.4,1.0,1.0,0.0,0.0
0.9915,69,33,376,0,E1A0686B1904C1495X,TE1A6B1C2D000X,1,1,1,1,1.4,1.4,1.0,1.0,0.0,0.0
1.00339,66,33,377,0,E1A0704B1904C1507X,TE1A6B1C2D000X,1,1,1,1,1.4,1.4,1.0,1.0,0.0,0.0
1.01525,62,33,377,0,E1A0722B1904C1517X,TE1A6B1C2D000X,1,1,1,1,1.4,1.4,1.0,1.0,0.0,0.0
1.02661,59,34,378,0,E1A0740B1904C1527X,TE1A6B1C2D000X,1,1,1,1,1.4,1.4,1.0,1.0,0.0,0.0
1.04755,56,34,379,0,E1A0760B1904C1538X,TE1A6B1C2D000X,1,1,1,1,1.4,1.4,1.0,1.0,0.0,0.0
1.05946,52,34,379,0,E1A0779B1904C1548X,TE1A6B1C2D000X,1,1,1,1,1.4,1.4,1.0,1.0,0.0,0.0
1.0711,49,34,380,0,E1A0798B1904C1558X,TE1A6B1C2D000X,1,1,1,1,1.4,1.4,1.0,1.0,0.0,0.0
1.08237,46,34,381,0,E1A0816B1904C1567X,TE1A5B1C2D000X,1,1,1,1,1.4,1.4,1.0,1.0,0.0,0.0
1.0942,43,34,382,0,E1A0835B1904C1576X,TE1A5B1C2D000X,1,1,1,1,1.4,1.4,1.0,1.0,0.0,0.0
1.10561,40,34,382,0,E1A0851B1904C1584X,TE1A5B1C2D000X,1,1,1,1,1.4,1.4,1.0,1.0,0.0,0.0
1.11741,37,33,382,0,E1A0867B1904C1592X,TE1A5B1C2D000X,1,1,1,1,1.4,1.4,1.0,1.0,0.0,0.0
1.13038,34,33,382,0,E1A0883B1904C1600X,TE1A5B1C2D000X,1,1,1,1,1.4,1.4,1.0,1.0,0.0,0.0
1.14148,32,33,383,0,E1A0898B1904C1607X,TE1A5B1C2D000X,1,1,1,1,1.4,1.4,1.0,1.0,0.0,0.0
1.15341,29,33,383,0,E1A0912B1904C1615X,TE1A5B1C2D000X,1,1,1,1,1.4,1.4,1.0,1.0,0.0,0.0
1.17178,27,33,384,0,E1A0928B1904C1623X,TE1A5B1C2D000X,1,1,1,1,1.4,1.4,1.0,1.0,0.0,0.0
1.18387,24,33,385,0,E1A0943B1904C1631X,TE1A5B1C2D000X,1,1,1,1,1.4,1.4,1.0,1.0,0.0,0.0
1.19601,22,33,386,0,E1A0958B1904C1639X,TE1A5B1C2D000X,1,1,1,1,1.4,1.4,1.0,1.0,0.0,0.0
1.20757,19,33,387,0,E1A0972B1904C1646X,TE1A5B1C2D000X,1,1,1,1,1.4,1.4,1.0,1.0,0.0,0.0
1.21903,17,33,387,0,E1A0986B1904C1653X,TE1A5B1C2D000X,1,1,1,1,1.4,1.4,1.0,1.0,0.0,0.0
1.23091,14,33,388,0,E1A0999B1904C1661X,TE1A5B1C2D000X,1,1,1,1,1.4,1.4,1.0,1.0,0.0,0.0
1.24232,12,33,388,0,E1A1011B1904C1668X,TE1A5B1C2D000X,1,1,1,1,1.4,1.4,1.0,1.0,0.0,0.0
1.25901,9,33,389,0,E1A1026B1904C1675X,TE1A5B1C2D000X,1,1,1,1,1.4,1.4,1.0,1.0,0.0,0.0
1.27117,7,33,389,0,E1A1041B1904C1683X,TE1A4B1C2D000X,1,1,1,1,1.4,1.4,1.0,1.0,0.0,0.0
1.28335,4,33,389,0,E1A1055B1904C1690X,TE1A4B1C2D000X,1,1,1,1,1.4,1.4,1.0,1.0,0.0,0.0
1.29536,1,33,390,0,E1A1071B1904C1698X,TE1A4B1C2D000X,1,1,1,1,1.4,1.4,1.0,1.0,0.0,0.0
1.30712,0,32,390,0,E1A1085B1904C1705X,TE1A4B1C2D000X,1,1,1,1,1.4,1.4,1.0,1.0,0.0,0.0
1.31895,-3,32,391,0,E1A1101B1904C1712X,TE1A4B1C2D000X,1,1,1,1,1.4,1.4,1.0,1.0,0.0,0.0
1.33168,-6,32,391,0,E1A1115B1904C1719X,TE1A4B1C1D000X,1,1,1,1,1.4,1.4,1.0,1.0,0.0,0.0
1.34323,-8,32,391,0,E1A1141B1899C1719X,TE1A4B1C1D000X,1,1,1,1,1.4,1.4,1.0,1.0,0.0,0.0
1.35456,-11,31,391,0,E1A1171B1891C1719X,TE1A4B1C1D000X,1,1,1,1,1.4,1.4,1.0,1.0,0.0,0.0
1.36624,-14,31,391,0,E1A1201B1882C1719X,TE1A4B1C1D000X,1,1,1,1,1.4,1.4,1.0,1.0,0.0,0.0
1.37725,-16,31,392,0,E1A1235B1872C1719X,TE1A4B1C1D000X,1,1,1,1,1.4,1.4,1.0,1.0,0.0,0.0
1.38821,-19,31,393,0,E1A1266B1862C1719X,TE1A4B1C1D000X,1,1,1,1,1.4,1.4,1.0,1.0,0.0,0.0
1.40713,-22,31,393,0,E1A1302B1850C1719X,TE1A3B1C1D000X,1,1,1,1,1.4,1.4,1.0,1.0,0.0,0.0
1.41919,-26,31,393,0,E1A1336B1839C1719X,TE1A3B1C1D000X,1,1,1,1,1.4,1.4,1.0,1.0,0.0,0.0
1.43096,-29,31,393,0,E1A1370B1827C1719X,TE1A3B1C1D000X,1,1,1,1,1.4,1.4,1.0,1.0,0.0,0.0
1.45094,-33,31,392,0,E1A1408B1813C1719X,TE1A3B1C1D000X,1,1,1,1,1.4,1.4,1.0,1.0,0.0,0.0
1.46306,-37,31,392,0,E1A1445B1798C1719X,TE1A3B1C1D000X,1,1,1,1,1.4,1.4,1.0,1.0,0.0,0.0
1.4751,-41,31,393,0,E1A1482B1781C1719X,TE1A3B1C1D000X,1,1,1,1,1.4,1.4,1.0,1.0,0.0,0.0
1.48694,-44,31,393,0,E1A1516B1765C1719X,TE1A2B1C1D000X,1,1,1,1,1.4,1.4,1.0,1.0,0.0,0.0
1.49905,-48,32,393,0,E1A1548B1748C1719X,TE1A2B1C1D000X,1,1,1,1,1.4,1.4,1.0,1.0,0.0,0.0
1.51106,-52,32,392,0,E1A1577B1730C1719X,TE1A2B1C1D000X,1,1,1,1,1.4,1.4,1.0,1.0,0.0,0.0
1.52189,-56,32,393,0,E1A1605B1710C1719X,TE1A2B1C1D000X,1,1,1,1,1.4,1.4,1.0,1.0,0.0,0.0
1.53359,-60,32,392,0,E1A1630B1689C1719X,TE1A2B1C1D000X,1,1,1,1,1.4,1.4,1.0,1.0,0.0,0.0
1.54511,-64,32,392,0,E1A1654B1666C1719X,TE1A2B2C1D000X,1,1,1,1,1.4,1.4,1.0,1.0,0.0,0.0
1.55712,-68,32,392,0,E1A1677B1640C1719X,TE1A2B2C1D000X,1,1,1,1,1.4,1.4,1.0,1.0,0.0,0.0
1.57505,-72,32,392,0,E1A1701B1609C1719X,TE1A2B2C1D000X,1,1,1,1,1.4,1.4,1.0,1.0,0.0,0.0
1.58713,-77,32,393,0,E1A1722B1576C1719X,TE1A2B2C1D000X,1,1,1,1,1.4,1.4,1.0,1.0,0.0,0.0
1.62314,-82,32,393,0,E1A1744B1535C1719X,TE1A1B2C1D000X,1,1,1,1,1.4,1.4,1.0,1.0,0.0,0.0
1.63506,-87,32,393,0,E1A1764B1492C1719X,TE1A1B2C1D000X,1,1,1,1,1.4,1.4,1.0,1.0,0.0,0.0
1.64654,-92,32,394,0,E1A1785B1446C1719X,TE1A1B2C1D000X,1,1,1,1,1.4,1.4,1.0,1.0,0.0,0.0
1.65784,-96,32,394,0,E1A1802B1402C1719X,TE1A1B2C1D000X,1,1,1,1,1.4,1.4,1.0,1.0,0.0,0.0
1.66961,-100,32,394,0,E1A1818B1357C1719X,TE1A1B3C1D000X,1,1,1,1,1.4,1.4,1.0,1.0,0.0,0.0
1.70326,-105,32,394,0,E1A1836B1306C1719X,TE1A1B3C1D000X,1,1,1,1,1.4,1.4,1.0,1.0,0.0,0.0
1.71484,-109,32,394,0,E1A1853B1255C1719X,TE1A1B3C1D000X,1,1,1,1,1.4,1.4,1.0,1.0,0.0,0.0
1.72631,-114,31,394,0,E1A1869B1203C1719X,TE1A1B3C1D000X,1,1,1,1,1.4,1.4,1.0,1.0,0.0,0.0
1.73761,-118,31,393,0,E1A1885B1154C1719X,TE1A1B3C1D000X,1,1,1,1,1.4,1.4,1.0,1.0,0.0,0.0
1.74899,-121,30,393,0,E1A1901B1104C1719X,TE1A1B4C1D000X,1,1,1,1,1.4,1.4,1.0,1.0,0.0,0.0
1.76044,-125,30,393,0,E1A1915B1057C1719X,TE1A1B4C1D000X,1,1,1,1,1.4,1.4,1.0,1.0,0.0,0.0
1.77165,-128,29,393,0,E1A1915B1019C1718X,TE1A1B4C1D000X,1,1,1,1,1.4,1.4,1.0,1.0,0.0,0.0
1.78331,-131,29,392,0,E1A1915B1001C1707X,TE1A1B5C1D000X,1,1,1,1,1.4,1.4,1.0,1.0,0.0,0.0
1.79481,-134,28,392,0,E1A1915B0984C1696X,TE1A1B5C1D000X,1,1,1,1,1.4,1.4,1.0,1.0,0.0,0.0
1.80747,-136,28,392,0,E1A1915B0968C1686X,TE1A1B5C1D000X,1,1,1,1,1.4,1.4,1.0,1.0,0.0,0.0
1.8187,-139,27,393,0,E1A1915B0951C1676X,TE1A1B5C2D000X,1,1,1,1,1.4,1.4,1.0,1.0,0.0,0.0
1.83036,-142,27,394,0,E1A1915B0936C1666X,TE1A1B5C2D000X,1,1,1,1,1.4,1.4,1.0,1.0,0.0,0.0
1.84195,-144,26,395,0,E1A1915B0922C1656X,TE1A1B5C2D000X,1,1,1,1,1.4,1.4,1.0,1.0,0.0,0.0
1.85279,-146,26,396,0,E1A1915B0910C1647X,TE1A1B5C2D000X,1,1,1,1,1.4,1.4,1.0,1.0,0.0,0.0
1.87111,-147,25,396,0,E1A1915B0900C1639X,TE1A1B5C2D000X,1,1,1,1,1.4,1.4,1.0,1.0,0.0,0.0
1.8834,-149,25,398,0,E1A1915B0891C1632X,TE1A1B5C2D000X,1,1,1,1,1.4,1.4,1.0,1.0,0.0,0.0
1.89521,-150,24,398,0,E1A1915B0884C1625X,TE1A1B5C2D000X,1,1,1,1,1.4,1.4,1.0,1.0,0.0,0.0
1.90664,-151,24,399,0,E1A1915B0878C1619X,TE1A1B5C2D000X,1,1,1,1,1.4,1.4,1.0,1.0,0.0,0.0
1.91777,-151,23,400,0,E1A1915B0874C1614X,TE1A1B5C2D000X,1,1,1,1,1.4,1.4,1.0,1.0,0.0,0.0
1.92932,-151,23,400,0,E1A1915B0872C1609X,TE1A1B5C2D000X,1,1,1,1,1.4,1.4,1.0,1.0,0.0,0.0
1.94097,-151,22,400,0,E1A1915B0870C1605X,TE1A1B5C2D000X,1,1,1,1,1.4,1.4,1.0,1.0,0.0,0.0
1.95898,-150,21,400,0,E1A1915B0870C1602X,TE1A1B5C2D000X,1,1,1,1,1.4,1.4,1.0,1.0,0.0,0.0
1.9711,-150,21,400,0,E1A1915B0872C1599X,TE1A1B5C2D000X,1,1,1,1,1.4,1.4,1.0,1.0,0.0,0.0
1.98318,-149,20,401,0,E1A1915B0875C1596X,TE1A1B5C2D000X,1,1,1,1,1.4,1.4,1.0,1.0,0.0,0.0
1.99528,-148,19,401,0,E1A1915B0879C1593X,TE1A1B5C2D000X,1,1,1,1,1.4,1.4,1.0,1.0,0.0,0.0
2.00724,-147,18,400,0,E1A1915B0885C1591X,TE1A1B5C2D000X,1,1,1,1,1.4,1.4,1.0,1.0,0.0,0.0
2.01895,-145,17,399,0,E1A1915B0892C1590X,TE1A1B5C2D000X,1,1,1,1,1.4,1.4,1.0,1.0,0.0,0.0
2.03903,-143,16,398,0,E1A1915B0901C1589X,TE1A1B5C2D000X,1,1,1,1,1.4,1.4,1.0,1.0,0.0,0.0
2.05126,-141,15,397,0,E1A1915B0912C1587X,TE1A1B5C2D000X,1,1,1,1,1.4,1.4,1.0,1.0,0.0,0.0
2.06324,-139,14,397,0,E1A1915B0924C1586X,TE1A1B5C2D000X,1,1,1,1,1.4,1.4,1.0,1.0,0.0,0.0
2.07507,-136,13,395,0,E1A1915B0935C1586X,TE1A1B5C2D000X,1,1,1,1,1.4,1.4,1.0,1.0,0.0,0.0
2.08609,-134,12,395,0,E1A1915B0948C1586X,TE1A1B5C2D000X,1,1,1,1,1.4,1.4,1.0,1.0,0.0,0.0
2.09776,-132,11,393,0,E1A1915B0960C1585X,TE1A1B5C2D000X,1,1,1,1,1.4,1.4,1.0,1.0,0.0,0.0
2.11932,-129,10,392,0,E1A1915B0975C1586X,TE1A1B5C2D000X,1,1,1,1,1.4,1.4,1.0,1.0,0.0,0.0
2.13093,-127,9,391,0,E1A1915B0989C1586X,TE1A1B5C2D000X,1,1,1,1,1.4,1.4,1.0,1.0,0.0,0.0
2.14296,-124,8,391,0,E1A1915B1004C1586X,TE1A1B5C2D000X,1,1,1,1,1.4,1.4,1.0,1.0,0.0,0.0
2.16306,-121,7,390,0,E1A1915B1020C1587X,TE1A1B5C2D000X,1,1,1,1,1.4,1.4,1.0,1.0,0.0,0.0
2.17509,-119,6,390,0,E1A1915B1036C1587X,TE1A1B5C2D000X,1,1,1,1,1.4,1.4,1.0,1.0,0.0,0.0
2.18939,-116,5,390,0,E1A1915B1052C1588X,TE1A1B4C2D000X,1,1,1,1,1.4,1.4,1.0,1.0,0.0,0.0
2.20103,-114,5,390,0,E1A1915B1067C1590X,TE1A1B4C2D000X,1,1,1,1,1.4,1.4,1.0,1.0,0.0,0.0
2.2191,-111,4,390,0,E1A1915B1084C1591X,TE1A1B4C2D000X,1,1,1,1,1.4,1.4,1.0,1.0,0.0,0.0
2.24305,-109,3,390,0,E1A1915B1102C1594X,TE1A1B4C2D000X,1,1,1,1,1.4,1.4,1.0,1.0,0.0,0.0
2.26719,-106,2,390,0,E1A1915B1123C1596X,TE1A1B4C2D000X,1,1,1,1,1.4,1.4,1.0,1.0,0.0,0.0
2.27868,-103,1,390,0,E1A1915B1143C1599X,TE1A1B4C2D000X,1,1,1,1,1.4,1.4,1.0,1.0,0.0,0.0
2.29006,-100,0,389,0,E1A1915B1163C1601X,TE1A1B4C2D000X,1,1,1,1,1.4,1.4,1.0,1.0,0.0,0.0
2.3032,-97,0,389,0,E1A1915B1183C1604X,TE1A1B4C2D000X,1,1,1,1,1.4,1.4,1.0,1.0,0.0,0.0
2.31472,-94,0,389,0,E1A1915B1202C1606X,TE1A1B4C2D000X,1,1,1,1,1.4,1.4,1.0,1.0,0.0,0.0
2.32744,-91,-1,389,0,E1A1915B1222C1608X,TE1A1B4C2D000X,1,1,1,1,1.4,1.4,1.0,1.0,0.0,0.0
2.33872,-89,-2,389,0,E1A1915B1241C1610X,TE1A1B4C2D000X,1,1,1,1,1.4,1.4,1.0,1.0,0.0,0.0
2.35105,-86,-3,390,0,E1A1915B1260C1612X,TE1A1B4C2D000X,1,1,1,1,1.4,1.4,1.0,1.0,0.0,0.0
2.36174,-84,-4,389,0,E1A1915B1278C1614X,TE1A1B3C2D000X,1,1,1,1,1.4,1.4,1.0,1.0,0.0,0.0
2.37368,-81,-4,390,0,E1A1915B1297C1615X,TE1A1B3C2D000X,1,1,1,1,1.4,1.4,1.0,1.0,0.0,0.0
2.38499,-79,-5,391,0,E1A1915B1316C1616X,TE1A1B3C2D000X,1,1,1,1,1.4,1.4,1.0,1.0,0.0,0.0
2.39668,-77,-6,392,0,E1A1915B1335C1618X,TE1A1B3C2D000X,1,1,1,1,1.4,1.4,1.0,1.0,0.0,0.0
2.40792,-74,-7,392,0,E1A1915B1353C1619X,TE1A1B3C2D000X,1,1,1,1,1.4,1.4,1.0,1.0,0.0,0.0
2.41875,-72,-8,392,0,E1A1915B1372C1621X,TE1A1B3C2D000X,1,1,1,1,1.4,1.4,1.0,1.0,0.0,0.0
2.43029,-70,-9,393,0,E1A1915B1391C1622X,TE1A1B3C2D000X,1,1,1,1,1.4,1.4,1.0,1.0,0.0,0.0
2.44162,-68,-9,394,0,E1A1915B1409C1623X,TE1A1B3C2D000X,1,1,1,1,1.4,1.4,1.0,1.0,0.0,0.0
2.45259,-65,-10,394,0,E1A1915B1427C1624X,TE1A1B3C2D000X,1,1,1,1,1.4,1.4,1.0,1.0,0.0,0.0
2.46395,-63,-11,393,0,E1A1915B1445C1625X,TE1A1B3C2D000X,1,1,1,1,1.4,1.4,1.0,1.0,0.0,0.0
2.47529,-61,-12,394,0,E1A1915B1463C1626X,TE1A1B3C2D000X,1,1,1,1,1.4,1.4,1.0,1.0,0.0,0.0
2.48614,-59,-13,394,0,E1A1915B1480C1627X,TE1A1B3C2D000X,1,1,1,1,1.4,1.4,1.0,1.0,0.0,0.0
2.49774,-57,-13,395,0,E1A1915B1498C1627X,TE1A1B2C2D000X,1,1,1,1,1.4,1.4,1.0,1.0,0.0,0.0
2.50891,-55,-14,394,0,E1A1915B1515C1628X,TE1A1B2C2D000X,1,1,1,1,1.4,1.4,1.0,1.0,0.0,0.0
2.51993,-53,-15,394,0,E1A1915B1532C1629X,TE1A1B2C2D000X,1,1,1,1,1.4,1.4,1.0,1.0,0.0,0.0
2.53122,-51,-16,394,0,E1A1915B1549C1630X,TE1A1B2C2D000X,1,1,1,1,1.4,1.4,1.0,1.0,0.0,0.0
2.54245,-49,-16,395,0,E1A1915B1566C1631X,TE1A1B2C2D000X,1,1,1,1,1.4,1.4,1.0,1.0,0.0,0.0
2.55373,-47,-17,395,0,E1A1915B1582C1632X,TE1A1B2C2D000X,1,1,1,1,1.4,1.4,1.0,1.0,0.0,0.0
2.56556,-45,-18,396,0,E1A1915B1598C1633X,TE1A1B2C2D000X,1,1,1,1,1.4,1.4,1.0,1.0,0.0,0.0
2.57701,-43,-18,396,0,E1A1915B1613C1635X,TE1A1B2C2D000X,1,1,1,1,1.4,1.4,1.0,1.0,0.0,0.0
2.58778,-42,-19,396,0,E1A1915B1629C1636X,TE1A1B2C2D000X,1,1,1,1,1.4,1.4,1.0,1.0,0.0,0.0
2.59932,-39,-19,394,0,E1A1915B1645C1639X,TE1A1B2C2D000X,1,1,1,1,1.4,1.4,1.0,1.0,0.0,0.0
2.61086,-37,-20,394,0,E1A1915B1660C1641X,TE1A1B2C2D000X,1,1,1,1,1.4,1.4,1.0,1.0,0.0,0.0
2.6231,-35,-20,395,0,E1A1915B1677C1643X,TE1A1B2C2D000X,1,1,1,1,1.4,1.4,1.0,1.0,0.0,0.0
2.63388,-33,-21,395,0,E1A1915B1693C1646X,TE1A1B2C2D000X,1,1,1,1,1.4,1.4,1.0,1.0,0.0,0.0
2.64542,-31,-21,396,0,E1A1915B1708C1649X,TE1A1B2C2D000X,1,1,1,1,1.4,1.4,1.0,1.0,0.0,0.0
2.65659,-30,-21,397,0,E1A1915B1724C1651X,TE1A1B2C2D000X,1,1,1,1,1.4,1.4,1.0,1.0,0.0,0.0
2.66816,-28,-22,398,0,E1A1915B1739C1654X,TE1A1B1C2D000X,1,1,1,1,1.4,1.4,1.0,1.0,0.0,0.0
2.68317,-25,-22,397,0,E1A1915B1756C1658X,TE1A1B1C2D000X,1,1,1,1,1.4,1.4,1.0,1.0,0.0,0.0
2.69518,-23,-22,397,0,E1A1915B1772C1662X,TE1A1B1C2D000X,1,1,1,1,1.4,1.4,1.0,1.0,0.0,0.0
2.71919,-21,-22,398,0,E1A1915B1791C1666X,TE1A1B1C2D000X,1,1,1,1,1.4,1.4,1.0,1.0,0.0,0.0
2.7308,-18,-23,398,0,E1A1915B1810C1671X,TE1A1B1C2D000X,1,1,1,1,1.4,1.4,1.0,1.0,0.0,0.0
2.74236,-16,-23,398,0,E1A1915B1828C1675X,TE1A1B1C2D000X,1,1,1,1,1.4,1.4,1.0,1.0,0.0,0.0
2.75368,-14,-23,398,0,E1A1915B1845C1679X,TE1A1B1C2D000X,1,1,1,1,1.4,1.4,1.0,1.0,0.0,0.0
2.76532,-11,-23,397,0,E1A1915B1861C1683X,TE1A1B1C2D000X,1,1,1,1,1.4,1.4,1.0,1.0,0.0,0.0
2.77673,-9,-24,396,0,E1A1915B1876C1685X,TE1A1B1C2D000X,1,1,1,1,1.4,1.4,1.0,1.0,0.0,0.0
2.79018,-7,-24,397,0,E1A1915B1889C1685X,TE1A1B1C2D000X,1,1,1,1,1.4,1.4,1.0,1.0,0.0,0.0
2.80335,-5,-24,396,0,E1A1915B1901C1679X,TE1A1B1C2D000X,1,1,1,1,1.4,1.4,1.0,1.0,0.0,0.0
2.81483,-3,-24,397,0,E1A1920B1901C1674X,TE1A1B1C2D000X,1,1,1,1,1.4,1.4,1.0,1.0,0.0,0.0
2.82644,-1,-25,397,0,E1A1910B1901C1672X,TE1A1B1C2D000X,1,1,1,1,1.4,1.4,1.0,1.0,0.0,0.0
2.83769,0,-25,396,0,E1A1899B1901C1667X,TE1A1B1C2D000X,1,1,1,1,1.4,1.4,1.0,1.0,0.0,0.0
2.84913,2,-25,396,0,E1A1887B1901C1660X,TE1A1B1C2D000X,1,1,1,1,1.4,1.4,1.0,1.0,0.0,0.0
2.86018,4,-26,395,0,E1A1876B1901C1653X,TE1A1B1C2D000X,1,1,1,1,1.4,1.4,1.0,1.0,0.0,0.0
2.87132,6,-26,395,0,E1A1865B1901C1646X,TE1A1B1C2D000X,1,1,1,1,1.4,1.4,1.0,1.0,0.0,0.0
2.88316,8,-26,396,0,E1A1855B1901C1638X,TE1A1B1C2D000X,1,1,1,1,1.4,1.4,1.0,1.0,0.0,0.0
2.91912,9,-27,395,0,E1A1844B1901C1629X,TE1A1B1C2D000X,1,1,1,1,1.4,1.4,1.0,1.0,0.0,0.0
2.93149,11,-27,395,0,E1A1833B1901C1621X,TE1A1B1C2D000X,1,1,1,1,1.4,1.4,1.0,1.0,0.0,0.0
2.95503,12,-28,395,0,E1A1824B1901C1613X,TE1A1B1C2D000X,1,1,1,1,1.4,1.4,1.0,1.0,0.0,0.0
2.96721,14,-28,394,0,E1A1816B1901C1605X,TE1A1B1C2D000X,1,1,1,1,1.4,1.4,1.0,1.0,0.0,0.0
2.97887,15,-29,394,0,E1A1810B1901C1598X,TE1A1B1C2D000X,1,1,1,1,1.4,1.4,1.0,1.0,0.0,0.0
3.01122,15,-29,395,0,E1A1805B1901C1591X,TE1A1B1C2D000X,1,1,1,1,1.4,1.4,1.0,1.0,0.0,0.0
3.02355,16,-30,394,0,E1A1800B1901C1585X,TE1A1B1C2D000X,1,1,1,1,1.4,1.4,1.0,1.0,0.0,0.0
3.03539,17,-30,394,0,E1A1797B1901C1579X,TE1A1B1C2D000X,1,1,1,1,1.4,1.4,1.0,1.0,0.0,0.0
3.05527,17,-30,394,0,E1A1795B1901C1574X,TE1A1B1C2D000X,1,1,1,1,1.4,1.4,1.0,1.0,0.0,0.0
3.06737,17,-31,394,0,E1A1793B1901C1569X,TE1A1B1C2D000X,1,1,1,1,1.4,1.4,1.0,1.0,0.0,0.0
3.07961,17,-31,394,0,E1A1793B1901C1564X,TE1A1B1C2D000X,1,1,1,1,1.4,1.4,1.0,1.0,0.0,0.0
3.09323,17,-31,394,0,E1A1793B1901C1561X,TE1A1B1C2D000X,1,1,1,1,1.4,1.4,1.0,1.0,0.0,0.0
3.10495,17,-32,395,0,E1A1794B1901C1557X,TE1A1B1C2D000X,1,1,1,1,1.4,1.4,1.0,1.0,0.0,0.0
3.11668,17,-32,394,0,E1A1794B1901C1553X,TE1A1B1C2D000X,1,1,1,1,1.4,1.4,1.0,1.0,0.0,0.0
3.1371,17,-32,395,0,E1A1794B1901C1550X,TE1A1B1C2D000X,1,1,1,1,1.4,1.4,1.0,1.0,0.0,0.0
3.15026,17,-32,395,0,E1A1795B1901C1547X,TE1A1B1C2D000X,1,1,1,1,1.4,1.4,1.0,1.0,0.0,0.0
3.16179,17,-32,395,0,E1A1796B1901C1544X,TE1A1B1C2D000X,1,1,1,1,1.4,1.4,1.0,1.0,0.0,0.0
3.17401,16,-33,395,0,E1A1797B1901C1542X,TE1A1B1C2D000X,1,1,1,1,1.4,1.4,1.0,1.0,0.0,0.0
3.18519,16,-33,395,0,E1A1798B1901C1540X,TE1A1B1C2D000X,1,1,1,1,1.4,1.4,1.0,1.0,0.0,0.0
3.19682,16,-33,394,0,E1A1799B1901C1539X,TE1A1B1C2D000X,1,1,1,1,1.4,1.4,1.0,1.0,0.0,0.0
3.20848,16,-32,394,0,E1A1799B1901C1538X,TE1A1B1C2D000X,1,1,1,1,1.4,1.4,1.0,1.0,0.0,0.0
3.21964,16,-32,394,0,E1A1800B1901C1538X,TE1A1B1C2D000X,1,1,1,1,1.4,1.4,1.0,1.0,0.0,0.0
3.23136,15,-32,394,0,E1A1801B1901C1537X,TE1A1B1C2D000X,1,1,1,1,1.4,1.4,1.0,1.0,0.0,0.0
3.24299,15,-32,393,0,E1A1802B1901C1537X,TE1A1B1C2D000X,1,1,1,1,1.4,1.4,1.0,1.0,0.0,0.0
3.25408,15,-32,393,0,E1A1802B1901C1537X,TE1A1B1C2D000X,1,1,1,1,1.4,1.4,1.0,1.0,0.0,0.0
3.26571,15,-31,394,0,E1A1803B1901C1537X,TE1A1B1C2D000X,1,1,1,1,1.4,1.4,1.0,1.0,0.0,0.0
3.27723,14,-31,393,0,E1A1803B1901C1538X,TE1A1B1C2D000X,1,1,1,1,1.4,1.4,1.0,1.0,0.0,0.0
3.28981,14,-31,393,0,E1A1804B1901C1539X,TE1A1B1C2D000X,1,1,1,1,1.4,1.4,1.0,1.0,0.0,0.0
3.30166,14,-30,393,0,E1A1805B1901C1540X,TE1A1B1C2D000X,1,1,1,1,1.4,1.4,1.0,1.0,0.0,0.0
3.31343,14,-30,393,0,E1A1805B1901C1541X,TE1A1B1C2D000X,1,1,1,1,1.4,1.4,1.0,1.0,0.0,0.0
3.32468,14,-30,393,0,E1A1806B1901C1542X,TE1A1B1C2D000X,1,1,1,1,1.4,1.4,1.0,1.0,0.0,0.0
3.33697,13,-29,393,0,E1A1806B1901C1544X,TE1A1B1C2D000X,1,1,1,1,1.4,1.4,1.0,1.0,0.0,0.0
3.34847,13,-29,393,0,E1A1807B1901C1546X,TE1A1B1C2D000X,1,1,1,1,1.4,1.4,1.0,1.0,0.0,0.0
3.35987,13,-29,392,0,E1A1807B1901C1547X,TE1A1B1C2D000X,1,1,1,1,1.4,1.4,1.0,1.0,0.0,0.0
3.3712,13,-28,392,0,E1A1808B1901C1549X,TE1A1B1C2D000X,1,1,1,1,1.4,1.4,1.0,1.0,0.0,0.0
3.38276,13,-28,392,0,E1A1808B1901C1550X,TE1A1B1C2D000X,1,1,1,1,1.4,1.4,1.0,1.0,0.0,0.0
3.39545,12,-28,392,0,E1A1808B1901C1551X,TE1A1B1C2D000X,1,1,1,1,1.4,1.4,1.0,1.0,0.0,0.0
3.40754,12,-27,392,0,E1A1809B1901C1552X,TE1A1B1C2D000X,1,1,1,1,1.4,1.4,1.0,1.0,0.0,0.0
3.41915,12,-27,392,0,E1A1809B1901C1552X,TE1A1B1C2D000X,1,1,1,1,1.4,1.4,1.0,1.0,0.0,0.0
3.43098,12,-27,392,0,E1A1810B1901C1553X,TE1A1B1C2D000X,1,1,1,1,1.4,1.4,1.0,1.0,0.0,0.0
3.4425,12,-27,392,0,E1A1810B1901C1553X,TE1A1B1C2D000X,1,1,1,1,1.4,1.4,1.0,1.0,0.0,0.0
3.45525,11,-26,392,0,E1A1811B1901C1553X,TE1A1B1C2D000X,1,1,1,1,1.4,1.4,1.0,1.0,0.0,0.0
3.46673,11,-26,393,0,E1A1811B1901C1553X,TE1A1B1C2D000X,1,1,1,1,1.4,1.4,1.0,1.0,0.0,0.0
3.47805,11,-26,394,0,E1A1812B1901C1552X,TE1A1B1C2D000X,1,1,1,1,1.4,1.4,1.0,1.0,0.0,0.0
3.49021,11,-26,393,0,E1A1812B1901C1552X,TE1A1B1C2D000X,1,1,1,1,1.4,1.4,1.0,1.0,0.0,0.0
3.50134,11,-26,393,0,E1A1812B1901C1551X,TE1A1B1C2D000X,1,1,1,1,1.4,1.4,1.0,1.0,0.0,0.0
3.51303,11,-26,393,0,E1A1812B1901C1550X,TE1A1B1C2D000X,1,1,1,1,1.4,1.4,1.0,1.0,0.0,0.0
3.52437,11,-26,393,0,E1A1813B1901C1548X,TE1A1B1C2D000X,1,1,1,1,1.4,1.4,1.0,1.0,0.0,0.0
3.53559,11,-26,393,0,E1A1813B1901C1547X,TE1A1B1C2D000X,1,1,1,1,1.4,1.4,1.0,1.0,0.0,0.0
3.54739,11,-26,393,0,E1A1813B1901C1545X,TE1A1B1C2D000X,1,1,1,1,1.4,1.4,1.0,1.0,0.0,0.0
3.55909,11,-26,393,0,E1A1813B1901C1544X,TE1A1B1C2D000X,1,1,1,1,1.4,1.4,1.0,1.0,0.0,0.0
3.5703,11,-26,393,0,E1A1813B1901C1542X,TE1A1B1C2D000X,1,1,1,1,1.4,1.4,1.0,1.0,0.0,0.0
3.58721,11,-26,393,0,E1A1812B1901C1541X,TE1A1B1C2D000X,1,1,1,1,1.4,1.4,1.0,1.0,0.0,0.0
3.59925,11,-26,393,0,E1A1812B1901C1540X,TE1A1B1C2D000X,1,1,1,1,1.4,1.4,1.0,1.0,0.0,0.0
3.61142,11,-26,392,0,E1A1812B1901C1539X,TE1A1B1C2D000X,1,1,1,1,1.4,1.4,1.0,1.0,0.0,0.0
3.62348,11,-26,393,0,E1A1811B1901C1538X,TE1A1B1C2D000X,1,1,1,1,1.4,1.4,1.0,1.0,0.0,0.0
3.63489,11,-26,392,0,E1A1810B1901C1537X,TE1A1B1C2D000X,1,1,1,1,1.4,1.4,1.0,1.0,0.0,0.0
3.64651,11,-25,392,0,E1A1810B1901C1536X,TE1A1B1C2D000X,1,1,1,1,1.4,1.4,1.0,1.0,0.0,0.0
3.65781,11,-25,392,0,E1A1809B1901C1536X,TE1A1B1C2D000X,1,1,1,1,1.4,1.4,1.0,1.0,0.0,0.0
3.66966,11,-25,393,0,E1A1808B1901C1535X,TE1A1B1C2D000X,1,1,1,1,1.4,1.4,1.0,1.0,0.0,0.0
3.68129,11,-25,392,0,E1A1807B1901C1535X,TE1A1B1C2D000X,1,1,1,1,1.4,1.4,1.0,1.0,0.0,0.0
3.69283,11,-25,393,0,E1A1806B1901C1535X,TE1A1B1C2D000X,1,1,1,1,1.4,1.4,1.0,1.0,0.0,0.0
3.70425,11,-25,393,0,E1A1806B1901C1534X,TE1A1B1C2D000X,1,1,1,1,1.4,1.4,1.0,1.0,0.0,0.0
3.71614,11,-24,393,0,E1A1805B1901C1534X,TE1A1B1C2D000X,1,1,1,1,1.4,1.4,1.0,1.0,0.0,0.0
3.72784,11,-24,394,0,E1A1804B1901C1534X,TE1A1B1C2D000X,1,1,1,1,1.4,1.4,1.0,1.0,0.0,0.0
3.75495,11,-24,394,0,E1A1803B1901C1535X,TE1A1B1C2D000X,1,1,1,1,1.4,1.4,1.0,1.0,0.0,0.0
3.76715,11,-24,394,0,E1A1802B1901C1535X,TE1A1B1C2D000X,1,1,1,1,1.4,1.4,1.0,1.0,0.0,0.0
3.8033,11,-24,394,0,E1A1802B1901C1535X,TE1A1B1C2D000X,1,1,1,1,1.4,1.4,1.0,1.0,0.0,0.0
3.81505,11,-23,392,0,E1A1801B1901C1535X,TE1A1B1C2D000X,1,1,1,1,1.4,1.4,1.0,1.0,0.0,0.0
3.82666,11,-23,392,0,E1A1801B1901C1535X,TE1A1B1C2D000X,1,1,1,1,1.4,1.4,1.0,1.0,0.0,0.0
3.83845,11,-23,392,0,E1A1801B1901C1535X,TE1A1B1C2D000X,1,1,1,1,1.4,1.4,1.0,1.0,0.0,0.0
3.85006,11,-23,392,0,E1A1800B1901C1535X,TE1A1B1C2D000X,1,1,1,1,1.4,1.4,1.0,1.0,0.0,0.0
3.86152,11,-23,392,0,E1A1800B1901C1535X,TE1A1B1C2D000X,1,1,1,1,1.4,1.4,1.0,1.0,0.0,0.0
3.87285,11,-22,392,0,E1A1799B1901C1535X,TE1A1B1C2D000X,1,1,1,1,1.4,1.4,1.0,1.0,0.0,0.0
3.891,11,-22,392,0,E1A1799B1901C1535X,TE1A1B1C2D000X,1,1,1,1,1.4,1.4,1.0,1.0,0.0,0.0
3.90305,11,-22,392,0,E1A1799B1901C1535X,TE1A1B1C2D000X,1,1,1,1,1.4,1.4,1.0,1.0,0.0,0.0
3.91519,11,-22,392,0,E1A1798B1901C1535X,TE1A1B1C2D000X,1,1,1,1,1.4,1.4,1.0,1.0,0.0,0.0
3.92728,11,-22,392,0,E1A1798B1901C1535X,TE1A1B1C2D000X,1,1,1,1,1.4,1.4,1.0,1.0,0.0,0.0
3.93856,11,-22,392,0,E1A1798B1901C1535X,TE1A1B1C2D000X,1,1,1,1,1.4,1.4,1.0,1.0,0.0,0.0
3.95029,11,-21,391,0,E1A1798B1901C1535X,TE1A1B1C2D000X,1,1,1,1,1.4,1.4,1.0,1.0,0.0,0.0
3.96217,11,-21,391,0,E1A1798B1901C1534X,TE1A1B1C2D000X,1,1,1,1,1.4,1.4,1.0,1.0,0.0,0.0
3.9738,11,-21,391,0,E1A1798B1901C1534X,TE1A1B1C2D000X,1,1,1,1,1.4,1.4,1.0,1.0,0.0,0.0
3.98512,11,-21,391,0,E1A1798B1901C1534X,TE1A1B1C2D000X,1,1,1,1,1.4,1.4,1.0,1.0,0.0,0.0
3.99671,10,-21,391,0,E1A1798B1901C1533X,TE1A1B1C2D000X,1,1,1,1,1.4,1.4,1.0,1.0,0.0,0.0
4.00848,10,-21,391,0,E1A1798B1901C1533X,TE1A1B1C2D000X,1,1,1,1,1.4,1.4,1.0,1.0,0.0,0.0
4.01982,10,-21,391,0,E1A1798B1901C1532X,TE1A1B1C2D000X,1,1,1,1,1.4,1.4,1.0,1.0,0.0,0.0
4.03157,10,-21,391,0,E1A1798B1901C1532X,TE1A1B1C2D000X,1,1,1,1,1.4,1.4,1.0,1.0,0.0,0.0
4.04322,10,-21,390,0,E1A1798B1901C1531X,TE1A1B1C2D000X,1,1,1,1,1.4,1.4,1.0,1.0,0.0,0.0
4.05467,10,-21,390,0,E1A1797B1901C1530X,TE1A1B1C2D000X,1,1,1,1,1.4,1.4,1.0,1.0,0.0,0.0
4.0664,10,-21,389,0,E1A1797B1901C1529X,TE1A1B1C2D000X,1,1,1,1,1.4,1.4,1.0,1.0,0.0,0.0
4.08344,10,-20,389,0,E1A1797B1901C1528X,TE1A1B1C2D000X,1,1,1,1,1.4,1.4,1.0,1.0,0.0,0.0
4.09527,10,-20,389,0,E1A1797B1901C1527X,TE1A1B1C2D000X,1,1,1,1,1.4,1.4,1.0,1.0,0.0,0.0
4.10733,10,-20,390,0,E1A1797B1901C1526X,TE1A1B1C2D000X,1,1,1,1,1.4,1.4,1.0,1.0,0.0,0.0
4.11914,10,-20,390,0,E1A1797B1901C1525X,TE1A1B1C2D000X,1,1,1,1,1.4,1.4,1.0,1.0,0.0,0.0
4.13106,10,-21,391,0,E1A1798B1901C1523X,TE1A1B1C2D000X,1,1,1,1,1.4,1.4,1.0,1.0,0.0,0.0
4.14252,10,-21,391,0,E1A1798B1901C1522X,TE1A1B1C2D000X,1,1,1,1,1.4,1.4,1.0,1.0,0.0,0.0
4.15387,10,-21,391,0,E1A1798B1901C1521X,TE1A1B1C2D000X,1,1,1,1,1.4,1.4,1.0,1.0,0.0,0.0
4.1657,10,-21,391,0,E1A1798B1901C1519X,TE1A1B1C2D000X,1,1,1,1,1.4,1.4,1.0,1.0,0.0,0.0
4.18734,10,-21,392,0,E1A1798B1901C1519X,TE1A1B1C2D000X,1,1,1,1,1.4,1.4,1.0,1.0,0.0,0.0
4.19891,10,-21,392,0,E1A1798B1901C1517X,TE1A1B1C2D000X,1,1,1,1,1.4,1.4,1.0,1.0,0.0,0.0
4.21054,10,-21,393,0,E1A1798B1901C1516X,TE1A1B1C2D000X,1,1,1,1,1.4,1.4,1.0,1.0,0.0,0.0
4.22164,9,-21,393,0,E1A1799B1901C1515X,TE1A1B1C2D000X,1,1,1,1,1.4,1.4,1.0,1.0,0.0,0.0
4.23352,9,-21,393,0,E1A1799B1901C1515X,TE1A1B1C2D000X,1,1,1,1,1.4,1.4,1.0,1.0,0.0,0.0
4.2451,9,-21,393,0,E1A1799B1901C1514X,TE1A1B1C2D000X,1,1,1,1,1.4,1.4,1.0,1.0,0.0,0.0
4.25636,9,-20,393,0,E1A1800B1901C1513X,TE1A1B1C2D000X,1,1,1,1,1.4,1.4,1.0,1.0,0.0,0.0
4.26826,9,-20,393,0,E1A1800B1901C1513X,TE1A1B1C2D000X,1,1,1,1,1.4,1.4,1.0,1.0,0.0,0.0
4.27964,9,-20,393,0,E1A1800B1901C1513X,TE1A1B1C2D000X,1,1,1,1,1.4,1.4,1.0,1.0,0.0,0.0
4.29104,9,-20,393,0,E1A1801B1901C1513X,TE1A1B1C2D000X,1,1,1,1,1.4,1.4,1.0,1.0,0.0,0.0
4.30219,9,-20,393,0,E1A1801B1901C1513X,TE1A1B1C2D000X,1,1,1,1,1.4,1.4,1.0,1.0,0.0,0.0
4.31396,8,-20,393,0,E1A1802B1901C1513X,TE1A1B1C2D000X,1,1,1,1,1.4,1.4,1.0,1.0,0.0,0.0
4.3252,8,-20,392,0,E1A1803B1901C1513X,TE1A1B1C2D000X,1,1,1,1,1.4,1.4,1.0,1.0,0.0,0.0
4.33702,8,-20,393,0,E1A1803B1901C1514X,TE1A1B1C2D000X,1,1,1,1,1.4,1.4,1.0,1.0,0.0,0.0
4.35507,8,-19,392,0,E1A1804B1901C1514X,TE1A1B1C2D000X,1,1,1,1,1.4,1.4,1.0,1.0,0.0,0.0
4.36765,8,-19,392,0,E1A1804B1901C1515X,TE1A1B1C2D000X,1,1,1,1,1.4,1.4,1.0,1.0,0.0,0.0
4.37945,8,-19,392,0,E1A1805B1901C1515X,TE1A1B1C2D000X,1,1,1,1,1.4,1.4,1.0,1.0,0.0,0.0
4.3908,7,-19,392,0,E1A1806B1901C1516X,TE1A1B1C2D000X,1,1,1,1,1.4,1.4,1.0,1.0,0.0,0.0
4.40246,7,-19,392,0,E1A1807B1901C1517X,TE1A1B1C2D000X,1,1,1,1,1.4,1.4,1.0,1.0,0.0,0.0
4.42302,7,-18,392,0,E1A1808B1901C1518X,TE1A1B1C2D000X,1,1,1,1,1.4,1.4,1.0,1.0,0.0,0.0
4.4355,7,-18,392,0,E1A1809B1901C1518X,TE1A1B1C2D000X,1,1,1,1,1.4,1.4,1.0,1.0,0.0,0.0
4.44722,6,-18,392,0,E1A1810B1901C1519X,TE1A1B1C2D000X,1,1,1,1,1.4,1.4,1.0,1.0,0.0,0.0
4.46705,6,-18,393,0,E1A1811B1901C1521X,TE1A1B1C2D000X,1,1,1,1,1.4,1.4,1.0,1.0,0.0,0.0
4.49139,6,-17,393,0,E1A1812B1901C1522X,TE1A1B1C2D000X,1,1,1,1,1.4,1.4,1.0,1.0,0.0,0.0
4.50352,6,-17,393,0,E1A1813B1901C1522X,TE1A1B1C2D000X,1,1,1,1,1.4,1.4,1.0,1.0,0.0,0.0
4.51512,6,-17,393,0,E1A1814B1901C1523X,TE1A1B1C2D000X,1,1,1,1,1.4,1.4,1.0,1.0,0.0,0.0
4.52664,5,-17,393,0,E1A1815B1901C1524X,TE1A1B1C2D000X,1,1,1,1,1.4,1.4,1.0,1.0,0.0,0.0
4.55951,5,-17,393,0,E1A1815B1901C1524X,TE1A1B1C2D000X,1,1,1,1,1.4,1.4,1.0,1.0,0.0,0.0
4.57143,5,-17,393,0,E1A1816B1901C1524X,TE1A1B1C2D000X,1,1,1,1,1.4,1.4,1.0,1.0,0.0,0.0
4.58312,5,-16,392,0,E1A1817B1901C1524X,TE1A1B1C2D000X,1,1,1,1,1.4,1.4,1.0,1.0,0.0,0.0
4.59478,5,-16,392,0,E1A1817B1901C1524X,TE1A1B1C2D000X,1,1,1,1,1.4,1.4,1.0,1.0,0.0,0.0
4.60656,5,-16,392,0,E1A1818B1901C1524X,TE1A1B1C2D000X,1,1,1,1,1.4,1.4,1.0,1.0,0.0,0.0
4.61814,5,-16,392,0,E1A1818B1901C1524X,TE1A1B1C2D000X,1,1,1,1,1.4,1.4,1.0,1.0,0.0,0.0
4.62965,4,-16,392,0,E1A1819B1901C1523X,TE1A1B1C2D000X,1,1,1,1,1.4,1.4,1.0,1.0,0.0,0.0
4.64126,4,-16,392,0,E1A1819B1901C1523X,TE1A1B1C2D000X,1,1,1,1,1.4,1.4,1.0,1.0,0.0,0.0
4.65243,4,-16,391,0,E1A1819B1901C1522X,TE1A1B1C2D000X,1,1,1,1,1.4,1.4,1.0,1.0,0.0,0.0
4.66399,4,-16,391,0,E1A1818B1901C1521X,TE1A1B1C2D000X,1,1,1,1,1.4,1.4,1.0,1.0,0.0,0.0
4.68318,4,-16,391,0,E1A1818B1901C1521X,TE1A1B1C2D000X,1,1,1,1,1.4,1.4,1.0,1.0,0.0,0.0
4.69517,4,-16,388,0,E1A1817B1901C1520X,TE1A1B1C2D000X,1,1,1,1,1.4,1.4,1.0,1.0,0.0,0.0
4.70685,4,-16,388,0,E1A1817B1901C1519X,TE1A1B1C2D000X,1,1,1,1,1.4,1.4,1.0,1.0,0.0,0.0
4.71804,4,-16,388,0,E1A1817B1901C1518X,TE1A1B1C2D000X,1,1,1,1,1.4,1.4,1.0,1.0,0.0,0.0
4.72959,4,-16,388,0,E1A1817B1901C1517X,TE1A1B1C2D000X,1,1,1,1,1.4,1.4,1.0,1.0,0.0,0.0
4.74129,4,-16,389,0,E1A1817B1901C1517X,TE1A1B1C2D000X,1,1,1,1,1.4,1.4,1.0,1.0,0.0,0.0
4.75279,4,-16,389,0,E1A1816B1901C1516X,TE1A1B1C2D000X,1,1,1,1,1.4,1.4,1.0,1.0,0.0,0.0
4.76455,4,-16,389,0,E1A1816B1901C1515X,TE1A1B1C2D000X,1,1,1,1,1.4,1.4,1.0,1.0,0.0,0.0
4.77621,4,-16,389,0,E1A1816B1901C1515X,TE1A1B1C2D000X,1,1,1,1,1.4,1.4,1.0,1.0,0.0,0.0
4.78724,5,-16,390,0,E1A1815B1901C1514X,TE1A1B1C2D000X,1,1,1,1,1.4,1.4,1.0,1.0,0.0,0.0
4.79896,5,-15,390,0,E1A1815B1901C1513X,TE1A1B1C2D000X,1,1,1,1,1.4,1.4,1.0,1.0,0.0,0.0
4.81042,5,-15,390,0,E1A1815B1901C1513X,TE1A1B1C2D000X,1,1,1,1,1.4,1.4,1.0,1.0,0.0,0.0
4.82191,5,-15,390,0,E1A1815B1901C1512X,TE1A1B1C2D000X,1,1,1,1,1.4,1.4,1.0,1.0,0.0,0.0
4.83386,5,-15,391,0,E1A1815B1901C1512X,TE1A1B1C2D000X,1,1,1,1,1.4,1.4,1.0,1.0,0.0,0.0
4.85123,5,-15,391,0,E1A1814B1901C1511X,TE1A1B1C2D000X,1,1,1,1,1.4,1.4,1.0,1.0,0.0,0.0
4.86329,5,-15,391,0,E1A1814B1901C1511X,TE1A1B1C2D000X,1,1,1,1,1.4,1.4,1.0,1.0,0.0,0.0
4.87533,5,-15,391,0,E1A1814B1901C1511X,TE1A1B1C2D000X,1,1,1,1,1.4,1.4,1.0,1.0,0.0,0.0
4.88714,5,-15,391,0,E1A1814B1901C1511X,TE1A1B1C2D000X,1,1,1,1,1.4,1.4,1.0,1.0,0.0,0.0
4.89903,5,-15,391,0,E1A1814B1901C1510X,TE1A1B1C2D000X,1,1,1,1,1.4,1.4,1.0,1.0,0.0,0.0
4.9108,5,-15,391,0,E1A1814B1901C1510X,TE1A1B1C2D000X,1,1,1,1,1.4,1.4,1.0,1.0,0.0,0.0
4.92245,5,-15,390,0,E1A1813B1901C1510X,TE1A1B1C2D000X,1,1,1,1,1.4,1.4,1.0,1.0,0.0,0.0
4.93431,4,-15,390,0,E1A1813B1901C1510X,TE1A1B1C2D000X,1,1,1,1,1.4,1.4,1.0,1.0,0.0,0.0
4.95134,4,-14,389,0,E1A1813B1901C1511X,TE1A1B1C2D000X,1,1,1,1,1.4,1.4,1.0,1.0,0.0,0.0
4.96328,4,-14,389,0,E1A1813B1901C1511X,TE1A1B1C2D000X,1,1,1,1,1.4,1.4,1.0,1.0,0.0,0.0
4.97537,4,-14,389,0,E1A1813B1901C1511X,TE1A1B1C2D000X,1,1,1,1,1.4,1.4,1.0,1.0,0.0,0.0
4.98694,4,-14,389,0,E1A1813B1901C1512X,TE1A1B1C2D000X,1,1,1,1,1.4,1.4,1.0,1.0,0.0,0.0
4.99931,4,-14,389,0,E1A1813B1901C1512X,TE1A1B1C2D000X,1,1,1,1,1.4,1.4,1.0,1.0,0.0,0.0
5.01144,4,-14,388,0,E1A1813B1901C1512X,TE1A1B1C2D000X,1,1,1,1,1.4,1.4,1.0,1.0,0.0,0.0
5.02434,4,-14,387,0,E1A1813B1901C1511X,TE1A1B1C2D000X,1,1,1,1,1.4,1.4,1.0,1.0,0.0,0.0
5.03578,4,-14,388,0,E1A1813B1901C1511X,TE1A1B1C2D000X,1,1,1,1,1.4,1.4,1.0,1.0,0.0,0.0
5.04742,4,-14,388,0,E1A1813B1901C1510X,TE1A1B1C2D000X,1,1,1,1,1.4,1.4,1.0,1.0,0.0,0.0
5.05878,4,-14,389,0,E1A1814B1901C1510X,TE1A1B1C2D000X,1,1,1,1,1.4,1.4,1.0,1.0,0.0,0.0
5.07062,4,-14,389,0,E1A1814B1901C1509X,TE1A1B1C2D000X,1,1,1,1,1.4,1.4,1.0,1.0,0.0,0.0
5.08705,4,-14,389,0,E1A1814B1901C1509X,TE1A1B1C2D000X,1,1,1,1,1.4,1.4,1.0,1.0,0.0,0.0
5.09935,4,-13,389,0,E1A1814B1901C1508X,TE1A1B1C2D000X,1,1,1,1,1.4,1.4,1.0,1.0,0.0,0.0
5.11121,4,-14,389,0,E1A1814B1901C1507X,TE1A1B1C2D000X,1,1,1,1,1.4,1.4,1.0,1.0,0.0,0.0
5.1232,4,-13,389,0,E1A1814B1901C1507X,TE1A1B1C2D000X,1,1,1,1,1.4,1.4,1.0,1.0,0.0,0.0
5.14346,4,-13,389,0,E1A1814B1901C1506X,TE1A1B1C2D000X,1,1,1,1,1.4,1.4,1.0,1.0,0.0,0.0
5.15529,4,-14,389,0,E1A1814B1901C1505X,TE1A1B1C2D000X,1,1,1,1,1.4,1.4,1.0,1.0,0.0,0.0
5.16749,4,-13,389,0,E1A1814B1901C1504X,TE1A1B1C2D000X,1,1,1,1,1.4,1.4,1.0,1.0,0.0,0.0
5.17953,4,-13,388,0,E1A1813B1901C1503X,TE1A1B1C2D000X,1,1,1,1,1.4,1.4,1.0,1.0,0.0,0.0
5.19095,4,-13,388,0,E1A1813B1901C1502X,TE1A1B1C2D000X,1,1,1,1,1.4,1.4,1.0,1.0,0.0,0.0
5.21139,4,-13,388,0,E1A1813B1901C1501X,TE1A1B1C2D000X,1,1,1,1,1.4,1.4,1.0,1.0,0.0,0.0
5.22357,4,-13,388,0,E1A1812B1901C1500X,TE1A1B1C2D000X,1,1,1,1,1.4,1.4,1.0,1.0,0.0,0.0
5.23545,4,-13,388,0,E1A1812B1901C1499X,TE1A1B1C2D000X,1,1,1,1,1.4,1.4,1.0,1.0,0.0,0.0
5.24741,4,-14,388,0,E1A1811B1901C1497X,TE1A1B1C2D000X,1,1,1,1,1.4,1.4,1.0,1.0,0.0,0.0
5.2591,4,-14,388,0,E1A1810B1901C1496X,TE1A1B1C2D000X,1,1,1,1,1.4,1.4,1.0,1.0,0.0,0.0
5.27142,4,-14,389,0,E1A1810B1901C1495X,TE1A1B1C2D000X,1,1,1,1,1.4,1.4,1.0,1.0,0.0,0.0
5.28352,4,-14,389,0,E1A1809B1901C1493X,TE1A1B1C2D000X,1,1,1,1,1.4,1.4,1.0,1.0,0.0,0.0
5.29531,5,-14,389,0,E1A1809B1901C1492X,TE1A1B1C2D000X,1,1,1,1,1.4,1.4,1.0,1.0,0.0,0.0
5.30694,5,-14,389,0,E1A1808B1901C1490X,TE1A1B1C2D000X,1,1,1,1,1.4,1.4,1.0,1.0,0.0,0.0
5.31806,5,-14,389,0,E1A1808B1901C1488X,TE1A1B1C2D000X,1,1,1,1,1.4,1.4,1.0,1.0,0.0,0.0
5.3299,5,-14,389,0,E1A1807B1901C1487X,TE1A1B1C2D000X,1,1,1,1,1.4,1.4,1.0,1.0,0.0,0.0
5.34126,5,-14,389,0,E1A1807B1901C1485X,TE1A1B1C2D000X,1,1,1,1,1.4,1.4,1.0,1.0,0.0,0.0
5.35247,5,-14,389,0,E1A1806B1901C1483X,TE1A1B1C2D000X,1,1,1,1,1.4,1.4,1.0,1.0,0.0,0.0
5.36403,5,-14,389,0,E1A1806B1901C1482X,TE1A1B1C2D000X,1,1,1,1,1.4,1.4,1.0,1.0,0.0,0.0
5.37526,5,-14,388,0,E1A1805B1901C1480X,TE1A1B1C2D000X,1,1,1,1,1.4,1.4,1.0,1.0,0.0,0.0
5.38623,5,-14,388,0,E1A1804B1901C1478X,TE1A1B1C2D000X,1,1,1,1,1.4,1.4,1.0,1.0,0.0,0.0
5.39789,5,-14,388,0,E1A1804B1901C1477X,TE1A1B1C3D000X,1,1,1,1,1.4,1.4,1.0,1.0,0.0,0.0
5.40955,5,-15,388,0,E1A1803B1901C1475X,TE1A1B1C3D000X,1,1,1,1,1.4,1.4,1.0,1.0,0.0,0.0
5.42086,5,-15,388,0,E1A1803B1901C1474X,TE1A1B1C3D000X,1,1,1,1,1.4,1.4,1.0,1.0,0.0,0.0
5.4328,5,-15,388,0,E1A1803B1901C1473X,TE1A1B1C3D000X,1,1,1,1,1.4,1.4,1.0,1.0,0.0,0.0
5.44459,5,-15,388,1,E1A1802B1901C1472X,TE1A1B1C3D000X,1,1,1,1,1.4,1.4,1.0,1.0,0.0,0.0
