timestamp,errXmm,errYmm,errZmm,TouchDetected,OutgoingPacket,IncomingPacket,Serial0Enabled,Serial0Open,Serial1Enabled,Serial1Open,kpx,kpy,kix,kiy,kdx,kdy
0.00105675,-214,132,695,0,E1A1918B0153C1878X,TE1A1B8C1D010X,1,1,1,1,2.0,2.0,2.0,1.0,0.0,0.0
0.0140574,-222,136,712,0,E1A1918B0144C1875X,TE1A1B8C1D010X,1,1,1,1,2.0,2.0,2.0,1.0,0.0,0.0
0.0266116,-223,137,716,0,E1A1918B0142C1874X,TE1A1B8C1D010X,1,1,1,1,2.0,2.0,2.0,1.0,0.0,0.0
0.0394517,-224,137,715,0,E1A1918B0139C1872X,TE1A1B8C1D010X,1,1,1,1,2.0,2.0,2.0,1.0,0.0,0.0
0.0518387,-224,136,712,0,E1A1918B0139C1871X,TE1A1B8C1D010X,1,1,1,1,2.0,2.0,2.0,1.0,0.0,0.0
0.0647545,-224,136,712,0,E1A1918B0138C1870X,TE1A1B8C1D010X,1,1,1,1,2.0,2.0,2.0,1.0,0.0,0.0
0.0808577,-223,135,708,0,E1A1918B0138C1869X,TE1A1B8C1D010X,1,1,1,1,2.0,2.0,2.0,1.0,0.0,0.0
0.095996,-222,134,704,0,E1A1918B0137C1868X,TE1A1B8C1D010X,1,1,1,1,2.0,2.0,2.0,1.0,0.0,0.0
0.109009,-223,134,703,0,E1A1918B0136C1867X,TE1A1B8C1D010X,1,1,1,1,2.0,2.0,2.0,1.0,0.0,0.0
0.121456,-223,134,703,0,E1A1918B0136C1867X,TE1A1B8C1D010X,1,1,1,1,2.0,2.0,2.0,1.0,0.0,0.0
0.134169,-237,-85,698,0,E1A1918B0917C1122X,TE1A1B8C1D010X,1,1,1,1,2.0,2.0,2.0,1.0,0.0,0.0
0.147362,-235,-85,692,0,E1A1918B0915C1120X,TE1A1B5C4D010X,1,1,1,1,2.0,2.0,2.0,1.0,0.0,0.0
0.160108,-233,-84,688,0,E1A1918B0916C1122X,TE1A1B5C4D010X,1,1,1,1,2.0,2.0,2.0,1.0,0.0,0.0
0.172899,-238,-85,699,0,E1A1918B0914C1122X,TE1A1B5C4D010X,1,1,1,1,2.0,2.0,2.0,1.0,0.0,0.0
0.185458,-233,-83,684,0,E1A1918B0913C1120X,TE1A1B5C4D010X,1,1,1,1,2.0,2.0,2.0,1.0,0.0,0.0
0.197626,-233,-84,685,0,E1A1918B0911C1120X,TE1A1B5C4D010X,1,1,1,1,2.0,2.0,2.0,1.0,0.0,0.0
0.21039,-236,-84,691,0,E1A1918B0911C1119X,TE1A1B5C4D010X,1,1,1,1,2.0,2.0,2.0,1.0,0.0,0.0
0.222355,-237,-85,695,0,E1A1918B0912C1118X,TE1A1B5C4D010X,1,1,1,1,2.0,2.0,2.0,1.0,0.0,0.0
0.234991,-238,-86,699,0,E1A1918B0915C1116X,TE1A1B5C4D010X,1,1,1,1,2.0,2.0,2.0,1.0,0.0,0.0
0.247282,-240,-87,702,0,E1A1918B0914C1112X,TE1A1B5C4D010X,1,1,1,1,2.0,2.0,2.0,1.0,0.0,0.0
0.26004,-241,-88,704,0,E1A1918B0912C1109X,TE1A1B5C4D010X,1,1,1,1,2.0,2.0,2.0,1.0,0.0,0.0
0.272763,-243,-89,707,0,E1A1918B0911C1107X,TE1A1B5C4D010X,1,1,1,1,2.0,2.0,2.0,1.0,0.0,0.0
0.285643,-242,-90,707,0,E1A1918B0913C1104X,TE1A1B5C4D010X,1,1,1,1,2.0,2.0,2.0,1.0,0.0,0.0
0.298275,-243,-90,708,0,E1A1918B0914C1102X,TE1A1B5C4D010X,1,1,1,1,2.0,2.0,2.0,1.0,0.0,0.0
0.310964,-242,-90,705,0,E1A1918B0914C1101X,TE1A1B5C4D010X,1,1,1,1,2.0,2.0,2.0,1.0,0.0,0.0
0.324596,-242,-91,705,0,E1A1918B0915C1100X,TE1A1B5C4D010X,1,1,1,1,2.0,2.0,2.0,1.0,0.0,0.0
0.34113,-243,-91,708,0,E1A1918B0915C1099X,TE1A1B5C4D010X,1,1,1,1,2.0,2.0,2.0,1.0,0.0,0.0
0.35506,-243,-91,709,0,E1A1918B0916C1099X,TE1A1B5C4D010X,1,1,1,1,2.0,2.0,2.0,1.0,0.0,0.0
0.368429,-243,-91,708,0,E1A1918B0916C1099X,TE1A1B5C4D010X,1,1,1,1,2.0,2.0,2.0,1.0,0.0,0.0
0.380503,-242,-91,708,0,E1A1918B0917C1100X,TE1A1B5C4D010X,1,1,1,1,2.0,2.0,2.0,1.0,0.0,0.0
0.39402,-242,-91,708,0,E1A1918B0919C1100X,TE1A1B5C4D010X,1,1,1,1,2.0,2.0,2.0,1.0,0.0,0.0
0.407121,-242,-91,709,0,E1A1918B0920C1101X,TE1A1B5C4D010X,1,1,1,1,2.0,2.0,2.0,1.0,0.0,0.0
0.419837,-240,-91,706,0,E1A1918B0922C1102X,TE1A1B5C4D010X,1,1,1,1,2.0,2.0,2.0,1.0,0.0,0.0
0.432354,-240,-91,706,0,E1A1918B0924C1103X,TE1A1B5C4D010X,1,1,1,1,2.0,2.0,2.0,1.0,0.0,0.0
0.445712,-239,-90,704,0,E1A1918B0925C1104X,TE1A1B5C4D010X,1,1,1,1,2.0,2.0,2.0,1.0,0.0,0.0
0.460758,-237,-90,702,0,E1A1918B0927C1106X,TE1A1B5C4D010X,1,1,1,1,2.0,2.0,2.0,1.0,0.0,0.0
0.475124,-236,-89,699,0,E1A1918B0929C1108X,TE1A1B5C4D010X,1,1,1,1,2.0,2.0,2.0,1.0,0.0,0.0
0.488072,-235,-88,698,0,E1A1918B0931C1111X,TE1A1B5C4D010X,1,1,1,1,2.0,2.0,2.0,1.0,0.0,0.0
0.501744,-234,-88,698,0,E1A1918B0932C1114X,TE1A1B5C4D010X,1,1,1,1,2.0,2.0,2.0,1.0,0.0,0.0
0.514257,-233,-87,697,0,E1A1918B0931C1118X,TE1A1B5C4D010X,1,1,1,1,2.0,2.0,2.0,1.0,0.0,0.0
0.527405,-233,-85,697,0,E1A1918B0930C1123X,TE1A1B5C4D010X,1,1,1,1,2.0,2.0,2.0,1.0,0.0,0.0
0.540351,-232,-83,695,0,E1A1918B0927C1131X,TE1A1B5C4D010X,1,1,1,1,2.0,2.0,2.0,1.0,0.0,0.0
0.553243,-232,-81,695,0,E1A1918B0922C1140X,TE1A1B5C4D010X,1,1,1,1,2.0,2.0,2.0,1.0,0.0,0.0
0.565809,-233,-79,696,0,E1A1918B0915C1150X,TE1A1B5C4D010X,1,1,1,1,2.0,2.0,2.0,1.0,0.0,0.0
0.578709,-234,-76,697,0,E1A1918B0908C1160X,TE1A1B5C4D010X,1,1,1,1,2.0,2.0,2.0,1.0,0.0,0.0
0.591482,-235,-73,699,0,E1A1918B0898C1172X,TE1A1B5C4D010X,1,1,1,1,2.0,2.0,2.0,1.0,0.0,0.0
0.604261,-235,-69,697,0,E1A1918B0888C1185X,TE1A1B5C4D010X,1,1,1,1,2.0,2.0,2.0,1.0,0.0,0.0
0.618162,-235,-66,696,0,E1A1918B0877C1198X,TE1A1B5C4D010X,1,1,1,1,2.0,2.0,2.0,1.0,0.0,0.0
0.630516,-236,-62,694,0,E1A1918B0864C1211X,TE1A1B5C4D010X,1,1,1,1,2.0,2.0,2.0,1.0,0.0,0.0
0.643198,-237,-57,693,0,E1A1918B0847C1227X,TE1A1B5C4D010X,1,1,1,1,2.0,2.0,2.0,1.0,0.0,0.0
0.65598,-237,-52,692,0,E1A1918B0830C1243X,TE1A1B5C4D010X,1,1,1,1,2.0,2.0,2.0,1.0,0.0,0.0
0.66866,-239,-47,694,0,E1A1918B0811C1260X,TE1A1B5C4D010X,1,1,1,1,2.0,2.0,2.0,1.0,0.0,0.0
0.68106,-238,-42,685,0,E1A1918B0794C1276X,TE1A1B5C3D010X,1,1,1,1,2.0,2.0,2.0,1.0,0.0,0.0
0.693592,-238,-37,682,0,E1A1918B0774C1292X,TE1A1B5C3D010X,1,1,1,1,2.0,2.0,2.0,1.0,0.0,0.0
0.706131,-239,-31,681,0,E1A1918B0752C1310X,TE1A1B6C3D010X,1,1,1,1,2.0,2.0,2.0,1.0,0.0,0.0
0.718064,-239,-31,681,0,E1A1918B0752C1310X,TE1A1B6C3D010X,1,1,1,1,2.0,2.0,2.0,1.0,0.0,0.0
0.730554,-241,-25,682,0,E1A1918B0728C1330X,TE1A1B6C3D010X,1,1,1,1,2.0,2.0,2.0,1.0,0.0,0.0
0.742545,-243,-19,683,0,E1A1918B0703C1349X,TE1A1B6C3D010X,1,1,1,1,2.0,2.0,2.0,1.0,0.0,0.0
0.755121,-245,-14,684,0,E1A1918B0679C1367X,TE1A1B6C3D010X,1,1,1,1,2.0,2.0,2.0,1.0,0.0,0.0
0.76738,-246,-8,684,0,E1A1918B0655C1384X,TE1A1B6C3D010X,1,1,1,1,2.0,2.0,2.0,1.0,0.0,0.0
0.779749,-247,-3,683,0,E1A1918B0632C1400X,TE1A1B6C3D010X,1,1,1,1,2.0,2.0,2.0,1.0,0.0,0.0
0.792382,-250,2,686,0,E1A1918B0611C1415X,TE1A1B6C3D010X,1,1,1,1,2.0,2.0,2.0,1.0,0.0,0.0
0.804767,-250,7,684,0,E1A1918B0589C1431X,TE1A1B6C3D010X,1,1,1,1,2.0,2.0,2.0,1.0,0.0,0.0
0.818341,-251,11,683,0,E1A1918B0568C1445X,TE1A1B6C3D010X,1,1,1,1,2.0,2.0,2.0,1.0,0.0,0.0
0.830915,-252,16,684,0,E1A1918B0547C1460X,TE1A1B7C3D010X,1,1,1,1,2.0,2.0,2.0,1.0,0.0,0.0
0.842872,-254,21,688,0,E1A1918B0527C1475X,TE1A1B7C3D010X,1,1,1,1,2.0,2.0,2.0,1.0,0.0,0.0
0.854956,-255,26,690,0,E1A1918B0508C1488X,TE1A1B7C3D010X,1,1,1,1,2.0,2.0,2.0,1.0,0.0,0.0
0.867316,-255,26,690,0,E1A1918B0508C1488X,TE1A1B7C2D010X,1,1,1,1,2.0,2.0,2.0,1.0,0.0,0.0
0.879664,-257,30,694,0,E1A1918B0490C1502X,TE1A1B7C2D010X,1,1,1,1,2.0,2.0,2.0,1.0,0.0,0.0
0.892373,-258,35,697,0,E1A1918B0474C1515X,TE1A1B7C2D010X,1,1,1,1,2.0,2.0,2.0,1.0,0.0,0.0
0.90443,-258,35,697,0,E1A1918B0474C1515X,TE1A1B7C2D010X,1,1,1,1,2.0,2.0,2.0,1.0,0.0,0.0
0.916596,-259,39,701,0,E1A1918B0459C1528X,TE1A1B7C2D010X,1,1,1,1,2.0,2.0,2.0,1.0,0.0,0.0
0.929344,-259,43,702,0,E1A1918B0444C1540X,TE1A1B7C2D010X,1,1,1,1,2.0,2.0,2.0,1.0,0.0,0.0
0.94158,-259,47,703,0,E1A1918B0432C1552X,TE1A1B7C2D010X,1,1,1,1,2.0,2.0,2.0,1.0,0.0,0.0
0.954216,-258,50,703,0,E1A1918B0421C1564X,TE1A1B7C2D010X,1,1,1,1,2.0,2.0,2.0,1.0,0.0,0.0
0.966237,-258,53,703,0,E1A1918B0411C1575X,TE1A1B7C2D010X,1,1,1,1,2.0,2.0,2.0,1.0,0.0,0.0
0.978912,-256,56,703,0,E1A1918B0403C1585X,TE1A1B7C2D010X,1,1,1,1,2.0,2.0,2.0,1.0,0.0,0.0
0.991551,-256,56,703,0,E1A1918B0403C1585X,TE1A1B7C2D010X,1,1,1,1,2.0,2.0,2.0,1.0,0.0,0.0
1.00372,-254,59,699,0,E1A1918B0395C1596X,TE1A1B7C2D010X,1,1,1,1,2.0,2.0,2.0,1.0,0.0,0.0
1.01584,-252,61,698,0,E1A1918B0388C1607X,TE1A1B7C2D010X,1,1,1,1,2.0,2.0,2.0,1.0,0.0,0.0
1.02871,-249,64,694,0,E1A1918B0382C1617X,TE1A1B7C2D010X,1,1,1,1,2.0,2.0,2.0,1.0,0.0,0.0
1.04137,-247,66,691,0,E1A1918B0377C1627X,TE1A1B7C2D010X,1,1,1,1,2.0,2.0,2.0,1.0,0.0,0.0
1.05378,-244,68,689,0,E1A1918B0372C1637X,TE1A1B7C2D010X,1,1,1,1,2.0,2.0,2.0,1.0,0.0,0.0
1.06677,-241,70,685,0,E1A1918B0368C1647X,TE1A1B7C2D010X,1,1,1,1,2.0,2.0,2.0,1.0,0.0,0.0
1.07932,-238,72,682,0,E1A1918B0362C1658X,TE1A1B7C2D010X,1,1,1,1,2.0,2.0,2.0,1.0,0.0,0.0
1.09209,-234,74,676,0,E1A1918B0356C1669X,TE1A1B7C2D010X,1,1,1,1,2.0,2.0,2.0,1.0,0.0,0.0
1.10455,-232,76,675,0,E1A1918B0351C1679X,TE1A1B7C2D010X,1,1,1,1,2.0,2.0,2.0,1.0,0.0,0.0
1.11889,-230,79,673,0,E1A1918B0345C1690X,TE1A1B7C2D010X,1,1,1,1,2.0,2.0,2.0,1.0,0.0,0.0
1.13292,-228,81,672,0,E1A1918B0340C1700X,TE1A1B7C2D010X,1,1,1,1,2.0,2.0,2.0,1.0,0.0,0.0
1.14546,-225,83,670,0,E1A1918B0334C1711X,TE1A1B8C2D010X,1,1,1,1,2.0,2.0,2.0,1.0,0.0,0.0
1.15801,-222,85,666,0,E1A1918B0328C1721X,TE1A1B8C2D010X,1,1,1,1,2.0,2.0,2.0,1.0,0.0,0.0
1.17037,-222,88,670,0,E1A1918B0322C1731X,TE1A1B8C1D010X,1,1,1,1,2.0,2.0,2.0,1.0,0.0,0.0
1.18284,-220,91,670,0,E1A1918B0314C1743X,TE1A1B8C1D010X,1,1,1,1,2.0,2.0,2.0,1.0,0.0,0.0
1.19553,-218,93,668,0,E1A1918B0306C1754X,TE1A1B8C1D010X,1,1,1,1,2.0,2.0,2.0,1.0,0.0,0.0
1.20768,-215,95,666,0,E1A1918B0298C1765X,TE1A1B8C1D010X,1,1,1,1,2.0,2.0,2.0,1.0,0.0,0.0
1.22023,-213,98,665,0,E1A1918B0291C1776X,TE1A1B8C1D010X,1,1,1,1,2.0,2.0,2.0,1.0,0.0,0.0
1.23238,-210,100,661,0,E1A1918B0282C1787X,TE1A1B8C1D010X,1,1,1,1,2.0,2.0,2.0,1.0,0.0,0.0
1.24466,-208,101,657,0,E1A1918B0273C1797X,TE1A1B8C1D010X,1,1,1,1,2.0,2.0,2.0,1.0,0.0,0.0
1.25843,-206,103,655,0,E1A1918B0266C1806X,TE1A1B8C1D010X,1,1,1,1,2.0,2.0,2.0,1.0,0.0,0.0
1.27058,-203,105,653,0,E1A1918B0258C1816X,TE1A1B8C1D010X,1,1,1,1,2.0,2.0,2.0,1.0,0.0,0.0
1.28342,-203,108,655,0,E1A1918B0252C1824X,TE1A1B8C1D010X,1,1,1,1,2.0,2.0,2.0,1.0,0.0,0.0
1.29605,-203,108,655,0,E1A1918B0252C1824X,TE1A1B8C1D010X,1,1,1,1,2.0,2.0,2.0,1.0,0.0,0.0
1.30838,-201,109,652,0,E1A1918B0246C1833X,TE1A1B8C1D010X,1,1,1,1,2.0,2.0,2.0,1.0,0.0,0.0
1.32055,-198,110,649,0,E1A1918B0240C1840X,TE1A1B8C1D010X,1,1,1,1,2.0,2.0,2.0,1.0,0.0,0.0
1.33543,-197,111,648,0,E1A1918B0236C1846X,TE1A1B8C1D010X,1,1,1,1,2.0,2.0,2.0,1.0,0.0,0.0
1.3488,-195,112,647,0,E1A1918B0234C1852X,TE1A1B8C1D010X,1,1,1,1,2.0,2.0,2.0,1.0,0.0,0.0
1.36143,-193,112,643,0,E1A1918B0233C1857X,TE1A1B8C1D010X,1,1,1,1,2.0,2.0,2.0,1.0,0.0,0.0
1.37303,-191,112,641,0,E1A1918B0232C1862X,TE1A1B8C1D010X,1,1,1,1,2.0,2.0,2.0,1.0,0.0,0.0
1.38526,-189,113,639,0,E1A1918B0234C1866X,TE1A1B8C1D010X,1,1,1,1,2.0,2.0,2.0,1.0,0.0,0.0
1.39831,-187,113,637,0,E1A1918B0236C1870X,TE1A1B8C1D010X,1,1,1,1,2.0,2.0,2.0,1.0,0.0,0.0
1.41076,-185,113,636,0,E1A1918B0239C1873X,TE1A1B8C1D010X,1,1,1,1,2.0,2.0,2.0,1.0,0.0,0.0
1.4233,-183,112,633,0,E1A1918B0245C1878X,TE1A1B8C1D010X,1,1,1,1,2.0,2.0,2.0,1.0,0.0,0.0
1.43551,-180,112,631,0,E1A1918B0250C1882X,TE1A1B8C1D010X,1,1,1,1,2.0,2.0,2.0,1.0,0.0,0.0
1.44781,-177,112,629,0,E1A1918B0257C1887X,TE1A1B8C1D010X,1,1,1,1,2.0,2.0,2.0,1.0,0.0,0.0
1.46064,-174,112,628,0,E1A1918B0265C1893X,TE1A1B8C1D010X,1,1,1,1,2.0,2.0,2.0,1.0,0.0,0.0
1.47265,-171,111,626,0,E1A1918B0274C1900X,TE1A1B8C1D010X,1,1,1,1,2.0,2.0,2.0,1.0,0.0,0.0
1.48516,-167,111,622,0,E1A1918B0283C1907X,TE1A1B8C1D010X,1,1,1,1,2.0,2.0,2.0,1.0,0.0,0.0
1.49726,-163,111,621,0,E1A1918B0293C1914X,TE1A1B8C1D010X,1,1,1,1,2.0,2.0,2.0,1.0,0.0,0.0
1.50911,-160,111,619,0,E1A1918B0303C1922X,TE1A1B8C1D010X,1,1,1,1,2.0,2.0,2.0,1.0,0.0,0.0
1.52127,-155,110,617,0,E1A1919B0328C1922X,TE1A1B8C1D010X,1,1,1,1,2.0,2.0,2.0,1.0,0.0,0.0
1.53384,-151,110,615,0,E1A1907B0361C1922X,TE1A1B8C1D010X,1,1,1,1,2.0,2.0,2.0,1.0,0.0,0.0
1.54608,-147,111,616,0,E1A1896B0394C1922X,TE1A1B7C1D010X,1,1,1,1,2.0,2.0,2.0,1.0,0.0,0.0
1.55917,-142,111,616,0,E1A1884B0429C1922X,TE1A1B7C1D010X,1,1,1,1,2.0,2.0,2.0,1.0,0.0,0.0
1.57171,-138,111,615,0,E1A1872B0463C1922X,TE1A1B7C1D010X,1,1,1,1,2.0,2.0,2.0,1.0,0.0,0.0
1.58378,-134,112,615,0,E1A1860B0497C1922X,TE1A1B7C1D010X,1,1,1,1,2.0,2.0,2.0,1.0,0.0,0.0
1.59644,-129,112,614,0,E1A1847B0532C1922X,TE1A1B7C1D010X,1,1,1,1,2.0,2.0,2.0,1.0,0.0,0.0
1.60884,-125,112,613,0,E1A1835B0567C1922X,TE1A1B7C1D010X,1,1,1,1,2.0,2.0,2.0,1.0,0.0,0.0
1.62164,-120,112,611,0,E1A1822B0602C1922X,TE1A1B7C1D010X,1,1,1,1,2.0,2.0,2.0,1.0,0.0,0.0
1.63512,-115,111,609,0,E1A1809B0637C1922X,TE1A1B6C1D010X,1,1,1,1,2.0,2.0,2.0,1.0,0.0,0.0
1.64729,-111,112,609,0,E1A1797B0672C1922X,TE1A1B6C1D010X,1,1,1,1,2.0,2.0,2.0,1.0,0.0,0.0
1.66117,-106,111,606,0,E1A1784B0707C1922X,TE1A1B6C1D010X,1,1,1,1,2.0,2.0,2.0,1.0,0.0,0.0
1.67415,-102,111,605,0,E1A1770B0742C1922X,TE1A1B6C1D010X,1,1,1,1,2.0,2.0,2.0,1.0,0.0,0.0
1.68701,-97,111,602,0,E1A1757B0776C1922X,TE1A1B6C1D010X,1,1,1,1,2.0,2.0,2.0,1.0,0.0,0.0
1.69931,-92,111,600,0,E1A1744B0810C1922X,TE1A1B6C1D010X,1,1,1,1,2.0,2.0,2.0,1.0,0.0,0.0
1.71244,-88,111,599,0,E1A1730B0844C1922X,TE1A1B5C1D010X,1,1,1,1,2.0,2.0,2.0,1.0,0.0,0.0
1.72523,-83,111,597,0,E1A1717B0877C1922X,TE1A1B5C1D010X,1,1,1,1,2.0,2.0,2.0,1.0,0.0,0.0
1.7391,-79,111,598,0,E1A1703B0910C1922X,TE1A1B5C1D010X,1,1,1,1,2.0,2.0,2.0,1.0,0.0,0.0
1.75198,-75,111,595,0,E1A1691B0941C1922X,TE1A2B5C1D010X,1,1,1,1,2.0,2.0,2.0,1.0,0.0,0.0
1.7644,-71,110,594,0,E1A1678B0971C1922X,TE1A2B5C1D010X,1,1,1,1,2.0,2.0,2.0,1.0,0.0,0.0
1.77717,-67,110,594,0,E1A1665B1001C1922X,TE1A2B5C1D010X,1,1,1,1,2.0,2.0,2.0,1.0,0.0,0.0
1.7893,-62,110,593,0,E1A1652B1033C1922X,TE1A2B5C1D010X,1,1,1,1,2.0,2.0,2.0,1.0,0.0,0.0
1.80183,-58,110,591,0,E1A1638B1066C1922X,TE1A2B4C1D010X,1,1,1,1,2.0,2.0,2.0,1.0,0.0,0.0
1.81437,-54,109,590,0,E1A1625B1095C1922X,TE1A2B4C1D010X,1,1,1,1,2.0,2.0,2.0,1.0,0.0,0.0
1.82724,-50,109,589,0,E1A1614B1124C1922X,TE1A2B4C1D010X,1,1,1,1,2.0,2.0,2.0,1.0,0.0,0.0
1.83968,-46,108,588,0,E1A1602B1151C1922X,TE1A2B4C1D010X,1,1,1,1,2.0,2.0,2.0,1.0,0.0,0.0
1.85224,-42,107,586,0,E1A1592B1177C1922X,TE1A2B4C1D010X,1,1,1,1,2.0,2.0,2.0,1.0,0.0,0.0
1.86506,-39,106,585,0,E1A1581B1204C1922X,TE1A2B4C1D010X,1,1,1,1,2.0,2.0,2.0,1.0,0.0,0.0
1.87801,-35,105,584,0,E1A1572B1229C1922X,TE1A2B4C1D010X,1,1,1,1,2.0,2.0,2.0,1.0,0.0,0.0
1.8906,-32,104,583,0,E1A1562B1255C1922X,TE1A2B4C1D010X,1,1,1,1,2.0,2.0,2.0,1.0,0.0,0.0
1.90333,-28,104,584,0,E1A1553B1280C1922X,TE1A2B3C1D010X,1,1,1,1,2.0,2.0,2.0,1.0,0.0,0.0
1.9156,-25,103,584,0,E1A1543B1307C1922X,TE1A2B3C1D010X,1,1,1,1,2.0,2.0,2.0,1.0,0.0,0.0
1.92848,-21,102,584,0,E1A1533B1332C1922X,TE1A2B3C1D010X,1,1,1,1,2.0,2.0,2.0,1.0,0.0,0.0
1.94139,-18,101,583,0,E1A1523B1355C1922X,TE1A2B3C1D010X,1,1,1,1,2.0,2.0,2.0,1.0,0.0,0.0
1.95413,-15,100,583,0,E1A1513B1378C1922X,TE1A2B3C1D010X,1,1,1,1,2.0,2.0,2.0,1.0,0.0,0.0
1.96641,-12,98,581,0,E1A1502B1401C1922X,TE1A2B3C1D010X,1,1,1,1,2.0,2.0,2.0,1.0,0.0,0.0
1.97925,-8,97,580,0,E1A1491B1423C1922X,TE1A2B3C1D010X,1,1,1,1,2.0,2.0,2.0,1.0,0.0,0.0
1.99233,-5,97,579,0,E1A1479B1445C1922X,TE1A2B3C1D010X,1,1,1,1,2.0,2.0,2.0,1.0,0.0,0.0
2.00713,-2,96,578,0,E1A1466B1465C1922X,TE1A3B3C1D010X,1,1,1,1,2.0,2.0,2.0,1.0,0.0,0.0
2.02018,1,95,577,0,E1A1454B1485C1922X,TE1A3B3C1D010X,1,1,1,1,2.0,2.0,2.0,1.0,0.0,0.0
2.03275,4,94,576,0,E1A1437B1508C1922X,TE1A3B2C1D010X,1,1,1,1,2.0,2.0,2.0,1.0,0.0,0.0
2.04561,8,93,576,0,E1A1421B1529C1922X,TE1A3B2C1D010X,1,1,1,1,2.0,2.0,2.0,1.0,0.0,0.0
2.05857,12,92,576,0,E1A1403B1549C1922X,TE1A3B2C1D010X,1,1,1,1,2.0,2.0,2.0,1.0,0.0,0.0
2.07148,15,91,574,0,E1A1386B1567C1922X,TE1A3B2C1D010X,1,1,1,1,2.0,2.0,2.0,1.0,0.0,0.0
2.08464,18,90,573,0,E1A1368B1585C1922X,TE1A3B2C1D010X,1,1,1,1,2.0,2.0,2.0,1.0,0.0,0.0
2.09713,23,89,571,0,E1A1345B1606C1922X,TE1A3B2C1D010X,1,1,1,1,2.0,2.0,2.0,1.0,0.0,0.0
2.10994,26,88,569,0,E1A1322B1626C1922X,TE1A3B2C1D010X,1,1,1,1,2.0,2.0,2.0,1.0,0.0,0.0
2.12225,30,88,568,0,E1A1297B1645C1922X,TE1A3B2C1D010X,1,1,1,1,2.0,2.0,2.0,1.0,0.0,0.0
2.13498,34,87,567,0,E1A1271B1663C1922X,TE1A3B2C1D010X,1,1,1,1,2.0,2.0,2.0,1.0,0.0,0.0
2.14793,38,86,568,0,E1A1246B1680C1922X,TE1A3B2C1D010X,1,1,1,1,2.0,2.0,2.0,1.0,0.0,0.0
2.1606,42,86,568,0,E1A1220B1697C1922X,TE1A3B2C1D010X,1,1,1,1,2.0,2.0,2.0,1.0,0.0,0.0
2.17314,46,85,567,0,E1A1193B1713C1922X,TE1A4B2C1D010X,1,1,1,1,2.0,2.0,2.0,1.0,0.0,0.0
2.18569,49,84,566,0,E1A1168B1728C1922X,TE1A4B1C1D010X,1,1,1,1,2.0,2.0,2.0,1.0,0.0,0.0
2.19843,52,83,564,0,E1A1141B1742C1922X,TE1A4B1C1D010X,1,1,1,1,2.0,2.0,2.0,1.0,0.0,0.0
2.21098,56,82,562,0,E1A1114B1756C1922X,TE1A4B1C1D010X,1,1,1,1,2.0,2.0,2.0,1.0,0.0,0.0
2.22353,59,81,560,0,E1A1086B1770C1922X,TE1A4B1C1D010X,1,1,1,1,2.0,2.0,2.0,1.0,0.0,0.0
2.23611,62,81,559,0,E1A1059B1783C1922X,TE1A4B1C1D010X,1,1,1,1,2.0,2.0,2.0,1.0,0.0,0.0
2.24864,65,80,557,0,E1A1031B1796C1922X,TE1A4B1C1D010X,1,1,1,1,2.0,2.0,2.0,1.0,0.0,0.0
2.26147,68,79,554,0,E1A1004B1809C1922X,TE1A4B1C1D010X,1,1,1,1,2.0,2.0,2.0,1.0,0.0,0.0
2.27411,71,78,554,0,E1A0976B1821C1922X,TE1A4B1C1D010X,1,1,1,1,2.0,2.0,2.0,1.0,0.0,0.0
2.28671,74,78,552,0,E1A0949B1833C1922X,TE1A5B1C1D010X,1,1,1,1,2.0,2.0,2.0,1.0,0.0,0.0
2.29899,77,77,551,0,E1A0919B1846C1922X,TE1A5B1C1D010X,1,1,1,1,2.0,2.0,2.0,1.0,0.0,0.0
2.31169,80,76,550,0,E1A0888B1858C1922X,TE1A5B1C1D010X,1,1,1,1,2.0,2.0,2.0,1.0,0.0,0.0
2.32452,83,75,548,0,E1A0860B1871C1922X,TE1A5B1C1D010X,1,1,1,1,2.0,2.0,2.0,1.0,0.0,0.0
2.33805,86,74,547,0,E1A0833B1883C1922X,TE1A5B1C1D010X,1,1,1,1,2.0,2.0,2.0,1.0,0.0,0.0
2.35144,88,73,546,0,E1A0808B1893C1922X,TE1A5B1C1D010X,1,1,1,1,2.0,2.0,2.0,1.0,0.0,0.0
2.36353,90,73,545,0,E1A0786B1904C1922X,TE1A5B1C1D010X,1,1,1,1,2.0,2.0,2.0,1.0,0.0,0.0
2.37602,92,72,543,0,E1A0766B1913C1922X,TE1A5B1C1D010X,1,1,1,1,2.0,2.0,2.0,1.0,0.0,0.0
2.38847,93,71,542,0,E1A0747B1923C1922X,TE1A6B1C1D010X,1,1,1,1,2.0,2.0,2.0,1.0,0.0,0.0
2.4011,95,69,540,0,E1A0730B1933C1922X,TE1A6B1C1D010X,1,1,1,1,2.0,2.0,2.0,1.0,0.0,0.0
2.41383,96,68,539,0,E1A0717B1941C1922X,TE1A6B1C1D010X,1,1,1,1,2.0,2.0,2.0,1.0,0.0,0.0
2.42662,97,67,538,0,E1A0709B1941C1925X,TE1A6B1C1D010X,1,1,1,1,2.0,2.0,2.0,1.0,0.0,0.0
2.43935,97,67,537,0,E1A0712B1941C1921X,TE1A6B0C1D010X,1,1,1,1,2.0,2.0,2.0,1.0,0.0,0.0
2.45171,97,66,537,0,E1A0716B1941C1918X,TE1A6B0C1D010X,1,1,1,1,2.0,2.0,2.0,1.0,0.0,0.0
2.46463,97,65,535,0,E1A0722B1941C1917X,TE1A6B0C1D010X,1,1,1,1,2.0,2.0,2.0,1.0,0.0,0.0
2.47728,96,65,533,0,E1A0727B1941C1917X,TE1A6B0C1D010X,1,1,1,1,2.0,2.0,2.0,1.0,0.0,0.0
2.48979,95,64,533,0,E1A0734B1941C1918X,TE1A6B0C1D010X,1,1,1,1,2.0,2.0,2.0,1.0,0.0,0.0
2.50269,94,64,532,0,E1A0742B1941C1920X,TE1A6B0C1D010X,1,1,1,1,2.0,2.0,2.0,1.0,0.0,0.0
2.51467,92,64,531,0,E1A0752B1941C1924X,TE1A6B0C1D010X,1,1,1,1,2.0,2.0,2.0,1.0,0.0,0.0
2.52749,90,64,530,0,E1A0767B1943C1924X,TE1A6B0C1D010X,1,1,1,1,2.0,2.0,2.0,1.0,0.0,0.0
2.54037,88,64,530,0,E1A0790B1937C1924X,TE1A6B0C1D010X,1,1,1,1,2.0,2.0,2.0,1.0,0.0,0.0
2.55297,86,63,530,0,E1A0816B1929C1924X,TE1A6B0C1D010X,1,1,1,1,2.0,2.0,2.0,1.0,0.0,0.0
2.56538,83,63,529,0,E1A0843B1921C1924X,TE1A5B1C1D010X,1,1,1,1,2.0,2.0,2.0,1.0,0.0,0.0
2.57793,80,63,527,0,E1A0872B1912C1924X,TE1A5B1C1D010X,1,1,1,1,2.0,2.0,2.0,1.0,0.0,0.0
2.59123,77,63,525,0,E1A0903B1902C1924X,TE1A5B1C1D010X,1,1,1,1,2.0,2.0,2.0,1.0,0.0,0.0
2.6046,73,63,524,0,E1A0936B1891C1924X,TE1A5B1C1D010X,1,1,1,1,2.0,2.0,2.0,1.0,0.0,0.0
2.61798,70,63,523,0,E1A0971B1880C1924X,TE1A5B1C1D010X,1,1,1,1,2.0,2.0,2.0,1.0,0.0,0.0
2.63032,67,63,523,0,E1A1006B1869C1924X,TE1A5B1C1D010X,1,1,1,1,2.0,2.0,2.0,1.0,0.0,0.0
2.64305,63,63,522,0,E1A1042B1857C1924X,TE1A5B1C1D010X,1,1,1,1,2.0,2.0,2.0,1.0,0.0,0.0
2.65558,60,63,522,0,E1A1078B1845C1924X,TE1A4B1C1D010X,1,1,1,1,2.0,2.0,2.0,1.0,0.0,0.0
2.6679,56,63,522,0,E1A1114B1833C1924X,TE1A4B1C1D010X,1,1,1,1,2.0,2.0,2.0,1.0,0.0,0.0
2.6806,52,63,522,0,E1A1151B1821C1924X,TE1A4B1C1D010X,1,1,1,1,2.0,2.0,2.0,1.0,0.0,0.0
2.69332,48,63,523,0,E1A1192B1808C1924X,TE1A4B1C1D010X,1,1,1,1,2.0,2.0,2.0,1.0,0.0,0.0
2.70614,44,63,523,0,E1A1226B1795C1924X,TE1A4B1C1D010X,1,1,1,1,2.0,2.0,2.0,1.0,0.0,0.0
2.71866,40,63,523,0,E1A1260B1781C1924X,TE1A4B1C1D010X,1,1,1,1,2.0,2.0,2.0,1.0,0.0,0.0
2.73167,36,62,524,0,E1A1293B1768C1924X,TE1A3B1C1D010X,1,1,1,1,2.0,2.0,2.0,1.0,0.0,0.0
2.74456,32,62,524,0,E1A1325B1754C1924X,TE1A3B1C1D010X,1,1,1,1,2.0,2.0,2.0,1.0,0.0,0.0
2.75744,28,62,524,0,E1A1357B1740C1924X,TE1A3B1C1D010X,1,1,1,1,2.0,2.0,2.0,1.0,0.0,0.0
2.77003,25,62,524,0,E1A1387B1725C1924X,TE1A3B1C1D010X,1,1,1,1,2.0,2.0,2.0,1.0,0.0,0.0
2.78234,21,61,525,0,E1A1417B1710C1924X,TE1A3B1C1D010X,1,1,1,1,2.0,2.0,2.0,1.0,0.0,0.0
2.79507,17,61,525,0,E1A1445B1695C1924X,TE1A3B1C1D010X,1,1,1,1,2.0,2.0,2.0,1.0,0.0,0.0
2.80766,13,60,523,0,E1A1475B1678C1924X,TE1A3B1C1D010X,1,1,1,1,2.0,2.0,2.0,1.0,0.0,0.0
2.82023,9,60,522,0,E1A1503B1660C1924X,TE1A3B2C1D010X,1,1,1,1,2.0,2.0,2.0,1.0,0.0,0.0
2.83269,5,59,522,0,E1A1530B1641C1924X,TE1A2B2C1D010X,1,1,1,1,2.0,2.0,2.0,1.0,0.0,0.0
2.84534,1,59,524,0,E1A1555B1621C1924X,TE1A2B2C1D010X,1,1,1,1,2.0,2.0,2.0,1.0,0.0,0.0
2.85781,-2,59,523,0,E1A1578B1600C1924X,TE1A2B2C1D010X,1,1,1,1,2.0,2.0,2.0,1.0,0.0,0.0
2.87162,-6,58,522,0,E1A1601B1577C1924X,TE1A2B2C1D010X,1,1,1,1,2.0,2.0,2.0,1.0,0.0,0.0
2.88478,-10,58,522,0,E1A1625B1550C1924X,TE1A2B2C1D010X,1,1,1,1,2.0,2.0,2.0,1.0,0.0,0.0
2.89699,-14,57,522,0,E1A1647B1524C1924X,TE1A2B2C1D010X,1,1,1,1,2.0,2.0,2.0,1.0,0.0,0.0
2.90967,-18,57,521,0,E1A1667B1496C1924X,TE1A2B2C1D010X,1,1,1,1,2.0,2.0,2.0,1.0,0.0,0.0
2.92176,-22,56,521,0,E1A1686B1467C1924X,TE1A2B2C1D010X,1,1,1,1,2.0,2.0,2.0,1.0,0.0,0.0
2.93435,-26,56,522,0,E1A1703B1438C1924X,TE1A2B3C1D010X,1,1,1,1,2.0,2.0,2.0,1.0,0.0,0.0
2.94687,-29,55,521,0,E1A1719B1408C1924X,TE1A2B3C1D010X,1,1,1,1,2.0,2.0,2.0,1.0,0.0,0.0
2.95956,-32,55,520,0,E1A1734B1378C1924X,TE1A2B3C1D010X,1,1,1,1,2.0,2.0,2.0,1.0,0.0,0.0
2.972,-35,54,519,0,E1A1748B1349C1924X,TE1A1B3C1D010X,1,1,1,1,2.0,2.0,2.0,1.0,0.0,0.0
2.98408,-38,54,522,0,E1A1761B1320C1924X,TE1A1B3C1D010X,1,1,1,1,2.0,2.0,2.0,1.0,0.0,0.0
2.99664,-41,53,521,0,E1A1773B1291C1924X,TE1A1B3C1D010X,1,1,1,1,2.0,2.0,2.0,1.0,0.0,0.0
3.00895,-44,53,521,0,E1A1785B1262C1924X,TE1A1B3C1D010X,1,1,1,1,2.0,2.0,2.0,1.0,0.0,0.0
3.02159,-46,52,521,0,E1A1796B1234C1924X,TE1A1B3C1D010X,1,1,1,1,2.0,2.0,2.0,1.0,0.0,0.0
3.0348,-48,52,520,0,E1A1806B1205C1924X,TE1A1B4C1D010X,1,1,1,1,2.0,2.0,2.0,1.0,0.0,0.0
3.04678,-50,52,518,0,E1A1816B1177C1924X,TE1A1B4C1D010X,1,1,1,1,2.0,2.0,2.0,1.0,0.0,0.0
3.05953,-53,52,520,0,E1A1824B1151C1924X,TE1A1B4C1D010X,1,1,1,1,2.0,2.0,2.0,1.0,0.0,0.0
3.07206,-54,51,518,0,E1A1832B1124C1924X,TE1A1B4C1D010X,1,1,1,1,2.0,2.0,2.0,1.0,0.0,0.0
3.08489,-57,51,517,0,E1A1841B1094C1924X,TE1A1B4C1D010X,1,1,1,1,2.0,2.0,2.0,1.0,0.0,0.0
3.097,-59,51,517,0,E1A1850B1062C1924X,TE1A1B4C1D010X,1,1,1,1,2.0,2.0,2.0,1.0,0.0,0.0
3.10972,-61,51,517,0,E1A1859B1035C1924X,TE1A1B4C1D010X,1,1,1,1,2.0,2.0,2.0,1.0,0.0,0.0
3.12199,-65,51,517,0,E1A1869B0997C1924X,TE1A1B4C1D010X,1,1,1,1,2.0,2.0,2.0,1.0,0.0,0.0
3.13448,-68,51,514,0,E1A1880B0957C1924X,TE1A1B5C1D010X,1,1,1,1,2.0,2.0,2.0,1.0,0.0,0.0
3.14709,-72,51,513,0,E1A1890B0915C1924X,TE1A1B5C1D010X,1,1,1,1,2.0,2.0,2.0,1.0,0.0,0.0
3.15953,-75,51,510,0,E1A1901B0872C1924X,TE1A1B5C1D010X,1,1,1,1,2.0,2.0,2.0,1.0,0.0,0.0
3.17164,-79,52,509,0,E1A1912B0829C1924X,TE1A1B5C1D010X,1,1,1,1,2.0,2.0,2.0,1.0,0.0,0.0
3.18337,-82,52,509,0,E1A1923B0785C1924X,TE1A1B5C1D010X,1,1,1,1,2.0,2.0,2.0,1.0,0.0,0.0
3.19581,-86,52,507,0,E1A1923B0757C1918X,TE1A1B6C1D010X,1,1,1,1,2.0,2.0,2.0,1.0,0.0,0.0
3.20814,-90,52,506,0,E1A1923B0735C1908X,TE1A1B6C1D010X,1,1,1,1,2.0,2.0,2.0,1.0,0.0,0.0
3.22067,-94,53,508,0,E1A1923B0712C1897X,TE1A1B6C1D010X,1,1,1,1,2.0,2.0,2.0,1.0,0.0,0.0
3.23268,-98,53,510,0,E1A1923B0692C1887X,TE1A1B6C1D010X,1,1,1,1,2.0,2.0,2.0,1.0,0.0,0.0
3.24513,-101,53,508,0,E1A1923B0672C1878X,TE1A1B6C1D010X,1,1,1,1,2.0,2.0,2.0,1.0,0.0,0.0
3.25791,-104,52,505,0,E1A1923B0653C1868X,TE1A1B6C1D010X,1,1,1,1,2.0,2.0,2.0,1.0,0.0,0.0
3.27126,-107,52,501,0,E1A1923B0635C1858X,TE1A1B6C1D010X,1,1,1,1,2.0,2.0,2.0,1.0,0.0,0.0
3.28328,-110,52,501,0,E1A1923B0621C1848X,TE1A1B6C1D010X,1,1,1,1,2.0,2.0,2.0,1.0,0.0,0.0
3.29588,-112,51,499,0,E1A1923B0612C1839X,TE1A1B6C1D010X,1,1,1,1,2.0,2.0,2.0,1.0,0.0,0.0
3.3084,-114,50,498,0,E1A1923B0604C1830X,TE1A1B6C1D010X,1,1,1,1,2.0,2.0,2.0,1.0,0.0,0.0
3.32014,-116,49,497,0,E1A1923B0601C1822X,TE1A1B6C1D010X,1,1,1,1,2.0,2.0,2.0,1.0,0.0,0.0
3.3329,-117,48,497,0,E1A1923B0600C1814X,TE1A1B6C1D010X,1,1,1,1,2.0,2.0,2.0,1.0,0.0,0.0
3.34531,-118,47,497,0,E1A1923B0603C1807X,TE1A1B6C1D010X,1,1,1,1,2.0,2.0,2.0,1.0,0.0,0.0
3.35765,-119,46,498,0,E1A1923B0609C1800X,TE1A1B6C1D010X,1,1,1,1,2.0,2.0,2.0,1.0,0.0,0.0
3.36964,-119,45,496,0,E1A1923B0617C1795X,TE1A1B6C1D010X,1,1,1,1,2.0,2.0,2.0,1.0,0.0,0.0
3.38121,-118,43,495,0,E1A1923B0630C1790X,TE1A1B6C1D010X,1,1,1,1,2.0,2.0,2.0,1.0,0.0,0.0
3.39373,-117,42,496,0,E1A1923B0647C1785X,TE1A1B6C1D010X,1,1,1,1,2.0,2.0,2.0,1.0,0.0,0.0
3.40606,-116,40,494,0,E1A1923B0666C1781X,TE1A1B6C1D010X,1,1,1,1,2.0,2.0,2.0,1.0,0.0,0.0
3.41844,-114,38,493,0,E1A1923B0687C1778X,TE1A1B6C1D010X,1,1,1,1,2.0,2.0,2.0,1.0,0.0,0.0
3.42995,-112,36,490,0,E1A1923B0712C1775X,TE1A1B6C1D010X,1,1,1,1,2.0,2.0,2.0,1.0,0.0,0.0
3.44274,-109,34,489,0,E1A1923B0740C1773X,TE1A1B6C1D010X,1,1,1,1,2.0,2.0,2.0,1.0,0.0,0.0
3.45441,-107,32,488,0,E1A1923B0771C1771X,TE1A1B6C1D010X,1,1,1,1,2.0,2.0,2.0,1.0,0.0,0.0
3.46674,-104,30,486,0,E1A1923B0805C1770X,TE1A1B6C1D010X,1,1,1,1,2.0,2.0,2.0,1.0,0.0,0.0
3.47893,-101,28,486,0,E1A1923B0841C1769X,TE1A1B5C1D010X,1,1,1,1,2.0,2.0,2.0,1.0,0.0,0.0
3.49118,-97,25,486,0,E1A1923B0879C1769X,TE1A1B5C1D010X,1,1,1,1,2.0,2.0,2.0,1.0,0.0,0.0
3.50327,-94,23,486,0,E1A1923B0923C1768X,TE1A1B5C1D010X,1,1,1,1,2.0,2.0,2.0,1.0,0.0,0.0
3.51521,-90,21,485,0,E1A1923B0967C1769X,TE1A1B5C1D010X,1,1,1,1,2.0,2.0,2.0,1.0,0.0,0.0
3.52764,-86,18,484,0,E1A1923B1011C1769X,TE1A1B5C1D010X,1,1,1,1,2.0,2.0,2.0,1.0,0.0,0.0
3.5398,-82,16,483,0,E1A1923B1055C1770X,TE1A1B5C1D010X,1,1,1,1,2.0,2.0,2.0,1.0,0.0,0.0
3.55224,-78,14,482,0,E1A1923B1094C1769X,TE1A1B4C1D010X,1,1,1,1,2.0,2.0,2.0,1.0,0.0,0.0
3.56463,-74,11,482,0,E1A1923B1132C1769X,TE1A1B4C1D010X,1,1,1,1,2.0,2.0,2.0,1.0,0.0,0.0
3.5772,-70,9,481,0,E1A1923B1170C1768X,TE1A1B4C1D010X,1,1,1,1,2.0,2.0,2.0,1.0,0.0,0.0
3.58963,-66,7,481,0,E1A1923B1207C1767X,TE1A1B4C1D010X,1,1,1,1,2.0,2.0,2.0,1.0,0.0,0.0
3.60231,-63,5,479,0,E1A1923B1242C1767X,TE1A1B4C1D010X,1,1,1,1,2.0,2.0,2.0,1.0,0.0,0.0
3.61474,-59,3,477,0,E1A1923B1276C1767X,TE1A1B4C1D010X,1,1,1,1,2.0,2.0,2.0,1.0,0.0,0.0
3.62713,-56,2,476,0,E1A1923B1309C1766X,TE1A1B4C1D010X,1,1,1,1,2.0,2.0,2.0,1.0,0.0,0.0
3.63962,-53,0,474,0,E1A1923B1340C1766X,TE1A1B3C1D010X,1,1,1,1,2.0,2.0,2.0,1.0,0.0,0.0
3.65174,-50,-1,473,0,E1A1923B1370C1765X,TE1A1B3C1D010X,1,1,1,1,2.0,2.0,2.0,1.0,0.0,0.0
3.66456,-46,-2,472,0,E1A1923B1405C1765X,TE1A1B3C1D010X,1,1,1,1,2.0,2.0,2.0,1.0,0.0,0.0
3.67694,-43,-4,470,0,E1A1923B1437C1765X,TE1A1B3C1D010X,1,1,1,1,2.0,2.0,2.0,1.0,0.0,0.0
3.68946,-40,-6,467,0,E1A1923B1468C1765X,TE1A1B3C1D010X,1,1,1,1,2.0,2.0,2.0,1.0,0.0,0.0
3.70202,-37,-7,465,0,E1A1923B1498C1766X,TE1A1B3C1D010X,1,1,1,1,2.0,2.0,2.0,1.0,0.0,0.0
3.71414,-34,-8,465,0,E1A1923B1527C1766X,TE1A1B2C1D010X,1,1,1,1,2.0,2.0,2.0,1.0,0.0,0.0
3.72664,-31,-10,463,0,E1A1923B1555C1766X,TE1A1B2C1D010X,1,1,1,1,2.0,2.0,2.0,1.0,0.0,0.0
3.73936,-29,-11,461,0,E1A1923B1581C1767X,TE1A1B2C1D010X,1,1,1,1,2.0,2.0,2.0,1.0,0.0,0.0
3.75187,-26,-12,460,0,E1A1923B1607C1767X,TE1A1B2C1D010X,1,1,1,1,2.0,2.0,2.0,1.0,0.0,0.0
3.76387,-24,-13,458,0,E1A1923B1630C1767X,TE1A1B2C1D010X,1,1,1,1,2.0,2.0,2.0,1.0,0.0,0.0
3.77646,-21,-14,459,0,E1A1923B1654C1767X,TE1A1B2C1D010X,1,1,1,1,2.0,2.0,2.0,1.0,0.0,0.0
3.78846,-19,-15,458,0,E1A1923B1677C1767X,TE1A1B2C1D010X,1,1,1,1,2.0,2.0,2.0,1.0,0.0,0.0
3.8012,-17,-16,458,0,E1A1923B1699C1767X,TE1A1B2C1D010X,1,1,1,1,2.0,2.0,2.0,1.0,0.0,0.0
3.81379,-15,-17,458,0,E1A1923B1720C1767X,TE1A1B2C1D010X,1,1,1,1,2.0,2.0,2.0,1.0,0.0,0.0
3.82631,-13,-18,458,0,E1A1923B1741C1767X,TE1A1B2C1D010X,1,1,1,1,2.0,2.0,2.0,1.0,0.0,0.0
3.83873,-10,-18,460,0,E1A1923B1763C1768X,TE1A1B1C1D010X,1,1,1,1,2.0,2.0,2.0,1.0,0.0,0.0
3.85064,-8,-19,460,0,E1A1923B1784C1769X,TE1A1B1C1D010X,1,1,1,1,2.0,2.0,2.0,1.0,0.0,0.0
3.86325,-6,-20,459,0,E1A1923B1803C1770X,TE1A1B1C1D010X,1,1,1,1,2.0,2.0,2.0,1.0,0.0,0.0
3.87568,-3,-20,458,0,E1A1923B1822C1771X,TE1A1B1C1D010X,1,1,1,1,2.0,2.0,2.0,1.0,0.0,0.0
3.88818,-1,-20,458,0,E1A1923B1840C1772X,TE1A1B1C1D010X,1,1,1,1,2.0,2.0,2.0,1.0,0.0,0.0
3.90115,0,-21,460,0,E1A1923B1857C1772X,TE1A1B1C1D010X,1,1,1,1,2.0,2.0,2.0,1.0,0.0,0.0
3.91437,2,-21,460,0,E1A1923B1875C1771X,TE1A1B1C1D010X,1,1,1,1,2.0,2.0,2.0,1.0,0.0,0.0
3.92847,5,-21,459,0,E1A1923B1893C1770X,TE1A1B1C1D010X,1,1,1,1,2.0,2.0,2.0,1.0,0.0,0.0
3.94213,8,-21,458,0,E1A1923B1911C1764X,TE1A1B1C1D010X,1,1,1,1,2.0,2.0,2.0,1.0,0.0,0.0
3.95707,10,-22,458,0,E1A1923B1927C1754X,TE1A1B1C1D010X,1,1,1,1,2.0,2.0,2.0,1.0,0.0,0.0
3.97117,13,-22,457,0,E1A1923B1943C1741X,TE1A1B1C1D010X,1,1,1,1,2.0,2.0,2.0,1.0,0.0,0.0
3.98556,15,-22,456,0,E1A1913B1943C1746X,TE1A1B0C1D010X,1,1,1,1,2.0,2.0,2.0,1.0,0.0,0.0
3.99943,18,-22,454,0,E1A1896B1943C1753X,TE1A1B0C1D010X,1,1,1,1,2.0,2.0,2.0,1.0,0.0,0.0
4.01204,20,-22,452,0,E1A1878B1943C1754X,TE1A1B0C1D010X,1,1,1,1,2.0,2.0,2.0,1.0,0.0,0.0
4.02432,23,-22,451,0,E1A1860B1943C1752X,TE1A1B0C1D010X,1,1,1,1,2.0,2.0,2.0,1.0,0.0,0.0
4.03668,25,-22,450,0,E1A1841B1943C1748X,TE1A1B0C1D010X,1,1,1,1,2.0,2.0,2.0,1.0,0.0,0.0
4.04842,28,-22,449,0,E1A1822B1943C1743X,TE1A1B0C1D010X,1,1,1,1,2.0,2.0,2.0,1.0,0.0,0.0
4.06145,30,-22,447,0,E1A1802B1943C1736X,TE1A1B0C1D010X,1,1,1,1,2.0,2.0,2.0,1.0,0.0,0.0
4.0735,32,-22,447,0,E1A1783B1943C1729X,TE1A1B0C1D010X,1,1,1,1,2.0,2.0,2.0,1.0,0.0,0.0
4.08602,34,-22,445,0,E1A1765B1943C1723X,TE1A1B0C1D010X,1,1,1,1,2.0,2.0,2.0,1.0,0.0,0.0
4.09993,36,-22,444,0,E1A1747B1943C1717X,TE1A1B0C1D010X,1,1,1,1,2.0,2.0,2.0,1.0,0.0,0.0
4.1125,37,-22,443,0,E1A1729B1943C1710X,TE1A1B0C1D010X,1,1,1,1,2.0,2.0,2.0,1.0,0.0,0.0
4.12526,39,-22,442,0,E1A1713B1943C1704X,TE1A1B0C1D010X,1,1,1,1,2.0,2.0,2.0,1.0,0.0,0.0
4.13831,40,-21,440,0,E1A1697B1943C1698X,TE1A1B0C2D010X,1,1,1,1,2.0,2.0,2.0,1.0,0.0,0.0
4.15348,41,-21,438,0,E1A1681B1943C1692X,TE1A2B0C2D010X,1,1,1,1,2.0,2.0,2.0,1.0,0.0,0.0
4.16657,43,-21,437,0,E1A1665B1943C1687X,TE1A2B0C2D010X,1,1,1,1,2.0,2.0,2.0,1.0,0.0,0.0
4.17936,44,-21,436,0,E1A1651B1943C1681X,TE1A2B0C2D010X,1,1,1,1,2.0,2.0,2.0,1.0,0.0,0.0
4.19138,45,-21,435,0,E1A1639B1943C1675X,TE1A2B0C2D010X,1,1,1,1,2.0,2.0,2.0,1.0,0.0,0.0
4.20303,46,-21,433,0,E1A1627B1943C1671X,TE1A2B0C2D010X,1,1,1,1,2.0,2.0,2.0,1.0,0.0,0.0
4.21511,46,-21,433,0,E1A1616B1943C1666X,TE1A2B0C2D010X,1,1,1,1,2.0,2.0,2.0,1.0,0.0,0.0
4.22748,47,-21,432,0,E1A1608B1943C1663X,TE1A2B0C2D010X,1,1,1,1,2.0,2.0,2.0,1.0,0.0,0.0
4.23974,47,-21,431,0,E1A1601B1943C1660X,TE1A2B0C2D010X,1,1,1,1,2.0,2.0,2.0,1.0,0.0,0.0
4.25176,47,-21,430,0,E1A1596B1943C1658X,TE1A2B0C2D010X,1,1,1,1,2.0,2.0,2.0,1.0,0.0,0.0
4.26407,47,-20,428,0,E1A1593B1943C1656X,TE1A2B0C2D010X,1,1,1,1,2.0,2.0,2.0,1.0,0.0,0.0
4.2761,46,-20,427,0,E1A1591B1943C1655X,TE1A2B0C2D010X,1,1,1,1,2.0,2.0,2.0,1.0,0.0,0.0
4.28835,46,-20,426,0,E1A1589B1943C1654X,TE1A2B0C2D010X,1,1,1,1,2.0,2.0,2.0,1.0,0.0,0.0
4.30109,45,-20,424,0,E1A1589B1943C1653X,TE1A2B0C2D010X,1,1,1,1,2.0,2.0,2.0,1.0,0.0,0.0
4.31365,45,-20,422,0,E1A1588B1943C1653X,TE1A2B0C2D010X,1,1,1,1,2.0,2.0,2.0,1.0,0.0,0.0
4.32667,44,-20,421,0,E1A1589B1943C1653X,TE1A2B0C2D010X,1,1,1,1,2.0,2.0,2.0,1.0,0.0,0.0
4.34078,43,-20,420,0,E1A1590B1943C1653X,TE1A2B0C2D010X,1,1,1,1,2.0,2.0,2.0,1.0,0.0,0.0
4.353,43,-20,418,0,E1A1593B1943C1653X,TE1A2B0C2D010X,1,1,1,1,2.0,2.0,2.0,1.0,0.0,0.0
4.3648,42,-20,416,0,E1A1596B1943C1654X,TE1A2B0C2D010X,1,1,1,1,2.0,2.0,2.0,1.0,0.0,0.0
4.37695,41,-19,415,0,E1A1601B1943C1655X,TE1A2B0C2D010X,1,1,1,1,2.0,2.0,2.0,1.0,0.0,0.0
4.38912,39,-19,413,0,E1A1608B1943C1657X,TE1A2B0C2D010X,1,1,1,1,2.0,2.0,2.0,1.0,0.0,0.0
4.4014,38,-19,413,0,E1A1613B1943C1658X,TE1A2B0C2D010X,1,1,1,1,2.0,2.0,2.0,1.0,0.0,0.0
4.41336,37,-19,411,0,E1A1618B1943C1660X,TE1A2B0C2D010X,1,1,1,1,2.0,2.0,2.0,1.0,0.0,0.0
4.42742,36,-19,410,0,E1A1625B1943C1661X,TE1A2B0C2D010X,1,1,1,1,2.0,2.0,2.0,1.0,0.0,0.0
4.44197,35,-19,408,0,E1A1631B1943C1663X,TE1A2B0C2D010X,1,1,1,1,2.0,2.0,2.0,1.0,0.0,0.0
4.45367,34,-19,407,0,E1A1637B1943C1664X,TE1A2B0C2D010X,1,1,1,1,2.0,2.0,2.0,1.0,0.0,0.0
4.46582,33,-19,407,0,E1A1644B1943C1665X,TE1A2B0C2D010X,1,1,1,1,2.0,2.0,2.0,1.0,0.0,0.0
4.47774,32,-19,405,0,E1A1650B1943C1666X,TE1A2B0C2D010X,1,1,1,1,2.0,2.0,2.0,1.0,0.0,0.0
4.48962,31,-19,404,0,E1A1658B1943C1668X,TE1A2B0C2D010X,1,1,1,1,2.0,2.0,2.0,1.0,0.0,0.0
4.5019,29,-19,403,0,E1A1667B1943C1669X,TE1A2B0C2D010X,1,1,1,1,2.0,2.0,2.0,1.0,0.0,0.0
4.51351,28,-19,402,0,E1A1675B1943C1671X,TE1A2B0C2D010X,1,1,1,1,2.0,2.0,2.0,1.0,0.0,0.0
4.52564,27,-19,402,0,E1A1683B1943C1671X,TE1A2B0C2D010X,1,1,1,1,2.0,2.0,2.0,1.0,0.0,0.0
4.53798,26,-19,402,0,E1A1691B1943C1671X,TE1A2B0C2D010X,1,1,1,1,2.0,2.0,2.0,1.0,0.0,0.0
4.54955,25,-19,401,0,E1A1699B1943C1672X,TE1A2B0C2D010X,1,1,1,1,2.0,2.0,2.0,1.0,0.0,0.0
4.56203,24,-20,401,0,E1A1708B1943C1671X,TE1A2B0C2D010X,1,1,1,1,2.0,2.0,2.0,1.0,0.0,0.0
4.57402,22,-20,399,0,E1A1717B1943C1670X,TE1A2B0C2D010X,1,1,1,1,2.0,2.0,2.0,1.0,0.0,0.0
4.58636,21,-20,400,0,E1A1726B1943C1669X,TE1A1B0C2D010X,1,1,1,1,2.0,2.0,2.0,1.0,0.0,0.0
4.59858,20,-20,399,0,E1A1734B1943C1667X,TE1A1B0C2D010X,1,1,1,1,2.0,2.0,2.0,1.0,0.0,0.0
4.61057,19,-21,398,0,E1A1743B1943C1665X,TE1A1B0C2D010X,1,1,1,1,2.0,2.0,2.0,1.0,0.0,0.0
4.62242,18,-21,397,0,E1A1752B1943C1663X,TE1A1B0C2D010X,1,1,1,1,2.0,2.0,2.0,1.0,0.0,0.0
4.63455,16,-21,396,0,E1A1762B1943C1660X,TE1A1B0C2D010X,1,1,1,1,2.0,2.0,2.0,1.0,0.0,0.0
4.64598,15,-21,395,0,E1A1774B1943C1658X,TE1A1B0C2D010X,1,1,1,1,2.0,2.0,2.0,1.0,0.0,0.0
4.6581,14,-22,394,0,E1A1785B1943C1655X,TE1A1B0C2D010X,1,1,1,1,2.0,2.0,2.0,1.0,0.0,0.0
4.66956,12,-22,394,0,E1A1796B1943C1653X,TE1A1B0C2D010X,1,1,1,1,2.0,2.0,2.0,1.0,0.0,0.0
4.68175,11,-22,393,0,E1A1806B1943C1649X,TE1A1B0C2D010X,1,1,1,1,2.0,2.0,2.0,1.0,0.0,0.0
4.69381,9,-22,393,0,E1A1817B1943C1645X,TE1A1B0C2D010X,1,1,1,1,2.0,2.0,2.0,1.0,0.0,0.0
4.70595,8,-23,391,0,E1A1827B1943C1640X,TE1A1B0C2D010X,1,1,1,1,2.0,2.0,2.0,1.0,0.0,0.0
4.71757,7,-23,390,0,E1A1836B1943C1634X,TE1A1B0C2D010X,1,1,1,1,2.0,2.0,2.0,1.0,0.0,0.0
4.72963,5,-23,390,0,E1A1845B1943C1628X,TE1A1B0C2D010X,1,1,1,1,2.0,2.0,2.0,1.0,0.0,0.0
4.74166,4,-23,389,0,E1A1854B1943C1622X,TE1A1B0C2D010X,1,1,1,1,2.0,2.0,2.0,1.0,0.0,0.0
4.75364,3,-24,389,0,E1A1863B1943C1615X,TE1A1B0C2D010X,1,1,1,1,2.0,2.0,2.0,1.0,0.0,0.0
4.76518,2,-24,389,0,E1A1871B1943C1607X,TE1A1B0C2D010X,1,1,1,1,2.0,2.0,2.0,1.0,0.0,0.0
4.77735,1,-24,388,0,E1A1879B1943C1600X,TE1A1B0C2D010X,1,1,1,1,2.0,2.0,2.0,1.0,0.0,0.0
4.78909,0,-24,387,0,E1A1887B1943C1592X,TE1A1B0C2D010X,1,1,1,1,2.0,2.0,2.0,1.0,0.0,0.0
4.80108,-1,-24,387,0,E1A1896B1943C1584X,TE1A1B0C2D010X,1,1,1,1,2.0,2.0,2.0,1.0,0.0,0.0
4.81309,-2,-24,388,0,E1A1903B1943C1576X,TE1A1B0C2D010X,1,1,1,1,2.0,2.0,2.0,1.0,0.0,0.0
4.82525,-3,-24,387,0,E1A1911B1943C1568X,TE1A1B0C2D010X,1,1,1,1,2.0,2.0,2.0,1.0,0.0,0.0
4.8374,-4,-24,386,0,E1A1919B1943C1560X,TE1A1B0C2D010X,1,1,1,1,2.0,2.0,2.0,1.0,0.0,0.0
4.84867,-5,-24,385,0,E1A1919B1944C1557X,TE1A1B0C2D010X,1,1,1,1,2.0,2.0,2.0,1.0,0.0,0.0
4.86078,-6,-24,384,0,E1A1919B1936C1565X,TE1A1B0C2D010X,1,1,1,1,2.0,2.0,2.0,1.0,0.0,0.0
4.87283,-7,-23,384,0,E1A1919B1928C1573X,TE1A1B0C2D010X,1,1,1,1,2.0,2.0,2.0,1.0,0.0,0.0
4.8848,-8,-23,383,0,E1A1919B1920C1581X,TE1A1B1C2D010X,1,1,1,1,2.0,2.0,2.0,1.0,0.0,0.0
4.89626,-9,-23,383,0,E1A1919B1912C1589X,TE1A1B1C2D010X,1,1,1,1,2.0,2.0,2.0,1.0,0.0,0.0
4.90851,-11,-22,382,0,E1A1919B1903C1597X,TE1A1B1C2D010X,1,1,1,1,2.0,2.0,2.0,1.0,0.0,0.0
4.92005,-12,-22,381,0,E1A1919B1894C1605X,TE1A1B1C2D010X,1,1,1,1,2.0,2.0,2.0,1.0,0.0,0.0
4.9323,-13,-21,381,0,E1A1919B1885C1613X,TE1A1B1C2D010X,1,1,1,1,2.0,2.0,2.0,1.0,0.0,0.0
4.94446,-14,-21,380,0,E1A1919B1876C1620X,TE1A1B1C2D010X,1,1,1,1,2.0,2.0,2.0,1.0,0.0,0.0
4.95637,-15,-20,380,0,E1A1919B1866C1627X,TE1A1B1C2D010X,1,1,1,1,2.0,2.0,2.0,1.0,0.0,0.0
4.96832,-16,-20,379,0,E1A1919B1857C1633X,TE1A1B1C2D010X,1,1,1,1,2.0,2.0,2.0,1.0,0.0,0.0
4.97999,-17,-19,379,0,E1A1919B1847C1639X,TE1A1B1C2D010X,1,1,1,1,2.0,2.0,2.0,1.0,0.0,0.0
4.99197,-18,-19,378,0,E1A1919B1837C1644X,TE1A1B1C2D010X,1,1,1,1,2.0,2.0,2.0,1.0,0.0,0.0
5.00456,-19,-18,379,0,E1A1919B1828C1648X,TE1A1B1C2D010X,1,1,1,1,2.0,2.0,2.0,1.0,0.0,0.0
5.01602,-20,-18,379,0,E1A1919B1818C1651X,TE1A1B1C2D010X,1,1,1,1,2.0,2.0,2.0,1.0,0.0,0.0
5.02807,-20,-17,378,0,E1A1919B1809C1655X,TE1A1B1C2D010X,1,1,1,1,2.0,2.0,2.0,1.0,0.0,0.0
5.04004,-21,-17,377,0,E1A1919B1800C1657X,TE1A1B1C2D010X,1,1,1,1,2.0,2.0,2.0,1.0,0.0,0.0
5.05152,-22,-16,375,0,E1A1919B1791C1659X,TE1A1B1C2D010X,1,1,1,1,2.0,2.0,2.0,1.0,0.0,0.0
5.06369,-22,-16,375,0,E1A1919B1784C1661X,TE1A1B1C2D010X,1,1,1,1,2.0,2.0,2.0,1.0,0.0,0.0
5.0756,-23,-16,374,0,E1A1919B1776C1663X,TE1A1B1C2D010X,1,1,1,1,2.0,2.0,2.0,1.0,0.0,0.0
5.08739,-23,-15,373,0,E1A1919B1769C1664X,TE1A1B1C2D010X,1,1,1,1,2.0,2.0,2.0,1.0,0.0,0.0
5.09897,-24,-15,372,0,E1A1919B1762C1665X,TE1A1B1C2D010X,1,1,1,1,2.0,2.0,2.0,1.0,0.0,0.0
5.11112,-24,-15,372,0,E1A1919B1756C1666X,TE1A1B1C2D010X,1,1,1,1,2.0,2.0,2.0,1.0,0.0,0.0
5.12282,-24,-14,369,0,E1A1919B1749C1667X,TE1A1B1C2D010X,1,1,1,1,2.0,2.0,2.0,1.0,0.0,0.0
5.13432,-25,-14,369,0,E1A1919B1743C1669X,TE1A1B1C2D010X,1,1,1,1,2.0,2.0,2.0,1.0,0.0,0.0
5.14651,-25,-13,368,0,E1A1919B1739C1671X,TE1A1B1C2D010X,1,1,1,1,2.0,2.0,2.0,1.0,0.0,0.0
5.15847,-25,-13,366,0,E1A1919B1734C1674X,TE1A1B1C2D010X,1,1,1,1,2.0,2.0,2.0,1.0,0.0,0.0
5.17028,-25,-12,364,0,E1A1919B1730C1677X,TE1A1B1C2D010X,1,1,1,1,2.0,2.0,2.0,1.0,0.0,0.0
5.18172,-25,-11,363,0,E1A1919B1724C1682X,TE1A1B1C2D010X,1,1,1,1,2.0,2.0,2.0,1.0,0.0,0.0
5.19367,-25,-11,362,0,E1A1919B1719C1688X,TE1A1B1C2D010X,1,1,1,1,2.0,2.0,2.0,1.0,0.0,0.0
5.20528,-25,-10,361,0,E1A1919B1714C1694X,TE1A1B1C2D010X,1,1,1,1,2.0,2.0,2.0,1.0,0.0,0.0
5.21794,-25,-9,360,0,E1A1919B1709C1700X,TE1A1B1C2D010X,1,1,1,1,2.0,2.0,2.0,1.0,0.0,0.0
5.22948,-25,-8,357,0,E1A1919B1702C1706X,TE1A1B1C2D010X,1,1,1,1,2.0,2.0,2.0,1.0,0.0,0.0
5.24145,-25,-7,355,0,E1A1919B1696C1712X,TE1A1B1C2D010X,1,1,1,1,2.0,2.0,2.0,1.0,0.0,0.0
5.25316,-25,-6,354,0,E1A1919B1689C1719X,TE1A1B2C1D010X,1,1,1,1,2.0,2.0,2.0,1.0,0.0,0.0
5.26464,-25,-6,352,0,E1A1919B1681C1726X,TE1A1B2C1D010X,1,1,1,1,2.0,2.0,2.0,1.0,0.0,0.0
5.27626,-25,-5,350,0,E1A1919B1673C1733X,TE1A1B2C1D010X,1,1,1,1,2.0,2.0,2.0,1.0,0.0,0.0
5.28796,-24,-4,348,0,E1A1919B1665C1740X,TE1A1B2C1D010X,1,1,1,1,2.0,2.0,2.0,1.0,0.0,0.0
5.3001,-24,-2,347,0,E1A1919B1657C1748X,TE1A1B2C1D010X,1,1,1,1,2.0,2.0,2.0,1.0,0.0,0.0
5.31137,-24,-1,345,0,E1A1919B1650C1756X,TE1A1B2C1D010X,1,1,1,1,2.0,2.0,2.0,1.0,0.0,0.0
5.32295,-24,0,343,0,E1A1919B1641C1764X,TE1A1B2C1D010X,1,1,1,1,2.0,2.0,2.0,1.0,0.0,0.0
5.33422,-24,0,342,0,E1A1919B1632C1771X,TE1A1B2C1D010X,1,1,1,1,2.0,2.0,2.0,1.0,0.0,0.0
5.34618,-24,1,340,0,E1A1919B1624C1778X,TE1A1B2C1D010X,1,1,1,1,2.0,2.0,2.0,1.0,0.0,0.0
5.35774,-23,2,339,0,E1A1919B1615C1786X,TE1A1B2C1D010X,1,1,1,1,2.0,2.0,2.0,1.0,0.0,0.0
5.36935,-23,3,338,0,E1A1919B1606C1793X,TE1A1B2C1D010X,1,1,1,1,2.0,2.0,2.0,1.0,0.0,0.0
5.38084,-23,4,336,0,E1A1919B1597C1800X,TE1A1B2C1D010X,1,1,1,1,2.0,2.0,2.0,1.0,0.0,0.0
5.39264,-23,4,335,0,E1A1919B1590C1807X,TE1A1B2C1D010X,1,1,1,1,2.0,2.0,2.0,1.0,0.0,0.0
5.40492,-22,5,334,0,E1A1919B1582C1813X,TE1A1B2C1D010X,1,1,1,1,2.0,2.0,2.0,1.0,0.0,0.0
5.41598,-22,6,332,0,E1A1919B1576C1819X,TE1A1B2C1D010X,1,1,1,1,2.0,2.0,2.0,1.0,0.0,0.0
5.42784,-21,6,330,0,E1A1919B1571C1824X,TE1A1B2C1D010X,1,1,1,1,2.0,2.0,2.0,1.0,0.0,0.0
5.43957,-21,7,329,0,E1A1919B1567C1829X,TE1A1B2C1D010X,1,1,1,1,2.0,2.0,2.0,1.0,0.0,0.0
5.45075,-20,7,328,0,E1A1919B1564C1834X,TE1A1B2C1D010X,1,1,1,1,2.0,2.0,2.0,1.0,0.0,0.0
5.46252,-20,8,327,0,E1A1919B1562C1838X,TE1A1B2C1D010X,1,1,1,1,2.0,2.0,2.0,1.0,0.0,0.0
5.474,-20,8,326,0,E1A1919B1560C1841X,TE1A1B2C1D010X,1,1,1,1,2.0,2.0,2.0,1.0,0.0,0.0
5.48549,-19,8,325,0,E1A1919B1559C1844X,TE1A1B2C1D010X,1,1,1,1,2.0,2.0,2.0,1.0,0.0,0.0
5.49648,-19,8,324,0,E1A1919B1559C1847X,TE1A1B2C1D010X,1,1,1,1,2.0,2.0,2.0,1.0,0.0,0.0
5.5082,-18,9,323,0,E1A1919B1561C1849X,TE1A1B2C1D010X,1,1,1,1,2.0,2.0,2.0,1.0,0.0,0.0
5.51967,-18,9,322,0,E1A1919B1562C1851X,TE1A1B2C1D010X,1,1,1,1,2.0,2.0,2.0,1.0,0.0,0.0
5.5329,-17,9,321,0,E1A1919B1565C1853X,TE1A1B2C1D010X,1,1,1,1,2.0,2.0,2.0,1.0,0.0,0.0
5.54478,-17,8,320,0,E1A1919B1568C1854X,TE1A1B2C1D010X,1,1,1,1,2.0,2.0,2.0,1.0,0.0,0.0
5.55615,-16,8,319,0,E1A1919B1573C1855X,TE1A1B2C1D010X,1,1,1,1,2.0,2.0,2.0,1.0,0.0,0.0
5.56761,-16,8,319,0,E1A1919B1579C1855X,TE1A1B2C1D010X,1,1,1,1,2.0,2.0,2.0,1.0,0.0,0.0
5.57855,-15,8,319,0,E1A1919B1585C1854X,TE1A1B2C1D010X,1,1,1,1,2.0,2.0,2.0,1.0,0.0,0.0
5.59005,-15,7,318,0,E1A1919B1591C1854X,TE1A1B2C1D010X,1,1,1,1,2.0,2.0,2.0,1.0,0.0,0.0
5.60102,-14,7,317,0,E1A1919B1598C1853X,TE1A1B2C1D010X,1,1,1,1,2.0,2.0,2.0,1.0,0.0,0.0
5.61248,-14,7,316,0,E1A1919B1605C1851X,TE1A1B2C1D010X,1,1,1,1,2.0,2.0,2.0,1.0,0.0,0.0
5.62379,-13,6,315,0,E1A1919B1612C1849X,TE1A1B2C1D010X,1,1,1,1,2.0,2.0,2.0,1.0,0.0,0.0
5.63576,-13,6,315,0,E1A1919B1619C1847X,TE1A1B2C1D010X,1,1,1,1,2.0,2.0,2.0,1.0,0.0,0.0
5.64699,-13,5,315,0,E1A1919B1626C1844X,TE1A1B2C1D010X,1,1,1,1,2.0,2.0,2.0,1.0,0.0,0.0
5.65855,-12,5,315,0,E1A1919B1632C1841X,TE1A1B2C1D010X,1,1,1,1,2.0,2.0,2.0,1.0,0.0,0.0
5.67104,-12,4,315,0,E1A1919B1638C1838X,TE1A1B2C1D010X,1,1,1,1,2.0,2.0,2.0,1.0,0.0,0.0
5.68195,-12,4,315,0,E1A1919B1643C1835X,TE1A1B2C1D010X,1,1,1,1,2.0,2.0,2.0,1.0,0.0,0.0
5.69352,-12,3,314,0,E1A1919B1648C1831X,TE1A1B2C1D010X,1,1,1,1,2.0,2.0,2.0,1.0,0.0,0.0
5.70504,-12,3,314,0,E1A1919B1652C1827X,TE1A1B2C1D010X,1,1,1,1,2.0,2.0,2.0,1.0,0.0,0.0
5.71586,-12,2,314,0,E1A1919B1656C1822X,TE1A1B2C1D010X,1,1,1,1,2.0,2.0,2.0,1.0,0.0,0.0
5.72752,-12,2,314,0,E1A1919B1658C1817X,TE1A1B2C1D010X,1,1,1,1,2.0,2.0,2.0,1.0,0.0,0.0
5.73873,-12,1,314,0,E1A1919B1660C1812X,TE1A1B2C1D010X,1,1,1,1,2.0,2.0,2.0,1.0,0.0,0.0
5.75071,-12,1,313,0,E1A1919B1661C1807X,TE1A1B2C1D010X,1,1,1,1,2.0,2.0,2.0,1.0,0.0,0.0
5.76149,-12,0,313,0,E1A1919B1661C1801X,TE1A1B2C1D010X,1,1,1,1,2.0,2.0,2.0,1.0,0.0,0.0
5.77276,-12,0,312,0,E1A1919B1661C1795X,TE1A1B2C1D010X,1,1,1,1,2.0,2.0,2.0,1.0,0.0,0.0
5.78353,-12,0,312,0,E1A1919B1660C1789X,TE1A1B2C1D010X,1,1,1,1,2.0,2.0,2.0,1.0,0.0,0.0
5.79524,-13,0,312,0,E1A1919B1658C1784X,TE1A1B2C1D010X,1,1,1,1,2.0,2.0,2.0,1.0,0.0,0.0
5.80659,-13,0,312,0,E1A1919B1657C1777X,TE1A1B2C1D010X,1,1,1,1,2.0,2.0,2.0,1.0,0.0,0.0
5.818,-13,-1,312,0,E1A1919B1655C1771X,TE1A1B2C1D010X,1,1,1,1,2.0,2.0,2.0,1.0,0.0,0.0
5.82892,-13,-1,311,0,E1A1919B1653C1765X,TE1A1B2C1D010X,1,1,1,1,2.0,2.0,2.0,1.0,0.0,0.0
5.84087,-13,-2,310,0,E1A1919B1651C1759X,TE1A1B2C1D010X,1,1,1,1,2.0,2.0,2.0,1.0,0.0,0.0
5.85285,-14,-2,309,0,E1A1919B1648C1753X,TE1A1B2C1D010X,1,1,1,1,2.0,2.0,2.0,1.0,0.0,0.0
5.86468,-14,-3,309,0,E1A1919B1647C1747X,TE1A1B2C1D010X,1,1,1,1,2.0,2.0,2.0,1.0,0.0,0.0
5.87608,-14,-3,308,0,E1A1919B1644C1742X,TE1A1B2C1D010X,1,1,1,1,2.0,2.0,2.0,1.0,0.0,0.0
5.88727,-14,-3,308,0,E1A1919B1642C1737X,TE1A1B2C1D010X,1,1,1,1,2.0,2.0,2.0,1.0,0.0,0.0
5.8982,-14,-4,307,0,E1A1919B1640C1731X,TE1A1B2C1D010X,1,1,1,1,2.0,2.0,2.0,1.0,0.0,0.0
5.90945,-14,-4,306,0,E1A1919B1638C1726X,TE1A1B2C1D010X,1,1,1,1,2.0,2.0,2.0,1.0,0.0,0.0
5.92081,-14,-4,306,0,E1A1919B1636C1721X,TE1A1B2C1D010X,1,1,1,1,2.0,2.0,2.0,1.0,0.0,0.0
5.93266,-15,-5,306,0,E1A1919B1634C1716X,TE1A1B2C1D010X,1,1,1,1,2.0,2.0,2.0,1.0,0.0,0.0
5.94421,-15,-5,305,0,E1A1919B1632C1712X,TE1A1B2C1D010X,1,1,1,1,2.0,2.0,2.0,1.0,0.0,0.0
5.9556,-15,-5,305,0,E1A1919B1629C1707X,TE1A1B2C1D010X,1,1,1,1,2.0,2.0,2.0,1.0,0.0,0.0
5.96682,-15,-5,304,0,E1A1919B1627C1704X,TE1A1B2C1D010X,1,1,1,1,2.0,2.0,2.0,1.0,0.0,0.0
5.9774,-15,-5,304,0,E1A1919B1625C1700X,TE1A1B2C1D010X,1,1,1,1,2.0,2.0,2.0,1.0,0.0,0.0
5.98867,-15,-6,303,0,E1A1919B1624C1697X,TE1A1B2C2D010X,1,1,1,1,2.0,2.0,2.0,1.0,0.0,0.0
6.00878,-15,-6,302,0,E1A1919B1624C1694X,TE1A1B2C2D010X,1,1,1,1,2.0,2.0,2.0,1.0,0.0,0.0
6.02068,-15,-6,301,0,E1A1919B1624C1691X,TE1A1B2C2D010X,1,1,1,1,2.0,2.0,2.0,1.0,0.0,0.0
6.03273,-14,-6,301,0,E1A1919B1624C1688X,TE1A1B2C2D010X,1,1,1,1,2.0,2.0,2.0,1.0,0.0,0.0
6.04497,-14,-6,300,0,E1A1919B1623C1685X,TE1A1B2C2D010X,1,1,1,1,2.0,2.0,2.0,1.0,0.0,0.0
6.05685,-14,-6,299,0,E1A1919B1623C1682X,TE1A1B2C2D010X,1,1,1,1,2.0,2.0,2.0,1.0,0.0,0.0
6.06764,-14,-7,299,0,E1A1919B1624C1680X,TE1A1B2C2D010X,1,1,1,1,2.0,2.0,2.0,1.0,0.0,0.0
6.07888,-14,-7,299,0,E1A1919B1625C1677X,TE1A1B2C2D010X,1,1,1,1,2.0,2.0,2.0,1.0,0.0,0.0
6.09018,-14,-7,298,0,E1A1919B1626C1674X,TE1A1B2C2D010X,1,1,1,1,2.0,2.0,2.0,1.0,0.0,0.0
6.10155,-14,-7,297,0,E1A1919B1626C1672X,TE1A1B2C2D010X,1,1,1,1,2.0,2.0,2.0,1.0,0.0,0.0
6.11252,-13,-7,296,0,E1A1919B1627C1669X,TE1A1B2C2D010X,1,1,1,1,2.0,2.0,2.0,1.0,0.0,0.0
6.12478,-13,-7,295,0,E1A1919B1628C1667X,TE1A1B2C2D010X,1,1,1,1,2.0,2.0,2.0,1.0,0.0,0.0
6.13537,-13,-7,295,0,E1A1919B1629C1665X,TE1A1B2C2D010X,1,1,1,1,2.0,2.0,2.0,1.0,0.0,0.0
6.14658,-13,-8,294,0,E1A1919B1629C1663X,TE1A1B2C2D010X,1,1,1,1,2.0,2.0,2.0,1.0,0.0,0.0
6.15801,-13,-8,293,0,E1A1919B1629C1662X,TE1A1B2C2D010X,1,1,1,1,2.0,2.0,2.0,1.0,0.0,0.0
6.16924,-12,-8,292,0,E1A1919B1630C1660X,TE1A1B2C2D010X,1,1,1,1,2.0,2.0,2.0,1.0,0.0,0.0
6.18044,-12,-8,291,0,E1A1919B1629C1660X,TE1A1B2C2D010X,1,1,1,1,2.0,2.0,2.0,1.0,0.0,0.0
6.1916,-12,-8,291,0,E1A1919B1629C1660X,TE1A1B2C2D010X,1,1,1,1,2.0,2.0,2.0,1.0,0.0,0.0
6.20375,-12,-7,290,0,E1A1919B1628C1659X,TE1A1B2C2D010X,1,1,1,1,2.0,2.0,2.0,1.0,0.0,0.0
6.21435,-12,-7,290,0,E1A1919B1626C1660X,TE1A1B2C2D010X,1,1,1,1,2.0,2.0,2.0,1.0,0.0,0.0
6.22569,-12,-7,289,0,E1A1919B1624C1660X,TE1A1B2C2D010X,1,1,1,1,2.0,2.0,2.0,1.0,0.0,0.0
6.23679,-12,-7,289,0,E1A1919B1621C1661X,TE1A1B2C2D010X,1,1,1,1,2.0,2.0,2.0,1.0,0.0,0.0
6.24845,-12,-7,288,0,E1A1919B1619C1663X,TE1A1B2C2D010X,1,1,1,1,2.0,2.0,2.0,1.0,0.0,0.0
6.25972,-12,-6,287,0,E1A1919B1615C1664X,TE1A1B2C2D010X,1,1,1,1,2.0,2.0,2.0,1.0,0.0,0.0
6.27067,-12,-6,287,0,E1A1919B1611C1666X,TE1A1B2C2D010X,1,1,1,1,2.0,2.0,2.0,1.0,0.0,0.0
6.28119,-12,-6,286,0,E1A1919B1607C1668X,TE1A1B2C2D010X,1,1,1,1,2.0,2.0,2.0,1.0,0.0,0.0
6.29245,-12,-6,286,0,E1A1919B1603C1670X,TE1A1B2C2D010X,1,1,1,1,2.0,2.0,2.0,1.0,0.0,0.0
6.30448,-12,-5,285,0,E1A1919B1598C1672X,TE1A1B2C2D010X,1,1,1,1,2.0,2.0,2.0,1.0,0.0,0.0
6.31489,-12,-5,285,0,E1A1919B1592C1674X,TE1A1B2C2D010X,1,1,1,1,2.0,2.0,2.0,1.0,0.0,0.0
6.32606,-12,-5,284,0,E1A1919B1586C1675X,TE1A1B2C2D010X,1,1,1,1,2.0,2.0,2.0,1.0,0.0,0.0
6.33735,-12,-4,284,0,E1A1919B1580C1677X,TE1A1B2C2D010X,1,1,1,1,2.0,2.0,2.0,1.0,0.0,0.0
6.34851,-12,-4,283,0,E1A1919B1574C1678X,TE1A1B2C2D010X,1,1,1,1,2.0,2.0,2.0,1.0,0.0,0.0
6.36085,-13,-4,282,0,E1A1919B1567C1678X,TE1A1B2C2D010X,1,1,1,1,2.0,2.0,2.0,1.0,0.0,0.0
6.37273,-13,-3,281,0,E1A1919B1560C1679X,TE1A1B2C2D010X,1,1,1,1,2.0,2.0,2.0,1.0,0.0,0.0
6.38379,-13,-3,281,0,E1A1919B1553C1679X,TE1A1B2C2D010X,1,1,1,1,2.0,2.0,2.0,1.0,0.0,0.0
6.40471,-13,-3,280,0,E1A1919B1544C1678X,TE1A1B2C2D010X,1,1,1,1,2.0,2.0,2.0,1.0,0.0,0.0
6.41669,-14,-3,279,0,E1A1919B1535C1677X,TE1A1B2C2D010X,1,1,1,1,2.0,2.0,2.0,1.0,0.0,0.0
6.42876,-14,-3,278,0,E1A1919B1527C1675X,TE1A1B2C2D010X,1,1,1,1,2.0,2.0,2.0,1.0,0.0,0.0
6.44081,-14,-2,277,0,E1A1919B1518C1673X,TE1A1B2C2D010X,1,1,1,1,2.0,2.0,2.0,1.0,0.0,0.0
6.45196,-15,-2,277,0,E1A1919B1509C1672X,TE1A1B2C2D010X,1,1,1,1,2.0,2.0,2.0,1.0,0.0,0.0
6.46264,-15,-2,277,0,E1A1919B1500C1670X,TE1A1B2C2D010X,1,1,1,1,2.0,2.0,2.0,1.0,0.0,0.0
6.47396,-15,-2,277,0,E1A1919B1492C1668X,TE1A1B2C2D010X,1,1,1,1,2.0,2.0,2.0,1.0,0.0,0.0
6.48513,-16,-2,276,0,E1A1919B1483C1666X,TE1A1B2C2D010X,1,1,1,1,2.0,2.0,2.0,1.0,0.0,0.0
6.49631,-16,-2,275,0,E1A1919B1474C1664X,TE1A1B2C2D010X,1,1,1,1,2.0,2.0,2.0,1.0,0.0,0.0
6.50754,-16,-2,274,0,E1A1919B1464C1661X,TE1A1B2C2D010X,1,1,1,1,2.0,2.0,2.0,1.0,0.0,0.0
6.51847,-17,-2,273,0,E1A1919B1455C1659X,TE1A1B3C2D010X,1,1,1,1,2.0,2.0,2.0,1.0,0.0,0.0
6.52899,-17,-1,272,0,E1A1919B1445C1656X,TE1A1B3C2D010X,1,1,1,1,2.0,2.0,2.0,1.0,0.0,0.0
6.54033,-17,-1,272,0,E1A1919B1435C1654X,TE1A1B3C2D010X,1,1,1,1,2.0,2.0,2.0,1.0,0.0,0.0
6.56452,-18,-1,271,0,E1A1919B1424C1652X,TE1A1B3C2D010X,1,1,1,1,2.0,2.0,2.0,1.0,0.0,0.0
6.57547,-18,-1,270,0,E1A1919B1414C1651X,TE1A1B3C2D010X,1,1,1,1,2.0,2.0,2.0,1.0,0.0,0.0
6.58628,-18,-1,270,0,E1A1919B1404C1651X,TE1A1B3C2D010X,1,1,1,1,2.0,2.0,2.0,1.0,0.0,0.0
6.59697,-19,0,270,0,E1A1919B1394C1650X,TE1A1B3C2D010X,1,1,1,1,2.0,2.0,2.0,1.0,0.0,0.0
6.60864,-19,0,269,0,E1A1919B1384C1649X,TE1A1B3C2D010X,1,1,1,1,2.0,2.0,2.0,1.0,0.0,0.0
6.62022,-19,0,269,0,E1A1919B1374C1648X,TE1A1B3C2D010X,1,1,1,1,2.0,2.0,2.0,1.0,0.0,0.0
6.63241,-20,0,268,0,E1A1919B1364C1648X,TE1A1B3C2D010X,1,1,1,1,2.0,2.0,2.0,1.0,0.0,0.0
6.6438,-20,0,268,0,E1A1919B1355C1647X,TE1A1B3C2D010X,1,1,1,1,2.0,2.0,2.0,1.0,0.0,0.0
6.65474,-20,0,267,0,E1A1919B1344C1646X,TE1A1B3C2D010X,1,1,1,1,2.0,2.0,2.0,1.0,0.0,0.0
6.66551,-21,0,267,0,E1A1919B1334C1645X,TE1A1B3C2D010X,1,1,1,1,2.0,2.0,2.0,1.0,0.0,0.0
6.67663,-21,0,267,0,E1A1919B1324C1643X,TE1A1B3C2D010X,1,1,1,1,2.0,2.0,2.0,1.0,0.0,0.0
6.68828,-21,0,267,0,E1A1919B1315C1642X,TE1A1B3C2D010X,1,1,1,1,2.0,2.0,2.0,1.0,0.0,0.0
6.70046,-22,0,267,0,E1A1919B1306C1640X,TE1A1B3C2D010X,1,1,1,1,2.0,2.0,2.0,1.0,0.0,0.0
6.71111,-22,1,266,0,E1A1919B1296C1638X,TE1A1B3C2D010X,1,1,1,1,2.0,2.0,2.0,1.0,0.0,0.0
6.72856,-22,1,265,0,E1A1919B1288C1636X,TE1A1B3C2D010X,1,1,1,1,2.0,2.0,2.0,1.0,0.0,0.0
6.7406,-22,1,265,0,E1A1919B1281C1633X,TE1A1B3C2D010X,1,1,1,1,2.0,2.0,2.0,1.0,0.0,0.0
6.7515,-22,1,265,0,E1A1919B1276C1631X,TE1A1B3C2D010X,1,1,1,1,2.0,2.0,2.0,1.0,0.0,0.0
6.76225,-23,1,265,0,E1A1919B1270C1629X,TE1A1B3C2D010X,1,1,1,1,2.0,2.0,2.0,1.0,0.0,0.0
6.77347,-23,1,265,0,E1A1919B1265C1626X,TE1A1B3C2D010X,1,1,1,1,2.0,2.0,2.0,1.0,0.0,0.0
6.78445,-23,0,265,0,E1A1919B1261C1622X,TE1A1B3C2D010X,1,1,1,1,2.0,2.0,2.0,1.0,0.0,0.0
6.79525,-23,0,265,0,E1A1919B1258C1619X,TE1A1B3C2D010X,1,1,1,1,2.0,2.0,2.0,1.0,0.0,0.0
6.80671,-23,0,265,0,E1A1919B1256C1615X,TE1A1B3C2D010X,1,1,1,1,2.0,2.0,2.0,1.0,0.0,0.0
6.81762,-23,0,264,0,E1A1919B1253C1610X,TE1A1B3C2D010X,1,1,1,1,2.0,2.0,2.0,1.0,0.0,0.0
6.82836,-23,0,264,0,E1A1919B1253C1606X,TE1A1B3C2D010X,1,1,1,1,2.0,2.0,2.0,1.0,0.0,0.0
6.84151,-23,0,264,0,E1A1919B1253C1600X,TE1A1B3C2D010X,1,1,1,1,2.0,2.0,2.0,1.0,0.0,0.0
6.85253,-23,0,264,0,E1A1919B1254C1595X,TE1A1B3C2D010X,1,1,1,1,2.0,2.0,2.0,1.0,0.0,0.0
6.86336,-23,-1,264,0,E1A1919B1255C1590X,TE1A1B3C2D010X,1,1,1,1,2.0,2.0,2.0,1.0,0.0,0.0
6.8747,-23,-1,263,0,E1A1919B1257C1584X,TE1A1B3C2D010X,1,1,1,1,2.0,2.0,2.0,1.0,0.0,0.0
6.88565,-22,-2,263,0,E1A1919B1259C1579X,TE1A1B3C2D010X,1,1,1,1,2.0,2.0,2.0,1.0,0.0,0.0
6.89657,-22,-2,263,0,E1A1919B1263C1574X,TE1A1B3C2D010X,1,1,1,1,2.0,2.0,2.0,1.0,0.0,0.0
6.91052,-22,-3,263,0,E1A1919B1267C1569X,TE1A1B3C2D010X,1,1,1,1,2.0,2.0,2.0,1.0,0.0,0.0
6.92296,-22,-3,263,0,E1A1919B1273C1565X,TE1A1B3C2D010X,1,1,1,1,2.0,2.0,2.0,1.0,0.0,0.0
6.93366,-21,-3,264,0,E1A1919B1281C1563X,TE1A1B3C2D010X,1,1,1,1,2.0,2.0,2.0,1.0,0.0,0.0
6.94461,-20,-4,264,0,E1A1919B1291C1560X,TE1A1B3C2D010X,1,1,1,1,2.0,2.0,2.0,1.0,0.0,0.0
6.95548,-20,-4,264,0,E1A1919B1301C1558X,TE1A1B3C2D010X,1,1,1,1,2.0,2.0,2.0,1.0,0.0,0.0
6.96665,-19,-5,264,0,E1A1919B1311C1557X,TE1A1B3C2D010X,1,1,1,1,2.0,2.0,2.0,1.0,0.0,0.0
6.97709,-18,-5,264,0,E1A1919B1322C1556X,TE1A1B3C2D010X,1,1,1,1,2.0,2.0,2.0,1.0,0.0,0.0
6.9885,-17,-5,264,0,E1A1919B1334C1555X,TE1A1B3C2D010X,1,1,1,1,2.0,2.0,2.0,1.0,0.0,0.0
6.9991,-17,-6,264,0,E1A1919B1345C1553X,TE1A1B3C2D010X,1,1,1,1,2.0,2.0,2.0,1.0,0.0,0.0
7.0101,-16,-6,263,0,E1A1919B1357C1552X,TE1A1B3C2D010X,1,1,1,1,2.0,2.0,2.0,1.0,0.0,0.0
7.02099,-15,-6,263,0,E1A1919B1368C1551X,TE1A1B3C2D010X,1,1,1,1,2.0,2.0,2.0,1.0,0.0,0.0
7.03284,-14,-7,262,0,E1A1919B1380C1550X,TE1A1B3C2D010X,1,1,1,1,2.0,2.0,2.0,1.0,0.0,0.0
7.04364,-13,-7,262,0,E1A1919B1392C1549X,TE1A1B3C2D010X,1,1,1,1,2.0,2.0,2.0,1.0,0.0,0.0
7.05442,-12,-7,262,0,E1A1919B1404C1548X,TE1A1B3C2D010X,1,1,1,1,2.0,2.0,2.0,1.0,0.0,0.0
7.06509,-12,-8,262,0,E1A1919B1416C1546X,TE1A1B3C2D010X,1,1,1,1,2.0,2.0,2.0,1.0,0.0,0.0
7.07571,-11,-8,262,0,E1A1919B1427C1545X,TE1A1B3C2D010X,1,1,1,1,2.0,2.0,2.0,1.0,0.0,0.0
7.08656,-10,-9,262,0,E1A1919B1439C1543X,TE1A1B3C2D010X,1,1,1,1,2.0,2.0,2.0,1.0,0.0,0.0
7.09713,-9,-9,261,0,E1A1919B1451C1542X,TE1A1B3C2D010X,1,1,1,1,2.0,2.0,2.0,1.0,0.0,0.0
7.10809,-8,-9,261,0,E1A1919B1462C1539X,TE1A1B3C2D010X,1,1,1,1,2.0,2.0,2.0,1.0,0.0,0.0
7.11906,-8,-10,261,0,E1A1919B1473C1536X,TE1A1B3C2D010X,1,1,1,1,2.0,2.0,2.0,1.0,0.0,0.0
7.12976,-7,-10,261,0,E1A1919B1485C1533X,TE1A1B3C2D010X,1,1,1,1,2.0,2.0,2.0,1.0,0.0,0.0
7.14095,-6,-11,261,0,E1A1919B1495C1529X,TE1A1B3C2D010X,1,1,1,1,2.0,2.0,2.0,1.0,0.0,0.0
7.15182,-6,-11,261,0,E1A1919B1506C1525X,TE1A1B2C2D010X,1,1,1,1,2.0,2.0,2.0,1.0,0.0,0.0
7.16244,-5,-11,260,0,E1A1919B1516C1520X,TE1A1B2C2D010X,1,1,1,1,2.0,2.0,2.0,1.0,0.0,0.0
7.1734,-4,-12,260,0,E1A1919B1526C1515X,TE1A1B2C2D010X,1,1,1,1,2.0,2.0,2.0,1.0,0.0,0.0
7.1844,-4,-12,260,0,E1A1919B1536C1510X,TE1A1B2C2D010X,1,1,1,1,2.0,2.0,2.0,1.0,0.0,0.0
7.1962,-3,-13,260,0,E1A1919B1544C1504X,TE1A1B2C2D010X,1,1,1,1,2.0,2.0,2.0,1.0,0.0,0.0
7.20721,-3,-14,260,0,E1A1919B1553C1497X,TE1A1B2C2D010X,1,1,1,1,2.0,2.0,2.0,1.0,0.0,0.0
7.21812,-2,-14,259,0,E1A1919B1560C1489X,TE1A1B2C2D010X,1,1,1,1,2.0,2.0,2.0,1.0,0.0,0.0
7.22866,-2,-15,259,0,E1A1919B1567C1482X,TE1A1B2C2D010X,1,1,1,1,2.0,2.0,2.0,1.0,0.0,0.0
7.24057,-2,-15,259,0,E1A1919B1574C1474X,TE1A1B2C2D010X,1,1,1,1,2.0,2.0,2.0,1.0,0.0,0.0
7.25227,-1,-16,258,0,E1A1919B1580C1466X,TE1A1B2C3D010X,1,1,1,1,2.0,2.0,2.0,1.0,0.0,0.0
7.26447,-1,-16,258,0,E1A1919B1586C1458X,TE1A1B2C3D010X,1,1,1,1,2.0,2.0,2.0,1.0,0.0,0.0
7.27544,0,-17,257,0,E1A1919B1591C1449X,TE1A1B2C3D010X,1,1,1,1,2.0,2.0,2.0,1.0,0.0,0.0
7.28634,0,-17,257,0,E1A1919B1597C1442X,TE1A1B2C3D010X,1,1,1,1,2.0,2.0,2.0,1.0,0.0,0.0
7.2968,0,-17,257,0,E1A1919B1602C1434X,TE1A1B2C3D010X,1,1,1,1,2.0,2.0,2.0,1.0,0.0,0.0
7.30854,0,-18,256,0,E1A1919B1607C1428X,TE1A1B2C3D010X,1,1,1,1,2.0,2.0,2.0,1.0,0.0,0.0
7.32026,0,-18,255,0,E1A1919B1610C1421X,TE1A1B2C3D010X,1,1,1,1,2.0,2.0,2.0,1.0,0.0,0.0
7.33229,0,-18,255,0,E1A1919B1614C1414X,TE1A1B2C3D010X,1,1,1,1,2.0,2.0,2.0,1.0,0.0,0.0
7.34337,0,-19,255,0,E1A1919B1618C1408X,TE1A1B2C3D010X,1,1,1,1,2.0,2.0,2.0,1.0,0.0,0.0
7.35428,0,-19,254,0,E1A1919B1621C1403X,TE1A1B2C3D010X,1,1,1,1,2.0,2.0,2.0,1.0,0.0,0.0
7.36595,1,-19,254,0,E1A1919B1624C1399X,TE1A1B2C3D010X,1,1,1,1,2.0,2.0,2.0,1.0,0.0,0.0
7.3766,1,-19,253,0,E1A1919B1627C1394X,TE1A1B2C3D010X,1,1,1,1,2.0,2.0,2.0,1.0,0.0,0.0
7.38837,1,-19,252,0,E1A1919B1629C1390X,TE1A1B2C3D010X,1,1,1,1,2.0,2.0,2.0,1.0,0.0,0.0
7.39894,1,-19,252,0,E1A1919B1631C1388X,TE1A1B2C3D010X,1,1,1,1,2.0,2.0,2.0,1.0,0.0,0.0
7.40977,1,-19,251,0,E1A1919B1633C1386X,TE1A1B2C3D010X,1,1,1,1,2.0,2.0,2.0,1.0,0.0,0.0
7.4206,2,-19,251,0,E1A1919B1635C1385X,TE1A1B2C3D010X,1,1,1,1,2.0,2.0,2.0,1.0,0.0,0.0
7.43218,2,-19,250,0,E1A1919B1637C1386X,TE1A1B2C3D010X,1,1,1,1,2.0,2.0,2.0,1.0,0.0,0.0
7.44426,2,-19,249,0,E1A1919B1639C1387X,TE1A1B2C3D010X,1,1,1,1,2.0,2.0,2.0,1.0,0.0,0.0
7.45661,2,-19,249,0,E1A1919B1641C1390X,TE1A1B2C3D010X,1,1,1,1,2.0,2.0,2.0,1.0,0.0,0.0
7.46684,2,-18,248,0,E1A1919B1642C1393X,TE1A1B2C3D010X,1,1,1,1,2.0,2.0,2.0,1.0,0.0,0.0
7.47777,3,-18,247,0,E1A1919B1642C1397X,TE1A1B2C3D010X,1,1,1,1,2.0,2.0,2.0,1.0,0.0,0.0
7.48855,3,-17,246,0,E1A1919B1642C1402X,TE1A1B2C3D010X,1,1,1,1,2.0,2.0,2.0,1.0,0.0,0.0
7.50113,3,-17,246,0,E1A1919B1644C1410X,TE1A1B2C3D010X,1,1,1,1,2.0,2.0,2.0,1.0,0.0,0.0
7.51205,3,-16,246,0,E1A1919B1645C1418X,TE1A1B2C3D010X,1,1,1,1,2.0,2.0,2.0,1.0,0.0,0.0
7.52429,3,-16,245,0,E1A1919B1646C1427X,TE1A1B2C3D010X,1,1,1,1,2.0,2.0,2.0,1.0,0.0,0.0
7.53464,3,-15,244,0,E1A1919B1647C1437X,TE1A1B2C3D010X,1,1,1,1,2.0,2.0,2.0,1.0,0.0,0.0
7.54534,4,-14,244,0,E1A1919B1649C1448X,TE1A1B2C3D010X,1,1,1,1,2.0,2.0,2.0,1.0,0.0,0.0
7.55619,4,-13,243,0,E1A1919B1650C1460X,TE1A1B2C3D010X,1,1,1,1,2.0,2.0,2.0,1.0,0.0,0.0
7.56829,4,-13,243,0,E1A1919B1652C1473X,TE1A1B2C3D010X,1,1,1,1,2.0,2.0,2.0,1.0,0.0,0.0
7.58014,4,-12,242,0,E1A1919B1653C1487X,TE1A1B2C3D010X,1,1,1,1,2.0,2.0,2.0,1.0,0.0,0.0
7.59124,5,-11,241,0,E1A1919B1655C1501X,TE1A1B2C3D010X,1,1,1,1,2.0,2.0,2.0,1.0,0.0,0.0
7.60164,5,-10,240,0,E1A1919B1657C1516X,TE1A1B2C2D010X,1,1,1,1,2.0,2.0,2.0,1.0,0.0,0.0
7.61269,5,-9,239,0,E1A1919B1659C1532X,TE1A1B2C2D010X,1,1,1,1,2.0,2.0,2.0,1.0,0.0,0.0
7.62441,6,-8,238,0,E1A1919B1661C1547X,TE1A1B2C2D010X,1,1,1,1,2.0,2.0,2.0,1.0,0.0,0.0
7.6363,6,-7,238,0,E1A1919B1741C1615X,TE1A1B2C2D010X,1,1,1,1,2.0,2.0,2.0,1.0,0.0,0.0
7.64811,6,-6,238,0,E1A1919B1805C1671X,TE1A1B1C2D010X,1,1,1,1,2.0,2.0,2.0,1.0,0.0,0.0
7.65909,7,-5,237,0,E1A1919B1857C1717X,TE1A1B1C2D010X,1,1,1,1,2.0,2.0,2.0,1.0,0.0,0.0
7.66994,7,-4,237,0,E1A1919B1897C1754X,TE1A1B1C1D010X,1,1,1,1,2.0,2.0,2.0,1.0,0.0,0.0
7.6802,7,-3,236,0,E1A1919B1928C1780X,TE1A1B1C1D010X,1,1,1,1,2.0,2.0,2.0,1.0,0.0,0.0
7.69223,8,-3,235,0,E1A1918B1928C1805X,TE1A1B1C1D010X,1,1,1,1,2.0,2.0,2.0,1.0,0.0,0.0
7.70426,8,-2,235,0,E1A1896B1928C1840X,TE1A1B1C1D010X,1,1,1,1,2.0,2.0,2.0,1.0,0.0,0.0
7.71634,8,-1,234,0,E1A1871B1928C1856X,TE1A1B1C1D010X,1,1,1,1,2.0,2.0,2.0,1.0,0.0,0.0
7.72665,9,0,233,0,E1A1845B1928C1862X,TE1A1B1C1D010X,1,1,1,1,2.0,2.0,2.0,1.0,0.0,0.0
7.73749,9,0,233,0,E1A1820B1928C1866X,TE1A1B1C1D010X,1,1,1,1,2.0,2.0,2.0,1.0,0.0,0.0
7.76043,9,0,233,0,E1A1795B1928C1869X,TE1A1B1C1D010X,1,1,1,1,2.0,2.0,2.0,1.0,0.0,0.0
7.77222,10,0,232,0,E1A1782B1928C1872X,TE1A1B1C1D010X,1,1,1,1,2.0,2.0,2.0,1.0,0.0,0.0
7.78321,10,1,232,0,E1A1767B1928C1875X,TE1A1B1C1D010X,1,1,1,1,2.0,2.0,2.0,1.0,0.0,0.0
7.79421,10,1,232,0,E1A1753B1928C1876X,TE1A1B1C1D010X,1,1,1,1,2.0,2.0,2.0,1.0,0.0,0.0
7.80501,11,2,231,0,E1A1741B1928C1877X,TE1A1B1C1D010X,1,1,1,1,2.0,2.0,2.0,1.0,0.0,0.0
7.81701,11,2,231,0,E1A1730B1928C1878X,TE1A1B1C1D010X,1,1,1,1,2.0,2.0,2.0,1.0,0.0,0.0
7.82822,11,2,230,0,E1A1720B1928C1878X,TE1A1B1C1D010X,1,1,1,1,2.0,2.0,2.0,1.0,0.0,0.0
7.84039,11,2,230,0,E1A1710B1928C1878X,TE1A1B1C1D010X,1,1,1,1,2.0,2.0,2.0,1.0,0.0,0.0
7.85112,12,2,230,0,E1A1701B1928C1876X,TE1A1B1C1D010X,1,1,1,1,2.0,2.0,2.0,1.0,0.0,0.0
7.86148,12,3,230,0,E1A1693B1928C1875X,TE1A2B1C1D010X,1,1,1,1,2.0,2.0,2.0,1.0,0.0,0.0
7.87254,12,3,229,0,E1A1687B1928C1873X,TE1A2B1C1D010X,1,1,1,1,2.0,2.0,2.0,1.0,0.0,0.0
7.88437,12,3,229,0,E1A1681B1928C1871X,TE1A2B1C1D010X,1,1,1,1,2.0,2.0,2.0,1.0,0.0,0.0
7.89609,12,2,229,0,E1A1676B1928C1868X,TE1A2B1C1D010X,1,1,1,1,2.0,2.0,2.0,1.0,0.0,0.0
7.90837,12,2,229,0,E1A1672B1928C1866X,TE1A2B1C1D010X,1,1,1,1,2.0,2.0,2.0,1.0,0.0,0.0
7.91906,13,2,228,0,E1A1667B1928C1862X,TE1A2B1C1D010X,1,1,1,1,2.0,2.0,2.0,1.0,0.0,0.0
7.92915,13,2,228,0,E1A1662B1928C1858X,TE1A2B1C1D010X,1,1,1,1,2.0,2.0,2.0,1.0,0.0,0.0
7.94018,13,2,227,0,E1A1659B1928C1853X,TE1A2B1C1D010X,1,1,1,1,2.0,2.0,2.0,1.0,0.0,0.0
7.95229,13,2,227,0,E1A1656B1928C1849X,TE1A2B1C1D010X,1,1,1,1,2.0,2.0,2.0,1.0,0.0,0.0
7.96382,13,1,227,0,E1A1654B1928C1844X,TE1A2B1C1D010X,1,1,1,1,2.0,2.0,2.0,1.0,0.0,0.0
7.97447,14,1,226,0,E1A1653B1928C1838X,TE1A2B1C1D010X,1,1,1,1,2.0,2.0,2.0,1.0,0.0,0.0
7.98506,14,1,226,0,E1A1652B1928C1833X,TE1A2B1C1D010X,1,1,1,1,2.0,2.0,2.0,1.0,0.0,0.0
7.99572,14,0,226,0,E1A1652B1928C1828X,TE1A2B1C1D010X,1,1,1,1,2.0,2.0,2.0,1.0,0.0,0.0
8.00902,14,0,225,0,E1A1652B1928C1822X,TE1A2B1C1D010X,1,1,1,1,2.0,2.0,2.0,1.0,0.0,0.0
8.01995,14,0,225,0,E1A1652B1928C1817X,TE1A2B1C1D010X,1,1,1,1,2.0,2.0,2.0,1.0,0.0,0.0
8.03183,14,0,225,0,E1A1652B1928C1811X,TE1A2B1C1D010X,1,1,1,1,2.0,2.0,2.0,1.0,0.0,0.0
8.04269,14,0,224,0,E1A1652B1928C1804X,TE1A2B1C1D010X,1,1,1,1,2.0,2.0,2.0,1.0,0.0,0.0
8.05325,14,0,225,0,E1A1652B1928C1797X,TE1A2B1C1D010X,1,1,1,1,2.0,2.0,2.0,1.0,0.0,0.0
8.06399,14,-1,225,0,E1A1652B1928C1792X,TE1A2B1C1D010X,1,1,1,1,2.0,2.0,2.0,1.0,0.0,0.0
8.07614,14,-1,224,0,E1A1653B1928C1785X,TE1A2B1C1D010X,1,1,1,1,2.0,2.0,2.0,1.0,0.0,0.0
8.0879,14,-1,224,0,E1A1653B1928C1779X,TE1A2B1C1D010X,1,1,1,1,2.0,2.0,2.0,1.0,0.0,0.0
8.09909,14,-2,224,0,E1A1651B1928C1772X,TE1A2B1C1D010X,1,1,1,1,2.0,2.0,2.0,1.0,0.0,0.0
8.10915,14,-2,223,0,E1A1651B1928C1765X,TE1A2B1C1D010X,1,1,1,1,2.0,2.0,2.0,1.0,0.0,0.0
8.11997,14,-3,223,0,E1A1651B1928C1759X,TE1A2B1C1D010X,1,1,1,1,2.0,2.0,2.0,1.0,0.0,0.0
8.13187,14,-3,223,0,E1A1651B1928C1752X,TE1A2B1C1D010X,1,1,1,1,2.0,2.0,2.0,1.0,0.0,0.0
8.14403,14,-3,223,0,E1A1651B1928C1747X,TE1A2B1C1D010X,1,1,1,1,2.0,2.0,2.0,1.0,0.0,0.0
8.15596,14,-4,223,0,E1A1652B1928C1741X,TE1A2B1C1D010X,1,1,1,1,2.0,2.0,2.0,1.0,0.0,0.0
8.16648,14,-4,223,0,E1A1653B1928C1737X,TE1A2B1C1D010X,1,1,1,1,2.0,2.0,2.0,1.0,0.0,0.0
8.17654,14,-4,223,0,E1A1653B1928C1732X,TE1A2B1C1D010X,1,1,1,1,2.0,2.0,2.0,1.0,0.0,0.0
8.18788,14,-4,222,0,E1A1654B1928C1729X,TE1A2B1C1D010X,1,1,1,1,2.0,2.0,2.0,1.0,0.0,0.0
8.20006,14,-4,222,0,E1A1655B1928C1725X,TE1A2B1C1D010X,1,1,1,1,2.0,2.0,2.0,1.0,0.0,0.0
8.21206,14,-5,222,0,E1A1656B1928C1723X,TE1A2B1C1D010X,1,1,1,1,2.0,2.0,2.0,1.0,0.0,0.0
8.22375,13,-5,221,0,E1A1657B1928C1721X,TE1A2B1C1D010X,1,1,1,1,2.0,2.0,2.0,1.0,0.0,0.0
8.24423,13,-5,221,0,E1A1658B1928C1721X,TE1A2B1C1D010X,1,1,1,1,2.0,2.0,2.0,1.0,0.0,0.0
8.25596,13,-5,221,0,E1A1659B1928C1722X,TE1A2B1C1D010X,1,1,1,1,2.0,2.0,2.0,1.0,0.0,0.0
8.26781,13,-4,220,0,E1A1660B1928C1724X,TE1A2B1C1D010X,1,1,1,1,2.0,2.0,2.0,1.0,0.0,0.0
8.27992,13,-4,220,0,E1A1660B1928C1725X,TE1A2B1C1D010X,1,1,1,1,2.0,2.0,2.0,1.0,0.0,0.0
8.29038,12,-4,220,0,E1A1659B1928C1728X,TE1A2B1C1D010X,1,1,1,1,2.0,2.0,2.0,1.0,0.0,0.0
8.30103,12,-4,220,0,E1A1658B1928C1731X,TE1A2B1C1D010X,1,1,1,1,2.0,2.0,2.0,1.0,0.0,0.0
8.31203,12,-4,220,0,E1A1658B1928C1734X,TE1A2B1C1D010X,1,1,1,1,2.0,2.0,2.0,1.0,0.0,0.0
8.33595,12,-4,219,0,E1A1657B1928C1737X,TE1A2B1C1D010X,1,1,1,1,2.0,2.0,2.0,1.0,0.0,0.0
8.3479,12,-3,219,0,E1A1656B1928C1741X,TE1A2B1C1D010X,1,1,1,1,2.0,2.0,2.0,1.0,0.0,0.0
8.3583,12,-3,219,0,E1A1656B1928C1744X,TE1A2B1C1D010X,1,1,1,1,2.0,2.0,2.0,1.0,0.0,0.0
8.36865,11,-3,219,0,E1A1655B1928C1748X,TE1A2B1C1D010X,1,1,1,1,2.0,2.0,2.0,1.0,0.0,0.0
8.37994,11,-3,219,0,E1A1654B1928C1752X,TE1A2B1C1D010X,1,1,1,1,2.0,2.0,2.0,1.0,0.0,0.0
8.39195,11,-2,219,0,E1A1655B1928C1755X,TE1A2B1C1D010X,1,1,1,1,2.0,2.0,2.0,1.0,0.0,0.0
8.40386,11,-2,218,0,E1A1656B1928C1758X,TE1A2B1C1D010X,1,1,1,1,2.0,2.0,2.0,1.0,0.0,0.0
8.41558,10,-2,218,0,E1A1657B1928C1760X,TE1A2B1C1D010X,1,1,1,1,2.0,2.0,2.0,1.0,0.0,0.0
8.42647,10,-2,218,0,E1A1659B1928C1762X,TE1A2B1C1D010X,1,1,1,1,2.0,2.0,2.0,1.0,0.0,0.0
8.43689,10,-2,218,0,E1A1662B1928C1765X,TE1A2B1C1D010X,1,1,1,1,2.0,2.0,2.0,1.0,0.0,0.0
8.44778,10,-2,218,0,E1A1665B1928C1766X,TE1A2B1C1D010X,1,1,1,1,2.0,2.0,2.0,1.0,0.0,0.0
8.45996,9,-2,217,0,E1A1668B1928C1768X,TE1A2B1C1D010X,1,1,1,1,2.0,2.0,2.0,1.0,0.0,0.0
8.47202,9,-2,217,0,E1A1692B1928C1781X,TE1A2B1C1D010X,1,1,1,1,2.0,2.0,2.0,1.0,0.0,0.0
8.48336,9,-2,217,0,E1A1711B1928C1791X,TE1A2B1C1D010X,1,1,1,1,2.0,2.0,2.0,1.0,0.0,0.0
8.49353,8,-2,217,0,E1A1728B1928C1799X,TE1A2B1C1D010X,1,1,1,1,2.0,2.0,2.0,1.0,0.0,0.0
8.50416,8,-2,217,0,E1A1743B1928C1805X,TE1A1B1C1D010X,1,1,1,1,2.0,2.0,2.0,1.0,0.0,0.0
8.51588,8,-2,217,0,E1A1756B1928C1811X,TE1A1B1C1D010X,1,1,1,1,2.0,2.0,2.0,1.0,0.0,0.0
8.52809,8,-2,217,0,E1A1768B1928C1814X,TE1A1B1C1D010X,1,1,1,1,2.0,2.0,2.0,1.0,0.0,0.0
8.53998,7,-2,217,0,E1A1779B1928C1817X,TE1A1B1C1D010X,1,1,1,1,2.0,2.0,2.0,1.0,0.0,0.0
8.55045,7,-2,217,0,E1A1789B1928C1819X,TE1A1B1C1D010X,1,1,1,1,2.0,2.0,2.0,1.0,0.0,0.0
8.56048,7,-3,217,0,E1A1798B1928C1820X,TE1A1B1C1D010X,1,1,1,1,2.0,2.0,2.0,1.0,0.0,0.0
8.57183,7,-3,216,0,E1A1806B1928C1821X,TE1A1B1C1D010X,1,1,1,1,2.0,2.0,2.0,1.0,0.0,0.0
8.58387,6,-3,216,0,E1A1813B1928C1820X,TE1A1B1C1D010X,1,1,1,1,2.0,2.0,2.0,1.0,0.0,0.0
8.59593,6,-3,216,0,E1A1819B1928C1820X,TE1A1B1C1D010X,1,1,1,1,2.0,2.0,2.0,1.0,0.0,0.0
8.60804,6,-3,216,0,E1A1824B1928C1818X,TE1A1B1C1D010X,1,1,1,1,2.0,2.0,2.0,1.0,0.0,0.0
8.61856,6,-3,216,0,E1A1829B1928C1816X,TE1A1B1C1D010X,1,1,1,1,2.0,2.0,2.0,1.0,0.0,0.0
8.62855,6,-4,216,0,E1A1833B1928C1815X,TE1A1B1C1D010X,1,1,1,1,2.0,2.0,2.0,1.0,0.0,0.0
8.63993,5,-4,215,0,E1A1837B1928C1812X,TE1A1B1C1D010X,1,1,1,1,2.0,2.0,2.0,1.0,0.0,0.0
8.65207,5,-4,216,0,E1A1840B1928C1809X,TE1A1B1C1D010X,1,1,1,1,2.0,2.0,2.0,1.0,0.0,0.0
8.66389,5,-4,215,0,E1A1844B1928C1806X,TE1A1B1C1D010X,1,1,1,1,2.0,2.0,2.0,1.0,0.0,0.0
8.67465,5,-4,215,0,E1A1846B1928C1803X,TE1A1B1C1D010X,1,1,1,1,2.0,2.0,2.0,1.0,0.0,0.0
8.68497,5,-5,215,0,E1A1849B1928C1800X,TE1A1B1C1D010X,1,1,1,1,2.0,2.0,2.0,1.0,0.0,0.0
8.69571,5,-5,215,0,E1A1851B1928C1796X,TE1A1B1C1D010X,1,1,1,1,2.0,2.0,2.0,1.0,0.0,0.0
8.70799,5,-5,215,0,E1A1853B1928C1792X,TE1A1B1C1D010X,1,1,1,1,2.0,2.0,2.0,1.0,0.0,0.0
8.71983,5,-5,215,0,E1A1854B1928C1789X,TE1A1B1C1D010X,1,1,1,1,2.0,2.0,2.0,1.0,0.0,0.0
8.73207,5,-5,216,0,E1A1856B1928C1785X,TE1A1B1C1D010X,1,1,1,1,2.0,2.0,2.0,1.0,0.0,0.0
8.74243,5,-6,216,0,E1A1857B1928C1781X,TE1A1B1C1D010X,1,1,1,1,2.0,2.0,2.0,1.0,0.0,0.0
8.75212,4,-6,216,0,E1A1859B1928C1778X,TE1A1B1C1D010X,1,1,1,1,2.0,2.0,2.0,1.0,0.0,0.0
8.76376,4,-6,216,0,E1A1860B1928C1774X,TE1A1B1C1D010X,1,1,1,1,2.0,2.0,2.0,1.0,0.0,0.0
8.77611,4,-6,216,0,E1A1862B1928C1772X,TE1A1B1C1D010X,1,1,1,1,2.0,2.0,2.0,1.0,0.0,0.0
8.78787,4,-6,216,0,E1A1863B1928C1768X,TE1A1B1C1D010X,1,1,1,1,2.0,2.0,2.0,1.0,0.0,0.0
8.80009,4,-6,216,0,E1A1865B1928C1765X,TE1A1B1C1D010X,1,1,1,1,2.0,2.0,2.0,1.0,0.0,0.0
8.81066,4,-6,216,0,E1A1867B1928C1763X,TE1A1B1C1D010X,1,1,1,1,2.0,2.0,2.0,1.0,0.0,0.0
8.8211,4,-6,216,0,E1A1869B1928C1761X,TE1A1B1C1D010X,1,1,1,1,2.0,2.0,2.0,1.0,0.0,0.0
8.83265,4,-7,216,0,E1A1870B1928C1759X,TE1A1B1C1D010X,1,1,1,1,2.0,2.0,2.0,1.0,0.0,0.0
8.84375,4,-7,216,0,E1A1872B1928C1758X,TE1A1B1C1D010X,1,1,1,1,2.0,2.0,2.0,1.0,0.0,0.0
8.85601,4,-7,216,0,E1A1873B1928C1757X,TE1A1B1C1D010X,1,1,1,1,2.0,2.0,2.0,1.0,0.0,0.0
8.86601,4,-7,216,0,E1A1874B1928C1758X,TE1A1B1C1D010X,1,1,1,1,2.0,2.0,2.0,1.0,0.0,0.0
8.87663,3,-7,216,0,E1A1874B1928C1757X,TE1A1B1C1D010X,1,1,1,1,2.0,2.0,2.0,1.0,0.0,0.0
8.88795,3,-7,216,0,E1A1875B1928C1756X,TE1A1B1C1D010X,1,1,1,1,2.0,2.0,2.0,1.0,0.0,0.0
8.90027,3,-7,216,0,E1A1877B1928C1756X,TE1A1B1C1D010X,1,1,1,1,2.0,2.0,2.0,1.0,0.0,0.0
8.9116,3,-7,216,0,E1A1878B1928C1756X,TE1A1B1C1D010X,1,1,1,1,2.0,2.0,2.0,1.0,0.0,0.0
8.92395,3,-7,216,0,E1A1880B1928C1757X,TE1A1B1C1D010X,1,1,1,1,2.0,2.0,2.0,1.0,0.0,0.0
8.93383,3,-7,216,0,E1A1881B1928C1758X,TE1A1B1C1D010X,1,1,1,1,2.0,2.0,2.0,1.0,0.0,0.0
8.94432,3,-6,216,0,E1A1882B1928C1759X,TE1A1B1C1D010X,1,1,1,1,2.0,2.0,2.0,1.0,0.0,0.0
8.95589,3,-6,216,0,E1A1883B1928C1760X,TE1A1B1C1D010X,1,1,1,1,2.0,2.0,2.0,1.0,0.0,0.0
8.96791,3,-6,216,0,E1A1884B1928C1760X,TE1A1B1C1D010X,1,1,1,1,2.0,2.0,2.0,1.0,0.0,0.0
8.97982,3,-6,216,0,E1A1885B1928C1761X,TE1A1B1C1D010X,1,1,1,1,2.0,2.0,2.0,1.0,0.0,0.0
8.99024,3,-6,217,0,E1A1886B1928C1763X,TE1A1B1C1D010X,1,1,1,1,2.0,2.0,2.0,1.0,0.0,0.0
9.00031,3,-6,217,0,E1A1887B1928C1764X,TE1A1B1C1D010X,1,1,1,1,2.0,2.0,2.0,1.0,0.0,0.0
9.02378,2,-6,216,0,E1A1888B1928C1764X,TE1A1B1C1D010X,1,1,1,1,2.0,2.0,2.0,1.0,0.0,0.0
9.03568,2,-6,216,0,E1A1888B1928C1765X,TE1A1B1C1D010X,1,1,1,1,2.0,2.0,2.0,1.0,0.0,0.0
9.04787,2,-6,216,0,E1A1889B1928C1766X,TE1A1B1C1D010X,1,1,1,1,2.0,2.0,2.0,1.0,0.0,0.0
9.05813,2,-6,216,0,E1A1889B1928C1765X,TE1A1B1C1D010X,1,1,1,1,2.0,2.0,2.0,1.0,0.0,0.0
9.06942,2,-6,216,0,E1A1890B1928C1764X,TE1A1B1C1D010X,1,1,1,1,2.0,2.0,2.0,1.0,0.0,0.0
9.07966,2,-6,216,0,E1A1890B1928C1765X,TE1A1B1C1D010X,1,1,1,1,2.0,2.0,2.0,1.0,0.0,0.0
9.09188,2,-6,216,0,E1A1889B1928C1764X,TE1A1B1C1D010X,1,1,1,1,2.0,2.0,2.0,1.0,0.0,0.0
9.10413,2,-6,216,0,E1A1889B1928C1763X,TE1A1B1C1D010X,1,1,1,1,2.0,2.0,2.0,1.0,0.0,0.0
9.11554,2,-6,216,0,E1A1889B1928C1760X,TE1A1B1C1D010X,1,1,1,1,2.0,2.0,2.0,1.0,0.0,0.0
9.12607,2,-7,216,0,E1A1889B1928C1757X,TE1A1B1C1D010X,1,1,1,1,2.0,2.0,2.0,1.0,0.0,0.0
9.13665,2,-7,216,0,E1A1889B1928C1755X,TE1A1B1C1D010X,1,1,1,1,2.0,2.0,2.0,1.0,0.0,0.0
9.14762,2,-7,216,0,E1A1889B1928C1751X,TE1A1B1C1D010X,1,1,1,1,2.0,2.0,2.0,1.0,0.0,0.0
9.1596,2,-7,216,0,E1A1888B1928C1747X,TE1A1B1C1D010X,1,1,1,1,2.0,2.0,2.0,1.0,0.0,0.0
9.17177,2,-7,216,0,E1A1888B1928C1743X,TE1A1B1C1D010X,1,1,1,1,2.0,2.0,2.0,1.0,0.0,0.0
9.1821,3,-7,216,0,E1A1888B1928C1739X,TE1A1B1C1D010X,1,1,1,1,2.0,2.0,2.0,1.0,0.0,0.0
9.19187,3,-7,216,0,E1A1888B1928C1735X,TE1A1B1C1D010X,1,1,1,1,2.0,2.0,2.0,1.0,0.0,0.0
9.20383,3,-8,216,0,E1A1888B1928C1731X,TE1A1B1C1D010X,1,1,1,1,2.0,2.0,2.0,1.0,0.0,0.0
9.21582,3,-8,215,0,E1A1888B1928C1727X,TE1A1B1C1D010X,1,1,1,1,2.0,2.0,2.0,1.0,0.0,0.0
9.22792,3,-8,215,0,E1A1888B1928C1723X,TE1A1B1C1D010X,1,1,1,1,2.0,2.0,2.0,1.0,0.0,0.0
9.23987,3,-8,215,0,E1A1887B1928C1720X,TE1A1B1C1D010X,1,1,1,1,2.0,2.0,2.0,1.0,0.0,0.0
9.2502,3,-8,215,0,E1A1887B1928C1717X,TE1A1B1C1D010X,1,1,1,1,2.0,2.0,2.0,1.0,0.0,0.0
9.26032,3,-8,215,0,E1A1886B1928C1714X,TE1A1B1C1D010X,1,1,1,1,2.0,2.0,2.0,1.0,0.0,0.0
9.27198,3,-8,215,0,E1A1886B1928C1712X,TE1A1B1C1D010X,1,1,1,1,2.0,2.0,2.0,1.0,0.0,0.0
9.28395,3,-8,215,0,E1A1885B1928C1711X,TE1A1B1C1D010X,1,1,1,1,2.0,2.0,2.0,1.0,0.0,0.0
9.30771,3,-8,215,0,E1A1884B1928C1710X,TE1A1B1C1D010X,1,1,1,1,2.0,2.0,2.0,1.0,0.0,0.0
9.31823,3,-8,214,0,E1A1882B1928C1709X,TE1A1B1C1D010X,1,1,1,1,2.0,2.0,2.0,1.0,0.0,0.0
9.32873,3,-8,214,0,E1A1881B1928C1709X,TE1A1B1C1D010X,1,1,1,1,2.0,2.0,2.0,1.0,0.0,0.0
9.33991,3,-8,214,0,E1A1880B1928C1709X,TE1A1B1C1D010X,1,1,1,1,2.0,2.0,2.0,1.0,0.0,0.0
9.35184,3,-8,214,0,E1A1880B1928C1710X,TE1A1B1C1D010X,1,1,1,1,2.0,2.0,2.0,1.0,0.0,0.0
9.3718,3,-8,215,0,E1A1880B1928C1711X,TE1A1B1C1D010X,1,1,1,1,2.0,2.0,2.0,1.0,0.0,0.0
9.3839,3,-8,215,0,E1A1879B1928C1712X,TE1A1B1C1D010X,1,1,1,1,2.0,2.0,2.0,1.0,0.0,0.0
9.39575,3,-8,214,0,E1A1878B1928C1714X,TE1A1B1C1D010X,1,1,1,1,2.0,2.0,2.0,1.0,0.0,0.0
9.40794,3,-8,214,0,E1A1877B1928C1715X,TE1A1B1C1D010X,1,1,1,1,2.0,2.0,2.0,1.0,0.0,0.0
9.41975,3,-8,214,0,E1A1877B1928C1718X,TE1A1B1C1D010X,1,1,1,1,2.0,2.0,2.0,1.0,0.0,0.0
9.43183,3,-8,215,0,E1A1876B1928C1721X,TE1A1B1C1D010X,1,1,1,1,2.0,2.0,2.0,1.0,0.0,0.0
9.4424,3,-8,215,0,E1A1875B1928C1725X,TE1A1B1C1D010X,1,1,1,1,2.0,2.0,2.0,1.0,0.0,0.0
9.45269,4,-8,214,0,E1A1874B1928C1727X,TE1A1B1C1D010X,1,1,1,1,2.0,2.0,2.0,1.0,0.0,0.0
9.46362,4,-8,214,0,E1A1873B1928C1730X,TE1A1B1C1D010X,1,1,1,1,2.0,2.0,2.0,1.0,0.0,0.0
9.47581,4,-8,214,1,E1A1872B1928C1733X,TE1A1B1C1D010X,1,1,1,1,2.0,2.0,2.0,1.0,0.0,0.0
