timestamp,errXmm,errYmm,errZmm,TouchDetected,OutgoingPacket,IncomingPacket,Serial0Enabled,Serial0Open,Serial1Enabled,Serial1Open,kpx,kpy,kix,kiy,kdx,kdy
0.00111609,-9,1,411,0,E1A1926B1827C1701X,TE1A1B1C2D000X,1,1,1,1,1.4,1.4,1.4,1.8,0.0,0.0
0.0151648,-9,1,411,0,E1A1926B1827C1701X,TE1A1B1C2D000X,1,1,1,1,1.4,1.4,1.4,1.8,0.0,0.0
0.0278784,-10,1,398,0,E1A1926B1825C1697X,TE1A1B1C2D000X,1,1,1,1,1.4,1.4,1.4,1.8,0.0,0.0
0.0401301,-10,1,398,0,E1A1926B1825C1697X,TE1A1B1C2D000X,1,1,1,1,1.4,1.4,1.4,1.8,0.0,0.0
0.0542525,-10,1,398,0,E1A1926B1825C1697X,TE1A1B1C2D000X,1,1,1,1,1.4,1.4,1.4,1.8,0.0,0.0
0.0665999,-10,1,398,0,E1A1926B1825C1697X,TE1A1B1C2D000X,1,1,1,1,1.4,1.4,1.4,1.8,0.0,0.0
0.0790926,-9,0,401,0,E1A1926B1827C1697X,TE1A1B1C2D000X,1,1,1,1,1.4,1.4,1.4,1.8,0.0,0.0
0.0911583,-9,1,400,0,E1A1926B1827C1697X,TE1A1B1C2D000X,1,1,1,1,1.4,1.4,1.4,1.8,0.0,0.0
0.103326,90,105,384,0,E1A0729B1725C1697X,TE1A1B1C2D000X,1,1,1,1,1.4,1.4,1.4,1.8,0.0,0.0
0.116227,92,108,391,0,E1A0725B1724C1697X,TE1A6B1C2D000X,1,1,1,1,1.4,1.4,1.4,1.8,0.0,0.0
0.129036,91,106,384,0,E1A0713B1721C1697X,TE1A6B1C2D000X,1,1,1,1,1.4,1.4,1.4,1.8,0.0,0.0
0.141062,89,104,377,0,E1A0701B1720C1697X,TE1A6B1C2D000X,1,1,1,1,1.4,1.4,1.4,1.8,0.0,0.0
0.153157,93,107,379,0,E1A0658B1714C1697X,TE1A6B1C2D000X,1,1,1,1,1.4,1.4,1.4,1.8,0.0,0.0
0.165263,94,109,379,0,E1A0628B1709C1697X,TE1A6B1C2D000X,1,1,1,1,1.4,1.4,1.4,1.8,0.0,0.0
0.178648,96,110,379,0,E1A0605B1707C1697X,TE1A6B1C2D000X,1,1,1,1,1.4,1.4,1.4,1.8,0.0,0.0
0.190293,97,111,381,0,E1A0586B1705C1697X,TE1A6B1C2D000X,1,1,1,1,1.4,1.4,1.4,1.8,0.0,0.0
0.208054,97,111,381,0,E1A0569B1703C1697X,TE1A6B2C2D000X,1,1,1,1,1.4,1.4,1.4,1.8,0.0,0.0
0.240321,98,111,381,0,E1A0555B1702C1697X,TE1A6B2C2D000X,1,1,1,1,1.4,1.4,1.4,1.8,0.0,0.0
0.252884,99,111,382,0,E1A0540B1701C1697X,TE1A7B2C2D000X,1,1,1,1,1.4,1.4,1.4,1.8,0.0,0.0
0.265444,99,111,383,0,E1A0528B1699C1697X,TE1A7B2C2D000X,1,1,1,1,1.4,1.4,1.4,1.8,0.0,0.0
0.277948,100,112,385,0,E1A0518B1698C1697X,TE1A7B2C2D000X,1,1,1,1,1.4,1.4,1.4,1.8,0.0,0.0
0.289908,100,111,384,0,E1A0506B1698C1697X,TE1A7B2C2D000X,1,1,1,1,1.4,1.4,1.4,1.8,0.0,0.0
0.301939,100,111,385,0,E1A0494B1698C1697X,TE1A7B2C2D000X,1,1,1,1,1.4,1.4,1.4,1.8,0.0,0.0
0.314762,100,111,385,0,E1A0482B1698C1697X,TE1A7B2C2D000X,1,1,1,1,1.4,1.4,1.4,1.8,0.0,0.0
0.326201,101,110,386,0,E1A0471B1699C1697X,TE1A7B2C2D000X,1,1,1,1,1.4,1.4,1.4,1.8,0.0,0.0
0.338346,101,110,387,0,E1A0462B1700C1697X,TE1A7B2C2D000X,1,1,1,1,1.4,1.4,1.4,1.8,0.0,0.0
0.350714,101,109,387,0,E1A0452B1701C1697X,TE1A7B2C2D000X,1,1,1,1,1.4,1.4,1.4,1.8,0.0,0.0
0.362482,101,107,386,0,E1A0441B1703C1697X,TE1A7B2C2D000X,1,1,1,1,1.4,1.4,1.4,1.8,0.0,0.0
0.376036,101,106,387,0,E1A0434B1706C1697X,TE1A7B2C2D000X,1,1,1,1,1.4,1.4,1.4,1.8,0.0,0.0
0.387691,101,105,388,0,E1A0428B1708C1697X,TE1A7B2C2D000X,1,1,1,1,1.4,1.4,1.4,1.8,0.0,0.0
0.399778,101,104,388,0,E1A0422B1710C1697X,TE1A7B1C2D000X,1,1,1,1,1.4,1.4,1.4,1.8,0.0,0.0
0.412131,101,103,390,0,E1A0419B1712C1697X,TE1A7B1C2D000X,1,1,1,1,1.4,1.4,1.4,1.8,0.0,0.0
0.424209,101,102,391,0,E1A0417B1713C1697X,TE1A7B1C2D000X,1,1,1,1,1.4,1.4,1.4,1.8,0.0,0.0
0.443907,100,101,392,0,E1A0416B1715C1697X,TE1A7B1C2D000X,1,1,1,1,1.4,1.4,1.4,1.8,0.0,0.0
0.468155,99,99,393,0,E1A0417B1717C1697X,TE1A7B1C2D000X,1,1,1,1,1.4,1.4,1.4,1.8,0.0,0.0
0.480304,99,98,393,0,E1A0417B1718C1697X,TE1A7B1C2D000X,1,1,1,1,1.4,1.4,1.4,1.8,0.0,0.0
0.49965,97,96,393,0,E1A0420B1720C1697X,TE1A7B1C2D000X,1,1,1,1,1.4,1.4,1.4,1.8,0.0,0.0
0.511935,97,95,395,0,E1A0423B1722C1697X,TE1A7B1C2D000X,1,1,1,1,1.4,1.4,1.4,1.8,0.0,0.0
0.523956,96,93,396,0,E1A0426B1724C1697X,TE1A7B1C2D000X,1,1,1,1,1.4,1.4,1.4,1.8,0.0,0.0
0.53626,95,92,397,0,E1A0428B1726C1697X,TE1A7B1C2D000X,1,1,1,1,1.4,1.4,1.4,1.8,0.0,0.0
0.548358,94,90,398,0,E1A0432B1728C1697X,TE1A7B1C2D000X,1,1,1,1,1.4,1.4,1.4,1.8,0.0,0.0
0.56832,93,88,400,0,E1A0435B1732C1697X,TE1A7B1C2D000X,1,1,1,1,1.4,1.4,1.4,1.8,0.0,0.0
0.580337,93,86,401,0,E1A0438B1736C1697X,TE1A7B1C2D000X,1,1,1,1,1.4,1.4,1.4,1.8,0.0,0.0
0.599922,92,84,401,0,E1A0441B1741C1697X,TE1A7B1C2D000X,1,1,1,1,1.4,1.4,1.4,1.8,0.0,0.0
0.611984,91,82,402,0,E1A0443B1747C1697X,TE1A7B1C2D000X,1,1,1,1,1.4,1.4,1.4,1.8,0.0,0.0
0.623595,90,79,400,0,E1A0442B1753C1697X,TE1A7B1C2D000X,1,1,1,1,1.4,1.4,1.4,1.8,0.0,0.0
0.635935,89,76,401,0,E1A0444B1759C1697X,TE1A7B1C2D000X,1,1,1,1,1.4,1.4,1.4,1.8,0.0,0.0
0.648307,89,74,402,0,E1A0446B1767C1697X,TE1A7B1C2D000X,1,1,1,1,1.4,1.4,1.4,1.8,0.0,0.0
0.660521,88,71,402,0,E1A0448B1774C1697X,TE1A7B1C2D000X,1,1,1,1,1.4,1.4,1.4,1.8,0.0,0.0
0.672572,88,69,403,0,E1A0451B1782C1697X,TE1A7B1C2D000X,1,1,1,1,1.4,1.4,1.4,1.8,0.0,0.0
0.691882,87,66,405,0,E1A0456B1791C1697X,TE1A7B1C2D000X,1,1,1,1,1.4,1.4,1.4,1.8,0.0,0.0
0.704286,86,63,408,0,E1A0464B1800C1697X,TE1A7B1C2D000X,1,1,1,1,1.4,1.4,1.4,1.8,0.0,0.0
0.716601,86,60,410,0,E1A0472B1809C1697X,TE1A7B1C2D000X,1,1,1,1,1.4,1.4,1.4,1.8,0.0,0.0
0.729074,85,57,412,0,E1A0481B1818C1697X,TE1A7B1C2D000X,1,1,1,1,1.4,1.4,1.4,1.8,0.0,0.0
0.741489,84,54,413,0,E1A0491B1826C1697X,TE1A7B1C2D000X,1,1,1,1,1.4,1.4,1.4,1.8,0.0,0.0
0.760112,82,51,416,0,E1A0506B1835C1697X,TE1A7B1C2D000X,1,1,1,1,1.4,1.4,1.4,1.8,0.0,0.0
0.772553,81,47,418,0,E1A0521B1843C1697X,TE1A7B1C2D000X,1,1,1,1,1.4,1.4,1.4,1.8,0.0,0.0
0.78499,79,44,419,0,E1A0536B1851C1697X,TE1A7B1C2D000X,1,1,1,1,1.4,1.4,1.4,1.8,0.0,0.0
0.797442,77,41,420,0,E1A0550B1858C1697X,TE1A7B1C2D000X,1,1,1,1,1.4,1.4,1.4,1.8,0.0,0.0
0.809778,75,38,422,0,E1A0566B1865C1697X,TE1A7B1C2D000X,1,1,1,1,1.4,1.4,1.4,1.8,0.0,0.0
0.821646,74,35,425,0,E1A0583B1872C1697X,TE1A7B1C2D000X,1,1,1,1,1.4,1.4,1.4,1.8,0.0,0.0
0.834674,72,32,428,0,E1A0601B1878C1697X,TE1A6B1C2D000X,1,1,1,1,1.4,1.4,1.4,1.8,0.0,0.0
0.848488,70,30,430,0,E1A0620B1884C1697X,TE1A6B1C2D000X,1,1,1,1,1.4,1.4,1.4,1.8,0.0,0.0
0.860715,68,27,433,0,E1A0639B1889C1697X,TE1A6B1C2D000X,1,1,1,1,1.4,1.4,1.4,1.8,0.0,0.0
0.872986,66,25,433,0,E1A0655B1894C1697X,TE1A6B1C2D000X,1,1,1,1,1.4,1.4,1.4,1.8,0.0,0.0
0.884756,64,22,435,0,E1A0673B1898C1697X,TE1A6B1C2D000X,1,1,1,1,1.4,1.4,1.4,1.8,0.0,0.0
0.897155,62,20,435,0,E1A0689B1901C1697X,TE1A6B1C2D000X,1,1,1,1,1.4,1.4,1.4,1.8,0.0,0.0
0.909401,60,18,436,0,E1A0707B1904C1697X,TE1A6B1C2D000X,1,1,1,1,1.4,1.4,1.4,1.8,0.0,0.0
0.923743,58,16,437,0,E1A0726B1904C1720X,TE1A6B1C2D000X,1,1,1,1,1.4,1.4,1.4,1.8,0.0,0.0
0.937829,56,14,438,0,E1A0747B1904C1718X,TE1A6B1C1D000X,1,1,1,1,1.4,1.4,1.4,1.8,0.0,0.0
0.950234,54,13,438,0,E1A0767B1904C1716X,TE1A6B1C1D000X,1,1,1,1,1.4,1.4,1.4,1.8,0.0,0.0
0.962451,52,11,439,0,E1A0786B1904C1714X,TE1A6B1C1D000X,1,1,1,1,1.4,1.4,1.4,1.8,0.0,0.0
0.974604,50,9,439,0,E1A0804B1904C1713X,TE1A6B1C1D000X,1,1,1,1,1.4,1.4,1.4,1.8,0.0,0.0
0.986494,48,8,442,0,E1A0826B1904C1712X,TE1A6B1C1D000X,1,1,1,1,1.4,1.4,1.4,1.8,0.0,0.0
0.999063,46,7,443,0,E1A0845B1904C1711X,TE1A5B1C1D000X,1,1,1,1,1.4,1.4,1.4,1.8,0.0,0.0
1.01134,44,5,444,0,E1A0863B1904C1711X,TE1A5B1C1D000X,1,1,1,1,1.4,1.4,1.4,1.8,0.0,0.0
1.02324,42,4,444,0,E1A0879B1904C1710X,TE1A5B1C1D000X,1,1,1,1,1.4,1.4,1.4,1.8,0.0,0.0
1.03602,40,3,445,0,E1A0895B1904C1710X,TE1A5B1C1D000X,1,1,1,1,1.4,1.4,1.4,1.8,0.0,0.0
1.04848,38,2,445,0,E1A0910B1904C1711X,TE1A5B1C1D000X,1,1,1,1,1.4,1.4,1.4,1.8,0.0,0.0
1.06076,36,1,445,0,E1A0925B1904C1711X,TE1A5B1C1D000X,1,1,1,1,1.4,1.4,1.4,1.8,0.0,0.0
1.07318,35,0,446,0,E1A0939B1904C1711X,TE1A5B1C1D000X,1,1,1,1,1.4,1.4,1.4,1.8,0.0,0.0
1.08514,33,0,445,0,E1A0952B1904C1711X,TE1A5B1C1D000X,1,1,1,1,1.4,1.4,1.4,1.8,0.0,0.0
1.0975,31,-1,446,0,E1A0966B1904C1712X,TE1A5B1C1D000X,1,1,1,1,1.4,1.4,1.4,1.8,0.0,0.0
1.11019,30,-1,447,0,E1A0981B1904C1713X,TE1A5B1C1D000X,1,1,1,1,1.4,1.4,1.4,1.8,0.0,0.0
1.12288,28,-2,448,0,E1A0995B1904C1713X,TE1A5B1C1D000X,1,1,1,1,1.4,1.4,1.4,1.8,0.0,0.0
1.13487,26,-3,450,0,E1A1010B1904C1714X,TE1A5B1C1D000X,1,1,1,1,1.4,1.4,1.4,1.8,0.0,0.0
1.1473,25,-3,450,0,E1A1023B1904C1715X,TE1A5B1C1D000X,1,1,1,1,1.4,1.4,1.4,1.8,0.0,0.0
1.16038,23,-4,451,0,E1A1037B1904C1715X,TE1A5B1C1D000X,1,1,1,1,1.4,1.4,1.4,1.8,0.0,0.0
1.17384,21,-5,450,0,E1A1050B1904C1716X,TE1A5B1C1D000X,1,1,1,1,1.4,1.4,1.4,1.8,0.0,0.0
1.20027,19,-6,450,0,E1A1072B1904C1717X,TE1A4B1C1D000X,1,1,1,1,1.4,1.4,1.4,1.8,0.0,0.0
1.21268,16,-8,452,0,E1A1095B1904C1717X,TE1A4B1C1D000X,1,1,1,1,1.4,1.4,1.4,1.8,0.0,0.0
1.22515,14,-9,454,0,E1A1120B1904C1717X,TE1A4B1C1D000X,1,1,1,1,1.4,1.4,1.4,1.8,0.0,0.0
1.23755,12,-10,453,0,E1A1141B1904C1717X,TE1A4B1C1D000X,1,1,1,1,1.4,1.4,1.4,1.8,0.0,0.0
1.25016,10,-12,453,0,E1A1162B1904C1717X,TE1A4B1C1D000X,1,1,1,1,1.4,1.4,1.4,1.8,0.0,0.0
1.26264,8,-13,455,0,E1A1185B1904C1717X,TE1A4B1C1D000X,1,1,1,1,1.4,1.4,1.4,1.8,0.0,0.0
1.27487,6,-14,456,0,E1A1207B1904C1716X,TE1A4B1C1D000X,1,1,1,1,1.4,1.4,1.4,1.8,0.0,0.0
1.28705,4,-15,456,0,E1A1229B1904C1716X,TE1A4B1C1D000X,1,1,1,1,1.4,1.4,1.4,1.8,0.0,0.0
1.29943,2,-17,456,0,E1A1249B1904C1715X,TE1A4B1C1D000X,1,1,1,1,1.4,1.4,1.4,1.8,0.0,0.0
1.31242,0,-18,457,0,E1A1273B1904C1714X,TE1A4B1C1D000X,1,1,1,1,1.4,1.4,1.4,1.8,0.0,0.0
1.32482,-1,-19,457,0,E1A1296B1904C1714X,TE1A4B1C1D000X,1,1,1,1,1.4,1.4,1.4,1.8,0.0,0.0
1.3602,-3,-21,458,0,E1A1327B1904C1712X,TE1A3B1C1D000X,1,1,1,1,1.4,1.4,1.4,1.8,0.0,0.0
1.38027,-6,-23,460,0,E1A1360B1904C1711X,TE1A3B1C1D000X,1,1,1,1,1.4,1.4,1.4,1.8,0.0,0.0
1.39289,-9,-25,460,0,E1A1390B1904C1710X,TE1A3B1C1D000X,1,1,1,1,1.4,1.4,1.4,1.8,0.0,0.0
1.40543,-11,-27,461,0,E1A1420B1904C1709X,TE1A3B1C1D000X,1,1,1,1,1.4,1.4,1.4,1.8,0.0,0.0
1.41733,-13,-28,462,0,E1A1449B1904C1708X,TE1A3B1C1D000X,1,1,1,1,1.4,1.4,1.4,1.8,0.0,0.0
1.42981,-16,-30,463,0,E1A1479B1904C1707X,TE1A3B1C1D000X,1,1,1,1,1.4,1.4,1.4,1.8,0.0,0.0
1.4421,-18,-31,463,0,E1A1503B1904C1706X,TE1A3B1C1D000X,1,1,1,1,1.4,1.4,1.4,1.8,0.0,0.0
1.45461,-20,-33,464,0,E1A1530B1904C1705X,TE1A3B1C1D000X,1,1,1,1,1.4,1.4,1.4,1.8,0.0,0.0
1.46653,-21,-34,466,0,E1A1557B1904C1704X,TE1A2B1C2D000X,1,1,1,1,1.4,1.4,1.4,1.8,0.0,0.0
1.47898,-23,-36,466,0,E1A1582B1904C1702X,TE1A2B1C2D000X,1,1,1,1,1.4,1.4,1.4,1.8,0.0,0.0
1.49096,-25,-37,468,0,E1A1609B1904C1701X,TE1A2B1C2D000X,1,1,1,1,1.4,1.4,1.4,1.8,0.0,0.0
1.50317,-27,-39,469,0,E1A1636B1904C1700X,TE1A2B1C2D000X,1,1,1,1,1.4,1.4,1.4,1.8,0.0,0.0
1.51731,-29,-40,469,0,E1A1660B1904C1699X,TE1A2B1C2D000X,1,1,1,1,1.4,1.4,1.4,1.8,0.0,0.0
1.53143,-31,-41,471,0,E1A1687B1904C1697X,TE1A2B1C2D000X,1,1,1,1,1.4,1.4,1.4,1.8,0.0,0.0
1.56008,-33,-43,469,0,E1A1716B1904C1695X,TE1A2B1C2D000X,1,1,1,1,1.4,1.4,1.4,1.8,0.0,0.0
1.57394,-35,-45,469,0,E1A1746B1904C1693X,TE1A2B1C2D000X,1,1,1,1,1.4,1.4,1.4,1.8,0.0,0.0
1.58793,-37,-47,469,0,E1A1774B1904C1690X,TE1A1B1C2D000X,1,1,1,1,1.4,1.4,1.4,1.8,0.0,0.0
1.60201,-39,-48,470,0,E1A1802B1904C1687X,TE1A1B1C2D000X,1,1,1,1,1.4,1.4,1.4,1.8,0.0,0.0
1.61604,-41,-50,470,0,E1A1827B1904C1684X,TE1A1B1C2D000X,1,1,1,1,1.4,1.4,1.4,1.8,0.0,0.0
1.64013,-43,-52,470,0,E1A1851B1904C1681X,TE1A1B1C2D000X,1,1,1,1,1.4,1.4,1.4,1.8,0.0,0.0
1.65234,-45,-53,470,0,E1A1872B1904C1676X,TE1A1B1C2D000X,1,1,1,1,1.4,1.4,1.4,1.8,0.0,0.0
1.66471,-47,-55,470,0,E1A1888B1904C1668X,TE1A1B1C2D000X,1,1,1,1,1.4,1.4,1.4,1.8,0.0,0.0
1.67677,-49,-56,471,0,E1A1901B1904C1656X,TE1A1B1C2D000X,1,1,1,1,1.4,1.4,1.4,1.8,0.0,0.0
1.69037,-51,-57,471,0,E1A1911B1904C1639X,TE1A1B1C2D000X,1,1,1,1,1.4,1.4,1.4,1.8,0.0,0.0
1.70681,-52,-58,470,0,E1A1920B1904C1620X,TE1A1B1C2D000X,1,1,1,1,1.4,1.4,1.4,1.8,0.0,0.0
1.71933,-54,-59,471,0,E1A1920B1902C1602X,TE1A1B1C2D000X,1,1,1,1,1.4,1.4,1.4,1.8,0.0,0.0
1.7324,-55,-60,469,0,E1A1920B1894C1594X,TE1A1B1C2D000X,1,1,1,1,1.4,1.4,1.4,1.8,0.0,0.0
1.75205,-57,-61,469,0,E1A1920B1885C1585X,TE1A1B1C2D000X,1,1,1,1,1.4,1.4,1.4,1.8,0.0,0.0
1.76492,-58,-62,468,0,E1A1920B1876C1575X,TE1A1B1C2D000X,1,1,1,1,1.4,1.4,1.4,1.8,0.0,0.0
1.78834,-60,-62,468,0,E1A1920B1867C1564X,TE1A1B1C2D000X,1,1,1,1,1.4,1.4,1.4,1.8,0.0,0.0
1.80809,-61,-63,467,0,E1A1920B1859C1554X,TE1A1B1C2D000X,1,1,1,1,1.4,1.4,1.4,1.8,0.0,0.0
1.82261,-63,-64,470,0,E1A1920B1849C1542X,TE1A1B1C2D000X,1,1,1,1,1.4,1.4,1.4,1.8,0.0,0.0
1.83577,-64,-64,469,0,E1A1920B1841C1534X,TE1A1B1C2D000X,1,1,1,1,1.4,1.4,1.4,1.8,0.0,0.0
1.84845,-65,-65,470,0,E1A1920B1833C1524X,TE1A1B1C2D000X,1,1,1,1,1.4,1.4,1.4,1.8,0.0,0.0
1.86822,-66,-65,470,0,E1A1920B1825C1515X,TE1A1B1C2D000X,1,1,1,1,1.4,1.4,1.4,1.8,0.0,0.0
1.88045,-67,-65,470,0,E1A1920B1818C1507X,TE1A1B1C2D000X,1,1,1,1,1.4,1.4,1.4,1.8,0.0,0.0
1.9003,-68,-65,467,0,E1A1920B1812C1501X,TE1A1B1C2D000X,1,1,1,1,1.4,1.4,1.4,1.8,0.0,0.0
1.91253,-69,-65,467,0,E1A1920B1806C1493X,TE1A1B1C2D000X,1,1,1,1,1.4,1.4,1.4,1.8,0.0,0.0
1.92495,-69,-65,467,0,E1A1920B1799C1486X,TE1A1B1C2D000X,1,1,1,1,1.4,1.4,1.4,1.8,0.0,0.0
1.9383,-70,-65,467,0,E1A1920B1793C1479X,TE1A1B1C2D000X,1,1,1,1,1.4,1.4,1.4,1.8,0.0,0.0
1.95034,-70,-65,466,0,E1A1920B1788C1472X,TE1A1B1C3D000X,1,1,1,1,1.4,1.4,1.4,1.8,0.0,0.0
1.96808,-71,-65,466,0,E1A1920B1783C1466X,TE1A1B1C3D000X,1,1,1,1,1.4,1.4,1.4,1.8,0.0,0.0
1.98039,-71,-65,466,0,E1A1920B1778C1460X,TE1A1B1C3D000X,1,1,1,1,1.4,1.4,1.4,1.8,0.0,0.0
1.99279,-72,-65,468,0,E1A1920B1773C1453X,TE1A1B1C3D000X,1,1,1,1,1.4,1.4,1.4,1.8,0.0,0.0
2.00501,-72,-65,468,0,E1A1920B1769C1448X,TE1A1B1C3D000X,1,1,1,1,1.4,1.4,1.4,1.8,0.0,0.0
2.01671,-72,-65,468,0,E1A1920B1766C1443X,TE1A1B1C3D000X,1,1,1,1,1.4,1.4,1.4,1.8,0.0,0.0
2.02922,-72,-64,468,0,E1A1920B1763C1438X,TE1A1B1C3D000X,1,1,1,1,1.4,1.4,1.4,1.8,0.0,0.0
2.04156,-72,-64,470,0,E1A1920B1760C1434X,TE1A1B1C3D000X,1,1,1,1,1.4,1.4,1.4,1.8,0.0,0.0
2.05449,-72,-64,470,0,E1A1920B1758C1430X,TE1A1B1C3D000X,1,1,1,1,1.4,1.4,1.4,1.8,0.0,0.0
2.0679,-71,-64,471,0,E1A1920B1756C1426X,TE1A1B1C3D000X,1,1,1,1,1.4,1.4,1.4,1.8,0.0,0.0
2.08018,-71,-63,470,0,E1A1920B1754C1424X,TE1A1B1C3D000X,1,1,1,1,1.4,1.4,1.4,1.8,0.0,0.0
2.0934,-71,-62,469,0,E1A1920B1753C1422X,TE1A1B1C3D000X,1,1,1,1,1.4,1.4,1.4,1.8,0.0,0.0
2.10505,-70,-62,470,0,E1A1920B1751C1420X,TE1A1B1C3D000X,1,1,1,1,1.4,1.4,1.4,1.8,0.0,0.0
2.1174,-70,-61,470,0,E1A1920B1751C1418X,TE1A1B1C3D000X,1,1,1,1,1.4,1.4,1.4,1.8,0.0,0.0
2.12984,-69,-61,471,0,E1A1920B1750C1417X,TE1A1B1C3D000X,1,1,1,1,1.4,1.4,1.4,1.8,0.0,0.0
2.14356,-69,-60,472,0,E1A1920B1749C1415X,TE1A1B1C3D000X,1,1,1,1,1.4,1.4,1.4,1.8,0.0,0.0
2.15558,-68,-60,473,0,E1A1920B1749C1415X,TE1A1B1C3D000X,1,1,1,1,1.4,1.4,1.4,1.8,0.0,0.0
2.17207,-67,-59,472,0,E1A1920B1749C1416X,TE1A1B1C3D000X,1,1,1,1,1.4,1.4,1.4,1.8,0.0,0.0
2.18441,-67,-58,473,0,E1A1920B1748C1417X,TE1A1B1C3D000X,1,1,1,1,1.4,1.4,1.4,1.8,0.0,0.0
2.19684,-66,-57,472,0,E1A1920B1748C1418X,TE1A1B1C3D000X,1,1,1,1,1.4,1.4,1.4,1.8,0.0,0.0
2.20921,-66,-56,472,0,E1A1920B1748C1420X,TE1A1B1C3D000X,1,1,1,1,1.4,1.4,1.4,1.8,0.0,0.0
2.22108,-65,-55,469,0,E1A1920B1748C1422X,TE1A1B1C3D000X,1,1,1,1,1.4,1.4,1.4,1.8,0.0,0.0
2.23357,-64,-54,470,0,E1A1920B1748C1424X,TE1A1B1C3D000X,1,1,1,1,1.4,1.4,1.4,1.8,0.0,0.0
2.24562,-63,-53,470,0,E1A1920B1747C1427X,TE1A1B1C3D000X,1,1,1,1,1.4,1.4,1.4,1.8,0.0,0.0
2.25793,-63,-51,469,0,E1A1920B1747C1430X,TE1A1B1C3D000X,1,1,1,1,1.4,1.4,1.4,1.8,0.0,0.0
2.2699,-62,-50,468,0,E1A1920B1746C1433X,TE1A1B1C3D000X,1,1,1,1,1.4,1.4,1.4,1.8,0.0,0.0
2.28229,-62,-49,467,0,E1A1920B1746C1436X,TE1A1B1C3D000X,1,1,1,1,1.4,1.4,1.4,1.8,0.0,0.0
2.29454,-61,-48,466,0,E1A1920B1745C1439X,TE1A1B1C3D000X,1,1,1,1,1.4,1.4,1.4,1.8,0.0,0.0
2.30735,-60,-47,465,0,E1A1920B1744C1442X,TE1A1B1C3D000X,1,1,1,1,1.4,1.4,1.4,1.8,0.0,0.0
2.31926,-60,-46,464,0,E1A1920B1743C1445X,TE1A1B1C3D000X,1,1,1,1,1.4,1.4,1.4,1.8,0.0,0.0
2.33155,-59,-45,464,0,E1A1920B1742C1448X,TE1A1B1C3D000X,1,1,1,1,1.4,1.4,1.4,1.8,0.0,0.0
2.3438,-59,-44,464,0,E1A1920B1741C1451X,TE1A1B1C3D000X,1,1,1,1,1.4,1.4,1.4,1.8,0.0,0.0
2.35555,-58,-42,463,0,E1A1920B1740C1454X,TE1A1B1C3D000X,1,1,1,1,1.4,1.4,1.4,1.8,0.0,0.0
2.36782,-58,-41,463,0,E1A1920B1738C1456X,TE1A1B1C3D000X,1,1,1,1,1.4,1.4,1.4,1.8,0.0,0.0
2.38007,-58,-40,462,0,E1A1920B1737C1459X,TE1A1B1C3D000X,1,1,1,1,1.4,1.4,1.4,1.8,0.0,0.0
2.39238,-57,-40,462,0,E1A1920B1736C1461X,TE1A1B1C3D000X,1,1,1,1,1.4,1.4,1.4,1.8,0.0,0.0
2.40496,-57,-39,462,0,E1A1920B1734C1462X,TE1A1B1C3D000X,1,1,1,1,1.4,1.4,1.4,1.8,0.0,0.0
2.41682,-57,-38,462,0,E1A1920B1733C1464X,TE1A1B1C3D000X,1,1,1,1,1.4,1.4,1.4,1.8,0.0,0.0
2.4293,-56,-37,462,0,E1A1920B1731C1465X,TE1A1B1C3D000X,1,1,1,1,1.4,1.4,1.4,1.8,0.0,0.0
2.44151,-56,-37,462,0,E1A1920B1730C1465X,TE1A1B1C3D000X,1,1,1,1,1.4,1.4,1.4,1.8,0.0,0.0
2.45473,-56,-36,462,0,E1A1920B1728C1465X,TE1A1B1C3D000X,1,1,1,1,1.4,1.4,1.4,1.8,0.0,0.0
2.46647,-55,-36,463,0,E1A1920B1727C1465X,TE1A1B1C3D000X,1,1,1,1,1.4,1.4,1.4,1.8,0.0,0.0
2.50041,-55,-35,463,0,E1A1920B1726C1465X,TE1A1B1C3D000X,1,1,1,1,1.4,1.4,1.4,1.8,0.0,0.0
2.51299,-55,-35,463,0,E1A1920B1725C1466X,TE1A1B1C3D000X,1,1,1,1,1.4,1.4,1.4,1.8,0.0,0.0
2.53214,-54,-34,463,0,E1A1920B1725C1467X,TE1A1B1C3D000X,1,1,1,1,1.4,1.4,1.4,1.8,0.0,0.0
2.54474,-54,-34,463,0,E1A1920B1725C1467X,TE1A1B1C3D000X,1,1,1,1,1.4,1.4,1.4,1.8,0.0,0.0
2.55691,-53,-33,464,0,E1A1920B1725C1468X,TE1A1B1C3D000X,1,1,1,1,1.4,1.4,1.4,1.8,0.0,0.0
2.5762,-52,-32,464,0,E1A1920B1725C1469X,TE1A1B1C3D000X,1,1,1,1,1.4,1.4,1.4,1.8,0.0,0.0
2.58849,-52,-32,463,0,E1A1920B1725C1471X,TE1A1B1C3D000X,1,1,1,1,1.4,1.4,1.4,1.8,0.0,0.0
2.61218,-51,-31,464,0,E1A1920B1726C1473X,TE1A1B1C3D000X,1,1,1,1,1.4,1.4,1.4,1.8,0.0,0.0
2.62433,-50,-30,464,0,E1A1920B1727C1476X,TE1A1B1C3D000X,1,1,1,1,1.4,1.4,1.4,1.8,0.0,0.0
2.63672,-50,-29,464,0,E1A1920B1727C1479X,TE1A1B1C3D000X,1,1,1,1,1.4,1.4,1.4,1.8,0.0,0.0
2.65606,-49,-29,465,0,E1A1920B1729C1483X,TE1A1B1C3D000X,1,1,1,1,1.4,1.4,1.4,1.8,0.0,0.0
2.70003,-48,-27,464,0,E1A1920B1731C1491X,TE1A1B1C2D000X,1,1,1,1,1.4,1.4,1.4,1.8,0.0,0.0
2.71245,-46,-26,464,0,E1A1920B1734C1499X,TE1A1B1C2D000X,1,1,1,1,1.4,1.4,1.4,1.8,0.0,0.0
2.72453,-45,-24,461,0,E1A1920B1737C1506X,TE1A1B1C2D000X,1,1,1,1,1.4,1.4,1.4,1.8,0.0,0.0
2.73676,-44,-23,462,0,E1A1920B1740C1513X,TE1A1B1C2D000X,1,1,1,1,1.4,1.4,1.4,1.8,0.0,0.0
2.74917,-43,-22,460,0,E1A1920B1743C1520X,TE1A1B1C2D000X,1,1,1,1,1.4,1.4,1.4,1.8,0.0,0.0
2.7616,-41,-20,460,0,E1A1920B1746C1528X,TE1A1B1C2D000X,1,1,1,1,1.4,1.4,1.4,1.8,0.0,0.0
2.77391,-40,-19,459,0,E1A1920B1748C1535X,TE1A1B1C2D000X,1,1,1,1,1.4,1.4,1.4,1.8,0.0,0.0
2.79247,-39,-18,457,0,E1A1920B1751C1541X,TE1A1B1C2D000X,1,1,1,1,1.4,1.4,1.4,1.8,0.0,0.0
2.80475,-38,-17,455,0,E1A1920B1754C1548X,TE1A1B1C2D000X,1,1,1,1,1.4,1.4,1.4,1.8,0.0,0.0
2.81701,-37,-16,456,0,E1A1920B1756C1554X,TE1A1B1C2D000X,1,1,1,1,1.4,1.4,1.4,1.8,0.0,0.0
2.82939,-36,-15,456,0,E1A1920B1759C1560X,TE1A1B1C2D000X,1,1,1,1,1.4,1.4,1.4,1.8,0.0,0.0
2.84168,-35,-14,455,0,E1A1920B1761C1566X,TE1A1B1C2D000X,1,1,1,1,1.4,1.4,1.4,1.8,0.0,0.0
2.85489,-34,-13,454,0,E1A1920B1764C1571X,TE1A1B1C2D000X,1,1,1,1,1.4,1.4,1.4,1.8,0.0,0.0
2.86691,-33,-12,451,0,E1A1920B1767C1578X,TE1A1B1C2D000X,1,1,1,1,1.4,1.4,1.4,1.8,0.0,0.0
2.87926,-31,-11,449,0,E1A1920B1770C1585X,TE1A1B1C2D000X,1,1,1,1,1.4,1.4,1.4,1.8,0.0,0.0
2.89127,-30,-9,447,0,E1A1920B1773C1591X,TE1A1B1C2D000X,1,1,1,1,1.4,1.4,1.4,1.8,0.0,0.0
2.90355,-29,-8,444,0,E1A1920B1776C1597X,TE1A1B1C2D000X,1,1,1,1,1.4,1.4,1.4,1.8,0.0,0.0
2.91606,-28,-7,441,0,E1A1920B1778C1604X,TE1A1B1C2D000X,1,1,1,1,1.4,1.4,1.4,1.8,0.0,0.0
2.92835,-27,-7,442,0,E1A1920B1780C1610X,TE1A1B1C2D000X,1,1,1,1,1.4,1.4,1.4,1.8,0.0,0.0
2.94049,-26,-6,441,0,E1A1920B1782C1616X,TE1A1B1C2D000X,1,1,1,1,1.4,1.4,1.4,1.8,0.0,0.0
2.95227,-25,-5,442,0,E1A1920B1784C1622X,TE1A1B1C2D000X,1,1,1,1,1.4,1.4,1.4,1.8,0.0,0.0
2.96454,-25,-4,442,0,E1A1920B1786C1628X,TE1A1B1C2D000X,1,1,1,1,1.4,1.4,1.4,1.8,0.0,0.0
2.97697,-24,-3,441,0,E1A1920B1788C1633X,TE1A1B1C2D000X,1,1,1,1,1.4,1.4,1.4,1.8,0.0,0.0
2.98928,-23,-2,439,0,E1A1920B1789C1638X,TE1A1B1C2D000X,1,1,1,1,1.4,1.4,1.4,1.8,0.0,0.0
3.00129,-22,-1,438,0,E1A1920B1791C1643X,TE1A1B1C2D000X,1,1,1,1,1.4,1.4,1.4,1.8,0.0,0.0
3.01388,-21,-1,438,0,E1A1920B1792C1648X,TE1A1B1C2D000X,1,1,1,1,1.4,1.4,1.4,1.8,0.0,0.0
3.02725,-21,0,437,0,E1A1920B1794C1652X,TE1A1B1C2D000X,1,1,1,1,1.4,1.4,1.4,1.8,0.0,0.0
3.03907,-20,0,436,0,E1A1920B1795C1657X,TE1A1B1C2D000X,1,1,1,1,1.4,1.4,1.4,1.8,0.0,0.0
3.0515,-19,0,435,0,E1A1920B1797C1661X,TE1A1B1C2D000X,1,1,1,1,1.4,1.4,1.4,1.8,0.0,0.0
3.06389,-19,1,434,0,E1A1920B1798C1665X,TE1A1B1C2D000X,1,1,1,1,1.4,1.4,1.4,1.8,0.0,0.0
3.07628,-18,1,435,0,E1A1920B1800C1668X,TE1A1B1C2D000X,1,1,1,1,1.4,1.4,1.4,1.8,0.0,0.0
3.08848,-17,2,434,0,E1A1920B1801C1671X,TE1A1B1C2D000X,1,1,1,1,1.4,1.4,1.4,1.8,0.0,0.0
3.10109,-17,2,434,0,E1A1920B1801C1675X,TE1A1B1C2D000X,1,1,1,1,1.4,1.4,1.4,1.8,0.0,0.0
3.11341,-16,2,434,0,E1A1920B1802C1677X,TE1A1B1C2D000X,1,1,1,1,1.4,1.4,1.4,1.8,0.0,0.0
3.13221,-16,3,433,0,E1A1920B1802C1681X,TE1A1B1C2D000X,1,1,1,1,1.4,1.4,1.4,1.8,0.0,0.0
3.1447,-15,3,434,0,E1A1920B1802C1683X,TE1A1B1C2D000X,1,1,1,1,1.4,1.4,1.4,1.8,0.0,0.0
3.16392,-15,4,434,0,E1A1920B1801C1686X,TE1A1B1C2D000X,1,1,1,1,1.4,1.4,1.4,1.8,0.0,0.0
3.17623,-15,4,433,0,E1A1920B1800C1688X,TE1A1B1C2D000X,1,1,1,1,1.4,1.4,1.4,1.8,0.0,0.0
3.20046,-14,5,434,0,E1A1920B1799C1690X,TE1A1B1C2D000X,1,1,1,1,1.4,1.4,1.4,1.8,0.0,0.0
3.22043,-14,5,434,0,E1A1920B1797C1692X,TE1A1B1C2D000X,1,1,1,1,1.4,1.4,1.4,1.8,0.0,0.0
3.23258,-14,5,434,0,E1A1920B1795C1694X,TE1A1B1C2D000X,1,1,1,1,1.4,1.4,1.4,1.8,0.0,0.0
3.24519,-14,5,434,0,E1A1920B1793C1695X,TE1A1B1C2D000X,1,1,1,1,1.4,1.4,1.4,1.8,0.0,0.0
3.25766,-14,6,435,0,E1A1920B1790C1696X,TE1A1B1C2D000X,1,1,1,1,1.4,1.4,1.4,1.8,0.0,0.0
3.27631,-14,6,435,0,E1A1920B1788C1696X,TE1A1B1C2D000X,1,1,1,1,1.4,1.4,1.4,1.8,0.0,0.0
3.30032,-14,6,435,0,E1A1920B1785C1696X,TE1A1B1C2D000X,1,1,1,1,1.4,1.4,1.4,1.8,0.0,0.0
3.31263,-14,6,435,0,E1A1920B1782C1695X,TE1A1B1C2D000X,1,1,1,1,1.4,1.4,1.4,1.8,0.0,0.0
3.32469,-14,6,434,0,E1A1920B1779C1695X,TE1A1B1C2D000X,1,1,1,1,1.4,1.4,1.4,1.8,0.0,0.0
3.33704,-15,6,434,0,E1A1920B1776C1694X,TE1A1B1C2D000X,1,1,1,1,1.4,1.4,1.4,1.8,0.0,0.0
3.34937,-15,6,434,0,E1A1920B1773C1693X,TE1A1B1C2D000X,1,1,1,1,1.4,1.4,1.4,1.8,0.0,0.0
3.36161,-15,6,435,0,E1A1920B1770C1691X,TE1A1B1C2D000X,1,1,1,1,1.4,1.4,1.4,1.8,0.0,0.0
3.38062,-16,6,435,0,E1A1920B1766C1690X,TE1A1B1C2D000X,1,1,1,1,1.4,1.4,1.4,1.8,0.0,0.0
3.39294,-16,5,434,0,E1A1920B1764C1689X,TE1A1B1C2D000X,1,1,1,1,1.4,1.4,1.4,1.8,0.0,0.0
3.40504,-16,5,436,0,E1A1920B1761C1687X,TE1A1B1C2D000X,1,1,1,1,1.4,1.4,1.4,1.8,0.0,0.0
3.41677,-17,5,436,0,E1A1920B1759C1686X,TE1A1B1C2D000X,1,1,1,1,1.4,1.4,1.4,1.8,0.0,0.0
3.4289,-17,5,436,0,E1A1920B1757C1684X,TE1A1B1C2D000X,1,1,1,1,1.4,1.4,1.4,1.8,0.0,0.0
3.44844,-17,5,436,0,E1A1920B1754C1682X,TE1A1B1C2D000X,1,1,1,1,1.4,1.4,1.4,1.8,0.0,0.0
3.48023,-17,5,436,0,E1A1920B1753C1681X,TE1A1B1C2D000X,1,1,1,1,1.4,1.4,1.4,1.8,0.0,0.0
3.49269,-18,4,437,0,E1A1920B1751C1679X,TE1A1B1C2D000X,1,1,1,1,1.4,1.4,1.4,1.8,0.0,0.0
3.50506,-18,4,437,0,E1A1920B1749C1678X,TE1A1B1C2D000X,1,1,1,1,1.4,1.4,1.4,1.8,0.0,0.0
3.51727,-18,4,437,0,E1A1920B1747C1677X,TE1A1B1C2D000X,1,1,1,1,1.4,1.4,1.4,1.8,0.0,0.0
3.52954,-18,4,436,0,E1A1920B1745C1675X,TE1A1B1C2D000X,1,1,1,1,1.4,1.4,1.4,1.8,0.0,0.0
3.54182,-18,4,436,0,E1A1920B1743C1674X,TE1A1B1C2D000X,1,1,1,1,1.4,1.4,1.4,1.8,0.0,0.0
3.55366,-18,4,436,0,E1A1920B1741C1672X,TE1A1B1C2D000X,1,1,1,1,1.4,1.4,1.4,1.8,0.0,0.0
3.56613,-19,3,435,0,E1A1920B1739C1671X,TE1A1B1C2D000X,1,1,1,1,1.4,1.4,1.4,1.8,0.0,0.0
3.57854,-19,3,435,0,E1A1920B1737C1671X,TE1A1B1C2D000X,1,1,1,1,1.4,1.4,1.4,1.8,0.0,0.0
3.59075,-19,3,435,0,E1A1920B1734C1670X,TE1A1B1C2D000X,1,1,1,1,1.4,1.4,1.4,1.8,0.0,0.0
3.60269,-19,3,437,0,E1A1920B1732C1669X,TE1A1B1C2D000X,1,1,1,1,1.4,1.4,1.4,1.8,0.0,0.0
3.61645,-19,4,437,0,E1A1920B1728C1669X,TE1A1B1C2D000X,1,1,1,1,1.4,1.4,1.4,1.8,0.0,0.0
3.62901,-20,4,439,0,E1A1920B1725C1668X,TE1A1B1C2D000X,1,1,1,1,1.4,1.4,1.4,1.8,0.0,0.0
3.64142,-20,4,439,0,E1A1920B1721C1668X,TE1A1B1C2D000X,1,1,1,1,1.4,1.4,1.4,1.8,0.0,0.0
3.6533,-20,4,437,0,E1A1920B1718C1668X,TE1A1B1C2D000X,1,1,1,1,1.4,1.4,1.4,1.8,0.0,0.0
3.66587,-20,4,437,0,E1A1920B1714C1668X,TE1A1B1C2D000X,1,1,1,1,1.4,1.4,1.4,1.8,0.0,0.0
3.67796,-20,4,438,0,E1A1920B1710C1668X,TE1A1B1C2D000X,1,1,1,1,1.4,1.4,1.4,1.8,0.0,0.0
3.68976,-20,5,438,0,E1A1920B1707C1668X,TE1A1B1C2D000X,1,1,1,1,1.4,1.4,1.4,1.8,0.0,0.0
3.70224,-20,5,437,0,E1A1920B1702C1669X,TE1A1B1C2D000X,1,1,1,1,1.4,1.4,1.4,1.8,0.0,0.0
3.71624,-21,5,437,0,E1A1920B1698C1669X,TE1A1B2C2D000X,1,1,1,1,1.4,1.4,1.4,1.8,0.0,0.0
3.72811,-21,5,437,0,E1A1920B1695C1669X,TE1A1B2C2D000X,1,1,1,1,1.4,1.4,1.4,1.8,0.0,0.0
3.75223,-21,5,437,0,E1A1920B1691C1669X,TE1A1B2C2D000X,1,1,1,1,1.4,1.4,1.4,1.8,0.0,0.0
3.76451,-21,5,437,0,E1A1920B1689C1668X,TE1A1B2C2D000X,1,1,1,1,1.4,1.4,1.4,1.8,0.0,0.0
3.7764,-21,5,437,0,E1A1920B1686C1668X,TE1A1B2C2D000X,1,1,1,1,1.4,1.4,1.4,1.8,0.0,0.0
3.78875,-21,5,437,0,E1A1920B1683C1668X,TE1A1B2C2D000X,1,1,1,1,1.4,1.4,1.4,1.8,0.0,0.0
3.80061,-21,5,439,0,E1A1920B1682C1668X,TE1A1B2C2D000X,1,1,1,1,1.4,1.4,1.4,1.8,0.0,0.0
3.81317,-21,5,439,0,E1A1920B1680C1668X,TE1A1B2C2D000X,1,1,1,1,1.4,1.4,1.4,1.8,0.0,0.0
3.82538,-21,5,439,0,E1A1920B1678C1667X,TE1A1B2C2D000X,1,1,1,1,1.4,1.4,1.4,1.8,0.0,0.0
3.84455,-21,5,439,0,E1A1920B1676C1667X,TE1A1B2C2D000X,1,1,1,1,1.4,1.4,1.4,1.8,0.0,0.0
3.86451,-21,5,439,0,E1A1920B1674C1666X,TE1A1B2C2D000X,1,1,1,1,1.4,1.4,1.4,1.8,0.0,0.0
3.87701,-21,5,439,0,E1A1920B1672C1665X,TE1A1B2C2D000X,1,1,1,1,1.4,1.4,1.4,1.8,0.0,0.0
3.88953,-21,5,440,0,E1A1920B1671C1665X,TE1A1B2C2D000X,1,1,1,1,1.4,1.4,1.4,1.8,0.0,0.0
3.93224,-22,5,440,0,E1A1920B1669C1664X,TE1A1B2C2D000X,1,1,1,1,1.4,1.4,1.4,1.8,0.0,0.0
3.94472,-22,5,440,0,E1A1920B1667C1663X,TE1A1B2C2D000X,1,1,1,1,1.4,1.4,1.4,1.8,0.0,0.0
3.96839,-22,5,440,0,E1A1920B1666C1663X,TE1A1B2C2D000X,1,1,1,1,1.4,1.4,1.4,1.8,0.0,0.0
3.98083,-22,5,441,0,E1A1920B1664C1662X,TE1A1B2C2D000X,1,1,1,1,1.4,1.4,1.4,1.8,0.0,0.0
3.99302,-22,5,442,0,E1A1920B1663C1662X,TE1A1B2C2D000X,1,1,1,1,1.4,1.4,1.4,1.8,0.0,0.0
4.00536,-22,5,442,0,E1A1920B1661C1661X,TE1A1B2C2D000X,1,1,1,1,1.4,1.4,1.4,1.8,0.0,0.0
4.02455,-22,5,442,0,E1A1920B1660C1660X,TE1A1B2C2D000X,1,1,1,1,1.4,1.4,1.4,1.8,0.0,0.0
4.04438,-22,5,441,0,E1A1920B1658C1660X,TE1A1B2C2D000X,1,1,1,1,1.4,1.4,1.4,1.8,0.0,0.0
4.05685,-22,5,441,0,E1A1920B1657C1659X,TE1A1B2C2D000X,1,1,1,1,1.4,1.4,1.4,1.8,0.0,0.0
4.06924,-22,4,441,0,E1A1920B1656C1658X,TE1A1B2C2D000X,1,1,1,1,1.4,1.4,1.4,1.8,0.0,0.0
4.0925,-22,4,441,0,E1A1920B1655C1657X,TE1A1B2C2D000X,1,1,1,1,1.4,1.4,1.4,1.8,0.0,0.0
4.10488,-22,4,440,0,E1A1920B1653C1657X,TE1A1B2C2D000X,1,1,1,1,1.4,1.4,1.4,1.8,0.0,0.0
4.12425,-22,4,440,0,E1A1920B1652C1656X,TE1A1B2C2D000X,1,1,1,1,1.4,1.4,1.4,1.8,0.0,0.0
4.1366,-22,4,442,0,E1A1920B1652C1655X,TE1A1B2C2D000X,1,1,1,1,1.4,1.4,1.4,1.8,0.0,0.0
4.14871,-22,4,441,0,E1A1920B1651C1654X,TE1A1B2C2D000X,1,1,1,1,1.4,1.4,1.4,1.8,0.0,0.0
4.16097,-22,4,441,0,E1A1920B1650C1654X,TE1A1B2C2D000X,1,1,1,1,1.4,1.4,1.4,1.8,0.0,0.0
4.17332,-22,4,441,0,E1A1920B1649C1653X,TE1A1B2C2D000X,1,1,1,1,1.4,1.4,1.4,1.8,0.0,0.0
4.18579,-22,3,440,0,E1A1920B1648C1652X,TE1A1B2C2D000X,1,1,1,1,1.4,1.4,1.4,1.8,0.0,0.0
4.1982,-22,3,441,0,E1A1920B1648C1651X,TE1A1B2C2D000X,1,1,1,1,1.4,1.4,1.4,1.8,0.0,0.0
4.21059,-21,3,441,0,E1A1920B1647C1650X,TE1A1B2C2D000X,1,1,1,1,1.4,1.4,1.4,1.8,0.0,0.0
4.22236,-21,3,441,0,E1A1920B1647C1649X,TE1A1B2C2D000X,1,1,1,1,1.4,1.4,1.4,1.8,0.0,0.0
4.23472,-21,3,440,0,E1A1920B1646C1648X,TE1A1B2C2D000X,1,1,1,1,1.4,1.4,1.4,1.8,0.0,0.0
4.24836,-21,3,440,0,E1A1920B1646C1648X,TE1A1B2C2D000X,1,1,1,1,1.4,1.4,1.4,1.8,0.0,0.0
4.26073,-21,3,440,0,E1A1920B1645C1647X,TE1A1B2C2D000X,1,1,1,1,1.4,1.4,1.4,1.8,0.0,0.0
4.27301,-21,2,439,0,E1A1920B1645C1646X,TE1A1B2C2D000X,1,1,1,1,1.4,1.4,1.4,1.8,0.0,0.0
4.28488,-21,2,439,0,E1A1920B1644C1646X,TE1A1B2C2D000X,1,1,1,1,1.4,1.4,1.4,1.8,0.0,0.0
4.2973,-21,2,439,0,E1A1920B1643C1645X,TE1A1B2C2D000X,1,1,1,1,1.4,1.4,1.4,1.8,0.0,0.0
4.30951,-21,2,439,0,E1A1920B1642C1644X,TE1A1B2C2D000X,1,1,1,1,1.4,1.4,1.4,1.8,0.0,0.0
4.32182,-21,2,439,0,E1A1920B1640C1644X,TE1A1B2C2D000X,1,1,1,1,1.4,1.4,1.4,1.8,0.0,0.0
4.3336,-21,2,438,0,E1A1920B1639C1643X,TE1A1B2C2D000X,1,1,1,1,1.4,1.4,1.4,1.8,0.0,0.0
4.34615,-21,2,438,0,E1A1920B1638C1643X,TE1A1B2C2D000X,1,1,1,1,1.4,1.4,1.4,1.8,0.0,0.0
4.35807,-21,2,438,0,E1A1920B1636C1642X,TE1A1B2C2D000X,1,1,1,1,1.4,1.4,1.4,1.8,0.0,0.0
4.37054,-21,2,438,0,E1A1920B1635C1642X,TE1A1B2C2D000X,1,1,1,1,1.4,1.4,1.4,1.8,0.0,0.0
4.38287,-21,2,438,0,E1A1920B1633C1641X,TE1A1B2C2D000X,1,1,1,1,1.4,1.4,1.4,1.8,0.0,0.0
4.39511,-21,2,438,0,E1A1920B1631C1640X,TE1A1B2C2D000X,1,1,1,1,1.4,1.4,1.4,1.8,0.0,0.0
4.40722,-21,2,438,0,E1A1920B1629C1640X,TE1A1B2C2D000X,1,1,1,1,1.4,1.4,1.4,1.8,0.0,0.0
4.41898,-21,2,438,0,E1A1920B1628C1639X,TE1A1B2C2D000X,1,1,1,1,1.4,1.4,1.4,1.8,0.0,0.0
4.43132,-21,2,438,0,E1A1920B1626C1639X,TE1A1B2C2D000X,1,1,1,1,1.4,1.4,1.4,1.8,0.0,0.0
4.44373,-21,2,439,0,E1A1920B1624C1638X,TE1A1B2C2D000X,1,1,1,1,1.4,1.4,1.4,1.8,0.0,0.0
4.45608,-21,2,440,0,E1A1920B1622C1638X,TE1A1B2C2D000X,1,1,1,1,1.4,1.4,1.4,1.8,0.0,0.0
4.46794,-21,2,440,0,E1A1920B1620C1637X,TE1A1B2C2D000X,1,1,1,1,1.4,1.4,1.4,1.8,0.0,0.0
4.48027,-21,2,440,0,E1A1920B1618C1636X,TE1A1B2C2D000X,1,1,1,1,1.4,1.4,1.4,1.8,0.0,0.0
4.4923,-22,2,441,0,E1A1920B1616C1636X,TE1A1B2C2D000X,1,1,1,1,1.4,1.4,1.4,1.8,0.0,0.0
4.50462,-22,2,442,0,E1A1920B1615C1635X,TE1A1B2C2D000X,1,1,1,1,1.4,1.4,1.4,1.8,0.0,0.0
4.51665,-22,2,442,0,E1A1920B1612C1635X,TE1A1B2C2D000X,1,1,1,1,1.4,1.4,1.4,1.8,0.0,0.0
4.52899,-22,2,441,0,E1A1920B1610C1634X,TE1A1B2C2D000X,1,1,1,1,1.4,1.4,1.4,1.8,0.0,0.0
4.54118,-22,2,442,0,E1A1920B1609C1634X,TE1A1B2C2D000X,1,1,1,1,1.4,1.4,1.4,1.8,0.0,0.0
4.56396,-22,2,443,0,E1A1920B1607C1633X,TE1A1B2C2D000X,1,1,1,1,1.4,1.4,1.4,1.8,0.0,0.0
4.58837,-22,2,444,0,E1A1920B1606C1633X,TE1A1B2C2D000X,1,1,1,1,1.4,1.4,1.4,1.8,0.0,0.0
4.60826,-22,2,443,0,E1A1920B1603C1632X,TE1A1B2C2D000X,1,1,1,1,1.4,1.4,1.4,1.8,0.0,0.0
4.62059,-22,2,443,0,E1A1920B1601C1632X,TE1A1B2C2D000X,1,1,1,1,1.4,1.4,1.4,1.8,0.0,0.0
4.6332,-22,2,442,0,E1A1920B1598C1631X,TE1A1B2C2D000X,1,1,1,1,1.4,1.4,1.4,1.8,0.0,0.0
4.64547,-22,2,443,0,E1A1920B1595C1631X,TE1A1B2C2D000X,1,1,1,1,1.4,1.4,1.4,1.8,0.0,0.0
4.65784,-22,2,441,0,E1A1920B1592C1630X,TE1A1B2C2D000X,1,1,1,1,1.4,1.4,1.4,1.8,0.0,0.0
4.67606,-22,2,441,0,E1A1920B1589C1630X,TE1A1B2C2D000X,1,1,1,1,1.4,1.4,1.4,1.8,0.0,0.0
4.68843,-22,3,440,0,E1A1920B1586C1630X,TE1A1B2C2D000X,1,1,1,1,1.4,1.4,1.4,1.8,0.0,0.0
4.70092,-22,3,440,0,E1A1920B1584C1630X,TE1A1B2C2D000X,1,1,1,1,1.4,1.4,1.4,1.8,0.0,0.0
4.71311,-22,3,441,0,E1A1920B1582C1630X,TE1A1B2C2D000X,1,1,1,1,1.4,1.4,1.4,1.8,0.0,0.0
4.72709,-22,3,442,0,E1A1920B1580C1631X,TE1A1B2C2D000X,1,1,1,1,1.4,1.4,1.4,1.8,0.0,0.0
4.73943,-22,3,442,1,E1A1920B1578C1631X,TE1A1B2C2D000X,1,1,1,1,1.4,1.4,1.4,1.8,0.0,0.0
