timestamp,errXmm,errYmm,errZmm,TouchDetected,OutgoingPacket,IncomingPacket,Serial0Enabled,Serial0Open,Serial1Enabled,Serial1Open,kpx,kpy,kix,kiy,kdx,kdy
0.00113765,77,61,405,0,E1A0102B1682C1721X,TE1A9B2C1D000X,1,1,1,1,1.4,1.4,1.4,1.8,0.0,0.0
0.0136464,75,61,402,0,E1A1000B1870C1721X,TE1A9B2C1D000X,1,1,1,1,1.4,1.4,1.4,1.8,0.0,0.0
0.0266123,75,61,401,0,E1A0993B1869C1721X,TE1A5B1C1D000X,1,1,1,1,1.4,1.4,1.4,1.8,0.0,0.0
0.0392259,75,61,401,0,E1A0993B1869C1721X,TE1A5B1C1D000X,1,1,1,1,1.4,1.4,1.4,1.8,0.0,0.0
0.0503653,75,61,402,0,E1A0987B1866C1721X,TE1A5B1C1D000X,1,1,1,1,1.4,1.4,1.4,1.8,0.0,0.0
0.0716514,75,61,402,0,E1A0982B1866C1721X,TE1A5B1C1D000X,1,1,1,1,1.4,1.4,1.4,1.8,0.0,0.0
0.0846193,75,61,402,0,E1A0982B1866C1721X,TE1A5B1C1D000X,1,1,1,1,1.4,1.4,1.4,1.8,0.0,0.0
0.0973768,-152,101,402,0,E1A0982B0260C1702X,TE1A5B1C1D000X,1,1,1,1,1.4,1.4,1.4,1.8,0.0,0.0
0.110655,-153,101,402,0,E1A0982B0253C1702X,TE1A5B8C2D000X,1,1,1,1,1.4,1.4,1.4,1.8,0.0,0.0
0.122128,-153,102,402,0,E1A0982B0233C1703X,TE1A5B8C2D000X,1,1,1,1,1.4,1.4,1.4,1.8,0.0,0.0
0.134251,-153,102,402,0,E1A0982B0220C1704X,TE1A5B8C2D000X,1,1,1,1,1.4,1.4,1.4,1.8,0.0,0.0
0.149283,-153,102,402,0,E1A0982B0220C1704X,TE1A5B8C2D000X,1,1,1,1,1.4,1.4,1.4,1.8,0.0,0.0
0.160718,-160,101,397,0,E1A0982B0169C1685X,TE1A5B8C2D000X,1,1,1,1,1.4,1.4,1.4,1.8,0.0,0.0
0.172013,-165,98,393,0,E1A0982B0147C1663X,TE1A5B8C2D000X,1,1,1,1,1.4,1.4,1.4,1.8,0.0,0.0
0.182999,-171,96,393,0,E1A0982B0122C1643X,TE1A5B8C2D000X,1,1,1,1,1.4,1.4,1.4,1.8,0.0,0.0
0.194379,-174,94,394,0,E1A0982B0108C1631X,TE1A5B8C2D000X,1,1,1,1,1.4,1.4,1.4,1.8,0.0,0.0
0.205364,-176,93,393,0,E1A0982B0093C1623X,TE1A5B9C2D000X,1,1,1,1,1.4,1.4,1.4,1.8,0.0,0.0
0.21698,-178,93,395,0,E1A0982B0078C1619X,TE1A5B9C2D000X,1,1,1,1,1.4,1.4,1.4,1.8,0.0,0.0
0.227851,-179,94,396,0,E1A0982B0062C1617X,TE1A5B9C2D000X,1,1,1,1,1.4,1.4,1.4,1.8,0.0,0.0
0.239265,-180,94,396,0,E1A0982B0044C1617X,TE1A5B9C2D000X,1,1,1,1,1.4,1.4,1.4,1.8,0.0,0.0
0.250986,-180,94,396,0,E1A0982B0027C1619X,TE1A5B9C2D000X,1,1,1,1,1.4,1.4,1.4,1.8,0.0,0.0
0.262273,-179,95,395,0,E1A0982B0009C1622X,TE1A5B9C2D000X,1,1,1,1,1.4,1.4,1.4,1.8,0.0,0.0
0.273308,-178,96,394,0,E1A0982B0004C1627X,TE1A5B9C2D000X,1,1,1,1,1.4,1.4,1.4,1.8,0.0,0.0
0.292877,-177,97,394,0,E1A0982B0004C1633X,TE1A5B9C2D000X,1,1,1,1,1.4,1.4,1.4,1.8,0.0,0.0
0.304912,-177,99,394,0,E1A0982B0004C1640X,TE1A5B9C2D000X,1,1,1,1,1.4,1.4,1.4,1.8,0.0,0.0
0.317001,-176,100,394,0,E1A0982B0004C1648X,TE1A5B9C2D000X,1,1,1,1,1.4,1.4,1.4,1.8,0.0,0.0
0.328945,-174,101,393,0,E1A0982B0004C1656X,TE1A5B9C2D000X,1,1,1,1,1.4,1.4,1.4,1.8,0.0,0.0
0.340804,-173,103,392,0,E1A0982B0004C1665X,TE1A5B9C2D000X,1,1,1,1,1.4,1.4,1.4,1.8,0.0,0.0
0.352984,-171,104,392,0,E1A0982B0004C1674X,TE1A5B9C2D000X,1,1,1,1,1.4,1.4,1.4,1.8,0.0,0.0
0.364214,-169,105,392,0,E1A0982B0004C1683X,TE1A5B9C2D000X,1,1,1,1,1.4,1.4,1.4,1.8,0.0,0.0
0.374935,-168,107,392,0,E1A0982B0004C1691X,TE1A5B9C2D000X,1,1,1,1,1.4,1.4,1.4,1.8,0.0,0.0
0.396659,-165,108,391,0,E1A0982B0004C1703X,TE1A5B9C2D000X,1,1,1,1,1.4,1.4,1.4,1.8,0.0,0.0
0.408725,-162,109,391,0,E1A0982B0004C1715X,TE1A5B9C2D000X,1,1,1,1,1.4,1.4,1.4,1.8,0.0,0.0
0.419731,-159,111,391,0,E1A1918B0004C1715X,TE1A5B9C2D000X,1,1,1,1,1.4,1.4,1.4,1.8,0.0,0.0
0.43084,-155,112,391,0,E1A1903B0004C1715X,TE1A1B9C1D000X,1,1,1,1,1.4,1.4,1.4,1.8,0.0,0.0
0.441477,-151,114,390,0,E1A1888B0004C1715X,TE1A1B9C1D000X,1,1,1,1,1.4,1.4,1.4,1.8,0.0,0.0
0.452802,-147,115,388,0,E1A1871B0004C1715X,TE1A1B9C1D000X,1,1,1,1,1.4,1.4,1.4,1.8,0.0,0.0
0.464556,-143,115,387,0,E1A1858B0004C1715X,TE1A1B9C1D000X,1,1,1,1,1.4,1.4,1.4,1.8,0.0,0.0
0.476885,-141,115,387,0,E1A1851B0004C1715X,TE1A1B9C1D000X,1,1,1,1,1.4,1.4,1.4,1.8,0.0,0.0
0.487284,-140,115,388,0,E1A1847B0004C1715X,TE1A1B9C1D000X,1,1,1,1,1.4,1.4,1.4,1.8,0.0,0.0
0.499711,-140,115,388,0,E1A1847B0004C1715X,TE1A1B9C1D000X,1,1,1,1,1.4,1.4,1.4,1.8,0.0,0.0
0.521187,-140,115,388,0,E1A1847B0004C1715X,TE1A1B9C1D000X,1,1,1,1,1.4,1.4,1.4,1.8,0.0,0.0
0.532886,-138,113,385,0,E1A1844B0004C1715X,TE1A1B9C1D000X,1,1,1,1,1.4,1.4,1.4,1.8,0.0,0.0
0.544776,-136,113,386,0,E1A1840B0004C1715X,TE1A1B9C1D000X,1,1,1,1,1.4,1.4,1.4,1.8,0.0,0.0
0.555715,-134,112,386,0,E1A1835B0004C1715X,TE1A1B9C1D000X,1,1,1,1,1.4,1.4,1.4,1.8,0.0,0.0
0.567384,-132,112,388,0,E1A1829B0004C1715X,TE1A1B9C1D000X,1,1,1,1,1.4,1.4,1.4,1.8,0.0,0.0
0.578722,-130,112,389,0,E1A1821B0004C1715X,TE1A1B9C1D000X,1,1,1,1,1.4,1.4,1.4,1.8,0.0,0.0
0.601185,-126,112,390,0,E1A1812B0004C1715X,TE1A1B9C1D000X,1,1,1,1,1.4,1.4,1.4,1.8,0.0,0.0
0.612584,-123,111,391,0,E1A1801B0004C1715X,TE1A1B9C1D000X,1,1,1,1,1.4,1.4,1.4,1.8,0.0,0.0
0.633154,-119,111,393,0,E1A1789B0004C1715X,TE1A1B9C1D000X,1,1,1,1,1.4,1.4,1.4,1.8,0.0,0.0
0.645302,-115,112,397,0,E1A1776B0008C1715X,TE1A1B9C1D000X,1,1,1,1,1.4,1.4,1.4,1.8,0.0,0.0
0.657341,-111,111,399,0,E1A1763B0021C1715X,TE1A1B9C1D000X,1,1,1,1,1.4,1.4,1.4,1.8,0.0,0.0
0.689416,-105,110,400,0,E1A1748B0035C1715X,TE1A1B9C1D000X,1,1,1,1,1.4,1.4,1.4,1.8,0.0,0.0
0.701111,-100,109,401,0,E1A1735B0059C1715X,TE1A1B9C1D000X,1,1,1,1,1.4,1.4,1.4,1.8,0.0,0.0
0.713168,-95,108,402,0,E1A1723B0092C1715X,TE1A1B9C1D000X,1,1,1,1,1.4,1.4,1.4,1.8,0.0,0.0
0.725228,-90,107,404,0,E1A1711B0125C1715X,TE1A1B9C1D000X,1,1,1,1,1.4,1.4,1.4,1.8,0.0,0.0
0.737157,-85,106,406,0,E1A1700B0158C1715X,TE1A1B8C1D000X,1,1,1,1,1.4,1.4,1.4,1.8,0.0,0.0
0.757254,-80,104,406,0,E1A1689B0191C1715X,TE1A2B8C1D000X,1,1,1,1,1.4,1.4,1.4,1.8,0.0,0.0
0.7693,-75,103,407,0,E1A1677B0224C1715X,TE1A2B8C1D000X,1,1,1,1,1.4,1.4,1.4,1.8,0.0,0.0
0.781168,-70,101,408,0,E1A1667B0257C1715X,TE1A2B8C1D000X,1,1,1,1,1.4,1.4,1.4,1.8,0.0,0.0
0.793453,-65,100,409,0,E1A1656B0289C1715X,TE1A2B8C1D000X,1,1,1,1,1.4,1.4,1.4,1.8,0.0,0.0
0.805362,-61,98,410,0,E1A1646B0318C1715X,TE1A2B8C1D000X,1,1,1,1,1.4,1.4,1.4,1.8,0.0,0.0
0.817696,-56,97,411,0,E1A1636B0348C1715X,TE1A2B8C1D000X,1,1,1,1,1.4,1.4,1.4,1.8,0.0,0.0
0.829247,-52,95,412,0,E1A1627B0376C1715X,TE1A2B7C1D000X,1,1,1,1,1.4,1.4,1.4,1.8,0.0,0.0
0.841272,-48,94,413,0,E1A1617B0404C1715X,TE1A2B7C1D000X,1,1,1,1,1.4,1.4,1.4,1.8,0.0,0.0
0.853762,-44,93,413,0,E1A1608B0431C1715X,TE1A2B7C1D000X,1,1,1,1,1.4,1.4,1.4,1.8,0.0,0.0
0.865662,-40,91,415,0,E1A1598B0458C1715X,TE1A2B7C1D000X,1,1,1,1,1.4,1.4,1.4,1.8,0.0,0.0
0.881245,-36,90,415,0,E1A1588B0485C1715X,TE1A2B7C1D000X,1,1,1,1,1.4,1.4,1.4,1.8,0.0,0.0
0.89311,-32,89,416,0,E1A1578B0515C1715X,TE1A2B7C1D000X,1,1,1,1,1.4,1.4,1.4,1.8,0.0,0.0
0.917168,-27,87,417,0,E1A1567B0545C1715X,TE1A2B7C1D000X,1,1,1,1,1.4,1.4,1.4,1.8,0.0,0.0
0.929132,-23,86,418,0,E1A1556B0576C1715X,TE1A2B7C1D000X,1,1,1,1,1.4,1.4,1.4,1.8,0.0,0.0
0.940999,-19,85,419,0,E1A1545B0605C1715X,TE1A2B6C1D000X,1,1,1,1,1.4,1.4,1.4,1.8,0.0,0.0
0.952924,-15,83,420,0,E1A1534B0633C1715X,TE1A2B6C1D000X,1,1,1,1,1.4,1.4,1.4,1.8,0.0,0.0
0.973706,-10,82,421,0,E1A1522B0664C1715X,TE1A2B6C1D000X,1,1,1,1,1.4,1.4,1.4,1.8,0.0,0.0
0.985795,-6,81,421,0,E1A1510B0694C1715X,TE1A2B6C1D000X,1,1,1,1,1.4,1.4,1.4,1.8,0.0,0.0
0.997519,-2,79,422,0,E1A1497B0723C1715X,TE1A2B6C1D000X,1,1,1,1,1.4,1.4,1.4,1.8,0.0,0.0
1.00968,2,78,422,0,E1A1483B0752C1715X,TE1A2B6C1D000X,1,1,1,1,1.4,1.4,1.4,1.8,0.0,0.0
1.02162,6,77,423,0,E1A1470B0781C1715X,TE1A2B6C1D000X,1,1,1,1,1.4,1.4,1.4,1.8,0.0,0.0
1.03634,10,76,425,0,E1A1457B0811C1715X,TE1A2B6C1D000X,1,1,1,1,1.4,1.4,1.4,1.8,0.0,0.0
1.048,14,75,425,0,E1A1443B0836C1715X,TE1A3B5C1D000X,1,1,1,1,1.4,1.4,1.4,1.8,0.0,0.0
1.05983,18,74,425,0,E1A1430B0861C1715X,TE1A3B5C1D000X,1,1,1,1,1.4,1.4,1.4,1.8,0.0,0.0
1.07129,22,73,425,0,E1A1417B0885C1715X,TE1A3B5C1D000X,1,1,1,1,1.4,1.4,1.4,1.8,0.0,0.0
1.08344,25,72,425,0,E1A1403B0909C1715X,TE1A3B5C1D000X,1,1,1,1,1.4,1.4,1.4,1.8,0.0,0.0
1.09497,29,70,425,0,E1A1389B0932C1715X,TE1A3B5C1D000X,1,1,1,1,1.4,1.4,1.4,1.8,0.0,0.0
1.10663,33,69,425,0,E1A1375B0955C1715X,TE1A3B5C1D000X,1,1,1,1,1.4,1.4,1.4,1.8,0.0,0.0
1.11823,36,68,426,0,E1A1361B0979C1715X,TE1A3B5C1D000X,1,1,1,1,1.4,1.4,1.4,1.8,0.0,0.0
1.12964,40,68,427,0,E1A1347B1002C1715X,TE1A3B5C1D000X,1,1,1,1,1.4,1.4,1.4,1.8,0.0,0.0
1.14086,43,67,427,0,E1A1333B1022C1715X,TE1A3B5C1D000X,1,1,1,1,1.4,1.4,1.4,1.8,0.0,0.0
1.15255,46,66,428,0,E1A1320B1044C1715X,TE1A3B5C1D000X,1,1,1,1,1.4,1.4,1.4,1.8,0.0,0.0
1.16408,49,65,428,0,E1A1306B1062C1715X,TE1A3B4C1D000X,1,1,1,1,1.4,1.4,1.4,1.8,0.0,0.0
1.17686,53,64,428,0,E1A1291B1085C1715X,TE1A3B4C1D000X,1,1,1,1,1.4,1.4,1.4,1.8,0.0,0.0
1.19725,57,62,429,0,E1A1275B1111C1715X,TE1A3B4C1D000X,1,1,1,1,1.4,1.4,1.4,1.8,0.0,0.0
1.2091,60,61,429,0,E1A1259B1133C1715X,TE1A3B4C1D000X,1,1,1,1,1.4,1.4,1.4,1.8,0.0,0.0
1.23318,64,59,429,0,E1A1242B1157C1715X,TE1A3B4C1D000X,1,1,1,1,1.4,1.4,1.4,1.8,0.0,0.0
1.24542,67,58,428,0,E1A1226B1177C1715X,TE1A4B4C1D000X,1,1,1,1,1.4,1.4,1.4,1.8,0.0,0.0
1.25724,71,57,429,0,E1A1210B1200C1715X,TE1A4B4C1D000X,1,1,1,1,1.4,1.4,1.4,1.8,0.0,0.0
1.26893,74,55,428,0,E1A1195B1218C1715X,TE1A4B4C1D000X,1,1,1,1,1.4,1.4,1.4,1.8,0.0,0.0
1.28039,77,54,427,0,E1A1179B1235C1715X,TE1A4B4C1D000X,1,1,1,1,1.4,1.4,1.4,1.8,0.0,0.0
1.29411,79,53,427,0,E1A1164B1252C1715X,TE1A4B4C1D000X,1,1,1,1,1.4,1.4,1.4,1.8,0.0,0.0
1.30804,82,52,427,0,E1A1148B1269C1715X,TE1A4B3C1D000X,1,1,1,1,1.4,1.4,1.4,1.8,0.0,0.0
1.3198,85,50,427,0,E1A1132B1285C1715X,TE1A4B3C1D000X,1,1,1,1,1.4,1.4,1.4,1.8,0.0,0.0
1.33148,87,49,427,0,E1A1114B1302C1715X,TE1A4B3C1D000X,1,1,1,1,1.4,1.4,1.4,1.8,0.0,0.0
1.3452,91,48,427,0,E1A1095B1320C1715X,TE1A4B3C1D000X,1,1,1,1,1.4,1.4,1.4,1.8,0.0,0.0
1.35707,94,47,426,0,E1A1074B1337C1715X,TE1A4B3C1D000X,1,1,1,1,1.4,1.4,1.4,1.8,0.0,0.0
1.36931,97,46,426,0,E1A1054B1354C1715X,TE1A4B3C1D000X,1,1,1,1,1.4,1.4,1.4,1.8,0.0,0.0
1.38088,99,45,425,0,E1A1033B1368C1715X,TE1A4B3C1D000X,1,1,1,1,1.4,1.4,1.4,1.8,0.0,0.0
1.4019,102,44,426,0,E1A1013B1386C1715X,TE1A4B3C1D000X,1,1,1,1,1.4,1.4,1.4,1.8,0.0,0.0
1.41374,105,44,426,0,E1A0991B1401C1715X,TE1A5B3C1D000X,1,1,1,1,1.4,1.4,1.4,1.8,0.0,0.0
1.42559,108,43,428,0,E1A0970B1417C1715X,TE1A5B3C1D000X,1,1,1,1,1.4,1.4,1.4,1.8,0.0,0.0
1.44519,111,43,428,0,E1A0948B1430C1715X,TE1A5B3C1D000X,1,1,1,1,1.4,1.4,1.4,1.8,0.0,0.0
1.45739,114,42,429,0,E1A0926B1445C1715X,TE1A5B3C1D000X,1,1,1,1,1.4,1.4,1.4,1.8,0.0,0.0
1.46927,116,42,429,0,E1A0905B1456C1715X,TE1A5B3C1D000X,1,1,1,1,1.4,1.4,1.4,1.8,0.0,0.0
1.48126,118,41,427,0,E1A0883B1465C1715X,TE1A5B3C1D000X,1,1,1,1,1.4,1.4,1.4,1.8,0.0,0.0
1.49338,120,41,428,0,E1A0864B1477C1715X,TE1A5B3C1D000X,1,1,1,1,1.4,1.4,1.4,1.8,0.0,0.0
1.50532,121,40,427,0,E1A0843B1485C1715X,TE1A5B3C1D000X,1,1,1,1,1.4,1.4,1.4,1.8,0.0,0.0
1.51765,124,40,428,0,E1A0825B1496C1715X,TE1A5B3C1D000X,1,1,1,1,1.4,1.4,1.4,1.8,0.0,0.0
1.53714,125,40,428,0,E1A0805B1504C1715X,TE1A5B2C1D000X,1,1,1,1,1.4,1.4,1.4,1.8,0.0,0.0
1.54912,127,39,427,0,E1A0785B1512C1715X,TE1A5B2C1D000X,1,1,1,1,1.4,1.4,1.4,1.8,0.0,0.0
1.56141,128,39,428,0,E1A0767B1521C1715X,TE1A6B2C1D000X,1,1,1,1,1.4,1.4,1.4,1.8,0.0,0.0
1.57321,130,39,428,0,E1A0750B1529C1715X,TE1A6B2C1D000X,1,1,1,1,1.4,1.4,1.4,1.8,0.0,0.0
1.58499,130,39,427,0,E1A0733B1534C1715X,TE1A6B2C1D000X,1,1,1,1,1.4,1.4,1.4,1.8,0.0,0.0
1.60537,131,38,427,0,E1A0718B1539C1715X,TE1A6B2C1D000X,1,1,1,1,1.4,1.4,1.4,1.8,0.0,0.0
1.61728,131,38,425,0,E1A0703B1542C1715X,TE1A6B2C1D000X,1,1,1,1,1.4,1.4,1.4,1.8,0.0,0.0
1.62894,132,38,424,0,E1A0690B1545C1715X,TE1A6B2C1D000X,1,1,1,1,1.4,1.4,1.4,1.8,0.0,0.0
1.64097,132,38,426,0,E1A0678B1551C1715X,TE1A6B2C1D000X,1,1,1,1,1.4,1.4,1.4,1.8,0.0,0.0
1.65285,133,38,426,0,E1A0667B1554C1715X,TE1A6B2C1D000X,1,1,1,1,1.4,1.4,1.4,1.8,0.0,0.0
1.66487,132,38,425,0,E1A0656B1555C1715X,TE1A6B2C1D000X,1,1,1,1,1.4,1.4,1.4,1.8,0.0,0.0
1.67681,133,38,426,0,E1A0647B1558C1715X,TE1A6B2C1D000X,1,1,1,1,1.4,1.4,1.4,1.8,0.0,0.0
1.6879,132,38,425,0,E1A0638B1559C1715X,TE1A6B2C1D000X,1,1,1,1,1.4,1.4,1.4,1.8,0.0,0.0
1.69964,132,38,425,0,E1A0630B1558C1715X,TE1A6B2C1D000X,1,1,1,1,1.4,1.4,1.4,1.8,0.0,0.0
1.71749,132,38,426,0,E1A0624B1560C1715X,TE1A6B2C1D000X,1,1,1,1,1.4,1.4,1.4,1.8,0.0,0.0
1.75331,131,38,425,0,E1A0618B1559C1715X,TE1A6B2C1D000X,1,1,1,1,1.4,1.4,1.4,1.8,0.0,0.0
1.76501,130,39,425,0,E1A0613B1557C1715X,TE1A6B2C1D000X,1,1,1,1,1.4,1.4,1.4,1.8,0.0,0.0
1.77656,129,39,424,0,E1A0608B1555C1715X,TE1A6B2C1D000X,1,1,1,1,1.4,1.4,1.4,1.8,0.0,0.0
1.78868,128,39,425,0,E1A0606B1556C1715X,TE1A6B2C1D000X,1,1,1,1,1.4,1.4,1.4,1.8,0.0,0.0
1.80149,127,39,425,0,E1A0603B1553C1715X,TE1A6B2C1D000X,1,1,1,1,1.4,1.4,1.4,1.8,0.0,0.0
1.81762,125,39,426,0,E1A0605B1553C1715X,TE1A6B2C1D000X,1,1,1,1,1.4,1.4,1.4,1.8,0.0,0.0
1.8305,124,39,426,0,E1A0606B1550C1715X,TE1A6B2C1D000X,1,1,1,1,1.4,1.4,1.4,1.8,0.0,0.0
1.84204,122,39,426,0,E1A0609B1547C1715X,TE1A6B2C1D000X,1,1,1,1,1.4,1.4,1.4,1.8,0.0,0.0
1.85367,120,38,425,0,E1A0612B1544C1715X,TE1A6B2C1D000X,1,1,1,1,1.4,1.4,1.4,1.8,0.0,0.0
1.87717,118,38,425,0,E1A0619B1541C1715X,TE1A6B2C1D000X,1,1,1,1,1.4,1.4,1.4,1.8,0.0,0.0
1.89724,115,37,425,0,E1A0629B1540C1715X,TE1A6B2C1D000X,1,1,1,1,1.4,1.4,1.4,1.8,0.0,0.0
1.90951,113,36,425,0,E1A0639B1539C1715X,TE1A6B2C1D000X,1,1,1,1,1.4,1.4,1.4,1.8,0.0,0.0
1.9215,111,35,426,0,E1A0652B1540C1715X,TE1A6B2C1D000X,1,1,1,1,1.4,1.4,1.4,1.8,0.0,0.0
1.93321,108,34,426,0,E1A0664B1540C1715X,TE1A6B2C1D000X,1,1,1,1,1.4,1.4,1.4,1.8,0.0,0.0
1.94521,106,33,427,0,E1A0677B1541C1715X,TE1A6B2C1D000X,1,1,1,1,1.4,1.4,1.4,1.8,0.0,0.0
1.95674,104,32,429,0,E1A0692B1542C1715X,TE1A6B2C1D000X,1,1,1,1,1.4,1.4,1.4,1.8,0.0,0.0
1.96852,101,31,430,0,E1A0707B1543C1715X,TE1A6B2C1D000X,1,1,1,1,1.4,1.4,1.4,1.8,0.0,0.0
1.98039,99,29,430,0,E1A0722B1543C1715X,TE1A6B2C1D000X,1,1,1,1,1.4,1.4,1.4,1.8,0.0,0.0
1.99159,96,28,431,0,E1A0737B1545C1715X,TE1A6B2C1D000X,1,1,1,1,1.4,1.4,1.4,1.8,0.0,0.0
2.00356,94,26,431,0,E1A0752B1544C1715X,TE1A6B2C1D000X,1,1,1,1,1.4,1.4,1.4,1.8,0.0,0.0
2.02133,91,25,433,0,E1A0771B1546C1715X,TE1A6B2C1D000X,1,1,1,1,1.4,1.4,1.4,1.8,0.0,0.0
2.03341,88,23,433,0,E1A0790B1546C1715X,TE1A6B2C1D000X,1,1,1,1,1.4,1.4,1.4,1.8,0.0,0.0
2.0451,85,21,434,0,E1A0809B1548C1715X,TE1A6B2C1D000X,1,1,1,1,1.4,1.4,1.4,1.8,0.0,0.0
2.07024,83,19,439,0,E1A0833B1555C1715X,TE1A5B2C1D000X,1,1,1,1,1.4,1.4,1.4,1.8,0.0,0.0
2.08214,80,17,440,0,E1A0853B1557C1715X,TE1A5B2C1D000X,1,1,1,1,1.4,1.4,1.4,1.8,0.0,0.0
2.09437,78,15,441,0,E1A0874B1559C1715X,TE1A5B2C1D000X,1,1,1,1,1.4,1.4,1.4,1.8,0.0,0.0
2.10644,75,13,443,0,E1A0894B1562C1715X,TE1A5B2C1D000X,1,1,1,1,1.4,1.4,1.4,1.8,0.0,0.0
2.13757,72,10,444,0,E1A0919B1566C1715X,TE1A5B2C1D000X,1,1,1,1,1.4,1.4,1.4,1.8,0.0,0.0
2.14949,70,8,446,0,E1A0944B1571C1715X,TE1A5B2C1D000X,1,1,1,1,1.4,1.4,1.4,1.8,0.0,0.0
2.16149,67,5,448,0,E1A0968B1575C1715X,TE1A5B2C1D000X,1,1,1,1,1.4,1.4,1.4,1.8,0.0,0.0
2.17328,64,3,450,0,E1A0991B1579C1715X,TE1A5B2C1D000X,1,1,1,1,1.4,1.4,1.4,1.8,0.0,0.0
2.18549,62,0,452,0,E1A1014B1585C1715X,TE1A5B2C1D000X,1,1,1,1,1.4,1.4,1.4,1.8,0.0,0.0
2.19736,60,-1,453,0,E1A1034B1589C1715X,TE1A5B2C1D000X,1,1,1,1,1.4,1.4,1.4,1.8,0.0,0.0
2.21013,57,-3,453,0,E1A1053B1592C1715X,TE1A4B2C1D000X,1,1,1,1,1.4,1.4,1.4,1.8,0.0,0.0
2.22158,55,-6,453,0,E1A1071B1596C1715X,TE1A4B2C1D000X,1,1,1,1,1.4,1.4,1.4,1.8,0.0,0.0
2.2337,53,-8,454,0,E1A1090B1601C1715X,TE1A4B2C1D000X,1,1,1,1,1.4,1.4,1.4,1.8,0.0,0.0
2.24561,51,-10,453,0,E1A1106B1605C1715X,TE1A4B2C1D000X,1,1,1,1,1.4,1.4,1.4,1.8,0.0,0.0
2.25714,49,-12,454,0,E1A1123B1610C1715X,TE1A4B2C1D000X,1,1,1,1,1.4,1.4,1.4,1.8,0.0,0.0
2.26922,48,-14,455,0,E1A1138B1616C1715X,TE1A4B2C1D000X,1,1,1,1,1.4,1.4,1.4,1.8,0.0,0.0
2.2811,46,-16,455,0,E1A1152B1622C1715X,TE1A4B2C1D000X,1,1,1,1,1.4,1.4,1.4,1.8,0.0,0.0
2.29262,45,-19,456,0,E1A1167B1629C1715X,TE1A4B2C1D000X,1,1,1,1,1.4,1.4,1.4,1.8,0.0,0.0
2.30468,44,-21,456,0,E1A1179B1636C1715X,TE1A4B2C1D000X,1,1,1,1,1.4,1.4,1.4,1.8,0.0,0.0
2.31663,43,-23,457,0,E1A1191B1643C1715X,TE1A4B2C1D000X,1,1,1,1,1.4,1.4,1.4,1.8,0.0,0.0
2.32856,42,-25,457,0,E1A1201B1650C1715X,TE1A4B2C1D000X,1,1,1,1,1.4,1.4,1.4,1.8,0.0,0.0
2.34007,41,-26,457,0,E1A1213B1659C1715X,TE1A4B2C1D000X,1,1,1,1,1.4,1.4,1.4,1.8,0.0,0.0
2.35219,41,-28,458,0,E1A1222B1666C1715X,TE1A4B2C1D000X,1,1,1,1,1.4,1.4,1.4,1.8,0.0,0.0
2.36427,40,-30,458,0,E1A1232B1675C1715X,TE1A4B2C1D000X,1,1,1,1,1.4,1.4,1.4,1.8,0.0,0.0
2.37574,39,-32,458,0,E1A1239B1682C1715X,TE1A4B2C1D000X,1,1,1,1,1.4,1.4,1.4,1.8,0.0,0.0
2.38782,39,-34,459,0,E1A1248B1692C1715X,TE1A4B2C1D000X,1,1,1,1,1.4,1.4,1.4,1.8,0.0,0.0
2.39982,39,-36,459,0,E1A1256B1702C1715X,TE1A4B2C1D000X,1,1,1,1,1.4,1.4,1.4,1.8,0.0,0.0
2.41181,39,-38,460,0,E1A1263B1712C1715X,TE1A3B2C1D000X,1,1,1,1,1.4,1.4,1.4,1.8,0.0,0.0
2.42337,38,-39,460,0,E1A1269B1721C1715X,TE1A3B1C1D000X,1,1,1,1,1.4,1.4,1.4,1.8,0.0,0.0
2.43556,38,-41,461,0,E1A1277B1732C1715X,TE1A3B1C1D000X,1,1,1,1,1.4,1.4,1.4,1.8,0.0,0.0
2.44769,38,-43,462,0,E1A1283B1741C1715X,TE1A3B1C1D000X,1,1,1,1,1.4,1.4,1.4,1.8,0.0,0.0
2.4604,38,-45,463,0,E1A1289B1751C1715X,TE1A3B1C1D000X,1,1,1,1,1.4,1.4,1.4,1.8,0.0,0.0
2.47222,38,-46,463,0,E1A1294B1761C1715X,TE1A3B1C1D000X,1,1,1,1,1.4,1.4,1.4,1.8,0.0,0.0
2.48441,38,-48,463,0,E1A1299B1771C1715X,TE1A3B1C1D000X,1,1,1,1,1.4,1.4,1.4,1.8,0.0,0.0
2.49603,38,-50,465,0,E1A1304B1782C1715X,TE1A3B1C1D000X,1,1,1,1,1.4,1.4,1.4,1.8,0.0,0.0
2.5085,38,-52,465,0,E1A1308B1792C1715X,TE1A3B1C1D000X,1,1,1,1,1.4,1.4,1.4,1.8,0.0,0.0
2.52139,38,-53,465,0,E1A1312B1802C1715X,TE1A3B1C1D000X,1,1,1,1,1.4,1.4,1.4,1.8,0.0,0.0
2.53374,38,-55,465,0,E1A1316B1813C1715X,TE1A3B1C1D000X,1,1,1,1,1.4,1.4,1.4,1.8,0.0,0.0
2.54609,38,-57,466,0,E1A1321B1825C1715X,TE1A3B1C1D000X,1,1,1,1,1.4,1.4,1.4,1.8,0.0,0.0
2.56584,38,-60,467,0,E1A1326B1837C1715X,TE1A3B1C1D000X,1,1,1,1,1.4,1.4,1.4,1.8,0.0,0.0
2.57817,38,-62,467,0,E1A1330B1849C1715X,TE1A3B1C1D000X,1,1,1,1,1.4,1.4,1.4,1.8,0.0,0.0
2.59025,38,-64,467,0,E1A1333B1861C1715X,TE1A3B1C1D000X,1,1,1,1,1.4,1.4,1.4,1.8,0.0,0.0
2.60238,38,-66,468,0,E1A1335B1874C1715X,TE1A3B1C1D000X,1,1,1,1,1.4,1.4,1.4,1.8,0.0,0.0
2.61465,38,-68,469,0,E1A1337B1886C1715X,TE1A3B1C1D000X,1,1,1,1,1.4,1.4,1.4,1.8,0.0,0.0
2.62654,38,-70,468,0,E1A1337B1898C1715X,TE1A3B1C1D000X,1,1,1,1,1.4,1.4,1.4,1.8,0.0,0.0
2.63889,38,-72,469,0,E1A1346B1898C1717X,TE1A3B1C1D000X,1,1,1,1,1.4,1.4,1.4,1.8,0.0,0.0
2.6511,38,-74,470,0,E1A1367B1898C1706X,TE1A3B1C1D000X,1,1,1,1,1.4,1.4,1.4,1.8,0.0,0.0
2.66323,38,-76,470,0,E1A1386B1898C1696X,TE1A3B1C2D000X,1,1,1,1,1.4,1.4,1.4,1.8,0.0,0.0
2.67507,38,-78,471,0,E1A1405B1898C1686X,TE1A3B1C2D000X,1,1,1,1,1.4,1.4,1.4,1.8,0.0,0.0
2.68715,38,-80,471,0,E1A1423B1898C1676X,TE1A3B1C2D000X,1,1,1,1,1.4,1.4,1.4,1.8,0.0,0.0
2.69892,38,-81,471,0,E1A1438B1898C1666X,TE1A3B1C2D000X,1,1,1,1,1.4,1.4,1.4,1.8,0.0,0.0
2.71161,38,-83,472,0,E1A1452B1898C1657X,TE1A3B1C2D000X,1,1,1,1,1.4,1.4,1.4,1.8,0.0,0.0
2.72317,39,-84,473,0,E1A1466B1898C1647X,TE1A3B1C2D000X,1,1,1,1,1.4,1.4,1.4,1.8,0.0,0.0
2.7358,38,-85,472,0,E1A1478B1898C1638X,TE1A3B1C2D000X,1,1,1,1,1.4,1.4,1.4,1.8,0.0,0.0
2.74791,38,-87,472,0,E1A1490B1898C1630X,TE1A3B1C2D000X,1,1,1,1,1.4,1.4,1.4,1.8,0.0,0.0
2.75985,38,-88,472,0,E1A1502B1898C1622X,TE1A2B1C2D000X,1,1,1,1,1.4,1.4,1.4,1.8,0.0,0.0
2.77433,37,-89,472,0,E1A1514B1898C1614X,TE1A2B1C2D000X,1,1,1,1,1.4,1.4,1.4,1.8,0.0,0.0
2.78922,37,-90,473,0,E1A1525B1898C1607X,TE1A2B1C2D000X,1,1,1,1,1.4,1.4,1.4,1.8,0.0,0.0
2.80166,36,-91,474,0,E1A1538B1898C1599X,TE1A2B1C2D000X,1,1,1,1,1.4,1.4,1.4,1.8,0.0,0.0
2.81421,36,-92,475,0,E1A1549B1898C1592X,TE1A2B1C2D000X,1,1,1,1,1.4,1.4,1.4,1.8,0.0,0.0
2.82663,35,-92,474,0,E1A1558B1898C1586X,TE1A2B1C2D000X,1,1,1,1,1.4,1.4,1.4,1.8,0.0,0.0
2.83923,34,-93,474,0,E1A1569B1898C1580X,TE1A2B1C2D000X,1,1,1,1,1.4,1.4,1.4,1.8,0.0,0.0
2.85784,33,-94,475,0,E1A1582B1898C1574X,TE1A2B1C2D000X,1,1,1,1,1.4,1.4,1.4,1.8,0.0,0.0
2.87017,32,-95,475,0,E1A1593B1898C1568X,TE1A2B1C2D000X,1,1,1,1,1.4,1.4,1.4,1.8,0.0,0.0
2.88242,31,-95,474,0,E1A1604B1898C1562X,TE1A2B1C2D000X,1,1,1,1,1.4,1.4,1.4,1.8,0.0,0.0
2.89468,30,-96,477,0,E1A1617B1898C1554X,TE1A2B1C2D000X,1,1,1,1,1.4,1.4,1.4,1.8,0.0,0.0
2.90702,29,-97,478,0,E1A1629B1898C1548X,TE1A2B1C2D000X,1,1,1,1,1.4,1.4,1.4,1.8,0.0,0.0
2.91931,28,-98,480,0,E1A1639B1898C1541X,TE1A2B1C2D000X,1,1,1,1,1.4,1.4,1.4,1.8,0.0,0.0
2.93174,26,-98,479,0,E1A1648B1898C1535X,TE1A2B1C2D000X,1,1,1,1,1.4,1.4,1.4,1.8,0.0,0.0
2.94388,25,-99,479,0,E1A1658B1898C1528X,TE1A2B1C2D000X,1,1,1,1,1.4,1.4,1.4,1.8,0.0,0.0
2.95553,24,-99,480,0,E1A1668B1898C1521X,TE1A2B1C2D000X,1,1,1,1,1.4,1.4,1.4,1.8,0.0,0.0
2.96815,23,-100,479,0,E1A1676B1898C1514X,TE1A2B1C2D000X,1,1,1,1,1.4,1.4,1.4,1.8,0.0,0.0
2.98039,22,-100,479,0,E1A1685B1898C1507X,TE1A2B1C2D000X,1,1,1,1,1.4,1.4,1.4,1.8,0.0,0.0
2.99383,20,-101,479,0,E1A1694B1898C1500X,TE1A2B1C2D000X,1,1,1,1,1.4,1.4,1.4,1.8,0.0,0.0
3.00554,19,-101,479,0,E1A1702B1898C1492X,TE1A2B1C2D000X,1,1,1,1,1.4,1.4,1.4,1.8,0.0,0.0
3.0182,18,-102,479,0,E1A1710B1898C1484X,TE1A2B1C2D000X,1,1,1,1,1.4,1.4,1.4,1.8,0.0,0.0
3.03018,17,-102,478,0,E1A1718B1898C1475X,TE1A1B1C2D000X,1,1,1,1,1.4,1.4,1.4,1.8,0.0,0.0
3.04244,16,-103,479,0,E1A1725B1898C1465X,TE1A1B1C3D000X,1,1,1,1,1.4,1.4,1.4,1.8,0.0,0.0
3.05427,15,-104,480,0,E1A1732B1898C1454X,TE1A1B1C3D000X,1,1,1,1,1.4,1.4,1.4,1.8,0.0,0.0
3.06668,14,-104,479,0,E1A1737B1898C1444X,TE1A1B1C3D000X,1,1,1,1,1.4,1.4,1.4,1.8,0.0,0.0
3.07865,13,-105,480,0,E1A1743B1898C1433X,TE1A1B1C3D000X,1,1,1,1,1.4,1.4,1.4,1.8,0.0,0.0
3.09043,12,-106,480,0,E1A1749B1898C1419X,TE1A1B1C3D000X,1,1,1,1,1.4,1.4,1.4,1.8,0.0,0.0
3.10273,11,-107,481,0,E1A1754B1898C1406X,TE1A1B1C3D000X,1,1,1,1,1.4,1.4,1.4,1.8,0.0,0.0
3.11492,11,-108,482,0,E1A1759B1898C1391X,TE1A1B1C3D000X,1,1,1,1,1.4,1.4,1.4,1.8,0.0,0.0
3.12707,10,-108,481,0,E1A1762B1898C1378X,TE1A1B1C3D000X,1,1,1,1,1.4,1.4,1.4,1.8,0.0,0.0
3.13892,9,-109,481,0,E1A1765B1898C1364X,TE1A1B1C3D000X,1,1,1,1,1.4,1.4,1.4,1.8,0.0,0.0
3.15128,9,-110,481,0,E1A1768B1898C1349X,TE1A1B1C3D000X,1,1,1,1,1.4,1.4,1.4,1.8,0.0,0.0
3.1633,8,-111,481,0,E1A1771B1898C1334X,TE1A1B1C3D000X,1,1,1,1,1.4,1.4,1.4,1.8,0.0,0.0
3.17553,8,-111,481,0,E1A1773B1898C1319X,TE1A1B1C3D000X,1,1,1,1,1.4,1.4,1.4,1.8,0.0,0.0
3.18781,7,-112,481,0,E1A1775B1898C1302X,TE1A1B1C3D000X,1,1,1,1,1.4,1.4,1.4,1.8,0.0,0.0
3.20027,7,-113,479,0,E1A1777B1898C1287X,TE1A1B1C3D000X,1,1,1,1,1.4,1.4,1.4,1.8,0.0,0.0
3.22179,7,-113,480,0,E1A1779B1898C1270X,TE1A1B1C3D000X,1,1,1,1,1.4,1.4,1.4,1.8,0.0,0.0
3.23411,6,-114,479,0,E1A1780B1898C1253X,TE1A1B1C3D000X,1,1,1,1,1.4,1.4,1.4,1.8,0.0,0.0
3.24637,6,-115,480,0,E1A1782B1898C1235X,TE1A1B1C3D000X,1,1,1,1,1.4,1.4,1.4,1.8,0.0,0.0
3.2582,6,-116,481,0,E1A1783B1898C1217X,TE1A1B1C4D000X,1,1,1,1,1.4,1.4,1.4,1.8,0.0,0.0
3.27789,6,-118,482,0,E1A1785B1898C1198X,TE1A1B1C4D000X,1,1,1,1,1.4,1.4,1.4,1.8,0.0,0.0
3.29052,5,-118,482,0,E1A1786B1898C1179X,TE1A1B1C4D000X,1,1,1,1,1.4,1.4,1.4,1.8,0.0,0.0
3.30309,5,-119,482,0,E1A1787B1898C1161X,TE1A1B1C4D000X,1,1,1,1,1.4,1.4,1.4,1.8,0.0,0.0
3.31561,5,-120,482,0,E1A1788B1898C1142X,TE1A1B1C4D000X,1,1,1,1,1.4,1.4,1.4,1.8,0.0,0.0
3.33421,5,-121,481,0,E1A1788B1898C1123X,TE1A1B1C4D000X,1,1,1,1,1.4,1.4,1.4,1.8,0.0,0.0
3.34638,5,-122,481,0,E1A1789B1898C1103X,TE1A1B1C4D000X,1,1,1,1,1.4,1.4,1.4,1.8,0.0,0.0
3.36566,5,-124,482,0,E1A1789B1898C1082X,TE1A1B1C4D000X,1,1,1,1,1.4,1.4,1.4,1.8,0.0,0.0
3.37809,5,-125,482,0,E1A1789B1898C1061X,TE1A1B1C4D000X,1,1,1,1,1.4,1.4,1.4,1.8,0.0,0.0
3.39046,5,-126,483,0,E1A1789B1898C1041X,TE1A1B1C4D000X,1,1,1,1,1.4,1.4,1.4,1.8,0.0,0.0
3.40321,5,-127,483,0,E1A1790B1898C1021X,TE1A1B1C4D000X,1,1,1,1,1.4,1.4,1.4,1.8,0.0,0.0
3.41567,5,-128,483,0,E1A1789B1898C1001X,TE1A1B1C4D000X,1,1,1,1,1.4,1.4,1.4,1.8,0.0,0.0
3.42774,5,-130,484,0,E1A1790B1898C0981X,TE1A1B1C5D000X,1,1,1,1,1.4,1.4,1.4,1.8,0.0,0.0
3.4403,5,-130,484,0,E1A1789B1898C0962X,TE1A1B1C5D000X,1,1,1,1,1.4,1.4,1.4,1.8,0.0,0.0
3.45288,5,-131,484,0,E1A1789B1898C0943X,TE1A1B1C5D000X,1,1,1,1,1.4,1.4,1.4,1.8,0.0,0.0
3.46567,5,-132,484,0,E1A1789B1898C0925X,TE1A1B1C5D000X,1,1,1,1,1.4,1.4,1.4,1.8,0.0,0.0
3.47857,5,-133,485,0,E1A1789B1898C0906X,TE1A1B1C5D000X,1,1,1,1,1.4,1.4,1.4,1.8,0.0,0.0
3.49044,5,-134,486,0,E1A1790B1898C0888X,TE1A1B1C5D000X,1,1,1,1,1.4,1.4,1.4,1.8,0.0,0.0
3.51401,5,-135,486,0,E1A1791B1898C0871X,TE1A1B1C5D000X,1,1,1,1,1.4,1.4,1.4,1.8,0.0,0.0
3.52648,5,-134,484,0,E1A1791B1898C0856X,TE1A1B1C5D000X,1,1,1,1,1.4,1.4,1.4,1.8,0.0,0.0
3.53873,5,-134,483,0,E1A1791B1898C0842X,TE1A1B1C5D000X,1,1,1,1,1.4,1.4,1.4,1.8,0.0,0.0
3.5514,5,-135,483,0,E1A1791B1898C0829X,TE1A1B1C5D000X,1,1,1,1,1.4,1.4,1.4,1.8,0.0,0.0
3.56985,5,-134,483,0,E1A1790B1898C0818X,TE1A1B1C5D000X,1,1,1,1,1.4,1.4,1.4,1.8,0.0,0.0
3.58229,5,-134,483,0,E1A1790B1898C0808X,TE1A1B1C5D000X,1,1,1,1,1.4,1.4,1.4,1.8,0.0,0.0
3.59449,5,-133,483,0,E1A1790B1898C0799X,TE1A1B1C5D000X,1,1,1,1,1.4,1.4,1.4,1.8,0.0,0.0
3.60712,5,-133,483,0,E1A1790B1898C0792X,TE1A1B1C5D000X,1,1,1,1,1.4,1.4,1.4,1.8,0.0,0.0
3.61946,5,-132,483,0,E1A1790B1898C0786X,TE1A1B1C5D000X,1,1,1,1,1.4,1.4,1.4,1.8,0.0,0.0
3.6324,5,-131,483,0,E1A1790B1898C0782X,TE1A1B1C6D000X,1,1,1,1,1.4,1.4,1.4,1.8,0.0,0.0
3.64977,5,-129,483,0,E1A1789B1898C0781X,TE1A1B1C6D000X,1,1,1,1,1.4,1.4,1.4,1.8,0.0,0.0
3.66206,5,-127,482,0,E1A1789B1898C0781X,TE1A1B1C6D000X,1,1,1,1,1.4,1.4,1.4,1.8,0.0,0.0
3.68175,5,-125,482,0,E1A1788B1898C0785X,TE1A1B1C6D000X,1,1,1,1,1.4,1.4,1.4,1.8,0.0,0.0
3.70585,5,-123,481,0,E1A1788B1898C0792X,TE1A1B1C6D000X,1,1,1,1,1.4,1.4,1.4,1.8,0.0,0.0
3.71831,5,-120,481,0,E1A1787B1898C0800X,TE1A1B1C6D000X,1,1,1,1,1.4,1.4,1.4,1.8,0.0,0.0
3.73084,5,-117,480,0,E1A1786B1898C0810X,TE1A1B1C5D000X,1,1,1,1,1.4,1.4,1.4,1.8,0.0,0.0
3.74316,5,-114,479,0,E1A1785B1898C0821X,TE1A1B1C5D000X,1,1,1,1,1.4,1.4,1.4,1.8,0.0,0.0
3.75526,6,-111,479,0,E1A1783B1898C0834X,TE1A1B1C5D000X,1,1,1,1,1.4,1.4,1.4,1.8,0.0,0.0
3.77381,6,-107,478,0,E1A1781B1898C0851X,TE1A1B1C5D000X,1,1,1,1,1.4,1.4,1.4,1.8,0.0,0.0
3.78628,6,-103,478,0,E1A1778B1898C0869X,TE1A1B1C5D000X,1,1,1,1,1.4,1.4,1.4,1.8,0.0,0.0
3.79868,7,-99,476,0,E1A1775B1898C0888X,TE1A1B1C5D000X,1,1,1,1,1.4,1.4,1.4,1.8,0.0,0.0
3.81075,7,-95,476,0,E1A1773B1898C0907X,TE1A1B1C5D000X,1,1,1,1,1.4,1.4,1.4,1.8,0.0,0.0
3.82257,8,-91,475,0,E1A1770B1898C0927X,TE1A1B1C5D000X,1,1,1,1,1.4,1.4,1.4,1.8,0.0,0.0
3.83508,8,-87,474,0,E1A1767B1898C0948X,TE1A1B1C5D000X,1,1,1,1,1.4,1.4,1.4,1.8,0.0,0.0
3.84715,9,-83,473,0,E1A1763B1898C0969X,TE1A1B1C5D000X,1,1,1,1,1.4,1.4,1.4,1.8,0.0,0.0
3.86058,9,-79,472,0,E1A1760B1898C0990X,TE1A1B1C5D000X,1,1,1,1,1.4,1.4,1.4,1.8,0.0,0.0
3.87221,10,-75,471,0,E1A1757B1898C1011X,TE1A1B1C5D000X,1,1,1,1,1.4,1.4,1.4,1.8,0.0,0.0
3.88461,11,-71,471,0,E1A1753B1898C1033X,TE1A1B1C5D000X,1,1,1,1,1.4,1.4,1.4,1.8,0.0,0.0
3.89735,11,-67,469,0,E1A1748B1898C1056X,TE1A1B1C4D000X,1,1,1,1,1.4,1.4,1.4,1.8,0.0,0.0
3.90972,12,-63,468,0,E1A1742B1898C1081X,TE1A1B1C4D000X,1,1,1,1,1.4,1.4,1.4,1.8,0.0,0.0
3.92187,13,-59,468,0,E1A1737B1898C1104X,TE1A1B1C4D000X,1,1,1,1,1.4,1.4,1.4,1.8,0.0,0.0
3.93392,14,-55,466,0,E1A1731B1898C1127X,TE1A1B1C4D000X,1,1,1,1,1.4,1.4,1.4,1.8,0.0,0.0
3.94584,15,-51,466,0,E1A1724B1898C1151X,TE1A1B1C4D000X,1,1,1,1,1.4,1.4,1.4,1.8,0.0,0.0
3.95717,16,-47,465,0,E1A1717B1898C1173X,TE1A1B1C4D000X,1,1,1,1,1.4,1.4,1.4,1.8,0.0,0.0
3.96923,17,-43,463,0,E1A1709B1898C1194X,TE1A1B1C4D000X,1,1,1,1,1.4,1.4,1.4,1.8,0.0,0.0
3.98115,19,-39,462,0,E1A1700B1898C1215X,TE1A1B1C4D000X,1,1,1,1,1.4,1.4,1.4,1.8,0.0,0.0
3.99371,20,-36,461,0,E1A1690B1898C1236X,TE1A2B1C4D000X,1,1,1,1,1.4,1.4,1.4,1.8,0.0,0.0
4.00554,22,-32,461,0,E1A1680B1898C1256X,TE1A2B1C4D000X,1,1,1,1,1.4,1.4,1.4,1.8,0.0,0.0
4.01793,23,-29,460,0,E1A1669B1898C1275X,TE1A2B1C4D000X,1,1,1,1,1.4,1.4,1.4,1.8,0.0,0.0
4.03373,24,-25,458,0,E1A1657B1898C1294X,TE1A2B1C3D000X,1,1,1,1,1.4,1.4,1.4,1.8,0.0,0.0
4.04747,26,-21,458,0,E1A1645B1898C1312X,TE1A2B1C3D000X,1,1,1,1,1.4,1.4,1.4,1.8,0.0,0.0
4.06796,27,-18,456,0,E1A1631B1898C1329X,TE1A2B1C3D000X,1,1,1,1,1.4,1.4,1.4,1.8,0.0,0.0
4.09061,29,-14,454,0,E1A1616B1898C1346X,TE1A2B1C3D000X,1,1,1,1,1.4,1.4,1.4,1.8,0.0,0.0
4.1038,30,-11,453,0,E1A1602B1898C1361X,TE1A2B1C3D000X,1,1,1,1,1.4,1.4,1.4,1.8,0.0,0.0
4.11607,32,-7,452,0,E1A1587B1898C1375X,TE1A2B1C3D000X,1,1,1,1,1.4,1.4,1.4,1.8,0.0,0.0
4.14553,33,-4,450,0,E1A1572B1898C1387X,TE1A2B1C3D000X,1,1,1,1,1.4,1.4,1.4,1.8,0.0,0.0
4.15728,34,-2,449,0,E1A1557B1898C1397X,TE1A2B1C3D000X,1,1,1,1,1.4,1.4,1.4,1.8,0.0,0.0
4.17729,35,0,449,0,E1A1544B1898C1407X,TE1A2B1C3D000X,1,1,1,1,1.4,1.4,1.4,1.8,0.0,0.0
4.18968,36,2,449,0,E1A1530B1898C1416X,TE1A2B1C3D000X,1,1,1,1,1.4,1.4,1.4,1.8,0.0,0.0
4.2017,37,4,448,0,E1A1518B1898C1423X,TE1A2B1C3D000X,1,1,1,1,1.4,1.4,1.4,1.8,0.0,0.0
4.21354,38,6,448,0,E1A1506B1898C1429X,TE1A2B1C3D000X,1,1,1,1,1.4,1.4,1.4,1.8,0.0,0.0
4.22543,39,7,449,0,E1A1495B1898C1435X,TE1A2B1C3D000X,1,1,1,1,1.4,1.4,1.4,1.8,0.0,0.0
4.23707,39,9,449,0,E1A1485B1898C1440X,TE1A2B1C3D000X,1,1,1,1,1.4,1.4,1.4,1.8,0.0,0.0
4.26948,40,10,448,0,E1A1474B1898C1446X,TE1A2B1C3D000X,1,1,1,1,1.4,1.4,1.4,1.8,0.0,0.0
4.28121,40,11,449,0,E1A1464B1898C1451X,TE1A3B1C3D000X,1,1,1,1,1.4,1.4,1.4,1.8,0.0,0.0
4.29372,41,13,450,0,E1A1456B1898C1456X,TE1A3B1C3D000X,1,1,1,1,1.4,1.4,1.4,1.8,0.0,0.0
4.30567,41,14,450,0,E1A1447B1898C1459X,TE1A3B1C3D000X,1,1,1,1,1.4,1.4,1.4,1.8,0.0,0.0
4.31753,41,15,449,0,E1A1439B1898C1462X,TE1A3B1C3D000X,1,1,1,1,1.4,1.4,1.4,1.8,0.0,0.0
4.34983,42,15,448,0,E1A1430B1898C1465X,TE1A3B1C3D000X,1,1,1,1,1.4,1.4,1.4,1.8,0.0,0.0
4.36171,42,16,447,0,E1A1422B1898C1468X,TE1A3B1C3D000X,1,1,1,1,1.4,1.4,1.4,1.8,0.0,0.0
4.37347,42,17,446,0,E1A1415B1898C1471X,TE1A3B1C3D000X,1,1,1,1,1.4,1.4,1.4,1.8,0.0,0.0
4.38547,42,18,445,0,E1A1408B1898C1473X,TE1A3B1C3D000X,1,1,1,1,1.4,1.4,1.4,1.8,0.0,0.0
4.39707,42,18,445,0,E1A1401B1898C1475X,TE1A3B1C3D000X,1,1,1,1,1.4,1.4,1.4,1.8,0.0,0.0
4.40812,42,19,443,0,E1A1395B1898C1476X,TE1A3B1C3D000X,1,1,1,1,1.4,1.4,1.4,1.8,0.0,0.0
4.42,42,19,443,0,E1A1389B1898C1478X,TE1A3B1C3D000X,1,1,1,1,1.4,1.4,1.4,1.8,0.0,0.0
4.43163,42,19,443,0,E1A1384B1898C1480X,TE1A3B1C3D000X,1,1,1,1,1.4,1.4,1.4,1.8,0.0,0.0
4.44925,42,20,442,0,E1A1378B1898C1481X,TE1A3B1C2D000X,1,1,1,1,1.4,1.4,1.4,1.8,0.0,0.0
4.4613,42,20,441,0,E1A1371B1898C1483X,TE1A3B1C2D000X,1,1,1,1,1.4,1.4,1.4,1.8,0.0,0.0
4.47352,42,21,440,0,E1A1365B1898C1484X,TE1A3B1C2D000X,1,1,1,1,1.4,1.4,1.4,1.8,0.0,0.0
4.48736,42,21,440,0,E1A1359B1898C1486X,TE1A3B1C2D000X,1,1,1,1,1.4,1.4,1.4,1.8,0.0,0.0
4.49902,42,22,439,0,E1A1353B1898C1487X,TE1A3B1C2D000X,1,1,1,1,1.4,1.4,1.4,1.8,0.0,0.0
4.51133,42,22,438,0,E1A1346B1898C1489X,TE1A3B1C2D000X,1,1,1,1,1.4,1.4,1.4,1.8,0.0,0.0
4.52442,42,22,438,0,E1A1339B1898C1490X,TE1A3B1C2D000X,1,1,1,1,1.4,1.4,1.4,1.8,0.0,0.0
4.53618,42,23,437,0,E1A1332B1898C1491X,TE1A3B1C2D000X,1,1,1,1,1.4,1.4,1.4,1.8,0.0,0.0
4.54786,42,23,436,0,E1A1325B1898C1493X,TE1A3B1C2D000X,1,1,1,1,1.4,1.4,1.4,1.8,0.0,0.0
4.5591,42,23,436,0,E1A1319B1898C1494X,TE1A3B1C2D000X,1,1,1,1,1.4,1.4,1.4,1.8,0.0,0.0
4.57073,42,24,436,0,E1A1313B1898C1495X,TE1A3B1C2D000X,1,1,1,1,1.4,1.4,1.4,1.8,0.0,0.0
4.58524,43,24,436,0,E1A1307B1898C1496X,TE1A3B1C2D000X,1,1,1,1,1.4,1.4,1.4,1.8,0.0,0.0
4.59726,43,24,436,0,E1A1301B1898C1497X,TE1A3B1C2D000X,1,1,1,1,1.4,1.4,1.4,1.8,0.0,0.0
4.6099,43,24,437,0,E1A1296B1898C1497X,TE1A3B1C2D000X,1,1,1,1,1.4,1.4,1.4,1.8,0.0,0.0
4.62127,43,24,437,0,E1A1290B1898C1497X,TE1A3B1C2D000X,1,1,1,1,1.4,1.4,1.4,1.8,0.0,0.0
4.63338,44,24,437,0,E1A1284B1898C1497X,TE1A3B1C2D000X,1,1,1,1,1.4,1.4,1.4,1.8,0.0,0.0
4.6534,44,24,438,0,E1A1279B1898C1496X,TE1A3B1C2D000X,1,1,1,1,1.4,1.4,1.4,1.8,0.0,0.0
4.67713,44,24,438,0,E1A1275B1898C1495X,TE1A3B1C2D000X,1,1,1,1,1.4,1.4,1.4,1.8,0.0,0.0
4.68869,44,24,438,0,E1A1271B1898C1494X,TE1A3B1C2D000X,1,1,1,1,1.4,1.4,1.4,1.8,0.0,0.0
4.70054,44,23,438,0,E1A1267B1898C1492X,TE1A3B1C2D000X,1,1,1,1,1.4,1.4,1.4,1.8,0.0,0.0
4.71214,44,23,438,0,E1A1264B1898C1491X,TE1A3B1C2D000X,1,1,1,1,1.4,1.4,1.4,1.8,0.0,0.0
4.72361,45,23,438,0,E1A1262B1898C1489X,TE1A3B1C2D000X,1,1,1,1,1.4,1.4,1.4,1.8,0.0,0.0
4.73552,45,22,439,0,E1A1259B1898C1488X,TE1A3B1C2D000X,1,1,1,1,1.4,1.4,1.4,1.8,0.0,0.0
4.74727,45,22,439,0,E1A1256B1898C1486X,TE1A3B1C2D000X,1,1,1,1,1.4,1.4,1.4,1.8,0.0,0.0
4.75877,45,22,439,0,E1A1254B1898C1484X,TE1A3B1C2D000X,1,1,1,1,1.4,1.4,1.4,1.8,0.0,0.0
4.77059,45,21,439,0,E1A1252B1898C1483X,TE1A3B1C2D000X,1,1,1,1,1.4,1.4,1.4,1.8,0.0,0.0
4.78245,45,21,440,0,E1A1249B1898C1482X,TE1A3B1C2D000X,1,1,1,1,1.4,1.4,1.4,1.8,0.0,0.0
4.8014,45,21,439,0,E1A1246B1898C1480X,TE1A4B1C2D000X,1,1,1,1,1.4,1.4,1.4,1.8,0.0,0.0
4.8153,45,20,439,0,E1A1242B1898C1479X,TE1A4B1C2D000X,1,1,1,1,1.4,1.4,1.4,1.8,0.0,0.0
4.83306,45,20,439,0,E1A1239B1898C1478X,TE1A4B1C3D000X,1,1,1,1,1.4,1.4,1.4,1.8,0.0,0.0
4.84535,45,20,439,0,E1A1236B1898C1478X,TE1A4B1C3D000X,1,1,1,1,1.4,1.4,1.4,1.8,0.0,0.0
4.85741,45,20,438,0,E1A1234B1898C1477X,TE1A4B1C3D000X,1,1,1,1,1.4,1.4,1.4,1.8,0.0,0.0
4.86943,45,20,439,0,E1A1231B1898C1477X,TE1A4B1C3D000X,1,1,1,1,1.4,1.4,1.4,1.8,0.0,0.0
4.88102,45,20,440,0,E1A1229B1898C1478X,TE1A4B1C3D000X,1,1,1,1,1.4,1.4,1.4,1.8,0.0,0.0
4.89238,45,20,441,0,E1A1227B1898C1478X,TE1A4B1C3D000X,1,1,1,1,1.4,1.4,1.4,1.8,0.0,0.0
4.9044,44,20,440,0,E1A1224B1898C1478X,TE1A4B1C3D000X,1,1,1,1,1.4,1.4,1.4,1.8,0.0,0.0
4.9253,44,20,440,0,E1A1221B1898C1479X,TE1A4B1C3D000X,1,1,1,1,1.4,1.4,1.4,1.8,0.0,0.0
4.93759,44,20,440,0,E1A1219B1898C1479X,TE1A4B1C3D000X,1,1,1,1,1.4,1.4,1.4,1.8,0.0,0.0
4.94935,44,20,439,0,E1A1216B1898C1480X,TE1A4B1C3D000X,1,1,1,1,1.4,1.4,1.4,1.8,0.0,0.0
4.96109,43,20,439,0,E1A1213B1898C1480X,TE1A4B1C2D000X,1,1,1,1,1.4,1.4,1.4,1.8,0.0,0.0
4.97302,43,20,439,0,E1A1210B1898C1480X,TE1A4B1C2D000X,1,1,1,1,1.4,1.4,1.4,1.8,0.0,0.0
4.98485,43,20,439,0,E1A1208B1898C1481X,TE1A4B1C2D000X,1,1,1,1,1.4,1.4,1.4,1.8,0.0,0.0
4.99648,43,20,439,0,E1A1205B1898C1481X,TE1A4B1C2D000X,1,1,1,1,1.4,1.4,1.4,1.8,0.0,0.0
5.00788,43,20,440,0,E1A1203B1898C1482X,TE1A4B1C2D000X,1,1,1,1,1.4,1.4,1.4,1.8,0.0,0.0
5.02526,43,20,440,0,E1A1200B1898C1483X,TE1A4B1C2D000X,1,1,1,1,1.4,1.4,1.4,1.8,0.0,0.0
5.03744,42,20,440,0,E1A1198B1898C1484X,TE1A4B1C2D000X,1,1,1,1,1.4,1.4,1.4,1.8,0.0,0.0
5.04895,42,20,440,0,E1A1196B1898C1485X,TE1A4B1C2D000X,1,1,1,1,1.4,1.4,1.4,1.8,0.0,0.0
5.06119,42,20,441,0,E1A1194B1898C1487X,TE1A4B1C2D000X,1,1,1,1,1.4,1.4,1.4,1.8,0.0,0.0
5.07248,41,20,440,0,E1A1191B1898C1488X,TE1A4B1C2D000X,1,1,1,1,1.4,1.4,1.4,1.8,0.0,0.0
5.08435,41,20,440,0,E1A1188B1898C1489X,TE1A4B1C2D000X,1,1,1,1,1.4,1.4,1.4,1.8,0.0,0.0
5.09573,40,20,440,0,E1A1187B1898C1491X,TE1A4B1C2D000X,1,1,1,1,1.4,1.4,1.4,1.8,0.0,0.0
5.10754,40,21,439,0,E1A1186B1898C1493X,TE1A4B1C2D000X,1,1,1,1,1.4,1.4,1.4,1.8,0.0,0.0
5.12915,39,21,440,0,E1A1187B1898C1495X,TE1A4B1C2D000X,1,1,1,1,1.4,1.4,1.4,1.8,0.0,0.0
5.14925,38,21,440,0,E1A1188B1898C1499X,TE1A4B1C2D000X,1,1,1,1,1.4,1.4,1.4,1.8,0.0,0.0
5.16131,37,21,441,0,E1A1190B1898C1502X,TE1A4B1C2D000X,1,1,1,1,1.4,1.4,1.4,1.8,0.0,0.0
5.1734,36,21,440,0,E1A1191B1898C1504X,TE1A4B1C2D000X,1,1,1,1,1.4,1.4,1.4,1.8,0.0,0.0
5.18526,36,21,441,0,E1A1193B1898C1507X,TE1A4B1C2D000X,1,1,1,1,1.4,1.4,1.4,1.8,0.0,0.0
5.19685,35,21,440,0,E1A1193B1898C1509X,TE1A4B1C2D000X,1,1,1,1,1.4,1.4,1.4,1.8,0.0,0.0
5.20807,34,21,441,0,E1A1195B1898C1512X,TE1A4B1C2D000X,1,1,1,1,1.4,1.4,1.4,1.8,0.0,0.0
5.21975,33,21,440,0,E1A1195B1898C1514X,TE1A4B1C2D000X,1,1,1,1,1.4,1.4,1.4,1.8,0.0,0.0
5.23139,32,21,440,0,E1A1196B1898C1516X,TE1A4B1C2D000X,1,1,1,1,1.4,1.4,1.4,1.8,0.0,0.0
5.24306,32,22,440,0,E1A1197B1898C1519X,TE1A4B1C2D000X,1,1,1,1,1.4,1.4,1.4,1.8,0.0,0.0
5.25479,31,22,441,0,E1A1198B1898C1521X,TE1A4B1C2D000X,1,1,1,1,1.4,1.4,1.4,1.8,0.0,0.0
5.2665,30,22,440,0,E1A1198B1898C1523X,TE1A4B1C2D000X,1,1,1,1,1.4,1.4,1.4,1.8,0.0,0.0
5.27804,29,22,440,0,E1A1199B1898C1525X,TE1A4B1C2D000X,1,1,1,1,1.4,1.4,1.4,1.8,0.0,0.0
5.28924,29,22,440,0,E1A1201B1898C1527X,TE1A4B1C2D000X,1,1,1,1,1.4,1.4,1.4,1.8,0.0,0.0
5.30117,28,22,440,0,E1A1202B1898C1530X,TE1A4B1C2D000X,1,1,1,1,1.4,1.4,1.4,1.8,0.0,0.0
5.32116,27,22,439,0,E1A1205B1898C1533X,TE1A4B1C2D000X,1,1,1,1,1.4,1.4,1.4,1.8,0.0,0.0
5.33302,25,22,440,0,E1A1210B1898C1536X,TE1A4B1C2D000X,1,1,1,1,1.4,1.4,1.4,1.8,0.0,0.0
5.3447,24,22,439,0,E1A1214B1898C1540X,TE1A4B1C2D000X,1,1,1,1,1.4,1.4,1.4,1.8,0.0,0.0
5.35603,23,22,440,0,E1A1219B1898C1543X,TE1A4B1C2D000X,1,1,1,1,1.4,1.4,1.4,1.8,0.0,0.0
5.36774,22,22,439,0,E1A1223B1898C1547X,TE1A4B1C2D000X,1,1,1,1,1.4,1.4,1.4,1.8,0.0,0.0
5.38534,20,22,439,0,E1A1229B1898C1551X,TE1A4B1C2D000X,1,1,1,1,1.4,1.4,1.4,1.8,0.0,0.0
5.39704,19,22,439,0,E1A1236B1898C1555X,TE1A4B1C2D000X,1,1,1,1,1.4,1.4,1.4,1.8,0.0,0.0
5.42128,17,22,438,0,E1A1242B1898C1560X,TE1A4B1C2D000X,1,1,1,1,1.4,1.4,1.4,1.8,0.0,0.0
5.43324,15,22,439,0,E1A1249B1898C1565X,TE1A4B1C2D000X,1,1,1,1,1.4,1.4,1.4,1.8,0.0,0.0
5.44515,14,22,438,0,E1A1255B1898C1569X,TE1A4B1C2D000X,1,1,1,1,1.4,1.4,1.4,1.8,0.0,0.0
5.4564,12,22,439,0,E1A1262B1898C1574X,TE1A3B1C2D000X,1,1,1,1,1.4,1.4,1.4,1.8,0.0,0.0
5.46824,11,22,439,0,E1A1269B1898C1580X,TE1A3B1C2D000X,1,1,1,1,1.4,1.4,1.4,1.8,0.0,0.0
5.47979,9,22,440,0,E1A1275B1898C1585X,TE1A3B1C2D000X,1,1,1,1,1.4,1.4,1.4,1.8,0.0,0.0
5.49104,8,22,439,0,E1A1280B1898C1590X,TE1A3B1C2D000X,1,1,1,1,1.4,1.4,1.4,1.8,0.0,0.0
5.50305,6,23,441,0,E1A1287B1898C1596X,TE1A3B1C2D000X,1,1,1,1,1.4,1.4,1.4,1.8,0.0,0.0
5.52176,5,23,441,0,E1A1292B1898C1601X,TE1A3B1C2D000X,1,1,1,1,1.4,1.4,1.4,1.8,0.0,0.0
5.53351,4,23,441,0,E1A1297B1898C1606X,TE1A3B1C2D000X,1,1,1,1,1.4,1.4,1.4,1.8,0.0,0.0
5.54512,2,23,441,0,E1A1301B1898C1612X,TE1A3B1C2D000X,1,1,1,1,1.4,1.4,1.4,1.8,0.0,0.0
5.55713,1,24,441,0,E1A1306B1898C1617X,TE1A3B1C2D000X,1,1,1,1,1.4,1.4,1.4,1.8,0.0,0.0
5.56925,0,24,441,0,E1A1309B1898C1622X,TE1A3B1C2D000X,1,1,1,1,1.4,1.4,1.4,1.8,0.0,0.0
5.58096,0,24,441,0,E1A1312B1898C1626X,TE1A3B1C2D000X,1,1,1,1,1.4,1.4,1.4,1.8,0.0,0.0
5.59345,-1,24,441,0,E1A1315B1898C1631X,TE1A3B1C2D000X,1,1,1,1,1.4,1.4,1.4,1.8,0.0,0.0
5.60505,-2,25,441,0,E1A1318B1898C1636X,TE1A3B1C2D000X,1,1,1,1,1.4,1.4,1.4,1.8,0.0,0.0
5.61666,-3,25,442,0,E1A1320B1898C1640X,TE1A3B1C2D000X,1,1,1,1,1.4,1.4,1.4,1.8,0.0,0.0
5.62794,-4,25,440,0,E1A1320B1898C1643X,TE1A3B1C2D000X,1,1,1,1,1.4,1.4,1.4,1.8,0.0,0.0
5.63982,-5,25,440,0,E1A1322B1898C1646X,TE1A3B1C2D000X,1,1,1,1,1.4,1.4,1.4,1.8,0.0,0.0
5.65733,-5,25,440,0,E1A1322B1898C1649X,TE1A3B1C2D000X,1,1,1,1,1.4,1.4,1.4,1.8,0.0,0.0
5.66927,-6,25,440,0,E1A1323B1898C1652X,TE1A3B1C2D000X,1,1,1,1,1.4,1.4,1.4,1.8,0.0,0.0
5.68126,-6,25,440,0,E1A1324B1898C1655X,TE1A3B1C2D000X,1,1,1,1,1.4,1.4,1.4,1.8,0.0,0.0
5.69308,-7,25,441,0,E1A1324B1898C1657X,TE1A3B1C2D000X,1,1,1,1,1.4,1.4,1.4,1.8,0.0,0.0
5.70549,-7,25,441,0,E1A1325B1898C1660X,TE1A3B1C2D000X,1,1,1,1,1.4,1.4,1.4,1.8,0.0,0.0
5.71724,-8,25,441,0,E1A1325B1898C1662X,TE1A3B1C2D000X,1,1,1,1,1.4,1.4,1.4,1.8,0.0,0.0
5.72888,-8,25,441,0,E1A1325B1898C1665X,TE1A3B1C2D000X,1,1,1,1,1.4,1.4,1.4,1.8,0.0,0.0
5.74027,-8,25,441,0,E1A1324B1898C1666X,TE1A3B1C2D000X,1,1,1,1,1.4,1.4,1.4,1.8,0.0,0.0
5.75199,-8,25,441,0,E1A1324B1898C1669X,TE1A3B1C2D000X,1,1,1,1,1.4,1.4,1.4,1.8,0.0,0.0
5.76465,-9,25,441,0,E1A1325B1898C1671X,TE1A3B1C2D000X,1,1,1,1,1.4,1.4,1.4,1.8,0.0,0.0
5.7759,-9,25,441,0,E1A1324B1898C1673X,TE1A3B1C2D000X,1,1,1,1,1.4,1.4,1.4,1.8,0.0,0.0
5.7877,-9,25,440,0,E1A1323B1898C1674X,TE1A3B1C2D000X,1,1,1,1,1.4,1.4,1.4,1.8,0.0,0.0
5.79908,-10,25,441,0,E1A1324B1898C1676X,TE1A3B1C2D000X,1,1,1,1,1.4,1.4,1.4,1.8,0.0,0.0
5.81087,-10,25,441,0,E1A1324B1898C1678X,TE1A3B1C2D000X,1,1,1,1,1.4,1.4,1.4,1.8,0.0,0.0
5.82203,-10,25,441,0,E1A1324B1898C1680X,TE1A3B1C2D000X,1,1,1,1,1.4,1.4,1.4,1.8,0.0,0.0
5.83762,-10,25,442,0,E1A1325B1898C1683X,TE1A3B1C2D000X,1,1,1,1,1.4,1.4,1.4,1.8,0.0,0.0
5.86131,-11,25,444,0,E1A1326B1898C1685X,TE1A3B1C2D000X,1,1,1,1,1.4,1.4,1.4,1.8,0.0,0.0
5.8733,-11,25,444,0,E1A1326B1898C1687X,TE1A3B1C2D000X,1,1,1,1,1.4,1.4,1.4,1.8,0.0,0.0
5.88526,-11,25,445,0,E1A1327B1898C1690X,TE1A3B1C2D000X,1,1,1,1,1.4,1.4,1.4,1.8,0.0,0.0
5.89705,-12,25,446,0,E1A1327B1898C1692X,TE1A3B1C2D000X,1,1,1,1,1.4,1.4,1.4,1.8,0.0,0.0
5.90909,-12,25,447,0,E1A1327B1898C1694X,TE1A3B1C2D000X,1,1,1,1,1.4,1.4,1.4,1.8,0.0,0.0
5.94132,-12,25,446,0,E1A1326B1898C1697X,TE1A3B1C2D000X,1,1,1,1,1.4,1.4,1.4,1.8,0.0,0.0
5.95338,-13,26,447,0,E1A1327B1898C1699X,TE1A3B1C2D000X,1,1,1,1,1.4,1.4,1.4,1.8,0.0,0.0
5.96508,-13,26,447,0,E1A1325B1898C1702X,TE1A3B1C2D000X,1,1,1,1,1.4,1.4,1.4,1.8,0.0,0.0
5.9768,-13,26,446,0,E1A1323B1898C1703X,TE1A3B1C2D000X,1,1,1,1,1.4,1.4,1.4,1.8,0.0,0.0
5.9885,-13,26,446,0,E1A1322B1898C1706X,TE1A3B1C2D000X,1,1,1,1,1.4,1.4,1.4,1.8,0.0,0.0
6.00028,-14,26,446,0,E1A1322B1898C1708X,TE1A3B1C2D000X,1,1,1,1,1.4,1.4,1.4,1.8,0.0,0.0
6.01179,-14,26,445,0,E1A1319B1898C1710X,TE1A3B1C1D000X,1,1,1,1,1.4,1.4,1.4,1.8,0.0,0.0
6.0235,-14,26,445,0,E1A1319B1898C1713X,TE1A3B1C1D000X,1,1,1,1,1.4,1.4,1.4,1.8,0.0,0.0
6.03532,-15,26,446,0,E1A1319B1898C1715X,TE1A3B1C1D000X,1,1,1,1,1.4,1.4,1.4,1.8,0.0,0.0
6.04671,-15,26,445,0,E1A1317B1898C1718X,TE1A3B1C1D000X,1,1,1,1,1.4,1.4,1.4,1.8,0.0,0.0
6.07732,-15,26,444,0,E1A1316B1898C1721X,TE1A3B1C1D000X,1,1,1,1,1.4,1.4,1.4,1.8,0.0,0.0
6.09721,-16,26,444,0,E1A1324B1901C1721X,TE1A3B1C1D000X,1,1,1,1,1.4,1.4,1.4,1.8,0.0,0.0
6.10935,-17,26,443,0,E1A1331B1897C1721X,TE1A3B1C1D000X,1,1,1,1,1.4,1.4,1.4,1.8,0.0,0.0
6.13327,-18,26,443,0,E1A1341B1893C1721X,TE1A3B1C1D000X,1,1,1,1,1.4,1.4,1.4,1.8,0.0,0.0
6.14526,-19,26,443,0,E1A1351B1888C1721X,TE1A3B1C1D000X,1,1,1,1,1.4,1.4,1.4,1.8,0.0,0.0
6.15693,-20,26,443,0,E1A1361B1883C1721X,TE1A3B1C1D000X,1,1,1,1,1.4,1.4,1.4,1.8,0.0,0.0
6.17717,-20,26,442,0,E1A1369B1879C1721X,TE1A3B1C1D000X,1,1,1,1,1.4,1.4,1.4,1.8,0.0,0.0
6.1893,-21,27,442,0,E1A1378B1874C1721X,TE1A3B1C1D000X,1,1,1,1,1.4,1.4,1.4,1.8,0.0,0.0
6.20151,-22,27,441,0,E1A1385B1869C1721X,TE1A3B1C1D000X,1,1,1,1,1.4,1.4,1.4,1.8,0.0,0.0
6.21317,-23,27,441,0,E1A1393B1864C1721X,TE1A3B1C1D000X,1,1,1,1,1.4,1.4,1.4,1.8,0.0,0.0
6.22462,-24,27,441,0,E1A1402B1859C1721X,TE1A3B1C1D000X,1,1,1,1,1.4,1.4,1.4,1.8,0.0,0.0
6.2363,-24,27,441,0,E1A1410B1854C1721X,TE1A3B1C1D000X,1,1,1,1,1.4,1.4,1.4,1.8,0.0,0.0
6.24819,-25,28,441,0,E1A1418B1849C1721X,TE1A3B1C1D000X,1,1,1,1,1.4,1.4,1.4,1.8,0.0,0.0
6.25972,-26,28,441,0,E1A1426B1843C1721X,TE1A3B1C1D000X,1,1,1,1,1.4,1.4,1.4,1.8,0.0,0.0
6.27735,-27,28,441,0,E1A1436B1837C1721X,TE1A3B1C1D000X,1,1,1,1,1.4,1.4,1.4,1.8,0.0,0.0
6.28922,-28,28,441,0,E1A1445B1831C1721X,TE1A3B1C1D000X,1,1,1,1,1.4,1.4,1.4,1.8,0.0,0.0
6.30138,-29,29,441,0,E1A1453B1824C1721X,TE1A3B1C1D000X,1,1,1,1,1.4,1.4,1.4,1.8,0.0,0.0
6.31333,-30,29,441,0,E1A1462B1817C1721X,TE1A3B1C1D000X,1,1,1,1,1.4,1.4,1.4,1.8,0.0,0.0
6.32496,-31,29,440,0,E1A1471B1810C1721X,TE1A3B1C1D000X,1,1,1,1,1.4,1.4,1.4,1.8,0.0,0.0
6.33841,-32,30,441,0,E1A1480B1803C1721X,TE1A3B1C1D000X,1,1,1,1,1.4,1.4,1.4,1.8,0.0,0.0
6.35047,-33,30,441,0,E1A1490B1795C1721X,TE1A3B1C1D000X,1,1,1,1,1.4,1.4,1.4,1.8,0.0,0.0
6.36204,-34,31,440,0,E1A1498B1787C1721X,TE1A2B1C1D000X,1,1,1,1,1.4,1.4,1.4,1.8,0.0,0.0
6.37435,-36,31,440,0,E1A1507B1779C1721X,TE1A2B1C1D000X,1,1,1,1,1.4,1.4,1.4,1.8,0.0,0.0
6.38606,-37,31,440,0,E1A1515B1770C1721X,TE1A2B1C1D000X,1,1,1,1,1.4,1.4,1.4,1.8,0.0,0.0
6.39783,-38,32,440,0,E1A1524B1762C1721X,TE1A2B1C1D000X,1,1,1,1,1.4,1.4,1.4,1.8,0.0,0.0
6.40949,-39,32,440,0,E1A1531B1753C1721X,TE1A2B1C1D000X,1,1,1,1,1.4,1.4,1.4,1.8,0.0,0.0
6.42252,-40,33,439,0,E1A1538B1745C1721X,TE1A2B1C1D000X,1,1,1,1,1.4,1.4,1.4,1.8,0.0,0.0
6.43544,-41,33,439,0,E1A1544B1736C1721X,TE1A2B1C1D000X,1,1,1,1,1.4,1.4,1.4,1.8,0.0,0.0
6.44936,-42,33,439,0,E1A1552B1727C1721X,TE1A2B1C1D000X,1,1,1,1,1.4,1.4,1.4,1.8,0.0,0.0
6.4612,-43,34,439,0,E1A1558B1718C1721X,TE1A2B1C1D000X,1,1,1,1,1.4,1.4,1.4,1.8,0.0,0.0
6.47277,-44,34,439,0,E1A1564B1709C1721X,TE1A2B1C1D000X,1,1,1,1,1.4,1.4,1.4,1.8,0.0,0.0
6.4862,-46,34,440,0,E1A1571B1700C1721X,TE1A2B1C1D000X,1,1,1,1,1.4,1.4,1.4,1.8,0.0,0.0
6.50043,-47,35,440,0,E1A1577B1691C1721X,TE1A2B2C1D000X,1,1,1,1,1.4,1.4,1.4,1.8,0.0,0.0
6.51335,-47,35,440,0,E1A1582B1682C1721X,TE1A2B2C1D000X,1,1,1,1,1.4,1.4,1.4,1.8,0.0,0.0
6.5268,-48,35,439,0,E1A1586B1674C1721X,TE1A2B2C1D000X,1,1,1,1,1.4,1.4,1.4,1.8,0.0,0.0
6.54082,-49,35,438,0,E1A1591B1665C1721X,TE1A2B2C1D000X,1,1,1,1,1.4,1.4,1.4,1.8,0.0,0.0
6.55217,-50,36,439,0,E1A1596B1655C1721X,TE1A2B2C1D000X,1,1,1,1,1.4,1.4,1.4,1.8,0.0,0.0
6.56368,-51,36,439,0,E1A1601B1646C1721X,TE1A2B2C1D000X,1,1,1,1,1.4,1.4,1.4,1.8,0.0,0.0
6.57551,-52,36,438,0,E1A1605B1637C1721X,TE1A2B2C1D000X,1,1,1,1,1.4,1.4,1.4,1.8,0.0,0.0
6.59737,-53,36,439,0,E1A1610B1627C1721X,TE1A2B2C1D000X,1,1,1,1,1.4,1.4,1.4,1.8,0.0,0.0
6.60982,-54,37,439,0,E1A1615B1617C1721X,TE1A2B2C1D000X,1,1,1,1,1.4,1.4,1.4,1.8,0.0,0.0
6.62932,-55,37,439,0,E1A1619B1607C1721X,TE1A2B2C1D000X,1,1,1,1,1.4,1.4,1.4,1.8,0.0,0.0
6.64192,-56,37,438,0,E1A1622B1597C1721X,TE1A2B2C1D000X,1,1,1,1,1.4,1.4,1.4,1.8,0.0,0.0
6.6537,-56,37,438,0,E1A1625B1588C1721X,TE1A2B2C1D000X,1,1,1,1,1.4,1.4,1.4,1.8,0.0,0.0
6.66581,-57,37,438,0,E1A1629B1579C1721X,TE1A2B2C1D000X,1,1,1,1,1.4,1.4,1.4,1.8,0.0,0.0
6.67905,-58,37,439,0,E1A1632B1570C1721X,TE1A2B2C1D000X,1,1,1,1,1.4,1.4,1.4,1.8,0.0,0.0
6.69762,-59,38,438,0,E1A1634B1560C1721X,TE1A2B2C1D000X,1,1,1,1,1.4,1.4,1.4,1.8,0.0,0.0
6.72187,-60,38,440,0,E1A1639B1549C1721X,TE1A2B2C1D000X,1,1,1,1,1.4,1.4,1.4,1.8,0.0,0.0
6.73382,-60,38,440,0,E1A1641B1538C1721X,TE1A2B2C1D000X,1,1,1,1,1.4,1.4,1.4,1.8,0.0,0.0
6.74704,-61,38,440,0,E1A1645B1527C1721X,TE1A2B2C1D000X,1,1,1,1,1.4,1.4,1.4,1.8,0.0,0.0
6.7589,-62,38,439,0,E1A1646B1518C1721X,TE1A2B2C1D000X,1,1,1,1,1.4,1.4,1.4,1.8,0.0,0.0
6.77081,-62,38,438,0,E1A1648B1508C1721X,TE1A2B2C1D000X,1,1,1,1,1.4,1.4,1.4,1.8,0.0,0.0
6.78281,-63,38,437,0,E1A1650B1498C1721X,TE1A2B2C1D000X,1,1,1,1,1.4,1.4,1.4,1.8,0.0,0.0
6.79446,-64,39,436,0,E1A1652B1487C1721X,TE1A2B2C1D000X,1,1,1,1,1.4,1.4,1.4,1.8,0.0,0.0
6.80597,-64,39,435,0,E1A1654B1477C1721X,TE1A2B2C1D000X,1,1,1,1,1.4,1.4,1.4,1.8,0.0,0.0
6.81792,-65,39,435,0,E1A1657B1467C1721X,TE1A2B2C1D000X,1,1,1,1,1.4,1.4,1.4,1.8,0.0,0.0
6.82917,-65,38,434,0,E1A1659B1457C1721X,TE1A2B3C1D000X,1,1,1,1,1.4,1.4,1.4,1.8,0.0,0.0
6.84091,-66,38,434,0,E1A1662B1448C1721X,TE1A2B3C1D000X,1,1,1,1,1.4,1.4,1.4,1.8,0.0,0.0
6.85283,-66,38,434,0,E1A1664B1439C1721X,TE1A2B3C1D000X,1,1,1,1,1.4,1.4,1.4,1.8,0.0,0.0
6.86453,-67,38,434,0,E1A1666B1430C1721X,TE1A2B3C1D000X,1,1,1,1,1.4,1.4,1.4,1.8,0.0,0.0
6.87658,-67,38,433,0,E1A1668B1422C1721X,TE1A2B3C1D000X,1,1,1,1,1.4,1.4,1.4,1.8,0.0,0.0
6.88803,-67,38,433,0,E1A1670B1414C1721X,TE1A2B3C1D000X,1,1,1,1,1.4,1.4,1.4,1.8,0.0,0.0
6.89955,-68,38,433,0,E1A1672B1406C1721X,TE1A2B3C1D000X,1,1,1,1,1.4,1.4,1.4,1.8,0.0,0.0
6.91324,-68,38,433,0,E1A1675B1399C1721X,TE1A2B3C1D000X,1,1,1,1,1.4,1.4,1.4,1.8,0.0,0.0
6.92459,-68,37,433,0,E1A1678B1391C1721X,TE1A2B3C1D000X,1,1,1,1,1.4,1.4,1.4,1.8,0.0,0.0
6.9363,-68,37,433,0,E1A1681B1385C1721X,TE1A2B3C1D000X,1,1,1,1,1.4,1.4,1.4,1.8,0.0,0.0
6.94801,-69,37,433,0,E1A1683B1380C1721X,TE1A2B3C1D000X,1,1,1,1,1.4,1.4,1.4,1.8,0.0,0.0
6.95916,-69,36,434,0,E1A1686B1376C1721X,TE1A2B3C1D000X,1,1,1,1,1.4,1.4,1.4,1.8,0.0,0.0
6.97713,-68,36,435,0,E1A1688B1373C1721X,TE1A2B3C1D000X,1,1,1,1,1.4,1.4,1.4,1.8,0.0,0.0
6.98939,-68,35,436,0,E1A1690B1372C1721X,TE1A2B3C1D000X,1,1,1,1,1.4,1.4,1.4,1.8,0.0,0.0
7.00355,-68,35,436,0,E1A1691B1371C1721X,TE1A2B3C1D000X,1,1,1,1,1.4,1.4,1.4,1.8,0.0,0.0
7.01526,-67,34,436,0,E1A1692B1371C1721X,TE1A2B3C1D000X,1,1,1,1,1.4,1.4,1.4,1.8,0.0,0.0
7.02694,-66,33,436,0,E1A1693B1372C1721X,TE1A2B3C1D000X,1,1,1,1,1.4,1.4,1.4,1.8,0.0,0.0
7.03865,-66,33,436,0,E1A1695B1374C1721X,TE1A2B3C1D000X,1,1,1,1,1.4,1.4,1.4,1.8,0.0,0.0
7.04989,-65,32,437,0,E1A1696B1377C1721X,TE1A2B3C1D000X,1,1,1,1,1.4,1.4,1.4,1.8,0.0,0.0
7.08156,-64,31,438,0,E1A1697B1385C1721X,TE1A2B3C1D000X,1,1,1,1,1.4,1.4,1.4,1.8,0.0,0.0
7.09337,-62,30,438,0,E1A1697B1394C1721X,TE1A2B3C1D000X,1,1,1,1,1.4,1.4,1.4,1.8,0.0,0.0
7.10517,-61,29,438,0,E1A1697B1403C1721X,TE1A2B3C1D000X,1,1,1,1,1.4,1.4,1.4,1.8,0.0,0.0
7.11688,-59,27,439,0,E1A1698B1413C1721X,TE1A2B3C1D000X,1,1,1,1,1.4,1.4,1.4,1.8,0.0,0.0
7.12858,-58,26,441,0,E1A1699B1425C1721X,TE1A2B3C1D000X,1,1,1,1,1.4,1.4,1.4,1.8,0.0,0.0
7.14006,-56,25,441,0,E1A1698B1437C1721X,TE1A2B3C1D000X,1,1,1,1,1.4,1.4,1.4,1.8,0.0,0.0
7.15189,-54,24,442,0,E1A1698B1449C1721X,TE1A2B3C1D000X,1,1,1,1,1.4,1.4,1.4,1.8,0.0,0.0
7.16312,-52,23,444,0,E1A1698B1463C1721X,TE1A2B3C1D000X,1,1,1,1,1.4,1.4,1.4,1.8,0.0,0.0
7.18158,-50,21,444,0,E1A1697B1479C1721X,TE1A2B3C1D000X,1,1,1,1,1.4,1.4,1.4,1.8,0.0,0.0
7.19344,-48,20,444,0,E1A1695B1495C1721X,TE1A2B3C1D000X,1,1,1,1,1.4,1.4,1.4,1.8,0.0,0.0
7.21733,-45,18,444,0,E1A1693B1514C1721X,TE1A2B2C1D000X,1,1,1,1,1.4,1.4,1.4,1.8,0.0,0.0
7.23737,-42,16,446,0,E1A1690B1536C1721X,TE1A2B2C1D000X,1,1,1,1,1.4,1.4,1.4,1.8,0.0,0.0
7.24933,-39,15,447,0,E1A1686B1557C1721X,TE1A2B2C1D000X,1,1,1,1,1.4,1.4,1.4,1.8,0.0,0.0
7.2613,-36,13,447,0,E1A1681B1578C1721X,TE1A2B2C1D000X,1,1,1,1,1.4,1.4,1.4,1.8,0.0,0.0
7.27348,-33,12,448,0,E1A1676B1599C1721X,TE1A2B2C1D000X,1,1,1,1,1.4,1.4,1.4,1.8,0.0,0.0
7.28522,-30,11,447,0,E1A1668B1618C1721X,TE1A2B2C1D000X,1,1,1,1,1.4,1.4,1.4,1.8,0.0,0.0
7.29716,-26,9,448,0,E1A1661B1638C1721X,TE1A2B2C1D000X,1,1,1,1,1.4,1.4,1.4,1.8,0.0,0.0
7.31722,-23,8,445,0,E1A1648B1657C1721X,TE1A2B2C1D000X,1,1,1,1,1.4,1.4,1.4,1.8,0.0,0.0
7.32955,-19,7,445,0,E1A1635B1676C1721X,TE1A2B2C1D000X,1,1,1,1,1.4,1.4,1.4,1.8,0.0,0.0
7.34138,-16,6,446,0,E1A1621B1694C1721X,TE1A2B2C1D000X,1,1,1,1,1.4,1.4,1.4,1.8,0.0,0.0
7.35332,-12,5,447,0,E1A1605B1711C1721X,TE1A2B2C1D000X,1,1,1,1,1.4,1.4,1.4,1.8,0.0,0.0
7.36534,-9,4,446,0,E1A1588B1726C1721X,TE1A2B2C1D000X,1,1,1,1,1.4,1.4,1.4,1.8,0.0,0.0
7.38507,-5,4,447,0,E1A1643B1767C1721X,TE1A2B1C1D000X,1,1,1,1,1.4,1.4,1.4,1.8,0.0,0.0
7.40928,-1,3,447,0,E1A1680B1802C1721X,TE1A2B1C1D000X,1,1,1,1,1.4,1.4,1.4,1.8,0.0,0.0
7.44147,2,2,447,0,E1A1702B1835C1721X,TE1A2B1C1D000X,1,1,1,1,1.4,1.4,1.4,1.8,0.0,0.0
7.45331,6,2,448,0,E1A1712B1863C1721X,TE1A2B1C1D000X,1,1,1,1,1.4,1.4,1.4,1.8,0.0,0.0
7.46523,9,1,447,0,E1A1680B1877C1721X,TE1A2B1C1D000X,1,1,1,1,1.4,1.4,1.4,1.8,0.0,0.0
7.47732,13,0,448,0,E1A1649B1890C1721X,TE1A2B1C1D000X,1,1,1,1,1.4,1.4,1.4,1.8,0.0,0.0
7.48945,16,0,448,0,E1A1617B1902C1721X,TE1A2B1C1D000X,1,1,1,1,1.4,1.4,1.4,1.8,0.0,0.0
7.50121,19,0,449,0,E1A1600B1902C1714X,TE1A2B1C1D000X,1,1,1,1,1.4,1.4,1.4,1.8,0.0,0.0
7.51314,22,-1,449,0,E1A1590B1902C1704X,TE1A2B1C1D000X,1,1,1,1,1.4,1.4,1.4,1.8,0.0,0.0
7.52487,25,-2,449,0,E1A1580B1902C1695X,TE1A2B1C2D000X,1,1,1,1,1.4,1.4,1.4,1.8,0.0,0.0
7.54561,27,-3,449,0,E1A1569B1902C1685X,TE1A2B1C2D000X,1,1,1,1,1.4,1.4,1.4,1.8,0.0,0.0
7.5574,30,-3,451,0,E1A1561B1902C1675X,TE1A2B1C2D000X,1,1,1,1,1.4,1.4,1.4,1.8,0.0,0.0
7.57727,32,-4,452,0,E1A1552B1902C1665X,TE1A2B1C2D000X,1,1,1,1,1.4,1.4,1.4,1.8,0.0,0.0
7.5893,34,-5,455,0,E1A1544B1902C1655X,TE1A2B1C2D000X,1,1,1,1,1.4,1.4,1.4,1.8,0.0,0.0
7.60164,36,-6,454,0,E1A1535B1902C1646X,TE1A2B1C2D000X,1,1,1,1,1.4,1.4,1.4,1.8,0.0,0.0
7.61342,38,-7,454,0,E1A1527B1902C1638X,TE1A2B1C2D000X,1,1,1,1,1.4,1.4,1.4,1.8,0.0,0.0
7.62488,40,-7,455,0,E1A1518B1902C1630X,TE1A2B1C2D000X,1,1,1,1,1.4,1.4,1.4,1.8,0.0,0.0
7.63738,41,-8,454,0,E1A1510B1902C1622X,TE1A2B1C2D000X,1,1,1,1,1.4,1.4,1.4,1.8,0.0,0.0
7.64936,43,-9,453,0,E1A1502B1902C1615X,TE1A2B1C2D000X,1,1,1,1,1.4,1.4,1.4,1.8,0.0,0.0
7.66111,44,-9,453,0,E1A1495B1902C1608X,TE1A2B1C2D000X,1,1,1,1,1.4,1.4,1.4,1.8,0.0,0.0
7.67718,45,-10,452,0,E1A1487B1902C1601X,TE1A2B1C2D000X,1,1,1,1,1.4,1.4,1.4,1.8,0.0,0.0
7.68948,46,-10,452,0,E1A1479B1902C1595X,TE1A2B1C2D000X,1,1,1,1,1.4,1.4,1.4,1.8,0.0,0.0
7.70129,48,-11,452,0,E1A1472B1902C1589X,TE1A2B1C2D000X,1,1,1,1,1.4,1.4,1.4,1.8,0.0,0.0
7.71339,49,-11,452,0,E1A1465B1902C1584X,TE1A3B1C2D000X,1,1,1,1,1.4,1.4,1.4,1.8,0.0,0.0
7.72518,49,-11,451,0,E1A1458B1902C1579X,TE1A3B1C2D000X,1,1,1,1,1.4,1.4,1.4,1.8,0.0,0.0
7.73756,50,-11,451,0,E1A1453B1902C1574X,TE1A3B1C2D000X,1,1,1,1,1.4,1.4,1.4,1.8,0.0,0.0
7.74932,51,-12,452,0,E1A1447B1902C1570X,TE1A3B1C2D000X,1,1,1,1,1.4,1.4,1.4,1.8,0.0,0.0
7.76078,51,-12,452,0,E1A1442B1902C1566X,TE1A3B1C2D000X,1,1,1,1,1.4,1.4,1.4,1.8,0.0,0.0
7.7728,52,-12,452,0,E1A1437B1902C1563X,TE1A3B1C2D000X,1,1,1,1,1.4,1.4,1.4,1.8,0.0,0.0
7.79347,52,-12,452,0,E1A1432B1902C1560X,TE1A3B1C2D000X,1,1,1,1,1.4,1.4,1.4,1.8,0.0,0.0
7.80542,53,-12,452,0,E1A1427B1902C1558X,TE1A3B1C2D000X,1,1,1,1,1.4,1.4,1.4,1.8,0.0,0.0
7.81714,53,-12,451,0,E1A1423B1902C1555X,TE1A3B1C2D000X,1,1,1,1,1.4,1.4,1.4,1.8,0.0,0.0
7.83718,53,-12,451,0,E1A1419B1902C1553X,TE1A3B1C2D000X,1,1,1,1,1.4,1.4,1.4,1.8,0.0,0.0
7.84951,53,-12,450,0,E1A1415B1902C1552X,TE1A3B1C2D000X,1,1,1,1,1.4,1.4,1.4,1.8,0.0,0.0
7.86144,53,-11,450,0,E1A1412B1902C1550X,TE1A3B1C2D000X,1,1,1,1,1.4,1.4,1.4,1.8,0.0,0.0
7.87346,53,-11,450,0,E1A1409B1902C1549X,TE1A3B1C2D000X,1,1,1,1,1.4,1.4,1.4,1.8,0.0,0.0
7.88531,53,-11,450,0,E1A1407B1902C1548X,TE1A3B1C2D000X,1,1,1,1,1.4,1.4,1.4,1.8,0.0,0.0
7.89677,52,-11,449,0,E1A1404B1902C1547X,TE1A3B1C2D000X,1,1,1,1,1.4,1.4,1.4,1.8,0.0,0.0
7.90884,52,-11,449,0,E1A1401B1902C1546X,TE1A3B1C2D000X,1,1,1,1,1.4,1.4,1.4,1.8,0.0,0.0
7.92085,52,-11,448,0,E1A1399B1902C1546X,TE1A3B1C2D000X,1,1,1,1,1.4,1.4,1.4,1.8,0.0,0.0
7.94955,52,-11,448,0,E1A1397B1902C1545X,TE1A3B1C2D000X,1,1,1,1,1.4,1.4,1.4,1.8,0.0,0.0
7.9614,51,-10,448,0,E1A1395B1902C1544X,TE1A3B1C2D000X,1,1,1,1,1.4,1.4,1.4,1.8,0.0,0.0
7.97377,51,-10,448,0,E1A1393B1902C1544X,TE1A3B1C2D000X,1,1,1,1,1.4,1.4,1.4,1.8,0.0,0.0
7.98566,51,-10,448,0,E1A1392B1902C1543X,TE1A3B1C2D000X,1,1,1,1,1.4,1.4,1.4,1.8,0.0,0.0
8.00553,51,-10,449,0,E1A1390B1902C1543X,TE1A3B1C2D000X,1,1,1,1,1.4,1.4,1.4,1.8,0.0,0.0
8.01738,50,-10,448,0,E1A1388B1902C1542X,TE1A3B1C2D000X,1,1,1,1,1.4,1.4,1.4,1.8,0.0,0.0
8.02937,50,-10,449,0,E1A1387B1902C1541X,TE1A3B1C2D000X,1,1,1,1,1.4,1.4,1.4,1.8,0.0,0.0
8.0416,50,-9,449,0,E1A1385B1902C1541X,TE1A3B1C2D000X,1,1,1,1,1.4,1.4,1.4,1.8,0.0,0.0
8.05334,50,-9,450,0,E1A1384B1902C1541X,TE1A3B1C2D000X,1,1,1,1,1.4,1.4,1.4,1.8,0.0,0.0
8.07387,49,-9,449,0,E1A1383B1902C1541X,TE1A3B1C2D000X,1,1,1,1,1.4,1.4,1.4,1.8,0.0,0.0
8.08578,49,-9,450,0,E1A1382B1902C1541X,TE1A3B1C2D000X,1,1,1,1,1.4,1.4,1.4,1.8,0.0,0.0
8.0973,49,-9,451,0,E1A1381B1902C1541X,TE1A3B1C2D000X,1,1,1,1,1.4,1.4,1.4,1.8,0.0,0.0
8.10955,48,-9,450,0,E1A1380B1902C1541X,TE1A3B1C2D000X,1,1,1,1,1.4,1.4,1.4,1.8,0.0,0.0
8.12139,48,-8,450,0,E1A1380B1902C1540X,TE1A3B1C2D000X,1,1,1,1,1.4,1.4,1.4,1.8,0.0,0.0
8.13374,48,-8,452,0,E1A1379B1902C1540X,TE1A3B1C2D000X,1,1,1,1,1.4,1.4,1.4,1.8,0.0,0.0
8.14555,48,-8,452,0,E1A1379B1902C1540X,TE1A3B1C2D000X,1,1,1,1,1.4,1.4,1.4,1.8,0.0,0.0
8.15697,47,-8,453,0,E1A1378B1902C1540X,TE1A3B1C2D000X,1,1,1,1,1.4,1.4,1.4,1.8,0.0,0.0
8.16875,47,-8,453,0,E1A1377B1902C1540X,TE1A3B1C2D000X,1,1,1,1,1.4,1.4,1.4,1.8,0.0,0.0
8.18945,47,-8,454,0,E1A1376B1902C1539X,TE1A3B1C2D000X,1,1,1,1,1.4,1.4,1.4,1.8,0.0,0.0
8.20116,47,-8,454,0,E1A1374B1902C1539X,TE1A3B1C2D000X,1,1,1,1,1.4,1.4,1.4,1.8,0.0,0.0
8.21356,46,-7,453,0,E1A1372B1902C1538X,TE1A3B1C2D000X,1,1,1,1,1.4,1.4,1.4,1.8,0.0,0.0
8.2254,46,-7,452,0,E1A1370B1902C1538X,TE1A3B1C2D000X,1,1,1,1,1.4,1.4,1.4,1.8,0.0,0.0
8.23742,46,-7,452,0,E1A1368B1902C1537X,TE1A3B1C2D000X,1,1,1,1,1.4,1.4,1.4,1.8,0.0,0.0
8.24921,46,-7,452,0,E1A1366B1902C1536X,TE1A3B1C2D000X,1,1,1,1,1.4,1.4,1.4,1.8,0.0,0.0
8.26096,46,-7,451,0,E1A1363B1902C1535X,TE1A3B1C2D000X,1,1,1,1,1.4,1.4,1.4,1.8,0.0,0.0
8.27221,45,-7,451,0,E1A1361B1902C1534X,TE1A3B1C2D000X,1,1,1,1,1.4,1.4,1.4,1.8,0.0,0.0
8.28428,45,-7,450,0,E1A1358B1902C1533X,TE1A3B1C2D000X,1,1,1,1,1.4,1.4,1.4,1.8,0.0,0.0
8.29613,45,-7,450,0,E1A1356B1902C1532X,TE1A3B1C2D000X,1,1,1,1,1.4,1.4,1.4,1.8,0.0,0.0
8.30805,45,-7,450,0,E1A1354B1902C1531X,TE1A3B1C2D000X,1,1,1,1,1.4,1.4,1.4,1.8,0.0,0.0
8.32008,45,-7,449,0,E1A1352B1902C1530X,TE1A3B1C2D000X,1,1,1,1,1.4,1.4,1.4,1.8,0.0,0.0
8.33186,45,-7,451,0,E1A1351B1902C1529X,TE1A3B1C2D000X,1,1,1,1,1.4,1.4,1.4,1.8,0.0,0.0
8.34371,45,-7,452,0,E1A1350B1902C1528X,TE1A3B1C2D000X,1,1,1,1,1.4,1.4,1.4,1.8,0.0,0.0
8.35524,45,-7,451,0,E1A1349B1902C1526X,TE1A3B1C2D000X,1,1,1,1,1.4,1.4,1.4,1.8,0.0,0.0
8.36717,45,-7,451,0,E1A1347B1902C1525X,TE1A3B1C2D000X,1,1,1,1,1.4,1.4,1.4,1.8,0.0,0.0
8.37961,44,-7,451,0,E1A1346B1902C1523X,TE1A3B1C2D000X,1,1,1,1,1.4,1.4,1.4,1.8,0.0,0.0
8.39139,44,-7,450,0,E1A1344B1902C1521X,TE1A3B1C2D000X,1,1,1,1,1.4,1.4,1.4,1.8,0.0,0.0
8.4038,44,-7,451,0,E1A1344B1902C1520X,TE1A3B1C2D000X,1,1,1,1,1.4,1.4,1.4,1.8,0.0,0.0
8.41594,44,-7,451,0,E1A1343B1902C1518X,TE1A3B1C2D000X,1,1,1,1,1.4,1.4,1.4,1.8,0.0,0.0
8.42727,44,-8,452,0,E1A1343B1902C1516X,TE1A3B1C2D000X,1,1,1,1,1.4,1.4,1.4,1.8,0.0,0.0
8.4416,44,-8,452,0,E1A1342B1902C1515X,TE1A3B1C2D000X,1,1,1,1,1.4,1.4,1.4,1.8,0.0,0.0
8.45352,44,-8,452,0,E1A1341B1902C1513X,TE1A3B1C2D000X,1,1,1,1,1.4,1.4,1.4,1.8,0.0,0.0
8.46545,44,-8,452,0,E1A1339B1902C1512X,TE1A3B1C2D000X,1,1,1,1,1.4,1.4,1.4,1.8,0.0,0.0
8.4816,44,-8,452,0,E1A1338B1902C1510X,TE1A3B1C2D000X,1,1,1,1,1.4,1.4,1.4,1.8,0.0,0.0
8.49354,44,-8,453,0,E1A1337B1902C1508X,TE1A3B1C2D000X,1,1,1,1,1.4,1.4,1.4,1.8,0.0,0.0
8.5056,44,-8,452,0,E1A1335B1902C1507X,TE1A3B1C2D000X,1,1,1,1,1.4,1.4,1.4,1.8,0.0,0.0
8.51759,44,-8,453,0,E1A1333B1902C1506X,TE1A3B1C2D000X,1,1,1,1,1.4,1.4,1.4,1.8,0.0,0.0
8.52936,44,-8,453,0,E1A1331B1902C1504X,TE1A3B1C2D000X,1,1,1,1,1.4,1.4,1.4,1.8,0.0,0.0
8.54958,44,-8,454,0,E1A1329B1902C1503X,TE1A3B1C2D000X,1,1,1,1,1.4,1.4,1.4,1.8,0.0,0.0
8.56159,44,-8,454,0,E1A1327B1902C1502X,TE1A3B1C2D000X,1,1,1,1,1.4,1.4,1.4,1.8,0.0,0.0
8.57317,44,-8,454,0,E1A1324B1902C1501X,TE1A3B1C2D000X,1,1,1,1,1.4,1.4,1.4,1.8,0.0,0.0
8.58513,44,-8,453,0,E1A1321B1902C1500X,TE1A3B1C2D000X,1,1,1,1,1.4,1.4,1.4,1.8,0.0,0.0
8.6058,44,-8,454,0,E1A1319B1902C1499X,TE1A3B1C2D000X,1,1,1,1,1.4,1.4,1.4,1.8,0.0,0.0
8.61801,44,-8,454,0,E1A1317B1902C1498X,TE1A3B1C2D000X,1,1,1,1,1.4,1.4,1.4,1.8,0.0,0.0
8.63757,44,-8,455,0,E1A1315B1902C1497X,TE1A3B1C2D000X,1,1,1,1,1.4,1.4,1.4,1.8,0.0,0.0
8.64965,44,-7,455,0,E1A1313B1902C1496X,TE1A3B1C2D000X,1,1,1,1,1.4,1.4,1.4,1.8,0.0,0.0
8.66139,43,-7,455,0,E1A1311B1902C1496X,TE1A3B1C2D000X,1,1,1,1,1.4,1.4,1.4,1.8,0.0,0.0
8.67355,43,-7,455,0,E1A1308B1902C1495X,TE1A3B1C2D000X,1,1,1,1,1.4,1.4,1.4,1.8,0.0,0.0
8.70571,43,-7,454,0,E1A1306B1902C1494X,TE1A3B1C2D000X,1,1,1,1,1.4,1.4,1.4,1.8,0.0,0.0
8.71769,43,-7,453,0,E1A1303B1902C1493X,TE1A3B1C2D000X,1,1,1,1,1.4,1.4,1.4,1.8,0.0,0.0
8.74161,43,-7,455,0,E1A1302B1902C1492X,TE1A3B1C2D000X,1,1,1,1,1.4,1.4,1.4,1.8,0.0,0.0
8.76162,43,-7,456,0,E1A1301B1902C1492X,TE1A3B1C2D000X,1,1,1,1,1.4,1.4,1.4,1.8,0.0,0.0
8.7734,43,-7,456,0,E1A1299B1902C1491X,TE1A3B1C2D000X,1,1,1,1,1.4,1.4,1.4,1.8,0.0,0.0
8.78555,43,-6,455,0,E1A1296B1902C1491X,TE1A3B1C2D000X,1,1,1,1,1.4,1.4,1.4,1.8,0.0,0.0
8.79748,43,-6,454,0,E1A1293B1902C1490X,TE1A3B1C2D000X,1,1,1,1,1.4,1.4,1.4,1.8,0.0,0.0
8.80935,43,-6,454,0,E1A1290B1902C1489X,TE1A3B1C2D000X,1,1,1,1,1.4,1.4,1.4,1.8,0.0,0.0
8.82143,43,-6,455,0,E1A1288B1902C1489X,TE1A3B1C2D000X,1,1,1,1,1.4,1.4,1.4,1.8,0.0,0.0
8.84147,43,-6,455,0,E1A1286B1902C1488X,TE1A3B1C2D000X,1,1,1,1,1.4,1.4,1.4,1.8,0.0,0.0
8.85351,43,-6,455,0,E1A1283B1902C1488X,TE1A3B1C2D000X,1,1,1,1,1.4,1.4,1.4,1.8,0.0,0.0
8.86542,43,-5,455,0,E1A1280B1902C1487X,TE1A3B1C2D000X,1,1,1,1,1.4,1.4,1.4,1.8,0.0,0.0
8.87772,42,-5,454,0,E1A1277B1902C1486X,TE1A3B1C2D000X,1,1,1,1,1.4,1.4,1.4,1.8,0.0,0.0
8.88914,42,-5,454,0,E1A1275B1902C1486X,TE1A3B1C2D000X,1,1,1,1,1.4,1.4,1.4,1.8,0.0,0.0
8.90117,42,-5,453,0,E1A1272B1902C1485X,TE1A3B1C2D000X,1,1,1,1,1.4,1.4,1.4,1.8,0.0,0.0
8.91302,42,-5,452,0,E1A1268B1902C1484X,TE1A3B1C2D000X,1,1,1,1,1.4,1.4,1.4,1.8,0.0,0.0
8.93345,42,-5,452,0,E1A1266B1902C1483X,TE1A3B1C2D000X,1,1,1,1,1.4,1.4,1.4,1.8,0.0,0.0
8.94543,42,-5,453,0,E1A1264B1902C1482X,TE1A3B1C2D000X,1,1,1,1,1.4,1.4,1.4,1.8,0.0,0.0
8.9572,42,-5,452,0,E1A1261B1902C1481X,TE1A3B1C2D000X,1,1,1,1,1.4,1.4,1.4,1.8,0.0,0.0
8.96897,42,-5,452,0,E1A1258B1902C1480X,TE1A3B1C2D000X,1,1,1,1,1.4,1.4,1.4,1.8,0.0,0.0
8.98982,42,-5,451,0,E1A1255B1902C1479X,TE1A3B1C2D000X,1,1,1,1,1.4,1.4,1.4,1.8,0.0,0.0
9.00157,42,-4,451,0,E1A1252B1902C1478X,TE1A3B1C2D000X,1,1,1,1,1.4,1.4,1.4,1.8,0.0,0.0
9.01395,42,-4,450,0,E1A1249B1902C1477X,TE1A3B1C3D000X,1,1,1,1,1.4,1.4,1.4,1.8,0.0,0.0
9.02529,42,-4,450,0,E1A1246B1902C1477X,TE1A4B1C3D000X,1,1,1,1,1.4,1.4,1.4,1.8,0.0,0.0
9.04549,42,-4,450,0,E1A1244B1902C1476X,TE1A4B1C3D000X,1,1,1,1,1.4,1.4,1.4,1.8,0.0,0.0
9.05731,41,-4,449,0,E1A1242B1902C1475X,TE1A4B1C3D000X,1,1,1,1,1.4,1.4,1.4,1.8,0.0,0.0
9.06987,41,-4,449,0,E1A1239B1902C1474X,TE1A4B1C3D000X,1,1,1,1,1.4,1.4,1.4,1.8,0.0,0.0
9.08174,41,-4,448,0,E1A1237B1902C1473X,TE1A4B1C3D000X,1,1,1,1,1.4,1.4,1.4,1.8,0.0,0.0
9.09319,41,-4,448,0,E1A1235B1902C1472X,TE1A4B1C3D000X,1,1,1,1,1.4,1.4,1.4,1.8,0.0,0.0
9.1054,41,-4,448,0,E1A1232B1902C1471X,TE1A4B1C3D000X,1,1,1,1,1.4,1.4,1.4,1.8,0.0,0.0
9.11769,41,-4,448,0,E1A1231B1902C1470X,TE1A4B1C3D000X,1,1,1,1,1.4,1.4,1.4,1.8,0.0,0.0
9.12992,41,-4,449,0,E1A1230B1902C1470X,TE1A4B1C3D000X,1,1,1,1,1.4,1.4,1.4,1.8,0.0,0.0
9.14141,41,-4,448,0,E1A1227B1902C1469X,TE1A4B1C3D000X,1,1,1,1,1.4,1.4,1.4,1.8,0.0,0.0
9.15354,41,-4,448,0,E1A1225B1902C1468X,TE1A4B1C3D000X,1,1,1,1,1.4,1.4,1.4,1.8,0.0,0.0
9.16594,41,-4,450,0,E1A1225B1902C1467X,TE1A4B1C3D000X,1,1,1,1,1.4,1.4,1.4,1.8,0.0,0.0
9.17719,41,-4,450,0,E1A1224B1902C1466X,TE1A4B1C3D000X,1,1,1,1,1.4,1.4,1.4,1.8,0.0,0.0
9.1891,41,-4,451,0,E1A1223B1902C1465X,TE1A4B1C3D000X,1,1,1,1,1.4,1.4,1.4,1.8,0.0,0.0
9.20108,41,-4,451,0,E1A1221B1902C1465X,TE1A4B1C3D000X,1,1,1,1,1.4,1.4,1.4,1.8,0.0,0.0
9.21281,41,-4,451,0,E1A1220B1902C1464X,TE1A4B1C3D000X,1,1,1,1,1.4,1.4,1.4,1.8,0.0,0.0
9.2242,41,-4,452,0,E1A1218B1902C1463X,TE1A4B1C3D000X,1,1,1,1,1.4,1.4,1.4,1.8,0.0,0.0
9.23632,41,-4,452,0,E1A1217B1902C1462X,TE1A4B1C3D000X,1,1,1,1,1.4,1.4,1.4,1.8,0.0,0.0
9.24822,41,-4,452,0,E1A1214B1902C1460X,TE1A4B1C3D000X,1,1,1,1,1.4,1.4,1.4,1.8,0.0,0.0
9.26005,40,-4,451,0,E1A1212B1902C1459X,TE1A4B1C3D000X,1,1,1,1,1.4,1.4,1.4,1.8,0.0,0.0
9.27173,40,-4,450,0,E1A1210B1902C1458X,TE1A4B1C3D000X,1,1,1,1,1.4,1.4,1.4,1.8,0.0,0.0
9.28371,40,-4,450,0,E1A1207B1902C1456X,TE1A4B1C3D000X,1,1,1,1,1.4,1.4,1.4,1.8,0.0,0.0
9.29513,41,-4,452,0,E1A1207B1902C1455X,TE1A4B1C3D000X,1,1,1,1,1.4,1.4,1.4,1.8,0.0,0.0
9.30701,41,-4,452,0,E1A1204B1902C1455X,TE1A4B1C3D000X,1,1,1,1,1.4,1.4,1.4,1.8,0.0,0.0
9.31886,41,-4,452,0,E1A1201B1902C1453X,TE1A4B1C3D000X,1,1,1,1,1.4,1.4,1.4,1.8,0.0,0.0
9.33074,41,-4,454,0,E1A1200B1902C1452X,TE1A4B1C3D000X,1,1,1,1,1.4,1.4,1.4,1.8,0.0,0.0
9.34343,41,-4,454,0,E1A1198B1902C1451X,TE1A4B1C3D000X,1,1,1,1,1.4,1.4,1.4,1.8,0.0,0.0
9.35489,41,-4,454,0,E1A1195B1902C1450X,TE1A4B1C3D000X,1,1,1,1,1.4,1.4,1.4,1.8,0.0,0.0
9.36681,41,-4,454,0,E1A1192B1902C1449X,TE1A4B1C3D000X,1,1,1,1,1.4,1.4,1.4,1.8,0.0,0.0
9.37914,41,-4,454,0,E1A1189B1902C1448X,TE1A4B1C3D000X,1,1,1,1,1.4,1.4,1.4,1.8,0.0,0.0
9.39751,41,-4,454,0,E1A1186B1902C1447X,TE1A4B1C3D000X,1,1,1,1,1.4,1.4,1.4,1.8,0.0,0.0
9.40963,41,-4,453,0,E1A1183B1902C1446X,TE1A4B1C3D000X,1,1,1,1,1.4,1.4,1.4,1.8,0.0,0.0
9.42161,41,-4,452,0,E1A1179B1902C1444X,TE1A4B1C3D000X,1,1,1,1,1.4,1.4,1.4,1.8,0.0,0.0
9.4335,41,-4,451,0,E1A1176B1902C1443X,TE1A4B1C3D000X,1,1,1,1,1.4,1.4,1.4,1.8,0.0,0.0
9.45373,41,-3,452,0,E1A1174B1902C1442X,TE1A4B1C3D000X,1,1,1,1,1.4,1.4,1.4,1.8,0.0,0.0
9.46565,41,-3,452,0,E1A1173B1902C1441X,TE1A4B1C3D000X,1,1,1,1,1.4,1.4,1.4,1.8,0.0,0.0
9.49764,41,-3,452,0,E1A1171B1902C1441X,TE1A4B1C3D000X,1,1,1,1,1.4,1.4,1.4,1.8,0.0,0.0
9.50957,41,-3,453,0,E1A1171B1902C1441X,TE1A4B1C3D000X,1,1,1,1,1.4,1.4,1.4,1.8,0.0,0.0
9.52143,41,-3,454,0,E1A1170B1902C1440X,TE1A4B1C3D000X,1,1,1,1,1.4,1.4,1.4,1.8,0.0,0.0
9.53335,41,-3,454,0,E1A1169B1902C1440X,TE1A4B1C3D000X,1,1,1,1,1.4,1.4,1.4,1.8,0.0,0.0
9.54537,40,-3,453,0,E1A1168B1902C1440X,TE1A4B1C3D000X,1,1,1,1,1.4,1.4,1.4,1.8,0.0,0.0
9.56528,40,-3,453,0,E1A1168B1902C1440X,TE1A4B1C3D000X,1,1,1,1,1.4,1.4,1.4,1.8,0.0,0.0
9.57735,39,-3,453,0,E1A1169B1902C1441X,TE1A4B1C3D000X,1,1,1,1,1.4,1.4,1.4,1.8,0.0,0.0
9.58963,38,-3,452,0,E1A1169B1902C1441X,TE1A4B1C3D000X,1,1,1,1,1.4,1.4,1.4,1.8,0.0,0.0
9.60151,38,-3,451,0,E1A1170B1902C1441X,TE1A4B1C3D000X,1,1,1,1,1.4,1.4,1.4,1.8,0.0,0.0
9.61349,37,-3,451,0,E1A1171B1902C1442X,TE1A4B1C3D000X,1,1,1,1,1.4,1.4,1.4,1.8,0.0,0.0
9.62512,36,-3,450,0,E1A1172B1902C1442X,TE1A4B1C3D000X,1,1,1,1,1.4,1.4,1.4,1.8,0.0,0.0
9.63718,35,-3,450,0,E1A1175B1902C1443X,TE1A4B1C3D000X,1,1,1,1,1.4,1.4,1.4,1.8,0.0,0.0
9.64894,35,-3,450,0,E1A1177B1902C1445X,TE1A4B1C3D000X,1,1,1,1,1.4,1.4,1.4,1.8,0.0,0.0
9.66078,34,-2,451,0,E1A1180B1902C1446X,TE1A4B1C3D000X,1,1,1,1,1.4,1.4,1.4,1.8,0.0,0.0
9.6725,33,-2,450,0,E1A1181B1902C1447X,TE1A4B1C3D000X,1,1,1,1,1.4,1.4,1.4,1.8,0.0,0.0
9.68464,32,-2,452,0,E1A1187B1902C1449X,TE1A4B1C3D000X,1,1,1,1,1.4,1.4,1.4,1.8,0.0,0.0
9.69613,31,-2,452,0,E1A1189B1902C1451X,TE1A4B1C3D000X,1,1,1,1,1.4,1.4,1.4,1.8,0.0,0.0
9.70838,30,-2,451,0,E1A1191B1902C1453X,TE1A4B1C3D000X,1,1,1,1,1.4,1.4,1.4,1.8,0.0,0.0
9.72059,30,-2,451,0,E1A1194B1902C1455X,TE1A4B1C3D000X,1,1,1,1,1.4,1.4,1.4,1.8,0.0,0.0
9.73277,29,-1,452,0,E1A1198B1902C1457X,TE1A4B1C3D000X,1,1,1,1,1.4,1.4,1.4,1.8,0.0,0.0
9.7444,28,-1,453,0,E1A1202B1902C1460X,TE1A4B1C3D000X,1,1,1,1,1.4,1.4,1.4,1.8,0.0,0.0
9.75598,27,-1,453,0,E1A1205B1902C1463X,TE1A4B1C3D000X,1,1,1,1,1.4,1.4,1.4,1.8,0.0,0.0
9.76794,26,-1,453,0,E1A1207B1902C1466X,TE1A4B1C3D000X,1,1,1,1,1.4,1.4,1.4,1.8,0.0,0.0
9.77957,25,0,454,0,E1A1211B1902C1469X,TE1A4B1C3D000X,1,1,1,1,1.4,1.4,1.4,1.8,0.0,0.0
9.79093,24,0,454,0,E1A1214B1902C1473X,TE1A4B1C3D000X,1,1,1,1,1.4,1.4,1.4,1.8,0.0,0.0
9.80262,23,0,454,0,E1A1217B1902C1477X,TE1A4B1C3D000X,1,1,1,1,1.4,1.4,1.4,1.8,0.0,0.0
9.81457,21,0,455,0,E1A1222B1902C1482X,TE1A4B1C3D000X,1,1,1,1,1.4,1.4,1.4,1.8,0.0,0.0
9.82605,20,1,454,0,E1A1225B1902C1486X,TE1A4B1C2D000X,1,1,1,1,1.4,1.4,1.4,1.8,0.0,0.0
9.83793,19,1,454,0,E1A1229B1902C1491X,TE1A4B1C2D000X,1,1,1,1,1.4,1.4,1.4,1.8,0.0,0.0
9.84982,17,2,453,0,E1A1231B1902C1495X,TE1A4B1C2D000X,1,1,1,1,1.4,1.4,1.4,1.8,0.0,0.0
9.86157,16,2,451,0,E1A1235B1902C1500X,TE1A4B1C2D000X,1,1,1,1,1.4,1.4,1.4,1.8,0.0,0.0
9.87299,15,3,451,0,E1A1238B1902C1504X,TE1A4B1C2D000X,1,1,1,1,1.4,1.4,1.4,1.8,0.0,0.0
9.88483,13,3,451,0,E1A1242B1902C1509X,TE1A4B1C2D000X,1,1,1,1,1.4,1.4,1.4,1.8,0.0,0.0
9.9373,12,4,451,0,E1A1250B1902C1516X,TE1A4B1C2D000X,1,1,1,1,1.4,1.4,1.4,1.8,0.0,0.0
9.96141,10,5,450,0,E1A1257B1902C1522X,TE1A4B1C2D000X,1,1,1,1,1.4,1.4,1.4,1.8,0.0,0.0
9.97355,8,5,450,0,E1A1376B1902C1566X,TE1A4B1C2D000X,1,1,1,1,1.4,1.4,1.4,1.8,0.0,0.0
9.98543,6,6,453,0,E1A1478B1902C1604X,TE1A4B1C2D000X,1,1,1,1,1.4,1.4,1.4,1.8,0.0,0.0
9.99721,4,6,452,0,E1A1559B1902C1634X,TE1A3B1C2D000X,1,1,1,1,1.4,1.4,1.4,1.8,0.0,0.0
10.0091,3,7,452,0,E1A1625B1902C1660X,TE1A2B1C2D000X,1,1,1,1,1.4,1.4,1.4,1.8,0.0,0.0
10.0209,1,7,452,0,E1A1679B1902C1681X,TE1A2B1C2D000X,1,1,1,1,1.4,1.4,1.4,1.8,0.0,0.0
10.0373,0,8,452,0,E1A1723B1902C1699X,TE1A2B1C2D000X,1,1,1,1,1.4,1.4,1.4,1.8,0.0,0.0
10.0493,-1,8,451,0,E1A1758B1902C1715X,TE1A2B1C2D000X,1,1,1,1,1.4,1.4,1.4,1.8,0.0,0.0
10.061,-3,8,451,0,E1A1799B1897C1715X,TE1A1B1C1D000X,1,1,1,1,1.4,1.4,1.4,1.8,0.0,0.0
10.0734,-5,9,451,0,E1A1814B1890C1715X,TE1A1B1C1D000X,1,1,1,1,1.4,1.4,1.4,1.8,0.0,0.0
10.0974,-7,9,451,0,E1A1829B1882C1715X,TE1A1B1C1D000X,1,1,1,1,1.4,1.4,1.4,1.8,0.0,0.0
10.1093,-8,10,451,0,E1A1840B1874C1715X,TE1A1B1C1D000X,1,1,1,1,1.4,1.4,1.4,1.8,0.0,0.0
10.1294,-10,10,451,0,E1A1850B1865C1715X,TE1A1B1C1D000X,1,1,1,1,1.4,1.4,1.4,1.8,0.0,0.0
10.1535,-12,11,450,0,E1A1859B1854C1715X,TE1A1B1C1D000X,1,1,1,1,1.4,1.4,1.4,1.8,0.0,0.0
10.1656,-14,11,449,0,E1A1865B1842C1715X,TE1A1B1C1D000X,1,1,1,1,1.4,1.4,1.4,1.8,0.0,0.0
10.1775,-16,12,447,0,E1A1869B1829C1715X,TE1A1B1C1D000X,1,1,1,1,1.4,1.4,1.4,1.8,0.0,0.0
10.1892,-17,12,446,0,E1A1872B1816C1715X,TE1A1B1C1D000X,1,1,1,1,1.4,1.4,1.4,1.8,0.0,0.0
10.2092,-18,13,447,0,E1A1875B1802C1715X,TE1A1B1C1D000X,1,1,1,1,1.4,1.4,1.4,1.8,0.0,0.0
10.2215,-20,14,446,0,E1A1877B1789C1715X,TE1A1B1C1D000X,1,1,1,1,1.4,1.4,1.4,1.8,0.0,0.0
10.2332,-21,14,446,0,E1A1879B1776C1715X,TE1A1B1C1D000X,1,1,1,1,1.4,1.4,1.4,1.8,0.0,0.0
10.2461,-22,15,446,0,E1A1880B1764C1715X,TE1A1B1C1D000X,1,1,1,1,1.4,1.4,1.4,1.8,0.0,0.0
10.2575,-23,15,445,0,E1A1880B1754C1715X,TE1A1B1C1D000X,1,1,1,1,1.4,1.4,1.4,1.8,0.0,0.0
10.2695,-23,15,444,0,E1A1881B1745C1715X,TE1A1B1C1D000X,1,1,1,1,1.4,1.4,1.4,1.8,0.0,0.0
10.2812,-24,16,443,0,E1A1881B1736C1715X,TE1A1B1C1D000X,1,1,1,1,1.4,1.4,1.4,1.8,0.0,0.0
10.2926,-24,16,442,0,E1A1881B1729C1715X,TE1A1B1C1D000X,1,1,1,1,1.4,1.4,1.4,1.8,0.0,0.0
10.3044,-25,16,442,0,E1A1881B1723C1715X,TE1A1B1C1D000X,1,1,1,1,1.4,1.4,1.4,1.8,0.0,0.0
10.316,-25,16,442,0,E1A1880B1719C1715X,TE1A1B1C1D000X,1,1,1,1,1.4,1.4,1.4,1.8,0.0,0.0
10.3278,-25,16,442,0,E1A1880B1715C1715X,TE1A1B1C1D000X,1,1,1,1,1.4,1.4,1.4,1.8,0.0,0.0
10.3391,-25,17,443,0,E1A1879B1712C1715X,TE1A1B1C1D000X,1,1,1,1,1.4,1.4,1.4,1.8,0.0,0.0
10.3509,-25,17,442,0,E1A1879B1709C1715X,TE1A1B1C1D000X,1,1,1,1,1.4,1.4,1.4,1.8,0.0,0.0
10.3653,-25,16,443,0,E1A1879B1708C1715X,TE1A1B1C1D000X,1,1,1,1,1.4,1.4,1.4,1.8,0.0,0.0
10.3896,-25,16,444,0,E1A1879B1707C1715X,TE1A1B1C1D000X,1,1,1,1,1.4,1.4,1.4,1.8,0.0,0.0
10.4016,-24,16,444,0,E1A1878B1706C1715X,TE1A1B1C1D000X,1,1,1,1,1.4,1.4,1.4,1.8,0.0,0.0
10.4215,-24,16,443,0,E1A1878B1706C1715X,TE1A1B2C1D000X,1,1,1,1,1.4,1.4,1.4,1.8,0.0,0.0
10.4334,-24,16,444,0,E1A1878B1706C1715X,TE1A1B2C1D000X,1,1,1,1,1.4,1.4,1.4,1.8,0.0,0.0
10.4456,-24,16,445,0,E1A1878B1706C1715X,TE1A1B2C1D000X,1,1,1,1,1.4,1.4,1.4,1.8,0.0,0.0
10.4575,-23,16,446,0,E1A1878B1706C1715X,TE1A1B2C1D000X,1,1,1,1,1.4,1.4,1.4,1.8,0.0,0.0
10.4696,-23,15,446,0,E1A1878B1706C1715X,TE1A1B2C1D000X,1,1,1,1,1.4,1.4,1.4,1.8,0.0,0.0
10.5016,-23,15,447,0,E1A1878B1707C1715X,TE1A1B2C1D000X,1,1,1,1,1.4,1.4,1.4,1.8,0.0,0.0
10.5255,-23,15,446,0,E1A1879B1707C1715X,TE1A1B1C1D000X,1,1,1,1,1.4,1.4,1.4,1.8,0.0,0.0
10.5375,-22,15,446,0,E1A1879B1707C1715X,TE1A1B1C1D000X,1,1,1,1,1.4,1.4,1.4,1.8,0.0,0.0
10.5494,-22,14,446,0,E1A1879B1707C1715X,TE1A1B1C1D000X,1,1,1,1,1.4,1.4,1.4,1.8,0.0,0.0
10.5612,-22,14,446,0,E1A1879B1708C1715X,TE1A1B1C1D000X,1,1,1,1,1.4,1.4,1.4,1.8,0.0,0.0
10.5736,-22,14,447,0,E1A1878B1708C1715X,TE1A1B1C1D000X,1,1,1,1,1.4,1.4,1.4,1.8,0.0,0.0
10.5856,-21,14,447,0,E1A1878B1709C1715X,TE1A1B1C1D000X,1,1,1,1,1.4,1.4,1.4,1.8,0.0,0.0
10.5974,-21,14,446,0,E1A1877B1709C1715X,TE1A1B1C1D000X,1,1,1,1,1.4,1.4,1.4,1.8,0.0,0.0
10.6099,-21,14,446,0,E1A1877B1709C1715X,TE1A1B1C1D000X,1,1,1,1,1.4,1.4,1.4,1.8,0.0,0.0
10.6212,-20,14,445,0,E1A1876B1709C1715X,TE1A1B1C1D000X,1,1,1,1,1.4,1.4,1.4,1.8,0.0,0.0
10.6375,-20,14,445,0,E1A1875B1709C1715X,TE1A1B1C1D000X,1,1,1,1,1.4,1.4,1.4,1.8,0.0,0.0
10.6614,-20,14,444,0,E1A1875B1709C1715X,TE1A1B1C1D000X,1,1,1,1,1.4,1.4,1.4,1.8,0.0,0.0
10.6735,-20,13,444,0,E1A1874B1708C1715X,TE1A1B1C1D000X,1,1,1,1,1.4,1.4,1.4,1.8,0.0,0.0
10.6853,-20,13,444,0,E1A1874B1708C1715X,TE1A1B1C1D000X,1,1,1,1,1.4,1.4,1.4,1.8,0.0,0.0
10.6969,-19,13,444,0,E1A1873B1708C1715X,TE1A1B1C1D000X,1,1,1,1,1.4,1.4,1.4,1.8,0.0,0.0
10.7087,-19,13,445,0,E1A1873B1707C1715X,TE1A1B1C1D000X,1,1,1,1,1.4,1.4,1.4,1.8,0.0,0.0
10.7206,-19,13,446,0,E1A1874B1706C1715X,TE1A1B1C1D000X,1,1,1,1,1.4,1.4,1.4,1.8,0.0,0.0
10.7323,-19,13,445,0,E1A1874B1705C1715X,TE1A1B1C1D000X,1,1,1,1,1.4,1.4,1.4,1.8,0.0,0.0
10.7441,-19,13,445,0,E1A1874B1704C1715X,TE1A1B2C1D000X,1,1,1,1,1.4,1.4,1.4,1.8,0.0,0.0
10.7554,-19,13,444,0,E1A1874B1703C1715X,TE1A1B2C1D000X,1,1,1,1,1.4,1.4,1.4,1.8,0.0,0.0
10.7674,-19,12,444,0,E1A1875B1702C1715X,TE1A1B2C1D000X,1,1,1,1,1.4,1.4,1.4,1.8,0.0,0.0
10.7796,-19,12,444,0,E1A1875B1701C1715X,TE1A1B2C1D000X,1,1,1,1,1.4,1.4,1.4,1.8,0.0,0.0
10.791,-19,12,445,0,E1A1876B1699C1715X,TE1A1B2C1D000X,1,1,1,1,1.4,1.4,1.4,1.8,0.0,0.0
10.8029,-19,12,444,0,E1A1876B1697C1715X,TE1A1B2C1D000X,1,1,1,1,1.4,1.4,1.4,1.8,0.0,0.0
10.8147,-19,12,444,0,E1A1877B1695C1715X,TE1A1B2C1D000X,1,1,1,1,1.4,1.4,1.4,1.8,0.0,0.0
10.826,-19,12,444,0,E1A1877B1692C1715X,TE1A1B2C1D000X,1,1,1,1,1.4,1.4,1.4,1.8,0.0,0.0
10.8378,-19,12,445,0,E1A1877B1690C1715X,TE1A1B2C1D000X,1,1,1,1,1.4,1.4,1.4,1.8,0.0,0.0
10.8497,-19,12,445,0,E1A1877B1689C1715X,TE1A1B2C1D000X,1,1,1,1,1.4,1.4,1.4,1.8,0.0,0.0
10.8615,-19,12,445,0,E1A1877B1687C1715X,TE1A1B2C1D000X,1,1,1,1,1.4,1.4,1.4,1.8,0.0,0.0
10.8731,-19,12,445,0,E1A1877B1685C1715X,TE1A1B2C1D000X,1,1,1,1,1.4,1.4,1.4,1.8,0.0,0.0
10.8853,-19,12,446,0,E1A1876B1682C1715X,TE1A1B2C1D000X,1,1,1,1,1.4,1.4,1.4,1.8,0.0,0.0
10.8971,-19,12,445,0,E1A1875B1680C1715X,TE1A1B2C1D000X,1,1,1,1,1.4,1.4,1.4,1.8,0.0,0.0
10.9215,-19,12,446,0,E1A1875B1678C1715X,TE1A1B2C1D000X,1,1,1,1,1.4,1.4,1.4,1.8,0.0,0.0
10.9336,-19,12,447,0,E1A1874B1675C1715X,TE1A1B2C1D000X,1,1,1,1,1.4,1.4,1.4,1.8,0.0,0.0
10.9456,-19,13,447,0,E1A1873B1673C1715X,TE1A1B2C1D000X,1,1,1,1,1.4,1.4,1.4,1.8,0.0,0.0
10.9655,-19,13,447,0,E1A1872B1671C1715X,TE1A1B2C1D000X,1,1,1,1,1.4,1.4,1.4,1.8,0.0,0.0
10.9897,-19,13,447,0,E1A1870B1669C1715X,TE1A1B2C1D000X,1,1,1,1,1.4,1.4,1.4,1.8,0.0,0.0
11.0016,-19,13,447,0,E1A1869B1667C1715X,TE1A1B2C1D000X,1,1,1,1,1.4,1.4,1.4,1.8,0.0,0.0
11.0132,-19,13,448,0,E1A1869B1664C1715X,TE1A1B2C1D000X,1,1,1,1,1.4,1.4,1.4,1.8,0.0,0.0
11.0334,-19,14,448,0,E1A1868B1662C1715X,TE1A1B2C1D000X,1,1,1,1,1.4,1.4,1.4,1.8,0.0,0.0
11.0452,-19,14,448,0,E1A1867B1659C1715X,TE1A1B2C1D000X,1,1,1,1,1.4,1.4,1.4,1.8,0.0,0.0
11.0771,-19,14,448,0,E1A1867B1657C1715X,TE1A1B2C1D000X,1,1,1,1,1.4,1.4,1.4,1.8,0.0,0.0
11.0893,-19,14,449,0,E1A1867B1655C1715X,TE1A1B2C1D000X,1,1,1,1,1.4,1.4,1.4,1.8,0.0,0.0
11.1013,-19,14,449,0,E1A1867B1653C1715X,TE1A1B2C1D000X,1,1,1,1,1.4,1.4,1.4,1.8,0.0,0.0
11.1133,-19,14,448,0,E1A1866B1651C1715X,TE1A1B2C1D000X,1,1,1,1,1.4,1.4,1.4,1.8,0.0,0.0
11.1334,-18,14,448,0,E1A1866B1649C1715X,TE1A1B2C1D000X,1,1,1,1,1.4,1.4,1.4,1.8,0.0,0.0
11.1456,-18,14,448,0,E1A1866B1647C1715X,TE1A1B2C1D000X,1,1,1,1,1.4,1.4,1.4,1.8,0.0,0.0
11.1575,-18,14,447,0,E1A1866B1646C1715X,TE1A1B2C1D000X,1,1,1,1,1.4,1.4,1.4,1.8,0.0,0.0
11.1693,-18,13,447,0,E1A1865B1644C1715X,TE1A1B2C1D000X,1,1,1,1,1.4,1.4,1.4,1.8,0.0,0.0
11.1815,-18,13,446,0,E1A1865B1642C1715X,TE1A1B2C1D000X,1,1,1,1,1.4,1.4,1.4,1.8,0.0,0.0
11.2013,-18,13,447,0,E1A1865B1641C1715X,TE1A1B2C1D000X,1,1,1,1,1.4,1.4,1.4,1.8,0.0,0.0
11.2135,-18,13,447,0,E1A1864B1640C1715X,TE1A1B2C1D000X,1,1,1,1,1.4,1.4,1.4,1.8,0.0,0.0
11.2254,-18,13,446,0,E1A1864B1638C1715X,TE1A1B2C1D000X,1,1,1,1,1.4,1.4,1.4,1.8,0.0,0.0
11.2372,-18,13,446,0,E1A1863B1637C1715X,TE1A1B2C1D000X,1,1,1,1,1.4,1.4,1.4,1.8,0.0,0.0
11.2489,-18,13,445,0,E1A1863B1635C1715X,TE1A1B2C1D000X,1,1,1,1,1.4,1.4,1.4,1.8,0.0,0.0
11.2606,-18,13,446,0,E1A1862B1634C1715X,TE1A1B2C1D000X,1,1,1,1,1.4,1.4,1.4,1.8,0.0,0.0
11.2721,-18,14,446,0,E1A1862B1632C1715X,TE1A1B2C1D000X,1,1,1,1,1.4,1.4,1.4,1.8,0.0,0.0
11.2839,-18,14,446,0,E1A1862B1629C1715X,TE1A1B2C1D000X,1,1,1,1,1.4,1.4,1.4,1.8,0.0,0.0
11.2951,-18,14,447,0,E1A1861B1627C1715X,TE1A1B2C1D000X,1,1,1,1,1.4,1.4,1.4,1.8,0.0,0.0
11.3069,-18,14,447,0,E1A1861B1625C1715X,TE1A1B2C1D000X,1,1,1,1,1.4,1.4,1.4,1.8,0.0,0.0
11.3187,-18,14,448,0,E1A1861B1623C1715X,TE1A1B2C1D000X,1,1,1,1,1.4,1.4,1.4,1.8,0.0,0.0
11.3303,-18,14,447,0,E1A1860B1620C1715X,TE1A1B2C1D000X,1,1,1,1,1.4,1.4,1.4,1.8,0.0,0.0
11.3417,-18,14,447,0,E1A1860B1617C1715X,TE1A1B2C1D000X,1,1,1,1,1.4,1.4,1.4,1.8,0.0,0.0
11.3534,-18,14,447,0,E1A1860B1615C1715X,TE1A1B2C1D000X,1,1,1,1,1.4,1.4,1.4,1.8,0.0,0.0
11.3647,-18,14,446,0,E1A1860B1612C1715X,TE1A1B2C1D000X,1,1,1,1,1.4,1.4,1.4,1.8,0.0,0.0
11.3764,-18,14,446,0,E1A1859B1610C1715X,TE1A1B2C1D000X,1,1,1,1,1.4,1.4,1.4,1.8,0.0,0.0
11.3881,-18,14,447,0,E1A1859B1607C1715X,TE1A1B2C1D000X,1,1,1,1,1.4,1.4,1.4,1.8,0.0,0.0
11.3998,-18,14,447,0,E1A1859B1605C1715X,TE1A1B2C1D000X,1,1,1,1,1.4,1.4,1.4,1.8,0.0,0.0
11.4175,-18,14,446,0,E1A1859B1602C1715X,TE1A1B2C1D000X,1,1,1,1,1.4,1.4,1.4,1.8,0.0,0.0
11.4293,-18,14,446,0,E1A1859B1600C1715X,TE1A1B2C1D000X,1,1,1,1,1.4,1.4,1.4,1.8,0.0,0.0
11.4493,-18,14,446,0,E1A1859B1597C1715X,TE1A1B2C1D000X,1,1,1,1,1.4,1.4,1.4,1.8,0.0,0.0
11.4613,-18,14,445,0,E1A1858B1595C1715X,TE1A1B2C1D000X,1,1,1,1,1.4,1.4,1.4,1.8,0.0,0.0
11.4855,-18,14,446,0,E1A1859B1593C1715X,TE1A1B2C1D000X,1,1,1,1,1.4,1.4,1.4,1.8,0.0,0.0
11.4974,-18,14,445,0,E1A1859B1591C1715X,TE1A1B2C1D000X,1,1,1,1,1.4,1.4,1.4,1.8,0.0,0.0
11.5092,-18,14,446,0,E1A1859B1590C1715X,TE1A1B2C1D000X,1,1,1,1,1.4,1.4,1.4,1.8,0.0,0.0
11.521,-18,14,447,0,E1A1859B1589C1715X,TE1A1B2C1D000X,1,1,1,1,1.4,1.4,1.4,1.8,0.0,0.0
11.5329,-18,13,447,0,E1A1859B1588C1715X,TE1A1B2C1D000X,1,1,1,1,1.4,1.4,1.4,1.8,0.0,0.0
11.5533,-18,13,447,0,E1A1860B1587C1715X,TE1A1B2C1D000X,1,1,1,1,1.4,1.4,1.4,1.8,0.0,0.0
11.5651,-18,13,446,0,E1A1860B1586C1715X,TE1A1B2C1D000X,1,1,1,1,1.4,1.4,1.4,1.8,0.0,0.0
11.5769,-18,13,445,0,E1A1860B1584C1715X,TE1A1B2C1D000X,1,1,1,1,1.4,1.4,1.4,1.8,0.0,0.0
11.5889,-18,13,445,0,E1A1861B1583C1715X,TE1A1B2C1D000X,1,1,1,1,1.4,1.4,1.4,1.8,0.0,0.0
11.6093,-18,12,445,0,E1A1861B1582C1715X,TE1A1B2C1D000X,1,1,1,1,1.4,1.4,1.4,1.8,0.0,0.0
11.6214,-18,12,445,1,E1A1862B1581C1715X,TE1A1B2C1D000X,1,1,1,1,1.4,1.4,1.4,1.8,0.0,0.0
