timestamp,errXmm,errYmm,errZmm,TouchDetected,OutgoingPacket,IncomingPacket,Serial0Enabled,Serial0Open,Serial1Enabled,Serial1Open,kpx,kpy,kix,kiy,kdx,kdy
0.000997928,-10,-5,417,0,E1A1925B1848C1660X,TE1A1B1C2D000X,1,1,1,1,1.4,1.4,1.0,1.0,0.0,0.0
0.0130973,-9,-5,392,0,E1A1925B1848C1662X,TE1A1B1C2D000X,1,1,1,1,1.4,1.4,1.0,1.0,0.0,0.0
0.0252459,-9,-5,392,0,E1A1925B1848C1662X,TE1A1B1C2D000X,1,1,1,1,1.4,1.4,1.0,1.0,0.0,0.0
0.0419954,-9,-5,392,0,E1A1925B1847C1661X,TE1A1B1C2D000X,1,1,1,1,1.4,1.4,1.0,1.0,0.0,0.0
0.0653137,-9,-5,392,0,E1A1925B1847C1661X,TE1A1B1C2D000X,1,1,1,1,1.4,1.4,1.0,1.0,0.0,0.0
0.0775815,-9,-5,392,0,E1A1925B1845C1660X,TE1A1B1C2D000X,1,1,1,1,1.4,1.4,1.0,1.0,0.0,0.0
0.0890936,-9,-5,392,0,E1A1925B1845C1660X,TE1A1B1C2D000X,1,1,1,1,1.4,1.4,1.0,1.0,0.0,0.0
0.101827,-261,-16,399,0,E1A1925B0490C1089X,TE1A1B1C2D000X,1,1,1,1,1.4,1.4,1.0,1.0,0.0,0.0
0.11506,-262,-16,399,0,E1A1925B0490C1089X,TE1A1B7C4D000X,1,1,1,1,1.4,1.4,1.0,1.0,0.0,0.0
0.128892,-257,-16,393,0,E1A1925B0490C1089X,TE1A1B7C4D000X,1,1,1,1,1.4,1.4,1.0,1.0,0.0,0.0
0.140657,-257,-16,392,0,E1A1925B0490C1089X,TE1A1B7C4D000X,1,1,1,1,1.4,1.4,1.0,1.0,0.0,0.0
0.151793,-257,-15,392,0,E1A1925B0489C1090X,TE1A1B7C4D000X,1,1,1,1,1.4,1.4,1.0,1.0,0.0,0.0
0.164701,-257,-15,392,0,E1A1925B0489C1090X,TE1A1B7C4D000X,1,1,1,1,1.4,1.4,1.0,1.0,0.0,0.0
0.175737,-262,-16,387,0,E1A1925B0489C1090X,TE1A1B7C4D000X,1,1,1,1,1.4,1.4,1.0,1.0,0.0,0.0
0.186899,-269,-18,385,0,E1A1925B0496C1083X,TE1A1B7C4D000X,1,1,1,1,1.4,1.4,1.0,1.0,0.0,0.0
0.20094,-273,-21,383,0,E1A1925B0504C1075X,TE1A1B7C4D000X,1,1,1,1,1.4,1.4,1.0,1.0,0.0,0.0
0.212858,-275,-23,381,0,E1A1925B0510C1069X,TE1A1B7C4D000X,1,1,1,1,1.4,1.4,1.0,1.0,0.0,0.0
0.233153,-279,-25,381,0,E1A1925B0516C1063X,TE1A1B7C4D000X,1,1,1,1,1.4,1.4,1.0,1.0,0.0,0.0
0.245831,-283,-27,381,0,E1A1925B0521C1058X,TE1A1B7C4D000X,1,1,1,1,1.4,1.4,1.0,1.0,0.0,0.0
0.257522,-286,-29,382,0,E1A1925B0525C1054X,TE1A1B7C4D000X,1,1,1,1,1.4,1.4,1.0,1.0,0.0,0.0
0.269128,-288,-30,382,0,E1A1925B0529C1050X,TE1A1B7C4D000X,1,1,1,1,1.4,1.4,1.0,1.0,0.0,0.0
0.280692,-290,-31,381,0,E1A1925B0532C1047X,TE1A1B7C4D000X,1,1,1,1,1.4,1.4,1.0,1.0,0.0,0.0
0.300741,-292,-32,382,0,E1A1925B0534C1045X,TE1A1B7C4D000X,1,1,1,1,1.4,1.4,1.0,1.0,0.0,0.0
0.312452,-293,-33,382,0,E1A1925B0536C1044X,TE1A1B7C4D000X,1,1,1,1,1.4,1.4,1.0,1.0,0.0,0.0
0.32498,-294,-34,382,0,E1A1925B0537C1042X,TE1A1B7C4D000X,1,1,1,1,1.4,1.4,1.0,1.0,0.0,0.0
0.337016,-295,-34,383,0,E1A1925B0539C1040X,TE1A1B7C4D000X,1,1,1,1,1.4,1.4,1.0,1.0,0.0,0.0
0.348293,-296,-35,383,0,E1A1925B0541C1038X,TE1A1B7C4D000X,1,1,1,1,1.4,1.4,1.0,1.0,0.0,0.0
0.359247,-296,-36,383,0,E1A1925B0543C1036X,TE1A1B7C4D000X,1,1,1,1,1.4,1.4,1.0,1.0,0.0,0.0
0.370733,-296,-37,384,0,E1A1925B0545C1034X,TE1A1B7C4D000X,1,1,1,1,1.4,1.4,1.0,1.0,0.0,0.0
0.382052,-294,-37,383,0,E1A1925B0548C1032X,TE1A1B7C4D000X,1,1,1,1,1.4,1.4,1.0,1.0,0.0,0.0
0.393053,-294,-38,384,0,E1A1925B0550C1029X,TE1A1B7C4D000X,1,1,1,1,1.4,1.4,1.0,1.0,0.0,0.0
0.404904,-293,-39,384,0,E1A1925B0553C1027X,TE1A1B7C4D000X,1,1,1,1,1.4,1.4,1.0,1.0,0.0,0.0
0.416123,-291,-40,383,0,E1A1925B0555C1024X,TE1A1B7C4D000X,1,1,1,1,1.4,1.4,1.0,1.0,0.0,0.0
0.436786,-290,-41,385,0,E1A1925B0558C1021X,TE1A1B7C5D000X,1,1,1,1,1.4,1.4,1.0,1.0,0.0,0.0
0.448966,-288,-41,385,0,E1A1925B0561C1018X,TE1A1B7C5D000X,1,1,1,1,1.4,1.4,1.0,1.0,0.0,0.0
0.461167,-285,-42,385,0,E1A1925B0564C1016X,TE1A1B7C5D000X,1,1,1,1,1.4,1.4,1.0,1.0,0.0,0.0
0.472437,-284,-43,388,0,E1A1925B0566C1013X,TE1A1B7C5D000X,1,1,1,1,1.4,1.4,1.0,1.0,0.0,0.0
0.49297,-280,-44,388,0,E1A1925B0570C1009X,TE1A1B7C5D000X,1,1,1,1,1.4,1.4,1.0,1.0,0.0,0.0
0.517846,-277,-44,389,0,E1A1925B0574C1005X,TE1A1B6C5D000X,1,1,1,1,1.4,1.4,1.0,1.0,0.0,0.0
0.530033,-272,-45,389,0,E1A1925B0578C1002X,TE1A1B6C5D000X,1,1,1,1,1.4,1.4,1.0,1.0,0.0,0.0
0.585476,-267,-46,392,0,E1A1925B0584C0996X,TE1A1B6C5D000X,1,1,1,1,1.4,1.4,1.0,1.0,0.0,0.0
0.597541,-262,-48,396,0,E1A1925B0590C0989X,TE1A1B6C5D000X,1,1,1,1,1.4,1.4,1.0,1.0,0.0,0.0
0.609592,-257,-49,399,0,E1A1925B0596C0983X,TE1A1B6C5D000X,1,1,1,1,1.4,1.4,1.0,1.0,0.0,0.0
0.621685,-252,-50,402,0,E1A1925B0602C0977X,TE1A1B6C5D000X,1,1,1,1,1.4,1.4,1.0,1.0,0.0,0.0
0.633276,-247,-51,404,0,E1A1925B0608C0971X,TE1A1B6C5D000X,1,1,1,1,1.4,1.4,1.0,1.0,0.0,0.0
0.644669,-241,-52,406,0,E1A1925B0614C0965X,TE1A1B6C5D000X,1,1,1,1,1.4,1.4,1.0,1.0,0.0,0.0
0.656899,-236,-54,408,0,E1A1925B0622C0957X,TE1A1B6C5D000X,1,1,1,1,1.4,1.4,1.0,1.0,0.0,0.0
0.668438,-232,-55,411,0,E1A1925B0629C0950X,TE1A1B6C5D000X,1,1,1,1,1.4,1.4,1.0,1.0,0.0,0.0
0.68147,-227,-56,414,0,E1A1925B0638C0941X,TE1A1B6C5D000X,1,1,1,1,1.4,1.4,1.0,1.0,0.0,0.0
0.693546,-222,-57,415,0,E1A1925B0646C0933X,TE1A1B6C5D000X,1,1,1,1,1.4,1.4,1.0,1.0,0.0,0.0
0.705262,-218,-59,418,0,E1A1925B0655C0924X,TE1A1B6C5D000X,1,1,1,1,1.4,1.4,1.0,1.0,0.0,0.0
0.7172,-213,-60,419,0,E1A1925B0664C0915X,TE1A1B6C5D000X,1,1,1,1,1.4,1.4,1.0,1.0,0.0,0.0
0.728752,-208,-62,421,0,E1A1925B0674C0905X,TE1A1B6C5D000X,1,1,1,1,1.4,1.4,1.0,1.0,0.0,0.0
0.740631,-203,-63,423,0,E1A1925B0684C0895X,TE1A1B6C5D000X,1,1,1,1,1.4,1.4,1.0,1.0,0.0,0.0
0.752588,-199,-65,426,0,E1A1925B0695C0885X,TE1A1B6C5D000X,1,1,1,1,1.4,1.4,1.0,1.0,0.0,0.0
0.76384,-194,-66,426,0,E1A1925B0705C0874X,TE1A1B6C5D000X,1,1,1,1,1.4,1.4,1.0,1.0,0.0,0.0
0.777445,-189,-68,428,0,E1A1925B0717C0862X,TE1A1B6C5D000X,1,1,1,1,1.4,1.4,1.0,1.0,0.0,0.0
0.797192,-184,-70,430,0,E1A1925B0730C0849X,TE1A1B6C5D000X,1,1,1,1,1.4,1.4,1.0,1.0,0.0,0.0
0.821154,-178,-71,432,0,E1A1925B0745C0834X,TE1A1B6C5D000X,1,1,1,1,1.4,1.4,1.0,1.0,0.0,0.0
0.833135,-172,-73,434,0,E1A1925B0760C0821X,TE1A1B6C5D000X,1,1,1,1,1.4,1.4,1.0,1.0,0.0,0.0
0.853286,-167,-75,437,0,E1A1925B0795C0821X,TE1A1B6C5D000X,1,1,1,1,1.4,1.4,1.0,1.0,0.0,0.0
0.865085,-161,-76,439,0,E1A1925B0827C0821X,TE1A1B6C5D000X,1,1,1,1,1.4,1.4,1.0,1.0,0.0,0.0
0.877722,-155,-78,441,0,E1A1925B0858C0821X,TE1A1B5C5D000X,1,1,1,1,1.4,1.4,1.0,1.0,0.0,0.0
0.901248,-150,-79,443,0,E1A1925B0890C0822X,TE1A1B5C5D000X,1,1,1,1,1.4,1.4,1.0,1.0,0.0,0.0
0.913319,-145,-81,446,0,E1A1925B0922C0823X,TE1A1B5C5D000X,1,1,1,1,1.4,1.4,1.0,1.0,0.0,0.0
0.925271,-139,-82,447,0,E1A1925B0951C0824X,TE1A1B5C5D000X,1,1,1,1,1.4,1.4,1.0,1.0,0.0,0.0
0.937134,-134,-83,448,0,E1A1925B0979C0824X,TE1A1B5C5D000X,1,1,1,1,1.4,1.4,1.0,1.0,0.0,0.0
0.948925,-128,-83,449,0,E1A1925B1006C0824X,TE1A1B5C5D000X,1,1,1,1,1.4,1.4,1.0,1.0,0.0,0.0
0.960833,-123,-84,450,0,E1A1925B1032C0824X,TE1A1B5C5D000X,1,1,1,1,1.4,1.4,1.0,1.0,0.0,0.0
0.973241,-118,-85,450,0,E1A1925B1058C0824X,TE1A1B5C5D000X,1,1,1,1,1.4,1.4,1.0,1.0,0.0,0.0
1.00148,-112,-86,451,0,E1A1925B1087C0824X,TE1A1B4C5D000X,1,1,1,1,1.4,1.4,1.0,1.0,0.0,0.0
1.0264,-106,-86,450,0,E1A1925B1118C0823X,TE1A1B4C5D000X,1,1,1,1,1.4,1.4,1.0,1.0,0.0,0.0
1.03852,-100,-87,451,0,E1A1925B1148C0822X,TE1A1B4C5D000X,1,1,1,1,1.4,1.4,1.0,1.0,0.0,0.0
1.05759,-94,-88,453,0,E1A1925B1180C0821X,TE1A1B4C5D000X,1,1,1,1,1.4,1.4,1.0,1.0,0.0,0.0
1.06953,-88,-90,453,0,E1A1925B1209C0818X,TE1A1B4C5D000X,1,1,1,1,1.4,1.4,1.0,1.0,0.0,0.0
1.08117,-82,-90,452,0,E1A1925B1236C0814X,TE1A1B4C5D000X,1,1,1,1,1.4,1.4,1.0,1.0,0.0,0.0
1.0937,-77,-91,453,0,E1A1925B1262C0810X,TE1A1B4C5D000X,1,1,1,1,1.4,1.4,1.0,1.0,0.0,0.0
1.10581,-72,-93,454,0,E1A1925B1287C0805X,TE1A1B4C5D000X,1,1,1,1,1.4,1.4,1.0,1.0,0.0,0.0
1.11745,-68,-94,454,0,E1A1925B1309C0799X,TE1A1B3C5D000X,1,1,1,1,1.4,1.4,1.0,1.0,0.0,0.0
1.13128,-64,-95,455,0,E1A1925B1330C0791X,TE1A1B3C5D000X,1,1,1,1,1.4,1.4,1.0,1.0,0.0,0.0
1.14409,-60,-96,456,0,E1A1925B1350C0784X,TE1A1B3C6D000X,1,1,1,1,1.4,1.4,1.0,1.0,0.0,0.0
1.15577,-57,-98,457,0,E1A1925B1368C0775X,TE1A1B3C6D000X,1,1,1,1,1.4,1.4,1.0,1.0,0.0,0.0
1.16795,-53,-99,457,0,E1A1925B1384C0765X,TE1A1B3C6D000X,1,1,1,1,1.4,1.4,1.0,1.0,0.0,0.0
1.17978,-50,-100,457,0,E1A1925B1400C0755X,TE1A1B3C6D000X,1,1,1,1,1.4,1.4,1.0,1.0,0.0,0.0
1.19214,-47,-102,458,0,E1A1925B1414C0745X,TE1A1B3C6D000X,1,1,1,1,1.4,1.4,1.0,1.0,0.0,0.0
1.20539,-45,-103,459,0,E1A1925B1428C0735X,TE1A1B3C6D000X,1,1,1,1,1.4,1.4,1.0,1.0,0.0,0.0
1.21734,-43,-105,462,0,E1A1925B1440C0726X,TE1A1B3C6D000X,1,1,1,1,1.4,1.4,1.0,1.0,0.0,0.0
1.22893,-41,-106,462,0,E1A1925B1451C0715X,TE1A1B3C6D000X,1,1,1,1,1.4,1.4,1.0,1.0,0.0,0.0
1.242,-39,-107,464,0,E1A1925B1462C0706X,TE1A1B3C6D000X,1,1,1,1,1.4,1.4,1.0,1.0,0.0,0.0
1.25366,-37,-108,462,0,E1A1925B1471C0695X,TE1A1B3C6D000X,1,1,1,1,1.4,1.4,1.0,1.0,0.0,0.0
1.26546,-35,-109,463,0,E1A1925B1480C0685X,TE1A1B3C6D000X,1,1,1,1,1.4,1.4,1.0,1.0,0.0,0.0
1.27796,-33,-110,464,0,E1A1925B1488C0676X,TE1A1B2C6D000X,1,1,1,1,1.4,1.4,1.0,1.0,0.0,0.0
1.2897,-32,-110,464,0,E1A1925B1495C0667X,TE1A1B2C6D000X,1,1,1,1,1.4,1.4,1.0,1.0,0.0,0.0
1.30202,-30,-111,464,0,E1A1925B1502C0659X,TE1A1B2C6D000X,1,1,1,1,1.4,1.4,1.0,1.0,0.0,0.0
1.31406,-29,-111,464,0,E1A1925B1508C0651X,TE1A1B2C6D000X,1,1,1,1,1.4,1.4,1.0,1.0,0.0,0.0
1.32566,-28,-112,464,0,E1A1925B1515C0644X,TE1A1B2C6D000X,1,1,1,1,1.4,1.4,1.0,1.0,0.0,0.0
1.338,-26,-112,464,0,E1A1925B1520C0637X,TE1A1B2C6D000X,1,1,1,1,1.4,1.4,1.0,1.0,0.0,0.0
1.34986,-25,-112,463,0,E1A1925B1525C0630X,TE1A1B2C6D000X,1,1,1,1,1.4,1.4,1.0,1.0,0.0,0.0
1.36138,-23,-111,462,0,E1A1925B1532C0623X,TE1A1B2C6D000X,1,1,1,1,1.4,1.4,1.0,1.0,0.0,0.0
1.37341,-22,-112,463,0,E1A1925B1539C0618X,TE1A1B2C6D000X,1,1,1,1,1.4,1.4,1.0,1.0,0.0,0.0
1.38506,-20,-111,463,0,E1A1925B1546C0613X,TE1A1B2C6D000X,1,1,1,1,1.4,1.4,1.0,1.0,0.0,0.0
1.39624,-19,-111,462,0,E1A1925B1552C0607X,TE1A1B2C6D000X,1,1,1,1,1.4,1.4,1.0,1.0,0.0,0.0
1.40924,-17,-111,461,0,E1A1925B1558C0602X,TE1A1B2C6D000X,1,1,1,1,1.4,1.4,1.0,1.0,0.0,0.0
1.42914,-15,-111,461,0,E1A1925B1565C0597X,TE1A1B2C6D000X,1,1,1,1,1.4,1.4,1.0,1.0,0.0,0.0
1.44128,-14,-110,461,0,E1A1925B1572C0592X,TE1A1B2C6D000X,1,1,1,1,1.4,1.4,1.0,1.0,0.0,0.0
1.4531,-12,-110,460,0,E1A1925B1577C0587X,TE1A1B2C6D000X,1,1,1,1,1.4,1.4,1.0,1.0,0.0,0.0
1.46513,-11,-110,460,0,E1A1925B1584C0583X,TE1A1B2C6D000X,1,1,1,1,1.4,1.4,1.0,1.0,0.0,0.0
1.47728,-9,-109,461,0,E1A1925B1590C0579X,TE1A1B2C6D000X,1,1,1,1,1.4,1.4,1.0,1.0,0.0,0.0
1.4895,-8,-109,463,0,E1A1925B1596C0576X,TE1A1B2C6D000X,1,1,1,1,1.4,1.4,1.0,1.0,0.0,0.0
1.50106,-7,-109,462,0,E1A1925B1601C0571X,TE1A1B2C6D000X,1,1,1,1,1.4,1.4,1.0,1.0,0.0,0.0
1.51249,-6,-108,460,0,E1A1925B1605C0566X,TE1A1B2C6D000X,1,1,1,1,1.4,1.4,1.0,1.0,0.0,0.0
1.5242,-5,-108,461,0,E1A1925B1609C0562X,TE1A1B2C6D000X,1,1,1,1,1.4,1.4,1.0,1.0,0.0,0.0
1.54528,-4,-108,461,0,E1A1925B1613C0559X,TE1A1B2C7D000X,1,1,1,1,1.4,1.4,1.0,1.0,0.0,0.0
1.55713,-3,-108,463,0,E1A1925B1618C0557X,TE1A1B2C7D000X,1,1,1,1,1.4,1.4,1.0,1.0,0.0,0.0
1.56899,-2,-108,464,0,E1A1925B1621C0556X,TE1A1B2C7D000X,1,1,1,1,1.4,1.4,1.0,1.0,0.0,0.0
1.58063,-2,-107,463,0,E1A1925B1623C0553X,TE1A1B2C7D000X,1,1,1,1,1.4,1.4,1.0,1.0,0.0,0.0
1.59197,-1,-106,462,0,E1A1925B1624C0552X,TE1A1B2C7D000X,1,1,1,1,1.4,1.4,1.0,1.0,0.0,0.0
1.60365,-1,-105,463,0,E1A1925B1625C0551X,TE1A1B2C7D000X,1,1,1,1,1.4,1.4,1.0,1.0,0.0,0.0
1.61562,-1,-105,463,0,E1A1925B1626C0551X,TE1A1B2C7D000X,1,1,1,1,1.4,1.4,1.0,1.0,0.0,0.0
1.62693,-1,-104,463,0,E1A1925B1627C0551X,TE1A1B2C7D000X,1,1,1,1,1.4,1.4,1.0,1.0,0.0,0.0
1.64516,-1,-102,461,0,E1A1925B1626C0551X,TE1A1B2C7D000X,1,1,1,1,1.4,1.4,1.0,1.0,0.0,0.0
1.65725,-1,-101,460,0,E1A1925B1624C0552X,TE1A1B2C7D000X,1,1,1,1,1.4,1.4,1.0,1.0,0.0,0.0
1.66898,-1,-100,459,0,E1A1925B1623C0554X,TE1A1B2C7D000X,1,1,1,1,1.4,1.4,1.0,1.0,0.0,0.0
1.68931,-1,-99,459,0,E1A1925B1622C0558X,TE1A1B2C7D000X,1,1,1,1,1.4,1.4,1.0,1.0,0.0,0.0
1.70127,-2,-97,457,0,E1A1925B1619C0560X,TE1A1B2C7D000X,1,1,1,1,1.4,1.4,1.0,1.0,0.0,0.0
1.73765,-2,-95,456,0,E1A1925B1616C0567X,TE1A1B2C7D000X,1,1,1,1,1.4,1.4,1.0,1.0,0.0,0.0
1.74927,-3,-93,456,0,E1A1925B1613C0575X,TE1A1B2C7D000X,1,1,1,1,1.4,1.4,1.0,1.0,0.0,0.0
1.7609,-3,-91,455,0,E1A1925B1610C0583X,TE1A1B2C6D000X,1,1,1,1,1.4,1.4,1.0,1.0,0.0,0.0
1.77268,-4,-89,455,0,E1A1925B1607C0592X,TE1A1B2C6D000X,1,1,1,1,1.4,1.4,1.0,1.0,0.0,0.0
1.78442,-4,-87,455,0,E1A1925B1605C0602X,TE1A1B2C6D000X,1,1,1,1,1.4,1.4,1.0,1.0,0.0,0.0
1.79603,-5,-85,455,0,E1A1925B1602C0612X,TE1A1B2C6D000X,1,1,1,1,1.4,1.4,1.0,1.0,0.0,0.0
1.8078,-5,-83,454,0,E1A1925B1599C0622X,TE1A1B2C6D000X,1,1,1,1,1.4,1.4,1.0,1.0,0.0,0.0
1.81975,-6,-81,453,0,E1A1925B1596C0632X,TE1A1B2C6D000X,1,1,1,1,1.4,1.4,1.0,1.0,0.0,0.0
1.83715,-6,-78,454,0,E1A1925B1594C0646X,TE1A1B2C6D000X,1,1,1,1,1.4,1.4,1.0,1.0,0.0,0.0
1.8493,-7,-75,453,0,E1A1925B1591C0661X,TE1A1B2C6D000X,1,1,1,1,1.4,1.4,1.0,1.0,0.0,0.0
1.86129,-7,-73,452,0,E1A1925B1588C0675X,TE1A1B2C6D000X,1,1,1,1,1.4,1.4,1.0,1.0,0.0,0.0
1.87307,-7,-70,452,0,E1A1925B1585C0689X,TE1A1B2C6D000X,1,1,1,1,1.4,1.4,1.0,1.0,0.0,0.0
1.88494,-8,-67,451,0,E1A1925B1582C0703X,TE1A1B2C6D000X,1,1,1,1,1.4,1.4,1.0,1.0,0.0,0.0
1.90506,-8,-63,448,0,E1A1925B1578C0718X,TE1A1B2C6D000X,1,1,1,1,1.4,1.4,1.0,1.0,0.0,0.0
1.92935,-8,-60,446,0,E1A1925B1574C0736X,TE1A1B2C6D000X,1,1,1,1,1.4,1.4,1.0,1.0,0.0,0.0
1.94109,-8,-56,444,0,E1A1925B1571C0754X,TE1A1B2C6D000X,1,1,1,1,1.4,1.4,1.0,1.0,0.0,0.0
1.95277,-8,-53,443,0,E1A1925B1569C0773X,TE1A1B2C6D000X,1,1,1,1,1.4,1.4,1.0,1.0,0.0,0.0
1.96443,-8,-50,442,0,E1A1925B1567C0794X,TE1A1B2C6D000X,1,1,1,1,1.4,1.4,1.0,1.0,0.0,0.0
1.97604,-8,-46,439,0,E1A1925B1563C0813X,TE1A1B2C6D000X,1,1,1,1,1.4,1.4,1.0,1.0,0.0,0.0
1.99738,-8,-43,439,0,E1A1925B1562C0837X,TE1A1B2C5D000X,1,1,1,1,1.4,1.4,1.0,1.0,0.0,0.0
2.00932,-8,-39,439,0,E1A1925B1560C0860X,TE1A1B2C5D000X,1,1,1,1,1.4,1.4,1.0,1.0,0.0,0.0
2.02107,-8,-36,438,0,E1A1925B1558C0881X,TE1A1B2C5D000X,1,1,1,1,1.4,1.4,1.0,1.0,0.0,0.0
2.04152,-8,-32,438,0,E1A1925B1556C0906X,TE1A1B2C5D000X,1,1,1,1,1.4,1.4,1.0,1.0,0.0,0.0
2.05333,-8,-29,436,0,E1A1925B1553C0928X,TE1A1B2C5D000X,1,1,1,1,1.4,1.4,1.0,1.0,0.0,0.0
2.06462,-8,-25,436,0,E1A1925B1551C0951X,TE1A1B2C5D000X,1,1,1,1,1.4,1.4,1.0,1.0,0.0,0.0
2.07661,-8,-22,436,0,E1A1925B1548C0973X,TE1A1B2C5D000X,1,1,1,1,1.4,1.4,1.0,1.0,0.0,0.0
2.08822,-8,-19,436,0,E1A1925B1545C0994X,TE1A1B2C5D000X,1,1,1,1,1.4,1.4,1.0,1.0,0.0,0.0
2.09973,-8,-16,435,0,E1A1925B1541C1014X,TE1A1B2C5D000X,1,1,1,1,1.4,1.4,1.0,1.0,0.0,0.0
2.11119,-8,-13,433,0,E1A1925B1537C1032X,TE1A1B2C5D000X,1,1,1,1,1.4,1.4,1.0,1.0,0.0,0.0
2.12293,-9,-10,429,0,E1A1925B1531C1048X,TE1A1B2C5D000X,1,1,1,1,1.4,1.4,1.0,1.0,0.0,0.0
2.13453,-9,-7,427,0,E1A1925B1525C1064X,TE1A1B2C4D000X,1,1,1,1,1.4,1.4,1.0,1.0,0.0,0.0
2.146,-9,-4,425,0,E1A1925B1519C1080X,TE1A1B2C4D000X,1,1,1,1,1.4,1.4,1.0,1.0,0.0,0.0
2.15765,-10,-1,423,0,E1A1925B1513C1097X,TE1A1B2C4D000X,1,1,1,1,1.4,1.4,1.0,1.0,0.0,0.0
2.16939,-10,1,421,0,E1A1925B1506C1111X,TE1A1B2C4D000X,1,1,1,1,1.4,1.4,1.0,1.0,0.0,0.0
2.18093,-11,4,419,0,E1A1925B1498C1126X,TE1A1B2C4D000X,1,1,1,1,1.4,1.4,1.0,1.0,0.0,0.0
2.19698,-11,6,416,0,E1A1925B1489C1141X,TE1A1B2C4D000X,1,1,1,1,1.4,1.4,1.0,1.0,0.0,0.0
2.20906,-12,9,415,0,E1A1925B1481C1158X,TE1A1B2C4D000X,1,1,1,1,1.4,1.4,1.0,1.0,0.0,0.0
2.22101,-12,12,414,0,E1A1925B1472C1175X,TE1A1B2C4D000X,1,1,1,1,1.4,1.4,1.0,1.0,0.0,0.0
2.233,-13,15,414,0,E1A1925B1464C1192X,TE1A1B3C4D000X,1,1,1,1,1.4,1.4,1.0,1.0,0.0,0.0
2.25296,-14,18,412,0,E1A1925B1452C1207X,TE1A1B3C4D000X,1,1,1,1,1.4,1.4,1.0,1.0,0.0,0.0
2.26554,-15,21,412,0,E1A1925B1442C1224X,TE1A1B3C4D000X,1,1,1,1,1.4,1.4,1.0,1.0,0.0,0.0
2.27713,-16,23,412,0,E1A1925B1431C1239X,TE1A1B3C4D000X,1,1,1,1,1.4,1.4,1.0,1.0,0.0,0.0
2.28925,-17,26,412,0,E1A1925B1419C1254X,TE1A1B3C4D000X,1,1,1,1,1.4,1.4,1.0,1.0,0.0,0.0
2.30125,-18,28,412,0,E1A1925B1406C1267X,TE1A1B3C3D000X,1,1,1,1,1.4,1.4,1.0,1.0,0.0,0.0
2.3212,-20,31,413,0,E1A1925B1393C1282X,TE1A1B3C3D000X,1,1,1,1,1.4,1.4,1.0,1.0,0.0,0.0
2.33278,-21,34,413,0,E1A1925B1379C1295X,TE1A1B3C3D000X,1,1,1,1,1.4,1.4,1.0,1.0,0.0,0.0
2.3572,-22,36,414,0,E1A1925B1364C1308X,TE1A1B3C3D000X,1,1,1,1,1.4,1.4,1.0,1.0,0.0,0.0
2.38283,-24,39,414,0,E1A1925B1347C1320X,TE1A1B3C3D000X,1,1,1,1,1.4,1.4,1.0,1.0,0.0,0.0
2.39455,-26,42,415,0,E1A1925B1330C1333X,TE1A1B3C3D000X,1,1,1,1,1.4,1.4,1.0,1.0,0.0,0.0
2.40625,-27,44,415,0,E1A1925B1312C1343X,TE1A1B3C3D000X,1,1,1,1,1.4,1.4,1.0,1.0,0.0,0.0
2.41783,-29,46,415,0,E1A1925B1294C1351X,TE1A1B3C3D000X,1,1,1,1,1.4,1.4,1.0,1.0,0.0,0.0
2.42946,-30,48,415,0,E1A1925B1276C1359X,TE1A1B3C3D000X,1,1,1,1,1.4,1.4,1.0,1.0,0.0,0.0
2.44099,-32,50,415,0,E1A1925B1259C1366X,TE1A1B3C3D000X,1,1,1,1,1.4,1.4,1.0,1.0,0.0,0.0
2.46906,-34,52,415,0,E1A1925B1236C1373X,TE1A1B3C3D000X,1,1,1,1,1.4,1.4,1.0,1.0,0.0,0.0
2.48104,-37,54,415,0,E1A1925B1214C1380X,TE1A1B4C3D000X,1,1,1,1,1.4,1.4,1.0,1.0,0.0,0.0
2.49342,-39,56,415,0,E1A1925B1192C1385X,TE1A1B4C3D000X,1,1,1,1,1.4,1.4,1.0,1.0,0.0,0.0
2.505,-41,58,416,0,E1A1925B1170C1389X,TE1A1B4C3D000X,1,1,1,1,1.4,1.4,1.0,1.0,0.0,0.0
2.5167,-43,59,415,0,E1A1925B1149C1392X,TE1A1B4C3D000X,1,1,1,1,1.4,1.4,1.0,1.0,0.0,0.0
2.52839,-45,61,415,0,E1A1925B1128C1395X,TE1A1B4C3D000X,1,1,1,1,1.4,1.4,1.0,1.0,0.0,0.0
2.5401,-47,62,415,0,E1A1925B1108C1398X,TE1A1B4C3D000X,1,1,1,1,1.4,1.4,1.0,1.0,0.0,0.0
2.55231,-50,63,416,0,E1A1925B1088C1401X,TE1A1B4C3D000X,1,1,1,1,1.4,1.4,1.0,1.0,0.0,0.0
2.56531,-52,64,415,0,E1A1925B1068C1401X,TE1A1B4C3D000X,1,1,1,1,1.4,1.4,1.0,1.0,0.0,0.0
2.57656,-54,65,414,0,E1A1925B1049C1401X,TE1A1B4C3D000X,1,1,1,1,1.4,1.4,1.0,1.0,0.0,0.0
2.58804,-55,66,412,0,E1A1925B1029C1400X,TE1A1B4C3D000X,1,1,1,1,1.4,1.4,1.0,1.0,0.0,0.0
2.5992,-57,66,410,0,E1A1925B1009C1399X,TE1A1B4C3D000X,1,1,1,1,1.4,1.4,1.0,1.0,0.0,0.0
2.61077,-59,67,408,0,E1A1925B0991C1398X,TE1A1B5C3D000X,1,1,1,1,1.4,1.4,1.0,1.0,0.0,0.0
2.62249,-61,68,407,0,E1A1925B0972C1398X,TE1A1B5C3D000X,1,1,1,1,1.4,1.4,1.0,1.0,0.0,0.0
2.63399,-63,68,406,0,E1A1925B0953C1398X,TE1A1B5C3D000X,1,1,1,1,1.4,1.4,1.0,1.0,0.0,0.0
2.64511,-65,69,405,0,E1A1925B0935C1399X,TE1A1B5C3D000X,1,1,1,1,1.4,1.4,1.0,1.0,0.0,0.0
2.65694,-66,70,403,0,E1A1925B0916C1397X,TE1A1B5C3D000X,1,1,1,1,1.4,1.4,1.0,1.0,0.0,0.0
2.66895,-68,70,402,0,E1A1925B0898C1397X,TE1A1B5C3D000X,1,1,1,1,1.4,1.4,1.0,1.0,0.0,0.0
2.68141,-69,71,401,0,E1A1925B0881C1398X,TE1A1B5C3D000X,1,1,1,1,1.4,1.4,1.0,1.0,0.0,0.0
2.6928,-71,71,400,0,E1A1925B0864C1398X,TE1A1B5C3D000X,1,1,1,1,1.4,1.4,1.0,1.0,0.0,0.0
2.70454,-72,72,398,0,E1A1925B0847C1398X,TE1A1B5C3D000X,1,1,1,1,1.4,1.4,1.0,1.0,0.0,0.0
2.71611,-74,73,398,0,E1A1925B0831C1399X,TE1A1B5C3D000X,1,1,1,1,1.4,1.4,1.0,1.0,0.0,0.0
2.72716,-75,73,397,0,E1A1925B0817C1402X,TE1A1B5C3D000X,1,1,1,1,1.4,1.4,1.0,1.0,0.0,0.0
2.73887,-76,74,395,0,E1A1925B0801C1402X,TE1A1B5C3D000X,1,1,1,1,1.4,1.4,1.0,1.0,0.0,0.0
2.75301,-77,75,394,0,E1A1925B0785C1404X,TE1A1B5C3D000X,1,1,1,1,1.4,1.4,1.0,1.0,0.0,0.0
2.76448,-78,75,392,0,E1A1925B0769C1405X,TE1A1B6C3D000X,1,1,1,1,1.4,1.4,1.0,1.0,0.0,0.0
2.7757,-79,76,392,0,E1A1925B0754C1408X,TE1A1B6C3D000X,1,1,1,1,1.4,1.4,1.0,1.0,0.0,0.0
2.78736,-80,77,391,0,E1A1925B0740C1411X,TE1A1B6C3D000X,1,1,1,1,1.4,1.4,1.0,1.0,0.0,0.0
2.7985,-81,78,392,0,E1A1925B0727C1415X,TE1A1B6C3D000X,1,1,1,1,1.4,1.4,1.0,1.0,0.0,0.0
2.81033,-82,79,392,0,E1A1925B0714C1418X,TE1A1B6C3D000X,1,1,1,1,1.4,1.4,1.0,1.0,0.0,0.0
2.8219,-83,79,391,0,E1A1925B0702C1420X,TE1A1B6C3D000X,1,1,1,1,1.4,1.4,1.0,1.0,0.0,0.0
2.83363,-84,80,389,0,E1A1925B0690C1422X,TE1A1B6C3D000X,1,1,1,1,1.4,1.4,1.0,1.0,0.0,0.0
2.84529,-84,80,389,0,E1A1925B0679C1425X,TE1A1B6C3D000X,1,1,1,1,1.4,1.4,1.0,1.0,0.0,0.0
2.8571,-85,81,389,0,E1A1925B0669C1428X,TE1A1B6C3D000X,1,1,1,1,1.4,1.4,1.0,1.0,0.0,0.0
2.86886,-85,81,388,0,E1A1925B0661C1430X,TE1A1B6C3D000X,1,1,1,1,1.4,1.4,1.0,1.0,0.0,0.0
2.87997,-85,81,388,0,E1A1925B0654C1433X,TE1A1B6C3D000X,1,1,1,1,1.4,1.4,1.0,1.0,0.0,0.0
2.89164,-85,82,387,0,E1A1925B0647C1435X,TE1A1B6C3D000X,1,1,1,1,1.4,1.4,1.0,1.0,0.0,0.0
2.90331,-85,82,387,0,E1A1925B0643C1439X,TE1A1B6C3D000X,1,1,1,1,1.4,1.4,1.0,1.0,0.0,0.0
2.91499,-85,82,387,0,E1A1925B0639C1442X,TE1A1B6C3D000X,1,1,1,1,1.4,1.4,1.0,1.0,0.0,0.0
2.93313,-85,82,387,0,E1A1925B0637C1445X,TE1A1B6C3D000X,1,1,1,1,1.4,1.4,1.0,1.0,0.0,0.0
2.94522,-84,82,386,0,E1A1925B0636C1447X,TE1A1B6C3D000X,1,1,1,1,1.4,1.4,1.0,1.0,0.0,0.0
2.95723,-83,82,386,0,E1A1925B0638C1451X,TE1A1B6C3D000X,1,1,1,1,1.4,1.4,1.0,1.0,0.0,0.0
2.96912,-82,81,386,0,E1A1925B0642C1455X,TE1A1B6C3D000X,1,1,1,1,1.4,1.4,1.0,1.0,0.0,0.0
2.98082,-81,81,386,0,E1A1925B0648C1460X,TE1A1B6C3D000X,1,1,1,1,1.4,1.4,1.0,1.0,0.0,0.0
2.99196,-80,81,388,0,E1A1925B0656C1466X,TE1A1B6C3D000X,1,1,1,1,1.4,1.4,1.0,1.0,0.0,0.0
3.00389,-78,81,388,0,E1A1925B0663C1471X,TE1A1B6C3D000X,1,1,1,1,1.4,1.4,1.0,1.0,0.0,0.0
3.01564,-77,81,390,0,E1A1925B0674C1477X,TE1A1B6C3D000X,1,1,1,1,1.4,1.4,1.0,1.0,0.0,0.0
3.02728,-75,80,390,0,E1A1925B0685C1482X,TE1A1B6C3D000X,1,1,1,1,1.4,1.4,1.0,1.0,0.0,0.0
3.03919,-73,80,392,0,E1A1925B0699C1489X,TE1A1B6C3D000X,1,1,1,1,1.4,1.4,1.0,1.0,0.0,0.0
3.05095,-70,79,392,0,E1A1925B0714C1494X,TE1A1B6C2D000X,1,1,1,1,1.4,1.4,1.0,1.0,0.0,0.0
3.06241,-67,78,392,0,E1A1925B0731C1501X,TE1A1B6C2D000X,1,1,1,1,1.4,1.4,1.0,1.0,0.0,0.0
3.0744,-65,78,393,0,E1A1925B0749C1508X,TE1A1B6C2D000X,1,1,1,1,1.4,1.4,1.0,1.0,0.0,0.0
3.08936,-61,77,394,0,E1A1925B0771C1516X,TE1A1B6C2D000X,1,1,1,1,1.4,1.4,1.0,1.0,0.0,0.0
3.10135,-58,76,394,0,E1A1925B0794C1523X,TE1A1B6C2D000X,1,1,1,1,1.4,1.4,1.0,1.0,0.0,0.0
3.11421,-54,75,395,0,E1A1925B0819C1530X,TE1A1B6C2D000X,1,1,1,1,1.4,1.4,1.0,1.0,0.0,0.0
3.12546,-50,74,395,0,E1A1925B0846C1539X,TE1A1B5C2D000X,1,1,1,1,1.4,1.4,1.0,1.0,0.0,0.0
3.13743,-46,73,396,0,E1A1925B0874C1547X,TE1A1B5C2D000X,1,1,1,1,1.4,1.4,1.0,1.0,0.0,0.0
3.14947,-42,72,397,0,E1A1925B0903C1556X,TE1A1B5C2D000X,1,1,1,1,1.4,1.4,1.0,1.0,0.0,0.0
3.16941,-37,71,398,0,E1A1925B0936C1565X,TE1A1B5C2D000X,1,1,1,1,1.4,1.4,1.0,1.0,0.0,0.0
3.18141,-33,70,399,0,E1A1925B0970C1575X,TE1A1B5C2D000X,1,1,1,1,1.4,1.4,1.0,1.0,0.0,0.0
3.19308,-28,69,400,0,E1A1925B1004C1584X,TE1A1B5C2D000X,1,1,1,1,1.4,1.4,1.0,1.0,0.0,0.0
3.20544,-24,67,400,0,E1A1925B1037C1593X,TE1A1B5C2D000X,1,1,1,1,1.4,1.4,1.0,1.0,0.0,0.0
3.22546,-19,66,401,0,E1A1925B1074C1603X,TE1A1B4C2D000X,1,1,1,1,1.4,1.4,1.0,1.0,0.0,0.0
3.23736,-14,65,401,0,E1A1925B1110C1612X,TE1A1B4C2D000X,1,1,1,1,1.4,1.4,1.0,1.0,0.0,0.0
3.24939,-9,64,401,0,E1A1925B1146C1622X,TE1A1B4C2D000X,1,1,1,1,1.4,1.4,1.0,1.0,0.0,0.0
3.27322,-4,62,402,0,E1A1925B1185C1632X,TE1A1B4C2D000X,1,1,1,1,1.4,1.4,1.0,1.0,0.0,0.0
3.28527,0,61,402,0,E1A1925B1221C1641X,TE1A1B4C2D000X,1,1,1,1,1.4,1.4,1.0,1.0,0.0,0.0
3.29702,5,60,403,0,E1A1925B1258C1651X,TE1A1B4C2D000X,1,1,1,1,1.4,1.4,1.0,1.0,0.0,0.0
3.31718,10,58,404,0,E1A1925B1297C1661X,TE1A1B3C2D000X,1,1,1,1,1.4,1.4,1.0,1.0,0.0,0.0
3.3294,14,57,405,0,E1A1925B1333C1671X,TE1A1B3C2D000X,1,1,1,1,1.4,1.4,1.0,1.0,0.0,0.0
3.34125,18,56,405,0,E1A1925B1367C1680X,TE1A1B3C2D000X,1,1,1,1,1.4,1.4,1.0,1.0,0.0,0.0
3.35317,23,55,405,0,E1A1925B1398C1688X,TE1A1B3C2D000X,1,1,1,1,1.4,1.4,1.0,1.0,0.0,0.0
3.36487,26,54,405,0,E1A1925B1429C1696X,TE1A1B3C2D000X,1,1,1,1,1.4,1.4,1.0,1.0,0.0,0.0
3.37645,30,53,406,0,E1A1925B1457C1705X,TE1A1B3C2D000X,1,1,1,1,1.4,1.4,1.0,1.0,0.0,0.0
3.38841,33,52,406,0,E1A1925B1482C1712X,TE1A1B3C2D000X,1,1,1,1,1.4,1.4,1.0,1.0,0.0,0.0
3.39989,37,51,405,0,E1A1925B1506C1719X,TE1A1B2C1D000X,1,1,1,1,1.4,1.4,1.0,1.0,0.0,0.0
3.4121,40,50,405,0,E1A1920B1538C1719X,TE1A1B2C1D000X,1,1,1,1,1.4,1.4,1.0,1.0,0.0,0.0
3.42428,42,50,405,0,E1A1913B1572C1719X,TE1A1B2C1D000X,1,1,1,1,1.4,1.4,1.0,1.0,0.0,0.0
3.43632,45,49,405,0,E1A1904B1605C1719X,TE1A1B2C1D000X,1,1,1,1,1.4,1.4,1.0,1.0,0.0,0.0
3.44801,47,48,405,0,E1A1897B1634C1719X,TE1A1B2C1D000X,1,1,1,1,1.4,1.4,1.0,1.0,0.0,0.0
3.45924,50,48,405,0,E1A1889B1661C1719X,TE1A1B2C1D000X,1,1,1,1,1.4,1.4,1.0,1.0,0.0,0.0
3.47103,52,48,405,0,E1A1881B1684C1719X,TE1A1B2C1D000X,1,1,1,1,1.4,1.4,1.0,1.0,0.0,0.0
3.48282,54,47,405,0,E1A1873B1705C1719X,TE1A1B2C1D000X,1,1,1,1,1.4,1.4,1.0,1.0,0.0,0.0
3.49463,56,47,405,0,E1A1865B1723C1719X,TE1A1B2C1D000X,1,1,1,1,1.4,1.4,1.0,1.0,0.0,0.0
3.50663,57,47,404,0,E1A1857B1738C1719X,TE1A1B2C1D000X,1,1,1,1,1.4,1.4,1.0,1.0,0.0,0.0
3.51851,59,47,404,0,E1A1848B1752C1719X,TE1A1B1C1D000X,1,1,1,1,1.4,1.4,1.0,1.0,0.0,0.0
3.53015,60,47,404,0,E1A1839B1764C1719X,TE1A1B1C1D000X,1,1,1,1,1.4,1.4,1.0,1.0,0.0,0.0
3.54222,62,47,403,0,E1A1830B1773C1719X,TE1A1B1C1D000X,1,1,1,1,1.4,1.4,1.0,1.0,0.0,0.0
3.55368,63,47,403,0,E1A1819B1781C1719X,TE1A1B1C1D000X,1,1,1,1,1.4,1.4,1.0,1.0,0.0,0.0
3.56568,64,47,403,0,E1A1808B1787C1719X,TE1A1B1C1D000X,1,1,1,1,1.4,1.4,1.0,1.0,0.0,0.0
3.57716,65,47,402,0,E1A1798B1792C1719X,TE1A1B1C1D000X,1,1,1,1,1.4,1.4,1.0,1.0,0.0,0.0
3.58921,66,47,402,0,E1A1785B1798C1719X,TE1A1B1C1D000X,1,1,1,1,1.4,1.4,1.0,1.0,0.0,0.0
3.60162,67,48,402,0,E1A1772B1802C1719X,TE1A1B1C1D000X,1,1,1,1,1.4,1.4,1.0,1.0,0.0,0.0
3.61315,68,48,402,0,E1A1759B1804C1719X,TE1A1B1C1D000X,1,1,1,1,1.4,1.4,1.0,1.0,0.0,0.0
3.62528,69,48,402,0,E1A1746B1806C1719X,TE1A1B1C1D000X,1,1,1,1,1.4,1.4,1.0,1.0,0.0,0.0
3.63709,70,49,402,0,E1A1734B1808C1719X,TE1A1B1C1D000X,1,1,1,1,1.4,1.4,1.0,1.0,0.0,0.0
3.64905,71,49,402,0,E1A1722B1809C1719X,TE1A1B1C1D000X,1,1,1,1,1.4,1.4,1.0,1.0,0.0,0.0
3.66085,71,49,402,0,E1A1710B1810C1719X,TE1A1B1C1D000X,1,1,1,1,1.4,1.4,1.0,1.0,0.0,0.0
3.67493,72,50,401,0,E1A1699B1811C1719X,TE1A1B1C1D000X,1,1,1,1,1.4,1.4,1.0,1.0,0.0,0.0
3.68627,72,50,400,0,E1A1688B1811C1719X,TE1A2B1C1D000X,1,1,1,1,1.4,1.4,1.0,1.0,0.0,0.0
3.69822,73,50,400,0,E1A1677B1812C1719X,TE1A2B1C1D000X,1,1,1,1,1.4,1.4,1.0,1.0,0.0,0.0
3.70954,73,51,400,0,E1A1666B1812C1719X,TE1A2B1C1D000X,1,1,1,1,1.4,1.4,1.0,1.0,0.0,0.0
3.7214,74,51,400,0,E1A1655B1812C1719X,TE1A2B1C1D000X,1,1,1,1,1.4,1.4,1.0,1.0,0.0,0.0
3.73281,74,51,400,0,E1A1645B1812C1719X,TE1A2B1C1D000X,1,1,1,1,1.4,1.4,1.0,1.0,0.0,0.0
3.74471,74,52,400,0,E1A1636B1812C1719X,TE1A2B1C1D000X,1,1,1,1,1.4,1.4,1.0,1.0,0.0,0.0
3.75655,74,52,400,0,E1A1628B1812C1719X,TE1A2B1C1D000X,1,1,1,1,1.4,1.4,1.0,1.0,0.0,0.0
3.76838,75,52,400,0,E1A1620B1811C1719X,TE1A2B1C1D000X,1,1,1,1,1.4,1.4,1.0,1.0,0.0,0.0
3.78049,75,52,400,0,E1A1613B1811C1719X,TE1A2B1C1D000X,1,1,1,1,1.4,1.4,1.0,1.0,0.0,0.0
3.79192,75,52,400,0,E1A1606B1810C1719X,TE1A2B1C1D000X,1,1,1,1,1.4,1.4,1.0,1.0,0.0,0.0
3.80372,75,53,400,0,E1A1599B1809C1719X,TE1A2B1C1D000X,1,1,1,1,1.4,1.4,1.0,1.0,0.0,0.0
3.81543,75,53,400,0,E1A1591B1809C1719X,TE1A2B1C1D000X,1,1,1,1,1.4,1.4,1.0,1.0,0.0,0.0
3.82686,75,53,400,0,E1A1584B1809C1719X,TE1A2B1C1D000X,1,1,1,1,1.4,1.4,1.0,1.0,0.0,0.0
3.8387,75,53,400,0,E1A1577B1809C1719X,TE1A2B1C1D000X,1,1,1,1,1.4,1.4,1.0,1.0,0.0,0.0
3.85707,75,53,400,0,E1A1571B1809C1719X,TE1A2B1C1D000X,1,1,1,1,1.4,1.4,1.0,1.0,0.0,0.0
3.86913,75,53,400,0,E1A1565B1808C1719X,TE1A2B1C1D000X,1,1,1,1,1.4,1.4,1.0,1.0,0.0,0.0
3.88164,74,53,399,0,E1A1560B1807C1719X,TE1A2B1C1D000X,1,1,1,1,1.4,1.4,1.0,1.0,0.0,0.0
3.8933,74,53,399,0,E1A1555B1806C1719X,TE1A2B1C1D000X,1,1,1,1,1.4,1.4,1.0,1.0,0.0,0.0
3.90532,74,53,399,0,E1A1550B1805C1719X,TE1A2B1C1D000X,1,1,1,1,1.4,1.4,1.0,1.0,0.0,0.0
3.91675,74,53,399,0,E1A1544B1804C1719X,TE1A2B1C1D000X,1,1,1,1,1.4,1.4,1.0,1.0,0.0,0.0
3.92822,74,54,399,0,E1A1540B1802C1719X,TE1A2B1C1D000X,1,1,1,1,1.4,1.4,1.0,1.0,0.0,0.0
3.94012,74,54,399,0,E1A1534B1801C1719X,TE1A2B1C1D000X,1,1,1,1,1.4,1.4,1.0,1.0,0.0,0.0
3.95173,73,54,399,0,E1A1529B1799C1719X,TE1A2B1C1D000X,1,1,1,1,1.4,1.4,1.0,1.0,0.0,0.0
3.9642,73,54,399,0,E1A1524B1798C1719X,TE1A2B1C1D000X,1,1,1,1,1.4,1.4,1.0,1.0,0.0,0.0
3.97536,73,54,399,0,E1A1518B1796C1719X,TE1A2B1C1D000X,1,1,1,1,1.4,1.4,1.0,1.0,0.0,0.0
3.98725,73,54,400,0,E1A1513B1796C1719X,TE1A2B1C1D000X,1,1,1,1,1.4,1.4,1.0,1.0,0.0,0.0
3.99833,73,55,400,0,E1A1508B1795C1719X,TE1A2B1C1D000X,1,1,1,1,1.4,1.4,1.0,1.0,0.0,0.0
4.01029,73,55,400,0,E1A1503B1793C1719X,TE1A2B1C1D000X,1,1,1,1,1.4,1.4,1.0,1.0,0.0,0.0
4.02253,72,55,399,0,E1A1499B1792C1719X,TE1A2B1C1D000X,1,1,1,1,1.4,1.4,1.0,1.0,0.0,0.0
4.03438,72,55,398,0,E1A1495B1791C1719X,TE1A2B1C1D000X,1,1,1,1,1.4,1.4,1.0,1.0,0.0,0.0
4.04567,72,55,398,0,E1A1492B1790C1719X,TE1A2B1C1D000X,1,1,1,1,1.4,1.4,1.0,1.0,0.0,0.0
4.06118,71,55,398,0,E1A1488B1788C1719X,TE1A2B1C1D000X,1,1,1,1,1.4,1.4,1.0,1.0,0.0,0.0
4.07322,71,55,398,0,E1A1484B1787C1719X,TE1A2B1C1D000X,1,1,1,1,1.4,1.4,1.0,1.0,0.0,0.0
4.08525,71,55,398,0,E1A1481B1785C1719X,TE1A2B1C1D000X,1,1,1,1,1.4,1.4,1.0,1.0,0.0,0.0
4.0971,70,55,398,0,E1A1477B1784C1719X,TE1A2B1C1D000X,1,1,1,1,1.4,1.4,1.0,1.0,0.0,0.0
4.10841,70,55,399,0,E1A1474B1782C1719X,TE1A2B1C1D000X,1,1,1,1,1.4,1.4,1.0,1.0,0.0,0.0
4.12005,70,55,399,0,E1A1471B1781C1719X,TE1A3B1C1D000X,1,1,1,1,1.4,1.4,1.0,1.0,0.0,0.0
4.13147,70,55,399,0,E1A1468B1779C1719X,TE1A3B1C1D000X,1,1,1,1,1.4,1.4,1.0,1.0,0.0,0.0
4.14326,69,55,399,0,E1A1466B1778C1719X,TE1A3B1C1D000X,1,1,1,1,1.4,1.4,1.0,1.0,0.0,0.0
4.15502,69,55,398,0,E1A1464B1776C1719X,TE1A3B1C1D000X,1,1,1,1,1.4,1.4,1.0,1.0,0.0,0.0
4.16912,68,55,398,0,E1A1461B1775C1719X,TE1A3B1C1D000X,1,1,1,1,1.4,1.4,1.0,1.0,0.0,0.0
4.18076,68,55,398,0,E1A1459B1774C1719X,TE1A3B1C1D000X,1,1,1,1,1.4,1.4,1.0,1.0,0.0,0.0
4.19215,67,55,398,0,E1A1457B1772C1719X,TE1A3B1C1D000X,1,1,1,1,1.4,1.4,1.0,1.0,0.0,0.0
4.22103,67,55,398,0,E1A1458B1770C1719X,TE1A3B1C1D000X,1,1,1,1,1.4,1.4,1.0,1.0,0.0,0.0
4.24124,66,55,398,0,E1A1461B1768C1719X,TE1A3B1C1D000X,1,1,1,1,1.4,1.4,1.0,1.0,0.0,0.0
4.25315,65,54,398,0,E1A1463B1766C1719X,TE1A3B1C1D000X,1,1,1,1,1.4,1.4,1.0,1.0,0.0,0.0
4.26511,64,54,398,0,E1A1467B1764C1719X,TE1A3B1C1D000X,1,1,1,1,1.4,1.4,1.0,1.0,0.0,0.0
4.2893,63,54,398,0,E1A1472B1762C1719X,TE1A3B1C1D000X,1,1,1,1,1.4,1.4,1.0,1.0,0.0,0.0
4.30099,62,53,399,0,E1A1478B1760C1719X,TE1A3B1C1D000X,1,1,1,1,1.4,1.4,1.0,1.0,0.0,0.0
4.31267,61,53,399,0,E1A1484B1758C1719X,TE1A3B1C1D000X,1,1,1,1,1.4,1.4,1.0,1.0,0.0,0.0
4.32438,60,52,399,0,E1A1491B1755C1719X,TE1A3B1C1D000X,1,1,1,1,1.4,1.4,1.0,1.0,0.0,0.0
4.33609,58,52,399,0,E1A1498B1753C1719X,TE1A2B1C1D000X,1,1,1,1,1.4,1.4,1.0,1.0,0.0,0.0
4.34819,57,52,400,0,E1A1505B1751C1719X,TE1A2B1C1D000X,1,1,1,1,1.4,1.4,1.0,1.0,0.0,0.0
4.3598,56,51,401,0,E1A1512B1749C1719X,TE1A2B1C1D000X,1,1,1,1,1.4,1.4,1.0,1.0,0.0,0.0
4.37155,55,51,401,0,E1A1520B1746C1719X,TE1A2B1C1D000X,1,1,1,1,1.4,1.4,1.0,1.0,0.0,0.0
4.38313,54,50,401,0,E1A1527B1744C1719X,TE1A2B1C1D000X,1,1,1,1,1.4,1.4,1.0,1.0,0.0,0.0
4.40109,52,50,402,0,E1A1535B1742C1719X,TE1A2B1C1D000X,1,1,1,1,1.4,1.4,1.0,1.0,0.0,0.0
4.42334,51,49,402,0,E1A1545B1739C1719X,TE1A2B1C1D000X,1,1,1,1,1.4,1.4,1.0,1.0,0.0,0.0
4.44503,49,48,403,0,E1A1557B1735C1719X,TE1A2B1C1D000X,1,1,1,1,1.4,1.4,1.0,1.0,0.0,0.0
4.45722,47,48,403,0,E1A1568B1732C1719X,TE1A2B1C1D000X,1,1,1,1,1.4,1.4,1.0,1.0,0.0,0.0
4.46915,46,47,403,0,E1A1580B1729C1719X,TE1A2B1C1D000X,1,1,1,1,1.4,1.4,1.0,1.0,0.0,0.0
4.48125,44,46,404,0,E1A1591B1725C1719X,TE1A2B1C1D000X,1,1,1,1,1.4,1.4,1.0,1.0,0.0,0.0
4.49275,42,45,404,0,E1A1603B1722C1719X,TE1A2B1C1D000X,1,1,1,1,1.4,1.4,1.0,1.0,0.0,0.0
4.50439,41,45,405,0,E1A1614B1718C1719X,TE1A2B1C1D000X,1,1,1,1,1.4,1.4,1.0,1.0,0.0,0.0
4.52519,39,44,406,0,E1A1627B1715C1719X,TE1A2B1C1D000X,1,1,1,1,1.4,1.4,1.0,1.0,0.0,0.0
4.54511,37,43,406,0,E1A1643B1711C1719X,TE1A2B1C1D000X,1,1,1,1,1.4,1.4,1.0,1.0,0.0,0.0
4.55717,35,41,406,0,E1A1658B1708C1719X,TE1A2B1C1D000X,1,1,1,1,1.4,1.4,1.0,1.0,0.0,0.0
4.56902,33,40,408,0,E1A1672B1705C1719X,TE1A2B1C1D000X,1,1,1,1,1.4,1.4,1.0,1.0,0.0,0.0
4.58103,31,39,408,0,E1A1687B1701C1719X,TE1A2B2C1D000X,1,1,1,1,1.4,1.4,1.0,1.0,0.0,0.0
4.59274,29,38,409,0,E1A1701B1698C1719X,TE1A2B2C1D000X,1,1,1,1,1.4,1.4,1.0,1.0,0.0,0.0
4.60499,27,37,409,0,E1A1715B1694C1719X,TE1A2B2C1D000X,1,1,1,1,1.4,1.4,1.0,1.0,0.0,0.0
4.62525,25,36,410,0,E1A1729B1690C1719X,TE1A1B2C1D000X,1,1,1,1,1.4,1.4,1.0,1.0,0.0,0.0
4.63724,23,34,411,0,E1A1743B1685C1719X,TE1A1B2C1D000X,1,1,1,1,1.4,1.4,1.0,1.0,0.0,0.0
4.64914,21,33,412,0,E1A1756B1681C1719X,TE1A1B2C1D000X,1,1,1,1,1.4,1.4,1.0,1.0,0.0,0.0
4.66503,20,32,412,0,E1A1769B1676C1719X,TE1A1B2C1D000X,1,1,1,1,1.4,1.4,1.0,1.0,0.0,0.0
4.6772,18,31,413,0,E1A1780B1671C1719X,TE1A1B2C1D000X,1,1,1,1,1.4,1.4,1.0,1.0,0.0,0.0
4.68878,16,30,413,0,E1A1791B1666C1719X,TE1A1B2C1D000X,1,1,1,1,1.4,1.4,1.0,1.0,0.0,0.0
4.70036,15,28,413,0,E1A1801B1659C1719X,TE1A1B2C1D000X,1,1,1,1,1.4,1.4,1.0,1.0,0.0,0.0
4.71182,13,27,414,0,E1A1810B1654C1719X,TE1A1B2C1D000X,1,1,1,1,1.4,1.4,1.0,1.0,0.0,0.0
4.72366,12,26,414,0,E1A1819B1647C1719X,TE1A1B2C1D000X,1,1,1,1,1.4,1.4,1.0,1.0,0.0,0.0
4.7351,10,26,415,0,E1A1827B1641C1719X,TE1A1B2C1D000X,1,1,1,1,1.4,1.4,1.0,1.0,0.0,0.0
4.74627,9,25,416,0,E1A1834B1636C1719X,TE1A1B2C1D000X,1,1,1,1,1.4,1.4,1.0,1.0,0.0,0.0
4.75812,8,24,417,0,E1A1840B1630C1719X,TE1A1B2C1D000X,1,1,1,1,1.4,1.4,1.0,1.0,0.0,0.0
4.76975,7,23,417,0,E1A1846B1624C1719X,TE1A1B2C1D000X,1,1,1,1,1.4,1.4,1.0,1.0,0.0,0.0
4.78126,6,22,416,0,E1A1852B1619C1719X,TE1A1B2C1D000X,1,1,1,1,1.4,1.4,1.0,1.0,0.0,0.0
4.7925,5,22,418,0,E1A1857B1615C1719X,TE1A1B2C1D000X,1,1,1,1,1.4,1.4,1.0,1.0,0.0,0.0
4.80414,4,21,419,0,E1A1861B1610C1719X,TE1A1B2C1D000X,1,1,1,1,1.4,1.4,1.0,1.0,0.0,0.0
4.81561,3,21,419,0,E1A1866B1605C1719X,TE1A1B2C1D000X,1,1,1,1,1.4,1.4,1.0,1.0,0.0,0.0
4.82703,3,20,421,0,E1A1869B1601C1719X,TE1A1B2C1D000X,1,1,1,1,1.4,1.4,1.0,1.0,0.0,0.0
4.84126,2,20,422,0,E1A1874B1597C1719X,TE1A1B2C1D000X,1,1,1,1,1.4,1.4,1.0,1.0,0.0,0.0
4.85315,1,19,423,0,E1A1877B1593C1719X,TE1A1B2C1D000X,1,1,1,1,1.4,1.4,1.0,1.0,0.0,0.0
4.86507,1,19,423,0,E1A1880B1589C1719X,TE1A1B2C1D000X,1,1,1,1,1.4,1.4,1.0,1.0,0.0,0.0
4.88528,0,18,423,0,E1A1884B1585C1719X,TE1A1B2C1D000X,1,1,1,1,1.4,1.4,1.0,1.0,0.0,0.0
4.90936,0,18,423,0,E1A1887B1581C1719X,TE1A1B2C1D000X,1,1,1,1,1.4,1.4,1.0,1.0,0.0,0.0
4.94145,0,17,422,0,E1A1891B1575C1719X,TE1A1B2C1D000X,1,1,1,1,1.4,1.4,1.0,1.0,0.0,0.0
4.95347,0,17,421,0,E1A1894B1571C1719X,TE1A1B2C1D000X,1,1,1,1,1.4,1.4,1.0,1.0,0.0,0.0
4.9652,-1,16,422,0,E1A1896B1569C1719X,TE1A1B2C1D000X,1,1,1,1,1.4,1.4,1.0,1.0,0.0,0.0
4.97751,-1,16,423,0,E1A1897B1567C1719X,TE1A1B2C1D000X,1,1,1,1,1.4,1.4,1.0,1.0,0.0,0.0
4.98935,-1,16,424,0,E1A1899B1566C1719X,TE1A1B2C1D000X,1,1,1,1,1.4,1.4,1.0,1.0,0.0,0.0
5.00107,-1,15,425,0,E1A1899B1566C1719X,TE1A1B2C1D000X,1,1,1,1,1.4,1.4,1.0,1.0,0.0,0.0
5.01272,-1,15,425,0,E1A1900B1565C1719X,TE1A1B2C1D000X,1,1,1,1,1.4,1.4,1.0,1.0,0.0,0.0
5.02435,-1,15,423,0,E1A1900B1564C1719X,TE1A1B2C1D000X,1,1,1,1,1.4,1.4,1.0,1.0,0.0,0.0
5.03606,-1,15,423,0,E1A1901B1563C1719X,TE1A1B2C1D000X,1,1,1,1,1.4,1.4,1.0,1.0,0.0,0.0
5.04778,-1,15,422,0,E1A1901B1563C1719X,TE1A1B2C1D000X,1,1,1,1,1.4,1.4,1.0,1.0,0.0,0.0
5.05936,-1,15,421,0,E1A1900B1563C1719X,TE1A1B2C1D000X,1,1,1,1,1.4,1.4,1.0,1.0,0.0,0.0
5.07102,-1,15,421,0,E1A1900B1564C1719X,TE1A1B2C1D000X,1,1,1,1,1.4,1.4,1.0,1.0,0.0,0.0
5.08268,-1,15,421,0,E1A1899B1565C1719X,TE1A1B2C1D000X,1,1,1,1,1.4,1.4,1.0,1.0,0.0,0.0
5.0941,-1,15,421,0,E1A1898B1566C1719X,TE1A1B2C1D000X,1,1,1,1,1.4,1.4,1.0,1.0,0.0,0.0
5.10574,-1,15,421,0,E1A1897B1567C1719X,TE1A1B2C1D000X,1,1,1,1,1.4,1.4,1.0,1.0,0.0,0.0
5.11737,0,15,422,0,E1A1895B1569C1719X,TE1A1B2C1D000X,1,1,1,1,1.4,1.4,1.0,1.0,0.0,0.0
5.12881,0,15,422,0,E1A1894B1572C1719X,TE1A1B2C1D000X,1,1,1,1,1.4,1.4,1.0,1.0,0.0,0.0
5.14531,0,15,421,0,E1A1893B1573C1719X,TE1A1B2C1D000X,1,1,1,1,1.4,1.4,1.0,1.0,0.0,0.0
5.16927,0,15,421,0,E1A1892B1573C1719X,TE1A1B2C1D000X,1,1,1,1,1.4,1.4,1.0,1.0,0.0,0.0
5.18125,0,15,420,0,E1A1891B1574C1719X,TE1A1B2C1D000X,1,1,1,1,1.4,1.4,1.0,1.0,0.0,0.0
5.19231,0,15,420,0,E1A1890B1574C1719X,TE1A1B2C1D000X,1,1,1,1,1.4,1.4,1.0,1.0,0.0,0.0
5.20407,0,15,420,0,E1A1889B1575C1719X,TE1A1B2C1D000X,1,1,1,1,1.4,1.4,1.0,1.0,0.0,0.0
5.21584,0,15,420,0,E1A1888B1576C1719X,TE1A1B2C1D000X,1,1,1,1,1.4,1.4,1.0,1.0,0.0,0.0
5.22736,0,15,419,0,E1A1886B1576C1719X,TE1A1B2C1D000X,1,1,1,1,1.4,1.4,1.0,1.0,0.0,0.0
5.23927,0,15,418,0,E1A1885B1576C1719X,TE1A1B2C1D000X,1,1,1,1,1.4,1.4,1.0,1.0,0.0,0.0
5.25125,0,15,417,0,E1A1884B1577C1719X,TE1A1B2C1D000X,1,1,1,1,1.4,1.4,1.0,1.0,0.0,0.0
5.26261,0,15,417,0,E1A1883B1577C1719X,TE1A1B2C1D000X,1,1,1,1,1.4,1.4,1.0,1.0,0.0,0.0
5.27438,0,15,417,0,E1A1881B1578C1719X,TE1A1B2C1D000X,1,1,1,1,1.4,1.4,1.0,1.0,0.0,0.0
5.28587,0,15,417,0,E1A1880B1579C1719X,TE1A1B2C1D000X,1,1,1,1,1.4,1.4,1.0,1.0,0.0,0.0
5.29763,1,15,416,0,E1A1879B1579C1719X,TE1A1B2C1D000X,1,1,1,1,1.4,1.4,1.0,1.0,0.0,0.0
5.30912,1,16,416,0,E1A1878B1579C1719X,TE1A1B2C1D000X,1,1,1,1,1.4,1.4,1.0,1.0,0.0,0.0
5.32095,1,16,415,0,E1A1876B1579C1719X,TE1A1B2C1D000X,1,1,1,1,1.4,1.4,1.0,1.0,0.0,0.0
5.33716,1,16,415,0,E1A1875B1580C1719X,TE1A1B2C1D000X,1,1,1,1,1.4,1.4,1.0,1.0,0.0,0.0
5.3494,1,16,417,0,E1A1873B1582C1719X,TE1A1B2C1D000X,1,1,1,1,1.4,1.4,1.0,1.0,0.0,0.0
5.36155,1,16,416,0,E1A1871B1583C1719X,TE1A1B2C1D000X,1,1,1,1,1.4,1.4,1.0,1.0,0.0,0.0
5.37338,1,16,415,0,E1A1870B1583C1719X,TE1A1B2C1D000X,1,1,1,1,1.4,1.4,1.0,1.0,0.0,0.0
5.38522,2,16,415,0,E1A1868B1583C1719X,TE1A1B2C1D000X,1,1,1,1,1.4,1.4,1.0,1.0,0.0,0.0
5.39642,2,16,414,0,E1A1866B1583C1719X,TE1A1B2C1D000X,1,1,1,1,1.4,1.4,1.0,1.0,0.0,0.0
5.40825,2,17,416,0,E1A1865B1584C1719X,TE1A1B2C1D000X,1,1,1,1,1.4,1.4,1.0,1.0,0.0,0.0
5.41992,2,17,416,0,E1A1863B1585C1719X,TE1A1B2C1D000X,1,1,1,1,1.4,1.4,1.0,1.0,0.0,0.0
5.43743,2,17,415,0,E1A1861B1584C1719X,TE1A1B2C1D000X,1,1,1,1,1.4,1.4,1.0,1.0,0.0,0.0
5.4491,2,17,415,0,E1A1860B1584C1719X,TE1A1B2C1D000X,1,1,1,1,1.4,1.4,1.0,1.0,0.0,0.0
5.46101,2,17,416,0,E1A1858B1585C1719X,TE1A1B2C1D000X,1,1,1,1,1.4,1.4,1.0,1.0,0.0,0.0
5.47354,2,18,417,0,E1A1856B1586C1719X,TE1A1B2C1D000X,1,1,1,1,1.4,1.4,1.0,1.0,0.0,0.0
5.48508,3,18,418,0,E1A1854B1587C1719X,TE1A1B2C1D000X,1,1,1,1,1.4,1.4,1.0,1.0,0.0,0.0
5.50534,3,18,418,0,E1A1852B1587C1719X,TE1A1B2C1D000X,1,1,1,1,1.4,1.4,1.0,1.0,0.0,0.0
5.51731,3,18,418,0,E1A1851B1587C1719X,TE1A1B2C1D000X,1,1,1,1,1.4,1.4,1.0,1.0,0.0,0.0
5.52939,3,18,417,0,E1A1849B1587C1719X,TE1A1B2C1D000X,1,1,1,1,1.4,1.4,1.0,1.0,0.0,0.0
5.54139,3,19,417,0,E1A1847B1587C1719X,TE1A1B2C1D000X,1,1,1,1,1.4,1.4,1.0,1.0,0.0,0.0
5.5533,3,19,418,0,E1A1845B1588C1719X,TE1A1B2C1D000X,1,1,1,1,1.4,1.4,1.0,1.0,0.0,0.0
5.5653,3,19,418,0,E1A1843B1588C1719X,TE1A1B2C1D000X,1,1,1,1,1.4,1.4,1.0,1.0,0.0,0.0
5.5767,4,19,419,0,E1A1841B1589C1719X,TE1A1B2C1D000X,1,1,1,1,1.4,1.4,1.0,1.0,0.0,0.0
5.58846,4,19,420,0,E1A1840B1590C1719X,TE1A1B2C1D000X,1,1,1,1,1.4,1.4,1.0,1.0,0.0,0.0
5.59981,4,19,421,0,E1A1838B1591C1719X,TE1A1B2C1D000X,1,1,1,1,1.4,1.4,1.0,1.0,0.0,0.0
5.61181,4,20,422,0,E1A1837B1591C1719X,TE1A1B2C1D000X,1,1,1,1,1.4,1.4,1.0,1.0,0.0,0.0
5.62383,4,20,422,0,E1A1835B1591C1719X,TE1A1B2C1D000X,1,1,1,1,1.4,1.4,1.0,1.0,0.0,0.0
5.63547,4,20,422,0,E1A1834B1591C1719X,TE1A1B2C1D000X,1,1,1,1,1.4,1.4,1.0,1.0,0.0,0.0
5.64724,4,20,422,0,E1A1833B1591C1719X,TE1A1B2C1D000X,1,1,1,1,1.4,1.4,1.0,1.0,0.0,0.0
5.65836,4,20,422,0,E1A1832B1590C1719X,TE1A1B2C1D000X,1,1,1,1,1.4,1.4,1.0,1.0,0.0,0.0
5.67733,4,20,421,0,E1A1832B1590C1719X,TE1A1B2C1D000X,1,1,1,1,1.4,1.4,1.0,1.0,0.0,0.0
5.69738,4,20,420,0,E1A1831B1589C1719X,TE1A1B2C1D000X,1,1,1,1,1.4,1.4,1.0,1.0,0.0,0.0
5.70924,4,20,420,0,E1A1830B1589C1719X,TE1A1B2C1D000X,1,1,1,1,1.4,1.4,1.0,1.0,0.0,0.0
5.73353,4,20,420,0,E1A1829B1589C1719X,TE1A1B2C1D000X,1,1,1,1,1.4,1.4,1.0,1.0,0.0,0.0
5.74533,4,20,420,0,E1A1828B1590C1719X,TE1A1B2C1D000X,1,1,1,1,1.4,1.4,1.0,1.0,0.0,0.0
5.75744,4,20,420,0,E1A1827B1590C1719X,TE1A1B2C1D000X,1,1,1,1,1.4,1.4,1.0,1.0,0.0,0.0
5.76917,4,20,420,0,E1A1826B1590C1719X,TE1A1B2C1D000X,1,1,1,1,1.4,1.4,1.0,1.0,0.0,0.0
5.78084,4,20,422,0,E1A1825B1592C1719X,TE1A1B2C1D000X,1,1,1,1,1.4,1.4,1.0,1.0,0.0,0.0
5.79212,5,20,423,0,E1A1824B1592C1719X,TE1A1B2C1D000X,1,1,1,1,1.4,1.4,1.0,1.0,0.0,0.0
5.80399,5,20,423,0,E1A1823B1593C1719X,TE1A1B2C1D000X,1,1,1,1,1.4,1.4,1.0,1.0,0.0,0.0
5.8157,5,20,424,0,E1A1822B1594C1719X,TE1A1B2C1D000X,1,1,1,1,1.4,1.4,1.0,1.0,0.0,0.0
5.83303,5,20,426,0,E1A1821B1597C1719X,TE1A1B2C1D000X,1,1,1,1,1.4,1.4,1.0,1.0,0.0,0.0
5.84538,5,20,427,0,E1A1820B1598C1719X,TE1A1B2C1D000X,1,1,1,1,1.4,1.4,1.0,1.0,0.0,0.0
5.85735,5,20,427,0,E1A1819B1600C1719X,TE1A1B2C1D000X,1,1,1,1,1.4,1.4,1.0,1.0,0.0,0.0
5.88148,5,20,429,0,E1A1817B1602C1719X,TE1A1B2C1D000X,1,1,1,1,1.4,1.4,1.0,1.0,0.0,0.0
5.89339,6,20,429,0,E1A1816B1603C1719X,TE1A1B2C1D000X,1,1,1,1,1.4,1.4,1.0,1.0,0.0,0.0
5.90523,6,20,429,0,E1A1815B1604C1719X,TE1A1B2C1D000X,1,1,1,1,1.4,1.4,1.0,1.0,0.0,0.0
5.9254,6,20,429,0,E1A1814B1605C1719X,TE1A1B2C1D000X,1,1,1,1,1.4,1.4,1.0,1.0,0.0,0.0
5.94916,6,20,429,0,E1A1813B1606C1719X,TE1A1B2C1D000X,1,1,1,1,1.4,1.4,1.0,1.0,0.0,0.0
5.96084,6,20,429,0,E1A1811B1607C1719X,TE1A1B2C1D000X,1,1,1,1,1.4,1.4,1.0,1.0,0.0,0.0
5.97276,6,20,429,0,E1A1810B1608C1719X,TE1A1B2C1D000X,1,1,1,1,1.4,1.4,1.0,1.0,0.0,0.0
5.98459,7,20,430,0,E1A1809B1609C1719X,TE1A1B2C1D000X,1,1,1,1,1.4,1.4,1.0,1.0,0.0,0.0
5.99597,7,20,429,0,E1A1808B1610C1719X,TE1A1B2C1D000X,1,1,1,1,1.4,1.4,1.0,1.0,0.0,0.0
6.01333,7,20,429,0,E1A1807B1611C1719X,TE1A1B2C1D000X,1,1,1,1,1.4,1.4,1.0,1.0,0.0,0.0
6.02536,7,20,429,0,E1A1805B1611C1719X,TE1A1B2C1D000X,1,1,1,1,1.4,1.4,1.0,1.0,0.0,0.0
6.03736,7,20,429,0,E1A1804B1612C1719X,TE1A1B2C1D000X,1,1,1,1,1.4,1.4,1.0,1.0,0.0,0.0
6.04938,7,20,428,0,E1A1803B1612C1719X,TE1A1B2C1D000X,1,1,1,1,1.4,1.4,1.0,1.0,0.0,0.0
6.06092,7,20,428,0,E1A1801B1613C1719X,TE1A1B2C1D000X,1,1,1,1,1.4,1.4,1.0,1.0,0.0,0.0
6.07334,7,19,428,0,E1A1800B1614C1719X,TE1A1B2C1D000X,1,1,1,1,1.4,1.4,1.0,1.0,0.0,0.0
6.08497,8,19,427,0,E1A1799B1614C1719X,TE1A1B2C1D000X,1,1,1,1,1.4,1.4,1.0,1.0,0.0,0.0
6.10521,8,19,427,0,E1A1798B1615C1719X,TE1A1B2C1D000X,1,1,1,1,1.4,1.4,1.0,1.0,0.0,0.0
6.11722,8,19,427,0,E1A1797B1616C1719X,TE1A1B2C1D000X,1,1,1,1,1.4,1.4,1.0,1.0,0.0,0.0
6.12913,8,19,427,0,E1A1796B1617C1719X,TE1A1B2C1D000X,1,1,1,1,1.4,1.4,1.0,1.0,0.0,0.0
6.14135,8,19,426,0,E1A1795B1617C1719X,TE1A1B2C1D000X,1,1,1,1,1.4,1.4,1.0,1.0,0.0,0.0
6.15316,8,19,426,0,E1A1794B1618C1719X,TE1A1B2C1D000X,1,1,1,1,1.4,1.4,1.0,1.0,0.0,0.0
6.16469,8,19,426,0,E1A1793B1618C1719X,TE1A1B2C1D000X,1,1,1,1,1.4,1.4,1.0,1.0,0.0,0.0
6.1762,8,19,425,0,E1A1792B1618C1719X,TE1A1B2C1D000X,1,1,1,1,1.4,1.4,1.0,1.0,0.0,0.0
6.19735,8,19,424,1,E1A1791B1618C1719X,TE1A1B2C1D000X,1,1,1,1,1.4,1.4,1.0,1.0,0.0,0.0
