timestamp,errXmm,errYmm,errZmm,TouchDetected,OutgoingPacket,IncomingPacket,Serial0Enabled,Serial0Open,Serial1Enabled,Serial1Open,kpx,kpy,kix,kiy,kdx,kdy
0.000993816,11,-14,351,0,E1A1646B1904C0974X,TE1A2B1C5D000X,1,1,1,1,1.4,1.4,1.0,1.0,0.0,0.0
0.0131686,11,-14,351,0,E1A1646B1904C0974X,TE1A2B1C5D000X,1,1,1,1,1.4,1.4,1.0,1.0,0.0,0.0
0.0250105,11,-14,351,0,E1A1646B1904C0974X,TE1A2B1C5D000X,1,1,1,1,1.4,1.4,1.0,1.0,0.0,0.0
0.0364991,11,-14,351,0,E1A1646B1904C0974X,TE1A2B1C5D000X,1,1,1,1,1.4,1.4,1.0,1.0,0.0,0.0
0.0479534,11,-14,351,0,E1A1646B1904C0974X,TE1A2B1C5D000X,1,1,1,1,1.4,1.4,1.0,1.0,0.0,0.0
0.0605468,11,-14,351,0,E1A1646B1904C0974X,TE1A2B1C5D000X,1,1,1,1,1.4,1.4,1.0,1.0,0.0,0.0
0.0720489,11,-14,351,0,E1A1646B1904C0974X,TE1A2B1C5D000X,1,1,1,1,1.4,1.4,1.0,1.0,0.0,0.0
0.0837361,11,-14,351,0,E1A1646B1904C0974X,TE1A2B1C5D000X,1,1,1,1,1.4,1.4,1.0,1.0,0.0,0.0
0.0962971,-15,130,342,0,E1A1293B1090C0974X,TE1A2B1C5D000X,1,1,1,1,1.4,1.4,1.0,1.0,0.0,0.0
0.107993,-15,130,343,0,E1A1293B1091C0974X,TE1A3B4C5D000X,1,1,1,1,1.4,1.4,1.0,1.0,0.0,0.0
0.11996,-15,132,347,0,E1A1290B1087C0974X,TE1A3B4C5D000X,1,1,1,1,1.4,1.4,1.0,1.0,0.0,0.0
0.131654,-15,131,344,0,E1A1285B1082C0974X,TE1A3B4C5D000X,1,1,1,1,1.4,1.4,1.0,1.0,0.0,0.0
0.143369,-15,131,344,0,E1A1282B1079C0974X,TE1A3B4C5D000X,1,1,1,1,1.4,1.4,1.0,1.0,0.0,0.0
0.154749,-15,132,345,0,E1A1275B1069C0974X,TE1A3B4C5D000X,1,1,1,1,1.4,1.4,1.0,1.0,0.0,0.0
0.167106,-17,132,343,0,E1A1275B1049C0974X,TE1A3B4C5D000X,1,1,1,1,1.4,1.4,1.0,1.0,0.0,0.0
0.180636,-19,132,343,0,E1A1277B1032C0974X,TE1A3B4C5D000X,1,1,1,1,1.4,1.4,1.0,1.0,0.0,0.0
0.19281,-20,133,343,0,E1A1281B1014C0974X,TE1A3B4C5D000X,1,1,1,1,1.4,1.4,1.0,1.0,0.0,0.0
0.204001,-21,133,343,0,E1A1282B1004C0974X,TE1A3B5C5D000X,1,1,1,1,1.4,1.4,1.0,1.0,0.0,0.0
0.215134,-22,132,342,0,E1A1282B0995C0974X,TE1A3B5C5D000X,1,1,1,1,1.4,1.4,1.0,1.0,0.0,0.0
0.227412,-22,133,343,0,E1A1281B0987C0974X,TE1A3B5C5D000X,1,1,1,1,1.4,1.4,1.0,1.0,0.0,0.0
0.238587,-23,132,342,0,E1A1282B0978C0974X,TE1A3B5C5D000X,1,1,1,1,1.4,1.4,1.0,1.0,0.0,0.0
0.25053,-23,132,342,0,E1A1282B0971C0974X,TE1A3B5C5D000X,1,1,1,1,1.4,1.4,1.0,1.0,0.0,0.0
0.262521,-24,132,342,0,E1A1282B0965C0974X,TE1A3B5C5D000X,1,1,1,1,1.4,1.4,1.0,1.0,0.0,0.0
0.274023,-24,131,342,0,E1A1282B0959C0974X,TE1A3B5C5D000X,1,1,1,1,1.4,1.4,1.0,1.0,0.0,0.0
0.289383,-24,131,343,0,E1A1281B0954C0974X,TE1A3B5C5D000X,1,1,1,1,1.4,1.4,1.0,1.0,0.0,0.0
0.300846,-25,130,342,0,E1A1280B0949C0974X,TE1A3B5C5D000X,1,1,1,1,1.4,1.4,1.0,1.0,0.0,0.0
0.312781,-25,130,342,0,E1A1279B0945C0974X,TE1A3B5C5D000X,1,1,1,1,1.4,1.4,1.0,1.0,0.0,0.0
0.324744,-25,130,342,0,E1A1279B0941C0974X,TE1A3B5C5D000X,1,1,1,1,1.4,1.4,1.0,1.0,0.0,0.0
0.336144,-25,130,344,0,E1A1277B0939C0974X,TE1A3B5C5D000X,1,1,1,1,1.4,1.4,1.0,1.0,0.0,0.0
0.347749,-25,130,344,0,E1A1275B0935C0974X,TE1A3B5C5D000X,1,1,1,1,1.4,1.4,1.0,1.0,0.0,0.0
0.362308,-25,129,344,0,E1A1274B0931C0974X,TE1A3B5C5D000X,1,1,1,1,1.4,1.4,1.0,1.0,0.0,0.0
0.3738,-25,129,344,0,E1A1274B0929C0974X,TE1A3B5C5D000X,1,1,1,1,1.4,1.4,1.0,1.0,0.0,0.0
0.385153,-25,128,344,0,E1A1274B0926C0974X,TE1A3B5C5D000X,1,1,1,1,1.4,1.4,1.0,1.0,0.0,0.0
0.397808,-25,128,345,0,E1A1274B0925C0974X,TE1A3B5C5D000X,1,1,1,1,1.4,1.4,1.0,1.0,0.0,0.0
0.410142,-25,127,345,0,E1A1274B0925C0974X,TE1A3B5C5D000X,1,1,1,1,1.4,1.4,1.0,1.0,0.0,0.0
0.42209,-25,126,345,0,E1A1274B0925C0974X,TE1A3B5C5D000X,1,1,1,1,1.4,1.4,1.0,1.0,0.0,0.0
0.433475,-25,125,346,0,E1A1276B0928C0974X,TE1A3B5C5D000X,1,1,1,1,1.4,1.4,1.0,1.0,0.0,0.0
0.445084,-24,123,346,0,E1A1278B0931C0974X,TE1A3B5C5D000X,1,1,1,1,1.4,1.4,1.0,1.0,0.0,0.0
0.457187,-24,122,346,0,E1A1280B0934C0974X,TE1A3B5C5D000X,1,1,1,1,1.4,1.4,1.0,1.0,0.0,0.0
0.468836,-24,121,347,0,E1A1283B0939C0974X,TE1A3B5C5D000X,1,1,1,1,1.4,1.4,1.0,1.0,0.0,0.0
0.480086,-23,119,348,0,E1A1286B0945C0974X,TE1A3B5C5D000X,1,1,1,1,1.4,1.4,1.0,1.0,0.0,0.0
0.491636,-23,118,349,0,E1A1289B0952C0974X,TE1A3B5C5D000X,1,1,1,1,1.4,1.4,1.0,1.0,0.0,0.0
0.502543,-22,116,351,0,E1A1292B0959C0974X,TE1A3B5C5D000X,1,1,1,1,1.4,1.4,1.0,1.0,0.0,0.0
0.513877,-22,115,351,0,E1A1295B0966C0974X,TE1A3B5C5D000X,1,1,1,1,1.4,1.4,1.0,1.0,0.0,0.0
0.525827,-21,113,352,0,E1A1298B0973C0974X,TE1A3B5C5D000X,1,1,1,1,1.4,1.4,1.0,1.0,0.0,0.0
0.537331,-21,111,352,0,E1A1300B0980C0974X,TE1A3B5C5D000X,1,1,1,1,1.4,1.4,1.0,1.0,0.0,0.0
0.548744,-20,110,353,0,E1A1302B0988C0974X,TE1A3B5C5D000X,1,1,1,1,1.4,1.4,1.0,1.0,0.0,0.0
0.560991,-19,108,354,0,E1A1304B0997C0974X,TE1A3B5C5D000X,1,1,1,1,1.4,1.4,1.0,1.0,0.0,0.0
0.57273,-18,107,354,0,E1A1305B1005C0974X,TE1A3B5C5D000X,1,1,1,1,1.4,1.4,1.0,1.0,0.0,0.0
0.584697,-18,105,355,0,E1A1306B1014C0974X,TE1A3B5C5D000X,1,1,1,1,1.4,1.4,1.0,1.0,0.0,0.0
0.596576,-17,104,355,0,E1A1306B1023C0974X,TE1A3B5C5D000X,1,1,1,1,1.4,1.4,1.0,1.0,0.0,0.0
0.608076,-16,102,356,0,E1A1306B1032C0974X,TE1A3B5C5D000X,1,1,1,1,1.4,1.4,1.0,1.0,0.0,0.0
0.619927,-15,101,356,0,E1A1305B1042C0974X,TE1A3B4C5D000X,1,1,1,1,1.4,1.4,1.0,1.0,0.0,0.0
0.63166,-14,99,356,0,E1A1304B1052C0974X,TE1A3B4C5D000X,1,1,1,1,1.4,1.4,1.0,1.0,0.0,0.0
0.651133,-12,98,357,0,E1A1303B1066C0974X,TE1A3B4C5D000X,1,1,1,1,1.4,1.4,1.0,1.0,0.0,0.0
0.662977,-11,96,357,0,E1A1303B1080C0974X,TE1A3B4C5D000X,1,1,1,1,1.4,1.4,1.0,1.0,0.0,0.0
0.674561,-9,94,358,0,E1A1302B1095C0974X,TE1A3B4C5D000X,1,1,1,1,1.4,1.4,1.0,1.0,0.0,0.0
0.687003,-8,92,359,0,E1A1302B1111C0974X,TE1A3B4C5D000X,1,1,1,1,1.4,1.4,1.0,1.0,0.0,0.0
0.698162,-6,90,359,0,E1A1301B1126C0974X,TE1A3B4C5D000X,1,1,1,1,1.4,1.4,1.0,1.0,0.0,0.0
0.71009,-5,88,360,0,E1A1300B1141C0974X,TE1A3B4C5D000X,1,1,1,1,1.4,1.4,1.0,1.0,0.0,0.0
0.721923,-3,86,361,0,E1A1299B1157C0974X,TE1A3B4C5D000X,1,1,1,1,1.4,1.4,1.0,1.0,0.0,0.0
0.733153,-2,84,361,0,E1A1299B1173C0974X,TE1A3B4C5D000X,1,1,1,1,1.4,1.4,1.0,1.0,0.0,0.0
0.751278,0,82,362,0,E1A1298B1191C0974X,TE1A3B4C5D000X,1,1,1,1,1.4,1.4,1.0,1.0,0.0,0.0
0.762916,1,80,362,0,E1A1298B1209C0974X,TE1A3B4C5D000X,1,1,1,1,1.4,1.4,1.0,1.0,0.0,0.0
0.774749,2,78,363,0,E1A1298B1226C0974X,TE1A3B4C5D000X,1,1,1,1,1.4,1.4,1.0,1.0,0.0,0.0
0.78662,4,75,363,0,E1A1297B1244C0974X,TE1A3B4C5D000X,1,1,1,1,1.4,1.4,1.0,1.0,0.0,0.0
0.79853,5,73,363,0,E1A1296B1262C0974X,TE1A3B4C5D000X,1,1,1,1,1.4,1.4,1.0,1.0,0.0,0.0
0.810805,7,71,365,0,E1A1296B1280C0974X,TE1A3B3C5D000X,1,1,1,1,1.4,1.4,1.0,1.0,0.0,0.0
0.822264,9,69,365,0,E1A1295B1298C0974X,TE1A3B3C5D000X,1,1,1,1,1.4,1.4,1.0,1.0,0.0,0.0
0.833768,10,67,366,0,E1A1294B1316C0974X,TE1A3B3C5D000X,1,1,1,1,1.4,1.4,1.0,1.0,0.0,0.0
0.84497,12,65,367,0,E1A1294B1334C0974X,TE1A3B3C5D000X,1,1,1,1,1.4,1.4,1.0,1.0,0.0,0.0
0.85627,13,62,367,0,E1A1293B1351C0974X,TE1A3B3C5D000X,1,1,1,1,1.4,1.4,1.0,1.0,0.0,0.0
0.867538,15,60,367,0,E1A1292B1368C0974X,TE1A3B3C5D000X,1,1,1,1,1.4,1.4,1.0,1.0,0.0,0.0
0.878629,17,58,367,0,E1A1291B1385C0974X,TE1A3B3C5D000X,1,1,1,1,1.4,1.4,1.0,1.0,0.0,0.0
0.890274,18,56,367,0,E1A1291B1403C0974X,TE1A3B3C5D000X,1,1,1,1,1.4,1.4,1.0,1.0,0.0,0.0
0.901654,19,53,368,0,E1A1290B1420C0974X,TE1A3B3C5D000X,1,1,1,1,1.4,1.4,1.0,1.0,0.0,0.0
0.912571,21,51,369,0,E1A1290B1438C0974X,TE1A3B3C5D000X,1,1,1,1,1.4,1.4,1.0,1.0,0.0,0.0
0.924006,22,49,370,0,E1A1289B1456C0974X,TE1A3B3C5D000X,1,1,1,1,1.4,1.4,1.0,1.0,0.0,0.0
0.935176,24,47,370,0,E1A1287B1473C0974X,TE1A3B3C5D000X,1,1,1,1,1.4,1.4,1.0,1.0,0.0,0.0
0.946887,26,45,371,0,E1A1285B1492C0974X,TE1A3B3C5D000X,1,1,1,1,1.4,1.4,1.0,1.0,0.0,0.0
0.958238,27,43,372,0,E1A1284B1510C0974X,TE1A3B2C5D000X,1,1,1,1,1.4,1.4,1.0,1.0,0.0,0.0
0.96977,29,40,372,0,E1A1282B1527C0974X,TE1A3B2C5D000X,1,1,1,1,1.4,1.4,1.0,1.0,0.0,0.0
0.981048,30,38,373,0,E1A1278B1545C0974X,TE1A3B2C5D000X,1,1,1,1,1.4,1.4,1.0,1.0,0.0,0.0
1.00315,32,36,373,0,E1A1274B1565C0974X,TE1A3B2C5D000X,1,1,1,1,1.4,1.4,1.0,1.0,0.0,0.0
1.01475,34,33,374,0,E1A1269B1584C0974X,TE1A3B2C5D000X,1,1,1,1,1.4,1.4,1.0,1.0,0.0,0.0
1.03497,36,31,374,0,E1A1264B1606C0974X,TE1A3B2C5D000X,1,1,1,1,1.4,1.4,1.0,1.0,0.0,0.0
1.04696,38,28,375,0,E1A1257B1627C0974X,TE1A3B2C5D000X,1,1,1,1,1.4,1.4,1.0,1.0,0.0,0.0
1.05893,40,26,376,0,E1A1249B1648C0974X,TE1A3B2C5D000X,1,1,1,1,1.4,1.4,1.0,1.0,0.0,0.0
1.07073,42,23,377,0,E1A1241B1668C0974X,TE1A4B2C5D000X,1,1,1,1,1.4,1.4,1.0,1.0,0.0,0.0
1.08246,44,21,376,0,E1A1230B1688C0974X,TE1A4B2C5D000X,1,1,1,1,1.4,1.4,1.0,1.0,0.0,0.0
1.10288,47,18,377,0,E1A1215B1710C0974X,TE1A4B2C5D000X,1,1,1,1,1.4,1.4,1.0,1.0,0.0,0.0
1.11506,50,16,378,0,E1A1199B1733C0974X,TE1A4B2C5D000X,1,1,1,1,1.4,1.4,1.0,1.0,0.0,0.0
1.1351,52,13,378,0,E1A1179B1756C0974X,TE1A4B1C5D000X,1,1,1,1,1.4,1.4,1.0,1.0,0.0,0.0
1.14722,55,10,380,0,E1A1159B1780C0974X,TE1A4B1C5D000X,1,1,1,1,1.4,1.4,1.0,1.0,0.0,0.0
1.15926,58,8,381,0,E1A1136B1802C0974X,TE1A4B1C5D000X,1,1,1,1,1.4,1.4,1.0,1.0,0.0,0.0
1.17111,61,5,382,0,E1A1113B1824C0974X,TE1A4B1C5D000X,1,1,1,1,1.4,1.4,1.0,1.0,0.0,0.0
1.18318,64,3,383,0,E1A1088B1845C0974X,TE1A4B1C5D000X,1,1,1,1,1.4,1.4,1.0,1.0,0.0,0.0
1.19492,66,0,383,0,E1A1062B1865C0974X,TE1A4B1C5D000X,1,1,1,1,1.4,1.4,1.0,1.0,0.0,0.0
1.20716,69,-1,383,0,E1A1034B1885C0974X,TE1A4B1C5D000X,1,1,1,1,1.4,1.4,1.0,1.0,0.0,0.0
1.2192,72,-3,385,0,E1A1005B1885C1721X,TE1A4B1C5D000X,1,1,1,1,1.4,1.4,1.0,1.0,0.0,0.0
1.23092,74,-6,387,0,E1A1013B1885C1703X,TE1A4B1C5D000X,1,1,1,1,1.4,1.4,1.0,1.0,0.0,0.0
1.24403,77,-8,387,0,E1A1016B1885C1686X,TE1A5B1C2D000X,1,1,1,1,1.4,1.4,1.0,1.0,0.0,0.0
1.25612,79,-10,387,0,E1A1020B1885C1669X,TE1A5B1C2D000X,1,1,1,1,1.4,1.4,1.0,1.0,0.0,0.0
1.26751,82,-12,387,0,E1A1021B1885C1653X,TE1A5B1C2D000X,1,1,1,1,1.4,1.4,1.0,1.0,0.0,0.0
1.27972,84,-14,387,0,E1A1021B1885C1637X,TE1A5B1C2D000X,1,1,1,1,1.4,1.4,1.0,1.0,0.0,0.0
1.29138,86,-16,387,0,E1A1019B1885C1622X,TE1A5B1C2D000X,1,1,1,1,1.4,1.4,1.0,1.0,0.0,0.0
1.30319,88,-18,386,0,E1A1018B1885C1608X,TE1A5B1C2D000X,1,1,1,1,1.4,1.4,1.0,1.0,0.0,0.0
1.31469,89,-20,386,0,E1A1017B1885C1594X,TE1A5B1C2D000X,1,1,1,1,1.4,1.4,1.0,1.0,0.0,0.0
1.32631,91,-21,386,0,E1A1018B1885C1580X,TE1A5B1C2D000X,1,1,1,1,1.4,1.4,1.0,1.0,0.0,0.0
1.33898,92,-23,386,0,E1A1019B1885C1568X,TE1A5B1C2D000X,1,1,1,1,1.4,1.4,1.0,1.0,0.0,0.0
1.35044,93,-25,386,0,E1A1021B1885C1557X,TE1A5B1C2D000X,1,1,1,1,1.4,1.4,1.0,1.0,0.0,0.0
1.36344,94,-26,387,0,E1A1025B1885C1546X,TE1A5B1C2D000X,1,1,1,1,1.4,1.4,1.0,1.0,0.0,0.0
1.38748,94,-28,388,0,E1A1031B1885C1536X,TE1A4B1C2D000X,1,1,1,1,1.4,1.4,1.0,1.0,0.0,0.0
1.39944,95,-29,389,0,E1A1037B1885C1527X,TE1A4B1C2D000X,1,1,1,1,1.4,1.4,1.0,1.0,0.0,0.0
1.41925,94,-31,389,0,E1A1045B1885C1520X,TE1A4B1C2D000X,1,1,1,1,1.4,1.4,1.0,1.0,0.0,0.0
1.431,94,-32,389,0,E1A1051B1885C1514X,TE1A4B1C2D000X,1,1,1,1,1.4,1.4,1.0,1.0,0.0,0.0
1.44325,93,-32,388,0,E1A1058B1885C1510X,TE1A4B1C2D000X,1,1,1,1,1.4,1.4,1.0,1.0,0.0,0.0
1.45516,92,-33,388,0,E1A1066B1885C1508X,TE1A4B1C2D000X,1,1,1,1,1.4,1.4,1.0,1.0,0.0,0.0
1.46671,90,-34,388,0,E1A1074B1885C1506X,TE1A4B1C2D000X,1,1,1,1,1.4,1.4,1.0,1.0,0.0,0.0
1.47899,89,-34,388,0,E1A1082B1885C1506X,TE1A4B1C2D000X,1,1,1,1,1.4,1.4,1.0,1.0,0.0,0.0
1.4991,87,-34,388,0,E1A1092B1885C1507X,TE1A4B1C2D000X,1,1,1,1,1.4,1.4,1.0,1.0,0.0,0.0
1.51125,85,-34,387,0,E1A1100B1885C1509X,TE1A4B1C2D000X,1,1,1,1,1.4,1.4,1.0,1.0,0.0,0.0
1.5229,83,-34,388,0,E1A1111B1885C1512X,TE1A4B1C2D000X,1,1,1,1,1.4,1.4,1.0,1.0,0.0,0.0
1.55519,81,-34,388,0,E1A1123B1885C1516X,TE1A4B1C2D000X,1,1,1,1,1.4,1.4,1.0,1.0,0.0,0.0
1.56727,79,-34,388,0,E1A1134B1885C1520X,TE1A4B1C2D000X,1,1,1,1,1.4,1.4,1.0,1.0,0.0,0.0
1.57956,77,-34,388,0,E1A1147B1885C1524X,TE1A4B1C2D000X,1,1,1,1,1.4,1.4,1.0,1.0,0.0,0.0
1.59153,75,-33,389,0,E1A1159B1885C1528X,TE1A4B1C2D000X,1,1,1,1,1.4,1.4,1.0,1.0,0.0,0.0
1.60356,72,-33,389,0,E1A1170B1885C1533X,TE1A4B1C2D000X,1,1,1,1,1.4,1.4,1.0,1.0,0.0,0.0
1.61516,70,-33,390,0,E1A1182B1885C1537X,TE1A4B1C2D000X,1,1,1,1,1.4,1.4,1.0,1.0,0.0,0.0
1.62688,68,-33,390,0,E1A1193B1885C1541X,TE1A4B1C2D000X,1,1,1,1,1.4,1.4,1.0,1.0,0.0,0.0
1.63841,66,-32,390,0,E1A1203B1885C1546X,TE1A4B1C2D000X,1,1,1,1,1.4,1.4,1.0,1.0,0.0,0.0
1.65007,64,-32,391,0,E1A1215B1885C1549X,TE1A4B1C2D000X,1,1,1,1,1.4,1.4,1.0,1.0,0.0,0.0
1.66154,62,-32,391,0,E1A1226B1885C1553X,TE1A4B1C2D000X,1,1,1,1,1.4,1.4,1.0,1.0,0.0,0.0
1.67351,61,-32,391,0,E1A1236B1885C1556X,TE1A4B1C2D000X,1,1,1,1,1.4,1.4,1.0,1.0,0.0,0.0
1.6863,59,-32,391,0,E1A1246B1885C1560X,TE1A4B1C2D000X,1,1,1,1,1.4,1.4,1.0,1.0,0.0,0.0
1.69775,57,-32,391,0,E1A1256B1885C1563X,TE1A4B1C2D000X,1,1,1,1,1.4,1.4,1.0,1.0,0.0,0.0
1.70955,55,-32,390,0,E1A1265B1885C1566X,TE1A3B1C2D000X,1,1,1,1,1.4,1.4,1.0,1.0,0.0,0.0
1.72152,53,-32,390,0,E1A1275B1885C1569X,TE1A3B1C2D000X,1,1,1,1,1.4,1.4,1.0,1.0,0.0,0.0
1.73511,52,-31,390,0,E1A1285B1885C1573X,TE1A3B1C2D000X,1,1,1,1,1.4,1.4,1.0,1.0,0.0,0.0
1.7475,50,-31,389,0,E1A1294B1885C1576X,TE1A3B1C2D000X,1,1,1,1,1.4,1.4,1.0,1.0,0.0,0.0
1.75948,48,-31,389,0,E1A1303B1885C1580X,TE1A3B1C2D000X,1,1,1,1,1.4,1.4,1.0,1.0,0.0,0.0
1.77151,47,-31,390,0,E1A1313B1885C1583X,TE1A3B1C2D000X,1,1,1,1,1.4,1.4,1.0,1.0,0.0,0.0
1.79114,45,-31,391,0,E1A1322B1885C1586X,TE1A3B1C2D000X,1,1,1,1,1.4,1.4,1.0,1.0,0.0,0.0
1.80312,44,-30,391,0,E1A1330B1885C1589X,TE1A3B1C2D000X,1,1,1,1,1.4,1.4,1.0,1.0,0.0,0.0
1.84963,42,-30,391,0,E1A1335B1885C1594X,TE1A3B1C2D000X,1,1,1,1,1.4,1.4,1.0,1.0,0.0,0.0
1.87128,41,-29,391,0,E1A1340B1885C1598X,TE1A3B1C2D000X,1,1,1,1,1.4,1.4,1.0,1.0,0.0,0.0
1.88323,40,-29,391,0,E1A1343B1885C1602X,TE1A3B1C2D000X,1,1,1,1,1.4,1.4,1.0,1.0,0.0,0.0
1.89655,39,-28,391,0,E1A1345B1885C1605X,TE1A3B1C2D000X,1,1,1,1,1.4,1.4,1.0,1.0,0.0,0.0
1.90971,38,-28,391,0,E1A1346B1885C1607X,TE1A3B1C2D000X,1,1,1,1,1.4,1.4,1.0,1.0,0.0,0.0
1.92315,38,-27,392,0,E1A1347B1885C1609X,TE1A3B1C2D000X,1,1,1,1,1.4,1.4,1.0,1.0,0.0,0.0
1.93553,37,-27,392,0,E1A1347B1885C1611X,TE1A3B1C2D000X,1,1,1,1,1.4,1.4,1.0,1.0,0.0,0.0
1.95117,37,-26,392,0,E1A1346B1885C1613X,TE1A3B1C2D000X,1,1,1,1,1.4,1.4,1.0,1.0,0.0,0.0
1.96322,37,-26,392,0,E1A1344B1885C1614X,TE1A3B1C2D000X,1,1,1,1,1.4,1.4,1.0,1.0,0.0,0.0
1.97491,36,-25,392,0,E1A1342B1885C1615X,TE1A3B1C2D000X,1,1,1,1,1.4,1.4,1.0,1.0,0.0,0.0
1.98665,36,-25,392,0,E1A1340B1885C1615X,TE1A3B1C2D000X,1,1,1,1,1.4,1.4,1.0,1.0,0.0,0.0
1.99783,36,-25,392,0,E1A1336B1885C1615X,TE1A3B1C2D000X,1,1,1,1,1.4,1.4,1.0,1.0,0.0,0.0
2.00965,36,-24,392,0,E1A1332B1885C1615X,TE1A3B1C2D000X,1,1,1,1,1.4,1.4,1.0,1.0,0.0,0.0
2.02133,37,-24,392,0,E1A1328B1885C1615X,TE1A3B1C2D000X,1,1,1,1,1.4,1.4,1.0,1.0,0.0,0.0
2.03411,37,-23,392,0,E1A1324B1885C1615X,TE1A3B1C2D000X,1,1,1,1,1.4,1.4,1.0,1.0,0.0,0.0
2.04562,37,-23,392,0,E1A1320B1885C1614X,TE1A3B1C2D000X,1,1,1,1,1.4,1.4,1.0,1.0,0.0,0.0
2.0574,37,-23,392,0,E1A1315B1885C1613X,TE1A3B1C2D000X,1,1,1,1,1.4,1.4,1.0,1.0,0.0,0.0
2.06874,37,-22,392,0,E1A1310B1885C1613X,TE1A3B1C2D000X,1,1,1,1,1.4,1.4,1.0,1.0,0.0,0.0
2.08066,38,-22,392,0,E1A1306B1885C1612X,TE1A3B1C2D000X,1,1,1,1,1.4,1.4,1.0,1.0,0.0,0.0
2.0924,38,-22,392,0,E1A1301B1885C1611X,TE1A3B1C2D000X,1,1,1,1,1.4,1.4,1.0,1.0,0.0,0.0
2.10419,38,-21,391,0,E1A1295B1885C1611X,TE1A3B1C2D000X,1,1,1,1,1.4,1.4,1.0,1.0,0.0,0.0
2.13146,38,-21,391,0,E1A1289B1885C1611X,TE1A3B1C2D000X,1,1,1,1,1.4,1.4,1.0,1.0,0.0,0.0
2.14324,38,-20,391,0,E1A1283B1885C1612X,TE1A3B1C2D000X,1,1,1,1,1.4,1.4,1.0,1.0,0.0,0.0
2.15512,38,-20,391,0,E1A1276B1885C1613X,TE1A3B1C2D000X,1,1,1,1,1.4,1.4,1.0,1.0,0.0,0.0
2.16695,38,-19,391,0,E1A1270B1885C1615X,TE1A3B1C2D000X,1,1,1,1,1.4,1.4,1.0,1.0,0.0,0.0
2.17838,38,-18,390,0,E1A1263B1885C1616X,TE1A3B1C2D000X,1,1,1,1,1.4,1.4,1.0,1.0,0.0,0.0
2.19016,38,-17,390,0,E1A1257B1885C1618X,TE1A3B1C2D000X,1,1,1,1,1.4,1.4,1.0,1.0,0.0,0.0
2.20165,38,-17,390,0,E1A1250B1885C1620X,TE1A3B1C2D000X,1,1,1,1,1.4,1.4,1.0,1.0,0.0,0.0
2.21354,38,-16,390,0,E1A1244B1885C1623X,TE1A3B1C2D000X,1,1,1,1,1.4,1.4,1.0,1.0,0.0,0.0
2.22518,38,-15,390,0,E1A1237B1885C1625X,TE1A4B1C2D000X,1,1,1,1,1.4,1.4,1.0,1.0,0.0,0.0
2.23672,38,-14,389,0,E1A1230B1885C1627X,TE1A4B1C2D000X,1,1,1,1,1.4,1.4,1.0,1.0,0.0,0.0
2.24795,38,-13,389,0,E1A1223B1885C1630X,TE1A4B1C2D000X,1,1,1,1,1.4,1.4,1.0,1.0,0.0,0.0
2.25958,38,-13,390,0,E1A1219B1885C1631X,TE1A4B1C2D000X,1,1,1,1,1.4,1.4,1.0,1.0,0.0,0.0
2.27096,38,-12,390,0,E1A1212B1885C1634X,TE1A4B1C2D000X,1,1,1,1,1.4,1.4,1.0,1.0,0.0,0.0
2.28279,38,-11,389,0,E1A1206B1885C1636X,TE1A4B1C2D000X,1,1,1,1,1.4,1.4,1.0,1.0,0.0,0.0
2.29445,38,-11,390,0,E1A1201B1885C1637X,TE1A4B1C2D000X,1,1,1,1,1.4,1.4,1.0,1.0,0.0,0.0
2.3061,38,-10,390,0,E1A1197B1885C1638X,TE1A4B1C2D000X,1,1,1,1,1.4,1.4,1.0,1.0,0.0,0.0
2.32312,38,-9,389,0,E1A1192B1885C1640X,TE1A4B1C2D000X,1,1,1,1,1.4,1.4,1.0,1.0,0.0,0.0
2.33493,37,-9,389,0,E1A1188B1885C1640X,TE1A4B1C2D000X,1,1,1,1,1.4,1.4,1.0,1.0,0.0,0.0
2.3467,37,-9,389,0,E1A1185B1885C1641X,TE1A4B1C2D000X,1,1,1,1,1.4,1.4,1.0,1.0,0.0,0.0
2.3578,37,-8,389,0,E1A1182B1885C1642X,TE1A4B1C2D000X,1,1,1,1,1.4,1.4,1.0,1.0,0.0,0.0
2.36944,37,-8,389,0,E1A1180B1885C1642X,TE1A4B1C2D000X,1,1,1,1,1.4,1.4,1.0,1.0,0.0,0.0
2.39096,37,-8,389,0,E1A1177B1885C1644X,TE1A4B1C2D000X,1,1,1,1,1.4,1.4,1.0,1.0,0.0,0.0
2.40304,36,-7,389,0,E1A1176B1885C1645X,TE1A4B1C2D000X,1,1,1,1,1.4,1.4,1.0,1.0,0.0,0.0
2.42313,36,-7,390,0,E1A1173B1885C1648X,TE1A4B1C2D000X,1,1,1,1,1.4,1.4,1.0,1.0,0.0,0.0
2.43504,36,-6,391,0,E1A1170B1885C1651X,TE1A4B1C2D000X,1,1,1,1,1.4,1.4,1.0,1.0,0.0,0.0
2.44715,35,-5,391,0,E1A1164B1885C1654X,TE1A4B1C2D000X,1,1,1,1,1.4,1.4,1.0,1.0,0.0,0.0
2.47099,35,-4,391,0,E1A1157B1885C1659X,TE1A4B1C2D000X,1,1,1,1,1.4,1.4,1.0,1.0,0.0,0.0
2.48238,34,-3,392,0,E1A1150B1885C1665X,TE1A4B1C2D000X,1,1,1,1,1.4,1.4,1.0,1.0,0.0,0.0
2.49405,34,-1,392,0,E1A1140B1885C1671X,TE1A4B1C2D000X,1,1,1,1,1.4,1.4,1.0,1.0,0.0,0.0
2.50562,33,0,392,0,E1A1129B1885C1678X,TE1A4B1C2D000X,1,1,1,1,1.4,1.4,1.0,1.0,0.0,0.0
2.51711,32,1,391,0,E1A1116B1885C1686X,TE1A4B1C2D000X,1,1,1,1,1.4,1.4,1.0,1.0,0.0,0.0
2.53488,32,3,391,0,E1A1100B1885C1695X,TE1A4B1C2D000X,1,1,1,1,1.4,1.4,1.0,1.0,0.0,0.0
2.54692,31,5,391,0,E1A1084B1885C1704X,TE1A4B1C2D000X,1,1,1,1,1.4,1.4,1.0,1.0,0.0,0.0
2.55887,30,7,388,0,E1A1064B1885C1713X,TE1A4B1C2D000X,1,1,1,1,1.4,1.4,1.0,1.0,0.0,0.0
2.57106,30,9,387,0,E1A1049B1903C1713X,TE1A4B1C1D000X,1,1,1,1,1.4,1.4,1.0,1.0,0.0,0.0
2.58359,29,11,387,0,E1A1050B1892C1713X,TE1A4B1C1D000X,1,1,1,1,1.4,1.4,1.0,1.0,0.0,0.0
2.59481,28,13,385,0,E1A1050B1880C1713X,TE1A4B1C1D000X,1,1,1,1,1.4,1.4,1.0,1.0,0.0,0.0
2.60638,27,16,384,0,E1A1049B1867C1713X,TE1A4B1C1D000X,1,1,1,1,1.4,1.4,1.0,1.0,0.0,0.0
2.61721,27,18,384,0,E1A1049B1855C1713X,TE1A4B1C1D000X,1,1,1,1,1.4,1.4,1.0,1.0,0.0,0.0
2.6289,26,20,383,0,E1A1048B1842C1713X,TE1A4B1C1D000X,1,1,1,1,1.4,1.4,1.0,1.0,0.0,0.0
2.65073,25,23,382,0,E1A1046B1827C1713X,TE1A4B1C1D000X,1,1,1,1,1.4,1.4,1.0,1.0,0.0,0.0
2.67077,24,26,381,0,E1A1041B1811C1713X,TE1A4B1C1D000X,1,1,1,1,1.4,1.4,1.0,1.0,0.0,0.0
2.6828,24,29,380,0,E1A1037B1794C1713X,TE1A4B1C1D000X,1,1,1,1,1.4,1.4,1.0,1.0,0.0,0.0
2.69472,23,32,378,0,E1A1031B1777C1713X,TE1A4B1C1D000X,1,1,1,1,1.4,1.4,1.0,1.0,0.0,0.0
2.70698,22,35,377,0,E1A1024B1760C1713X,TE1A4B1C1D000X,1,1,1,1,1.4,1.4,1.0,1.0,0.0,0.0
2.71879,21,38,376,0,E1A1016B1743C1713X,TE1A5B1C1D000X,1,1,1,1,1.4,1.4,1.0,1.0,0.0,0.0
2.72981,21,41,374,0,E1A1007B1727C1713X,TE1A5B1C1D000X,1,1,1,1,1.4,1.4,1.0,1.0,0.0,0.0
2.7412,20,44,374,0,E1A0999B1710C1713X,TE1A5B1C1D000X,1,1,1,1,1.4,1.4,1.0,1.0,0.0,0.0
2.75254,20,47,373,0,E1A0990B1693C1713X,TE1A5B1C1D000X,1,1,1,1,1.4,1.4,1.0,1.0,0.0,0.0
2.76343,19,50,372,0,E1A0980B1677C1713X,TE1A5B1C1D000X,1,1,1,1,1.4,1.4,1.0,1.0,0.0,0.0
2.77483,19,53,371,0,E1A0969B1661C1713X,TE1A5B2C1D000X,1,1,1,1,1.4,1.4,1.0,1.0,0.0,0.0
2.78657,19,56,370,0,E1A0957B1645C1713X,TE1A5B2C1D000X,1,1,1,1,1.4,1.4,1.0,1.0,0.0,0.0
2.79724,18,59,369,0,E1A0945B1629C1713X,TE1A5B2C1D000X,1,1,1,1,1.4,1.4,1.0,1.0,0.0,0.0
2.80866,18,61,368,0,E1A0932B1614C1713X,TE1A5B2C1D000X,1,1,1,1,1.4,1.4,1.0,1.0,0.0,0.0
2.83084,18,64,367,0,E1A0916B1597C1713X,TE1A5B2C1D000X,1,1,1,1,1.4,1.4,1.0,1.0,0.0,0.0
2.84466,18,67,366,0,E1A0900B1581C1713X,TE1A5B2C1D000X,1,1,1,1,1.4,1.4,1.0,1.0,0.0,0.0
2.85555,18,70,364,0,E1A0883B1566C1713X,TE1A5B2C1D000X,1,1,1,1,1.4,1.4,1.0,1.0,0.0,0.0
2.8667,18,73,363,0,E1A0867B1551C1713X,TE1A5B2C1D000X,1,1,1,1,1.4,1.4,1.0,1.0,0.0,0.0
2.878,19,76,362,0,E1A0850B1536C1713X,TE1A5B2C1D000X,1,1,1,1,1.4,1.4,1.0,1.0,0.0,0.0
2.91069,19,79,360,0,E1A0830B1519C1713X,TE1A5B2C1D000X,1,1,1,1,1.4,1.4,1.0,1.0,0.0,0.0
2.92195,19,82,359,0,E1A0809B1503C1713X,TE1A5B2C1D000X,1,1,1,1,1.4,1.4,1.0,1.0,0.0,0.0
2.93337,20,85,357,0,E1A0790B1488C1713X,TE1A5B2C1D000X,1,1,1,1,1.4,1.4,1.0,1.0,0.0,0.0
2.94464,20,88,356,0,E1A0772B1473C1713X,TE1A6B2C1D000X,1,1,1,1,1.4,1.4,1.0,1.0,0.0,0.0
2.96693,20,92,355,0,E1A0753B1457C1713X,TE1A6B3C1D000X,1,1,1,1,1.4,1.4,1.0,1.0,0.0,0.0
2.97883,21,94,354,0,E1A0734B1442C1713X,TE1A6B3C1D000X,1,1,1,1,1.4,1.4,1.0,1.0,0.0,0.0
2.99028,21,97,353,0,E1A0717B1428C1713X,TE1A6B3C1D000X,1,1,1,1,1.4,1.4,1.0,1.0,0.0,0.0
3.01045,21,100,352,0,E1A0699B1413C1713X,TE1A6B3C1D000X,1,1,1,1,1.4,1.4,1.0,1.0,0.0,0.0
3.02269,22,103,351,0,E1A0681B1400C1713X,TE1A6B3C1D000X,1,1,1,1,1.4,1.4,1.0,1.0,0.0,0.0
3.04672,22,105,349,0,E1A0662B1387C1713X,TE1A6B3C1D000X,1,1,1,1,1.4,1.4,1.0,1.0,0.0,0.0
3.05804,22,107,347,0,E1A0644B1374C1713X,TE1A6B3C1D000X,1,1,1,1,1.4,1.4,1.0,1.0,0.0,0.0
3.06936,23,110,346,0,E1A0628B1362C1713X,TE1A6B3C1D000X,1,1,1,1,1.4,1.4,1.0,1.0,0.0,0.0
3.08066,23,112,345,0,E1A0612B1351C1713X,TE1A6B3C1D000X,1,1,1,1,1.4,1.4,1.0,1.0,0.0,0.0
3.09182,24,114,343,0,E1A0595B1342C1713X,TE1A6B3C1D000X,1,1,1,1,1.4,1.4,1.0,1.0,0.0,0.0
3.11082,25,115,343,0,E1A0579B1334C1713X,TE1A6B3C1D000X,1,1,1,1,1.4,1.4,1.0,1.0,0.0,0.0
3.12268,25,117,342,0,E1A0565B1326C1713X,TE1A6B3C1D000X,1,1,1,1,1.4,1.4,1.0,1.0,0.0,0.0
3.13461,26,118,341,0,E1A0550B1319C1713X,TE1A7B3C1D000X,1,1,1,1,1.4,1.4,1.0,1.0,0.0,0.0
3.14679,26,120,340,0,E1A0537B1313C1713X,TE1A7B3C1D000X,1,1,1,1,1.4,1.4,1.0,1.0,0.0,0.0
3.15861,27,121,340,0,E1A0524B1308C1713X,TE1A7B3C1D000X,1,1,1,1,1.4,1.4,1.0,1.0,0.0,0.0
3.17058,28,122,340,0,E1A0512B1303C1713X,TE1A7B3C1D000X,1,1,1,1,1.4,1.4,1.0,1.0,0.0,0.0
3.1829,28,123,340,0,E1A0501B1300C1713X,TE1A7B3C1D000X,1,1,1,1,1.4,1.4,1.0,1.0,0.0,0.0
3.19378,29,124,340,0,E1A0489B1297C1713X,TE1A7B3C1D000X,1,1,1,1,1.4,1.4,1.0,1.0,0.0,0.0
3.20578,30,125,340,0,E1A0486B1298C1713X,TE1A7B3C1D000X,1,1,1,1,1.4,1.4,1.0,1.0,0.0,0.0
3.21663,31,125,340,0,E1A0484B1300C1713X,TE1A7B3C1D000X,1,1,1,1,1.4,1.4,1.0,1.0,0.0,0.0
3.22799,32,125,339,0,E1A0481B1303C1713X,TE1A7B3C1D000X,1,1,1,1,1.4,1.4,1.0,1.0,0.0,0.0
3.23909,33,126,339,0,E1A0478B1306C1713X,TE1A7B3C1D000X,1,1,1,1,1.4,1.4,1.0,1.0,0.0,0.0
3.25025,34,126,338,0,E1A0474B1310C1713X,TE1A7B3C1D000X,1,1,1,1,1.4,1.4,1.0,1.0,0.0,0.0
3.27026,35,126,338,0,E1A0470B1314C1713X,TE1A7B3C1D000X,1,1,1,1,1.4,1.4,1.0,1.0,0.0,0.0
3.2826,36,126,338,0,E1A0465B1319C1713X,TE1A7B3C1D000X,1,1,1,1,1.4,1.4,1.0,1.0,0.0,0.0
3.30252,37,126,338,0,E1A0459B1325C1713X,TE1A7B3C1D000X,1,1,1,1,1.4,1.4,1.0,1.0,0.0,0.0
3.31461,39,125,337,0,E1A0451B1333C1713X,TE1A7B3C1D000X,1,1,1,1,1.4,1.4,1.0,1.0,0.0,0.0
3.32668,40,125,337,0,E1A0443B1341C1713X,TE1A7B3C1D000X,1,1,1,1,1.4,1.4,1.0,1.0,0.0,0.0
3.33893,41,124,337,0,E1A0435B1348C1713X,TE1A7B3C1D000X,1,1,1,1,1.4,1.4,1.0,1.0,0.0,0.0
3.35048,42,124,337,0,E1A0427B1357C1713X,TE1A7B3C1D000X,1,1,1,1,1.4,1.4,1.0,1.0,0.0,0.0
3.36264,44,123,337,0,E1A0419B1365C1713X,TE1A7B3C1D000X,1,1,1,1,1.4,1.4,1.0,1.0,0.0,0.0
3.37376,45,122,337,0,E1A0411B1373C1713X,TE1A7B3C1D000X,1,1,1,1,1.4,1.4,1.0,1.0,0.0,0.0
3.38476,46,121,336,0,E1A0402B1382C1713X,TE1A7B3C1D000X,1,1,1,1,1.4,1.4,1.0,1.0,0.0,0.0
3.4184,47,120,337,0,E1A0393B1391C1713X,TE1A7B3C1D000X,1,1,1,1,1.4,1.4,1.0,1.0,0.0,0.0
3.42964,48,119,337,0,E1A0383B1401C1713X,TE1A7B3C1D000X,1,1,1,1,1.4,1.4,1.0,1.0,0.0,0.0
3.4409,50,118,338,0,E1A0373B1411C1713X,TE1A7B3C1D000X,1,1,1,1,1.4,1.4,1.0,1.0,0.0,0.0
3.45214,51,117,337,0,E1A0364B1420C1713X,TE1A7B3C1D000X,1,1,1,1,1.4,1.4,1.0,1.0,0.0,0.0
3.46326,52,115,338,0,E1A0354B1430C1713X,TE1A7B3C1D000X,1,1,1,1,1.4,1.4,1.0,1.0,0.0,0.0
3.47445,53,114,339,0,E1A0345B1439C1713X,TE1A7B3C1D000X,1,1,1,1,1.4,1.4,1.0,1.0,0.0,0.0
3.48651,54,113,340,0,E1A0336B1448C1713X,TE1A7B3C1D000X,1,1,1,1,1.4,1.4,1.0,1.0,0.0,0.0
3.49737,55,111,341,0,E1A0327B1457C1713X,TE1A7B3C1D000X,1,1,1,1,1.4,1.4,1.0,1.0,0.0,0.0
3.51864,55,109,340,0,E1A0319B1465C1713X,TE1A8B3C1D000X,1,1,1,1,1.4,1.4,1.0,1.0,0.0,0.0
3.53066,56,108,342,0,E1A0310B1473C1713X,TE1A8B3C1D000X,1,1,1,1,1.4,1.4,1.0,1.0,0.0,0.0
3.54253,56,106,342,0,E1A0303B1481C1713X,TE1A8B3C1D000X,1,1,1,1,1.4,1.4,1.0,1.0,0.0,0.0
3.55458,56,104,343,0,E1A0295B1489C1713X,TE1A8B2C1D000X,1,1,1,1,1.4,1.4,1.0,1.0,0.0,0.0
3.56606,56,102,344,0,E1A0289B1495C1713X,TE1A8B2C1D000X,1,1,1,1,1.4,1.4,1.0,1.0,0.0,0.0
3.58646,55,100,346,0,E1A0294B1503C1713X,TE1A8B2C1D000X,1,1,1,1,1.4,1.4,1.0,1.0,0.0,0.0
3.59872,55,98,347,0,E1A0305B1512C1713X,TE1A8B2C1D000X,1,1,1,1,1.4,1.4,1.0,1.0,0.0,0.0
3.61064,54,95,348,0,E1A0316B1521C1713X,TE1A8B2C1D000X,1,1,1,1,1.4,1.4,1.0,1.0,0.0,0.0
3.62192,53,93,349,0,E1A0329B1528C1713X,TE1A8B2C1D000X,1,1,1,1,1.4,1.4,1.0,1.0,0.0,0.0
3.63311,52,91,350,0,E1A0342B1536C1713X,TE1A8B2C1D000X,1,1,1,1,1.4,1.4,1.0,1.0,0.0,0.0
3.64413,51,89,351,0,E1A0356B1542C1713X,TE1A8B2C1D000X,1,1,1,1,1.4,1.4,1.0,1.0,0.0,0.0
3.65545,49,87,352,0,E1A0371B1549C1713X,TE1A7B2C1D000X,1,1,1,1,1.4,1.4,1.0,1.0,0.0,0.0
3.66657,48,85,354,0,E1A0387B1554C1713X,TE1A7B2C1D000X,1,1,1,1,1.4,1.4,1.0,1.0,0.0,0.0
3.68036,46,83,355,0,E1A0403B1559C1713X,TE1A7B2C1D000X,1,1,1,1,1.4,1.4,1.0,1.0,0.0,0.0
3.69165,45,80,355,0,E1A0419B1564C1713X,TE1A7B2C1D000X,1,1,1,1,1.4,1.4,1.0,1.0,0.0,0.0
3.70291,43,78,356,0,E1A0436B1568C1713X,TE1A7B2C1D000X,1,1,1,1,1.4,1.4,1.0,1.0,0.0,0.0
3.71397,41,77,357,0,E1A0455B1571C1713X,TE1A7B2C1D000X,1,1,1,1,1.4,1.4,1.0,1.0,0.0,0.0
3.72552,40,75,359,0,E1A0476B1575C1713X,TE1A7B2C1D000X,1,1,1,1,1.4,1.4,1.0,1.0,0.0,0.0
3.73681,38,73,360,0,E1A0496B1578C1713X,TE1A7B2C1D000X,1,1,1,1,1.4,1.4,1.0,1.0,0.0,0.0
3.7546,36,71,361,0,E1A0517B1581C1713X,TE1A7B2C1D000X,1,1,1,1,1.4,1.4,1.0,1.0,0.0,0.0
3.77861,34,69,363,0,E1A0543B1584C1713X,TE1A7B2C1D000X,1,1,1,1,1.4,1.4,1.0,1.0,0.0,0.0
3.79076,32,67,364,0,E1A0566B1587C1713X,TE1A7B2C1D000X,1,1,1,1,1.4,1.4,1.0,1.0,0.0,0.0
3.80273,29,65,366,0,E1A0592B1590C1713X,TE1A7B2C1D000X,1,1,1,1,1.4,1.4,1.0,1.0,0.0,0.0
3.81418,27,63,367,0,E1A0615B1593C1713X,TE1A7B2C1D000X,1,1,1,1,1.4,1.4,1.0,1.0,0.0,0.0
3.82549,25,61,368,0,E1A0638B1595C1713X,TE1A6B2C1D000X,1,1,1,1,1.4,1.4,1.0,1.0,0.0,0.0
3.83667,23,59,369,0,E1A0660B1598C1713X,TE1A6B2C1D000X,1,1,1,1,1.4,1.4,1.0,1.0,0.0,0.0
3.8475,21,57,370,0,E1A0682B1601C1713X,TE1A6B2C1D000X,1,1,1,1,1.4,1.4,1.0,1.0,0.0,0.0
3.85903,19,55,370,0,E1A0702B1603C1713X,TE1A6B2C1D000X,1,1,1,1,1.4,1.4,1.0,1.0,0.0,0.0
3.87055,18,53,371,0,E1A0724B1605C1713X,TE1A6B2C1D000X,1,1,1,1,1.4,1.4,1.0,1.0,0.0,0.0
3.88124,16,51,371,0,E1A0743B1608C1713X,TE1A6B2C1D000X,1,1,1,1,1.4,1.4,1.0,1.0,0.0,0.0
3.90265,14,49,372,0,E1A0766B1611C1713X,TE1A6B2C1D000X,1,1,1,1,1.4,1.4,1.0,1.0,0.0,0.0
3.91489,12,47,373,0,E1A0786B1614C1713X,TE1A6B2C1D000X,1,1,1,1,1.4,1.4,1.0,1.0,0.0,0.0
3.93892,11,45,374,0,E1A0808B1618C1713X,TE1A6B2C1D000X,1,1,1,1,1.4,1.4,1.0,1.0,0.0,0.0
3.95043,9,43,375,0,E1A0829B1623C1713X,TE1A6B2C1D000X,1,1,1,1,1.4,1.4,1.0,1.0,0.0,0.0
3.96196,7,41,376,0,E1A0851B1627C1713X,TE1A5B2C1D000X,1,1,1,1,1.4,1.4,1.0,1.0,0.0,0.0
3.97335,6,39,377,0,E1A0870B1631C1713X,TE1A5B2C1D000X,1,1,1,1,1.4,1.4,1.0,1.0,0.0,0.0
3.99462,4,37,378,0,E1A0892B1635C1713X,TE1A5B2C1D000X,1,1,1,1,1.4,1.4,1.0,1.0,0.0,0.0
4.0061,3,35,377,0,E1A0910B1639C1713X,TE1A5B2C1D000X,1,1,1,1,1.4,1.4,1.0,1.0,0.0,0.0
4.01734,1,33,378,0,E1A0929B1643C1713X,TE1A5B2C1D000X,1,1,1,1,1.4,1.4,1.0,1.0,0.0,0.0
4.02903,0,31,379,0,E1A0951B1647C1713X,TE1A5B2C1D000X,1,1,1,1,1.4,1.4,1.0,1.0,0.0,0.0
4.04048,-1,29,381,0,E1A0973B1651C1713X,TE1A5B2C1D000X,1,1,1,1,1.4,1.4,1.0,1.0,0.0,0.0
4.05188,-2,27,382,0,E1A0994B1654C1713X,TE1A5B2C1D000X,1,1,1,1,1.4,1.4,1.0,1.0,0.0,0.0
4.06308,-4,26,383,0,E1A1014B1657C1713X,TE1A5B2C1D000X,1,1,1,1,1.4,1.4,1.0,1.0,0.0,0.0
4.07477,-5,24,385,0,E1A1034B1660C1713X,TE1A5B2C1D000X,1,1,1,1,1.4,1.4,1.0,1.0,0.0,0.0
4.0862,-6,22,385,0,E1A1052B1663C1713X,TE1A4B2C1D000X,1,1,1,1,1.4,1.4,1.0,1.0,0.0,0.0
4.10695,-8,20,385,0,E1A1071B1666C1713X,TE1A4B2C1D000X,1,1,1,1,1.4,1.4,1.0,1.0,0.0,0.0
4.11895,-9,19,386,0,E1A1092B1669C1713X,TE1A4B2C1D000X,1,1,1,1,1.4,1.4,1.0,1.0,0.0,0.0
4.13892,-11,17,388,0,E1A1114B1672C1713X,TE1A4B2C1D000X,1,1,1,1,1.4,1.4,1.0,1.0,0.0,0.0
4.16304,-12,15,389,0,E1A1136B1675C1713X,TE1A4B2C1D000X,1,1,1,1,1.4,1.4,1.0,1.0,0.0,0.0
4.17506,-14,13,389,0,E1A1157B1678C1713X,TE1A4B2C1D000X,1,1,1,1,1.4,1.4,1.0,1.0,0.0,0.0
4.1949,-15,11,390,0,E1A1179B1680C1713X,TE1A4B2C1D000X,1,1,1,1,1.4,1.4,1.0,1.0,0.0,0.0
4.20701,-17,10,391,0,E1A1202B1683C1713X,TE1A4B2C1D000X,1,1,1,1,1.4,1.4,1.0,1.0,0.0,0.0
4.21886,-19,8,392,0,E1A1223B1685C1713X,TE1A4B2C1D000X,1,1,1,1,1.4,1.4,1.0,1.0,0.0,0.0
4.23098,-20,6,392,0,E1A1243B1688C1713X,TE1A4B2C1D000X,1,1,1,1,1.4,1.4,1.0,1.0,0.0,0.0
4.2431,-21,5,393,0,E1A1262B1690C1713X,TE1A4B2C1D000X,1,1,1,1,1.4,1.4,1.0,1.0,0.0,0.0
4.25489,-23,3,393,0,E1A1280B1692C1713X,TE1A3B2C1D000X,1,1,1,1,1.4,1.4,1.0,1.0,0.0,0.0
4.26606,-24,1,392,0,E1A1297B1694C1713X,TE1A3B2C1D000X,1,1,1,1,1.4,1.4,1.0,1.0,0.0,0.0
4.27785,-25,0,393,0,E1A1315B1696C1713X,TE1A3B2C1D000X,1,1,1,1,1.4,1.4,1.0,1.0,0.0,0.0
4.28928,-26,-1,393,0,E1A1332B1699C1713X,TE1A3B2C1D000X,1,1,1,1,1.4,1.4,1.0,1.0,0.0,0.0
4.30089,-27,-2,392,0,E1A1348B1701C1713X,TE1A3B2C1D000X,1,1,1,1,1.4,1.4,1.0,1.0,0.0,0.0
4.31191,-28,-4,391,0,E1A1363B1703C1713X,TE1A3B2C1D000X,1,1,1,1,1.4,1.4,1.0,1.0,0.0,0.0
4.3309,-30,-6,391,0,E1A1381B1707C1713X,TE1A3B2C1D000X,1,1,1,1,1.4,1.4,1.0,1.0,0.0,0.0
4.34301,-31,-7,391,0,E1A1398B1711C1713X,TE1A3B1C1D000X,1,1,1,1,1.4,1.4,1.0,1.0,0.0,0.0
4.35481,-32,-9,391,0,E1A1416B1715C1713X,TE1A3B1C1D000X,1,1,1,1,1.4,1.4,1.0,1.0,0.0,0.0
4.36687,-33,-11,392,0,E1A1434B1719C1713X,TE1A3B1C1D000X,1,1,1,1,1.4,1.4,1.0,1.0,0.0,0.0
4.37879,-33,-12,393,0,E1A1453B1723C1713X,TE1A3B1C1D000X,1,1,1,1,1.4,1.4,1.0,1.0,0.0,0.0
4.39042,-35,-14,395,0,E1A1473B1728C1713X,TE1A3B1C1D000X,1,1,1,1,1.4,1.4,1.0,1.0,0.0,0.0
4.402,-36,-16,396,0,E1A1491B1731C1713X,TE1A3B1C1D000X,1,1,1,1,1.4,1.4,1.0,1.0,0.0,0.0
4.41337,-37,-17,397,0,E1A1510B1735C1713X,TE1A3B1C1D000X,1,1,1,1,1.4,1.4,1.0,1.0,0.0,0.0
4.42515,-38,-19,399,0,E1A1528B1739C1713X,TE1A2B1C1D000X,1,1,1,1,1.4,1.4,1.0,1.0,0.0,0.0
4.43687,-38,-20,400,0,E1A1546B1743C1713X,TE1A2B1C1D000X,1,1,1,1,1.4,1.4,1.0,1.0,0.0,0.0
4.4481,-39,-22,402,0,E1A1563B1747C1713X,TE1A2B1C1D000X,1,1,1,1,1.4,1.4,1.0,1.0,0.0,0.0
4.45992,-40,-23,403,0,E1A1579B1750C1713X,TE1A2B1C1D000X,1,1,1,1,1.4,1.4,1.0,1.0,0.0,0.0
4.47149,-41,-24,403,0,E1A1593B1753C1713X,TE1A2B1C1D000X,1,1,1,1,1.4,1.4,1.0,1.0,0.0,0.0
4.48294,-42,-26,404,0,E1A1608B1756C1713X,TE1A2B1C1D000X,1,1,1,1,1.4,1.4,1.0,1.0,0.0,0.0
4.49473,-42,-27,406,0,E1A1624B1759C1713X,TE1A2B1C1D000X,1,1,1,1,1.4,1.4,1.0,1.0,0.0,0.0
4.5063,-43,-28,407,0,E1A1638B1762C1713X,TE1A2B1C1D000X,1,1,1,1,1.4,1.4,1.0,1.0,0.0,0.0
4.51788,-44,-29,407,0,E1A1652B1764C1713X,TE1A2B1C1D000X,1,1,1,1,1.4,1.4,1.0,1.0,0.0,0.0
4.52917,-45,-30,407,0,E1A1665B1765C1713X,TE1A2B1C1D000X,1,1,1,1,1.4,1.4,1.0,1.0,0.0,0.0
4.54714,-46,-31,409,0,E1A1680B1767C1713X,TE1A2B1C1D000X,1,1,1,1,1.4,1.4,1.0,1.0,0.0,0.0
4.57903,-47,-32,410,0,E1A1696B1769C1713X,TE1A2B1C1D000X,1,1,1,1,1.4,1.4,1.0,1.0,0.0,0.0
4.59107,-47,-33,410,0,E1A1709B1771C1713X,TE1A2B1C1D000X,1,1,1,1,1.4,1.4,1.0,1.0,0.0,0.0
4.60302,-48,-34,411,0,E1A1724B1771C1713X,TE1A1B1C1D000X,1,1,1,1,1.4,1.4,1.0,1.0,0.0,0.0
4.62707,-49,-35,412,0,E1A1738B1772C1713X,TE1A1B1C1D000X,1,1,1,1,1.4,1.4,1.0,1.0,0.0,0.0
4.63917,-50,-36,413,0,E1A1752B1772C1713X,TE1A1B1C1D000X,1,1,1,1,1.4,1.4,1.0,1.0,0.0,0.0
4.65068,-51,-37,413,0,E1A1764B1772C1713X,TE1A1B1C1D000X,1,1,1,1,1.4,1.4,1.0,1.0,0.0,0.0
4.66237,-52,-38,412,0,E1A1774B1772C1713X,TE1A1B1C1D000X,1,1,1,1,1.4,1.4,1.0,1.0,0.0,0.0
4.68308,-52,-38,412,0,E1A1785B1771C1713X,TE1A1B1C1D000X,1,1,1,1,1.4,1.4,1.0,1.0,0.0,0.0
4.69523,-53,-39,412,0,E1A1795B1770C1713X,TE1A1B1C1D000X,1,1,1,1,1.4,1.4,1.0,1.0,0.0,0.0
4.71496,-54,-40,412,0,E1A1805B1769C1713X,TE1A1B1C1D000X,1,1,1,1,1.4,1.4,1.0,1.0,0.0,0.0
4.72703,-54,-40,412,0,E1A1814B1767C1713X,TE1A1B1C1D000X,1,1,1,1,1.4,1.4,1.0,1.0,0.0,0.0
4.73889,-55,-41,413,0,E1A1824B1765C1713X,TE1A1B1C1D000X,1,1,1,1,1.4,1.4,1.0,1.0,0.0,0.0
4.75078,-56,-41,413,0,E1A1832B1763C1713X,TE1A1B1C1D000X,1,1,1,1,1.4,1.4,1.0,1.0,0.0,0.0
4.77118,-56,-42,413,0,E1A1841B1761C1713X,TE1A1B1C1D000X,1,1,1,1,1.4,1.4,1.0,1.0,0.0,0.0
4.78302,-57,-42,413,0,E1A1849B1759C1713X,TE1A1B1C1D000X,1,1,1,1,1.4,1.4,1.0,1.0,0.0,0.0
4.79517,-57,-43,412,0,E1A1856B1757C1713X,TE1A1B1C1D000X,1,1,1,1,1.4,1.4,1.0,1.0,0.0,0.0
4.8074,-58,-43,412,0,E1A1862B1754C1713X,TE1A1B1C1D000X,1,1,1,1,1.4,1.4,1.0,1.0,0.0,0.0
4.8197,-58,-44,413,0,E1A1869B1752C1713X,TE1A1B1C1D000X,1,1,1,1,1.4,1.4,1.0,1.0,0.0,0.0
4.83112,-58,-44,413,0,E1A1875B1749C1713X,TE1A1B1C1D000X,1,1,1,1,1.4,1.4,1.0,1.0,0.0,0.0
4.84441,-59,-45,413,0,E1A1880B1746C1713X,TE1A1B1C1D000X,1,1,1,1,1.4,1.4,1.0,1.0,0.0,0.0
4.85568,-59,-45,413,0,E1A1886B1742C1713X,TE1A1B1C1D000X,1,1,1,1,1.4,1.4,1.0,1.0,0.0,0.0
4.86723,-59,-45,414,0,E1A1891B1739C1713X,TE1A1B1C1D000X,1,1,1,1,1.4,1.4,1.0,1.0,0.0,0.0
4.87868,-59,-46,413,0,E1A1895B1736C1713X,TE1A1B1C1D000X,1,1,1,1,1.4,1.4,1.0,1.0,0.0,0.0
4.89039,-60,-46,413,0,E1A1900B1732C1713X,TE1A1B1C1D000X,1,1,1,1,1.4,1.4,1.0,1.0,0.0,0.0
4.90186,-60,-46,413,0,E1A1903B1728C1713X,TE1A1B1C1D000X,1,1,1,1,1.4,1.4,1.0,1.0,0.0,0.0
4.9131,-60,-46,412,0,E1A1906B1725C1713X,TE1A1B1C1D000X,1,1,1,1,1.4,1.4,1.0,1.0,0.0,0.0
4.93122,-60,-46,412,0,E1A1910B1720C1713X,TE1A1B1C1D000X,1,1,1,1,1.4,1.4,1.0,1.0,0.0,0.0
4.94311,-60,-46,412,0,E1A1914B1716C1713X,TE1A1B1C1D000X,1,1,1,1,1.4,1.4,1.0,1.0,0.0,0.0
4.95516,-60,-46,411,0,E1A1917B1712C1713X,TE1A1B1C1D000X,1,1,1,1,1.4,1.4,1.0,1.0,0.0,0.0
4.96663,-60,-46,412,0,E1A1920B1708C1713X,TE1A1B1C1D000X,1,1,1,1,1.4,1.4,1.0,1.0,0.0,0.0
4.97797,-60,-47,412,0,E1A1923B1703C1713X,TE1A1B1C1D000X,1,1,1,1,1.4,1.4,1.0,1.0,0.0,0.0
4.98955,-60,-47,412,0,E1A1926B1699C1713X,TE1A1B2C1D000X,1,1,1,1,1.4,1.4,1.0,1.0,0.0,0.0
5.00106,-60,-47,412,0,E1A1926B1700C1719X,TE1A1B2C1D000X,1,1,1,1,1.4,1.4,1.0,1.0,0.0,0.0
5.01226,-60,-47,412,0,E1A1926B1701C1716X,TE1A1B2C1D000X,1,1,1,1,1.4,1.4,1.0,1.0,0.0,0.0
5.02372,-60,-47,411,0,E1A1926B1701C1714X,TE1A1B2C1D000X,1,1,1,1,1.4,1.4,1.0,1.0,0.0,0.0
5.03539,-60,-46,410,0,E1A1926B1701C1713X,TE1A1B2C1D000X,1,1,1,1,1.4,1.4,1.0,1.0,0.0,0.0
5.04651,-60,-46,410,0,E1A1926B1702C1710X,TE1A1B2C1D000X,1,1,1,1,1.4,1.4,1.0,1.0,0.0,0.0
5.05817,-60,-47,410,0,E1A1926B1703C1708X,TE1A1B2C1D000X,1,1,1,1,1.4,1.4,1.0,1.0,0.0,0.0
5.06959,-60,-47,410,0,E1A1926B1705C1704X,TE1A1B2C1D000X,1,1,1,1,1.4,1.4,1.0,1.0,0.0,0.0
5.08083,-60,-47,410,0,E1A1926B1707C1701X,TE1A1B2C1D000X,1,1,1,1,1.4,1.4,1.0,1.0,0.0,0.0
5.0923,-60,-47,410,0,E1A1926B1708C1697X,TE1A1B1C2D000X,1,1,1,1,1.4,1.4,1.0,1.0,0.0,0.0
5.11089,-60,-48,410,0,E1A1926B1710C1694X,TE1A1B1C2D000X,1,1,1,1,1.4,1.4,1.0,1.0,0.0,0.0
5.1232,-60,-48,410,0,E1A1926B1712C1690X,TE1A1B1C2D000X,1,1,1,1,1.4,1.4,1.0,1.0,0.0,0.0
5.13534,-60,-48,410,0,E1A1926B1713C1687X,TE1A1B1C2D000X,1,1,1,1,1.4,1.4,1.0,1.0,0.0,0.0
5.15464,-60,-48,410,0,E1A1926B1714C1683X,TE1A1B1C2D000X,1,1,1,1,1.4,1.4,1.0,1.0,0.0,0.0
5.17904,-59,-49,409,0,E1A1926B1715C1680X,TE1A1B1C2D000X,1,1,1,1,1.4,1.4,1.0,1.0,0.0,0.0
5.19103,-60,-49,409,0,E1A1926B1716C1676X,TE1A1B1C2D000X,1,1,1,1,1.4,1.4,1.0,1.0,0.0,0.0
5.21069,-60,-49,410,0,E1A1926B1716C1671X,TE1A1B1C2D000X,1,1,1,1,1.4,1.4,1.0,1.0,0.0,0.0
5.25903,-60,-49,409,0,E1A1926B1716C1668X,TE1A1B1C2D000X,1,1,1,1,1.4,1.4,1.0,1.0,0.0,0.0
5.27921,-60,-50,409,0,E1A1926B1716C1663X,TE1A1B1C2D000X,1,1,1,1,1.4,1.4,1.0,1.0,0.0,0.0
5.29121,-60,-50,409,0,E1A1926B1716C1658X,TE1A1B1C2D000X,1,1,1,1,1.4,1.4,1.0,1.0,0.0,0.0
5.30292,-60,-51,409,0,E1A1926B1716C1654X,TE1A1B1C2D000X,1,1,1,1,1.4,1.4,1.0,1.0,0.0,0.0
5.31511,-60,-51,410,0,E1A1926B1715C1648X,TE1A1B1C2D000X,1,1,1,1,1.4,1.4,1.0,1.0,0.0,0.0
5.32713,-60,-51,410,0,E1A1926B1715C1643X,TE1A1B1C2D000X,1,1,1,1,1.4,1.4,1.0,1.0,0.0,0.0
5.33914,-61,-52,410,0,E1A1926B1714C1638X,TE1A1B1C2D000X,1,1,1,1,1.4,1.4,1.0,1.0,0.0,0.0
5.35071,-61,-52,411,0,E1A1926B1714C1633X,TE1A1B1C2D000X,1,1,1,1,1.4,1.4,1.0,1.0,0.0,0.0
5.36231,-61,-53,410,0,E1A1926B1712C1628X,TE1A1B1C2D000X,1,1,1,1,1.4,1.4,1.0,1.0,0.0,0.0
5.37378,-61,-53,411,0,E1A1926B1711C1622X,TE1A1B1C2D000X,1,1,1,1,1.4,1.4,1.0,1.0,0.0,0.0
5.38528,-61,-53,412,0,E1A1926B1710C1617X,TE1A1B1C2D000X,1,1,1,1,1.4,1.4,1.0,1.0,0.0,0.0
5.39681,-61,-54,412,0,E1A1926B1708C1612X,TE1A1B1C2D000X,1,1,1,1,1.4,1.4,1.0,1.0,0.0,0.0
5.40853,-61,-54,412,0,E1A1926B1707C1607X,TE1A1B1C2D000X,1,1,1,1,1.4,1.4,1.0,1.0,0.0,0.0
5.41987,-62,-54,412,0,E1A1926B1705C1602X,TE1A1B1C2D000X,1,1,1,1,1.4,1.4,1.0,1.0,0.0,0.0
5.43101,-62,-55,413,0,E1A1926B1703C1596X,TE1A1B1C2D000X,1,1,1,1,1.4,1.4,1.0,1.0,0.0,0.0
5.4427,-62,-55,414,0,E1A1926B1701C1591X,TE1A1B2C2D000X,1,1,1,1,1.4,1.4,1.0,1.0,0.0,0.0
5.45429,-62,-55,413,0,E1A1926B1698C1587X,TE1A1B2C2D000X,1,1,1,1,1.4,1.4,1.0,1.0,0.0,0.0
5.46647,-62,-55,413,0,E1A1926B1696C1582X,TE1A1B2C2D000X,1,1,1,1,1.4,1.4,1.0,1.0,0.0,0.0
5.47781,-63,-55,414,0,E1A1926B1693C1577X,TE1A1B2C2D000X,1,1,1,1,1.4,1.4,1.0,1.0,0.0,0.0
5.495,-63,-56,413,0,E1A1926B1691C1572X,TE1A1B2C2D000X,1,1,1,1,1.4,1.4,1.0,1.0,0.0,0.0
5.50694,-63,-56,413,0,E1A1926B1688C1568X,TE1A1B2C2D000X,1,1,1,1,1.4,1.4,1.0,1.0,0.0,0.0
5.51895,-63,-56,413,0,E1A1926B1686C1564X,TE1A1B2C2D000X,1,1,1,1,1.4,1.4,1.0,1.0,0.0,0.0
5.53089,-63,-56,412,0,E1A1926B1683C1560X,TE1A1B2C2D000X,1,1,1,1,1.4,1.4,1.0,1.0,0.0,0.0
5.55117,-63,-56,412,0,E1A1926B1680C1556X,TE1A1B2C2D000X,1,1,1,1,1.4,1.4,1.0,1.0,0.0,0.0
5.56314,-63,-56,412,0,E1A1926B1678C1551X,TE1A1B2C2D000X,1,1,1,1,1.4,1.4,1.0,1.0,0.0,0.0
5.57524,-63,-56,413,0,E1A1926B1675C1546X,TE1A1B2C2D000X,1,1,1,1,1.4,1.4,1.0,1.0,0.0,0.0
5.5869,-64,-56,413,0,E1A1926B1672C1542X,TE1A1B2C2D000X,1,1,1,1,1.4,1.4,1.0,1.0,0.0,0.0
5.59811,-63,-56,411,0,E1A1926B1669C1538X,TE1A1B2C2D000X,1,1,1,1,1.4,1.4,1.0,1.0,0.0,0.0
5.60985,-64,-57,412,0,E1A1926B1667C1533X,TE1A1B2C2D000X,1,1,1,1,1.4,1.4,1.0,1.0,0.0,0.0
5.62143,-64,-57,412,0,E1A1926B1664C1528X,TE1A1B2C2D000X,1,1,1,1,1.4,1.4,1.0,1.0,0.0,0.0
5.64334,-64,-57,413,0,E1A1926B1661C1523X,TE1A1B2C2D000X,1,1,1,1,1.4,1.4,1.0,1.0,0.0,0.0
5.65498,-64,-57,413,0,E1A1926B1659C1519X,TE1A1B2C2D000X,1,1,1,1,1.4,1.4,1.0,1.0,0.0,0.0
5.67518,-64,-57,413,0,E1A1926B1657C1513X,TE1A1B2C2D000X,1,1,1,1,1.4,1.4,1.0,1.0,0.0,0.0
5.68705,-65,-58,414,0,E1A1926B1654C1508X,TE1A1B2C2D000X,1,1,1,1,1.4,1.4,1.0,1.0,0.0,0.0
5.69878,-65,-58,414,0,E1A1926B1652C1503X,TE1A1B2C2D000X,1,1,1,1,1.4,1.4,1.0,1.0,0.0,0.0
5.72305,-65,-58,414,0,E1A1926B1650C1498X,TE1A1B2C2D000X,1,1,1,1,1.4,1.4,1.0,1.0,0.0,0.0
5.73478,-65,-58,414,0,E1A1926B1647C1493X,TE1A1B2C2D000X,1,1,1,1,1.4,1.4,1.0,1.0,0.0,0.0
5.74672,-65,-59,414,0,E1A1926B1645C1488X,TE1A1B2C2D000X,1,1,1,1,1.4,1.4,1.0,1.0,0.0,0.0
5.75842,-65,-59,415,0,E1A1926B1643C1482X,TE1A1B2C2D000X,1,1,1,1,1.4,1.4,1.0,1.0,0.0,0.0
5.7701,-65,-59,415,0,E1A1926B1641C1478X,TE1A1B2C2D000X,1,1,1,1,1.4,1.4,1.0,1.0,0.0,0.0
5.7871,-65,-59,414,0,E1A1926B1639C1474X,TE1A1B2C3D000X,1,1,1,1,1.4,1.4,1.0,1.0,0.0,0.0
5.81103,-65,-59,414,0,E1A1926B1637C1469X,TE1A1B2C3D000X,1,1,1,1,1.4,1.4,1.0,1.0,0.0,0.0
5.82318,-65,-59,415,0,E1A1926B1635C1464X,TE1A1B2C3D000X,1,1,1,1,1.4,1.4,1.0,1.0,0.0,0.0
5.83508,-65,-60,415,0,E1A1926B1632C1459X,TE1A1B2C3D000X,1,1,1,1,1.4,1.4,1.0,1.0,0.0,0.0
5.84701,-65,-60,414,0,E1A1926B1630C1455X,TE1A1B2C3D000X,1,1,1,1,1.4,1.4,1.0,1.0,0.0,0.0
5.85867,-65,-60,415,0,E1A1926B1628C1450X,TE1A1B2C3D000X,1,1,1,1,1.4,1.4,1.0,1.0,0.0,0.0
5.87039,-65,-60,415,0,E1A1926B1626C1445X,TE1A1B2C3D000X,1,1,1,1,1.4,1.4,1.0,1.0,0.0,0.0
5.88151,-65,-60,415,0,E1A1926B1624C1440X,TE1A1B2C3D000X,1,1,1,1,1.4,1.4,1.0,1.0,0.0,0.0
5.89339,-65,-60,415,0,E1A1926B1622C1435X,TE1A1B2C3D000X,1,1,1,1,1.4,1.4,1.0,1.0,0.0,0.0
5.90515,-66,-61,415,0,E1A1926B1619C1430X,TE1A1B2C3D000X,1,1,1,1,1.4,1.4,1.0,1.0,0.0,0.0
5.91678,-66,-61,416,0,E1A1926B1617C1424X,TE1A1B2C3D000X,1,1,1,1,1.4,1.4,1.0,1.0,0.0,0.0
5.92792,-66,-61,416,0,E1A1926B1615C1419X,TE1A1B2C3D000X,1,1,1,1,1.4,1.4,1.0,1.0,0.0,0.0
5.93963,-66,-62,416,0,E1A1926B1612C1413X,TE1A1B2C3D000X,1,1,1,1,1.4,1.4,1.0,1.0,0.0,0.0
5.95081,-66,-62,417,0,E1A1926B1610C1408X,TE1A1B2C3D000X,1,1,1,1,1.4,1.4,1.0,1.0,0.0,0.0
5.97127,-66,-62,417,0,E1A1926B1607C1402X,TE1A1B2C3D000X,1,1,1,1,1.4,1.4,1.0,1.0,0.0,0.0
5.99133,-66,-62,416,0,E1A1926B1605C1396X,TE1A1B2C3D000X,1,1,1,1,1.4,1.4,1.0,1.0,0.0,0.0
6.00298,-66,-63,416,0,E1A1926B1602C1390X,TE1A1B2C3D000X,1,1,1,1,1.4,1.4,1.0,1.0,0.0,0.0
6.01516,-66,-63,415,0,E1A1926B1600C1384X,TE1A1B2C3D000X,1,1,1,1,1.4,1.4,1.0,1.0,0.0,0.0
6.02743,-66,-63,415,0,E1A1926B1598C1379X,TE1A1B2C3D000X,1,1,1,1,1.4,1.4,1.0,1.0,0.0,0.0
6.03938,-67,-63,415,0,E1A1926B1595C1373X,TE1A1B2C3D000X,1,1,1,1,1.4,1.4,1.0,1.0,0.0,0.0
6.05928,-67,-64,415,0,E1A1926B1593C1367X,TE1A1B2C3D000X,1,1,1,1,1.4,1.4,1.0,1.0,0.0,0.0
6.07108,-67,-64,415,0,E1A1926B1590C1361X,TE1A1B2C3D000X,1,1,1,1,1.4,1.4,1.0,1.0,0.0,0.0
6.08285,-67,-64,415,0,E1A1926B1587C1355X,TE1A1B2C3D000X,1,1,1,1,1.4,1.4,1.0,1.0,0.0,0.0
6.09522,-67,-65,416,0,E1A1926B1585C1349X,TE1A1B2C3D000X,1,1,1,1,1.4,1.4,1.0,1.0,0.0,0.0
6.10701,-67,-65,416,0,E1A1926B1583C1343X,TE1A1B2C3D000X,1,1,1,1,1.4,1.4,1.0,1.0,0.0,0.0
6.11851,-67,-65,416,0,E1A1926B1580C1337X,TE1A1B2C3D000X,1,1,1,1,1.4,1.4,1.0,1.0,0.0,0.0
6.12964,-68,-66,417,0,E1A1926B1578C1331X,TE1A1B2C3D000X,1,1,1,1,1.4,1.4,1.0,1.0,0.0,0.0
6.14118,-68,-66,417,0,E1A1926B1575C1325X,TE1A1B2C3D000X,1,1,1,1,1.4,1.4,1.0,1.0,0.0,0.0
6.15314,-68,-66,417,0,E1A1926B1573C1320X,TE1A1B2C3D000X,1,1,1,1,1.4,1.4,1.0,1.0,0.0,0.0
6.16482,-68,-66,417,0,E1A1926B1570C1314X,TE1A1B2C3D000X,1,1,1,1,1.4,1.4,1.0,1.0,0.0,0.0
6.17676,-68,-67,417,0,E1A1926B1568C1308X,TE1A1B2C3D000X,1,1,1,1,1.4,1.4,1.0,1.0,0.0,0.0
6.20715,-68,-67,416,0,E1A1926B1565C1303X,TE1A1B2C3D000X,1,1,1,1,1.4,1.4,1.0,1.0,0.0,0.0
6.21898,-68,-67,416,0,E1A1926B1563C1297X,TE1A1B2C3D000X,1,1,1,1,1.4,1.4,1.0,1.0,0.0,0.0
6.23124,-68,-67,416,0,E1A1926B1560C1292X,TE1A1B2C3D000X,1,1,1,1,1.4,1.4,1.0,1.0,0.0,0.0
6.25113,-68,-67,417,0,E1A1926B1558C1286X,TE1A1B2C3D000X,1,1,1,1,1.4,1.4,1.0,1.0,0.0,0.0
6.26289,-68,-68,417,0,E1A1926B1556C1281X,TE1A1B2C3D000X,1,1,1,1,1.4,1.4,1.0,1.0,0.0,0.0
6.27506,-68,-68,417,0,E1A1926B1554C1275X,TE1A1B2C3D000X,1,1,1,1,1.4,1.4,1.0,1.0,0.0,0.0
6.28694,-69,-68,417,0,E1A1926B1551C1270X,TE1A1B2C3D000X,1,1,1,1,1.4,1.4,1.0,1.0,0.0,0.0
6.29862,-69,-68,417,0,E1A1926B1548C1265X,TE1A1B2C3D000X,1,1,1,1,1.4,1.4,1.0,1.0,0.0,0.0
6.31068,-69,-68,417,0,E1A1926B1546C1259X,TE1A1B2C3D000X,1,1,1,1,1.4,1.4,1.0,1.0,0.0,0.0
6.32243,-69,-69,418,0,E1A1926B1543C1254X,TE1A1B2C3D000X,1,1,1,1,1.4,1.4,1.0,1.0,0.0,0.0
6.33402,-69,-69,418,0,E1A1926B1541C1249X,TE1A1B2C3D000X,1,1,1,1,1.4,1.4,1.0,1.0,0.0,0.0
6.34521,-69,-69,419,0,E1A1926B1538C1244X,TE1A1B2C4D000X,1,1,1,1,1.4,1.4,1.0,1.0,0.0,0.0
6.35674,-69,-69,419,0,E1A1926B1536C1239X,TE1A1B2C4D000X,1,1,1,1,1.4,1.4,1.0,1.0,0.0,0.0
6.36793,-69,-69,419,0,E1A1926B1534C1234X,TE1A1B2C4D000X,1,1,1,1,1.4,1.4,1.0,1.0,0.0,0.0
6.37913,-69,-69,419,0,E1A1926B1532C1229X,TE1A1B2C4D000X,1,1,1,1,1.4,1.4,1.0,1.0,0.0,0.0
6.39071,-69,-69,418,0,E1A1926B1529C1225X,TE1A1B2C4D000X,1,1,1,1,1.4,1.4,1.0,1.0,0.0,0.0
6.40222,-69,-69,418,0,E1A1926B1528C1220X,TE1A1B2C4D000X,1,1,1,1,1.4,1.4,1.0,1.0,0.0,0.0
6.41368,-69,-70,418,0,E1A1926B1526C1216X,TE1A1B2C4D000X,1,1,1,1,1.4,1.4,1.0,1.0,0.0,0.0
6.42541,-69,-70,418,0,E1A1926B1524C1211X,TE1A1B2C4D000X,1,1,1,1,1.4,1.4,1.0,1.0,0.0,0.0
6.43705,-69,-70,419,0,E1A1926B1522C1207X,TE1A1B2C4D000X,1,1,1,1,1.4,1.4,1.0,1.0,0.0,0.0
6.467,-69,-70,419,0,E1A1926B1522C1203X,TE1A1B2C4D000X,1,1,1,1,1.4,1.4,1.0,1.0,0.0,0.0
6.47912,-69,-70,419,0,E1A1926B1521C1200X,TE1A1B2C4D000X,1,1,1,1,1.4,1.4,1.0,1.0,0.0,0.0
6.4908,-68,-70,419,0,E1A1926B1520C1197X,TE1A1B2C4D000X,1,1,1,1,1.4,1.4,1.0,1.0,0.0,0.0
6.50234,-68,-69,418,0,E1A1926B1520C1195X,TE1A1B2C4D000X,1,1,1,1,1.4,1.4,1.0,1.0,0.0,0.0
6.51388,-68,-69,418,0,E1A1926B1519C1193X,TE1A1B2C4D000X,1,1,1,1,1.4,1.4,1.0,1.0,0.0,0.0
6.5255,-67,-69,418,0,E1A1926B1519C1191X,TE1A1B2C4D000X,1,1,1,1,1.4,1.4,1.0,1.0,0.0,0.0
6.54751,-67,-68,418,0,E1A1926B1520C1191X,TE1A1B2C4D000X,1,1,1,1,1.4,1.4,1.0,1.0,0.0,0.0
6.55926,-66,-68,418,0,E1A1926B1521C1191X,TE1A1B2C4D000X,1,1,1,1,1.4,1.4,1.0,1.0,0.0,0.0
6.57078,-65,-67,417,0,E1A1926B1522C1192X,TE1A1B2C4D000X,1,1,1,1,1.4,1.4,1.0,1.0,0.0,0.0
6.5915,-64,-66,417,0,E1A1926B1523C1195X,TE1A1B2C4D000X,1,1,1,1,1.4,1.4,1.0,1.0,0.0,0.0
6.60336,-63,-65,416,0,E1A1926B1524C1198X,TE1A1B2C4D000X,1,1,1,1,1.4,1.4,1.0,1.0,0.0,0.0
6.61493,-62,-64,416,0,E1A1926B1526C1202X,TE1A1B2C4D000X,1,1,1,1,1.4,1.4,1.0,1.0,0.0,0.0
6.62672,-62,-63,417,0,E1A1926B1529C1207X,TE1A1B2C4D000X,1,1,1,1,1.4,1.4,1.0,1.0,0.0,0.0
6.65924,-60,-62,415,0,E1A1926B1531C1214X,TE1A1B2C4D000X,1,1,1,1,1.4,1.4,1.0,1.0,0.0,0.0
6.67124,-59,-60,414,0,E1A1926B1535C1221X,TE1A1B2C4D000X,1,1,1,1,1.4,1.4,1.0,1.0,0.0,0.0
6.68299,-57,-59,414,0,E1A1926B1538C1229X,TE1A1B2C4D000X,1,1,1,1,1.4,1.4,1.0,1.0,0.0,0.0
6.69476,-56,-57,413,0,E1A1926B1541C1237X,TE1A1B2C4D000X,1,1,1,1,1.4,1.4,1.0,1.0,0.0,0.0
6.70624,-55,-56,413,0,E1A1926B1544C1246X,TE1A1B2C4D000X,1,1,1,1,1.4,1.4,1.0,1.0,0.0,0.0
6.7178,-54,-54,412,0,E1A1926B1548C1254X,TE1A1B2C4D000X,1,1,1,1,1.4,1.4,1.0,1.0,0.0,0.0
6.72921,-53,-53,413,0,E1A1926B1551C1263X,TE1A1B2C4D000X,1,1,1,1,1.4,1.4,1.0,1.0,0.0,0.0
6.7408,-51,-51,412,0,E1A1926B1555C1272X,TE1A1B2C3D000X,1,1,1,1,1.4,1.4,1.0,1.0,0.0,0.0
6.75358,-50,-50,411,0,E1A1926B1558C1280X,TE1A1B2C3D000X,1,1,1,1,1.4,1.4,1.0,1.0,0.0,0.0
6.76486,-49,-48,410,0,E1A1926B1562C1288X,TE1A1B2C3D000X,1,1,1,1,1.4,1.4,1.0,1.0,0.0,0.0
6.77659,-47,-47,409,0,E1A1926B1566C1296X,TE1A1B2C3D000X,1,1,1,1,1.4,1.4,1.0,1.0,0.0,0.0
6.78825,-46,-46,410,0,E1A1926B1570C1304X,TE1A1B2C3D000X,1,1,1,1,1.4,1.4,1.0,1.0,0.0,0.0
6.80313,-45,-44,409,0,E1A1926B1575C1312X,TE1A1B2C3D000X,1,1,1,1,1.4,1.4,1.0,1.0,0.0,0.0
6.8149,-43,-43,408,0,E1A1926B1580C1320X,TE1A1B2C3D000X,1,1,1,1,1.4,1.4,1.0,1.0,0.0,0.0
6.82737,-42,-42,407,0,E1A1926B1585C1327X,TE1A1B2C3D000X,1,1,1,1,1.4,1.4,1.0,1.0,0.0,0.0
6.86337,-40,-41,408,0,E1A1926B1592C1335X,TE1A1B2C3D000X,1,1,1,1,1.4,1.4,1.0,1.0,0.0,0.0
6.87537,-38,-40,407,0,E1A1926B1599C1343X,TE1A1B2C3D000X,1,1,1,1,1.4,1.4,1.0,1.0,0.0,0.0
6.88721,-37,-39,407,0,E1A1926B1606C1350X,TE1A1B2C3D000X,1,1,1,1,1.4,1.4,1.0,1.0,0.0,0.0
6.9069,-35,-38,407,0,E1A1926B1614C1357X,TE1A1B2C3D000X,1,1,1,1,1.4,1.4,1.0,1.0,0.0,0.0
6.9312,-33,-37,406,0,E1A1926B1623C1365X,TE1A1B2C3D000X,1,1,1,1,1.4,1.4,1.0,1.0,0.0,0.0
6.94305,-31,-36,405,0,E1A1926B1632C1372X,TE1A1B2C3D000X,1,1,1,1,1.4,1.4,1.0,1.0,0.0,0.0
6.95486,-29,-35,404,0,E1A1926B1641C1379X,TE1A1B2C3D000X,1,1,1,1,1.4,1.4,1.0,1.0,0.0,0.0
6.96677,-28,-34,405,0,E1A1926B1650C1385X,TE1A1B2C3D000X,1,1,1,1,1.4,1.4,1.0,1.0,0.0,0.0
6.97864,-26,-33,406,0,E1A1926B1658C1391X,TE1A1B2C3D000X,1,1,1,1,1.4,1.4,1.0,1.0,0.0,0.0
6.99053,-25,-33,406,0,E1A1926B1666C1396X,TE1A1B2C3D000X,1,1,1,1,1.4,1.4,1.0,1.0,0.0,0.0
7.00231,-23,-32,405,0,E1A1926B1673C1401X,TE1A1B2C3D000X,1,1,1,1,1.4,1.4,1.0,1.0,0.0,0.0
7.01893,-22,-32,405,0,E1A1926B1680C1406X,TE1A1B2C3D000X,1,1,1,1,1.4,1.4,1.0,1.0,0.0,0.0
7.0312,-20,-31,405,0,E1A1926B1687C1411X,TE1A1B2C3D000X,1,1,1,1,1.4,1.4,1.0,1.0,0.0,0.0
7.04358,-19,-30,404,0,E1A1926B1694C1415X,TE1A1B2C3D000X,1,1,1,1,1.4,1.4,1.0,1.0,0.0,0.0
7.05554,-18,-30,404,0,E1A1926B1700C1419X,TE1A1B2C3D000X,1,1,1,1,1.4,1.4,1.0,1.0,0.0,0.0
7.0754,-16,-29,403,0,E1A1926B1705C1423X,TE1A1B2C3D000X,1,1,1,1,1.4,1.4,1.0,1.0,0.0,0.0
7.09953,-15,-28,403,0,E1A1926B1710C1427X,TE1A1B2C3D000X,1,1,1,1,1.4,1.4,1.0,1.0,0.0,0.0
7.11143,-14,-28,402,0,E1A1926B1715C1432X,TE1A1B1C3D000X,1,1,1,1,1.4,1.4,1.0,1.0,0.0,0.0
7.12298,-14,-27,403,0,E1A1926B1719C1436X,TE1A1B1C3D000X,1,1,1,1,1.4,1.4,1.0,1.0,0.0,0.0
7.13477,-13,-27,403,0,E1A1926B1722C1440X,TE1A1B1C3D000X,1,1,1,1,1.4,1.4,1.0,1.0,0.0,0.0
7.14628,-12,-26,402,0,E1A1926B1725C1443X,TE1A1B1C3D000X,1,1,1,1,1.4,1.4,1.0,1.0,0.0,0.0
7.15835,-12,-26,403,0,E1A1926B1728C1446X,TE1A1B1C3D000X,1,1,1,1,1.4,1.4,1.0,1.0,0.0,0.0
7.18731,-11,-25,403,0,E1A1926B1730C1451X,TE1A1B1C3D000X,1,1,1,1,1.4,1.4,1.0,1.0,0.0,0.0
7.19931,-11,-24,403,0,E1A1926B1731C1455X,TE1A1B1C3D000X,1,1,1,1,1.4,1.4,1.0,1.0,0.0,0.0
7.22338,-11,-24,403,0,E1A1926B1731C1459X,TE1A1B1C3D000X,1,1,1,1,1.4,1.4,1.0,1.0,0.0,0.0
7.23492,-10,-23,403,0,E1A1926B1731C1463X,TE1A1B1C3D000X,1,1,1,1,1.4,1.4,1.0,1.0,0.0,0.0
7.2473,-10,-22,402,0,E1A1926B1730C1466X,TE1A1B1C3D000X,1,1,1,1,1.4,1.4,1.0,1.0,0.0,0.0
7.25914,-10,-22,402,0,E1A1926B1729C1468X,TE1A1B1C3D000X,1,1,1,1,1.4,1.4,1.0,1.0,0.0,0.0
7.27066,-10,-21,401,0,E1A1926B1728C1470X,TE1A1B1C3D000X,1,1,1,1,1.4,1.4,1.0,1.0,0.0,0.0
7.2911,-11,-21,401,0,E1A1926B1726C1471X,TE1A1B1C3D000X,1,1,1,1,1.4,1.4,1.0,1.0,0.0,0.0
7.3032,-11,-21,402,0,E1A1926B1725C1473X,TE1A1B1C3D000X,1,1,1,1,1.4,1.4,1.0,1.0,0.0,0.0
7.31516,-11,-20,403,0,E1A1926B1723C1473X,TE1A1B1C3D000X,1,1,1,1,1.4,1.4,1.0,1.0,0.0,0.0
7.32714,-11,-20,404,0,E1A1926B1721C1473X,TE1A1B1C3D000X,1,1,1,1,1.4,1.4,1.0,1.0,0.0,0.0
7.33878,-12,-20,404,0,E1A1926B1719C1473X,TE1A1B1C3D000X,1,1,1,1,1.4,1.4,1.0,1.0,0.0,0.0
7.35029,-12,-20,404,0,E1A1926B1717C1472X,TE1A1B1C3D000X,1,1,1,1,1.4,1.4,1.0,1.0,0.0,0.0
7.36222,-12,-20,405,0,E1A1926B1715C1471X,TE1A1B1C3D000X,1,1,1,1,1.4,1.4,1.0,1.0,0.0,0.0
7.37369,-12,-20,405,0,E1A1926B1713C1470X,TE1A1B1C3D000X,1,1,1,1,1.4,1.4,1.0,1.0,0.0,0.0
7.38528,-13,-20,406,0,E1A1926B1711C1468X,TE1A1B1C3D000X,1,1,1,1,1.4,1.4,1.0,1.0,0.0,0.0
7.40287,-13,-20,406,0,E1A1926B1709C1467X,TE1A1B1C3D000X,1,1,1,1,1.4,1.4,1.0,1.0,0.0,0.0
7.41535,-13,-20,406,0,E1A1926B1707C1465X,TE1A1B1C3D000X,1,1,1,1,1.4,1.4,1.0,1.0,0.0,0.0
7.43935,-14,-20,407,0,E1A1926B1705C1464X,TE1A1B1C3D000X,1,1,1,1,1.4,1.4,1.0,1.0,0.0,0.0
7.45323,-14,-20,406,0,E1A1926B1702C1462X,TE1A1B2C3D000X,1,1,1,1,1.4,1.4,1.0,1.0,0.0,0.0
7.47123,-14,-20,405,0,E1A1926B1700C1460X,TE1A1B2C3D000X,1,1,1,1,1.4,1.4,1.0,1.0,0.0,0.0
7.48362,-14,-20,405,0,E1A1926B1698C1458X,TE1A1B2C3D000X,1,1,1,1,1.4,1.4,1.0,1.0,0.0,0.0
7.49549,-15,-20,404,0,E1A1926B1695C1456X,TE1A1B2C3D000X,1,1,1,1,1.4,1.4,1.0,1.0,0.0,0.0
7.5073,-15,-20,404,0,E1A1926B1693C1454X,TE1A1B2C3D000X,1,1,1,1,1.4,1.4,1.0,1.0,0.0,0.0
7.51907,-15,-20,404,0,E1A1926B1691C1452X,TE1A1B2C3D000X,1,1,1,1,1.4,1.4,1.0,1.0,0.0,0.0
7.53027,-15,-20,405,0,E1A1926B1690C1450X,TE1A1B2C3D000X,1,1,1,1,1.4,1.4,1.0,1.0,0.0,0.0
7.54208,-16,-20,406,0,E1A1926B1688C1448X,TE1A1B2C3D000X,1,1,1,1,1.4,1.4,1.0,1.0,0.0,0.0
7.554,-16,-20,406,0,E1A1926B1686C1445X,TE1A1B2C3D000X,1,1,1,1,1.4,1.4,1.0,1.0,0.0,0.0
7.56544,-16,-20,405,0,E1A1926B1684C1442X,TE1A1B2C3D000X,1,1,1,1,1.4,1.4,1.0,1.0,0.0,0.0
7.57746,-16,-20,404,0,E1A1926B1682C1439X,TE1A1B2C3D000X,1,1,1,1,1.4,1.4,1.0,1.0,0.0,0.0
7.5891,-17,-21,404,0,E1A1926B1680C1436X,TE1A1B2C3D000X,1,1,1,1,1.4,1.4,1.0,1.0,0.0,0.0
7.60092,-17,-21,403,0,E1A1926B1678C1433X,TE1A1B2C3D000X,1,1,1,1,1.4,1.4,1.0,1.0,0.0,0.0
7.61888,-17,-21,403,0,E1A1926B1677C1431X,TE1A1B2C3D000X,1,1,1,1,1.4,1.4,1.0,1.0,0.0,0.0
7.63909,-17,-21,404,0,E1A1926B1676C1428X,TE1A1B2C3D000X,1,1,1,1,1.4,1.4,1.0,1.0,0.0,0.0
7.65112,-17,-21,404,0,E1A1926B1675C1426X,TE1A1B2C3D000X,1,1,1,1,1.4,1.4,1.0,1.0,0.0,0.0
7.66324,-17,-21,405,0,E1A1926B1675C1424X,TE1A1B2C3D000X,1,1,1,1,1.4,1.4,1.0,1.0,0.0,0.0
7.67536,-17,-21,405,0,E1A1926B1674C1421X,TE1A1B2C3D000X,1,1,1,1,1.4,1.4,1.0,1.0,0.0,0.0
7.68717,-17,-22,405,0,E1A1926B1673C1419X,TE1A1B2C3D000X,1,1,1,1,1.4,1.4,1.0,1.0,0.0,0.0
7.69853,-17,-22,405,0,E1A1926B1672C1417X,TE1A1B2C3D000X,1,1,1,1,1.4,1.4,1.0,1.0,0.0,0.0
7.71021,-17,-22,405,0,E1A1926B1671C1416X,TE1A1B2C3D000X,1,1,1,1,1.4,1.4,1.0,1.0,0.0,0.0
7.72195,-18,-22,405,0,E1A1926B1670C1414X,TE1A1B2C3D000X,1,1,1,1,1.4,1.4,1.0,1.0,0.0,0.0
7.73358,-18,-22,404,0,E1A1926B1669C1412X,TE1A1B2C3D000X,1,1,1,1,1.4,1.4,1.0,1.0,0.0,0.0
7.74509,-18,-22,404,0,E1A1926B1668C1411X,TE1A1B2C3D000X,1,1,1,1,1.4,1.4,1.0,1.0,0.0,0.0
7.75686,-18,-22,403,0,E1A1926B1666C1409X,TE1A1B2C3D000X,1,1,1,1,1.4,1.4,1.0,1.0,0.0,0.0
7.76848,-18,-22,403,0,E1A1926B1665C1408X,TE1A1B2C3D000X,1,1,1,1,1.4,1.4,1.0,1.0,0.0,0.0
7.77959,-18,-22,405,0,E1A1926B1665C1408X,TE1A1B2C3D000X,1,1,1,1,1.4,1.4,1.0,1.0,0.0,0.0
7.79146,-18,-22,406,0,E1A1926B1664C1407X,TE1A1B2C3D000X,1,1,1,1,1.4,1.4,1.0,1.0,0.0,0.0
7.80307,-18,-22,406,0,E1A1926B1663C1405X,TE1A1B2C3D000X,1,1,1,1,1.4,1.4,1.0,1.0,0.0,0.0
7.81434,-18,-21,405,0,E1A1926B1661C1404X,TE1A1B2C3D000X,1,1,1,1,1.4,1.4,1.0,1.0,0.0,0.0
7.82629,-18,-21,404,0,E1A1926B1660C1403X,TE1A1B2C3D000X,1,1,1,1,1.4,1.4,1.0,1.0,0.0,0.0
7.83807,-18,-21,404,0,E1A1926B1658C1401X,TE1A1B2C3D000X,1,1,1,1,1.4,1.4,1.0,1.0,0.0,0.0
7.85524,-19,-21,404,0,E1A1926B1656C1400X,TE1A1B2C3D000X,1,1,1,1,1.4,1.4,1.0,1.0,0.0,0.0
7.86697,-19,-21,405,0,E1A1926B1654C1399X,TE1A1B2C3D000X,1,1,1,1,1.4,1.4,1.0,1.0,0.0,0.0
7.87877,-19,-21,404,0,E1A1926B1652C1397X,TE1A1B2C3D000X,1,1,1,1,1.4,1.4,1.0,1.0,0.0,0.0
7.88991,-19,-21,404,0,E1A1926B1649C1396X,TE1A1B2C3D000X,1,1,1,1,1.4,1.4,1.0,1.0,0.0,0.0
7.90166,-20,-21,404,0,E1A1926B1646C1394X,TE1A1B2C3D000X,1,1,1,1,1.4,1.4,1.0,1.0,0.0,0.0
7.9231,-20,-21,405,0,E1A1926B1644C1393X,TE1A1B2C3D000X,1,1,1,1,1.4,1.4,1.0,1.0,0.0,0.0
7.93525,-20,-21,405,0,E1A1926B1641C1392X,TE1A1B2C3D000X,1,1,1,1,1.4,1.4,1.0,1.0,0.0,0.0
7.94729,-21,-21,404,0,E1A1926B1638C1390X,TE1A1B2C3D000X,1,1,1,1,1.4,1.4,1.0,1.0,0.0,0.0
7.96691,-21,-21,405,0,E1A1926B1636C1389X,TE1A1B2C3D000X,1,1,1,1,1.4,1.4,1.0,1.0,0.0,0.0
7.97913,-21,-21,406,0,E1A1926B1633C1388X,TE1A1B2C3D000X,1,1,1,1,1.4,1.4,1.0,1.0,0.0,0.0
7.99108,-22,-21,407,0,E1A1926B1631C1386X,TE1A1B2C3D000X,1,1,1,1,1.4,1.4,1.0,1.0,0.0,0.0
8.01532,-22,-21,407,0,E1A1926B1629C1385X,TE1A1B2C3D000X,1,1,1,1,1.4,1.4,1.0,1.0,0.0,0.0
8.02704,-22,-21,407,0,E1A1926B1626C1383X,TE1A1B2C3D000X,1,1,1,1,1.4,1.4,1.0,1.0,0.0,0.0
8.03885,-22,-21,406,0,E1A1926B1624C1381X,TE1A1B2C3D000X,1,1,1,1,1.4,1.4,1.0,1.0,0.0,0.0
8.05045,-22,-21,406,0,E1A1926B1622C1380X,TE1A1B2C3D000X,1,1,1,1,1.4,1.4,1.0,1.0,0.0,0.0
8.06158,-23,-21,406,0,E1A1926B1620C1378X,TE1A1B2C3D000X,1,1,1,1,1.4,1.4,1.0,1.0,0.0,0.0
8.07347,-23,-21,407,0,E1A1926B1618C1377X,TE1A1B2C3D000X,1,1,1,1,1.4,1.4,1.0,1.0,0.0,0.0
8.0847,-23,-21,408,0,E1A1926B1617C1376X,TE1A1B2C3D000X,1,1,1,1,1.4,1.4,1.0,1.0,0.0,0.0
8.09638,-23,-21,408,0,E1A1926B1616C1375X,TE1A1B2C3D000X,1,1,1,1,1.4,1.4,1.0,1.0,0.0,0.0
8.10795,-23,-21,409,0,E1A1926B1615C1374X,TE1A1B2C3D000X,1,1,1,1,1.4,1.4,1.0,1.0,0.0,0.0
8.11953,-24,-21,410,0,E1A1926B1613C1372X,TE1A1B2C3D000X,1,1,1,1,1.4,1.4,1.0,1.0,0.0,0.0
8.1308,-24,-21,411,0,E1A1926B1612C1371X,TE1A1B2C3D000X,1,1,1,1,1.4,1.4,1.0,1.0,0.0,0.0
8.14242,-24,-21,410,0,E1A1926B1611C1370X,TE1A1B2C3D000X,1,1,1,1,1.4,1.4,1.0,1.0,0.0,0.0
8.15415,-24,-21,409,0,E1A1926B1609C1368X,TE1A1B2C3D000X,1,1,1,1,1.4,1.4,1.0,1.0,0.0,0.0
8.1656,-24,-21,408,0,E1A1926B1607C1366X,TE1A1B2C3D000X,1,1,1,1,1.4,1.4,1.0,1.0,0.0,0.0
8.17747,-24,-20,407,0,E1A1926B1606C1365X,TE1A1B2C3D000X,1,1,1,1,1.4,1.4,1.0,1.0,0.0,0.0
8.18902,-24,-20,406,0,E1A1926B1604C1364X,TE1A1B2C3D000X,1,1,1,1,1.4,1.4,1.0,1.0,0.0,0.0
8.20057,-24,-20,406,0,E1A1926B1603C1363X,TE1A1B2C3D000X,1,1,1,1,1.4,1.4,1.0,1.0,0.0,0.0
8.21156,-24,-20,406,0,E1A1926B1602C1362X,TE1A1B2C3D000X,1,1,1,1,1.4,1.4,1.0,1.0,0.0,0.0
8.22333,-24,-20,407,0,E1A1926B1601C1361X,TE1A1B2C3D000X,1,1,1,1,1.4,1.4,1.0,1.0,0.0,0.0
8.23475,-24,-20,408,0,E1A1926B1600C1360X,TE1A1B2C3D000X,1,1,1,1,1.4,1.4,1.0,1.0,0.0,0.0
8.24587,-24,-20,408,0,E1A1926B1599C1359X,TE1A1B2C3D000X,1,1,1,1,1.4,1.4,1.0,1.0,0.0,0.0
8.26323,-24,-20,407,0,E1A1926B1597C1357X,TE1A1B2C3D000X,1,1,1,1,1.4,1.4,1.0,1.0,0.0,0.0
8.27508,-24,-20,406,0,E1A1926B1595C1355X,TE1A1B2C3D000X,1,1,1,1,1.4,1.4,1.0,1.0,0.0,0.0
8.28734,-24,-20,405,0,E1A1926B1594C1353X,TE1A1B2C3D000X,1,1,1,1,1.4,1.4,1.0,1.0,0.0,0.0
8.30701,-24,-20,405,0,E1A1926B1593C1352X,TE1A1B2C3D000X,1,1,1,1,1.4,1.4,1.0,1.0,0.0,0.0
8.31907,-24,-20,405,0,E1A1926B1592C1350X,TE1A1B2C3D000X,1,1,1,1,1.4,1.4,1.0,1.0,0.0,0.0
8.3312,-24,-20,405,0,E1A1926B1591C1348X,TE1A1B2C3D000X,1,1,1,1,1.4,1.4,1.0,1.0,0.0,0.0
8.34348,-24,-20,405,0,E1A1926B1590C1346X,TE1A1B2C3D000X,1,1,1,1,1.4,1.4,1.0,1.0,0.0,0.0
8.35504,-24,-20,405,0,E1A1926B1589C1344X,TE1A1B2C3D000X,1,1,1,1,1.4,1.4,1.0,1.0,0.0,0.0
8.37536,-24,-21,405,0,E1A1926B1588C1342X,TE1A1B2C3D000X,1,1,1,1,1.4,1.4,1.0,1.0,0.0,0.0
8.38718,-24,-21,404,0,E1A1926B1587C1339X,TE1A1B2C3D000X,1,1,1,1,1.4,1.4,1.0,1.0,0.0,0.0
8.39983,-24,-21,404,0,E1A1926B1587C1338X,TE1A1B2C3D000X,1,1,1,1,1.4,1.4,1.0,1.0,0.0,0.0
8.41088,-24,-21,405,0,E1A1926B1586C1337X,TE1A1B2C3D000X,1,1,1,1,1.4,1.4,1.0,1.0,0.0,0.0
8.43121,-24,-21,405,0,E1A1926B1585C1335X,TE1A1B2C3D000X,1,1,1,1,1.4,1.4,1.0,1.0,0.0,0.0
8.44306,-24,-21,404,0,E1A1926B1584C1334X,TE1A1B2C3D000X,1,1,1,1,1.4,1.4,1.0,1.0,0.0,0.0
8.45515,-24,-21,404,0,E1A1926B1584C1333X,TE1A1B2C3D000X,1,1,1,1,1.4,1.4,1.0,1.0,0.0,0.0
8.46701,-24,-21,404,0,E1A1926B1583C1331X,TE1A1B2C3D000X,1,1,1,1,1.4,1.4,1.0,1.0,0.0,0.0
8.47834,-24,-21,403,0,E1A1926B1582C1330X,TE1A1B2C3D000X,1,1,1,1,1.4,1.4,1.0,1.0,0.0,0.0
8.4993,-24,-21,403,0,E1A1926B1581C1328X,TE1A1B2C3D000X,1,1,1,1,1.4,1.4,1.0,1.0,0.0,0.0
8.52314,-24,-21,403,0,E1A1926B1580C1327X,TE1A1B2C3D000X,1,1,1,1,1.4,1.4,1.0,1.0,0.0,0.0
8.53476,-24,-21,403,0,E1A1926B1580C1326X,TE1A1B2C3D000X,1,1,1,1,1.4,1.4,1.0,1.0,0.0,0.0
8.54653,-24,-21,404,0,E1A1926B1580C1324X,TE1A1B2C3D000X,1,1,1,1,1.4,1.4,1.0,1.0,0.0,0.0
8.55807,-24,-21,404,0,E1A1926B1579C1322X,TE1A1B2C3D000X,1,1,1,1,1.4,1.4,1.0,1.0,0.0,0.0
8.56954,-24,-21,405,0,E1A1926B1580C1321X,TE1A1B2C3D000X,1,1,1,1,1.4,1.4,1.0,1.0,0.0,0.0
8.58685,-24,-21,405,0,E1A1926B1580C1319X,TE1A1B2C3D000X,1,1,1,1,1.4,1.4,1.0,1.0,0.0,0.0
8.59906,-24,-21,405,0,E1A1926B1580C1317X,TE1A1B2C3D000X,1,1,1,1,1.4,1.4,1.0,1.0,0.0,0.0
8.61112,-24,-21,406,0,E1A1926B1579C1315X,TE1A1B2C3D000X,1,1,1,1,1.4,1.4,1.0,1.0,0.0,0.0
8.62304,-24,-21,406,0,E1A1926B1579C1314X,TE1A1B2C3D000X,1,1,1,1,1.4,1.4,1.0,1.0,0.0,0.0
8.63546,-23,-22,405,0,E1A1926B1579C1312X,TE1A1B2C3D000X,1,1,1,1,1.4,1.4,1.0,1.0,0.0,0.0
8.64702,-23,-22,404,0,E1A1926B1578C1309X,TE1A1B2C3D000X,1,1,1,1,1.4,1.4,1.0,1.0,0.0,0.0
8.69105,-23,-22,406,0,E1A1926B1579C1309X,TE1A1B2C3D000X,1,1,1,1,1.4,1.4,1.0,1.0,0.0,0.0
8.70302,-23,-22,407,0,E1A1926B1579C1308X,TE1A1B2C3D000X,1,1,1,1,1.4,1.4,1.0,1.0,0.0,0.0
8.7151,-23,-22,407,0,E1A1926B1579C1307X,TE1A1B2C3D000X,1,1,1,1,1.4,1.4,1.0,1.0,0.0,0.0
8.72704,-23,-22,407,0,E1A1926B1578C1306X,TE1A1B2C3D000X,1,1,1,1,1.4,1.4,1.0,1.0,0.0,0.0
8.73862,-23,-22,407,0,E1A1926B1578C1305X,TE1A1B2C3D000X,1,1,1,1,1.4,1.4,1.0,1.0,0.0,0.0
8.75031,-23,-22,407,0,E1A1926B1577C1304X,TE1A1B2C3D000X,1,1,1,1,1.4,1.4,1.0,1.0,0.0,0.0
8.76191,-23,-21,406,0,E1A1926B1576C1303X,TE1A1B2C3D000X,1,1,1,1,1.4,1.4,1.0,1.0,0.0,0.0
8.77344,-23,-21,406,0,E1A1926B1575C1303X,TE1A1B2C3D000X,1,1,1,1,1.4,1.4,1.0,1.0,0.0,0.0
8.78535,-23,-21,406,0,E1A1926B1575C1302X,TE1A1B2C3D000X,1,1,1,1,1.4,1.4,1.0,1.0,0.0,0.0
8.79672,-23,-21,406,0,E1A1926B1574C1301X,TE1A1B2C3D000X,1,1,1,1,1.4,1.4,1.0,1.0,0.0,0.0
8.80843,-23,-21,406,0,E1A1926B1573C1301X,TE1A1B2C3D000X,1,1,1,1,1.4,1.4,1.0,1.0,0.0,0.0
8.82091,-23,-21,406,0,E1A1926B1572C1300X,TE1A1B2C3D000X,1,1,1,1,1.4,1.4,1.0,1.0,0.0,0.0
8.83242,-23,-21,406,0,E1A1926B1571C1299X,TE1A1B2C3D000X,1,1,1,1,1.4,1.4,1.0,1.0,0.0,0.0
8.84451,-23,-21,404,0,E1A1926B1569C1297X,TE1A1B2C3D000X,1,1,1,1,1.4,1.4,1.0,1.0,0.0,0.0
8.8563,-23,-21,405,0,E1A1926B1569C1296X,TE1A1B2C3D000X,1,1,1,1,1.4,1.4,1.0,1.0,0.0,0.0
8.86793,-23,-21,404,0,E1A1926B1568C1294X,TE1A1B2C3D000X,1,1,1,1,1.4,1.4,1.0,1.0,0.0,0.0
8.87898,-23,-21,405,0,E1A1926B1567C1293X,TE1A1B2C3D000X,1,1,1,1,1.4,1.4,1.0,1.0,0.0,0.0
8.89082,-23,-21,404,0,E1A1926B1566C1291X,TE1A1B2C3D000X,1,1,1,1,1.4,1.4,1.0,1.0,0.0,0.0
8.90245,-23,-21,404,0,E1A1926B1565C1289X,TE1A1B2C3D000X,1,1,1,1,1.4,1.4,1.0,1.0,0.0,0.0
8.9136,-23,-21,404,0,E1A1926B1564C1288X,TE1A1B2C3D000X,1,1,1,1,1.4,1.4,1.0,1.0,0.0,0.0
8.92536,-23,-21,404,0,E1A1926B1563C1287X,TE1A1B2C3D000X,1,1,1,1,1.4,1.4,1.0,1.0,0.0,0.0
8.93714,-23,-21,404,0,E1A1926B1562C1286X,TE1A1B2C3D000X,1,1,1,1,1.4,1.4,1.0,1.0,0.0,0.0
8.94855,-23,-21,403,0,E1A1926B1561C1284X,TE1A1B2C3D000X,1,1,1,1,1.4,1.4,1.0,1.0,0.0,0.0
8.9603,-23,-21,403,0,E1A1926B1560C1282X,TE1A1B2C3D000X,1,1,1,1,1.4,1.4,1.0,1.0,0.0,0.0
8.97205,-23,-21,402,0,E1A1926B1559C1281X,TE1A1B2C3D000X,1,1,1,1,1.4,1.4,1.0,1.0,0.0,0.0
8.98359,-23,-21,403,0,E1A1926B1558C1280X,TE1A1B2C3D000X,1,1,1,1,1.4,1.4,1.0,1.0,0.0,0.0
8.9949,-23,-21,402,0,E1A1926B1558C1278X,TE1A1B2C3D000X,1,1,1,1,1.4,1.4,1.0,1.0,0.0,0.0
9.00712,-23,-21,404,0,E1A1926B1558C1277X,TE1A1B2C3D000X,1,1,1,1,1.4,1.4,1.0,1.0,0.0,0.0
9.01917,-23,-21,404,0,E1A1926B1557C1275X,TE1A1B2C3D000X,1,1,1,1,1.4,1.4,1.0,1.0,0.0,0.0
9.03926,-23,-21,403,0,E1A1926B1556C1273X,TE1A1B2C3D000X,1,1,1,1,1.4,1.4,1.0,1.0,0.0,0.0
9.05118,-23,-21,403,0,E1A1926B1556C1271X,TE1A1B2C3D000X,1,1,1,1,1.4,1.4,1.0,1.0,0.0,0.0
9.07528,-23,-21,404,0,E1A1926B1555C1269X,TE1A1B2C3D000X,1,1,1,1,1.4,1.4,1.0,1.0,0.0,0.0
9.08697,-23,-21,404,0,E1A1926B1555C1267X,TE1A1B2C3D000X,1,1,1,1,1.4,1.4,1.0,1.0,0.0,0.0
9.09929,-23,-22,405,0,E1A1926B1554C1265X,TE1A1B2C3D000X,1,1,1,1,1.4,1.4,1.0,1.0,0.0,0.0
9.1112,-23,-22,404,0,E1A1926B1553C1262X,TE1A1B2C3D000X,1,1,1,1,1.4,1.4,1.0,1.0,0.0,0.0
9.12276,-23,-22,404,0,E1A1926B1553C1260X,TE1A1B2C3D000X,1,1,1,1,1.4,1.4,1.0,1.0,0.0,0.0
9.13426,-23,-22,406,0,E1A1926B1553C1258X,TE1A1B2C3D000X,1,1,1,1,1.4,1.4,1.0,1.0,0.0,0.0
9.14546,-23,-22,406,0,E1A1926B1553C1255X,TE1A1B2C3D000X,1,1,1,1,1.4,1.4,1.0,1.0,0.0,0.0
9.15703,-23,-22,404,0,E1A1926B1551C1252X,TE1A1B2C3D000X,1,1,1,1,1.4,1.4,1.0,1.0,0.0,0.0
9.16869,-23,-23,405,0,E1A1926B1551C1251X,TE1A1B2C3D000X,1,1,1,1,1.4,1.4,1.0,1.0,0.0,0.0
9.17987,-23,-23,406,0,E1A1926B1551C1249X,TE1A1B2C3D000X,1,1,1,1,1.4,1.4,1.0,1.0,0.0,0.0
9.19195,-23,-23,407,0,E1A1926B1551C1248X,TE1A1B2C4D000X,1,1,1,1,1.4,1.4,1.0,1.0,0.0,0.0
9.20342,-23,-23,407,0,E1A1926B1550C1247X,TE1A1B2C4D000X,1,1,1,1,1.4,1.4,1.0,1.0,0.0,0.0
9.21453,-23,-23,407,0,E1A1926B1549C1245X,TE1A1B2C4D000X,1,1,1,1,1.4,1.4,1.0,1.0,0.0,0.0
9.22629,-23,-23,408,0,E1A1926B1549C1245X,TE1A1B2C4D000X,1,1,1,1,1.4,1.4,1.0,1.0,0.0,0.0
9.2379,-23,-23,408,0,E1A1926B1549C1244X,TE1A1B2C4D000X,1,1,1,1,1.4,1.4,1.0,1.0,0.0,0.0
9.26749,-23,-23,407,0,E1A1926B1548C1243X,TE1A1B2C4D000X,1,1,1,1,1.4,1.4,1.0,1.0,0.0,0.0
9.27887,-23,-23,407,0,E1A1926B1547C1242X,TE1A1B2C4D000X,1,1,1,1,1.4,1.4,1.0,1.0,0.0,0.0
9.29043,-23,-22,407,0,E1A1926B1546C1241X,TE1A1B2C4D000X,1,1,1,1,1.4,1.4,1.0,1.0,0.0,0.0
9.30211,-23,-22,406,0,E1A1926B1545C1240X,TE1A1B2C4D000X,1,1,1,1,1.4,1.4,1.0,1.0,0.0,0.0
9.32308,-23,-22,406,1,E1A1926B1544C1240X,TE1A1B2C4D000X,1,1,1,1,1.4,1.4,1.0,1.0,0.0,0.0
