timestamp,errXmm,errYmm,errZmm,TouchDetected,OutgoingPacket,IncomingPacket,Serial0Enabled,Serial0Open,Serial1Enabled,Serial1Open,kpx,kpy,kix,kiy,kdx,kdy
0.000958694,-34,13,330,0,E1A1925B0969C1816X,TE1A1B5C1D000X,1,1,1,1,2.0,2.0,2.0,1.0,0.0,0.0
0.0123589,-34,13,330,0,E1A1925B0969C1816X,TE1A1B5C1D000X,1,1,1,1,2.0,2.0,2.0,1.0,0.0,0.0
0.0244065,-35,13,333,0,E1A1925B1361C1852X,TE1A1B5C1D000X,1,1,1,1,2.0,2.0,2.0,1.0,0.0,0.0
0.0359454,-35,13,333,0,E1A1925B1356C1851X,TE1A1B5C1D000X,1,1,1,1,2.0,2.0,2.0,1.0,0.0,0.0
0.0473868,-35,13,333,0,E1A1925B1351C1850X,TE1A1B3C1D000X,1,1,1,1,2.0,2.0,2.0,1.0,0.0,0.0
0.0586864,-35,13,333,0,E1A1925B1351C1850X,TE1A1B3C1D000X,1,1,1,1,2.0,2.0,2.0,1.0,0.0,0.0
0.0701609,-35,13,331,0,E1A1925B1346C1848X,TE1A1B3C1D000X,1,1,1,1,2.0,2.0,2.0,1.0,0.0,0.0
0.0813772,-35,13,330,0,E1A1925B1344C1846X,TE1A1B3C1D000X,1,1,1,1,2.0,2.0,2.0,1.0,0.0,0.0
0.0942849,133,21,298,0,E1A0306B1344C1499X,TE1A1B3C1D000X,1,1,1,1,2.0,2.0,2.0,1.0,0.0,0.0
0.105687,133,21,298,0,E1A0306B1344C1499X,TE1A1B3C1D000X,1,1,1,1,2.0,2.0,2.0,1.0,0.0,0.0
0.116516,131,20,293,0,E1A0306B1344C1498X,TE1A8B3C2D000X,1,1,1,1,2.0,2.0,2.0,1.0,0.0,0.0
0.127599,131,20,293,0,E1A0307B1344C1498X,TE1A8B3C2D000X,1,1,1,1,2.0,2.0,2.0,1.0,0.0,0.0
0.138551,131,20,293,0,E1A0307B1344C1498X,TE1A8B3C2D000X,1,1,1,1,2.0,2.0,2.0,1.0,0.0,0.0
0.15064,132,22,289,0,E1A0298B1344C1507X,TE1A8B3C2D000X,1,1,1,1,2.0,2.0,2.0,1.0,0.0,0.0
0.167157,139,20,290,0,E1A0316B1344C1489X,TE1A8B3C2D000X,1,1,1,1,2.0,2.0,2.0,1.0,0.0,0.0
0.179005,144,18,289,0,E1A0333B1344C1471X,TE1A8B3C2D000X,1,1,1,1,2.0,2.0,2.0,1.0,0.0,0.0
0.193053,149,16,290,0,E1A0348B1344C1457X,TE1A8B3C3D000X,1,1,1,1,2.0,2.0,2.0,1.0,0.0,0.0
0.204038,153,15,290,0,E1A0360B1344C1444X,TE1A8B3C3D000X,1,1,1,1,2.0,2.0,2.0,1.0,0.0,0.0
0.214676,156,13,291,0,E1A0370B1344C1435X,TE1A7B3C3D000X,1,1,1,1,2.0,2.0,2.0,1.0,0.0,0.0
0.234903,158,12,292,0,E1A0378B1344C1427X,TE1A7B3C3D000X,1,1,1,1,2.0,2.0,2.0,1.0,0.0,0.0
0.247271,159,11,293,0,E1A0384B1344C1421X,TE1A7B3C3D000X,1,1,1,1,2.0,2.0,2.0,1.0,0.0,0.0
0.271048,160,10,293,0,E1A0389B1344C1416X,TE1A7B3C3D000X,1,1,1,1,2.0,2.0,2.0,1.0,0.0,0.0
0.282242,161,10,295,0,E1A0393B1344C1411X,TE1A7B3C3D000X,1,1,1,1,2.0,2.0,2.0,1.0,0.0,0.0
0.29364,161,9,295,0,E1A0397B1344C1407X,TE1A7B3C3D000X,1,1,1,1,2.0,2.0,2.0,1.0,0.0,0.0
0.304949,161,8,296,0,E1A0401B1344C1403X,TE1A7B3C3D000X,1,1,1,1,2.0,2.0,2.0,1.0,0.0,0.0
0.316503,162,8,296,0,E1A0405B1344C1399X,TE1A7B3C3D000X,1,1,1,1,2.0,2.0,2.0,1.0,0.0,0.0
0.327387,162,7,297,0,E1A0409B1344C1395X,TE1A7B3C3D000X,1,1,1,1,2.0,2.0,2.0,1.0,0.0,0.0
0.338683,161,6,297,0,E1A0413B1344C1391X,TE1A7B3C3D000X,1,1,1,1,2.0,2.0,2.0,1.0,0.0,0.0
0.371174,161,5,298,0,E1A0417B1344C1387X,TE1A7B3C3D000X,1,1,1,1,2.0,2.0,2.0,1.0,0.0,0.0
0.382995,160,5,298,0,E1A0420B1344C1384X,TE1A7B3C3D000X,1,1,1,1,2.0,2.0,2.0,1.0,0.0,0.0
0.39521,159,4,299,0,E1A0423B1344C1381X,TE1A7B3C3D000X,1,1,1,1,2.0,2.0,2.0,1.0,0.0,0.0
0.406386,158,4,300,0,E1A0426B1344C1378X,TE1A7B3C3D000X,1,1,1,1,2.0,2.0,2.0,1.0,0.0,0.0
0.427205,157,3,300,0,E1A0430B1344C1375X,TE1A7B3C3D000X,1,1,1,1,2.0,2.0,2.0,1.0,0.0,0.0
0.439391,156,3,301,0,E1A0433B1344C1371X,TE1A7B3C3D000X,1,1,1,1,2.0,2.0,2.0,1.0,0.0,0.0
0.451154,155,2,301,0,E1A0437B1344C1368X,TE1A7B3C3D000X,1,1,1,1,2.0,2.0,2.0,1.0,0.0,0.0
0.462991,154,1,301,0,E1A0440B1344C1364X,TE1A7B3C3D000X,1,1,1,1,2.0,2.0,2.0,1.0,0.0,0.0
0.474268,153,1,301,0,E1A0443B1344C1361X,TE1A7B3C3D000X,1,1,1,1,2.0,2.0,2.0,1.0,0.0,0.0
0.485537,152,0,303,0,E1A0446B1344C1358X,TE1A7B3C3D000X,1,1,1,1,2.0,2.0,2.0,1.0,0.0,0.0
0.507075,151,0,304,0,E1A0450B1344C1355X,TE1A7B3C3D000X,1,1,1,1,2.0,2.0,2.0,1.0,0.0,0.0
0.519366,150,0,304,0,E1A0454B1344C1351X,TE1A7B3C3D000X,1,1,1,1,2.0,2.0,2.0,1.0,0.0,0.0
0.53081,149,0,305,0,E1A0458B1344C1346X,TE1A7B3C3D000X,1,1,1,1,2.0,2.0,2.0,1.0,0.0,0.0
0.551165,148,-1,306,0,E1A0463B1344C1341X,TE1A7B3C3D000X,1,1,1,1,2.0,2.0,2.0,1.0,0.0,0.0
0.563232,147,-2,307,0,E1A0469B1344C1335X,TE1A7B3C3D000X,1,1,1,1,2.0,2.0,2.0,1.0,0.0,0.0
0.575049,145,-3,307,0,E1A0476B1344C1329X,TE1A7B3C3D000X,1,1,1,1,2.0,2.0,2.0,1.0,0.0,0.0
0.587191,144,-4,308,0,E1A0482B1344C1322X,TE1A7B3C3D000X,1,1,1,1,2.0,2.0,2.0,1.0,0.0,0.0
0.598391,141,-5,307,0,E1A0489B1344C1315X,TE1A7B3C3D000X,1,1,1,1,2.0,2.0,2.0,1.0,0.0,0.0
0.609326,140,-6,307,0,E1A0497B1344C1308X,TE1A7B3C3D000X,1,1,1,1,2.0,2.0,2.0,1.0,0.0,0.0
0.620959,138,-7,308,0,E1A0505B1344C1299X,TE1A7B3C3D000X,1,1,1,1,2.0,2.0,2.0,1.0,0.0,0.0
0.631786,136,-9,308,0,E1A0514B1344C1290X,TE1A7B3C3D000X,1,1,1,1,2.0,2.0,2.0,1.0,0.0,0.0
0.654971,133,-10,309,0,E1A0526B1344C1279X,TE1A7B3C3D000X,1,1,1,1,2.0,2.0,2.0,1.0,0.0,0.0
0.666232,131,-12,310,0,E1A0538B1344C1267X,TE1A7B3C3D000X,1,1,1,1,2.0,2.0,2.0,1.0,0.0,0.0
0.686697,128,-13,310,0,E1A0558B1344C1255X,TE1A7B3C3D000X,1,1,1,1,2.0,2.0,2.0,1.0,0.0,0.0
0.698813,125,-15,310,0,E1A0593B1344C1250X,TE1A7B3C3D000X,1,1,1,1,2.0,2.0,2.0,1.0,0.0,0.0
0.711303,123,-17,310,0,E1A0629B1344C1245X,TE1A6B3C4D000X,1,1,1,1,2.0,2.0,2.0,1.0,0.0,0.0
0.721894,120,-19,311,0,E1A0665B1344C1239X,TE1A6B3C4D000X,1,1,1,1,2.0,2.0,2.0,1.0,0.0,0.0
0.732906,117,-21,312,0,E1A0700B1344C1233X,TE1A6B3C4D000X,1,1,1,1,2.0,2.0,2.0,1.0,0.0,0.0
0.743886,115,-22,313,0,E1A0736B1344C1227X,TE1A6B3C4D000X,1,1,1,1,2.0,2.0,2.0,1.0,0.0,0.0
0.754709,113,-24,314,0,E1A0771B1344C1220X,TE1A6B3C4D000X,1,1,1,1,2.0,2.0,2.0,1.0,0.0,0.0
0.766587,110,-26,314,0,E1A0805B1344C1213X,TE1A6B3C4D000X,1,1,1,1,2.0,2.0,2.0,1.0,0.0,0.0
0.779046,107,-28,315,0,E1A0839B1344C1206X,TE1A5B3C4D000X,1,1,1,1,2.0,2.0,2.0,1.0,0.0,0.0
0.790038,105,-30,316,0,E1A0872B1344C1199X,TE1A5B3C4D000X,1,1,1,1,2.0,2.0,2.0,1.0,0.0,0.0
0.800979,103,-32,317,0,E1A0904B1344C1190X,TE1A5B3C4D000X,1,1,1,1,2.0,2.0,2.0,1.0,0.0,0.0
0.811575,100,-34,317,0,E1A0936B1344C1182X,TE1A5B3C4D000X,1,1,1,1,2.0,2.0,2.0,1.0,0.0,0.0
0.822571,98,-35,318,0,E1A0967B1344C1173X,TE1A5B3C4D000X,1,1,1,1,2.0,2.0,2.0,1.0,0.0,0.0
0.834819,96,-37,319,0,E1A0998B1344C1163X,TE1A5B3C4D000X,1,1,1,1,2.0,2.0,2.0,1.0,0.0,0.0
0.847095,94,-39,320,0,E1A1027B1344C1153X,TE1A5B3C4D000X,1,1,1,1,2.0,2.0,2.0,1.0,0.0,0.0
0.857855,92,-41,320,0,E1A1056B1344C1141X,TE1A4B3C4D000X,1,1,1,1,2.0,2.0,2.0,1.0,0.0,0.0
0.868984,90,-43,321,0,E1A1085B1344C1130X,TE1A4B3C4D000X,1,1,1,1,2.0,2.0,2.0,1.0,0.0,0.0
0.879368,88,-45,322,0,E1A1112B1344C1118X,TE1A4B3C4D000X,1,1,1,1,2.0,2.0,2.0,1.0,0.0,0.0
0.89117,86,-47,323,0,E1A1139B1344C1106X,TE1A4B3C4D000X,1,1,1,1,2.0,2.0,2.0,1.0,0.0,0.0
0.904428,84,-49,324,0,E1A1166B1344C1094X,TE1A4B3C4D000X,1,1,1,1,2.0,2.0,2.0,1.0,0.0,0.0
0.91506,82,-51,325,0,E1A1193B1344C1081X,TE1A4B3C4D000X,1,1,1,1,2.0,2.0,2.0,1.0,0.0,0.0
0.926004,80,-53,326,0,E1A1218B1344C1069X,TE1A4B3C4D000X,1,1,1,1,2.0,2.0,2.0,1.0,0.0,0.0
0.937335,78,-54,326,0,E1A1243B1344C1055X,TE1A4B3C4D000X,1,1,1,1,2.0,2.0,2.0,1.0,0.0,0.0
0.971004,75,-57,328,0,E1A1275B1344C1039X,TE1A4B3C4D000X,1,1,1,1,2.0,2.0,2.0,1.0,0.0,0.0
0.982264,73,-59,329,0,E1A1306B1344C1022X,TE1A3B3C4D000X,1,1,1,1,2.0,2.0,2.0,1.0,0.0,0.0
0.993288,70,-61,329,0,E1A1335B1344C1005X,TE1A3B3C5D000X,1,1,1,1,2.0,2.0,2.0,1.0,0.0,0.0
1.00392,67,-63,330,0,E1A1364B1344C0988X,TE1A3B3C5D000X,1,1,1,1,2.0,2.0,2.0,1.0,0.0,0.0
1.01652,65,-65,331,0,E1A1391B1344C0971X,TE1A3B3C5D000X,1,1,1,1,2.0,2.0,2.0,1.0,0.0,0.0
1.02873,62,-67,332,0,E1A1418B1344C0953X,TE1A3B3C5D000X,1,1,1,1,2.0,2.0,2.0,1.0,0.0,0.0
1.04215,59,-68,332,0,E1A1445B1344C0935X,TE1A3B3C5D000X,1,1,1,1,2.0,2.0,2.0,1.0,0.0,0.0
1.0532,57,-70,333,0,E1A1470B1344C0918X,TE1A3B3C5D000X,1,1,1,1,2.0,2.0,2.0,1.0,0.0,0.0
1.06404,54,-72,334,0,E1A1496B1344C0900X,TE1A3B3C5D000X,1,1,1,1,2.0,2.0,2.0,1.0,0.0,0.0
1.08297,51,-74,335,0,E1A1524B1344C0880X,TE1A2B3C5D000X,1,1,1,1,2.0,2.0,2.0,1.0,0.0,0.0
1.09524,48,-75,336,0,E1A1551B1344C0860X,TE1A2B3C5D000X,1,1,1,1,2.0,2.0,2.0,1.0,0.0,0.0
1.10564,45,-77,336,0,E1A1576B1344C0842X,TE1A2B3C5D000X,1,1,1,1,2.0,2.0,2.0,1.0,0.0,0.0
1.11682,42,-78,337,0,E1A1601B1344C0823X,TE1A2B3C5D000X,1,1,1,1,2.0,2.0,2.0,1.0,0.0,0.0
1.12774,39,-79,337,0,E1A1624B1344C0805X,TE1A2B3C5D000X,1,1,1,1,2.0,2.0,2.0,1.0,0.0,0.0
1.13897,36,-80,338,0,E1A1646B1344C0786X,TE1A2B3C5D000X,1,1,1,1,2.0,2.0,2.0,1.0,0.0,0.0
1.15097,34,-81,338,0,E1A1668B1344C0767X,TE1A2B3C6D000X,1,1,1,1,2.0,2.0,2.0,1.0,0.0,0.0
1.16323,31,-82,339,0,E1A1689B1344C0748X,TE1A2B3C6D000X,1,1,1,1,2.0,2.0,2.0,1.0,0.0,0.0
1.17411,29,-83,340,0,E1A1710B1344C0731X,TE1A2B3C6D000X,1,1,1,1,2.0,2.0,2.0,1.0,0.0,0.0
1.18519,26,-84,340,0,E1A1730B1344C0713X,TE1A1B3C6D000X,1,1,1,1,2.0,2.0,2.0,1.0,0.0,0.0
1.19577,23,-85,340,0,E1A1750B1344C0695X,TE1A1B3C6D000X,1,1,1,1,2.0,2.0,2.0,1.0,0.0,0.0
1.20692,21,-85,340,0,E1A1769B1344C0677X,TE1A1B3C6D000X,1,1,1,1,2.0,2.0,2.0,1.0,0.0,0.0
1.21902,18,-86,341,0,E1A1787B1344C0660X,TE1A1B3C6D000X,1,1,1,1,2.0,2.0,2.0,1.0,0.0,0.0
1.23004,16,-86,341,0,E1A1804B1344C0643X,TE1A1B3C6D000X,1,1,1,1,2.0,2.0,2.0,1.0,0.0,0.0
1.24294,14,-87,341,0,E1A1821B1344C0625X,TE1A1B3C6D000X,1,1,1,1,2.0,2.0,2.0,1.0,0.0,0.0
1.25553,12,-87,340,0,E1A1837B1344C0608X,TE1A1B3C6D000X,1,1,1,1,2.0,2.0,2.0,1.0,0.0,0.0
1.26661,10,-88,341,0,E1A1853B1344C0591X,TE1A1B3C6D000X,1,1,1,1,2.0,2.0,2.0,1.0,0.0,0.0
1.27725,7,-88,341,0,E1A1868B1344C0576X,TE1A1B3C6D000X,1,1,1,1,2.0,2.0,2.0,1.0,0.0,0.0
1.28817,5,-88,341,0,E1A1884B1344C0560X,TE1A1B3C6D000X,1,1,1,1,2.0,2.0,2.0,1.0,0.0,0.0
1.29895,3,-88,341,0,E1A1899B1344C0544X,TE1A1B3C7D000X,1,1,1,1,2.0,2.0,2.0,1.0,0.0,0.0
1.30955,1,-88,340,0,E1A1913B1344C0528X,TE1A1B3C7D000X,1,1,1,1,2.0,2.0,2.0,1.0,0.0,0.0
1.33108,0,-88,340,0,E1A1913B1943C0520X,TE1A1B3C7D000X,1,1,1,1,2.0,2.0,2.0,1.0,0.0,0.0
1.34331,-2,-88,340,0,E1A1913B1928C0538X,TE1A1B0C7D000X,1,1,1,1,2.0,2.0,2.0,1.0,0.0,0.0
1.35531,-4,-88,340,0,E1A1913B1915C0556X,TE1A1B0C7D000X,1,1,1,1,2.0,2.0,2.0,1.0,0.0,0.0
1.36625,-5,-87,340,0,E1A1913B1903C0574X,TE1A1B1C7D000X,1,1,1,1,2.0,2.0,2.0,1.0,0.0,0.0
1.37744,-7,-86,340,0,E1A1913B1895C0588X,TE1A1B1C6D000X,1,1,1,1,2.0,2.0,2.0,1.0,0.0,0.0
1.38857,-7,-86,338,0,E1A1913B1889C0597X,TE1A1B1C6D000X,1,1,1,1,2.0,2.0,2.0,1.0,0.0,0.0
1.41096,-7,-85,338,0,E1A1913B1888C0606X,TE1A1B1C6D000X,1,1,1,1,2.0,2.0,2.0,1.0,0.0,0.0
1.45513,-7,-83,339,0,E1A1913B1888C0630X,TE1A1B1C6D000X,1,1,1,1,2.0,2.0,2.0,1.0,0.0,0.0
1.467,-7,-82,338,0,E1A1913B1889C0655X,TE1A1B1C6D000X,1,1,1,1,2.0,2.0,2.0,1.0,0.0,0.0
1.49903,-7,-79,338,0,E1A1913B1893C0683X,TE1A1B1C6D000X,1,1,1,1,2.0,2.0,2.0,1.0,0.0,0.0
1.51099,-6,-76,337,0,E1A1913B1897C0712X,TE1A1B1C6D000X,1,1,1,1,2.0,2.0,2.0,1.0,0.0,0.0
1.52327,-5,-73,336,0,E1A1913B1904C0743X,TE1A1B1C6D000X,1,1,1,1,2.0,2.0,2.0,1.0,0.0,0.0
1.53502,-4,-70,336,0,E1A1913B1911C0775X,TE1A1B1C6D000X,1,1,1,1,2.0,2.0,2.0,1.0,0.0,0.0
1.54657,-3,-67,335,0,E1A1913B1918C0808X,TE1A1B1C6D000X,1,1,1,1,2.0,2.0,2.0,1.0,0.0,0.0
1.56714,-2,-63,334,0,E1A1913B1928C0845X,TE1A1B1C5D000X,1,1,1,1,2.0,2.0,2.0,1.0,0.0,0.0
1.57918,0,-59,332,0,E1A1913B1938C0883X,TE1A1B1C5D000X,1,1,1,1,2.0,2.0,2.0,1.0,0.0,0.0
1.60341,1,-55,330,0,E1A1920B1938C0936X,TE1A1B0C5D000X,1,1,1,1,2.0,2.0,2.0,1.0,0.0,0.0
1.61448,2,-51,329,0,E1A1905B1938C1005X,TE1A1B0C5D000X,1,1,1,1,2.0,2.0,2.0,1.0,0.0,0.0
1.62559,4,-47,328,0,E1A1890B1938C1075X,TE1A1B0C5D000X,1,1,1,1,2.0,2.0,2.0,1.0,0.0,0.0
1.63693,6,-43,325,0,E1A1875B1938C1144X,TE1A1B0C5D000X,1,1,1,1,2.0,2.0,2.0,1.0,0.0,0.0
1.65917,8,-39,324,0,E1A1858B1938C1218X,TE1A1B0C4D000X,1,1,1,1,2.0,2.0,2.0,1.0,0.0,0.0
1.67112,10,-35,322,0,E1A1840B1938C1289X,TE1A1B0C4D000X,1,1,1,1,2.0,2.0,2.0,1.0,0.0,0.0
1.68237,12,-31,321,0,E1A1823B1938C1358X,TE1A1B0C3D000X,1,1,1,1,2.0,2.0,2.0,1.0,0.0,0.0
1.69344,13,-27,320,0,E1A1804B1938C1422X,TE1A1B0C3D000X,1,1,1,1,2.0,2.0,2.0,1.0,0.0,0.0
1.70467,15,-23,319,0,E1A1784B1938C1481X,TE1A1B0C3D000X,1,1,1,1,2.0,2.0,2.0,1.0,0.0,0.0
1.73899,17,-19,317,0,E1A1760B1938C1541X,TE1A1B0C2D000X,1,1,1,1,2.0,2.0,2.0,1.0,0.0,0.0
1.75034,19,-15,317,0,E1A1734B1938C1592X,TE1A1B0C2D000X,1,1,1,1,2.0,2.0,2.0,1.0,0.0,0.0
1.76144,21,-11,316,0,E1A1707B1938C1636X,TE1A1B0C2D000X,1,1,1,1,2.0,2.0,2.0,1.0,0.0,0.0
1.77264,22,-8,315,0,E1A1677B1938C1673X,TE1A1B0C2D000X,1,1,1,1,2.0,2.0,2.0,1.0,0.0,0.0
1.78368,24,-4,314,0,E1A1644B1938C1704X,TE1A2B0C2D000X,1,1,1,1,2.0,2.0,2.0,1.0,0.0,0.0
1.79508,25,-1,313,0,E1A1608B1938C1731X,TE1A2B0C2D000X,1,1,1,1,2.0,2.0,2.0,1.0,0.0,0.0
1.80627,26,1,311,0,E1A1569B1938C1755X,TE1A2B0C2D000X,1,1,1,1,2.0,2.0,2.0,1.0,0.0,0.0
1.81729,27,4,311,0,E1A1527B1938C1776X,TE1A2B0C1D000X,1,1,1,1,2.0,2.0,2.0,1.0,0.0,0.0
1.82798,27,8,310,0,E1A1481B1938C1796X,TE1A2B0C1D000X,1,1,1,1,2.0,2.0,2.0,1.0,0.0,0.0
1.83937,28,11,309,0,E1A1434B1938C1814X,TE1A2B0C1D000X,1,1,1,1,2.0,2.0,2.0,1.0,0.0,0.0
1.85235,29,13,308,0,E1A1386B1938C1830X,TE1A3B0C1D000X,1,1,1,1,2.0,2.0,2.0,1.0,0.0,0.0
1.86597,30,16,306,0,E1A1337B1938C1844X,TE1A3B0C1D000X,1,1,1,1,2.0,2.0,2.0,1.0,0.0,0.0
1.87672,31,18,306,0,E1A1286B1938C1857X,TE1A3B0C1D000X,1,1,1,1,2.0,2.0,2.0,1.0,0.0,0.0
1.89668,31,21,305,0,E1A1229B1938C1870X,TE1A3B0C1D000X,1,1,1,1,2.0,2.0,2.0,1.0,0.0,0.0
1.90801,32,23,303,0,E1A1174B1938C1882X,TE1A4B0C1D000X,1,1,1,1,2.0,2.0,2.0,1.0,0.0,0.0
1.91931,33,26,302,0,E1A1119B1938C1893X,TE1A4B0C1D000X,1,1,1,1,2.0,2.0,2.0,1.0,0.0,0.0
1.9312,34,28,301,0,E1A1067B1938C1903X,TE1A4B0C1D000X,1,1,1,1,2.0,2.0,2.0,1.0,0.0,0.0
1.9424,35,30,300,0,E1A1017B1938C1912X,TE1A4B0C1D000X,1,1,1,1,2.0,2.0,2.0,1.0,0.0,0.0
1.95396,36,32,299,0,E1A0968B1938C1920X,TE1A4B0C1D000X,1,1,1,1,2.0,2.0,2.0,1.0,0.0,0.0
1.96541,37,33,298,0,E1A0927B1944C1920X,TE1A5B0C1D000X,1,1,1,1,2.0,2.0,2.0,1.0,0.0,0.0
1.97696,37,35,298,0,E1A0899B1936C1920X,TE1A5B0C1D000X,1,1,1,1,2.0,2.0,2.0,1.0,0.0,0.0
1.98835,38,36,297,0,E1A0871B1929C1920X,TE1A5B0C1D000X,1,1,1,1,2.0,2.0,2.0,1.0,0.0,0.0
2.007,39,38,296,0,E1A0844B1924C1920X,TE1A5B1C1D000X,1,1,1,1,2.0,2.0,2.0,1.0,0.0,0.0
2.02006,39,39,295,0,E1A0819B1919C1920X,TE1A5B1C1D000X,1,1,1,1,2.0,2.0,2.0,1.0,0.0,0.0
2.0329,40,40,294,0,E1A0796B1916C1920X,TE1A5B1C1D000X,1,1,1,1,2.0,2.0,2.0,1.0,0.0,0.0
2.0442,40,40,294,0,E1A0776B1913C1920X,TE1A6B1C1D000X,1,1,1,1,2.0,2.0,2.0,1.0,0.0,0.0
2.05675,41,41,294,0,E1A0760B1912C1920X,TE1A6B1C1D000X,1,1,1,1,2.0,2.0,2.0,1.0,0.0,0.0
2.06917,41,41,293,0,E1A0746B1911C1920X,TE1A6B1C1D000X,1,1,1,1,2.0,2.0,2.0,1.0,0.0,0.0
2.08108,41,41,292,0,E1A0735B1912C1920X,TE1A6B1C1D000X,1,1,1,1,2.0,2.0,2.0,1.0,0.0,0.0
2.09301,41,41,292,0,E1A0727B1913C1920X,TE1A6B1C1D000X,1,1,1,1,2.0,2.0,2.0,1.0,0.0,0.0
2.10429,41,41,292,0,E1A0722B1915C1920X,TE1A6B1C1D000X,1,1,1,1,2.0,2.0,2.0,1.0,0.0,0.0
2.11513,40,40,292,0,E1A0722B1917C1920X,TE1A6B1C1D000X,1,1,1,1,2.0,2.0,2.0,1.0,0.0,0.0
2.12669,40,40,292,0,E1A0724B1920C1920X,TE1A6B1C1D000X,1,1,1,1,2.0,2.0,2.0,1.0,0.0,0.0
2.14311,39,39,292,0,E1A0733B1924C1920X,TE1A6B1C1D000X,1,1,1,1,2.0,2.0,2.0,1.0,0.0,0.0
2.17903,38,37,293,0,E1A0751B1928C1920X,TE1A6B1C1D000X,1,1,1,1,2.0,2.0,2.0,1.0,0.0,0.0
2.18996,37,36,293,0,E1A0774B1933C1920X,TE1A6B1C1D000X,1,1,1,1,2.0,2.0,2.0,1.0,0.0,0.0
2.20114,35,35,294,0,E1A0796B1937C1920X,TE1A6B1C1D000X,1,1,1,1,2.0,2.0,2.0,1.0,0.0,0.0
2.21248,34,33,295,0,E1A0822B1942C1920X,TE1A6B0C1D000X,1,1,1,1,2.0,2.0,2.0,1.0,0.0,0.0
2.22378,33,32,295,0,E1A0850B1942C1925X,TE1A6B0C1D000X,1,1,1,1,2.0,2.0,2.0,1.0,0.0,0.0
2.2349,31,30,296,0,E1A0886B1942C1920X,TE1A5B0C1D000X,1,1,1,1,2.0,2.0,2.0,1.0,0.0,0.0
2.24737,30,28,296,0,E1A0924B1942C1915X,TE1A5B0C1D000X,1,1,1,1,2.0,2.0,2.0,1.0,0.0,0.0
2.25841,28,27,297,0,E1A0965B1942C1910X,TE1A5B0C1D000X,1,1,1,1,2.0,2.0,2.0,1.0,0.0,0.0
2.26971,27,25,298,0,E1A1005B1942C1904X,TE1A5B0C1D000X,1,1,1,1,2.0,2.0,2.0,1.0,0.0,0.0
2.28113,25,23,299,0,E1A1047B1942C1899X,TE1A5B0C1D000X,1,1,1,1,2.0,2.0,2.0,1.0,0.0,0.0
2.29191,24,21,300,0,E1A1088B1942C1893X,TE1A4B0C1D000X,1,1,1,1,2.0,2.0,2.0,1.0,0.0,0.0
2.30452,22,20,301,0,E1A1130B1942C1888X,TE1A4B0C1D000X,1,1,1,1,2.0,2.0,2.0,1.0,0.0,0.0
2.31572,21,18,302,0,E1A1171B1942C1882X,TE1A4B0C1D000X,1,1,1,1,2.0,2.0,2.0,1.0,0.0,0.0
2.32703,20,16,303,0,E1A1212B1942C1877X,TE1A4B0C1D000X,1,1,1,1,2.0,2.0,2.0,1.0,0.0,0.0
2.3476,18,14,304,0,E1A1256B1942C1871X,TE1A4B0C1D000X,1,1,1,1,2.0,2.0,2.0,1.0,0.0,0.0
2.3594,16,13,305,0,E1A1298B1942C1866X,TE1A3B0C1D000X,1,1,1,1,2.0,2.0,2.0,1.0,0.0,0.0
2.37139,15,11,306,0,E1A1341B1942C1860X,TE1A3B0C1D000X,1,1,1,1,2.0,2.0,2.0,1.0,0.0,0.0
2.38224,13,9,305,0,E1A1379B1942C1854X,TE1A3B0C1D000X,1,1,1,1,2.0,2.0,2.0,1.0,0.0,0.0
2.39362,12,7,306,0,E1A1419B1942C1848X,TE1A3B0C1D000X,1,1,1,1,2.0,2.0,2.0,1.0,0.0,0.0
2.40482,11,6,307,0,E1A1456B1942C1842X,TE1A3B0C1D000X,1,1,1,1,2.0,2.0,2.0,1.0,0.0,0.0
2.42763,9,4,307,0,E1A1497B1942C1835X,TE1A3B0C1D000X,1,1,1,1,2.0,2.0,2.0,1.0,0.0,0.0
2.43931,8,2,309,0,E1A1588B1942C1843X,TE1A3B0C1D000X,1,1,1,1,2.0,2.0,2.0,1.0,0.0,0.0
2.45176,6,0,310,0,E1A1668B1942C1847X,TE1A2B0C1D000X,1,1,1,1,2.0,2.0,2.0,1.0,0.0,0.0
2.46713,5,-1,310,0,E1A1736B1942C1848X,TE1A2B0C1D000X,1,1,1,1,2.0,2.0,2.0,1.0,0.0,0.0
2.47863,4,-3,311,0,E1A1793B1942C1846X,TE1A1B0C1D000X,1,1,1,1,2.0,2.0,2.0,1.0,0.0,0.0
2.48983,2,-5,312,0,E1A1840B1942C1838X,TE1A1B0C1D000X,1,1,1,1,2.0,2.0,2.0,1.0,0.0,0.0
2.50083,1,-6,313,0,E1A1874B1942C1819X,TE1A1B0C1D000X,1,1,1,1,2.0,2.0,2.0,1.0,0.0,0.0
2.51232,0,-8,314,0,E1A1899B1942C1785X,TE1A1B0C1D000X,1,1,1,1,2.0,2.0,2.0,1.0,0.0,0.0
2.52364,-2,-10,314,0,E1A1914B1942C1741X,TE1A1B0C1D000X,1,1,1,1,2.0,2.0,2.0,1.0,0.0,0.0
2.53499,-4,-12,314,0,E1A1914B1941C1699X,TE1A1B0C1D000X,1,1,1,1,2.0,2.0,2.0,1.0,0.0,0.0
2.54585,-6,-14,315,0,E1A1914B1924C1675X,TE1A1B0C2D000X,1,1,1,1,2.0,2.0,2.0,1.0,0.0,0.0
2.55715,-7,-16,315,0,E1A1914B1906C1648X,TE1A1B0C2D000X,1,1,1,1,2.0,2.0,2.0,1.0,0.0,0.0
2.56815,-10,-18,316,0,E1A1914B1888C1619X,TE1A1B1C2D000X,1,1,1,1,2.0,2.0,2.0,1.0,0.0,0.0
2.5796,-12,-20,317,0,E1A1914B1868C1590X,TE1A1B1C2D000X,1,1,1,1,2.0,2.0,2.0,1.0,0.0,0.0
2.59102,-14,-22,318,0,E1A1914B1849C1560X,TE1A1B1C2D000X,1,1,1,1,2.0,2.0,2.0,1.0,0.0,0.0
2.60441,-16,-24,319,0,E1A1914B1830C1532X,TE1A1B1C2D000X,1,1,1,1,2.0,2.0,2.0,1.0,0.0,0.0
2.61597,-18,-26,320,0,E1A1914B1811C1505X,TE1A1B1C2D000X,1,1,1,1,2.0,2.0,2.0,1.0,0.0,0.0
2.62664,-20,-27,321,0,E1A1914B1792C1478X,TE1A1B1C2D000X,1,1,1,1,2.0,2.0,2.0,1.0,0.0,0.0
2.63818,-22,-29,322,0,E1A1914B1773C1453X,TE1A1B1C2D000X,1,1,1,1,2.0,2.0,2.0,1.0,0.0,0.0
2.64908,-24,-30,322,0,E1A1914B1754C1428X,TE1A1B1C3D000X,1,1,1,1,2.0,2.0,2.0,1.0,0.0,0.0
2.66072,-25,-32,322,0,E1A1914B1735C1404X,TE1A1B1C3D000X,1,1,1,1,2.0,2.0,2.0,1.0,0.0,0.0
2.67213,-27,-33,323,0,E1A1914B1717C1381X,TE1A1B1C3D000X,1,1,1,1,2.0,2.0,2.0,1.0,0.0,0.0
2.68323,-29,-34,323,0,E1A1914B1700C1359X,TE1A1B1C3D000X,1,1,1,1,2.0,2.0,2.0,1.0,0.0,0.0
2.69416,-30,-36,323,0,E1A1914B1683C1337X,TE1A1B2C3D000X,1,1,1,1,2.0,2.0,2.0,1.0,0.0,0.0
2.7055,-32,-37,324,0,E1A1914B1666C1317X,TE1A1B2C3D000X,1,1,1,1,2.0,2.0,2.0,1.0,0.0,0.0
2.71761,-34,-38,324,0,E1A1914B1650C1297X,TE1A1B2C3D000X,1,1,1,1,2.0,2.0,2.0,1.0,0.0,0.0
2.7287,-35,-39,324,0,E1A1914B1634C1278X,TE1A1B2C3D000X,1,1,1,1,2.0,2.0,2.0,1.0,0.0,0.0
2.74021,-37,-40,324,0,E1A1914B1618C1260X,TE1A1B2C3D000X,1,1,1,1,2.0,2.0,2.0,1.0,0.0,0.0
2.75157,-38,-41,324,0,E1A1914B1602C1242X,TE1A1B2C3D000X,1,1,1,1,2.0,2.0,2.0,1.0,0.0,0.0
2.76237,-39,-42,324,0,E1A1914B1588C1226X,TE1A1B2C4D000X,1,1,1,1,2.0,2.0,2.0,1.0,0.0,0.0
2.77372,-41,-43,324,0,E1A1914B1573C1212X,TE1A1B2C4D000X,1,1,1,1,2.0,2.0,2.0,1.0,0.0,0.0
2.78499,-42,-43,324,0,E1A1914B1559C1200X,TE1A1B2C4D000X,1,1,1,1,2.0,2.0,2.0,1.0,0.0,0.0
2.79605,-43,-44,324,0,E1A1914B1545C1189X,TE1A1B2C4D000X,1,1,1,1,2.0,2.0,2.0,1.0,0.0,0.0
2.80752,-44,-44,324,0,E1A1914B1531C1179X,TE1A1B2C4D000X,1,1,1,1,2.0,2.0,2.0,1.0,0.0,0.0
2.82344,-45,-44,324,0,E1A1914B1518C1171X,TE1A1B2C4D000X,1,1,1,1,2.0,2.0,2.0,1.0,0.0,0.0
2.83483,-46,-45,324,0,E1A1914B1506C1163X,TE1A1B2C4D000X,1,1,1,1,2.0,2.0,2.0,1.0,0.0,0.0
2.84652,-47,-45,324,0,E1A1914B1495C1157X,TE1A1B2C4D000X,1,1,1,1,2.0,2.0,2.0,1.0,0.0,0.0
2.85795,-48,-45,324,0,E1A1914B1484C1153X,TE1A1B2C4D000X,1,1,1,1,2.0,2.0,2.0,1.0,0.0,0.0
2.87931,-48,-45,324,0,E1A1914B1474C1151X,TE1A1B2C4D000X,1,1,1,1,2.0,2.0,2.0,1.0,0.0,0.0
2.89072,-49,-44,324,0,E1A1914B1466C1151X,TE1A1B2C4D000X,1,1,1,1,2.0,2.0,2.0,1.0,0.0,0.0
2.90205,-49,-44,324,0,E1A1914B1457C1152X,TE1A1B3C4D000X,1,1,1,1,2.0,2.0,2.0,1.0,0.0,0.0
2.91357,-49,-43,324,0,E1A1914B1450C1155X,TE1A1B3C4D000X,1,1,1,1,2.0,2.0,2.0,1.0,0.0,0.0
2.92517,-49,-43,323,0,E1A1914B1443C1159X,TE1A1B3C4D000X,1,1,1,1,2.0,2.0,2.0,1.0,0.0,0.0
2.93662,-49,-42,323,0,E1A1914B1437C1163X,TE1A1B3C4D000X,1,1,1,1,2.0,2.0,2.0,1.0,0.0,0.0
2.9481,-49,-41,322,0,E1A1914B1431C1169X,TE1A1B3C4D000X,1,1,1,1,2.0,2.0,2.0,1.0,0.0,0.0
2.96726,-49,-40,322,0,E1A1914B1426C1177X,TE1A1B3C4D000X,1,1,1,1,2.0,2.0,2.0,1.0,0.0,0.0
2.97965,-48,-39,322,0,E1A1914B1422C1187X,TE1A1B3C4D000X,1,1,1,1,2.0,2.0,2.0,1.0,0.0,0.0
2.99172,-48,-38,321,0,E1A1914B1418C1197X,TE1A1B3C4D000X,1,1,1,1,2.0,2.0,2.0,1.0,0.0,0.0
3.00361,-47,-36,321,0,E1A1914B1416C1208X,TE1A1B3C4D000X,1,1,1,1,2.0,2.0,2.0,1.0,0.0,0.0
3.01497,-47,-35,321,0,E1A1914B1413C1219X,TE1A1B3C4D000X,1,1,1,1,2.0,2.0,2.0,1.0,0.0,0.0
3.03514,-46,-34,320,0,E1A1914B1412C1233X,TE1A1B3C4D000X,1,1,1,1,2.0,2.0,2.0,1.0,0.0,0.0
3.04736,-46,-33,321,0,E1A1914B1410C1246X,TE1A1B3C4D000X,1,1,1,1,2.0,2.0,2.0,1.0,0.0,0.0
3.05938,-45,-31,320,0,E1A1914B1407C1260X,TE1A1B3C4D000X,1,1,1,1,2.0,2.0,2.0,1.0,0.0,0.0
3.07134,-45,-30,320,0,E1A1914B1404C1272X,TE1A1B3C4D000X,1,1,1,1,2.0,2.0,2.0,1.0,0.0,0.0
3.0823,-44,-29,320,0,E1A1914B1401C1285X,TE1A1B3C3D000X,1,1,1,1,2.0,2.0,2.0,1.0,0.0,0.0
3.10322,-44,-27,320,0,E1A1914B1396C1298X,TE1A1B3C3D000X,1,1,1,1,2.0,2.0,2.0,1.0,0.0,0.0
3.11607,-43,-26,319,0,E1A1914B1392C1312X,TE1A1B3C3D000X,1,1,1,1,2.0,2.0,2.0,1.0,0.0,0.0
3.12751,-43,-24,318,0,E1A1914B1387C1326X,TE1A1B3C3D000X,1,1,1,1,2.0,2.0,2.0,1.0,0.0,0.0
3.13952,-42,-23,318,0,E1A1914B1383C1340X,TE1A1B3C3D000X,1,1,1,1,2.0,2.0,2.0,1.0,0.0,0.0
3.15108,-42,-21,317,0,E1A1914B1378C1354X,TE1A1B3C3D000X,1,1,1,1,2.0,2.0,2.0,1.0,0.0,0.0
3.1617,-41,-20,317,0,E1A1914B1374C1368X,TE1A1B3C3D000X,1,1,1,1,2.0,2.0,2.0,1.0,0.0,0.0
3.17323,-41,-18,316,0,E1A1914B1369C1382X,TE1A1B3C3D000X,1,1,1,1,2.0,2.0,2.0,1.0,0.0,0.0
3.18448,-40,-17,315,0,E1A1914B1364C1397X,TE1A1B3C3D000X,1,1,1,1,2.0,2.0,2.0,1.0,0.0,0.0
3.19547,-40,-15,315,0,E1A1914B1360C1412X,TE1A1B3C3D000X,1,1,1,1,2.0,2.0,2.0,1.0,0.0,0.0
3.20697,-39,-14,314,0,E1A1914B1354C1426X,TE1A1B3C3D000X,1,1,1,1,2.0,2.0,2.0,1.0,0.0,0.0
3.21845,-38,-12,313,0,E1A1914B1349C1440X,TE1A1B3C3D000X,1,1,1,1,2.0,2.0,2.0,1.0,0.0,0.0
3.22929,-38,-11,312,0,E1A1914B1342C1454X,TE1A1B3C3D000X,1,1,1,1,2.0,2.0,2.0,1.0,0.0,0.0
3.24117,-37,-9,311,0,E1A1914B1334C1467X,TE1A1B3C3D000X,1,1,1,1,2.0,2.0,2.0,1.0,0.0,0.0
3.25396,-37,-8,311,0,E1A1914B1326C1481X,TE1A1B3C3D000X,1,1,1,1,2.0,2.0,2.0,1.0,0.0,0.0
3.26678,-37,-7,311,0,E1A1914B1318C1494X,TE1A1B3C2D000X,1,1,1,1,2.0,2.0,2.0,1.0,0.0,0.0
3.27801,-37,-5,311,0,E1A1914B1310C1507X,TE1A1B3C2D000X,1,1,1,1,2.0,2.0,2.0,1.0,0.0,0.0
3.28938,-36,-4,310,0,E1A1914B1302C1520X,TE1A1B3C2D000X,1,1,1,1,2.0,2.0,2.0,1.0,0.0,0.0
3.3005,-36,-2,309,0,E1A1914B1295C1532X,TE1A1B3C2D000X,1,1,1,1,2.0,2.0,2.0,1.0,0.0,0.0
3.31203,-35,-1,309,0,E1A1914B1288C1545X,TE1A1B3C2D000X,1,1,1,1,2.0,2.0,2.0,1.0,0.0,0.0
3.32353,-34,0,308,0,E1A1914B1282C1557X,TE1A1B3C2D000X,1,1,1,1,2.0,2.0,2.0,1.0,0.0,0.0
3.33506,-34,0,307,0,E1A1914B1275C1569X,TE1A1B3C2D000X,1,1,1,1,2.0,2.0,2.0,1.0,0.0,0.0
3.34606,-33,2,306,0,E1A1914B1270C1580X,TE1A1B3C2D000X,1,1,1,1,2.0,2.0,2.0,1.0,0.0,0.0
3.35748,-32,3,306,0,E1A1914B1266C1591X,TE1A1B3C2D000X,1,1,1,1,2.0,2.0,2.0,1.0,0.0,0.0
3.36877,-32,4,305,0,E1A1914B1263C1601X,TE1A1B3C2D000X,1,1,1,1,2.0,2.0,2.0,1.0,0.0,0.0
3.38037,-31,5,305,0,E1A1914B1261C1612X,TE1A1B3C2D000X,1,1,1,1,2.0,2.0,2.0,1.0,0.0,0.0
3.3918,-30,5,305,0,E1A1914B1261C1621X,TE1A1B3C2D000X,1,1,1,1,2.0,2.0,2.0,1.0,0.0,0.0
3.4033,-29,6,305,0,E1A1914B1261C1630X,TE1A1B3C2D000X,1,1,1,1,2.0,2.0,2.0,1.0,0.0,0.0
3.41475,-28,7,305,0,E1A1914B1261C1639X,TE1A1B3C2D000X,1,1,1,1,2.0,2.0,2.0,1.0,0.0,0.0
3.42772,-28,7,304,0,E1A1914B1263C1646X,TE1A1B3C2D000X,1,1,1,1,2.0,2.0,2.0,1.0,0.0,0.0
3.43916,-27,8,304,0,E1A1914B1264C1653X,TE1A1B3C2D000X,1,1,1,1,2.0,2.0,2.0,1.0,0.0,0.0
3.45129,-26,8,304,0,E1A1914B1267C1659X,TE1A1B3C2D000X,1,1,1,1,2.0,2.0,2.0,1.0,0.0,0.0
3.46503,-25,8,303,0,E1A1914B1270C1663X,TE1A1B3C2D000X,1,1,1,1,2.0,2.0,2.0,1.0,0.0,0.0
3.48761,-24,9,303,0,E1A1914B1276C1668X,TE1A1B3C2D000X,1,1,1,1,2.0,2.0,2.0,1.0,0.0,0.0
3.49956,-23,9,303,0,E1A1914B1282C1672X,TE1A1B3C2D000X,1,1,1,1,2.0,2.0,2.0,1.0,0.0,0.0
3.51198,-23,9,303,0,E1A1914B1289C1675X,TE1A1B3C2D000X,1,1,1,1,2.0,2.0,2.0,1.0,0.0,0.0
3.52358,-22,8,302,0,E1A1914B1297C1677X,TE1A1B3C2D000X,1,1,1,1,2.0,2.0,2.0,1.0,0.0,0.0
3.535,-21,8,302,0,E1A1914B1307C1678X,TE1A1B3C2D000X,1,1,1,1,2.0,2.0,2.0,1.0,0.0,0.0
3.54611,-20,8,302,0,E1A1914B1318C1680X,TE1A1B3C2D000X,1,1,1,1,2.0,2.0,2.0,1.0,0.0,0.0
3.55765,-19,8,302,0,E1A1914B1330C1680X,TE1A1B3C2D000X,1,1,1,1,2.0,2.0,2.0,1.0,0.0,0.0
3.5689,-18,7,302,0,E1A1914B1342C1680X,TE1A1B3C2D000X,1,1,1,1,2.0,2.0,2.0,1.0,0.0,0.0
3.58045,-17,7,302,0,E1A1914B1355C1680X,TE1A1B3C2D000X,1,1,1,1,2.0,2.0,2.0,1.0,0.0,0.0
3.592,-16,6,302,0,E1A1914B1369C1679X,TE1A1B3C2D000X,1,1,1,1,2.0,2.0,2.0,1.0,0.0,0.0
3.60336,-15,6,302,0,E1A1914B1384C1679X,TE1A1B3C2D000X,1,1,1,1,2.0,2.0,2.0,1.0,0.0,0.0
3.61508,-14,5,303,0,E1A1914B1399C1679X,TE1A1B3C2D000X,1,1,1,1,2.0,2.0,2.0,1.0,0.0,0.0
3.62602,-14,4,303,0,E1A1914B1415C1679X,TE1A1B3C2D000X,1,1,1,1,2.0,2.0,2.0,1.0,0.0,0.0
3.63788,-12,4,304,0,E1A1914B1431C1679X,TE1A1B3C2D000X,1,1,1,1,2.0,2.0,2.0,1.0,0.0,0.0
3.6487,-11,3,304,0,E1A1914B1448C1679X,TE1A1B3C2D000X,1,1,1,1,2.0,2.0,2.0,1.0,0.0,0.0
3.66753,-10,3,305,0,E1A1914B1468C1681X,TE1A1B3C2D000X,1,1,1,1,2.0,2.0,2.0,1.0,0.0,0.0
3.69157,-9,2,306,0,E1A1914B1550C1726X,TE1A1B3C2D000X,1,1,1,1,2.0,2.0,2.0,1.0,0.0,0.0
3.71339,-7,2,307,0,E1A1914B1624C1765X,TE1A1B2C1D000X,1,1,1,1,2.0,2.0,2.0,1.0,0.0,0.0
3.72664,-6,1,307,0,E1A1914B1688C1796X,TE1A1B2C1D000X,1,1,1,1,2.0,2.0,2.0,1.0,0.0,0.0
3.74711,-4,1,308,0,E1A1914B1745C1823X,TE1A1B2C1D000X,1,1,1,1,2.0,2.0,2.0,1.0,0.0,0.0
3.75929,-3,0,308,0,E1A1914B1796C1845X,TE1A1B1C1D000X,1,1,1,1,2.0,2.0,2.0,1.0,0.0,0.0
3.7792,-1,0,309,0,E1A1914B1841C1864X,TE1A1B1C1D000X,1,1,1,1,2.0,2.0,2.0,1.0,0.0,0.0
3.79306,0,0,309,0,E1A1914B1881C1879X,TE1A1B1C1D000X,1,1,1,1,2.0,2.0,2.0,1.0,0.0,0.0
3.80418,1,0,310,0,E1A1914B1915C1890X,TE1A1B1C1D000X,1,1,1,1,2.0,2.0,2.0,1.0,0.0,0.0
3.81513,2,0,311,0,E1A1914B1940C1892X,TE1A1B1C1D000X,1,1,1,1,2.0,2.0,2.0,1.0,0.0,0.0
3.8271,4,-1,311,0,E1A1913B1940C1890X,TE1A1B0C1D000X,1,1,1,1,2.0,2.0,2.0,1.0,0.0,0.0
3.83914,5,-1,312,0,E1A1893B1940C1882X,TE1A1B0C1D000X,1,1,1,1,2.0,2.0,2.0,1.0,0.0,0.0
3.8509,6,-2,312,0,E1A1872B1940C1871X,TE1A1B0C1D000X,1,1,1,1,2.0,2.0,2.0,1.0,0.0,0.0
3.86186,8,-2,313,0,E1A1853B1940C1859X,TE1A1B0C1D000X,1,1,1,1,2.0,2.0,2.0,1.0,0.0,0.0
3.87336,9,-3,313,0,E1A1838B1940C1847X,TE1A1B0C1D000X,1,1,1,1,2.0,2.0,2.0,1.0,0.0,0.0
3.88428,10,-3,314,0,E1A1824B1940C1835X,TE1A1B0C1D000X,1,1,1,1,2.0,2.0,2.0,1.0,0.0,0.0
3.89481,11,-4,314,0,E1A1810B1940C1823X,TE1A1B0C1D000X,1,1,1,1,2.0,2.0,2.0,1.0,0.0,0.0
3.90602,12,-4,313,0,E1A1797B1940C1813X,TE1A1B0C1D000X,1,1,1,1,2.0,2.0,2.0,1.0,0.0,0.0
3.91779,13,-5,314,0,E1A1785B1940C1802X,TE1A1B0C1D000X,1,1,1,1,2.0,2.0,2.0,1.0,0.0,0.0
3.92866,14,-5,315,0,E1A1774B1940C1792X,TE1A1B0C1D000X,1,1,1,1,2.0,2.0,2.0,1.0,0.0,0.0
3.9402,15,-5,315,0,E1A1765B1940C1783X,TE1A1B0C1D000X,1,1,1,1,2.0,2.0,2.0,1.0,0.0,0.0
3.95141,16,-6,316,0,E1A1757B1940C1774X,TE1A1B0C1D000X,1,1,1,1,2.0,2.0,2.0,1.0,0.0,0.0
3.96316,16,-6,316,0,E1A1751B1940C1765X,TE1A1B0C1D000X,1,1,1,1,2.0,2.0,2.0,1.0,0.0,0.0
3.97451,17,-7,317,0,E1A1746B1940C1757X,TE1A1B0C1D000X,1,1,1,1,2.0,2.0,2.0,1.0,0.0,0.0
3.98588,17,-7,317,0,E1A1743B1940C1749X,TE1A1B0C1D000X,1,1,1,1,2.0,2.0,2.0,1.0,0.0,0.0
3.99803,17,-8,317,0,E1A1740B1940C1741X,TE1A1B0C1D000X,1,1,1,1,2.0,2.0,2.0,1.0,0.0,0.0
4.00901,17,-8,317,0,E1A1738B1940C1734X,TE1A1B0C1D000X,1,1,1,1,2.0,2.0,2.0,1.0,0.0,0.0
4.02154,17,-9,317,0,E1A1738B1940C1726X,TE1A1B0C1D000X,1,1,1,1,2.0,2.0,2.0,1.0,0.0,0.0
4.03271,17,-9,316,0,E1A1737B1940C1719X,TE1A1B0C1D000X,1,1,1,1,2.0,2.0,2.0,1.0,0.0,0.0
4.04407,17,-10,317,0,E1A1739B1940C1712X,TE1A1B0C1D000X,1,1,1,1,2.0,2.0,2.0,1.0,0.0,0.0
4.05554,17,-10,317,0,E1A1741B1940C1705X,TE1A1B0C1D000X,1,1,1,1,2.0,2.0,2.0,1.0,0.0,0.0
4.06693,17,-11,316,0,E1A1744B1940C1699X,TE1A1B0C2D000X,1,1,1,1,2.0,2.0,2.0,1.0,0.0,0.0
4.07769,16,-11,316,0,E1A1747B1940C1692X,TE1A1B0C2D000X,1,1,1,1,2.0,2.0,2.0,1.0,0.0,0.0
4.08915,16,-12,317,0,E1A1752B1940C1686X,TE1A1B0C2D000X,1,1,1,1,2.0,2.0,2.0,1.0,0.0,0.0
4.10008,15,-12,316,0,E1A1756B1940C1680X,TE1A1B0C2D000X,1,1,1,1,2.0,2.0,2.0,1.0,0.0,0.0
4.11183,15,-13,317,0,E1A1761B1940C1675X,TE1A1B0C2D000X,1,1,1,1,2.0,2.0,2.0,1.0,0.0,0.0
4.12326,14,-13,316,0,E1A1765B1940C1669X,TE1A1B0C2D000X,1,1,1,1,2.0,2.0,2.0,1.0,0.0,0.0
4.14374,14,-14,317,0,E1A1770B1940C1663X,TE1A1B0C2D000X,1,1,1,1,2.0,2.0,2.0,1.0,0.0,0.0
4.15546,13,-14,317,0,E1A1775B1940C1658X,TE1A1B0C2D000X,1,1,1,1,2.0,2.0,2.0,1.0,0.0,0.0
4.1666,13,-14,317,0,E1A1780B1940C1653X,TE1A1B0C2D000X,1,1,1,1,2.0,2.0,2.0,1.0,0.0,0.0
4.18737,12,-15,317,0,E1A1784B1940C1649X,TE1A1B0C2D000X,1,1,1,1,2.0,2.0,2.0,1.0,0.0,0.0
4.19957,12,-15,317,0,E1A1788B1940C1646X,TE1A1B0C2D000X,1,1,1,1,2.0,2.0,2.0,1.0,0.0,0.0
4.22368,11,-15,317,0,E1A1792B1940C1643X,TE1A1B0C2D000X,1,1,1,1,2.0,2.0,2.0,1.0,0.0,0.0
4.2349,11,-15,317,0,E1A1795B1940C1641X,TE1A1B0C2D000X,1,1,1,1,2.0,2.0,2.0,1.0,0.0,0.0
4.24646,10,-15,316,0,E1A1798B1940C1639X,TE1A1B0C2D000X,1,1,1,1,2.0,2.0,2.0,1.0,0.0,0.0
4.25788,10,-15,316,0,E1A1801B1940C1638X,TE1A1B0C2D000X,1,1,1,1,2.0,2.0,2.0,1.0,0.0,0.0
4.26926,10,-15,315,0,E1A1803B1940C1637X,TE1A1B0C2D000X,1,1,1,1,2.0,2.0,2.0,1.0,0.0,0.0
4.28101,9,-15,315,0,E1A1805B1940C1638X,TE1A1B0C2D000X,1,1,1,1,2.0,2.0,2.0,1.0,0.0,0.0
4.29198,9,-15,315,0,E1A1807B1940C1639X,TE1A1B0C2D000X,1,1,1,1,2.0,2.0,2.0,1.0,0.0,0.0
4.31119,9,-15,315,0,E1A1808B1940C1641X,TE1A1B0C2D000X,1,1,1,1,2.0,2.0,2.0,1.0,0.0,0.0
4.32342,9,-14,315,0,E1A1808B1940C1644X,TE1A1B0C2D000X,1,1,1,1,2.0,2.0,2.0,1.0,0.0,0.0
4.33525,9,-14,315,0,E1A1808B1940C1646X,TE1A1B0C2D000X,1,1,1,1,2.0,2.0,2.0,1.0,0.0,0.0
4.34743,9,-14,315,0,E1A1808B1940C1650X,TE1A1B0C2D000X,1,1,1,1,2.0,2.0,2.0,1.0,0.0,0.0
4.35888,9,-13,315,0,E1A1807B1940C1653X,TE1A1B0C2D000X,1,1,1,1,2.0,2.0,2.0,1.0,0.0,0.0
4.37138,9,-13,315,0,E1A1807B1940C1656X,TE1A1B0C2D000X,1,1,1,1,2.0,2.0,2.0,1.0,0.0,0.0
4.38239,8,-13,315,0,E1A1806B1940C1659X,TE1A1B0C2D000X,1,1,1,1,2.0,2.0,2.0,1.0,0.0,0.0
4.39365,8,-13,315,0,E1A1806B1940C1663X,TE1A1B0C2D000X,1,1,1,1,2.0,2.0,2.0,1.0,0.0,0.0
4.40447,8,-12,315,0,E1A1805B1940C1666X,TE1A1B0C2D000X,1,1,1,1,2.0,2.0,2.0,1.0,0.0,0.0
4.41601,8,-12,315,0,E1A1804B1940C1669X,TE1A1B0C2D000X,1,1,1,1,2.0,2.0,2.0,1.0,0.0,0.0
4.42685,8,-12,315,0,E1A1803B1940C1672X,TE1A1B0C2D000X,1,1,1,1,2.0,2.0,2.0,1.0,0.0,0.0
4.43808,8,-12,315,0,E1A1802B1940C1674X,TE1A1B0C2D000X,1,1,1,1,2.0,2.0,2.0,1.0,0.0,0.0
4.4487,8,-11,315,0,E1A1801B1940C1676X,TE1A1B0C2D000X,1,1,1,1,2.0,2.0,2.0,1.0,0.0,0.0
4.46018,8,-11,315,0,E1A1800B1940C1678X,TE1A1B0C2D000X,1,1,1,1,2.0,2.0,2.0,1.0,0.0,0.0
4.47969,8,-11,316,0,E1A1799B1940C1680X,TE1A1B0C2D000X,1,1,1,1,2.0,2.0,2.0,1.0,0.0,0.0
4.49142,8,-11,316,0,E1A1798B1940C1680X,TE1A1B0C2D000X,1,1,1,1,2.0,2.0,2.0,1.0,0.0,0.0
4.50323,8,-11,316,0,E1A1797B1940C1680X,TE1A1B0C2D000X,1,1,1,1,2.0,2.0,2.0,1.0,0.0,0.0
4.52751,8,-11,316,0,E1A1796B1940C1680X,TE1A1B0C2D000X,1,1,1,1,2.0,2.0,2.0,1.0,0.0,0.0
4.53941,8,-11,315,0,E1A1794B1940C1679X,TE1A1B0C2D000X,1,1,1,1,2.0,2.0,2.0,1.0,0.0,0.0
4.5506,8,-11,315,0,E1A1793B1940C1679X,TE1A1B0C2D000X,1,1,1,1,2.0,2.0,2.0,1.0,0.0,0.0
4.56199,8,-11,316,0,E1A1792B1940C1678X,TE1A1B0C2D000X,1,1,1,1,2.0,2.0,2.0,1.0,0.0,0.0
4.5732,8,-11,315,0,E1A1791B1940C1677X,TE1A1B0C2D000X,1,1,1,1,2.0,2.0,2.0,1.0,0.0,0.0
4.5849,8,-11,315,0,E1A1790B1940C1676X,TE1A1B0C2D000X,1,1,1,1,2.0,2.0,2.0,1.0,0.0,0.0
4.59576,9,-11,315,0,E1A1788B1940C1675X,TE1A1B0C2D000X,1,1,1,1,2.0,2.0,2.0,1.0,0.0,0.0
4.60706,9,-11,315,0,E1A1787B1940C1674X,TE1A1B0C2D000X,1,1,1,1,2.0,2.0,2.0,1.0,0.0,0.0
4.6184,9,-11,315,0,E1A1785B1940C1674X,TE1A1B0C2D000X,1,1,1,1,2.0,2.0,2.0,1.0,0.0,0.0
4.62934,9,-11,315,0,E1A1784B1940C1673X,TE1A1B0C2D000X,1,1,1,1,2.0,2.0,2.0,1.0,0.0,0.0
4.6406,9,-11,315,0,E1A1782B1940C1673X,TE1A1B0C2D000X,1,1,1,1,2.0,2.0,2.0,1.0,0.0,0.0
4.65179,9,-10,315,0,E1A1781B1940C1672X,TE1A1B0C2D000X,1,1,1,1,2.0,2.0,2.0,1.0,0.0,0.0
4.66316,9,-10,315,0,E1A1780B1940C1672X,TE1A1B0C2D000X,1,1,1,1,2.0,2.0,2.0,1.0,0.0,0.0
4.67432,9,-10,315,0,E1A1778B1940C1671X,TE1A1B0C2D000X,1,1,1,1,2.0,2.0,2.0,1.0,0.0,0.0
4.68571,9,-10,316,0,E1A1776B1940C1671X,TE1A1B0C2D000X,1,1,1,1,2.0,2.0,2.0,1.0,0.0,0.0
4.69694,9,-10,316,0,E1A1774B1940C1670X,TE1A1B0C2D000X,1,1,1,1,2.0,2.0,2.0,1.0,0.0,0.0
4.70856,9,-10,316,0,E1A1771B1940C1669X,TE1A1B0C2D000X,1,1,1,1,2.0,2.0,2.0,1.0,0.0,0.0
4.73148,9,-10,316,0,E1A1769B1940C1668X,TE1A1B0C2D000X,1,1,1,1,2.0,2.0,2.0,1.0,0.0,0.0
4.74296,10,-10,317,0,E1A1766B1940C1667X,TE1A1B0C2D000X,1,1,1,1,2.0,2.0,2.0,1.0,0.0,0.0
4.75413,10,-10,317,0,E1A1764B1940C1667X,TE1A1B0C2D000X,1,1,1,1,2.0,2.0,2.0,1.0,0.0,0.0
4.77571,10,-10,317,0,E1A1762B1940C1666X,TE1A1B0C2D000X,1,1,1,1,2.0,2.0,2.0,1.0,0.0,0.0
4.78738,10,-10,317,0,E1A1760B1940C1666X,TE1A1B0C2D000X,1,1,1,1,2.0,2.0,2.0,1.0,0.0,0.0
4.80765,10,-10,317,0,E1A1759B1940C1666X,TE1A1B0C2D000X,1,1,1,1,2.0,2.0,2.0,1.0,0.0,0.0
4.81931,10,-10,317,0,E1A1757B1940C1665X,TE1A1B0C2D000X,1,1,1,1,2.0,2.0,2.0,1.0,0.0,0.0
4.83154,10,-10,317,0,E1A1755B1940C1665X,TE1A1B0C2D000X,1,1,1,1,2.0,2.0,2.0,1.0,0.0,0.0
4.84367,10,-10,317,0,E1A1753B1940C1664X,TE1A1B0C2D000X,1,1,1,1,2.0,2.0,2.0,1.0,0.0,0.0
4.85547,10,-10,317,0,E1A1752B1940C1663X,TE1A1B0C2D000X,1,1,1,1,2.0,2.0,2.0,1.0,0.0,0.0
4.86665,10,-10,317,0,E1A1750B1940C1663X,TE1A1B0C2D000X,1,1,1,1,2.0,2.0,2.0,1.0,0.0,0.0
4.87787,10,-10,316,0,E1A1749B1940C1662X,TE1A1B0C2D000X,1,1,1,1,2.0,2.0,2.0,1.0,0.0,0.0
4.88957,10,-10,316,0,E1A1747B1940C1662X,TE1A1B0C2D000X,1,1,1,1,2.0,2.0,2.0,1.0,0.0,0.0
4.90062,10,-10,316,0,E1A1746B1940C1661X,TE1A1B0C2D000X,1,1,1,1,2.0,2.0,2.0,1.0,0.0,0.0
4.91155,10,-10,316,0,E1A1745B1940C1660X,TE1A1B0C2D000X,1,1,1,1,2.0,2.0,2.0,1.0,0.0,0.0
4.92348,10,-10,316,0,E1A1745B1940C1660X,TE1A1B0C2D000X,1,1,1,1,2.0,2.0,2.0,1.0,0.0,0.0
4.93471,10,-10,316,0,E1A1744B1940C1660X,TE1A1B0C2D000X,1,1,1,1,2.0,2.0,2.0,1.0,0.0,0.0
4.94587,10,-10,316,0,E1A1744B1940C1660X,TE1A1B0C2D000X,1,1,1,1,2.0,2.0,2.0,1.0,0.0,0.0
4.95711,10,-9,315,0,E1A1743B1940C1659X,TE1A1B0C2D000X,1,1,1,1,2.0,2.0,2.0,1.0,0.0,0.0
4.96827,10,-9,315,0,E1A1742B1940C1659X,TE1A1B0C2D000X,1,1,1,1,2.0,2.0,2.0,1.0,0.0,0.0
4.97931,10,-9,315,0,E1A1741B1940C1659X,TE1A1B0C2D000X,1,1,1,1,2.0,2.0,2.0,1.0,0.0,0.0
4.99063,10,-9,315,0,E1A1739B1940C1658X,TE1A1B0C2D000X,1,1,1,1,2.0,2.0,2.0,1.0,0.0,0.0
5.02322,10,-9,315,0,E1A1737B1940C1657X,TE1A1B0C2D000X,1,1,1,1,2.0,2.0,2.0,1.0,0.0,0.0
5.03522,10,-9,315,0,E1A1735B1940C1656X,TE1A1B0C2D000X,1,1,1,1,2.0,2.0,2.0,1.0,0.0,0.0
5.06709,10,-9,315,0,E1A1733B1940C1655X,TE1A1B0C2D000X,1,1,1,1,2.0,2.0,2.0,1.0,0.0,0.0
5.07929,10,-9,315,0,E1A1731B1940C1654X,TE1A1B0C2D000X,1,1,1,1,2.0,2.0,2.0,1.0,0.0,0.0
5.09136,10,-9,314,0,E1A1730B1940C1654X,TE1A1B0C2D000X,1,1,1,1,2.0,2.0,2.0,1.0,0.0,0.0
5.1033,10,-9,314,0,E1A1728B1940C1653X,TE1A1B0C2D000X,1,1,1,1,2.0,2.0,2.0,1.0,0.0,0.0
5.11521,10,-9,314,0,E1A1726B1940C1653X,TE1A1B0C2D000X,1,1,1,1,2.0,2.0,2.0,1.0,0.0,0.0
5.13518,10,-9,314,0,E1A1725B1940C1652X,TE1A1B0C2D000X,1,1,1,1,2.0,2.0,2.0,1.0,0.0,0.0
5.14717,10,-9,314,0,E1A1723B1940C1652X,TE1A1B0C2D000X,1,1,1,1,2.0,2.0,2.0,1.0,0.0,0.0
5.15919,10,-9,314,0,E1A1722B1940C1651X,TE1A1B0C2D000X,1,1,1,1,2.0,2.0,2.0,1.0,0.0,0.0
5.17134,10,-9,314,0,E1A1721B1940C1651X,TE1A1B0C2D000X,1,1,1,1,2.0,2.0,2.0,1.0,0.0,0.0
5.18212,10,-9,314,0,E1A1720B1940C1651X,TE1A1B0C2D000X,1,1,1,1,2.0,2.0,2.0,1.0,0.0,0.0
5.19344,10,-9,314,0,E1A1719B1940C1650X,TE1A1B0C2D000X,1,1,1,1,2.0,2.0,2.0,1.0,0.0,0.0
5.20465,10,-9,314,0,E1A1718B1940C1649X,TE1A1B0C2D000X,1,1,1,1,2.0,2.0,2.0,1.0,0.0,0.0
5.21596,10,-9,314,0,E1A1717B1940C1648X,TE1A1B0C2D000X,1,1,1,1,2.0,2.0,2.0,1.0,0.0,0.0
5.22743,10,-9,314,0,E1A1716B1940C1646X,TE1A1B0C2D000X,1,1,1,1,2.0,2.0,2.0,1.0,0.0,0.0
5.25914,10,-9,313,0,E1A1715B1940C1645X,TE1A1B0C2D000X,1,1,1,1,2.0,2.0,2.0,1.0,0.0,0.0
5.27138,10,-9,313,0,E1A1713B1940C1643X,TE1A1B0C2D000X,1,1,1,1,2.0,2.0,2.0,1.0,0.0,0.0
5.28324,10,-9,314,0,E1A1712B1940C1641X,TE1A1B0C2D000X,1,1,1,1,2.0,2.0,2.0,1.0,0.0,0.0
5.2954,10,-9,314,0,E1A1711B1940C1639X,TE1A1B0C2D000X,1,1,1,1,2.0,2.0,2.0,1.0,0.0,0.0
5.30742,10,-9,315,0,E1A1709B1940C1637X,TE1A1B0C2D000X,1,1,1,1,2.0,2.0,2.0,1.0,0.0,0.0
5.31845,10,-9,315,0,E1A1708B1940C1635X,TE1A1B0C2D000X,1,1,1,1,2.0,2.0,2.0,1.0,0.0,0.0
5.33934,10,-9,314,0,E1A1707B1940C1632X,TE1A1B0C2D000X,1,1,1,1,2.0,2.0,2.0,1.0,0.0,0.0
5.35147,11,-9,314,0,E1A1705B1940C1630X,TE1A1B0C2D000X,1,1,1,1,2.0,2.0,2.0,1.0,0.0,0.0
5.37156,11,-10,314,0,E1A1704B1940C1628X,TE1A2B0C2D000X,1,1,1,1,2.0,2.0,2.0,1.0,0.0,0.0
5.38333,11,-10,314,0,E1A1703B1940C1627X,TE1A2B0C2D000X,1,1,1,1,2.0,2.0,2.0,1.0,0.0,0.0
5.39542,11,-10,315,0,E1A1702B1940C1625X,TE1A2B0C2D000X,1,1,1,1,2.0,2.0,2.0,1.0,0.0,0.0
5.40738,11,-10,315,0,E1A1701B1940C1624X,TE1A2B0C2D000X,1,1,1,1,2.0,2.0,2.0,1.0,0.0,0.0
5.41927,11,-10,315,0,E1A1700B1940C1624X,TE1A2B0C2D000X,1,1,1,1,2.0,2.0,2.0,1.0,0.0,0.0
5.4314,11,-10,315,0,E1A1699B1940C1622X,TE1A2B0C2D000X,1,1,1,1,2.0,2.0,2.0,1.0,0.0,0.0
5.44292,11,-10,315,0,E1A1698B1940C1622X,TE1A2B0C2D000X,1,1,1,1,2.0,2.0,2.0,1.0,0.0,0.0
5.45438,11,-10,316,0,E1A1697B1940C1621X,TE1A2B0C2D000X,1,1,1,1,2.0,2.0,2.0,1.0,0.0,0.0
5.46565,11,-10,316,0,E1A1696B1940C1620X,TE1A2B0C2D000X,1,1,1,1,2.0,2.0,2.0,1.0,0.0,0.0
5.48732,11,-10,315,0,E1A1694B1940C1618X,TE1A2B0C2D000X,1,1,1,1,2.0,2.0,2.0,1.0,0.0,0.0
5.49875,11,-10,315,0,E1A1693B1940C1616X,TE1A2B0C2D000X,1,1,1,1,2.0,2.0,2.0,1.0,0.0,0.0
5.51007,11,-10,315,0,E1A1691B1940C1614X,TE1A2B0C2D000X,1,1,1,1,2.0,2.0,2.0,1.0,0.0,0.0
5.52124,11,-10,315,0,E1A1690B1940C1613X,TE1A2B0C2D000X,1,1,1,1,2.0,2.0,2.0,1.0,0.0,0.0
5.53234,11,-10,315,0,E1A1689B1940C1611X,TE1A2B0C2D000X,1,1,1,1,2.0,2.0,2.0,1.0,0.0,0.0
5.54325,11,-10,315,0,E1A1688B1940C1610X,TE1A2B0C2D000X,1,1,1,1,2.0,2.0,2.0,1.0,0.0,0.0
5.55548,11,-10,315,0,E1A1687B1940C1609X,TE1A2B0C2D000X,1,1,1,1,2.0,2.0,2.0,1.0,0.0,0.0
5.56668,11,-10,315,0,E1A1686B1940C1607X,TE1A2B0C2D000X,1,1,1,1,2.0,2.0,2.0,1.0,0.0,0.0
5.57777,11,-10,315,0,E1A1685B1940C1606X,TE1A2B0C2D000X,1,1,1,1,2.0,2.0,2.0,1.0,0.0,0.0
5.58928,11,-10,315,0,E1A1684B1940C1605X,TE1A2B0C2D000X,1,1,1,1,2.0,2.0,2.0,1.0,0.0,0.0
5.61128,11,-10,315,0,E1A1683B1940C1605X,TE1A2B0C2D000X,1,1,1,1,2.0,2.0,2.0,1.0,0.0,0.0
5.62349,11,-10,316,0,E1A1683B1940C1604X,TE1A2B0C2D000X,1,1,1,1,2.0,2.0,2.0,1.0,0.0,0.0
5.63652,11,-10,316,0,E1A1682B1940C1603X,TE1A2B0C2D000X,1,1,1,1,2.0,2.0,2.0,1.0,0.0,0.0
5.64789,10,-10,315,0,E1A1681B1940C1602X,TE1A2B0C2D000X,1,1,1,1,2.0,2.0,2.0,1.0,0.0,0.0
5.65933,10,-10,316,0,E1A1681B1940C1602X,TE1A2B0C2D000X,1,1,1,1,2.0,2.0,2.0,1.0,0.0,0.0
5.67911,10,-10,315,0,E1A1680B1940C1601X,TE1A2B0C2D000X,1,1,1,1,2.0,2.0,2.0,1.0,0.0,0.0
5.69016,10,-10,315,0,E1A1678B1940C1600X,TE1A2B0C2D000X,1,1,1,1,2.0,2.0,2.0,1.0,0.0,0.0
5.701,10,-10,315,0,E1A1677B1940C1598X,TE1A2B0C2D000X,1,1,1,1,2.0,2.0,2.0,1.0,0.0,0.0
5.71171,10,-10,315,0,E1A1676B1940C1597X,TE1A2B0C2D000X,1,1,1,1,2.0,2.0,2.0,1.0,0.0,0.0
5.73521,10,-10,315,0,E1A1674B1940C1596X,TE1A2B0C2D000X,1,1,1,1,2.0,2.0,2.0,1.0,0.0,0.0
5.74734,11,-10,315,0,E1A1673B1940C1595X,TE1A2B0C2D000X,1,1,1,1,2.0,2.0,2.0,1.0,0.0,0.0
5.75861,11,-10,315,0,E1A1672B1940C1594X,TE1A2B0C2D000X,1,1,1,1,2.0,2.0,2.0,1.0,0.0,0.0
5.77906,10,-10,315,0,E1A1671B1940C1594X,TE1A2B0C2D000X,1,1,1,1,2.0,2.0,2.0,1.0,0.0,0.0
5.79125,10,-10,315,0,E1A1669B1940C1593X,TE1A2B0C2D000X,1,1,1,1,2.0,2.0,2.0,1.0,0.0,0.0
5.81498,11,-10,315,0,E1A1668B1940C1593X,TE1A2B0C2D000X,1,1,1,1,2.0,2.0,2.0,1.0,0.0,0.0
5.82631,11,-10,315,0,E1A1667B1940C1593X,TE1A2B0C2D000X,1,1,1,1,2.0,2.0,2.0,1.0,0.0,0.0
5.84721,11,-10,315,0,E1A1665B1940C1593X,TE1A2B0C2D000X,1,1,1,1,2.0,2.0,2.0,1.0,0.0,0.0
5.85944,11,-10,315,0,E1A1664B1940C1593X,TE1A2B0C2D000X,1,1,1,1,2.0,2.0,2.0,1.0,0.0,0.0
5.87128,11,-9,315,0,E1A1662B1940C1592X,TE1A2B0C2D000X,1,1,1,1,2.0,2.0,2.0,1.0,0.0,0.0
5.88271,11,-9,314,0,E1A1661B1940C1591X,TE1A2B0C2D000X,1,1,1,1,2.0,2.0,2.0,1.0,0.0,0.0
5.89389,11,-9,314,0,E1A1660B1940C1591X,TE1A2B0C2D000X,1,1,1,1,2.0,2.0,2.0,1.0,0.0,0.0
5.90516,10,-9,314,0,E1A1659B1940C1591X,TE1A2B0C2D000X,1,1,1,1,2.0,2.0,2.0,1.0,0.0,0.0
5.91608,11,-9,314,0,E1A1657B1940C1590X,TE1A2B0C2D000X,1,1,1,1,2.0,2.0,2.0,1.0,0.0,0.0
5.92786,11,-9,314,0,E1A1656B1940C1589X,TE1A2B0C2D000X,1,1,1,1,2.0,2.0,2.0,1.0,0.0,0.0
5.93921,11,-9,314,0,E1A1655B1940C1589X,TE1A2B0C2D000X,1,1,1,1,2.0,2.0,2.0,1.0,0.0,0.0
5.95044,11,-9,314,0,E1A1653B1940C1588X,TE1A2B0C2D000X,1,1,1,1,2.0,2.0,2.0,1.0,0.0,0.0
5.96147,11,-9,314,0,E1A1652B1940C1587X,TE1A2B0C2D000X,1,1,1,1,2.0,2.0,2.0,1.0,0.0,0.0
5.9956,11,-9,314,0,E1A1651B1940C1585X,TE1A2B0C2D000X,1,1,1,1,2.0,2.0,2.0,1.0,0.0,0.0
6.00718,11,-9,314,0,E1A1650B1940C1583X,TE1A2B0C2D000X,1,1,1,1,2.0,2.0,2.0,1.0,0.0,0.0
6.01841,11,-9,314,0,E1A1649B1940C1581X,TE1A2B0C2D000X,1,1,1,1,2.0,2.0,2.0,1.0,0.0,0.0
6.02963,11,-9,314,0,E1A1648B1940C1579X,TE1A2B0C2D000X,1,1,1,1,2.0,2.0,2.0,1.0,0.0,0.0
6.04088,11,-9,314,0,E1A1646B1940C1578X,TE1A2B0C2D000X,1,1,1,1,2.0,2.0,2.0,1.0,0.0,0.0
6.06317,11,-10,314,0,E1A1645B1940C1576X,TE1A2B0C2D000X,1,1,1,1,2.0,2.0,2.0,1.0,0.0,0.0
6.07474,11,-10,314,0,E1A1643B1940C1573X,TE1A2B0C2D000X,1,1,1,1,2.0,2.0,2.0,1.0,0.0,0.0
6.08597,11,-10,314,0,E1A1642B1940C1571X,TE1A2B0C2D000X,1,1,1,1,2.0,2.0,2.0,1.0,0.0,0.0
6.09809,11,-10,314,0,E1A1640B1940C1569X,TE1A2B0C2D000X,1,1,1,1,2.0,2.0,2.0,1.0,0.0,0.0
6.10878,11,-10,314,0,E1A1639B1940C1567X,TE1A2B0C2D000X,1,1,1,1,2.0,2.0,2.0,1.0,0.0,0.0
6.12012,11,-10,314,0,E1A1638B1940C1566X,TE1A2B0C2D000X,1,1,1,1,2.0,2.0,2.0,1.0,0.0,0.0
6.13204,11,-10,314,0,E1A1637B1940C1565X,TE1A2B0C2D000X,1,1,1,1,2.0,2.0,2.0,1.0,0.0,0.0
6.15127,11,-10,314,0,E1A1636B1940C1563X,TE1A2B0C2D000X,1,1,1,1,2.0,2.0,2.0,1.0,0.0,0.0
6.16345,11,-10,314,0,E1A1635B1940C1562X,TE1A2B0C2D000X,1,1,1,1,2.0,2.0,2.0,1.0,0.0,0.0
6.17556,11,-10,314,0,E1A1634B1940C1562X,TE1A2B0C2D000X,1,1,1,1,2.0,2.0,2.0,1.0,0.0,0.0
6.19965,11,-10,314,0,E1A1633B1940C1561X,TE1A2B0C2D000X,1,1,1,1,2.0,2.0,2.0,1.0,0.0,0.0
6.21945,11,-10,314,0,E1A1631B1940C1560X,TE1A2B0C2D000X,1,1,1,1,2.0,2.0,2.0,1.0,0.0,0.0
6.23146,11,-10,314,0,E1A1630B1940C1560X,TE1A2B0C2D000X,1,1,1,1,2.0,2.0,2.0,1.0,0.0,0.0
6.2436,11,-10,315,0,E1A1629B1940C1559X,TE1A2B0C2D000X,1,1,1,1,2.0,2.0,2.0,1.0,0.0,0.0
6.25552,11,-10,315,0,E1A1627B1940C1557X,TE1A2B0C2D000X,1,1,1,1,2.0,2.0,2.0,1.0,0.0,0.0
6.26706,11,-10,315,0,E1A1625B1940C1556X,TE1A2B0C2D000X,1,1,1,1,2.0,2.0,2.0,1.0,0.0,0.0
6.27764,11,-10,315,0,E1A1624B1940C1555X,TE1A2B0C2D000X,1,1,1,1,2.0,2.0,2.0,1.0,0.0,0.0
6.29972,11,-10,315,0,E1A1622B1940C1554X,TE1A2B0C2D000X,1,1,1,1,2.0,2.0,2.0,1.0,0.0,0.0
6.31344,11,-10,315,0,E1A1621B1940C1552X,TE1A2B0C2D000X,1,1,1,1,2.0,2.0,2.0,1.0,0.0,0.0
6.32661,11,-10,315,0,E1A1619B1940C1551X,TE1A2B0C2D000X,1,1,1,1,2.0,2.0,2.0,1.0,0.0,0.0
6.33953,11,-10,315,0,E1A1618B1940C1550X,TE1A2B0C2D000X,1,1,1,1,2.0,2.0,2.0,1.0,0.0,0.0
6.35071,11,-10,315,0,E1A1617B1940C1549X,TE1A2B0C2D000X,1,1,1,1,2.0,2.0,2.0,1.0,0.0,0.0
6.36315,11,-10,314,0,E1A1615B1940C1548X,TE1A2B0C2D000X,1,1,1,1,2.0,2.0,2.0,1.0,0.0,0.0
6.37443,11,-10,314,0,E1A1614B1940C1547X,TE1A2B0C2D000X,1,1,1,1,2.0,2.0,2.0,1.0,0.0,0.0
6.38572,11,-10,314,0,E1A1613B1940C1545X,TE1A2B0C2D000X,1,1,1,1,2.0,2.0,2.0,1.0,0.0,0.0
6.41105,11,-10,314,0,E1A1611B1940C1544X,TE1A2B0C2D000X,1,1,1,1,2.0,2.0,2.0,1.0,0.0,0.0
6.42336,11,-10,315,0,E1A1611B1940C1543X,TE1A2B0C2D000X,1,1,1,1,2.0,2.0,2.0,1.0,0.0,0.0
6.43536,11,-10,315,0,E1A1610B1940C1541X,TE1A2B0C2D000X,1,1,1,1,2.0,2.0,2.0,1.0,0.0,0.0
6.44757,11,-10,315,0,E1A1609B1940C1541X,TE1A2B0C2D000X,1,1,1,1,2.0,2.0,2.0,1.0,0.0,0.0
6.45914,11,-10,316,0,E1A1608B1940C1540X,TE1A2B0C2D000X,1,1,1,1,2.0,2.0,2.0,1.0,0.0,0.0
6.47039,11,-10,315,0,E1A1607B1940C1538X,TE1A2B0C2D000X,1,1,1,1,2.0,2.0,2.0,1.0,0.0,0.0
6.48165,11,-10,315,0,E1A1605B1940C1537X,TE1A2B0C2D000X,1,1,1,1,2.0,2.0,2.0,1.0,0.0,0.0
6.4926,11,-10,315,0,E1A1603B1940C1536X,TE1A2B0C2D000X,1,1,1,1,2.0,2.0,2.0,1.0,0.0,0.0
6.50392,11,-10,315,0,E1A1601B1940C1535X,TE1A2B0C2D000X,1,1,1,1,2.0,2.0,2.0,1.0,0.0,0.0
6.51485,11,-10,315,0,E1A1599B1940C1534X,TE1A2B0C2D000X,1,1,1,1,2.0,2.0,2.0,1.0,0.0,0.0
6.52629,11,-10,315,0,E1A1597B1940C1533X,TE1A2B0C2D000X,1,1,1,1,2.0,2.0,2.0,1.0,0.0,0.0
6.53748,11,-10,315,0,E1A1596B1940C1532X,TE1A2B0C2D000X,1,1,1,1,2.0,2.0,2.0,1.0,0.0,0.0
6.54864,11,-10,315,0,E1A1595B1940C1531X,TE1A2B0C2D000X,1,1,1,1,2.0,2.0,2.0,1.0,0.0,0.0
6.55981,11,-10,314,0,E1A1594B1940C1529X,TE1A2B0C2D000X,1,1,1,1,2.0,2.0,2.0,1.0,0.0,0.0
6.57135,11,-10,314,0,E1A1593B1940C1529X,TE1A2B0C2D000X,1,1,1,1,2.0,2.0,2.0,1.0,0.0,0.0
6.58222,11,-10,314,0,E1A1592B1940C1527X,TE1A2B0C2D000X,1,1,1,1,2.0,2.0,2.0,1.0,0.0,0.0
6.59359,11,-10,314,0,E1A1590B1940C1526X,TE1A2B0C2D000X,1,1,1,1,2.0,2.0,2.0,1.0,0.0,0.0
6.60488,11,-10,314,0,E1A1589B1940C1525X,TE1A2B0C2D000X,1,1,1,1,2.0,2.0,2.0,1.0,0.0,0.0
6.61609,11,-10,314,0,E1A1588B1940C1524X,TE1A2B0C2D000X,1,1,1,1,2.0,2.0,2.0,1.0,0.0,0.0
6.62725,11,-10,315,0,E1A1587B1940C1523X,TE1A2B0C2D000X,1,1,1,1,2.0,2.0,2.0,1.0,0.0,0.0
6.63945,11,-10,315,0,E1A1586B1940C1522X,TE1A2B0C2D000X,1,1,1,1,2.0,2.0,2.0,1.0,0.0,0.0
6.65371,11,-10,315,0,E1A1585B1940C1521X,TE1A2B0C2D000X,1,1,1,1,2.0,2.0,2.0,1.0,0.0,0.0
6.67151,11,-10,315,0,E1A1583B1940C1519X,TE1A2B0C2D000X,1,1,1,1,2.0,2.0,2.0,1.0,0.0,0.0
6.68331,11,-10,315,0,E1A1582B1940C1517X,TE1A2B0C2D000X,1,1,1,1,2.0,2.0,2.0,1.0,0.0,0.0
6.69524,12,-10,314,0,E1A1580B1940C1514X,TE1A2B0C2D000X,1,1,1,1,2.0,2.0,2.0,1.0,0.0,0.0
6.70731,12,-10,314,0,E1A1578B1940C1511X,TE1A2B0C2D000X,1,1,1,1,2.0,2.0,2.0,1.0,0.0,0.0
6.73927,12,-11,314,0,E1A1575B1940C1507X,TE1A2B0C2D000X,1,1,1,1,2.0,2.0,2.0,1.0,0.0,0.0
6.78333,12,-11,314,0,E1A1572B1940C1504X,TE1A2B0C2D000X,1,1,1,1,2.0,2.0,2.0,1.0,0.0,0.0
6.79529,12,-11,314,0,E1A1570B1940C1500X,TE1A2B0C2D000X,1,1,1,1,2.0,2.0,2.0,1.0,0.0,0.0
6.80745,12,-11,314,0,E1A1568B1940C1496X,TE1A2B0C2D000X,1,1,1,1,2.0,2.0,2.0,1.0,0.0,0.0
6.81906,12,-11,314,0,E1A1565B1940C1493X,TE1A2B0C2D000X,1,1,1,1,2.0,2.0,2.0,1.0,0.0,0.0
6.83132,12,-11,314,0,E1A1563B1940C1491X,TE1A2B0C2D000X,1,1,1,1,2.0,2.0,2.0,1.0,0.0,0.0
6.84272,12,-11,314,0,E1A1561B1940C1488X,TE1A2B0C2D000X,1,1,1,1,2.0,2.0,2.0,1.0,0.0,0.0
6.85407,13,-11,314,0,E1A1560B1940C1486X,TE1A2B0C2D000X,1,1,1,1,2.0,2.0,2.0,1.0,0.0,0.0
6.86519,13,-12,314,0,E1A1559B1940C1483X,TE1A2B0C2D000X,1,1,1,1,2.0,2.0,2.0,1.0,0.0,0.0
6.87616,13,-12,314,0,E1A1558B1940C1481X,TE1A2B0C2D000X,1,1,1,1,2.0,2.0,2.0,1.0,0.0,0.0
6.88764,13,-12,314,0,E1A1557B1940C1479X,TE1A2B0C2D000X,1,1,1,1,2.0,2.0,2.0,1.0,0.0,0.0
6.90745,13,-12,314,0,E1A1556B1940C1476X,TE1A2B0C3D000X,1,1,1,1,2.0,2.0,2.0,1.0,0.0,0.0
6.91935,13,-12,314,0,E1A1555B1940C1474X,TE1A2B0C3D000X,1,1,1,1,2.0,2.0,2.0,1.0,0.0,0.0
6.93102,13,-12,314,0,E1A1554B1940C1472X,TE1A2B0C3D000X,1,1,1,1,2.0,2.0,2.0,1.0,0.0,0.0
6.95543,13,-12,314,0,E1A1553B1940C1469X,TE1A2B0C3D000X,1,1,1,1,2.0,2.0,2.0,1.0,0.0,0.0
6.96685,12,-12,314,0,E1A1553B1940C1466X,TE1A2B0C3D000X,1,1,1,1,2.0,2.0,2.0,1.0,0.0,0.0
6.97829,12,-12,314,0,E1A1552B1940C1464X,TE1A2B0C3D000X,1,1,1,1,2.0,2.0,2.0,1.0,0.0,0.0
6.98963,12,-12,314,0,E1A1551B1940C1462X,TE1A2B0C3D000X,1,1,1,1,2.0,2.0,2.0,1.0,0.0,0.0
7.0009,12,-13,314,0,E1A1550B1940C1460X,TE1A2B0C3D000X,1,1,1,1,2.0,2.0,2.0,1.0,0.0,0.0
7.012,12,-13,314,0,E1A1549B1940C1458X,TE1A2B0C3D000X,1,1,1,1,2.0,2.0,2.0,1.0,0.0,0.0
7.03136,12,-13,314,0,E1A1548B1940C1456X,TE1A2B0C3D000X,1,1,1,1,2.0,2.0,2.0,1.0,0.0,0.0
7.04337,12,-13,314,0,E1A1547B1940C1454X,TE1A2B0C3D000X,1,1,1,1,2.0,2.0,2.0,1.0,0.0,0.0
7.05538,12,-13,315,0,E1A1547B1940C1453X,TE1A2B0C3D000X,1,1,1,1,2.0,2.0,2.0,1.0,0.0,0.0
7.06721,12,-13,314,0,E1A1545B1940C1452X,TE1A2B0C3D000X,1,1,1,1,2.0,2.0,2.0,1.0,0.0,0.0
7.07921,12,-13,315,0,E1A1544B1940C1451X,TE1A2B0C3D000X,1,1,1,1,2.0,2.0,2.0,1.0,0.0,0.0
7.09149,12,-13,315,0,E1A1543B1940C1450X,TE1A2B0C3D000X,1,1,1,1,2.0,2.0,2.0,1.0,0.0,0.0
7.10323,12,-13,315,0,E1A1542B1940C1449X,TE1A2B0C3D000X,1,1,1,1,2.0,2.0,2.0,1.0,0.0,0.0
7.11406,12,-13,315,0,E1A1541B1940C1448X,TE1A2B0C3D000X,1,1,1,1,2.0,2.0,2.0,1.0,0.0,0.0
7.12573,12,-13,315,0,E1A1539B1940C1447X,TE1A2B0C3D000X,1,1,1,1,2.0,2.0,2.0,1.0,0.0,0.0
7.13715,12,-13,315,0,E1A1538B1940C1446X,TE1A2B0C3D000X,1,1,1,1,2.0,2.0,2.0,1.0,0.0,0.0
7.14836,12,-13,316,0,E1A1536B1940C1446X,TE1A2B0C3D000X,1,1,1,1,2.0,2.0,2.0,1.0,0.0,0.0
7.15931,12,-13,315,0,E1A1534B1940C1444X,TE1A2B0C3D000X,1,1,1,1,2.0,2.0,2.0,1.0,0.0,0.0
7.1706,12,-13,315,0,E1A1533B1940C1443X,TE1A2B0C3D000X,1,1,1,1,2.0,2.0,2.0,1.0,0.0,0.0
7.18159,12,-13,315,0,E1A1532B1940C1442X,TE1A2B0C3D000X,1,1,1,1,2.0,2.0,2.0,1.0,0.0,0.0
7.19311,12,-13,315,0,E1A1531B1940C1442X,TE1A2B0C3D000X,1,1,1,1,2.0,2.0,2.0,1.0,0.0,0.0
7.2045,12,-13,315,0,E1A1530B1940C1441X,TE1A2B0C3D000X,1,1,1,1,2.0,2.0,2.0,1.0,0.0,0.0
7.23529,13,-12,315,0,E1A1528B1940C1440X,TE1A2B0C3D000X,1,1,1,1,2.0,2.0,2.0,1.0,0.0,0.0
7.24756,13,-12,315,0,E1A1526B1940C1439X,TE1A2B0C3D000X,1,1,1,1,2.0,2.0,2.0,1.0,0.0,0.0
7.25949,13,-12,315,0,E1A1524B1940C1438X,TE1A2B0C3D000X,1,1,1,1,2.0,2.0,2.0,1.0,0.0,0.0
7.27139,12,-12,315,0,E1A1523B1940C1438X,TE1A2B0C3D000X,1,1,1,1,2.0,2.0,2.0,1.0,0.0,0.0
7.28259,12,-12,315,0,E1A1522B1940C1437X,TE1A2B0C3D000X,1,1,1,1,2.0,2.0,2.0,1.0,0.0,0.0
7.3153,12,-12,314,0,E1A1521B1940C1436X,TE1A2B0C3D000X,1,1,1,1,2.0,2.0,2.0,1.0,0.0,0.0
7.32754,12,-12,314,0,E1A1520B1940C1436X,TE1A2B0C3D000X,1,1,1,1,2.0,2.0,2.0,1.0,0.0,0.0
7.34738,12,-12,315,0,E1A1520B1940C1435X,TE1A2B0C3D000X,1,1,1,1,2.0,2.0,2.0,1.0,0.0,0.0
7.35957,12,-12,315,0,E1A1519B1940C1434X,TE1A2B0C3D000X,1,1,1,1,2.0,2.0,2.0,1.0,0.0,0.0
7.38341,12,-12,315,0,E1A1518B1940C1433X,TE1A2B0C3D000X,1,1,1,1,2.0,2.0,2.0,1.0,0.0,0.0
7.39538,12,-12,315,0,E1A1517B1940C1431X,TE1A2B0C3D000X,1,1,1,1,2.0,2.0,2.0,1.0,0.0,0.0
7.41517,12,-12,315,0,E1A1516B1940C1428X,TE1A2B0C3D000X,1,1,1,1,2.0,2.0,2.0,1.0,0.0,0.0
7.43932,12,-12,315,0,E1A1514B1940C1426X,TE1A2B0C3D000X,1,1,1,1,2.0,2.0,2.0,1.0,0.0,0.0
7.46329,12,-13,315,0,E1A1513B1940C1423X,TE1A2B0C3D000X,1,1,1,1,2.0,2.0,2.0,1.0,0.0,0.0
7.47465,12,-13,314,0,E1A1511B1940C1421X,TE1A2B0C3D000X,1,1,1,1,2.0,2.0,2.0,1.0,0.0,0.0
7.48589,12,-13,314,0,E1A1510B1940C1419X,TE1A2B0C3D000X,1,1,1,1,2.0,2.0,2.0,1.0,0.0,0.0
7.49699,12,-13,314,0,E1A1508B1940C1416X,TE1A2B0C3D000X,1,1,1,1,2.0,2.0,2.0,1.0,0.0,0.0
7.50837,13,-13,314,0,E1A1507B1940C1415X,TE1A2B0C3D000X,1,1,1,1,2.0,2.0,2.0,1.0,0.0,0.0
7.51951,13,-13,314,0,E1A1505B1940C1413X,TE1A2B0C3D000X,1,1,1,1,2.0,2.0,2.0,1.0,0.0,0.0
7.53115,13,-13,315,0,E1A1504B1940C1411X,TE1A2B0C3D000X,1,1,1,1,2.0,2.0,2.0,1.0,0.0,0.0
7.55108,13,-13,315,0,E1A1502B1940C1410X,TE1A2B0C3D000X,1,1,1,1,2.0,2.0,2.0,1.0,0.0,0.0
7.56317,13,-13,314,0,E1A1501B1940C1409X,TE1A2B0C3D000X,1,1,1,1,2.0,2.0,2.0,1.0,0.0,0.0
7.5753,13,-13,315,0,E1A1500B1940C1408X,TE1A2B0C3D000X,1,1,1,1,2.0,2.0,2.0,1.0,0.0,0.0
7.58683,13,-13,315,0,E1A1499B1940C1406X,TE1A2B0C3D000X,1,1,1,1,2.0,2.0,2.0,1.0,0.0,0.0
7.60949,13,-13,315,0,E1A1498B1940C1405X,TE1A2B0C3D000X,1,1,1,1,2.0,2.0,2.0,1.0,0.0,0.0
7.62076,13,-13,315,0,E1A1498B1940C1404X,TE1A2B0C3D000X,1,1,1,1,2.0,2.0,2.0,1.0,0.0,0.0
7.63182,13,-13,315,0,E1A1497B1940C1403X,TE1A2B0C3D000X,1,1,1,1,2.0,2.0,2.0,1.0,0.0,0.0
7.64307,12,-13,315,0,E1A1496B1940C1402X,TE1A2B0C3D000X,1,1,1,1,2.0,2.0,2.0,1.0,0.0,0.0
7.6635,12,-13,315,0,E1A1495B1940C1401X,TE1A2B0C3D000X,1,1,1,1,2.0,2.0,2.0,1.0,0.0,0.0
7.6755,12,-13,315,0,E1A1494B1940C1400X,TE1A2B0C3D000X,1,1,1,1,2.0,2.0,2.0,1.0,0.0,0.0
7.68734,12,-13,315,0,E1A1492B1940C1399X,TE1A2B0C3D000X,1,1,1,1,2.0,2.0,2.0,1.0,0.0,0.0
7.69937,12,-13,315,0,E1A1491B1940C1397X,TE1A2B0C3D000X,1,1,1,1,2.0,2.0,2.0,1.0,0.0,0.0
7.71092,13,-13,315,0,E1A1489B1940C1396X,TE1A2B0C3D000X,1,1,1,1,2.0,2.0,2.0,1.0,0.0,0.0
7.72318,13,-13,315,0,E1A1487B1940C1394X,TE1A2B0C3D000X,1,1,1,1,2.0,2.0,2.0,1.0,0.0,0.0
7.76901,13,-13,315,0,E1A1486B1940C1392X,TE1A2B0C3D000X,1,1,1,1,2.0,2.0,2.0,1.0,0.0,0.0
7.78054,13,-13,314,0,E1A1484B1940C1391X,TE1A2B0C3D000X,1,1,1,1,2.0,2.0,2.0,1.0,0.0,0.0
7.79182,13,-13,314,0,E1A1483B1940C1390X,TE1A2B0C3D000X,1,1,1,1,2.0,2.0,2.0,1.0,0.0,0.0
7.80302,13,-13,314,0,E1A1481B1940C1389X,TE1A2B0C3D000X,1,1,1,1,2.0,2.0,2.0,1.0,0.0,0.0
7.81433,13,-13,314,0,E1A1480B1940C1388X,TE1A2B0C3D000X,1,1,1,1,2.0,2.0,2.0,1.0,0.0,0.0
7.82554,13,-13,314,0,E1A1478B1940C1387X,TE1A2B0C3D000X,1,1,1,1,2.0,2.0,2.0,1.0,0.0,0.0
7.84742,13,-13,314,0,E1A1477B1940C1386X,TE1A3B0C3D000X,1,1,1,1,2.0,2.0,2.0,1.0,0.0,0.0
7.85888,13,-13,315,0,E1A1476B1940C1385X,TE1A3B0C3D000X,1,1,1,1,2.0,2.0,2.0,1.0,0.0,0.0
7.87012,13,-13,315,0,E1A1475B1940C1384X,TE1A3B0C3D000X,1,1,1,1,2.0,2.0,2.0,1.0,0.0,0.0
7.88132,13,-13,315,0,E1A1474B1940C1383X,TE1A3B0C3D000X,1,1,1,1,2.0,2.0,2.0,1.0,0.0,0.0
7.89225,13,-13,315,0,E1A1472B1940C1382X,TE1A3B0C3D000X,1,1,1,1,2.0,2.0,2.0,1.0,0.0,0.0
7.90352,13,-13,315,0,E1A1471B1940C1381X,TE1A3B0C3D000X,1,1,1,1,2.0,2.0,2.0,1.0,0.0,0.0
7.91544,13,-13,315,0,E1A1469B1940C1380X,TE1A3B0C3D000X,1,1,1,1,2.0,2.0,2.0,1.0,0.0,0.0
7.92681,13,-13,315,0,E1A1468B1940C1379X,TE1A3B0C3D000X,1,1,1,1,2.0,2.0,2.0,1.0,0.0,0.0
7.93828,13,-13,315,0,E1A1466B1940C1378X,TE1A3B0C3D000X,1,1,1,1,2.0,2.0,2.0,1.0,0.0,0.0
7.94952,13,-13,315,0,E1A1465B1940C1379X,TE1A3B0C3D000X,1,1,1,1,2.0,2.0,2.0,1.0,0.0,0.0
7.96033,13,-13,315,0,E1A1464B1940C1378X,TE1A3B0C3D000X,1,1,1,1,2.0,2.0,2.0,1.0,0.0,0.0
7.97171,13,-13,315,0,E1A1462B1940C1378X,TE1A3B0C3D000X,1,1,1,1,2.0,2.0,2.0,1.0,0.0,0.0
7.98296,13,-12,315,0,E1A1460B1940C1377X,TE1A3B0C3D000X,1,1,1,1,2.0,2.0,2.0,1.0,0.0,0.0
7.99445,13,-12,315,0,E1A1459B1940C1377X,TE1A3B0C3D000X,1,1,1,1,2.0,2.0,2.0,1.0,0.0,0.0
8.00578,13,-12,315,0,E1A1456B1940C1378X,TE1A3B0C3D000X,1,1,1,1,2.0,2.0,2.0,1.0,0.0,0.0
8.01719,13,-12,315,0,E1A1454B1940C1378X,TE1A3B0C3D000X,1,1,1,1,2.0,2.0,2.0,1.0,0.0,0.0
8.0282,13,-12,315,0,E1A1452B1940C1378X,TE1A3B0C3D000X,1,1,1,1,2.0,2.0,2.0,1.0,0.0,0.0
8.03947,13,-12,315,0,E1A1450B1940C1377X,TE1A3B0C3D000X,1,1,1,1,2.0,2.0,2.0,1.0,0.0,0.0
8.05045,13,-12,315,0,E1A1447B1940C1377X,TE1A3B0C3D000X,1,1,1,1,2.0,2.0,2.0,1.0,0.0,0.0
8.07136,13,-12,315,0,E1A1445B1940C1377X,TE1A3B0C3D000X,1,1,1,1,2.0,2.0,2.0,1.0,0.0,0.0
8.08346,13,-12,314,0,E1A1442B1940C1375X,TE1A3B0C3D000X,1,1,1,1,2.0,2.0,2.0,1.0,0.0,0.0
8.09544,13,-12,314,0,E1A1440B1940C1374X,TE1A3B0C3D000X,1,1,1,1,2.0,2.0,2.0,1.0,0.0,0.0
8.10757,13,-12,314,0,E1A1437B1940C1373X,TE1A3B0C3D000X,1,1,1,1,2.0,2.0,2.0,1.0,0.0,0.0
8.12972,14,-12,315,0,E1A1435B1940C1371X,TE1A3B0C3D000X,1,1,1,1,2.0,2.0,2.0,1.0,0.0,0.0
8.14121,14,-12,315,0,E1A1433B1940C1369X,TE1A3B0C3D000X,1,1,1,1,2.0,2.0,2.0,1.0,0.0,0.0
8.15296,14,-12,314,0,E1A1430B1940C1367X,TE1A3B0C3D000X,1,1,1,1,2.0,2.0,2.0,1.0,0.0,0.0
8.16471,14,-12,314,0,E1A1427B1940C1364X,TE1A3B0C3D000X,1,1,1,1,2.0,2.0,2.0,1.0,0.0,0.0
8.17594,14,-12,314,0,E1A1425B1940C1362X,TE1A3B0C3D000X,1,1,1,1,2.0,2.0,2.0,1.0,0.0,0.0
8.18768,14,-12,314,0,E1A1423B1940C1359X,TE1A3B0C3D000X,1,1,1,1,2.0,2.0,2.0,1.0,0.0,0.0
8.19948,14,-12,314,0,E1A1421B1940C1357X,TE1A3B0C3D000X,1,1,1,1,2.0,2.0,2.0,1.0,0.0,0.0
8.21102,14,-12,314,0,E1A1419B1940C1355X,TE1A3B0C3D000X,1,1,1,1,2.0,2.0,2.0,1.0,0.0,0.0
8.2225,14,-12,314,0,E1A1417B1940C1353X,TE1A3B0C3D000X,1,1,1,1,2.0,2.0,2.0,1.0,0.0,0.0
8.234,14,-12,314,0,E1A1415B1940C1351X,TE1A3B0C3D000X,1,1,1,1,2.0,2.0,2.0,1.0,0.0,0.0
8.2448,14,-12,314,0,E1A1413B1940C1350X,TE1A3B0C3D000X,1,1,1,1,2.0,2.0,2.0,1.0,0.0,0.0
8.25638,14,-12,314,0,E1A1411B1940C1348X,TE1A3B0C3D000X,1,1,1,1,2.0,2.0,2.0,1.0,0.0,0.0
8.27559,15,-12,314,0,E1A1410B1940C1347X,TE1A3B0C3D000X,1,1,1,1,2.0,2.0,2.0,1.0,0.0,0.0
8.28756,15,-12,314,0,E1A1408B1940C1346X,TE1A3B0C3D000X,1,1,1,1,2.0,2.0,2.0,1.0,0.0,0.0
8.29963,15,-12,315,0,E1A1406B1940C1345X,TE1A3B0C3D000X,1,1,1,1,2.0,2.0,2.0,1.0,0.0,0.0
8.31081,15,-12,315,0,E1A1405B1940C1344X,TE1A3B0C3D000X,1,1,1,1,2.0,2.0,2.0,1.0,0.0,0.0
8.32359,15,-12,315,0,E1A1403B1940C1344X,TE1A3B0C3D000X,1,1,1,1,2.0,2.0,2.0,1.0,0.0,0.0
8.33509,15,-12,315,0,E1A1402B1940C1343X,TE1A3B0C3D000X,1,1,1,1,2.0,2.0,2.0,1.0,0.0,0.0
8.34587,15,-12,315,0,E1A1400B1940C1342X,TE1A3B0C3D000X,1,1,1,1,2.0,2.0,2.0,1.0,0.0,0.0
8.35719,15,-12,314,0,E1A1398B1940C1341X,TE1A3B0C3D000X,1,1,1,1,2.0,2.0,2.0,1.0,0.0,0.0
8.36842,15,-12,314,0,E1A1397B1940C1340X,TE1A3B0C3D000X,1,1,1,1,2.0,2.0,2.0,1.0,0.0,0.0
8.37953,15,-12,314,0,E1A1395B1940C1339X,TE1A3B0C3D000X,1,1,1,1,2.0,2.0,2.0,1.0,0.0,0.0
8.39102,15,-12,314,0,E1A1394B1940C1339X,TE1A3B0C3D000X,1,1,1,1,2.0,2.0,2.0,1.0,0.0,0.0
8.41167,15,-12,315,0,E1A1393B1940C1338X,TE1A3B0C3D000X,1,1,1,1,2.0,2.0,2.0,1.0,0.0,0.0
8.42359,15,-12,315,0,E1A1391B1940C1337X,TE1A3B0C3D000X,1,1,1,1,2.0,2.0,2.0,1.0,0.0,0.0
8.44358,14,-12,315,0,E1A1391B1940C1336X,TE1A3B0C3D000X,1,1,1,1,2.0,2.0,2.0,1.0,0.0,0.0
8.45562,14,-12,315,0,E1A1390B1940C1336X,TE1A3B0C3D000X,1,1,1,1,2.0,2.0,2.0,1.0,0.0,0.0
8.46727,14,-12,315,0,E1A1390B1940C1335X,TE1A3B0C3D000X,1,1,1,1,2.0,2.0,2.0,1.0,0.0,0.0
8.4794,14,-12,315,0,E1A1389B1940C1335X,TE1A3B0C3D000X,1,1,1,1,2.0,2.0,2.0,1.0,0.0,0.0
8.49159,14,-12,314,0,E1A1388B1940C1334X,TE1A3B0C3D000X,1,1,1,1,2.0,2.0,2.0,1.0,0.0,0.0
8.50297,14,-12,314,0,E1A1387B1940C1334X,TE1A3B0C3D000X,1,1,1,1,2.0,2.0,2.0,1.0,0.0,0.0
8.52334,14,-12,314,0,E1A1386B1940C1333X,TE1A3B0C3D000X,1,1,1,1,2.0,2.0,2.0,1.0,0.0,0.0
8.54753,14,-12,315,0,E1A1385B1940C1333X,TE1A3B0C3D000X,1,1,1,1,2.0,2.0,2.0,1.0,0.0,0.0
8.56736,14,-11,314,0,E1A1384B1940C1334X,TE1A3B0C3D000X,1,1,1,1,2.0,2.0,2.0,1.0,0.0,0.0
8.57944,14,-11,314,0,E1A1382B1940C1335X,TE1A3B0C3D000X,1,1,1,1,2.0,2.0,2.0,1.0,0.0,0.0
8.59152,14,-11,315,0,E1A1382B1940C1336X,TE1A3B0C3D000X,1,1,1,1,2.0,2.0,2.0,1.0,0.0,0.0
8.6155,14,-11,315,0,E1A1380B1940C1338X,TE1A3B0C3D000X,1,1,1,1,2.0,2.0,2.0,1.0,0.0,0.0
8.62705,14,-11,315,0,E1A1380B1940C1340X,TE1A3B0C3D000X,1,1,1,1,2.0,2.0,2.0,1.0,0.0,0.0
8.64759,14,-10,315,0,E1A1377B1940C1341X,TE1A3B0C3D000X,1,1,1,1,2.0,2.0,2.0,1.0,0.0,0.0
8.65966,14,-10,315,0,E1A1374B1940C1342X,TE1A3B0C3D000X,1,1,1,1,2.0,2.0,2.0,1.0,0.0,0.0
8.67145,14,-10,315,0,E1A1372B1940C1343X,TE1A3B0C3D000X,1,1,1,1,2.0,2.0,2.0,1.0,0.0,0.0
8.6832,14,-10,315,0,E1A1369B1940C1344X,TE1A3B0C3D000X,1,1,1,1,2.0,2.0,2.0,1.0,0.0,0.0
8.69467,14,-10,314,0,E1A1366B1940C1345X,TE1A3B0C3D000X,1,1,1,1,2.0,2.0,2.0,1.0,0.0,0.0
8.70595,14,-9,314,0,E1A1364B1940C1345X,TE1A3B0C3D000X,1,1,1,1,2.0,2.0,2.0,1.0,0.0,0.0
8.71673,14,-9,314,0,E1A1361B1940C1345X,TE1A3B0C3D000X,1,1,1,1,2.0,2.0,2.0,1.0,0.0,0.0
8.72842,14,-9,314,0,E1A1359B1940C1345X,TE1A3B0C3D000X,1,1,1,1,2.0,2.0,2.0,1.0,0.0,0.0
8.74739,14,-9,314,0,E1A1357B1940C1345X,TE1A3B0C3D000X,1,1,1,1,2.0,2.0,2.0,1.0,0.0,0.0
8.75944,14,-9,314,0,E1A1355B1940C1344X,TE1A3B0C3D000X,1,1,1,1,2.0,2.0,2.0,1.0,0.0,0.0
8.77145,14,-9,314,0,E1A1353B1940C1344X,TE1A3B0C3D000X,1,1,1,1,2.0,2.0,2.0,1.0,0.0,0.0
8.78328,14,-9,314,0,E1A1351B1940C1343X,TE1A3B0C3D000X,1,1,1,1,2.0,2.0,2.0,1.0,0.0,0.0
8.79547,14,-9,314,0,E1A1350B1940C1342X,TE1A3B0C3D000X,1,1,1,1,2.0,2.0,2.0,1.0,0.0,0.0
8.82765,14,-9,314,0,E1A1347B1940C1341X,TE1A3B0C3D000X,1,1,1,1,2.0,2.0,2.0,1.0,0.0,0.0
8.83962,14,-9,314,0,E1A1346B1940C1340X,TE1A3B0C3D000X,1,1,1,1,2.0,2.0,2.0,1.0,0.0,0.0
8.85142,14,-9,314,0,E1A1343B1940C1338X,TE1A3B0C3D000X,1,1,1,1,2.0,2.0,2.0,1.0,0.0,0.0
8.86335,14,-9,314,0,E1A1341B1940C1336X,TE1A3B0C3D000X,1,1,1,1,2.0,2.0,2.0,1.0,0.0,0.0
8.87442,14,-9,313,0,E1A1338B1940C1332X,TE1A3B0C3D000X,1,1,1,1,2.0,2.0,2.0,1.0,0.0,0.0
8.88561,15,-9,313,0,E1A1336B1940C1331X,TE1A3B0C3D000X,1,1,1,1,2.0,2.0,2.0,1.0,0.0,0.0
8.90767,15,-9,314,0,E1A1335B1940C1329X,TE1A3B0C3D000X,1,1,1,1,2.0,2.0,2.0,1.0,0.0,0.0
8.91958,15,-9,314,0,E1A1333B1940C1327X,TE1A3B0C3D000X,1,1,1,1,2.0,2.0,2.0,1.0,0.0,0.0
8.93141,15,-9,314,0,E1A1331B1940C1326X,TE1A3B0C3D000X,1,1,1,1,2.0,2.0,2.0,1.0,0.0,0.0
8.94442,15,-9,314,0,E1A1329B1940C1324X,TE1A3B0C3D000X,1,1,1,1,2.0,2.0,2.0,1.0,0.0,0.0
8.95575,15,-9,314,0,E1A1327B1940C1323X,TE1A3B0C3D000X,1,1,1,1,2.0,2.0,2.0,1.0,0.0,0.0
8.96709,15,-9,314,0,E1A1324B1940C1321X,TE1A3B0C3D000X,1,1,1,1,2.0,2.0,2.0,1.0,0.0,0.0
8.97798,15,-9,314,0,E1A1322B1940C1320X,TE1A3B0C3D000X,1,1,1,1,2.0,2.0,2.0,1.0,0.0,0.0
8.99949,15,-9,314,0,E1A1320B1940C1320X,TE1A3B0C3D000X,1,1,1,1,2.0,2.0,2.0,1.0,0.0,0.0
9.01066,15,-9,314,0,E1A1318B1940C1320X,TE1A3B0C3D000X,1,1,1,1,2.0,2.0,2.0,1.0,0.0,0.0
9.02187,15,-9,313,0,E1A1315B1940C1318X,TE1A3B0C3D000X,1,1,1,1,2.0,2.0,2.0,1.0,0.0,0.0
9.05555,15,-9,313,0,E1A1314B1940C1318X,TE1A3B0C3D000X,1,1,1,1,2.0,2.0,2.0,1.0,0.0,0.0
9.06699,15,-9,313,0,E1A1312B1940C1318X,TE1A3B0C3D000X,1,1,1,1,2.0,2.0,2.0,1.0,0.0,0.0
9.07826,15,-9,314,0,E1A1312B1940C1318X,TE1A3B0C3D000X,1,1,1,1,2.0,2.0,2.0,1.0,0.0,0.0
9.08941,15,-9,315,0,E1A1311B1940C1319X,TE1A3B0C3D000X,1,1,1,1,2.0,2.0,2.0,1.0,0.0,0.0
9.1005,15,-9,314,0,E1A1310B1940C1318X,TE1A3B0C3D000X,1,1,1,1,2.0,2.0,2.0,1.0,0.0,0.0
9.1113,15,-9,314,0,E1A1308B1940C1317X,TE1A3B0C3D000X,1,1,1,1,2.0,2.0,2.0,1.0,0.0,0.0
9.12346,15,-9,314,0,E1A1307B1940C1317X,TE1A3B0C3D000X,1,1,1,1,2.0,2.0,2.0,1.0,0.0,0.0
9.13457,15,-9,314,0,E1A1306B1940C1318X,TE1A3B0C3D000X,1,1,1,1,2.0,2.0,2.0,1.0,0.0,0.0
9.14548,15,-9,314,0,E1A1306B1940C1318X,TE1A3B0C3D000X,1,1,1,1,2.0,2.0,2.0,1.0,0.0,0.0
9.15673,15,-9,315,0,E1A1306B1940C1319X,TE1A3B0C3D000X,1,1,1,1,2.0,2.0,2.0,1.0,0.0,0.0
9.16759,15,-8,314,0,E1A1304B1940C1319X,TE1A3B0C3D000X,1,1,1,1,2.0,2.0,2.0,1.0,0.0,0.0
9.17896,14,-8,315,0,E1A1304B1940C1320X,TE1A3B0C3D000X,1,1,1,1,2.0,2.0,2.0,1.0,0.0,0.0
9.19118,14,-8,314,0,E1A1303B1940C1320X,TE1A3B0C3D000X,1,1,1,1,2.0,2.0,2.0,1.0,0.0,0.0
9.20204,14,-8,314,0,E1A1302B1940C1319X,TE1A3B0C3D000X,1,1,1,1,2.0,2.0,2.0,1.0,0.0,0.0
9.21293,14,-8,314,0,E1A1301B1940C1320X,TE1A3B0C3D000X,1,1,1,1,2.0,2.0,2.0,1.0,0.0,0.0
9.22429,14,-8,315,0,E1A1301B1940C1322X,TE1A3B0C3D000X,1,1,1,1,2.0,2.0,2.0,1.0,0.0,0.0
9.23564,14,-8,315,0,E1A1300B1940C1323X,TE1A3B0C3D000X,1,1,1,1,2.0,2.0,2.0,1.0,0.0,0.0
9.26729,14,-8,315,0,E1A1300B1940C1325X,TE1A3B0C3D000X,1,1,1,1,2.0,2.0,2.0,1.0,0.0,0.0
9.27941,14,-7,315,0,E1A1299B1940C1327X,TE1A3B0C3D000X,1,1,1,1,2.0,2.0,2.0,1.0,0.0,0.0
9.29161,14,-7,315,0,E1A1298B1940C1329X,TE1A3B0C3D000X,1,1,1,1,2.0,2.0,2.0,1.0,0.0,0.0
9.30363,13,-7,315,0,E1A1298B1940C1332X,TE1A3B0C3D000X,1,1,1,1,2.0,2.0,2.0,1.0,0.0,0.0
9.31547,13,-7,315,0,E1A1297B1940C1334X,TE1A3B0C3D000X,1,1,1,1,2.0,2.0,2.0,1.0,0.0,0.0
9.32697,13,-6,315,0,E1A1296B1940C1336X,TE1A3B0C3D000X,1,1,1,1,2.0,2.0,2.0,1.0,0.0,0.0
9.33827,13,-6,315,0,E1A1296B1940C1339X,TE1A3B0C3D000X,1,1,1,1,2.0,2.0,2.0,1.0,0.0,0.0
9.34923,13,-6,315,0,E1A1297B1940C1343X,TE1A3B0C3D000X,1,1,1,1,2.0,2.0,2.0,1.0,0.0,0.0
9.3711,12,-5,315,0,E1A1295B1940C1347X,TE1A3B0C3D000X,1,1,1,1,2.0,2.0,2.0,1.0,0.0,0.0
9.39129,12,-5,315,0,E1A1295B1940C1352X,TE1A3B0C3D000X,1,1,1,1,2.0,2.0,2.0,1.0,0.0,0.0
9.40335,12,-4,314,0,E1A1294B1940C1356X,TE1A3B0C3D000X,1,1,1,1,2.0,2.0,2.0,1.0,0.0,0.0
9.41511,12,-4,314,0,E1A1294B1940C1360X,TE1A3B0C3D000X,1,1,1,1,2.0,2.0,2.0,1.0,0.0,0.0
9.43946,11,-4,314,0,E1A1294B1940C1365X,TE1A3B0C3D000X,1,1,1,1,2.0,2.0,2.0,1.0,0.0,0.0
9.45098,11,-3,314,0,E1A1296B1940C1370X,TE1A3B0C3D000X,1,1,1,1,2.0,2.0,2.0,1.0,0.0,0.0
9.46225,11,-3,314,0,E1A1297B1940C1374X,TE1A3B0C3D000X,1,1,1,1,2.0,2.0,2.0,1.0,0.0,0.0
9.47337,10,-2,313,0,E1A1297B1940C1378X,TE1A3B0C3D000X,1,1,1,1,2.0,2.0,2.0,1.0,0.0,0.0
9.50746,10,-2,313,0,E1A1299B1940C1382X,TE1A3B0C3D000X,1,1,1,1,2.0,2.0,2.0,1.0,0.0,0.0
9.51868,10,-2,314,0,E1A1300B1940C1386X,TE1A3B0C3D000X,1,1,1,1,2.0,2.0,2.0,1.0,0.0,0.0
9.52975,9,-2,314,0,E1A1397B1940C1477X,TE1A3B0C3D000X,1,1,1,1,2.0,2.0,2.0,1.0,0.0,0.0
9.54059,9,-1,314,0,E1A1478B1940C1553X,TE1A3B0C3D000X,1,1,1,1,2.0,2.0,2.0,1.0,0.0,0.0
9.55156,9,-1,314,0,E1A1546B1940C1616X,TE1A3B0C3D000X,1,1,1,1,2.0,2.0,2.0,1.0,0.0,0.0
9.57518,8,-1,314,0,E1A1601B1940C1668X,TE1A2B0C2D000X,1,1,1,1,2.0,2.0,2.0,1.0,0.0,0.0
9.58642,8,-1,314,0,E1A1647B1940C1710X,TE1A2B0C2D000X,1,1,1,1,2.0,2.0,2.0,1.0,0.0,0.0
9.59761,8,-1,314,0,E1A1684B1940C1745X,TE1A2B0C1D000X,1,1,1,1,2.0,2.0,2.0,1.0,0.0,0.0
9.60888,8,0,314,0,E1A1715B1940C1773X,TE1A2B0C1D000X,1,1,1,1,2.0,2.0,2.0,1.0,0.0,0.0
9.62022,7,0,314,0,E1A1740B1940C1797X,TE1A2B0C1D000X,1,1,1,1,2.0,2.0,2.0,1.0,0.0,0.0
9.63161,7,0,313,0,E1A1761B1940C1817X,TE1A1B0C1D000X,1,1,1,1,2.0,2.0,2.0,1.0,0.0,0.0
9.6425,7,0,313,0,E1A1778B1940C1833X,TE1A1B0C1D000X,1,1,1,1,2.0,2.0,2.0,1.0,0.0,0.0
9.65387,6,0,313,0,E1A1793B1940C1847X,TE1A1B0C1D000X,1,1,1,1,2.0,2.0,2.0,1.0,0.0,0.0
9.66606,6,0,313,0,E1A1807B1940C1860X,TE1A1B0C1D000X,1,1,1,1,2.0,2.0,2.0,1.0,0.0,0.0
9.67694,5,0,313,0,E1A1819B1940C1871X,TE1A1B0C1D000X,1,1,1,1,2.0,2.0,2.0,1.0,0.0,0.0
9.68838,5,0,312,0,E1A1829B1940C1880X,TE1A1B0C1D000X,1,1,1,1,2.0,2.0,2.0,1.0,0.0,0.0
9.6998,4,0,312,0,E1A1838B1940C1889X,TE1A1B0C1D000X,1,1,1,1,2.0,2.0,2.0,1.0,0.0,0.0
9.71071,4,0,311,0,E1A1845B1940C1898X,TE1A1B0C1D000X,1,1,1,1,2.0,2.0,2.0,1.0,0.0,0.0
9.72221,3,1,312,0,E1A1853B1940C1905X,TE1A1B0C1D000X,1,1,1,1,2.0,2.0,2.0,1.0,0.0,0.0
9.74378,3,1,311,0,E1A1860B1940C1914X,TE1A1B0C1D000X,1,1,1,1,2.0,2.0,2.0,1.0,0.0,0.0
9.75558,2,1,311,0,E1A1867B1940C1921X,TE1A1B0C1D000X,1,1,1,1,2.0,2.0,2.0,1.0,0.0,0.0
9.767,1,2,311,0,E1A1874B1944C1921X,TE1A1B0C1D000X,1,1,1,1,2.0,2.0,2.0,1.0,0.0,0.0
9.77779,0,2,311,0,E1A1887B1937C1921X,TE1A1B0C1D000X,1,1,1,1,2.0,2.0,2.0,1.0,0.0,0.0
9.7996,0,2,311,0,E1A1896B1929C1921X,TE1A1B0C1D000X,1,1,1,1,2.0,2.0,2.0,1.0,0.0,0.0
9.81154,0,2,311,0,E1A1901B1920C1921X,TE1A1B1C1D000X,1,1,1,1,2.0,2.0,2.0,1.0,0.0,0.0
9.83136,-1,3,311,0,E1A1905B1910C1921X,TE1A1B1C1D000X,1,1,1,1,2.0,2.0,2.0,1.0,0.0,0.0
9.84344,-1,3,310,0,E1A1908B1900C1921X,TE1A1B1C1D000X,1,1,1,1,2.0,2.0,2.0,1.0,0.0,0.0
9.85544,-2,3,310,0,E1A1911B1889C1921X,TE1A1B1C1D000X,1,1,1,1,2.0,2.0,2.0,1.0,0.0,0.0
9.87926,-2,3,310,0,E1A1914B1877C1921X,TE1A1B1C1D000X,1,1,1,1,2.0,2.0,2.0,1.0,0.0,0.0
9.89147,-3,3,309,0,E1A1917B1865C1921X,TE1A1B1C1D000X,1,1,1,1,2.0,2.0,2.0,1.0,0.0,0.0
9.90282,-3,3,310,0,E1A1919B1855C1921X,TE1A1B1C1D000X,1,1,1,1,2.0,2.0,2.0,1.0,0.0,0.0
9.91392,-4,3,310,0,E1A1922B1844C1921X,TE1A1B1C1D000X,1,1,1,1,2.0,2.0,2.0,1.0,0.0,0.0
9.92525,-4,3,309,0,E1A1924B1835C1921X,TE1A1B1C1D000X,1,1,1,1,2.0,2.0,2.0,1.0,0.0,0.0
9.93644,-5,3,309,0,E1A1924B1826C1925X,TE1A1B1C1D000X,1,1,1,1,2.0,2.0,2.0,1.0,0.0,0.0
9.94796,-5,3,309,0,E1A1924B1822C1923X,TE1A1B1C1D000X,1,1,1,1,2.0,2.0,2.0,1.0,0.0,0.0
9.96714,-6,3,309,0,E1A1924B1817C1921X,TE1A1B1C1D000X,1,1,1,1,2.0,2.0,2.0,1.0,0.0,0.0
9.97935,-6,3,310,0,E1A1924B1812C1919X,TE1A1B1C1D000X,1,1,1,1,2.0,2.0,2.0,1.0,0.0,0.0
9.99145,-6,3,309,0,E1A1924B1807C1918X,TE1A1B1C1D000X,1,1,1,1,2.0,2.0,2.0,1.0,0.0,0.0
10.0156,-7,3,309,0,E1A1924B1804C1916X,TE1A1B1C1D000X,1,1,1,1,2.0,2.0,2.0,1.0,0.0,0.0
10.0356,-7,3,309,0,E1A1924B1802C1914X,TE1A1B1C1D000X,1,1,1,1,2.0,2.0,2.0,1.0,0.0,0.0
10.0473,-7,3,309,0,E1A1924B1800C1913X,TE1A1B1C1D000X,1,1,1,1,2.0,2.0,2.0,1.0,0.0,0.0
10.0595,-7,3,308,0,E1A1924B1799C1912X,TE1A1B1C1D000X,1,1,1,1,2.0,2.0,2.0,1.0,0.0,0.0
10.0712,-7,3,308,0,E1A1924B1798C1912X,TE1A1B1C1D000X,1,1,1,1,2.0,2.0,2.0,1.0,0.0,0.0
10.0833,-7,3,308,0,E1A1924B1798C1911X,TE1A1B1C1D000X,1,1,1,1,2.0,2.0,2.0,1.0,0.0,0.0
10.1031,-7,3,308,0,E1A1924B1798C1911X,TE1A1B1C1D000X,1,1,1,1,2.0,2.0,2.0,1.0,0.0,0.0
10.1155,-7,3,308,0,E1A1924B1798C1911X,TE1A1B1C1D000X,1,1,1,1,2.0,2.0,2.0,1.0,0.0,0.0
10.1273,-7,3,308,0,E1A1924B1799C1910X,TE1A1B1C1D000X,1,1,1,1,2.0,2.0,2.0,1.0,0.0,0.0
10.1593,-7,3,308,0,E1A1924B1799C1910X,TE1A1B1C1D000X,1,1,1,1,2.0,2.0,2.0,1.0,0.0,0.0
10.1715,-7,3,308,0,E1A1924B1800C1911X,TE1A1B1C1D000X,1,1,1,1,2.0,2.0,2.0,1.0,0.0,0.0
10.1834,-7,3,308,0,E1A1924B1802C1911X,TE1A1B1C1D000X,1,1,1,1,2.0,2.0,2.0,1.0,0.0,0.0
10.1956,-7,3,307,0,E1A1924B1803C1910X,TE1A1B1C1D000X,1,1,1,1,2.0,2.0,2.0,1.0,0.0,0.0
10.2077,-7,3,308,0,E1A1924B1804C1910X,TE1A1B1C1D000X,1,1,1,1,2.0,2.0,2.0,1.0,0.0,0.0
10.219,-7,3,308,0,E1A1924B1805C1910X,TE1A1B1C1D000X,1,1,1,1,2.0,2.0,2.0,1.0,0.0,0.0
10.2394,-7,3,308,0,E1A1924B1807C1909X,TE1A1B1C1D000X,1,1,1,1,2.0,2.0,2.0,1.0,0.0,0.0
10.2513,-7,2,308,0,E1A1924B1808C1909X,TE1A1B1C1D000X,1,1,1,1,2.0,2.0,2.0,1.0,0.0,0.0
10.2759,-7,2,308,0,E1A1924B1811C1908X,TE1A1B1C1D000X,1,1,1,1,2.0,2.0,2.0,1.0,0.0,0.0
10.2873,-7,2,308,0,E1A1924B1813C1908X,TE1A1B1C1D000X,1,1,1,1,2.0,2.0,2.0,1.0,0.0,0.0
10.2986,-7,2,309,0,E1A1924B1816C1907X,TE1A1B1C1D000X,1,1,1,1,2.0,2.0,2.0,1.0,0.0,0.0
10.31,-7,2,309,0,E1A1924B1820C1906X,TE1A1B1C1D000X,1,1,1,1,2.0,2.0,2.0,1.0,0.0,0.0
10.3213,-7,2,309,0,E1A1924B1823C1906X,TE1A1B1C1D000X,1,1,1,1,2.0,2.0,2.0,1.0,0.0,0.0
10.3333,-7,2,309,0,E1A1924B1826C1905X,TE1A1B1C1D000X,1,1,1,1,2.0,2.0,2.0,1.0,0.0,0.0
10.3445,-6,1,308,0,E1A1924B1830C1905X,TE1A1B1C1D000X,1,1,1,1,2.0,2.0,2.0,1.0,0.0,0.0
10.3559,-6,1,308,0,E1A1924B1833C1904X,TE1A1B1C1D000X,1,1,1,1,2.0,2.0,2.0,1.0,0.0,0.0
10.3672,-6,1,308,0,E1A1924B1836C1904X,TE1A1B1C1D000X,1,1,1,1,2.0,2.0,2.0,1.0,0.0,0.0
10.3782,-6,1,308,0,E1A1924B1839C1903X,TE1A1B1C1D000X,1,1,1,1,2.0,2.0,2.0,1.0,0.0,0.0
10.3897,-6,1,308,0,E1A1924B1842C1903X,TE1A1B1C1D000X,1,1,1,1,2.0,2.0,2.0,1.0,0.0,0.0
10.4007,-6,1,308,0,E1A1924B1844C1903X,TE1A1B1C1D000X,1,1,1,1,2.0,2.0,2.0,1.0,0.0,0.0
10.4117,-6,1,308,0,E1A1924B1846C1903X,TE1A1B1C1D000X,1,1,1,1,2.0,2.0,2.0,1.0,0.0,0.0
10.4313,-6,1,309,0,E1A1924B1847C1903X,TE1A1B1C1D000X,1,1,1,1,2.0,2.0,2.0,1.0,0.0,0.0
10.4436,-6,1,309,0,E1A1924B1849C1903X,TE1A1B1C1D000X,1,1,1,1,2.0,2.0,2.0,1.0,0.0,0.0
10.4555,-6,1,309,0,E1A1924B1850C1904X,TE1A1B1C1D000X,1,1,1,1,2.0,2.0,2.0,1.0,0.0,0.0
10.4674,-6,1,310,0,E1A1924B1851C1904X,TE1A1B1C1D000X,1,1,1,1,2.0,2.0,2.0,1.0,0.0,0.0
10.4785,-6,1,310,0,E1A1924B1851C1904X,TE1A1B1C1D000X,1,1,1,1,2.0,2.0,2.0,1.0,0.0,0.0
10.4898,-5,1,310,0,E1A1924B1852C1905X,TE1A1B1C1D000X,1,1,1,1,2.0,2.0,2.0,1.0,0.0,0.0
10.501,-5,1,309,0,E1A1924B1852C1905X,TE1A1B1C1D000X,1,1,1,1,2.0,2.0,2.0,1.0,0.0,0.0
10.5117,-5,1,310,0,E1A1924B1853C1906X,TE1A1B1C1D000X,1,1,1,1,2.0,2.0,2.0,1.0,0.0,0.0
10.5234,-5,1,310,0,E1A1924B1853C1906X,TE1A1B1C1D000X,1,1,1,1,2.0,2.0,2.0,1.0,0.0,0.0
10.5343,-5,1,310,0,E1A1924B1853C1906X,TE1A1B1C1D000X,1,1,1,1,2.0,2.0,2.0,1.0,0.0,0.0
10.5453,-5,1,310,0,E1A1924B1854C1906X,TE1A1B1C1D000X,1,1,1,1,2.0,2.0,2.0,1.0,0.0,0.0
10.5567,-5,1,310,0,E1A1924B1855C1906X,TE1A1B1C1D000X,1,1,1,1,2.0,2.0,2.0,1.0,0.0,0.0
10.5681,-5,1,310,0,E1A1924B1855C1906X,TE1A1B1C1D000X,1,1,1,1,2.0,2.0,2.0,1.0,0.0,0.0
10.5792,-5,1,310,0,E1A1924B1857C1906X,TE1A1B1C1D000X,1,1,1,1,2.0,2.0,2.0,1.0,0.0,0.0
10.5916,-5,1,310,0,E1A1924B1857C1906X,TE1A1B1C1D000X,1,1,1,1,2.0,2.0,2.0,1.0,0.0,0.0
10.6029,-5,1,310,0,E1A1924B1858C1905X,TE1A1B1C1D000X,1,1,1,1,2.0,2.0,2.0,1.0,0.0,0.0
10.6153,-5,1,310,0,E1A1924B1859C1905X,TE1A1B1C1D000X,1,1,1,1,2.0,2.0,2.0,1.0,0.0,0.0
10.6262,-5,1,310,0,E1A1924B1860C1905X,TE1A1B1C1D000X,1,1,1,1,2.0,2.0,2.0,1.0,0.0,0.0
10.6376,-5,0,310,0,E1A1924B1861C1904X,TE1A1B1C1D000X,1,1,1,1,2.0,2.0,2.0,1.0,0.0,0.0
10.6487,-5,0,310,0,E1A1924B1861C1903X,TE1A1B1C1D000X,1,1,1,1,2.0,2.0,2.0,1.0,0.0,0.0
10.6603,-5,0,310,0,E1A1924B1862C1903X,TE1A1B1C1D000X,1,1,1,1,2.0,2.0,2.0,1.0,0.0,0.0
10.6794,-5,0,310,0,E1A1924B1862C1903X,TE1A1B1C1D000X,1,1,1,1,2.0,2.0,2.0,1.0,0.0,0.0
10.7035,-5,0,310,0,E1A1924B1862C1902X,TE1A1B1C1D000X,1,1,1,1,2.0,2.0,2.0,1.0,0.0,0.0
10.7154,-5,0,310,0,E1A1924B1862C1901X,TE1A1B1C1D000X,1,1,1,1,2.0,2.0,2.0,1.0,0.0,0.0
10.7266,-5,0,310,0,E1A1924B1862C1900X,TE1A1B1C1D000X,1,1,1,1,2.0,2.0,2.0,1.0,0.0,0.0
10.7377,-5,0,310,0,E1A1924B1861C1900X,TE1A1B1C1D000X,1,1,1,1,2.0,2.0,2.0,1.0,0.0,0.0
10.7488,-5,0,311,0,E1A1924B1861C1900X,TE1A1B1C1D000X,1,1,1,1,2.0,2.0,2.0,1.0,0.0,0.0
10.7595,-5,0,311,0,E1A1924B1861C1900X,TE1A1B1C1D000X,1,1,1,1,2.0,2.0,2.0,1.0,0.0,0.0
10.7713,-5,0,311,0,E1A1924B1860C1899X,TE1A1B1C1D000X,1,1,1,1,2.0,2.0,2.0,1.0,0.0,0.0
10.783,-5,0,311,0,E1A1924B1860C1900X,TE1A1B1C1D000X,1,1,1,1,2.0,2.0,2.0,1.0,0.0,0.0
10.8033,-5,0,311,0,E1A1924B1860C1900X,TE1A1B1C1D000X,1,1,1,1,2.0,2.0,2.0,1.0,0.0,0.0
10.8153,-5,0,311,0,E1A1924B1860C1900X,TE1A1B1C1D000X,1,1,1,1,2.0,2.0,2.0,1.0,0.0,0.0
10.8275,-5,0,311,0,E1A1924B1860C1900X,TE1A1B1C1D000X,1,1,1,1,2.0,2.0,2.0,1.0,0.0,0.0
10.8396,-5,0,311,0,E1A1924B1860C1901X,TE1A1B1C1D000X,1,1,1,1,2.0,2.0,2.0,1.0,0.0,0.0
10.8506,-5,0,311,0,E1A1924B1860C1901X,TE1A1B1C1D000X,1,1,1,1,2.0,2.0,2.0,1.0,0.0,0.0
10.862,-5,0,311,0,E1A1924B1859C1901X,TE1A1B1C1D000X,1,1,1,1,2.0,2.0,2.0,1.0,0.0,0.0
10.8731,-5,0,311,0,E1A1924B1859C1902X,TE1A1B1C1D000X,1,1,1,1,2.0,2.0,2.0,1.0,0.0,0.0
10.8846,-5,0,311,0,E1A1924B1859C1902X,TE1A1B1C1D000X,1,1,1,1,2.0,2.0,2.0,1.0,0.0,0.0
10.8956,-5,0,311,0,E1A1924B1858C1902X,TE1A1B1C1D000X,1,1,1,1,2.0,2.0,2.0,1.0,0.0,0.0
10.9156,-5,0,311,0,E1A1924B1857C1902X,TE1A1B1C1D000X,1,1,1,1,2.0,2.0,2.0,1.0,0.0,0.0
10.9275,-5,0,311,0,E1A1924B1856C1902X,TE1A1B1C1D000X,1,1,1,1,2.0,2.0,2.0,1.0,0.0,0.0
10.9514,-6,0,311,0,E1A1924B1856C1902X,TE1A1B1C1D000X,1,1,1,1,2.0,2.0,2.0,1.0,0.0,0.0
10.9634,-6,0,311,0,E1A1924B1855C1901X,TE1A1B1C1D000X,1,1,1,1,2.0,2.0,2.0,1.0,0.0,0.0
10.9756,-6,0,311,0,E1A1924B1855C1901X,TE1A1B1C1D000X,1,1,1,1,2.0,2.0,2.0,1.0,0.0,0.0
10.987,-6,0,311,0,E1A1924B1856C1901X,TE1A1B1C1D000X,1,1,1,1,2.0,2.0,2.0,1.0,0.0,0.0
11.0314,-6,0,310,1,E1A1924B1857C1900X,TE1A1B1C1D000X,1,1,1,1,2.0,2.0,2.0,1.0,0.0,0.0
