timestamp,errXmm,errYmm,errZmm,TouchDetected,OutgoingPacket,IncomingPacket,Serial0Enabled,Serial0Open,Serial1Enabled,Serial1Open,kpx,kpy,kix,kiy,kdx,kdy
0.000950144,-9,-28,412,0,E1A1918B1860C1465X,TE1A1B1C4D000X,1,1,1,1,1.4,1.4,1.0,1.0,0.0,0.0
0.0130865,-9,-28,411,0,E1A1918B1860C1465X,TE1A1B1C3D000X,1,1,1,1,1.4,1.4,1.0,1.0,0.0,0.0
0.0261746,-9,-28,412,0,E1A1918B1860C1464X,TE1A1B1C3D000X,1,1,1,1,1.4,1.4,1.0,1.0,0.0,0.0
0.03939,-9,-28,411,0,E1A1918B1860C1462X,TE1A1B1C3D000X,1,1,1,1,1.4,1.4,1.0,1.0,0.0,0.0
0.0546124,-9,-28,412,0,E1A1918B1860C1460X,TE1A1B1C3D000X,1,1,1,1,1.4,1.4,1.0,1.0,0.0,0.0
0.0686689,-9,-28,414,0,E1A1918B1859C1457X,TE1A1B1C3D000X,1,1,1,1,1.4,1.4,1.0,1.0,0.0,0.0
0.0864348,376,12,300,0,E1A0420B1859C1180X,TE1A1B1C3D000X,1,1,1,1,1.4,1.4,1.0,1.0,0.0,0.0
0.0984156,378,13,302,0,E1A0419B1859C1181X,TE1A1B1C3D000X,1,1,1,1,1.4,1.4,1.0,1.0,0.0,0.0
0.123371,392,14,312,0,E1A0417B1859C1183X,TE1A7B1C4D000X,1,1,1,1,1.4,1.4,1.0,1.0,0.0,0.0
0.134783,392,14,312,0,E1A0417B1859C1183X,TE1A7B1C4D000X,1,1,1,1,1.4,1.4,1.0,1.0,0.0,0.0
0.153649,392,14,312,0,E1A0417B1859C1183X,TE1A7B1C4D000X,1,1,1,1,1.4,1.4,1.0,1.0,0.0,0.0
0.1664,392,14,312,0,E1A0417B1859C1183X,TE1A7B1C4D000X,1,1,1,1,1.4,1.4,1.0,1.0,0.0,0.0
0.178238,392,14,312,0,E1A0417B1859C1183X,TE1A7B1C4D000X,1,1,1,1,1.4,1.4,1.0,1.0,0.0,0.0
0.198289,392,14,312,0,E1A0417B1859C1183X,TE1A7B1C4D000X,1,1,1,1,1.4,1.4,1.0,1.0,0.0,0.0
0.209929,392,14,312,0,E1A0417B1859C1183X,TE1A7B1C4D000X,1,1,1,1,1.4,1.4,1.0,1.0,0.0,0.0
0.221963,392,14,312,0,E1A0417B1859C1183X,TE1A7B1C4D000X,1,1,1,1,1.4,1.4,1.0,1.0,0.0,0.0
0.234989,392,14,312,0,E1A0417B1859C1183X,TE1A7B1C4D000X,1,1,1,1,1.4,1.4,1.0,1.0,0.0,0.0
0.247013,392,14,312,0,E1A0417B1859C1183X,TE1A7B1C4D000X,1,1,1,1,1.4,1.4,1.0,1.0,0.0,0.0
0.257904,392,14,312,0,E1A0417B1859C1183X,TE1A7B1C4D000X,1,1,1,1,1.4,1.4,1.0,1.0,0.0,0.0
0.269003,392,14,312,0,E1A0417B1859C1183X,TE1A7B1C4D000X,1,1,1,1,1.4,1.4,1.0,1.0,0.0,0.0
0.281188,392,14,312,0,E1A0417B1859C1183X,TE1A7B1C4D000X,1,1,1,1,1.4,1.4,1.0,1.0,0.0,0.0
0.292302,392,14,312,0,E1A0417B1859C1183X,TE1A7B1C4D000X,1,1,1,1,1.4,1.4,1.0,1.0,0.0,0.0
0.3034,392,14,312,0,E1A0417B1859C1183X,TE1A7B1C4D000X,1,1,1,1,1.4,1.4,1.0,1.0,0.0,0.0
0.315091,392,14,312,0,E1A0417B1859C1183X,TE1A7B1C4D000X,1,1,1,1,1.4,1.4,1.0,1.0,0.0,0.0
0.325862,392,14,312,0,E1A0417B1859C1183X,TE1A7B1C4D000X,1,1,1,1,1.4,1.4,1.0,1.0,0.0,0.0
0.337386,392,14,312,0,E1A0417B1859C1183X,TE1A7B1C4D000X,1,1,1,1,1.4,1.4,1.0,1.0,0.0,0.0
0.349509,392,14,312,0,E1A0417B1859C1183X,TE1A7B1C4D000X,1,1,1,1,1.4,1.4,1.0,1.0,0.0,0.0
0.360983,385,14,298,0,E1A0418B1859C1182X,TE1A7B1C4D000X,1,1,1,1,1.4,1.4,1.0,1.0,0.0,0.0
0.372178,383,14,294,0,E1A0417B1859C1182X,TE1A7B1C4D000X,1,1,1,1,1.4,1.4,1.0,1.0,0.0,0.0
0.383982,384,14,294,0,E1A0417B1859C1183X,TE1A7B1C4D000X,1,1,1,1,1.4,1.4,1.0,1.0,0.0,0.0
0.395967,381,14,292,0,E1A0416B1859C1183X,TE1A7B1C4D000X,1,1,1,1,1.4,1.4,1.0,1.0,0.0,0.0
0.407587,380,14,292,0,E1A0415B1859C1184X,TE1A7B1C4D000X,1,1,1,1,1.4,1.4,1.0,1.0,0.0,0.0
0.426445,380,15,293,0,E1A0414B1859C1185X,TE1A7B1C4D000X,1,1,1,1,1.4,1.4,1.0,1.0,0.0,0.0
0.438424,380,15,295,0,E1A0413B1859C1187X,TE1A7B1C4D000X,1,1,1,1,1.4,1.4,1.0,1.0,0.0,0.0
0.450456,378,16,296,0,E1A0412B1859C1188X,TE1A7B1C4D000X,1,1,1,1,1.4,1.4,1.0,1.0,0.0,0.0
0.462399,376,16,298,0,E1A0411B1859C1188X,TE1A7B1C4D000X,1,1,1,1,1.4,1.4,1.0,1.0,0.0,0.0
0.482264,375,16,300,0,E1A0411B1859C1189X,TE1A7B1C4D000X,1,1,1,1,1.4,1.4,1.0,1.0,0.0,0.0
0.493889,373,16,303,0,E1A0411B1859C1189X,TE1A7B1C4D000X,1,1,1,1,1.4,1.4,1.0,1.0,0.0,0.0
0.506243,372,16,306,0,E1A0411B1859C1189X,TE1A7B1C4D000X,1,1,1,1,1.4,1.4,1.0,1.0,0.0,0.0
0.518798,372,16,309,0,E1A0411B1859C1188X,TE1A7B1C4D000X,1,1,1,1,1.4,1.4,1.0,1.0,0.0,0.0
0.5307,370,15,312,0,E1A0412B1859C1188X,TE1A7B1C4D000X,1,1,1,1,1.4,1.4,1.0,1.0,0.0,0.0
0.550444,367,15,315,0,E1A0412B1859C1187X,TE1A7B1C4D000X,1,1,1,1,1.4,1.4,1.0,1.0,0.0,0.0
0.57475,365,15,318,0,E1A0413B1859C1186X,TE1A7B1C4D000X,1,1,1,1,1.4,1.4,1.0,1.0,0.0,0.0
0.586474,362,14,321,0,E1A0414B1859C1186X,TE1A7B1C4D000X,1,1,1,1,1.4,1.4,1.0,1.0,0.0,0.0
0.598083,359,14,324,0,E1A0415B1859C1185X,TE1A7B1C4D000X,1,1,1,1,1.4,1.4,1.0,1.0,0.0,0.0
0.609665,356,13,327,0,E1A0415B1859C1185X,TE1A7B1C4D000X,1,1,1,1,1.4,1.4,1.0,1.0,0.0,0.0
0.621116,353,13,330,0,E1A0415B1859C1184X,TE1A7B1C4D000X,1,1,1,1,1.4,1.4,1.0,1.0,0.0,0.0
0.632233,350,13,332,0,E1A0415B1859C1184X,TE1A7B1C4D000X,1,1,1,1,1.4,1.4,1.0,1.0,0.0,0.0
0.643737,347,13,334,0,E1A0415B1859C1184X,TE1A7B1C4D000X,1,1,1,1,1.4,1.4,1.0,1.0,0.0,0.0
0.656698,344,13,337,0,E1A0415B1859C1185X,TE1A7B1C4D000X,1,1,1,1,1.4,1.4,1.0,1.0,0.0,0.0
0.667908,341,13,339,0,E1A0415B1859C1185X,TE1A7B1C4D000X,1,1,1,1,1.4,1.4,1.0,1.0,0.0,0.0
0.67936,337,13,340,0,E1A0414B1859C1186X,TE1A7B1C4D000X,1,1,1,1,1.4,1.4,1.0,1.0,0.0,0.0
0.692957,335,13,343,0,E1A0413B1859C1186X,TE1A7B1C4D000X,1,1,1,1,1.4,1.4,1.0,1.0,0.0,0.0
0.704316,332,13,345,0,E1A0413B1859C1187X,TE1A7B1C4D000X,1,1,1,1,1.4,1.4,1.0,1.0,0.0,0.0
0.716231,328,14,346,0,E1A0412B1859C1188X,TE1A7B1C4D000X,1,1,1,1,1.4,1.4,1.0,1.0,0.0,0.0
0.727682,325,14,349,0,E1A0410B1859C1189X,TE1A7B1C4D000X,1,1,1,1,1.4,1.4,1.0,1.0,0.0,0.0
0.739315,322,14,350,0,E1A0409B1859C1190X,TE1A7B1C4D000X,1,1,1,1,1.4,1.4,1.0,1.0,0.0,0.0
0.754035,318,14,352,0,E1A0408B1859C1192X,TE1A7B1C4D000X,1,1,1,1,1.4,1.4,1.0,1.0,0.0,0.0
0.774315,314,15,354,0,E1A0406B1859C1193X,TE1A7B1C4D000X,1,1,1,1,1.4,1.4,1.0,1.0,0.0,0.0
0.786332,310,15,356,0,E1A0405B1859C1195X,TE1A7B1C4D000X,1,1,1,1,1.4,1.4,1.0,1.0,0.0,0.0
0.810378,306,15,359,0,E1A0403B1859C1196X,TE1A7B1C4D000X,1,1,1,1,1.4,1.4,1.0,1.0,0.0,0.0
0.821903,302,16,361,0,E1A0402B1859C1198X,TE1A7B1C4D000X,1,1,1,1,1.4,1.4,1.0,1.0,0.0,0.0
0.834513,298,16,364,0,E1A0401B1859C1199X,TE1A7B1C4D000X,1,1,1,1,1.4,1.4,1.0,1.0,0.0,0.0
0.845576,294,16,366,0,E1A0400B1859C1200X,TE1A7B1C4D000X,1,1,1,1,1.4,1.4,1.0,1.0,0.0,0.0
0.857286,290,16,368,0,E1A0399B1859C1200X,TE1A7B1C4D000X,1,1,1,1,1.4,1.4,1.0,1.0,0.0,0.0
0.868771,288,16,372,0,E1A0399B1859C1201X,TE1A7B1C4D000X,1,1,1,1,1.4,1.4,1.0,1.0,0.0,0.0
0.880319,285,16,375,0,E1A0398B1859C1202X,TE1A7B1C4D000X,1,1,1,1,1.4,1.4,1.0,1.0,0.0,0.0
0.891758,282,15,378,0,E1A0398B1859C1202X,TE1A7B1C4D000X,1,1,1,1,1.4,1.4,1.0,1.0,0.0,0.0
0.910592,278,15,381,0,E1A0397B1859C1202X,TE1A7B1C4D000X,1,1,1,1,1.4,1.4,1.0,1.0,0.0,0.0
0.922355,275,15,384,0,E1A0397B1859C1203X,TE1A7B1C4D000X,1,1,1,1,1.4,1.4,1.0,1.0,0.0,0.0
0.934334,273,15,388,0,E1A0396B1859C1203X,TE1A7B1C4D000X,1,1,1,1,1.4,1.4,1.0,1.0,0.0,0.0
0.946012,269,15,389,0,E1A0396B1859C1204X,TE1A7B1C4D000X,1,1,1,1,1.4,1.4,1.0,1.0,0.0,0.0
0.966558,266,15,392,0,E1A0395B1859C1205X,TE1A7B1C4D000X,1,1,1,1,1.4,1.4,1.0,1.0,0.0,0.0
0.978846,262,15,394,0,E1A0393B1859C1206X,TE1A7B1C4D000X,1,1,1,1,1.4,1.4,1.0,1.0,0.0,0.0
1.00218,259,15,396,0,E1A0392B1859C1208X,TE1A7B1C4D000X,1,1,1,1,1.4,1.4,1.0,1.0,0.0,0.0
1.0465,255,15,400,0,E1A0391B1859C1209X,TE1A7B1C4D000X,1,1,1,1,1.4,1.4,1.0,1.0,0.0,0.0
1.05812,251,15,402,0,E1A0390B1859C1210X,TE1A7B1C4D000X,1,1,1,1,1.4,1.4,1.0,1.0,0.0,0.0
1.07082,248,15,405,0,E1A0390B1859C1210X,TE1A7B1C4D000X,1,1,1,1,1.4,1.4,1.0,1.0,0.0,0.0
1.08288,244,15,408,0,E1A0390B1859C1210X,TE1A7B1C4D000X,1,1,1,1,1.4,1.4,1.0,1.0,0.0,0.0
1.09463,241,14,410,0,E1A0390B1859C1209X,TE1A7B1C4D000X,1,1,1,1,1.4,1.4,1.0,1.0,0.0,0.0
1.10638,237,14,412,0,E1A0391B1859C1209X,TE1A7B1C4D000X,1,1,1,1,1.4,1.4,1.0,1.0,0.0,0.0
1.11773,235,13,415,0,E1A0392B1859C1208X,TE1A7B1C4D000X,1,1,1,1,1.4,1.4,1.0,1.0,0.0,0.0
1.12938,232,12,416,0,E1A0393B1859C1207X,TE1A7B1C4D000X,1,1,1,1,1.4,1.4,1.0,1.0,0.0,0.0
1.14143,229,12,418,0,E1A0395B1859C1205X,TE1A7B1C4D000X,1,1,1,1,1.4,1.4,1.0,1.0,0.0,0.0
1.16105,227,11,420,0,E1A0396B1859C1203X,TE1A7B1C4D000X,1,1,1,1,1.4,1.4,1.0,1.0,0.0,0.0
1.17281,225,10,422,0,E1A0398B1859C1201X,TE1A7B1C4D000X,1,1,1,1,1.4,1.4,1.0,1.0,0.0,0.0
1.18468,223,9,423,0,E1A0400B1859C1199X,TE1A7B1C4D000X,1,1,1,1,1.4,1.4,1.0,1.0,0.0,0.0
1.19662,220,8,425,0,E1A0403B1859C1197X,TE1A7B1C4D000X,1,1,1,1,1.4,1.4,1.0,1.0,0.0,0.0
1.2082,218,7,426,0,E1A0405B1859C1194X,TE1A7B1C4D000X,1,1,1,1,1.4,1.4,1.0,1.0,0.0,0.0
1.22112,215,6,427,0,E1A0408B1859C1192X,TE1A7B1C4D000X,1,1,1,1,1.4,1.4,1.0,1.0,0.0,0.0
1.23311,214,5,429,0,E1A0411B1859C1189X,TE1A7B1C4D000X,1,1,1,1,1.4,1.4,1.0,1.0,0.0,0.0
1.24481,213,4,431,0,E1A0414B1859C1186X,TE1A7B1C4D000X,1,1,1,1,1.4,1.4,1.0,1.0,0.0,0.0
1.26265,211,3,432,0,E1A0417B1859C1183X,TE1A7B1C4D000X,1,1,1,1,1.4,1.4,1.0,1.0,0.0,0.0
1.27405,209,2,434,0,E1A0419B1859C1180X,TE1A7B1C4D000X,1,1,1,1,1.4,1.4,1.0,1.0,0.0,0.0
1.28541,207,2,435,0,E1A0422B1859C1177X,TE1A7B1C4D000X,1,1,1,1,1.4,1.4,1.0,1.0,0.0,0.0
1.29763,205,1,435,0,E1A0425B1859C1175X,TE1A7B1C4D000X,1,1,1,1,1.4,1.4,1.0,1.0,0.0,0.0
1.30925,204,0,437,0,E1A0428B1859C1172X,TE1A7B1C4D000X,1,1,1,1,1.4,1.4,1.0,1.0,0.0,0.0
1.34249,203,0,438,0,E1A0430B1859C1169X,TE1A7B1C4D000X,1,1,1,1,1.4,1.4,1.0,1.0,0.0,0.0
1.35472,202,-1,440,0,E1A0433B1859C1167X,TE1A7B1C4D000X,1,1,1,1,1.4,1.4,1.0,1.0,0.0,0.0
1.37423,201,-2,442,0,E1A0436B1859C1164X,TE1A7B1C4D000X,1,1,1,1,1.4,1.4,1.0,1.0,0.0,0.0
1.38657,199,-2,443,0,E1A0438B1859C1161X,TE1A7B1C4D000X,1,1,1,1,1.4,1.4,1.0,1.0,0.0,0.0
1.39892,198,-3,444,0,E1A0441B1859C1159X,TE1A7B1C4D000X,1,1,1,1,1.4,1.4,1.0,1.0,0.0,0.0
1.41057,196,-4,444,0,E1A0443B1859C1157X,TE1A7B1C4D000X,1,1,1,1,1.4,1.4,1.0,1.0,0.0,0.0
1.42213,194,-4,444,0,E1A0447B1859C1155X,TE1A7B1C4D000X,1,1,1,1,1.4,1.4,1.0,1.0,0.0,0.0
1.43354,192,-5,444,0,E1A0456B1859C1156X,TE1A7B1C4D000X,1,1,1,1,1.4,1.4,1.0,1.0,0.0,0.0
1.4453,191,-5,445,0,E1A0465B1859C1157X,TE1A7B1C4D000X,1,1,1,1,1.4,1.4,1.0,1.0,0.0,0.0
1.45703,189,-6,445,0,E1A0473B1859C1158X,TE1A7B1C4D000X,1,1,1,1,1.4,1.4,1.0,1.0,0.0,0.0
1.46915,188,-6,445,0,E1A0481B1859C1159X,TE1A7B1C4D000X,1,1,1,1,1.4,1.4,1.0,1.0,0.0,0.0
1.4937,186,-6,445,0,E1A0490B1859C1161X,TE1A7B1C4D000X,1,1,1,1,1.4,1.4,1.0,1.0,0.0,0.0
1.51113,183,-7,445,0,E1A0500B1859C1163X,TE1A7B1C4D000X,1,1,1,1,1.4,1.4,1.0,1.0,0.0,0.0
1.52885,181,-7,444,0,E1A0510B1859C1165X,TE1A7B1C4D000X,1,1,1,1,1.4,1.4,1.0,1.0,0.0,0.0
1.54072,178,-7,443,0,E1A0520B1859C1168X,TE1A7B1C4D000X,1,1,1,1,1.4,1.4,1.0,1.0,0.0,0.0
1.55434,176,-7,444,0,E1A0532B1859C1172X,TE1A7B1C4D000X,1,1,1,1,1.4,1.4,1.0,1.0,0.0,0.0
1.56619,173,-7,445,0,E1A0544B1859C1175X,TE1A7B1C4D000X,1,1,1,1,1.4,1.4,1.0,1.0,0.0,0.0
1.57829,171,-7,446,0,E1A0556B1859C1180X,TE1A7B1C4D000X,1,1,1,1,1.4,1.4,1.0,1.0,0.0,0.0
1.59018,169,-7,447,0,E1A0568B1859C1184X,TE1A7B1C4D000X,1,1,1,1,1.4,1.4,1.0,1.0,0.0,0.0
1.60233,166,-7,447,0,E1A0579B1859C1188X,TE1A7B1C4D000X,1,1,1,1,1.4,1.4,1.0,1.0,0.0,0.0
1.61422,164,-7,447,0,E1A0591B1859C1192X,TE1A7B1C4D000X,1,1,1,1,1.4,1.4,1.0,1.0,0.0,0.0
1.6256,162,-7,449,0,E1A0603B1859C1197X,TE1A6B1C4D000X,1,1,1,1,1.4,1.4,1.0,1.0,0.0,0.0
1.63708,160,-7,450,0,E1A0616B1859C1201X,TE1A6B1C4D000X,1,1,1,1,1.4,1.4,1.0,1.0,0.0,0.0
1.64902,157,-7,450,0,E1A0627B1859C1206X,TE1A6B1C4D000X,1,1,1,1,1.4,1.4,1.0,1.0,0.0,0.0
1.65992,155,-7,450,0,E1A0639B1859C1210X,TE1A6B1C4D000X,1,1,1,1,1.4,1.4,1.0,1.0,0.0,0.0
1.67162,152,-7,451,0,E1A0650B1859C1215X,TE1A6B1C4D000X,1,1,1,1,1.4,1.4,1.0,1.0,0.0,0.0
1.68273,150,-7,453,0,E1A0663B1859C1219X,TE1A6B1C4D000X,1,1,1,1,1.4,1.4,1.0,1.0,0.0,0.0
1.6946,148,-7,454,0,E1A0674B1859C1224X,TE1A6B1C4D000X,1,1,1,1,1.4,1.4,1.0,1.0,0.0,0.0
1.70579,147,-7,456,0,E1A0686B1859C1230X,TE1A6B1C4D000X,1,1,1,1,1.4,1.4,1.0,1.0,0.0,0.0
1.72631,144,-7,457,0,E1A0698B1859C1235X,TE1A6B1C4D000X,1,1,1,1,1.4,1.4,1.0,1.0,0.0,0.0
1.74614,142,-6,460,0,E1A0711B1859C1242X,TE1A6B1C4D000X,1,1,1,1,1.4,1.4,1.0,1.0,0.0,0.0
1.75816,140,-6,462,0,E1A0724B1859C1248X,TE1A6B1C4D000X,1,1,1,1,1.4,1.4,1.0,1.0,0.0,0.0
1.78225,138,-6,464,0,E1A0737B1859C1255X,TE1A6B1C4D000X,1,1,1,1,1.4,1.4,1.0,1.0,0.0,0.0
1.7942,136,-5,466,0,E1A0750B1859C1261X,TE1A6B1C3D000X,1,1,1,1,1.4,1.4,1.0,1.0,0.0,0.0
1.80559,134,-5,469,0,E1A0763B1859C1268X,TE1A6B1C3D000X,1,1,1,1,1.4,1.4,1.0,1.0,0.0,0.0
1.8263,131,-5,469,0,E1A0774B1859C1273X,TE1A6B1C3D000X,1,1,1,1,1.4,1.4,1.0,1.0,0.0,0.0
1.83814,129,-5,470,0,E1A0787B1859C1279X,TE1A6B1C3D000X,1,1,1,1,1.4,1.4,1.0,1.0,0.0,0.0
1.85046,127,-4,472,0,E1A0798B1859C1284X,TE1A6B1C3D000X,1,1,1,1,1.4,1.4,1.0,1.0,0.0,0.0
1.86217,125,-4,473,0,E1A0810B1859C1288X,TE1A5B1C3D000X,1,1,1,1,1.4,1.4,1.0,1.0,0.0,0.0
1.87382,124,-4,474,0,E1A0821B1859C1292X,TE1A5B1C3D000X,1,1,1,1,1.4,1.4,1.0,1.0,0.0,0.0
1.8849,122,-4,475,0,E1A0832B1859C1296X,TE1A5B1C3D000X,1,1,1,1,1.4,1.4,1.0,1.0,0.0,0.0
1.8967,120,-5,476,0,E1A0842B1859C1299X,TE1A5B1C3D000X,1,1,1,1,1.4,1.4,1.0,1.0,0.0,0.0
1.90824,118,-5,475,0,E1A0851B1859C1301X,TE1A5B1C3D000X,1,1,1,1,1.4,1.4,1.0,1.0,0.0,0.0
1.91957,116,-5,473,0,E1A0860B1859C1303X,TE1A5B1C3D000X,1,1,1,1,1.4,1.4,1.0,1.0,0.0,0.0
1.93122,113,-5,471,0,E1A0868B1859C1304X,TE1A5B1C3D000X,1,1,1,1,1.4,1.4,1.0,1.0,0.0,0.0
1.94282,111,-6,470,0,E1A0876B1859C1306X,TE1A5B1C3D000X,1,1,1,1,1.4,1.4,1.0,1.0,0.0,0.0
1.95459,110,-6,469,0,E1A0885B1859C1307X,TE1A5B1C3D000X,1,1,1,1,1.4,1.4,1.0,1.0,0.0,0.0
1.96596,108,-7,468,0,E1A0894B1859C1307X,TE1A5B1C3D000X,1,1,1,1,1.4,1.4,1.0,1.0,0.0,0.0
1.97772,106,-7,468,0,E1A0904B1859C1308X,TE1A5B1C3D000X,1,1,1,1,1.4,1.4,1.0,1.0,0.0,0.0
1.98924,105,-8,469,0,E1A0914B1859C1309X,TE1A5B1C3D000X,1,1,1,1,1.4,1.4,1.0,1.0,0.0,0.0
2.00055,104,-8,470,0,E1A0925B1859C1309X,TE1A5B1C3D000X,1,1,1,1,1.4,1.4,1.0,1.0,0.0,0.0
2.01215,102,-9,469,0,E1A0935B1859C1309X,TE1A5B1C3D000X,1,1,1,1,1.4,1.4,1.0,1.0,0.0,0.0
2.0237,100,-10,469,0,E1A0945B1859C1310X,TE1A5B1C3D000X,1,1,1,1,1.4,1.4,1.0,1.0,0.0,0.0
2.03506,99,-10,468,0,E1A0954B1859C1310X,TE1A5B1C3D000X,1,1,1,1,1.4,1.4,1.0,1.0,0.0,0.0
2.04701,97,-11,467,0,E1A0963B1859C1309X,TE1A5B1C3D000X,1,1,1,1,1.4,1.4,1.0,1.0,0.0,0.0
2.05875,95,-12,467,0,E1A0974B1859C1310X,TE1A5B1C3D000X,1,1,1,1,1.4,1.4,1.0,1.0,0.0,0.0
2.07464,94,-12,467,0,E1A0985B1859C1311X,TE1A5B1C3D000X,1,1,1,1,1.4,1.4,1.0,1.0,0.0,0.0
2.08608,92,-13,469,0,E1A0998B1859C1312X,TE1A5B1C3D000X,1,1,1,1,1.4,1.4,1.0,1.0,0.0,0.0
2.09836,91,-13,471,0,E1A1010B1859C1313X,TE1A5B1C3D000X,1,1,1,1,1.4,1.4,1.0,1.0,0.0,0.0
2.11038,89,-14,470,0,E1A1021B1859C1314X,TE1A5B1C3D000X,1,1,1,1,1.4,1.4,1.0,1.0,0.0,0.0
2.1221,88,-14,472,0,E1A1032B1859C1315X,TE1A5B1C3D000X,1,1,1,1,1.4,1.4,1.0,1.0,0.0,0.0
2.1332,86,-15,471,0,E1A1042B1859C1316X,TE1A5B1C3D000X,1,1,1,1,1.4,1.4,1.0,1.0,0.0,0.0
2.14487,85,-15,472,0,E1A1052B1859C1317X,TE1A4B1C3D000X,1,1,1,1,1.4,1.4,1.0,1.0,0.0,0.0
2.15654,84,-16,474,0,E1A1062B1859C1319X,TE1A4B1C3D000X,1,1,1,1,1.4,1.4,1.0,1.0,0.0,0.0
2.18632,82,-16,475,0,E1A1073B1859C1321X,TE1A4B1C3D000X,1,1,1,1,1.4,1.4,1.0,1.0,0.0,0.0
2.1985,80,-16,474,0,E1A1081B1859C1322X,TE1A4B1C3D000X,1,1,1,1,1.4,1.4,1.0,1.0,0.0,0.0
2.21051,79,-16,475,0,E1A1091B1859C1324X,TE1A4B1C3D000X,1,1,1,1,1.4,1.4,1.0,1.0,0.0,0.0
2.22251,78,-17,475,0,E1A1099B1859C1326X,TE1A4B1C3D000X,1,1,1,1,1.4,1.4,1.0,1.0,0.0,0.0
2.23446,77,-17,477,0,E1A1107B1859C1328X,TE1A4B1C3D000X,1,1,1,1,1.4,1.4,1.0,1.0,0.0,0.0
2.24618,76,-17,478,0,E1A1115B1859C1329X,TE1A4B1C3D000X,1,1,1,1,1.4,1.4,1.0,1.0,0.0,0.0
2.2578,75,-17,479,0,E1A1122B1859C1331X,TE1A4B1C3D000X,1,1,1,1,1.4,1.4,1.0,1.0,0.0,0.0
2.26931,74,-17,479,0,E1A1128B1859C1332X,TE1A4B1C3D000X,1,1,1,1,1.4,1.4,1.0,1.0,0.0,0.0
2.2814,73,-17,479,0,E1A1134B1859C1333X,TE1A4B1C3D000X,1,1,1,1,1.4,1.4,1.0,1.0,0.0,0.0
2.29292,72,-17,479,0,E1A1139B1859C1334X,TE1A4B1C3D000X,1,1,1,1,1.4,1.4,1.0,1.0,0.0,0.0
2.30401,71,-17,479,0,E1A1143B1859C1335X,TE1A4B1C3D000X,1,1,1,1,1.4,1.4,1.0,1.0,0.0,0.0
2.3157,70,-17,478,0,E1A1147B1859C1336X,TE1A4B1C3D000X,1,1,1,1,1.4,1.4,1.0,1.0,0.0,0.0
2.32716,70,-17,478,0,E1A1151B1859C1337X,TE1A4B1C3D000X,1,1,1,1,1.4,1.4,1.0,1.0,0.0,0.0
2.33866,69,-17,478,0,E1A1156B1859C1338X,TE1A4B1C3D000X,1,1,1,1,1.4,1.4,1.0,1.0,0.0,0.0
2.35009,68,-17,478,0,E1A1160B1859C1338X,TE1A4B1C3D000X,1,1,1,1,1.4,1.4,1.0,1.0,0.0,0.0
2.36162,68,-17,478,0,E1A1165B1859C1339X,TE1A4B1C3D000X,1,1,1,1,1.4,1.4,1.0,1.0,0.0,0.0
2.37283,67,-17,478,0,E1A1169B1859C1340X,TE1A4B1C3D000X,1,1,1,1,1.4,1.4,1.0,1.0,0.0,0.0
2.38442,66,-17,479,0,E1A1174B1859C1341X,TE1A4B1C3D000X,1,1,1,1,1.4,1.4,1.0,1.0,0.0,0.0
2.40224,66,-18,479,0,E1A1178B1859C1341X,TE1A4B1C3D000X,1,1,1,1,1.4,1.4,1.0,1.0,0.0,0.0
2.42646,65,-18,479,0,E1A1183B1859C1342X,TE1A4B1C3D000X,1,1,1,1,1.4,1.4,1.0,1.0,0.0,0.0
2.43808,64,-18,479,0,E1A1188B1859C1343X,TE1A4B1C3D000X,1,1,1,1,1.4,1.4,1.0,1.0,0.0,0.0
2.44981,63,-18,480,0,E1A1194B1859C1344X,TE1A4B1C3D000X,1,1,1,1,1.4,1.4,1.0,1.0,0.0,0.0
2.46145,62,-18,480,0,E1A1199B1859C1345X,TE1A4B1C3D000X,1,1,1,1,1.4,1.4,1.0,1.0,0.0,0.0
2.48269,61,-18,480,0,E1A1204B1859C1346X,TE1A4B1C3D000X,1,1,1,1,1.4,1.4,1.0,1.0,0.0,0.0
2.49448,61,-18,480,0,E1A1210B1859C1347X,TE1A4B1C3D000X,1,1,1,1,1.4,1.4,1.0,1.0,0.0,0.0
2.50567,60,-18,481,0,E1A1217B1859C1349X,TE1A4B1C3D000X,1,1,1,1,1.4,1.4,1.0,1.0,0.0,0.0
2.51745,59,-18,481,0,E1A1222B1859C1350X,TE1A4B1C3D000X,1,1,1,1,1.4,1.4,1.0,1.0,0.0,0.0
2.5383,57,-18,480,0,E1A1228B1859C1351X,TE1A4B1C3D000X,1,1,1,1,1.4,1.4,1.0,1.0,0.0,0.0
2.55034,56,-18,480,0,E1A1234B1859C1353X,TE1A4B1C3D000X,1,1,1,1,1.4,1.4,1.0,1.0,0.0,0.0
2.56204,55,-18,480,0,E1A1241B1859C1355X,TE1A4B1C3D000X,1,1,1,1,1.4,1.4,1.0,1.0,0.0,0.0
2.57302,54,-18,481,0,E1A1250B1859C1357X,TE1A4B1C3D000X,1,1,1,1,1.4,1.4,1.0,1.0,0.0,0.0
2.58489,53,-18,482,0,E1A1258B1859C1360X,TE1A4B1C3D000X,1,1,1,1,1.4,1.4,1.0,1.0,0.0,0.0
2.59653,51,-18,483,0,E1A1266B1859C1363X,TE1A4B1C3D000X,1,1,1,1,1.4,1.4,1.0,1.0,0.0,0.0
2.6079,50,-18,484,0,E1A1274B1859C1365X,TE1A3B1C3D000X,1,1,1,1,1.4,1.4,1.0,1.0,0.0,0.0
2.6187,49,-18,484,0,E1A1282B1859C1368X,TE1A3B1C3D000X,1,1,1,1,1.4,1.4,1.0,1.0,0.0,0.0
2.63844,47,-18,484,0,E1A1290B1859C1371X,TE1A3B1C3D000X,1,1,1,1,1.4,1.4,1.0,1.0,0.0,0.0
2.65039,46,-18,483,0,E1A1297B1859C1374X,TE1A3B1C3D000X,1,1,1,1,1.4,1.4,1.0,1.0,0.0,0.0
2.6619,44,-18,484,0,E1A1306B1859C1377X,TE1A3B1C3D000X,1,1,1,1,1.4,1.4,1.0,1.0,0.0,0.0
2.67429,43,-18,485,0,E1A1316B1859C1380X,TE1A3B1C3D000X,1,1,1,1,1.4,1.4,1.0,1.0,0.0,0.0
2.69417,41,-18,485,0,E1A1326B1859C1384X,TE1A3B1C3D000X,1,1,1,1,1.4,1.4,1.0,1.0,0.0,0.0
2.70639,39,-18,486,0,E1A1336B1859C1387X,TE1A3B1C3D000X,1,1,1,1,1.4,1.4,1.0,1.0,0.0,0.0
2.73087,38,-17,486,0,E1A1346B1859C1391X,TE1A3B1C3D000X,1,1,1,1,1.4,1.4,1.0,1.0,0.0,0.0
2.74258,36,-17,486,0,E1A1355B1859C1394X,TE1A3B1C3D000X,1,1,1,1,1.4,1.4,1.0,1.0,0.0,0.0
2.75414,34,-17,486,0,E1A1364B1859C1398X,TE1A3B1C3D000X,1,1,1,1,1.4,1.4,1.0,1.0,0.0,0.0
2.76588,33,-17,486,0,E1A1372B1859C1401X,TE1A3B1C3D000X,1,1,1,1,1.4,1.4,1.0,1.0,0.0,0.0
2.77751,31,-17,487,0,E1A1381B1859C1404X,TE1A3B1C3D000X,1,1,1,1,1.4,1.4,1.0,1.0,0.0,0.0
2.78892,30,-17,487,0,E1A1389B1859C1407X,TE1A3B1C3D000X,1,1,1,1,1.4,1.4,1.0,1.0,0.0,0.0
2.80008,29,-17,487,0,E1A1397B1859C1410X,TE1A3B1C3D000X,1,1,1,1,1.4,1.4,1.0,1.0,0.0,0.0
2.81149,27,-17,489,0,E1A1406B1859C1413X,TE1A3B1C3D000X,1,1,1,1,1.4,1.4,1.0,1.0,0.0,0.0
2.82272,26,-17,489,0,E1A1414B1859C1415X,TE1A3B1C3D000X,1,1,1,1,1.4,1.4,1.0,1.0,0.0,0.0
2.83381,25,-17,489,0,E1A1422B1859C1418X,TE1A3B1C3D000X,1,1,1,1,1.4,1.4,1.0,1.0,0.0,0.0
2.84541,23,-17,489,0,E1A1430B1859C1421X,TE1A3B1C3D000X,1,1,1,1,1.4,1.4,1.0,1.0,0.0,0.0
2.8568,22,-17,489,0,E1A1438B1859C1423X,TE1A3B1C3D000X,1,1,1,1,1.4,1.4,1.0,1.0,0.0,0.0
2.86803,20,-17,489,0,E1A1446B1859C1426X,TE1A3B1C3D000X,1,1,1,1,1.4,1.4,1.0,1.0,0.0,0.0
2.87956,19,-16,490,0,E1A1455B1859C1429X,TE1A3B1C3D000X,1,1,1,1,1.4,1.4,1.0,1.0,0.0,0.0
2.89236,17,-16,490,0,E1A1463B1859C1432X,TE1A3B1C3D000X,1,1,1,1,1.4,1.4,1.0,1.0,0.0,0.0
2.90392,16,-16,490,0,E1A1471B1859C1435X,TE1A3B1C3D000X,1,1,1,1,1.4,1.4,1.0,1.0,0.0,0.0
2.91593,15,-16,489,0,E1A1478B1859C1438X,TE1A3B1C3D000X,1,1,1,1,1.4,1.4,1.0,1.0,0.0,0.0
2.92797,13,-16,489,0,E1A1486B1859C1441X,TE1A3B1C3D000X,1,1,1,1,1.4,1.4,1.0,1.0,0.0,0.0
2.93965,12,-16,489,0,E1A1494B1859C1444X,TE1A2B1C3D000X,1,1,1,1,1.4,1.4,1.0,1.0,0.0,0.0
2.95434,10,-16,489,0,E1A1502B1859C1447X,TE1A2B1C3D000X,1,1,1,1,1.4,1.4,1.0,1.0,0.0,0.0
2.96652,9,-15,488,0,E1A1509B1859C1450X,TE1A2B1C3D000X,1,1,1,1,1.4,1.4,1.0,1.0,0.0,0.0
2.97859,7,-15,487,0,E1A1517B1859C1453X,TE1A2B1C3D000X,1,1,1,1,1.4,1.4,1.0,1.0,0.0,0.0
2.99049,6,-15,488,0,E1A1526B1859C1457X,TE1A2B1C3D000X,1,1,1,1,1.4,1.4,1.0,1.0,0.0,0.0
3.00247,5,-15,491,0,E1A1536B1859C1460X,TE1A2B1C3D000X,1,1,1,1,1.4,1.4,1.0,1.0,0.0,0.0
3.0144,3,-15,492,0,E1A1544B1859C1464X,TE1A2B1C3D000X,1,1,1,1,1.4,1.4,1.0,1.0,0.0,0.0
3.02612,2,-15,493,0,E1A1552B1859C1467X,TE1A2B1C3D000X,1,1,1,1,1.4,1.4,1.0,1.0,0.0,0.0
3.03751,0,-15,494,0,E1A1560B1859C1470X,TE1A2B1C3D000X,1,1,1,1,1.4,1.4,1.0,1.0,0.0,0.0
3.04963,0,-15,494,0,E1A1568B1859C1473X,TE1A2B1C3D000X,1,1,1,1,1.4,1.4,1.0,1.0,0.0,0.0
3.06161,-1,-15,495,0,E1A1576B1859C1476X,TE1A2B1C3D000X,1,1,1,1,1.4,1.4,1.0,1.0,0.0,0.0
3.07335,-2,-15,496,0,E1A1584B1859C1479X,TE1A2B1C3D000X,1,1,1,1,1.4,1.4,1.0,1.0,0.0,0.0
3.08479,-4,-15,495,0,E1A1591B1859C1482X,TE1A2B1C3D000X,1,1,1,1,1.4,1.4,1.0,1.0,0.0,0.0
3.09668,-5,-15,497,0,E1A1600B1859C1485X,TE1A2B1C2D000X,1,1,1,1,1.4,1.4,1.0,1.0,0.0,0.0
3.10921,-6,-14,497,0,E1A1608B1859C1488X,TE1A2B1C2D000X,1,1,1,1,1.4,1.4,1.0,1.0,0.0,0.0
3.12052,-8,-14,498,0,E1A1616B1859C1490X,TE1A2B1C2D000X,1,1,1,1,1.4,1.4,1.0,1.0,0.0,0.0
3.13467,-9,-14,498,0,E1A1625B1859C1493X,TE1A2B1C2D000X,1,1,1,1,1.4,1.4,1.0,1.0,0.0,0.0
3.14658,-11,-14,498,0,E1A1633B1859C1496X,TE1A2B1C2D000X,1,1,1,1,1.4,1.4,1.0,1.0,0.0,0.0
3.17069,-12,-14,498,0,E1A1642B1859C1499X,TE1A2B1C2D000X,1,1,1,1,1.4,1.4,1.0,1.0,0.0,0.0
3.18265,-14,-14,500,0,E1A1652B1859C1503X,TE1A2B1C2D000X,1,1,1,1,1.4,1.4,1.0,1.0,0.0,0.0
3.19472,-15,-14,501,0,E1A1662B1859C1507X,TE1A2B1C2D000X,1,1,1,1,1.4,1.4,1.0,1.0,0.0,0.0
3.20646,-17,-14,501,0,E1A1670B1859C1511X,TE1A2B1C2D000X,1,1,1,1,1.4,1.4,1.0,1.0,0.0,0.0
3.21804,-18,-14,500,0,E1A1679B1859C1515X,TE1A2B1C2D000X,1,1,1,1,1.4,1.4,1.0,1.0,0.0,0.0
3.2507,-20,-13,499,0,E1A1688B1859C1519X,TE1A2B1C2D000X,1,1,1,1,1.4,1.4,1.0,1.0,0.0,0.0
3.27081,-22,-13,495,0,E1A1696B1859C1523X,TE1A2B1C2D000X,1,1,1,1,1.4,1.4,1.0,1.0,0.0,0.0
3.28256,-23,-12,492,0,E1A1705B1859C1527X,TE1A2B1C2D000X,1,1,1,1,1.4,1.4,1.0,1.0,0.0,0.0
3.29475,-25,-12,490,0,E1A1713B1859C1531X,TE1A2B1C2D000X,1,1,1,1,1.4,1.4,1.0,1.0,0.0,0.0
3.30656,-27,-12,488,0,E1A1721B1859C1535X,TE1A1B1C2D000X,1,1,1,1,1.4,1.4,1.0,1.0,0.0,0.0
3.31855,-28,-11,485,0,E1A1728B1859C1539X,TE1A1B1C2D000X,1,1,1,1,1.4,1.4,1.0,1.0,0.0,0.0
3.33024,-29,-11,482,0,E1A1734B1859C1542X,TE1A1B1C2D000X,1,1,1,1,1.4,1.4,1.0,1.0,0.0,0.0
3.34187,-30,-11,479,0,E1A1741B1859C1545X,TE1A1B1C2D000X,1,1,1,1,1.4,1.4,1.0,1.0,0.0,0.0
3.35438,-32,-11,482,0,E1A1752B1859C1550X,TE1A1B1C2D000X,1,1,1,1,1.4,1.4,1.0,1.0,0.0,0.0
3.36608,-33,-10,481,0,E1A1759B1859C1553X,TE1A1B1C2D000X,1,1,1,1,1.4,1.4,1.0,1.0,0.0,0.0
3.38669,-34,-10,480,0,E1A1767B1859C1556X,TE1A1B1C2D000X,1,1,1,1,1.4,1.4,1.0,1.0,0.0,0.0
3.40688,-36,-10,479,0,E1A1774B1859C1559X,TE1A1B1C2D000X,1,1,1,1,1.4,1.4,1.0,1.0,0.0,0.0
3.41882,-37,-10,480,0,E1A1784B1859C1563X,TE1A1B1C2D000X,1,1,1,1,1.4,1.4,1.0,1.0,0.0,0.0
3.43064,-38,-10,481,0,E1A1792B1859C1566X,TE1A1B1C2D000X,1,1,1,1,1.4,1.4,1.0,1.0,0.0,0.0
3.44269,-39,-9,479,0,E1A1798B1859C1568X,TE1A1B1C2D000X,1,1,1,1,1.4,1.4,1.0,1.0,0.0,0.0
3.45432,-40,-9,477,0,E1A1803B1859C1570X,TE1A1B1C2D000X,1,1,1,1,1.4,1.4,1.0,1.0,0.0,0.0
3.46641,-41,-9,475,0,E1A1808B1859C1572X,TE1A1B1C2D000X,1,1,1,1,1.4,1.4,1.0,1.0,0.0,0.0
3.47868,-41,-9,473,0,E1A1813B1859C1574X,TE1A1B1C2D000X,1,1,1,1,1.4,1.4,1.0,1.0,0.0,0.0
3.49051,-42,-9,471,0,E1A1818B1859C1575X,TE1A1B1C2D000X,1,1,1,1,1.4,1.4,1.0,1.0,0.0,0.0
3.50214,-43,-9,470,0,E1A1824B1859C1577X,TE1A1B1C2D000X,1,1,1,1,1.4,1.4,1.0,1.0,0.0,0.0
3.51867,-44,-9,469,0,E1A1829B1859C1578X,TE1A1B1C2D000X,1,1,1,1,1.4,1.4,1.0,1.0,0.0,0.0
3.53074,-45,-9,469,0,E1A1835B1859C1580X,TE1A1B1C2D000X,1,1,1,1,1.4,1.4,1.0,1.0,0.0,0.0
3.5425,-45,-9,468,0,E1A1840B1859C1581X,TE1A1B1C2D000X,1,1,1,1,1.4,1.4,1.0,1.0,0.0,0.0
3.55511,-46,-9,469,0,E1A1846B1859C1581X,TE1A1B1C2D000X,1,1,1,1,1.4,1.4,1.0,1.0,0.0,0.0
3.56675,-47,-9,469,0,E1A1851B1859C1582X,TE1A1B1C2D000X,1,1,1,1,1.4,1.4,1.0,1.0,0.0,0.0
3.57885,-47,-9,469,0,E1A1855B1859C1582X,TE1A1B1C2D000X,1,1,1,1,1.4,1.4,1.0,1.0,0.0,0.0
3.59855,-48,-9,470,0,E1A1861B1859C1583X,TE1A1B1C2D000X,1,1,1,1,1.4,1.4,1.0,1.0,0.0,0.0
3.62278,-49,-9,471,0,E1A1867B1859C1585X,TE1A1B1C2D000X,1,1,1,1,1.4,1.4,1.0,1.0,0.0,0.0
3.63482,-50,-8,473,0,E1A1874B1859C1586X,TE1A1B1C2D000X,1,1,1,1,1.4,1.4,1.0,1.0,0.0,0.0
3.64684,-51,-8,474,0,E1A1880B1859C1586X,TE1A1B1C2D000X,1,1,1,1,1.4,1.4,1.0,1.0,0.0,0.0
3.6588,-52,-8,475,0,E1A1886B1859C1586X,TE1A1B1C2D000X,1,1,1,1,1.4,1.4,1.0,1.0,0.0,0.0
3.67115,-53,-8,477,0,E1A1891B1859C1587X,TE1A1B1C2D000X,1,1,1,1,1.4,1.4,1.0,1.0,0.0,0.0
3.68288,-54,-8,478,0,E1A1897B1859C1587X,TE1A1B1C2D000X,1,1,1,1,1.4,1.4,1.0,1.0,0.0,0.0
3.69463,-54,-8,477,0,E1A1902B1859C1587X,TE1A1B1C2D000X,1,1,1,1,1.4,1.4,1.0,1.0,0.0,0.0
3.70637,-55,-8,479,0,E1A1907B1859C1586X,TE1A1B1C2D000X,1,1,1,1,1.4,1.4,1.0,1.0,0.0,0.0
3.71848,-56,-7,479,0,E1A1912B1859C1585X,TE1A1B1C2D000X,1,1,1,1,1.4,1.4,1.0,1.0,0.0,0.0
3.73064,-57,-7,480,0,E1A1918B1859C1584X,TE1A1B1C2D000X,1,1,1,1,1.4,1.4,1.0,1.0,0.0,0.0
3.74295,-58,-7,480,0,E1A1923B1859C1582X,TE1A1B1C2D000X,1,1,1,1,1.4,1.4,1.0,1.0,0.0,0.0
3.75494,-59,-6,481,0,E1A1923B1903C1584X,TE1A1B1C2D000X,1,1,1,1,1.4,1.4,1.0,1.0,0.0,0.0
3.76651,-60,-6,480,0,E1A1923B1898C1590X,TE1A1B1C2D000X,1,1,1,1,1.4,1.4,1.0,1.0,0.0,0.0
3.77884,-61,-6,481,0,E1A1923B1893C1596X,TE1A1B1C2D000X,1,1,1,1,1.4,1.4,1.0,1.0,0.0,0.0
3.7911,-61,-6,482,0,E1A1923B1887C1601X,TE1A1B1C2D000X,1,1,1,1,1.4,1.4,1.0,1.0,0.0,0.0
3.803,-62,-5,481,0,E1A1923B1883C1604X,TE1A1B1C2D000X,1,1,1,1,1.4,1.4,1.0,1.0,0.0,0.0
3.8154,-63,-5,481,0,E1A1923B1879C1607X,TE1A1B1C2D000X,1,1,1,1,1.4,1.4,1.0,1.0,0.0,0.0
3.82749,-63,-5,481,0,E1A1923B1874C1609X,TE1A1B1C2D000X,1,1,1,1,1.4,1.4,1.0,1.0,0.0,0.0
3.83919,-64,-5,481,0,E1A1923B1869C1611X,TE1A1B1C2D000X,1,1,1,1,1.4,1.4,1.0,1.0,0.0,0.0
3.85147,-65,-4,481,0,E1A1923B1864C1612X,TE1A1B1C2D000X,1,1,1,1,1.4,1.4,1.0,1.0,0.0,0.0
3.86358,-65,-4,481,0,E1A1923B1859C1613X,TE1A1B1C2D000X,1,1,1,1,1.4,1.4,1.0,1.0,0.0,0.0
3.87566,-66,-4,482,0,E1A1923B1854C1613X,TE1A1B1C2D000X,1,1,1,1,1.4,1.4,1.0,1.0,0.0,0.0
3.88771,-67,-4,484,0,E1A1923B1848C1613X,TE1A1B1C2D000X,1,1,1,1,1.4,1.4,1.0,1.0,0.0,0.0
3.89961,-67,-4,484,0,E1A1923B1843C1613X,TE1A1B1C2D000X,1,1,1,1,1.4,1.4,1.0,1.0,0.0,0.0
3.91181,-67,-4,485,0,E1A1923B1839C1612X,TE1A1B1C2D000X,1,1,1,1,1.4,1.4,1.0,1.0,0.0,0.0
3.92404,-68,-4,487,0,E1A1923B1833C1611X,TE1A1B1C2D000X,1,1,1,1,1.4,1.4,1.0,1.0,0.0,0.0
3.9357,-69,-4,489,0,E1A1923B1828C1609X,TE1A1B1C2D000X,1,1,1,1,1.4,1.4,1.0,1.0,0.0,0.0
3.94795,-69,-4,491,0,E1A1923B1823C1608X,TE1A1B1C2D000X,1,1,1,1,1.4,1.4,1.0,1.0,0.0,0.0
3.96021,-70,-4,492,0,E1A1923B1819C1607X,TE1A1B1C2D000X,1,1,1,1,1.4,1.4,1.0,1.0,0.0,0.0
3.97177,-70,-4,493,0,E1A1923B1814C1605X,TE1A1B1C2D000X,1,1,1,1,1.4,1.4,1.0,1.0,0.0,0.0
3.98394,-71,-4,495,0,E1A1923B1810C1604X,TE1A1B1C2D000X,1,1,1,1,1.4,1.4,1.0,1.0,0.0,0.0
3.99613,-71,-4,496,0,E1A1923B1806C1602X,TE1A1B1C2D000X,1,1,1,1,1.4,1.4,1.0,1.0,0.0,0.0
4.00819,-71,-4,495,0,E1A1923B1803C1601X,TE1A1B1C2D000X,1,1,1,1,1.4,1.4,1.0,1.0,0.0,0.0
4.0213,-71,-4,494,0,E1A1923B1800C1600X,TE1A1B1C2D000X,1,1,1,1,1.4,1.4,1.0,1.0,0.0,0.0
4.033,-71,-4,494,0,E1A1923B1796C1599X,TE1A1B1C2D000X,1,1,1,1,1.4,1.4,1.0,1.0,0.0,0.0
4.0452,-71,-4,495,0,E1A1923B1792C1597X,TE1A1B1C2D000X,1,1,1,1,1.4,1.4,1.0,1.0,0.0,0.0
4.0573,-71,-4,494,0,E1A1923B1789C1595X,TE1A1B1C2D000X,1,1,1,1,1.4,1.4,1.0,1.0,0.0,0.0
4.06896,-72,-4,493,0,E1A1923B1786C1594X,TE1A1B1C2D000X,1,1,1,1,1.4,1.4,1.0,1.0,0.0,0.0
4.08432,-72,-4,492,0,E1A1923B1783C1593X,TE1A1B1C2D000X,1,1,1,1,1.4,1.4,1.0,1.0,0.0,0.0
4.10205,-72,-4,492,0,E1A1923B1780C1591X,TE1A1B1C2D000X,1,1,1,1,1.4,1.4,1.0,1.0,0.0,0.0
4.11456,-72,-4,492,0,E1A1923B1776C1590X,TE1A1B1C2D000X,1,1,1,1,1.4,1.4,1.0,1.0,0.0,0.0
4.12689,-72,-4,492,0,E1A1923B1772C1588X,TE1A1B1C2D000X,1,1,1,1,1.4,1.4,1.0,1.0,0.0,0.0
4.13896,-72,-4,491,0,E1A1923B1769C1587X,TE1A1B1C2D000X,1,1,1,1,1.4,1.4,1.0,1.0,0.0,0.0
4.15078,-72,-4,492,0,E1A1923B1765C1584X,TE1A1B1C2D000X,1,1,1,1,1.4,1.4,1.0,1.0,0.0,0.0
4.16305,-73,-4,492,0,E1A1923B1760C1582X,TE1A1B1C2D000X,1,1,1,1,1.4,1.4,1.0,1.0,0.0,0.0
4.1751,-73,-4,493,0,E1A1923B1755C1579X,TE1A1B1C2D000X,1,1,1,1,1.4,1.4,1.0,1.0,0.0,0.0
4.18677,-74,-4,493,0,E1A1923B1750C1577X,TE1A1B1C2D000X,1,1,1,1,1.4,1.4,1.0,1.0,0.0,0.0
4.1993,-74,-5,494,0,E1A1923B1745C1574X,TE1A1B1C2D000X,1,1,1,1,1.4,1.4,1.0,1.0,0.0,0.0
4.2121,-74,-5,495,0,E1A1923B1741C1571X,TE1A1B1C2D000X,1,1,1,1,1.4,1.4,1.0,1.0,0.0,0.0
4.22409,-75,-5,494,0,E1A1923B1738C1569X,TE1A1B1C2D000X,1,1,1,1,1.4,1.4,1.0,1.0,0.0,0.0
4.2357,-75,-5,493,0,E1A1923B1734C1567X,TE1A1B1C2D000X,1,1,1,1,1.4,1.4,1.0,1.0,0.0,0.0
4.24803,-75,-5,493,0,E1A1923B1731C1565X,TE1A1B1C2D000X,1,1,1,1,1.4,1.4,1.0,1.0,0.0,0.0
4.26028,-75,-5,492,0,E1A1923B1727C1563X,TE1A1B1C2D000X,1,1,1,1,1.4,1.4,1.0,1.0,0.0,0.0
4.27246,-75,-5,492,0,E1A1923B1724C1561X,TE1A1B1C2D000X,1,1,1,1,1.4,1.4,1.0,1.0,0.0,0.0
4.28428,-75,-5,491,0,E1A1923B1720C1559X,TE1A1B1C2D000X,1,1,1,1,1.4,1.4,1.0,1.0,0.0,0.0
4.29662,-75,-5,492,0,E1A1923B1715C1557X,TE1A1B1C2D000X,1,1,1,1,1.4,1.4,1.0,1.0,0.0,0.0
4.30983,-76,-5,491,0,E1A1923B1712C1555X,TE1A1B1C2D000X,1,1,1,1,1.4,1.4,1.0,1.0,0.0,0.0
4.32142,-75,-5,490,0,E1A1923B1709C1553X,TE1A1B1C2D000X,1,1,1,1,1.4,1.4,1.0,1.0,0.0,0.0
4.33374,-75,-5,489,0,E1A1923B1706C1552X,TE1A1B1C2D000X,1,1,1,1,1.4,1.4,1.0,1.0,0.0,0.0
4.34601,-75,-5,489,0,E1A1923B1702C1550X,TE1A1B2C2D000X,1,1,1,1,1.4,1.4,1.0,1.0,0.0,0.0
4.35843,-76,-5,490,0,E1A1923B1698C1549X,TE1A1B2C2D000X,1,1,1,1,1.4,1.4,1.0,1.0,0.0,0.0
4.37053,-76,-5,490,0,E1A1923B1695C1548X,TE1A1B2C2D000X,1,1,1,1,1.4,1.4,1.0,1.0,0.0,0.0
4.38273,-76,-5,491,0,E1A1923B1691C1546X,TE1A1B2C2D000X,1,1,1,1,1.4,1.4,1.0,1.0,0.0,0.0
4.39518,-76,-5,490,0,E1A1923B1688C1545X,TE1A1B2C2D000X,1,1,1,1,1.4,1.4,1.0,1.0,0.0,0.0
4.40762,-76,-5,490,0,E1A1923B1684C1544X,TE1A1B2C2D000X,1,1,1,1,1.4,1.4,1.0,1.0,0.0,0.0
4.41942,-76,-5,491,0,E1A1923B1681C1543X,TE1A1B2C2D000X,1,1,1,1,1.4,1.4,1.0,1.0,0.0,0.0
4.43193,-76,-5,491,0,E1A1923B1678C1542X,TE1A1B2C2D000X,1,1,1,1,1.4,1.4,1.0,1.0,0.0,0.0
4.44589,-76,-5,491,0,E1A1923B1674C1542X,TE1A1B2C2D000X,1,1,1,1,1.4,1.4,1.0,1.0,0.0,0.0
4.45842,-76,-5,491,0,E1A1923B1671C1541X,TE1A1B2C2D000X,1,1,1,1,1.4,1.4,1.0,1.0,0.0,0.0
4.47153,-76,-4,492,0,E1A1923B1667C1540X,TE1A1B2C2D000X,1,1,1,1,1.4,1.4,1.0,1.0,0.0,0.0
4.48324,-76,-4,492,0,E1A1923B1663C1539X,TE1A1B2C2D000X,1,1,1,1,1.4,1.4,1.0,1.0,0.0,0.0
4.49553,-77,-4,492,0,E1A1923B1658C1538X,TE1A1B2C2D000X,1,1,1,1,1.4,1.4,1.0,1.0,0.0,0.0
4.50737,-77,-4,493,0,E1A1923B1654C1537X,TE1A1B2C2D000X,1,1,1,1,1.4,1.4,1.0,1.0,0.0,0.0
4.51974,-77,-4,492,0,E1A1923B1650C1536X,TE1A1B2C2D000X,1,1,1,1,1.4,1.4,1.0,1.0,0.0,0.0
4.53202,-77,-4,493,0,E1A1923B1646C1535X,TE1A1B2C2D000X,1,1,1,1,1.4,1.4,1.0,1.0,0.0,0.0
4.5443,-77,-4,492,0,E1A1923B1642C1534X,TE1A1B2C2D000X,1,1,1,1,1.4,1.4,1.0,1.0,0.0,0.0
4.55642,-77,-4,491,0,E1A1923B1639C1533X,TE1A1B2C2D000X,1,1,1,1,1.4,1.4,1.0,1.0,0.0,0.0
4.56802,-77,-3,491,0,E1A1923B1635C1532X,TE1A1B2C2D000X,1,1,1,1,1.4,1.4,1.0,1.0,0.0,0.0
4.58039,-77,-3,490,0,E1A1923B1631C1531X,TE1A1B2C2D000X,1,1,1,1,1.4,1.4,1.0,1.0,0.0,0.0
4.59248,-77,-3,488,0,E1A1923B1628C1529X,TE1A1B2C2D000X,1,1,1,1,1.4,1.4,1.0,1.0,0.0,0.0
4.60453,-77,-3,489,0,E1A1923B1624C1528X,TE1A1B2C2D000X,1,1,1,1,1.4,1.4,1.0,1.0,0.0,0.0
4.61635,-77,-3,489,0,E1A1923B1621C1526X,TE1A1B2C2D000X,1,1,1,1,1.4,1.4,1.0,1.0,0.0,0.0
4.6284,-77,-4,488,0,E1A1923B1618C1524X,TE1A1B2C2D000X,1,1,1,1,1.4,1.4,1.0,1.0,0.0,0.0
4.64018,-77,-4,487,0,E1A1923B1615C1522X,TE1A1B2C2D000X,1,1,1,1,1.4,1.4,1.0,1.0,0.0,0.0
4.65246,-77,-4,488,0,E1A1923B1612C1520X,TE1A1B2C2D000X,1,1,1,1,1.4,1.4,1.0,1.0,0.0,0.0
4.66407,-78,-4,489,0,E1A1923B1608C1519X,TE1A1B2C2D000X,1,1,1,1,1.4,1.4,1.0,1.0,0.0,0.0
4.67638,-78,-4,489,0,E1A1923B1605C1517X,TE1A1B2C2D000X,1,1,1,1,1.4,1.4,1.0,1.0,0.0,0.0
4.68851,-78,-4,489,0,E1A1923B1602C1515X,TE1A1B2C2D000X,1,1,1,1,1.4,1.4,1.0,1.0,0.0,0.0
4.7004,-78,-4,490,0,E1A1923B1600C1513X,TE1A1B2C2D000X,1,1,1,1,1.4,1.4,1.0,1.0,0.0,0.0
4.71253,-77,-4,489,0,E1A1923B1597C1512X,TE1A1B2C2D000X,1,1,1,1,1.4,1.4,1.0,1.0,0.0,0.0
4.72701,-78,-4,490,0,E1A1923B1594C1510X,TE1A1B2C2D000X,1,1,1,1,1.4,1.4,1.0,1.0,0.0,0.0
4.7391,-78,-4,490,0,E1A1923B1590C1508X,TE1A1B2C2D000X,1,1,1,1,1.4,1.4,1.0,1.0,0.0,0.0
4.75079,-78,-4,490,0,E1A1923B1587C1506X,TE1A1B2C2D000X,1,1,1,1,1.4,1.4,1.0,1.0,0.0,0.0
4.77496,-78,-4,490,0,E1A1923B1583C1504X,TE1A1B2C2D000X,1,1,1,1,1.4,1.4,1.0,1.0,0.0,0.0
4.78719,-78,-4,490,0,E1A1923B1579C1502X,TE1A1B2C2D000X,1,1,1,1,1.4,1.4,1.0,1.0,0.0,0.0
4.79919,-78,-5,490,0,E1A1923B1576C1501X,TE1A1B2C2D000X,1,1,1,1,1.4,1.4,1.0,1.0,0.0,0.0
4.8116,-79,-5,491,0,E1A1923B1572C1499X,TE1A1B2C2D000X,1,1,1,1,1.4,1.4,1.0,1.0,0.0,0.0
4.82365,-79,-5,491,0,E1A1923B1568C1498X,TE1A1B2C2D000X,1,1,1,1,1.4,1.4,1.0,1.0,0.0,0.0
4.8354,-78,-5,489,0,E1A1923B1565C1496X,TE1A1B2C2D000X,1,1,1,1,1.4,1.4,1.0,1.0,0.0,0.0
4.84773,-78,-4,489,0,E1A1923B1561C1495X,TE1A1B2C2D000X,1,1,1,1,1.4,1.4,1.0,1.0,0.0,0.0
4.86019,-78,-4,489,0,E1A1923B1558C1493X,TE1A1B2C2D000X,1,1,1,1,1.4,1.4,1.0,1.0,0.0,0.0
4.87231,-78,-4,488,0,E1A1923B1555C1492X,TE1A1B2C2D000X,1,1,1,1,1.4,1.4,1.0,1.0,0.0,0.0
4.88434,-78,-4,489,0,E1A1923B1551C1491X,TE1A1B2C2D000X,1,1,1,1,1.4,1.4,1.0,1.0,0.0,0.0
4.89665,-78,-4,489,0,E1A1923B1548C1490X,TE1A1B2C2D000X,1,1,1,1,1.4,1.4,1.0,1.0,0.0,0.0
4.90981,-78,-4,489,0,E1A1923B1545C1489X,TE1A1B2C2D000X,1,1,1,1,1.4,1.4,1.0,1.0,0.0,0.0
4.9216,-78,-4,489,0,E1A1923B1542C1488X,TE1A1B2C2D000X,1,1,1,1,1.4,1.4,1.0,1.0,0.0,0.0
4.943,-78,-4,490,0,E1A1923B1538C1487X,TE1A1B2C2D000X,1,1,1,1,1.4,1.4,1.0,1.0,0.0,0.0
4.95511,-79,-4,490,0,E1A1923B1535C1486X,TE1A1B2C2D000X,1,1,1,1,1.4,1.4,1.0,1.0,0.0,0.0
4.96726,-79,-4,490,0,E1A1923B1531C1486X,TE1A1B2C2D000X,1,1,1,1,1.4,1.4,1.0,1.0,0.0,0.0
4.97945,-79,-4,491,0,E1A1923B1528C1485X,TE1A1B2C2D000X,1,1,1,1,1.4,1.4,1.0,1.0,0.0,0.0
4.999,-78,-4,490,0,E1A1923B1525C1484X,TE1A1B2C2D000X,1,1,1,1,1.4,1.4,1.0,1.0,0.0,0.0
5.01124,-78,-3,490,0,E1A1923B1521C1483X,TE1A1B2C2D000X,1,1,1,1,1.4,1.4,1.0,1.0,0.0,0.0
5.03516,-79,-3,490,0,E1A1923B1518C1482X,TE1A1B2C2D000X,1,1,1,1,1.4,1.4,1.0,1.0,0.0,0.0
5.04732,-79,-3,490,0,E1A1923B1514C1481X,TE1A1B2C2D000X,1,1,1,1,1.4,1.4,1.0,1.0,0.0,0.0
5.05953,-79,-3,490,0,E1A1923B1510C1480X,TE1A1B2C2D000X,1,1,1,1,1.4,1.4,1.0,1.0,0.0,0.0
5.07165,-79,-3,490,0,E1A1923B1507C1479X,TE1A1B2C2D000X,1,1,1,1,1.4,1.4,1.0,1.0,0.0,0.0
5.08393,-79,-3,489,0,E1A1923B1503C1477X,TE1A1B2C2D000X,1,1,1,1,1.4,1.4,1.0,1.0,0.0,0.0
5.09631,-79,-3,488,0,E1A1923B1500C1476X,TE1A1B2C3D000X,1,1,1,1,1.4,1.4,1.0,1.0,0.0,0.0
5.10807,-79,-3,488,0,E1A1923B1496C1475X,TE1A1B2C3D000X,1,1,1,1,1.4,1.4,1.0,1.0,0.0,0.0
5.123,-79,-3,489,0,E1A1923B1492C1473X,TE1A1B2C3D000X,1,1,1,1,1.4,1.4,1.0,1.0,0.0,0.0
5.13523,-79,-3,489,0,E1A1923B1488C1472X,TE1A1B2C3D000X,1,1,1,1,1.4,1.4,1.0,1.0,0.0,0.0
5.14835,-79,-3,489,0,E1A1923B1484C1470X,TE1A1B2C3D000X,1,1,1,1,1.4,1.4,1.0,1.0,0.0,0.0
5.16054,-79,-3,489,0,E1A1923B1480C1469X,TE1A1B2C3D000X,1,1,1,1,1.4,1.4,1.0,1.0,0.0,0.0
5.17257,-79,-3,489,0,E1A1923B1477C1468X,TE1A1B2C3D000X,1,1,1,1,1.4,1.4,1.0,1.0,0.0,0.0
5.19078,-79,-3,489,0,E1A1923B1473C1466X,TE1A1B3C3D000X,1,1,1,1,1.4,1.4,1.0,1.0,0.0,0.0
5.21481,-79,-3,488,0,E1A1923B1469C1465X,TE1A1B3C3D000X,1,1,1,1,1.4,1.4,1.0,1.0,0.0,0.0
5.22703,-79,-3,488,0,E1A1923B1466C1464X,TE1A1B3C3D000X,1,1,1,1,1.4,1.4,1.0,1.0,0.0,0.0
5.23935,-80,-3,489,0,E1A1923B1462C1463X,TE1A1B3C3D000X,1,1,1,1,1.4,1.4,1.0,1.0,0.0,0.0
5.25175,-80,-2,489,0,E1A1923B1458C1462X,TE1A1B3C3D000X,1,1,1,1,1.4,1.4,1.0,1.0,0.0,0.0
5.26408,-80,-2,489,0,E1A1923B1454C1461X,TE1A1B3C3D000X,1,1,1,1,1.4,1.4,1.0,1.0,0.0,0.0
5.27632,-80,-2,489,0,E1A1923B1450C1460X,TE1A1B3C3D000X,1,1,1,1,1.4,1.4,1.0,1.0,0.0,0.0
5.29484,-80,-2,489,0,E1A1923B1446C1458X,TE1A1B3C3D000X,1,1,1,1,1.4,1.4,1.0,1.0,0.0,0.0
5.30651,-80,-2,490,0,E1A1923B1442C1457X,TE1A1B3C3D000X,1,1,1,1,1.4,1.4,1.0,1.0,0.0,0.0
5.32684,-80,-2,490,0,E1A1923B1438C1456X,TE1A1B3C3D000X,1,1,1,1,1.4,1.4,1.0,1.0,0.0,0.0
5.33918,-80,-2,490,0,E1A1923B1434C1455X,TE1A1B3C3D000X,1,1,1,1,1.4,1.4,1.0,1.0,0.0,0.0
5.35131,-81,-2,490,0,E1A1923B1429C1453X,TE1A1B3C3D000X,1,1,1,1,1.4,1.4,1.0,1.0,0.0,0.0
5.37088,-81,-2,491,0,E1A1923B1425C1451X,TE1A1B3C3D000X,1,1,1,1,1.4,1.4,1.0,1.0,0.0,0.0
5.38362,-81,-2,490,0,E1A1923B1421C1449X,TE1A1B3C3D000X,1,1,1,1,1.4,1.4,1.0,1.0,0.0,0.0
5.39599,-81,-2,490,0,E1A1923B1417C1447X,TE1A1B3C3D000X,1,1,1,1,1.4,1.4,1.0,1.0,0.0,0.0
5.4082,-81,-2,489,0,E1A1923B1413C1445X,TE1A1B3C3D000X,1,1,1,1,1.4,1.4,1.0,1.0,0.0,0.0
5.42228,-82,-2,489,0,E1A1923B1409C1443X,TE1A1B3C3D000X,1,1,1,1,1.4,1.4,1.0,1.0,0.0,0.0
5.43415,-82,-2,489,0,E1A1923B1405C1441X,TE1A1B3C3D000X,1,1,1,1,1.4,1.4,1.0,1.0,0.0,0.0
5.44642,-82,-2,488,0,E1A1923B1402C1440X,TE1A1B3C3D000X,1,1,1,1,1.4,1.4,1.0,1.0,0.0,0.0
5.45878,-81,-2,487,0,E1A1923B1398C1438X,TE1A1B3C3D000X,1,1,1,1,1.4,1.4,1.0,1.0,0.0,0.0
5.47093,-82,-2,488,0,E1A1923B1394C1437X,TE1A1B3C3D000X,1,1,1,1,1.4,1.4,1.0,1.0,0.0,0.0
5.48687,-82,-2,488,0,E1A1923B1390C1435X,TE1A1B3C3D000X,1,1,1,1,1.4,1.4,1.0,1.0,0.0,0.0
5.49899,-82,-2,487,0,E1A1923B1386C1434X,TE1A1B3C3D000X,1,1,1,1,1.4,1.4,1.0,1.0,0.0,0.0
5.51904,-82,-2,488,0,E1A1923B1382C1432X,TE1A1B3C3D000X,1,1,1,1,1.4,1.4,1.0,1.0,0.0,0.0
5.54305,-82,-2,487,0,E1A1923B1377C1431X,TE1A1B3C3D000X,1,1,1,1,1.4,1.4,1.0,1.0,0.0,0.0
5.5556,-82,-2,485,0,E1A1923B1373C1429X,TE1A1B3C3D000X,1,1,1,1,1.4,1.4,1.0,1.0,0.0,0.0
5.56785,-82,-2,486,0,E1A1923B1369C1428X,TE1A1B3C3D000X,1,1,1,1,1.4,1.4,1.0,1.0,0.0,0.0
5.58045,-83,-2,487,0,E1A1923B1364C1427X,TE1A1B3C3D000X,1,1,1,1,1.4,1.4,1.0,1.0,0.0,0.0
5.59278,-83,-2,488,0,E1A1923B1360C1426X,TE1A1B3C3D000X,1,1,1,1,1.4,1.4,1.0,1.0,0.0,0.0
5.61892,-83,-2,488,0,E1A1923B1356C1425X,TE1A1B3C3D000X,1,1,1,1,1.4,1.4,1.0,1.0,0.0,0.0
5.66715,-83,-1,487,0,E1A1923B1352C1424X,TE1A1B3C3D000X,1,1,1,1,1.4,1.4,1.0,1.0,0.0,0.0
5.67942,-83,-1,488,0,E1A1923B1348C1423X,TE1A1B3C3D000X,1,1,1,1,1.4,1.4,1.0,1.0,0.0,0.0
5.71098,-83,-1,489,0,E1A1923B1343C1423X,TE1A1B3C3D000X,1,1,1,1,1.4,1.4,1.0,1.0,0.0,0.0
5.72309,-83,-1,488,0,E1A1923B1339C1423X,TE1A1B3C3D000X,1,1,1,1,1.4,1.4,1.0,1.0,0.0,0.0
5.73525,-84,-1,490,0,E1A1923B1335C1422X,TE1A1B3C3D000X,1,1,1,1,1.4,1.4,1.0,1.0,0.0,0.0
5.74757,-84,0,491,0,E1A1923B1331C1422X,TE1A1B3C3D000X,1,1,1,1,1.4,1.4,1.0,1.0,0.0,0.0
5.75987,-84,0,492,0,E1A1923B1326C1422X,TE1A1B3C3D000X,1,1,1,1,1.4,1.4,1.0,1.0,0.0,0.0
5.7717,-84,0,493,0,E1A1923B1322C1421X,TE1A1B3C3D000X,1,1,1,1,1.4,1.4,1.0,1.0,0.0,0.0
5.78412,-84,0,493,0,E1A1923B1318C1420X,TE1A1B3C3D000X,1,1,1,1,1.4,1.4,1.0,1.0,0.0,0.0
5.79621,-85,0,494,0,E1A1923B1314C1420X,TE1A1B3C3D000X,1,1,1,1,1.4,1.4,1.0,1.0,0.0,0.0
5.80867,-85,0,494,0,E1A1923B1310C1419X,TE1A1B3C3D000X,1,1,1,1,1.4,1.4,1.0,1.0,0.0,0.0
5.82133,-85,0,494,0,E1A1923B1306C1417X,TE1A1B3C3D000X,1,1,1,1,1.4,1.4,1.0,1.0,0.0,0.0
5.83375,-85,0,493,0,E1A1923B1302C1416X,TE1A1B3C3D000X,1,1,1,1,1.4,1.4,1.0,1.0,0.0,0.0
5.84761,-85,0,492,0,E1A1923B1299C1415X,TE1A1B3C3D000X,1,1,1,1,1.4,1.4,1.0,1.0,0.0,0.0
5.86442,-85,0,491,0,E1A1923B1295C1413X,TE1A1B3C3D000X,1,1,1,1,1.4,1.4,1.0,1.0,0.0,0.0
5.87698,-85,0,492,0,E1A1923B1290C1412X,TE1A1B3C3D000X,1,1,1,1,1.4,1.4,1.0,1.0,0.0,0.0
5.88939,-85,0,490,0,E1A1923B1286C1410X,TE1A1B3C3D000X,1,1,1,1,1.4,1.4,1.0,1.0,0.0,0.0
5.90206,-85,0,489,0,E1A1923B1282C1408X,TE1A1B3C3D000X,1,1,1,1,1.4,1.4,1.0,1.0,0.0,0.0
5.91429,-85,0,488,0,E1A1923B1278C1405X,TE1A1B3C3D000X,1,1,1,1,1.4,1.4,1.0,1.0,0.0,0.0
5.92658,-85,0,487,0,E1A1923B1274C1403X,TE1A1B3C3D000X,1,1,1,1,1.4,1.4,1.0,1.0,0.0,0.0
5.93868,-85,0,488,0,E1A1923B1271C1402X,TE1A1B3C3D000X,1,1,1,1,1.4,1.4,1.0,1.0,0.0,0.0
5.95078,-85,0,486,0,E1A1923B1267C1400X,TE1A1B3C3D000X,1,1,1,1,1.4,1.4,1.0,1.0,0.0,0.0
5.96309,-85,0,487,0,E1A1923B1264C1398X,TE1A1B3C3D000X,1,1,1,1,1.4,1.4,1.0,1.0,0.0,0.0
5.9747,-85,0,486,0,E1A1923B1260C1397X,TE1A1B3C3D000X,1,1,1,1,1.4,1.4,1.0,1.0,0.0,0.0
5.98704,-85,0,486,0,E1A1923B1256C1395X,TE1A1B3C3D000X,1,1,1,1,1.4,1.4,1.0,1.0,0.0,0.0
5.99923,-85,0,486,0,E1A1923B1253C1394X,TE1A1B3C3D000X,1,1,1,1,1.4,1.4,1.0,1.0,0.0,0.0
6.01536,-85,0,485,0,E1A1923B1249C1393X,TE1A1B3C3D000X,1,1,1,1,1.4,1.4,1.0,1.0,0.0,0.0
6.02763,-85,0,486,0,E1A1923B1246C1392X,TE1A1B4C3D000X,1,1,1,1,1.4,1.4,1.0,1.0,0.0,0.0
6.051,-84,0,485,0,E1A1923B1243C1391X,TE1A1B4C3D000X,1,1,1,1,1.4,1.4,1.0,1.0,0.0,0.0
6.0633,-84,0,485,0,E1A1923B1240C1391X,TE1A1B4C3D000X,1,1,1,1,1.4,1.4,1.0,1.0,0.0,0.0
6.07569,-84,0,484,0,E1A1923B1237C1390X,TE1A1B4C3D000X,1,1,1,1,1.4,1.4,1.0,1.0,0.0,0.0
6.08783,-84,0,485,0,E1A1923B1234C1390X,TE1A1B4C3D000X,1,1,1,1,1.4,1.4,1.0,1.0,0.0,0.0
6.10003,-84,0,486,0,E1A1923B1232C1389X,TE1A1B4C3D000X,1,1,1,1,1.4,1.4,1.0,1.0,0.0,0.0
6.11218,-84,0,486,0,E1A1923B1230C1389X,TE1A1B4C3D000X,1,1,1,1,1.4,1.4,1.0,1.0,0.0,0.0
6.12461,-84,0,487,0,E1A1923B1228C1389X,TE1A1B4C3D000X,1,1,1,1,1.4,1.4,1.0,1.0,0.0,0.0
6.1363,-84,0,488,0,E1A1923B1226C1389X,TE1A1B4C3D000X,1,1,1,1,1.4,1.4,1.0,1.0,0.0,0.0
6.14862,-83,0,487,0,E1A1923B1224C1388X,TE1A1B4C3D000X,1,1,1,1,1.4,1.4,1.0,1.0,0.0,0.0
6.16283,-82,0,486,0,E1A1923B1222C1387X,TE1A1B4C3D000X,1,1,1,1,1.4,1.4,1.0,1.0,0.0,0.0
6.19451,-82,0,484,0,E1A1923B1222C1386X,TE1A1B4C3D000X,1,1,1,1,1.4,1.4,1.0,1.0,0.0,0.0
6.20685,-81,0,484,0,E1A1923B1222C1385X,TE1A1B4C3D000X,1,1,1,1,1.4,1.4,1.0,1.0,0.0,0.0
6.21907,-81,0,484,0,E1A1923B1223C1384X,TE1A1B4C3D000X,1,1,1,1,1.4,1.4,1.0,1.0,0.0,0.0
6.24303,-80,0,484,0,E1A1923B1224C1384X,TE1A1B4C3D000X,1,1,1,1,1.4,1.4,1.0,1.0,0.0,0.0
6.25526,-79,0,485,0,E1A1923B1226C1383X,TE1A1B4C3D000X,1,1,1,1,1.4,1.4,1.0,1.0,0.0,0.0
6.26728,-79,0,485,0,E1A1923B1228C1382X,TE1A1B4C3D000X,1,1,1,1,1.4,1.4,1.0,1.0,0.0,0.0
6.27937,-78,-1,484,0,E1A1923B1229C1380X,TE1A1B4C3D000X,1,1,1,1,1.4,1.4,1.0,1.0,0.0,0.0
6.29913,-77,-1,483,0,E1A1923B1231C1379X,TE1A1B4C3D000X,1,1,1,1,1.4,1.4,1.0,1.0,0.0,0.0
6.31139,-76,-2,483,0,E1A1923B1234C1378X,TE1A1B4C3D000X,1,1,1,1,1.4,1.4,1.0,1.0,0.0,0.0
6.3235,-75,-2,482,0,E1A1923B1237C1377X,TE1A1B4C3D000X,1,1,1,1,1.4,1.4,1.0,1.0,0.0,0.0
6.33596,-74,-2,485,0,E1A1923B1242C1376X,TE1A1B4C3D000X,1,1,1,1,1.4,1.4,1.0,1.0,0.0,0.0
6.34811,-74,-3,487,0,E1A1923B1247C1376X,TE1A1B4C3D000X,1,1,1,1,1.4,1.4,1.0,1.0,0.0,0.0
6.3602,-73,-3,486,0,E1A1923B1251C1375X,TE1A1B4C3D000X,1,1,1,1,1.4,1.4,1.0,1.0,0.0,0.0
6.3868,-71,-4,484,0,E1A1923B1256C1374X,TE1A1B4C3D000X,1,1,1,1,1.4,1.4,1.0,1.0,0.0,0.0
6.39918,-69,-4,482,0,E1A1923B1262C1373X,TE1A1B4C3D000X,1,1,1,1,1.4,1.4,1.0,1.0,0.0,0.0
6.41127,-67,-5,481,0,E1A1923B1269C1373X,TE1A1B3C3D000X,1,1,1,1,1.4,1.4,1.0,1.0,0.0,0.0
6.423,-66,-5,481,0,E1A1923B1276C1372X,TE1A1B3C3D000X,1,1,1,1,1.4,1.4,1.0,1.0,0.0,0.0
6.43479,-64,-6,479,0,E1A1923B1284C1372X,TE1A1B3C3D000X,1,1,1,1,1.4,1.4,1.0,1.0,0.0,0.0
6.44687,-62,-6,478,0,E1A1923B1291C1372X,TE1A1B3C3D000X,1,1,1,1,1.4,1.4,1.0,1.0,0.0,0.0
6.45877,-60,-7,476,0,E1A1923B1298C1371X,TE1A1B3C3D000X,1,1,1,1,1.4,1.4,1.0,1.0,0.0,0.0
6.47091,-58,-7,475,0,E1A1923B1307C1371X,TE1A1B3C3D000X,1,1,1,1,1.4,1.4,1.0,1.0,0.0,0.0
6.48256,-56,-8,474,0,E1A1923B1316C1371X,TE1A1B3C3D000X,1,1,1,1,1.4,1.4,1.0,1.0,0.0,0.0
6.49444,-55,-8,475,0,E1A1923B1326C1372X,TE1A1B3C3D000X,1,1,1,1,1.4,1.4,1.0,1.0,0.0,0.0
6.50593,-53,-9,473,0,E1A1923B1336C1372X,TE1A1B3C3D000X,1,1,1,1,1.4,1.4,1.0,1.0,0.0,0.0
6.51791,-51,-9,473,0,E1A1923B1346C1372X,TE1A1B3C3D000X,1,1,1,1,1.4,1.4,1.0,1.0,0.0,0.0
6.53451,-48,-10,472,0,E1A1923B1357C1372X,TE1A1B3C3D000X,1,1,1,1,1.4,1.4,1.0,1.0,0.0,0.0
6.54664,-46,-11,469,0,E1A1923B1368C1372X,TE1A1B3C3D000X,1,1,1,1,1.4,1.4,1.0,1.0,0.0,0.0
6.57093,-44,-11,471,0,E1A1923B1383C1373X,TE1A1B3C3D000X,1,1,1,1,1.4,1.4,1.0,1.0,0.0,0.0
6.58286,-41,-12,469,0,E1A1923B1395C1373X,TE1A1B3C3D000X,1,1,1,1,1.4,1.4,1.0,1.0,0.0,0.0
6.60257,-39,-13,467,0,E1A1923B1409C1373X,TE1A1B3C3D000X,1,1,1,1,1.4,1.4,1.0,1.0,0.0,0.0
6.61495,-36,-14,467,0,E1A1923B1424C1373X,TE1A1B3C3D000X,1,1,1,1,1.4,1.4,1.0,1.0,0.0,0.0
6.62684,-34,-14,468,0,E1A1923B1438C1374X,TE1A1B3C3D000X,1,1,1,1,1.4,1.4,1.0,1.0,0.0,0.0
6.63814,-32,-15,470,0,E1A1923B1453C1375X,TE1A1B3C3D000X,1,1,1,1,1.4,1.4,1.0,1.0,0.0,0.0
6.6505,-29,-16,472,0,E1A1923B1467C1376X,TE1A1B3C3D000X,1,1,1,1,1.4,1.4,1.0,1.0,0.0,0.0
6.66231,-27,-17,474,0,E1A1923B1480C1376X,TE1A1B3C3D000X,1,1,1,1,1.4,1.4,1.0,1.0,0.0,0.0
6.67411,-25,-17,476,0,E1A1923B1494C1377X,TE1A1B2C3D000X,1,1,1,1,1.4,1.4,1.0,1.0,0.0,0.0
6.70249,-23,-18,479,0,E1A1923B1509C1378X,TE1A1B2C3D000X,1,1,1,1,1.4,1.4,1.0,1.0,0.0,0.0
6.71464,-21,-19,482,0,E1A1923B1523C1379X,TE1A1B2C3D000X,1,1,1,1,1.4,1.4,1.0,1.0,0.0,0.0
6.72677,-19,-20,483,0,E1A1923B1535C1380X,TE1A1B2C3D000X,1,1,1,1,1.4,1.4,1.0,1.0,0.0,0.0
6.73846,-17,-20,485,0,E1A1923B1548C1381X,TE1A1B2C3D000X,1,1,1,1,1.4,1.4,1.0,1.0,0.0,0.0
6.75081,-16,-21,487,0,E1A1923B1559C1382X,TE1A1B2C3D000X,1,1,1,1,1.4,1.4,1.0,1.0,0.0,0.0
6.76254,-14,-21,489,0,E1A1923B1570C1383X,TE1A1B2C3D000X,1,1,1,1,1.4,1.4,1.0,1.0,0.0,0.0
6.77397,-12,-22,491,0,E1A1923B1580C1384X,TE1A1B2C3D000X,1,1,1,1,1.4,1.4,1.0,1.0,0.0,0.0
6.78593,-11,-22,490,0,E1A1923B1589C1383X,TE1A1B2C3D000X,1,1,1,1,1.4,1.4,1.0,1.0,0.0,0.0
6.79762,-9,-22,490,0,E1A1923B1597C1383X,TE1A1B2C3D000X,1,1,1,1,1.4,1.4,1.0,1.0,0.0,0.0
6.80921,-8,-23,492,0,E1A1923B1605C1384X,TE1A1B2C3D000X,1,1,1,1,1.4,1.4,1.0,1.0,0.0,0.0
6.82085,-6,-23,492,0,E1A1923B1612C1384X,TE1A1B2C3D000X,1,1,1,1,1.4,1.4,1.0,1.0,0.0,0.0
6.83205,-5,-23,492,0,E1A1923B1619C1383X,TE1A1B2C3D000X,1,1,1,1,1.4,1.4,1.0,1.0,0.0,0.0
6.84379,-4,-23,492,0,E1A1923B1625C1383X,TE1A1B2C3D000X,1,1,1,1,1.4,1.4,1.0,1.0,0.0,0.0
6.85621,-3,-24,492,0,E1A1923B1631C1382X,TE1A1B2C3D000X,1,1,1,1,1.4,1.4,1.0,1.0,0.0,0.0
6.86763,-2,-24,493,0,E1A1923B1638C1381X,TE1A1B2C3D000X,1,1,1,1,1.4,1.4,1.0,1.0,0.0,0.0
6.87945,-1,-24,494,0,E1A1923B1643C1381X,TE1A1B2C3D000X,1,1,1,1,1.4,1.4,1.0,1.0,0.0,0.0
6.89117,0,-24,495,0,E1A1923B1649C1380X,TE1A1B2C3D000X,1,1,1,1,1.4,1.4,1.0,1.0,0.0,0.0
6.90226,0,-25,494,0,E1A1923B1653C1379X,TE1A1B2C3D000X,1,1,1,1,1.4,1.4,1.0,1.0,0.0,0.0
6.91429,1,-25,495,0,E1A1923B1658C1378X,TE1A1B2C3D000X,1,1,1,1,1.4,1.4,1.0,1.0,0.0,0.0
6.92606,1,-25,494,0,E1A1923B1661C1375X,TE1A1B2C3D000X,1,1,1,1,1.4,1.4,1.0,1.0,0.0,0.0
6.93774,2,-26,495,0,E1A1923B1665C1374X,TE1A1B2C3D000X,1,1,1,1,1.4,1.4,1.0,1.0,0.0,0.0
6.94911,3,-26,496,0,E1A1923B1669C1372X,TE1A1B2C3D000X,1,1,1,1,1.4,1.4,1.0,1.0,0.0,0.0
6.96091,3,-26,496,0,E1A1923B1673C1370X,TE1A1B2C3D000X,1,1,1,1,1.4,1.4,1.0,1.0,0.0,0.0
6.9744,4,-27,497,0,E1A1923B1678C1368X,TE1A1B2C3D000X,1,1,1,1,1.4,1.4,1.0,1.0,0.0,0.0
6.99878,5,-27,495,0,E1A1923B1681C1364X,TE1A1B2C3D000X,1,1,1,1,1.4,1.4,1.0,1.0,0.0,0.0
7.01053,5,-27,493,0,E1A1923B1684C1360X,TE1A1B2C3D000X,1,1,1,1,1.4,1.4,1.0,1.0,0.0,0.0
7.02233,6,-28,491,0,E1A1923B1686C1357X,TE1A1B2C3D000X,1,1,1,1,1.4,1.4,1.0,1.0,0.0,0.0
7.04254,7,-28,489,0,E1A1923B1690C1353X,TE1A1B2C3D000X,1,1,1,1,1.4,1.4,1.0,1.0,0.0,0.0
7.05465,8,-28,488,0,E1A1923B1693C1349X,TE1A1B2C3D000X,1,1,1,1,1.4,1.4,1.0,1.0,0.0,0.0
7.06649,8,-29,487,0,E1A1923B1697C1346X,TE1A1B2C3D000X,1,1,1,1,1.4,1.4,1.0,1.0,0.0,0.0
7.07873,9,-29,486,0,E1A1923B1700C1343X,TE1A1B2C3D000X,1,1,1,1,1.4,1.4,1.0,1.0,0.0,0.0
7.09855,10,-29,486,0,E1A1923B1705C1339X,TE1A1B2C3D000X,1,1,1,1,1.4,1.4,1.0,1.0,0.0,0.0
7.11044,10,-30,485,0,E1A1923B1709C1336X,TE1A1B2C3D000X,1,1,1,1,1.4,1.4,1.0,1.0,0.0,0.0
7.123,11,-30,484,0,E1A1923B1712C1332X,TE1A1B1C3D000X,1,1,1,1,1.4,1.4,1.0,1.0,0.0,0.0
7.13408,12,-30,484,0,E1A1923B1717C1329X,TE1A1B1C3D000X,1,1,1,1,1.4,1.4,1.0,1.0,0.0,0.0
7.1459,13,-31,483,0,E1A1923B1721C1325X,TE1A1B1C3D000X,1,1,1,1,1.4,1.4,1.0,1.0,0.0,0.0
7.15806,14,-31,486,0,E1A1923B1727C1323X,TE1A1B1C3D000X,1,1,1,1,1.4,1.4,1.0,1.0,0.0,0.0
7.16942,15,-31,486,0,E1A1923B1732C1320X,TE1A1B1C3D000X,1,1,1,1,1.4,1.4,1.0,1.0,0.0,0.0
7.19045,16,-32,485,0,E1A1923B1737C1316X,TE1A1B1C3D000X,1,1,1,1,1.4,1.4,1.0,1.0,0.0,0.0
7.20263,17,-32,483,0,E1A1923B1742C1312X,TE1A1B1C3D000X,1,1,1,1,1.4,1.4,1.0,1.0,0.0,0.0
7.21432,18,-32,482,0,E1A1923B1748C1308X,TE1A1B1C3D000X,1,1,1,1,1.4,1.4,1.0,1.0,0.0,0.0
7.22585,19,-32,482,0,E1A1923B1753C1304X,TE1A1B1C3D000X,1,1,1,1,1.4,1.4,1.0,1.0,0.0,0.0
7.24626,20,-33,481,0,E1A1923B1760C1300X,TE1A1B1C3D000X,1,1,1,1,1.4,1.4,1.0,1.0,0.0,0.0
7.25834,22,-33,480,0,E1A1923B1766C1295X,TE1A1B1C3D000X,1,1,1,1,1.4,1.4,1.0,1.0,0.0,0.0
7.27036,23,-33,479,0,E1A1923B1773C1291X,TE1A1B1C3D000X,1,1,1,1,1.4,1.4,1.0,1.0,0.0,0.0
7.28189,25,-33,479,0,E1A1923B1780C1287X,TE1A1B1C3D000X,1,1,1,1,1.4,1.4,1.0,1.0,0.0,0.0
7.29334,26,-34,480,0,E1A1923B1787C1283X,TE1A1B1C3D000X,1,1,1,1,1.4,1.4,1.0,1.0,0.0,0.0
7.30482,27,-34,480,0,E1A1923B1794C1279X,TE1A1B1C3D000X,1,1,1,1,1.4,1.4,1.0,1.0,0.0,0.0
7.31681,29,-34,479,0,E1A1923B1801C1274X,TE1A1B1C3D000X,1,1,1,1,1.4,1.4,1.0,1.0,0.0,0.0
7.32824,30,-34,479,0,E1A1923B1807C1269X,TE1A1B1C3D000X,1,1,1,1,1.4,1.4,1.0,1.0,0.0,0.0
7.33971,32,-34,478,0,E1A1923B1814C1263X,TE1A1B1C3D000X,1,1,1,1,1.4,1.4,1.0,1.0,0.0,0.0
7.3509,33,-34,478,0,E1A1923B1821C1257X,TE1A1B1C3D000X,1,1,1,1,1.4,1.4,1.0,1.0,0.0,0.0
7.38318,35,-35,478,0,E1A1923B1830C1250X,TE1A1B1C3D000X,1,1,1,1,1.4,1.4,1.0,1.0,0.0,0.0
7.39479,37,-35,477,0,E1A1923B1838C1242X,TE1A1B1C4D000X,1,1,1,1,1.4,1.4,1.0,1.0,0.0,0.0
7.41422,39,-35,477,0,E1A1923B1847C1233X,TE1A1B1C4D000X,1,1,1,1,1.4,1.4,1.0,1.0,0.0,0.0
7.42601,41,-35,476,0,E1A1923B1855C1224X,TE1A1B1C4D000X,1,1,1,1,1.4,1.4,1.0,1.0,0.0,0.0
7.4381,42,-36,476,0,E1A1923B1864C1215X,TE1A1B1C4D000X,1,1,1,1,1.4,1.4,1.0,1.0,0.0,0.0
7.4625,44,-36,476,0,E1A1923B1873C1205X,TE1A1B1C4D000X,1,1,1,1,1.4,1.4,1.0,1.0,0.0,0.0
7.47399,46,-36,476,0,E1A1923B1881C1196X,TE1A1B1C4D000X,1,1,1,1,1.4,1.4,1.0,1.0,0.0,0.0
7.49426,48,-36,476,0,E1A1923B1889C1186X,TE1A1B1C4D000X,1,1,1,1,1.4,1.4,1.0,1.0,0.0,0.0
7.50673,50,-36,478,0,E1A1923B1898C1176X,TE1A1B1C4D000X,1,1,1,1,1.4,1.4,1.0,1.0,0.0,0.0
7.51822,52,-36,478,0,E1A1925B1898C1169X,TE1A1B1C4D000X,1,1,1,1,1.4,1.4,1.0,1.0,0.0,0.0
7.52972,53,-36,478,0,E1A1917B1898C1174X,TE1A1B1C4D000X,1,1,1,1,1.4,1.4,1.0,1.0,0.0,0.0
7.54102,55,-36,478,0,E1A1910B1898C1178X,TE1A1B1C4D000X,1,1,1,1,1.4,1.4,1.0,1.0,0.0,0.0
7.55202,56,-36,478,0,E1A1903B1898C1182X,TE1A1B1C4D000X,1,1,1,1,1.4,1.4,1.0,1.0,0.0,0.0
7.5636,57,-36,478,0,E1A1896B1898C1185X,TE1A1B1C4D000X,1,1,1,1,1.4,1.4,1.0,1.0,0.0,0.0
7.57636,59,-36,481,0,E1A1889B1898C1191X,TE1A1B1C4D000X,1,1,1,1,1.4,1.4,1.0,1.0,0.0,0.0
7.58756,60,-36,482,0,E1A1883B1898C1195X,TE1A1B1C4D000X,1,1,1,1,1.4,1.4,1.0,1.0,0.0,0.0
7.59918,61,-36,481,0,E1A1878B1898C1196X,TE1A1B1C4D000X,1,1,1,1,1.4,1.4,1.0,1.0,0.0,0.0
7.61093,62,-36,482,0,E1A1873B1898C1199X,TE1A1B1C4D000X,1,1,1,1,1.4,1.4,1.0,1.0,0.0,0.0
7.62239,62,-36,480,0,E1A1868B1898C1200X,TE1A1B1C4D000X,1,1,1,1,1.4,1.4,1.0,1.0,0.0,0.0
7.63365,63,-35,480,0,E1A1864B1898C1201X,TE1A1B1C4D000X,1,1,1,1,1.4,1.4,1.0,1.0,0.0,0.0
7.64534,63,-35,478,0,E1A1860B1898C1201X,TE1A1B1C4D000X,1,1,1,1,1.4,1.4,1.0,1.0,0.0,0.0
7.65706,64,-35,479,0,E1A1856B1898C1202X,TE1A1B1C4D000X,1,1,1,1,1.4,1.4,1.0,1.0,0.0,0.0
7.66823,64,-35,478,0,E1A1853B1898C1202X,TE1A1B1C4D000X,1,1,1,1,1.4,1.4,1.0,1.0,0.0,0.0
7.68629,64,-35,476,0,E1A1850B1898C1202X,TE1A1B1C4D000X,1,1,1,1,1.4,1.4,1.0,1.0,0.0,0.0
7.69806,65,-35,476,0,E1A1847B1898C1202X,TE1A1B1C4D000X,1,1,1,1,1.4,1.4,1.0,1.0,0.0,0.0
7.71032,65,-34,475,0,E1A1844B1898C1202X,TE1A1B1C4D000X,1,1,1,1,1.4,1.4,1.0,1.0,0.0,0.0
7.72106,65,-34,474,0,E1A1842B1898C1201X,TE1A1B1C4D000X,1,1,1,1,1.4,1.4,1.0,1.0,0.0,0.0
7.73255,65,-34,473,0,E1A1840B1898C1200X,TE1A1B1C4D000X,1,1,1,1,1.4,1.4,1.0,1.0,0.0,0.0
7.74437,65,-34,476,0,E1A1836B1898C1202X,TE1A1B1C4D000X,1,1,1,1,1.4,1.4,1.0,1.0,0.0,0.0
7.7665,66,-34,477,0,E1A1834B1898C1202X,TE1A1B1C4D000X,1,1,1,1,1.4,1.4,1.0,1.0,0.0,0.0
7.77838,66,-34,477,0,E1A1832B1898C1202X,TE1A1B1C4D000X,1,1,1,1,1.4,1.4,1.0,1.0,0.0,0.0
7.78983,66,-34,477,0,E1A1829B1898C1202X,TE1A1B1C4D000X,1,1,1,1,1.4,1.4,1.0,1.0,0.0,0.0
7.80093,66,-34,476,0,E1A1828B1898C1201X,TE1A1B1C4D000X,1,1,1,1,1.4,1.4,1.0,1.0,0.0,0.0
7.81267,65,-33,474,0,E1A1827B1898C1199X,TE1A1B1C4D000X,1,1,1,1,1.4,1.4,1.0,1.0,0.0,0.0
7.82409,65,-33,475,0,E1A1824B1898C1199X,TE1A1B1C4D000X,1,1,1,1,1.4,1.4,1.0,1.0,0.0,0.0
7.83504,65,-33,475,0,E1A1823B1898C1199X,TE1A1B1C4D000X,1,1,1,1,1.4,1.4,1.0,1.0,0.0,0.0
7.84693,65,-33,475,0,E1A1821B1898C1198X,TE1A1B1C4D000X,1,1,1,1,1.4,1.4,1.0,1.0,0.0,0.0
7.85842,65,-33,475,0,E1A1819B1898C1197X,TE1A1B1C4D000X,1,1,1,1,1.4,1.4,1.0,1.0,0.0,0.0
7.87064,65,-33,473,0,E1A1818B1898C1196X,TE1A1B1C4D000X,1,1,1,1,1.4,1.4,1.0,1.0,0.0,0.0
7.88206,65,-33,472,0,E1A1816B1898C1194X,TE1A1B1C4D000X,1,1,1,1,1.4,1.4,1.0,1.0,0.0,0.0
7.90413,65,-33,473,0,E1A1814B1898C1195X,TE1A1B1C4D000X,1,1,1,1,1.4,1.4,1.0,1.0,0.0,0.0
7.92208,65,-32,474,0,E1A1812B1898C1195X,TE1A1B1C4D000X,1,1,1,1,1.4,1.4,1.0,1.0,0.0,0.0
7.94639,65,-32,473,0,E1A1811B1898C1194X,TE1A1B1C4D000X,1,1,1,1,1.4,1.4,1.0,1.0,0.0,0.0
7.95831,65,-32,471,0,E1A1810B1898C1193X,TE1A1B1C4D000X,1,1,1,1,1.4,1.4,1.0,1.0,0.0,0.0
7.97032,65,-32,472,0,E1A1808B1898C1193X,TE1A1B1C4D000X,1,1,1,1,1.4,1.4,1.0,1.0,0.0,0.0
7.98185,64,-32,471,0,E1A1807B1898C1192X,TE1A1B1C4D000X,1,1,1,1,1.4,1.4,1.0,1.0,0.0,0.0
7.99345,64,-32,472,0,E1A1805B1898C1192X,TE1A1B1C4D000X,1,1,1,1,1.4,1.4,1.0,1.0,0.0,0.0
8.00485,64,-31,473,0,E1A1804B1898C1193X,TE1A1B1C4D000X,1,1,1,1,1.4,1.4,1.0,1.0,0.0,0.0
8.02615,64,-31,472,0,E1A1802B1898C1192X,TE1A1B1C4D000X,1,1,1,1,1.4,1.4,1.0,1.0,0.0,0.0
8.03765,64,-31,473,0,E1A1801B1898C1192X,TE1A1B1C4D000X,1,1,1,1,1.4,1.4,1.0,1.0,0.0,0.0
8.05126,64,-31,472,0,E1A1800B1898C1192X,TE1A1B1C4D000X,1,1,1,1,1.4,1.4,1.0,1.0,0.0,0.0
8.07034,64,-31,473,0,E1A1798B1898C1192X,TE1A1B1C4D000X,1,1,1,1,1.4,1.4,1.0,1.0,0.0,0.0
8.08236,64,-31,474,0,E1A1797B1898C1193X,TE1A1B1C4D000X,1,1,1,1,1.4,1.4,1.0,1.0,0.0,0.0
8.10217,63,-31,473,0,E1A1796B1898C1192X,TE1A1B1C4D000X,1,1,1,1,1.4,1.4,1.0,1.0,0.0,0.0
8.11421,63,-30,473,0,E1A1795B1898C1191X,TE1A1B1C4D000X,1,1,1,1,1.4,1.4,1.0,1.0,0.0,0.0
8.12632,63,-30,472,0,E1A1793B1898C1190X,TE1A1B1C4D000X,1,1,1,1,1.4,1.4,1.0,1.0,0.0,0.0
8.13842,63,-30,472,0,E1A1792B1898C1189X,TE1A1B1C4D000X,1,1,1,1,1.4,1.4,1.0,1.0,0.0,0.0
8.15014,63,-30,471,0,E1A1791B1898C1188X,TE1A1B1C4D000X,1,1,1,1,1.4,1.4,1.0,1.0,0.0,0.0
8.16219,63,-30,470,0,E1A1789B1898C1187X,TE1A1B1C4D000X,1,1,1,1,1.4,1.4,1.0,1.0,0.0,0.0
8.18193,62,-30,470,0,E1A1788B1898C1187X,TE1A1B1C4D000X,1,1,1,1,1.4,1.4,1.0,1.0,0.0,0.0
8.19428,63,-30,471,0,E1A1786B1898C1187X,TE1A1B1C4D000X,1,1,1,1,1.4,1.4,1.0,1.0,0.0,0.0
8.20636,63,-30,472,0,E1A1783B1898C1187X,TE1A1B1C4D000X,1,1,1,1,1.4,1.4,1.0,1.0,0.0,0.0
8.21803,63,-30,473,0,E1A1781B1898C1187X,TE1A1B1C4D000X,1,1,1,1,1.4,1.4,1.0,1.0,0.0,0.0
8.22953,63,-29,472,0,E1A1779B1898C1186X,TE1A1B1C4D000X,1,1,1,1,1.4,1.4,1.0,1.0,0.0,0.0
8.25044,63,-29,473,0,E1A1777B1898C1186X,TE1A1B1C4D000X,1,1,1,1,1.4,1.4,1.0,1.0,0.0,0.0
8.2623,63,-29,472,0,E1A1775B1898C1184X,TE1A1B1C4D000X,1,1,1,1,1.4,1.4,1.0,1.0,0.0,0.0
8.27417,63,-29,472,0,E1A1773B1898C1184X,TE1A1B1C4D000X,1,1,1,1,1.4,1.4,1.0,1.0,0.0,0.0
8.28626,63,-29,474,0,E1A1770B1898C1185X,TE1A1B1C4D000X,1,1,1,1,1.4,1.4,1.0,1.0,0.0,0.0
8.2978,63,-29,473,0,E1A1768B1898C1184X,TE1A1B1C4D000X,1,1,1,1,1.4,1.4,1.0,1.0,0.0,0.0
8.31817,63,-29,472,0,E1A1765B1898C1183X,TE1A1B1C4D000X,1,1,1,1,1.4,1.4,1.0,1.0,0.0,0.0
8.3304,63,-28,471,0,E1A1763B1898C1181X,TE1A1B1C4D000X,1,1,1,1,1.4,1.4,1.0,1.0,0.0,0.0
8.34237,63,-28,471,0,E1A1761B1898C1182X,TE1A1B1C4D000X,1,1,1,1,1.4,1.4,1.0,1.0,0.0,0.0
8.35405,64,-28,472,0,E1A1758B1898C1182X,TE1A1B1C4D000X,1,1,1,1,1.4,1.4,1.0,1.0,0.0,0.0
8.36492,64,-28,473,0,E1A1756B1898C1182X,TE1A1B1C4D000X,1,1,1,1,1.4,1.4,1.0,1.0,0.0,0.0
8.37673,64,-28,474,0,E1A1753B1898C1182X,TE1A1B1C4D000X,1,1,1,1,1.4,1.4,1.0,1.0,0.0,0.0
8.38791,64,-28,474,0,E1A1751B1898C1182X,TE1A1B1C4D000X,1,1,1,1,1.4,1.4,1.0,1.0,0.0,0.0
8.41032,64,-28,474,0,E1A1749B1898C1181X,TE1A1B1C4D000X,1,1,1,1,1.4,1.4,1.0,1.0,0.0,0.0
8.42196,64,-28,475,0,E1A1747B1898C1181X,TE1A1B1C4D000X,1,1,1,1,1.4,1.4,1.0,1.0,0.0,0.0
8.43343,64,-28,475,0,E1A1744B1898C1180X,TE1A1B1C4D000X,1,1,1,1,1.4,1.4,1.0,1.0,0.0,0.0
8.44494,64,-28,475,0,E1A1742B1898C1179X,TE1A1B1C4D000X,1,1,1,1,1.4,1.4,1.0,1.0,0.0,0.0
8.45697,64,-28,474,0,E1A1740B1898C1178X,TE1A1B1C4D000X,1,1,1,1,1.4,1.4,1.0,1.0,0.0,0.0
8.46799,64,-28,474,0,E1A1738B1898C1176X,TE1A1B1C4D000X,1,1,1,1,1.4,1.4,1.0,1.0,0.0,0.0
8.47968,64,-28,473,0,E1A1736B1898C1175X,TE1A1B1C4D000X,1,1,1,1,1.4,1.4,1.0,1.0,0.0,0.0
8.49112,64,-27,473,0,E1A1733B1898C1173X,TE1A1B1C4D000X,1,1,1,1,1.4,1.4,1.0,1.0,0.0,0.0
8.50194,64,-27,472,0,E1A1731B1898C1172X,TE1A1B1C4D000X,1,1,1,1,1.4,1.4,1.0,1.0,0.0,0.0
8.51345,64,-27,472,0,E1A1729B1898C1170X,TE1A1B1C4D000X,1,1,1,1,1.4,1.4,1.0,1.0,0.0,0.0
8.5249,64,-27,471,0,E1A1727B1898C1168X,TE1A1B1C4D000X,1,1,1,1,1.4,1.4,1.0,1.0,0.0,0.0
8.53708,64,-27,471,0,E1A1725B1898C1167X,TE1A1B1C4D000X,1,1,1,1,1.4,1.4,1.0,1.0,0.0,0.0
8.54815,64,-27,470,0,E1A1723B1898C1164X,TE1A1B1C4D000X,1,1,1,1,1.4,1.4,1.0,1.0,0.0,0.0
8.55978,64,-27,469,0,E1A1721B1898C1163X,TE1A1B1C4D000X,1,1,1,1,1.4,1.4,1.0,1.0,0.0,0.0
8.57084,64,-27,469,0,E1A1719B1898C1161X,TE1A1B1C4D000X,1,1,1,1,1.4,1.4,1.0,1.0,0.0,0.0
8.58168,64,-27,471,0,E1A1717B1898C1161X,TE1A1B1C4D000X,1,1,1,1,1.4,1.4,1.0,1.0,0.0,0.0
8.59348,64,-27,472,0,E1A1714B1898C1161X,TE1A1B1C4D000X,1,1,1,1,1.4,1.4,1.0,1.0,0.0,0.0
8.60491,64,-27,472,0,E1A1712B1898C1160X,TE1A1B1C4D000X,1,1,1,1,1.4,1.4,1.0,1.0,0.0,0.0
8.61579,64,-27,471,0,E1A1710B1898C1159X,TE1A1B1C4D000X,1,1,1,1,1.4,1.4,1.0,1.0,0.0,0.0
8.62735,64,-27,472,0,E1A1708B1898C1158X,TE1A1B1C4D000X,1,1,1,1,1.4,1.4,1.0,1.0,0.0,0.0
8.63828,64,-27,472,0,E1A1707B1898C1157X,TE1A1B1C4D000X,1,1,1,1,1.4,1.4,1.0,1.0,0.0,0.0
8.65832,64,-27,473,0,E1A1705B1898C1157X,TE1A1B1C4D000X,1,1,1,1,1.4,1.4,1.0,1.0,0.0,0.0
8.67031,64,-27,472,0,E1A1703B1898C1157X,TE1A2B1C4D000X,1,1,1,1,1.4,1.4,1.0,1.0,0.0,0.0
8.68134,64,-27,473,0,E1A1701B1898C1157X,TE1A2B1C4D000X,1,1,1,1,1.4,1.4,1.0,1.0,0.0,0.0
8.69301,65,-26,474,0,E1A1698B1898C1158X,TE1A2B1C4D000X,1,1,1,1,1.4,1.4,1.0,1.0,0.0,0.0
8.70407,64,-26,473,0,E1A1696B1898C1156X,TE1A2B1C4D000X,1,1,1,1,1.4,1.4,1.0,1.0,0.0,0.0
8.71551,64,-26,472,0,E1A1695B1898C1155X,TE1A2B1C4D000X,1,1,1,1,1.4,1.4,1.0,1.0,0.0,0.0
8.72698,64,-26,471,0,E1A1692B1898C1153X,TE1A2B1C4D000X,1,1,1,1,1.4,1.4,1.0,1.0,0.0,0.0
8.73844,64,-26,470,0,E1A1690B1898C1152X,TE1A2B1C4D000X,1,1,1,1,1.4,1.4,1.0,1.0,0.0,0.0
8.76999,64,-26,471,0,E1A1688B1898C1151X,TE1A2B1C4D000X,1,1,1,1,1.4,1.4,1.0,1.0,0.0,0.0
8.78221,64,-26,471,0,E1A1686B1898C1149X,TE1A2B1C4D000X,1,1,1,1,1.4,1.4,1.0,1.0,0.0,0.0
8.79428,64,-26,470,0,E1A1685B1898C1147X,TE1A2B1C4D000X,1,1,1,1,1.4,1.4,1.0,1.0,0.0,0.0
8.8059,64,-26,471,0,E1A1682B1898C1146X,TE1A2B1C4D000X,1,1,1,1,1.4,1.4,1.0,1.0,0.0,0.0
8.82611,64,-26,469,0,E1A1681B1898C1144X,TE1A2B1C4D000X,1,1,1,1,1.4,1.4,1.0,1.0,0.0,0.0
8.83822,64,-26,469,0,E1A1679B1898C1142X,TE1A2B1C4D000X,1,1,1,1,1.4,1.4,1.0,1.0,0.0,0.0
8.86235,64,-26,468,0,E1A1677B1898C1139X,TE1A2B1C4D000X,1,1,1,1,1.4,1.4,1.0,1.0,0.0,0.0
8.87365,64,-26,468,0,E1A1675B1898C1137X,TE1A2B1C4D000X,1,1,1,1,1.4,1.4,1.0,1.0,0.0,0.0
8.88509,64,-26,468,0,E1A1674B1898C1135X,TE1A2B1C4D000X,1,1,1,1,1.4,1.4,1.0,1.0,0.0,0.0
8.89653,64,-26,468,0,E1A1672B1898C1134X,TE1A2B1C4D000X,1,1,1,1,1.4,1.4,1.0,1.0,0.0,0.0
8.90774,64,-26,469,0,E1A1670B1898C1134X,TE1A2B1C4D000X,1,1,1,1,1.4,1.4,1.0,1.0,0.0,0.0
8.92629,64,-26,469,0,E1A1668B1898C1132X,TE1A2B1C4D000X,1,1,1,1,1.4,1.4,1.0,1.0,0.0,0.0
8.93813,64,-26,469,0,E1A1666B1898C1131X,TE1A2B1C4D000X,1,1,1,1,1.4,1.4,1.0,1.0,0.0,0.0
8.95013,64,-26,470,0,E1A1664B1898C1131X,TE1A2B1C4D000X,1,1,1,1,1.4,1.4,1.0,1.0,0.0,0.0
8.96215,64,-26,470,0,E1A1662B1898C1130X,TE1A2B1C4D000X,1,1,1,1,1.4,1.4,1.0,1.0,0.0,0.0
8.9742,64,-26,471,0,E1A1660B1898C1130X,TE1A2B1C4D000X,1,1,1,1,1.4,1.4,1.0,1.0,0.0,0.0
8.98621,64,-26,471,0,E1A1658B1898C1129X,TE1A2B1C4D000X,1,1,1,1,1.4,1.4,1.0,1.0,0.0,0.0
8.99777,64,-26,469,0,E1A1656B1898C1127X,TE1A2B1C4D000X,1,1,1,1,1.4,1.4,1.0,1.0,0.0,0.0
9.00898,64,-25,470,0,E1A1654B1898C1127X,TE1A2B1C4D000X,1,1,1,1,1.4,1.4,1.0,1.0,0.0,0.0
9.02034,64,-25,470,0,E1A1652B1898C1126X,TE1A2B1C4D000X,1,1,1,1,1.4,1.4,1.0,1.0,0.0,0.0
9.04231,63,-25,470,0,E1A1650B1898C1125X,TE1A2B1C4D000X,1,1,1,1,1.4,1.4,1.0,1.0,0.0,0.0
9.05449,64,-25,471,0,E1A1648B1898C1125X,TE1A2B1C4D000X,1,1,1,1,1.4,1.4,1.0,1.0,0.0,0.0
9.06605,64,-25,472,0,E1A1646B1898C1125X,TE1A2B1C4D000X,1,1,1,1,1.4,1.4,1.0,1.0,0.0,0.0
9.07758,64,-25,472,0,E1A1644B1898C1124X,TE1A2B1C4D000X,1,1,1,1,1.4,1.4,1.0,1.0,0.0,0.0
9.08889,64,-25,471,0,E1A1643B1898C1123X,TE1A2B1C4D000X,1,1,1,1,1.4,1.4,1.0,1.0,0.0,0.0
9.09985,63,-25,470,0,E1A1641B1898C1122X,TE1A2B1C4D000X,1,1,1,1,1.4,1.4,1.0,1.0,0.0,0.0
9.1183,64,-25,471,0,E1A1639B1898C1122X,TE1A2B1C4D000X,1,1,1,1,1.4,1.4,1.0,1.0,0.0,0.0
9.13043,64,-25,471,0,E1A1637B1898C1121X,TE1A2B1C4D000X,1,1,1,1,1.4,1.4,1.0,1.0,0.0,0.0
9.14243,64,-24,473,0,E1A1635B1898C1122X,TE1A2B1C4D000X,1,1,1,1,1.4,1.4,1.0,1.0,0.0,0.0
9.15468,64,-24,474,0,E1A1633B1898C1122X,TE1A2B1C4D000X,1,1,1,1,1.4,1.4,1.0,1.0,0.0,0.0
9.16587,64,-24,473,0,E1A1631B1898C1121X,TE1A2B1C4D000X,1,1,1,1,1.4,1.4,1.0,1.0,0.0,0.0
9.17831,64,-24,474,0,E1A1630B1898C1121X,TE1A2B1C4D000X,1,1,1,1,1.4,1.4,1.0,1.0,0.0,0.0
9.19802,63,-24,473,0,E1A1628B1898C1119X,TE1A2B1C4D000X,1,1,1,1,1.4,1.4,1.0,1.0,0.0,0.0
9.21023,63,-24,474,0,E1A1626B1898C1119X,TE1A2B1C4D000X,1,1,1,1,1.4,1.4,1.0,1.0,0.0,0.0
9.22197,63,-24,474,0,E1A1625B1898C1117X,TE1A2B1C4D000X,1,1,1,1,1.4,1.4,1.0,1.0,0.0,0.0
9.23416,63,-24,472,0,E1A1623B1898C1115X,TE1A2B1C4D000X,1,1,1,1,1.4,1.4,1.0,1.0,0.0,0.0
9.24626,63,-24,470,0,E1A1621B1898C1112X,TE1A2B1C4D000X,1,1,1,1,1.4,1.4,1.0,1.0,0.0,0.0
9.26622,63,-24,471,0,E1A1619B1898C1112X,TE1A2B1C4D000X,1,1,1,1,1.4,1.4,1.0,1.0,0.0,0.0
9.27819,63,-24,472,0,E1A1618B1898C1111X,TE1A2B1C4D000X,1,1,1,1,1.4,1.4,1.0,1.0,0.0,0.0
9.30225,63,-24,472,0,E1A1616B1898C1110X,TE1A2B1C4D000X,1,1,1,1,1.4,1.4,1.0,1.0,0.0,0.0
9.32191,63,-24,471,0,E1A1614B1898C1108X,TE1A2B1C4D000X,1,1,1,1,1.4,1.4,1.0,1.0,0.0,0.0
9.33428,63,-24,471,0,E1A1612B1898C1107X,TE1A2B1C4D000X,1,1,1,1,1.4,1.4,1.0,1.0,0.0,0.0
9.34616,63,-24,472,0,E1A1610B1898C1106X,TE1A2B1C4D000X,1,1,1,1,1.4,1.4,1.0,1.0,0.0,0.0
9.37043,63,-24,472,0,E1A1609B1898C1105X,TE1A2B1C4D000X,1,1,1,1,1.4,1.4,1.0,1.0,0.0,0.0
9.38202,62,-24,470,0,E1A1607B1898C1102X,TE1A2B1C4D000X,1,1,1,1,1.4,1.4,1.0,1.0,0.0,0.0
9.39342,62,-24,470,0,E1A1605B1898C1102X,TE1A2B1C4D000X,1,1,1,1,1.4,1.4,1.0,1.0,0.0,0.0
9.40496,62,-24,472,0,E1A1604B1898C1102X,TE1A2B1C4D000X,1,1,1,1,1.4,1.4,1.0,1.0,0.0,0.0
9.41589,62,-23,470,0,E1A1602B1898C1100X,TE1A2B1C4D000X,1,1,1,1,1.4,1.4,1.0,1.0,0.0,0.0
9.43834,62,-23,470,0,E1A1601B1898C1100X,TE1A2B1C4D000X,1,1,1,1,1.4,1.4,1.0,1.0,0.0,0.0
9.4498,62,-23,469,0,E1A1599B1898C1098X,TE1A2B1C4D000X,1,1,1,1,1.4,1.4,1.0,1.0,0.0,0.0
9.46123,62,-23,470,0,E1A1598B1898C1099X,TE1A2B1C4D000X,1,1,1,1,1.4,1.4,1.0,1.0,0.0,0.0
9.47259,62,-23,471,0,E1A1597B1898C1099X,TE1A2B1C4D000X,1,1,1,1,1.4,1.4,1.0,1.0,0.0,0.0
9.48378,62,-23,472,0,E1A1596B1898C1100X,TE1A2B1C4D000X,1,1,1,1,1.4,1.4,1.0,1.0,0.0,0.0
9.49533,61,-23,473,0,E1A1595B1898C1100X,TE1A2B1C4D000X,1,1,1,1,1.4,1.4,1.0,1.0,0.0,0.0
9.50624,61,-23,472,0,E1A1594B1898C1099X,TE1A2B1C4D000X,1,1,1,1,1.4,1.4,1.0,1.0,0.0,0.0
9.51793,61,-22,472,0,E1A1592B1898C1098X,TE1A2B1C4D000X,1,1,1,1,1.4,1.4,1.0,1.0,0.0,0.0
9.52946,61,-22,473,0,E1A1591B1898C1099X,TE1A2B1C4D000X,1,1,1,1,1.4,1.4,1.0,1.0,0.0,0.0
9.54091,61,-22,472,0,E1A1590B1898C1099X,TE1A2B1C4D000X,1,1,1,1,1.4,1.4,1.0,1.0,0.0,0.0
9.56195,60,-22,471,0,E1A1589B1898C1098X,TE1A2B1C4D000X,1,1,1,1,1.4,1.4,1.0,1.0,0.0,0.0
9.59414,60,-21,469,0,E1A1588B1898C1098X,TE1A2B1C4D000X,1,1,1,1,1.4,1.4,1.0,1.0,0.0,0.0
9.6063,59,-21,469,0,E1A1587B1898C1101X,TE1A2B1C4D000X,1,1,1,1,1.4,1.4,1.0,1.0,0.0,0.0
9.61831,59,-20,470,0,E1A1586B1898C1104X,TE1A2B1C4D000X,1,1,1,1,1.4,1.4,1.0,1.0,0.0,0.0
9.62983,59,-20,470,0,E1A1585B1898C1106X,TE1A2B1C4D000X,1,1,1,1,1.4,1.4,1.0,1.0,0.0,0.0
9.64143,58,-19,469,0,E1A1584B1898C1109X,TE1A2B1C4D000X,1,1,1,1,1.4,1.4,1.0,1.0,0.0,0.0
9.65276,58,-18,468,0,E1A1583B1898C1112X,TE1A2B1C4D000X,1,1,1,1,1.4,1.4,1.0,1.0,0.0,0.0
9.68609,58,-17,468,0,E1A1582B1898C1117X,TE1A2B1C4D000X,1,1,1,1,1.4,1.4,1.0,1.0,0.0,0.0
9.69761,57,-16,468,0,E1A1581B1898C1122X,TE1A2B1C4D000X,1,1,1,1,1.4,1.4,1.0,1.0,0.0,0.0
9.70908,57,-15,468,0,E1A1580B1898C1127X,TE1A2B1C4D000X,1,1,1,1,1.4,1.4,1.0,1.0,0.0,0.0
9.72065,57,-14,467,0,E1A1579B1898C1131X,TE1A2B1C4D000X,1,1,1,1,1.4,1.4,1.0,1.0,0.0,0.0
9.73208,57,-13,468,0,E1A1578B1898C1137X,TE1A2B1C4D000X,1,1,1,1,1.4,1.4,1.0,1.0,0.0,0.0
9.7435,56,-13,467,0,E1A1577B1898C1140X,TE1A2B1C4D000X,1,1,1,1,1.4,1.4,1.0,1.0,0.0,0.0
9.76212,56,-12,467,0,E1A1576B1898C1145X,TE1A2B1C4D000X,1,1,1,1,1.4,1.4,1.0,1.0,0.0,0.0
9.79798,55,-11,469,0,E1A1575B1898C1152X,TE1A2B1C4D000X,1,1,1,1,1.4,1.4,1.0,1.0,0.0,0.0
9.81025,55,-10,469,0,E1A1575B1898C1157X,TE1A2B1C4D000X,1,1,1,1,1.4,1.4,1.0,1.0,0.0,0.0
9.82157,55,-9,471,0,E1A1575B1898C1163X,TE1A2B1C4D000X,1,1,1,1,1.4,1.4,1.0,1.0,0.0,0.0
9.83296,55,-9,471,0,E1A1574B1898C1168X,TE1A2B1C4D000X,1,1,1,1,1.4,1.4,1.0,1.0,0.0,0.0
9.84436,54,-8,472,0,E1A1574B1898C1172X,TE1A2B1C4D000X,1,1,1,1,1.4,1.4,1.0,1.0,0.0,0.0
9.85566,54,-7,473,0,E1A1574B1898C1177X,TE1A2B1C4D000X,1,1,1,1,1.4,1.4,1.0,1.0,0.0,0.0
9.86732,54,-7,476,0,E1A1574B1898C1182X,TE1A2B1C4D000X,1,1,1,1,1.4,1.4,1.0,1.0,0.0,0.0
9.88607,53,-6,478,0,E1A1574B1898C1188X,TE1A2B1C4D000X,1,1,1,1,1.4,1.4,1.0,1.0,0.0,0.0
9.89828,53,-5,480,0,E1A1575B1898C1193X,TE1A2B1C4D000X,1,1,1,1,1.4,1.4,1.0,1.0,0.0,0.0
9.92206,53,-5,481,0,E1A1575B1898C1198X,TE1A2B1C4D000X,1,1,1,1,1.4,1.4,1.0,1.0,0.0,0.0
9.94656,52,-4,482,0,E1A1576B1898C1204X,TE1A2B1C4D000X,1,1,1,1,1.4,1.4,1.0,1.0,0.0,0.0
9.95815,52,-3,484,0,E1A1577B1898C1209X,TE1A2B1C4D000X,1,1,1,1,1.4,1.4,1.0,1.0,0.0,0.0
9.9698,51,-3,485,0,E1A1578B1898C1213X,TE1A2B1C4D000X,1,1,1,1,1.4,1.4,1.0,1.0,0.0,0.0
9.98149,51,-2,485,0,E1A1579B1898C1217X,TE1A2B1C4D000X,1,1,1,1,1.4,1.4,1.0,1.0,0.0,0.0
10.0223,50,-2,486,0,E1A1581B1898C1222X,TE1A2B1C4D000X,1,1,1,1,1.4,1.4,1.0,1.0,0.0,0.0
10.0462,49,-1,488,0,E1A1583B1898C1228X,TE1A2B1C4D000X,1,1,1,1,1.4,1.4,1.0,1.0,0.0,0.0
10.0585,48,0,486,0,E1A1584B1898C1231X,TE1A2B1C4D000X,1,1,1,1,1.4,1.4,1.0,1.0,0.0,0.0
10.0705,48,0,487,0,E1A1585B1898C1236X,TE1A2B1C4D000X,1,1,1,1,1.4,1.4,1.0,1.0,0.0,0.0
10.0818,47,0,486,0,E1A1586B1898C1240X,TE1A2B1C4D000X,1,1,1,1,1.4,1.4,1.0,1.0,0.0,0.0
10.0934,46,1,485,0,E1A1587B1898C1244X,TE1A2B1C4D000X,1,1,1,1,1.4,1.4,1.0,1.0,0.0,0.0
10.1049,45,2,485,0,E1A1588B1898C1250X,TE1A2B1C4D000X,1,1,1,1,1.4,1.4,1.0,1.0,0.0,0.0
10.1162,45,2,485,0,E1A1588B1898C1254X,TE1A2B1C4D000X,1,1,1,1,1.4,1.4,1.0,1.0,0.0,0.0
10.1279,44,3,484,0,E1A1589B1898C1258X,TE1A2B1C3D000X,1,1,1,1,1.4,1.4,1.0,1.0,0.0,0.0
10.1394,44,4,485,0,E1A1589B1898C1264X,TE1A2B1C3D000X,1,1,1,1,1.4,1.4,1.0,1.0,0.0,0.0
10.1503,43,5,484,0,E1A1589B1898C1268X,TE1A2B1C3D000X,1,1,1,1,1.4,1.4,1.0,1.0,0.0,0.0
10.1615,43,6,485,0,E1A1590B1898C1274X,TE1A2B1C3D000X,1,1,1,1,1.4,1.4,1.0,1.0,0.0,0.0
10.1727,42,6,485,0,E1A1590B1898C1278X,TE1A2B1C3D000X,1,1,1,1,1.4,1.4,1.0,1.0,0.0,0.0
10.1839,42,7,484,0,E1A1589B1898C1282X,TE1A2B1C3D000X,1,1,1,1,1.4,1.4,1.0,1.0,0.0,0.0
10.1958,41,8,483,0,E1A1589B1898C1285X,TE1A2B1C3D000X,1,1,1,1,1.4,1.4,1.0,1.0,0.0,0.0
10.2072,41,8,484,0,E1A1590B1898C1290X,TE1A2B1C3D000X,1,1,1,1,1.4,1.4,1.0,1.0,0.0,0.0
10.2182,40,9,484,0,E1A1590B1898C1295X,TE1A2B1C3D000X,1,1,1,1,1.4,1.4,1.0,1.0,0.0,0.0
10.2298,40,9,484,0,E1A1590B1898C1298X,TE1A2B1C3D000X,1,1,1,1,1.4,1.4,1.0,1.0,0.0,0.0
10.2407,39,10,484,0,E1A1589B1898C1302X,TE1A2B1C3D000X,1,1,1,1,1.4,1.4,1.0,1.0,0.0,0.0
10.252,39,10,484,0,E1A1589B1898C1305X,TE1A2B1C3D000X,1,1,1,1,1.4,1.4,1.0,1.0,0.0,0.0
10.264,39,11,484,0,E1A1588B1898C1308X,TE1A2B1C3D000X,1,1,1,1,1.4,1.4,1.0,1.0,0.0,0.0
10.2754,39,11,484,0,E1A1588B1898C1310X,TE1A2B1C3D000X,1,1,1,1,1.4,1.4,1.0,1.0,0.0,0.0
10.2946,38,12,485,0,E1A1587B1898C1314X,TE1A2B1C3D000X,1,1,1,1,1.4,1.4,1.0,1.0,0.0,0.0
10.306,38,12,485,0,E1A1587B1898C1316X,TE1A2B1C3D000X,1,1,1,1,1.4,1.4,1.0,1.0,0.0,0.0
10.3185,38,12,485,0,E1A1586B1898C1318X,TE1A2B1C3D000X,1,1,1,1,1.4,1.4,1.0,1.0,0.0,0.0
10.3306,38,12,486,0,E1A1585B1898C1320X,TE1A2B1C3D000X,1,1,1,1,1.4,1.4,1.0,1.0,0.0,0.0
10.342,38,13,486,0,E1A1584B1898C1321X,TE1A2B1C3D000X,1,1,1,1,1.4,1.4,1.0,1.0,0.0,0.0
10.3543,38,13,486,0,E1A1582B1898C1322X,TE1A2B1C3D000X,1,1,1,1,1.4,1.4,1.0,1.0,0.0,0.0
10.3655,38,13,486,0,E1A1581B1898C1323X,TE1A2B1C3D000X,1,1,1,1,1.4,1.4,1.0,1.0,0.0,0.0
10.3861,38,13,486,0,E1A1579B1898C1324X,TE1A2B1C3D000X,1,1,1,1,1.4,1.4,1.0,1.0,0.0,0.0
10.3977,38,13,486,0,E1A1578B1898C1324X,TE1A2B1C3D000X,1,1,1,1,1.4,1.4,1.0,1.0,0.0,0.0
10.4092,38,13,485,0,E1A1576B1898C1323X,TE1A2B1C3D000X,1,1,1,1,1.4,1.4,1.0,1.0,0.0,0.0
10.4206,38,13,484,0,E1A1574B1898C1322X,TE1A2B1C3D000X,1,1,1,1,1.4,1.4,1.0,1.0,0.0,0.0
10.4314,38,13,483,0,E1A1572B1898C1320X,TE1A2B1C3D000X,1,1,1,1,1.4,1.4,1.0,1.0,0.0,0.0
10.4432,38,13,484,0,E1A1570B1898C1320X,TE1A2B1C3D000X,1,1,1,1,1.4,1.4,1.0,1.0,0.0,0.0
10.4542,38,12,483,0,E1A1568B1898C1318X,TE1A2B1C3D000X,1,1,1,1,1.4,1.4,1.0,1.0,0.0,0.0
10.4742,38,12,484,0,E1A1566B1898C1318X,TE1A2B1C3D000X,1,1,1,1,1.4,1.4,1.0,1.0,0.0,0.0
10.486,38,12,484,0,E1A1564B1898C1316X,TE1A2B1C3D000X,1,1,1,1,1.4,1.4,1.0,1.0,0.0,0.0
10.4982,38,12,484,0,E1A1562B1898C1315X,TE1A2B1C3D000X,1,1,1,1,1.4,1.4,1.0,1.0,0.0,0.0
10.5104,39,12,483,0,E1A1559B1898C1313X,TE1A2B1C3D000X,1,1,1,1,1.4,1.4,1.0,1.0,0.0,0.0
10.5217,39,11,483,0,E1A1556B1898C1311X,TE1A2B1C3D000X,1,1,1,1,1.4,1.4,1.0,1.0,0.0,0.0
10.5332,39,11,483,0,E1A1554B1898C1310X,TE1A2B1C3D000X,1,1,1,1,1.4,1.4,1.0,1.0,0.0,0.0
10.5447,39,11,484,0,E1A1552B1898C1309X,TE1A2B1C3D000X,1,1,1,1,1.4,1.4,1.0,1.0,0.0,0.0
10.5562,40,11,485,0,E1A1549B1898C1309X,TE1A2B1C3D000X,1,1,1,1,1.4,1.4,1.0,1.0,0.0,0.0
10.567,40,11,484,0,E1A1547B1898C1307X,TE1A2B1C3D000X,1,1,1,1,1.4,1.4,1.0,1.0,0.0,0.0
10.5789,40,11,483,0,E1A1544B1898C1305X,TE1A2B1C3D000X,1,1,1,1,1.4,1.4,1.0,1.0,0.0,0.0
10.5905,40,10,484,0,E1A1541B1898C1304X,TE1A2B1C3D000X,1,1,1,1,1.4,1.4,1.0,1.0,0.0,0.0
10.6341,41,10,484,0,E1A1538B1898C1304X,TE1A2B1C3D000X,1,1,1,1,1.4,1.4,1.0,1.0,0.0,0.0
10.6544,41,10,484,0,E1A1535B1898C1303X,TE1A2B1C3D000X,1,1,1,1,1.4,1.4,1.0,1.0,0.0,0.0
10.6664,41,10,483,0,E1A1532B1898C1301X,TE1A2B1C3D000X,1,1,1,1,1.4,1.4,1.0,1.0,0.0,0.0
10.6783,41,10,482,0,E1A1529B1898C1301X,TE1A2B1C3D000X,1,1,1,1,1.4,1.4,1.0,1.0,0.0,0.0
10.6904,41,10,481,0,E1A1526B1898C1299X,TE1A2B1C3D000X,1,1,1,1,1.4,1.4,1.0,1.0,0.0,0.0
10.7022,42,10,482,0,E1A1524B1898C1299X,TE1A2B1C3D000X,1,1,1,1,1.4,1.4,1.0,1.0,0.0,0.0
10.7136,42,10,481,0,E1A1521B1898C1298X,TE1A2B1C3D000X,1,1,1,1,1.4,1.4,1.0,1.0,0.0,0.0
10.7252,42,10,481,0,E1A1518B1898C1296X,TE1A2B1C3D000X,1,1,1,1,1.4,1.4,1.0,1.0,0.0,0.0
10.7371,42,10,481,0,E1A1516B1898C1295X,TE1A2B1C3D000X,1,1,1,1,1.4,1.4,1.0,1.0,0.0,0.0
10.7482,42,10,482,0,E1A1514B1898C1295X,TE1A2B1C3D000X,1,1,1,1,1.4,1.4,1.0,1.0,0.0,0.0
10.7597,42,10,482,0,E1A1512B1898C1294X,TE1A2B1C3D000X,1,1,1,1,1.4,1.4,1.0,1.0,0.0,0.0
10.7706,43,9,483,0,E1A1510B1898C1294X,TE1A2B1C3D000X,1,1,1,1,1.4,1.4,1.0,1.0,0.0,0.0
10.7821,43,9,484,0,E1A1509B1898C1293X,TE1A2B1C3D000X,1,1,1,1,1.4,1.4,1.0,1.0,0.0,0.0
10.7936,43,9,483,0,E1A1506B1898C1291X,TE1A2B1C3D000X,1,1,1,1,1.4,1.4,1.0,1.0,0.0,0.0
10.8049,43,9,484,0,E1A1504B1898C1290X,TE1A2B1C3D000X,1,1,1,1,1.4,1.4,1.0,1.0,0.0,0.0
10.8158,43,9,484,0,E1A1503B1898C1289X,TE1A2B1C3D000X,1,1,1,1,1.4,1.4,1.0,1.0,0.0,0.0
10.8274,43,9,483,0,E1A1500B1898C1288X,TE1A2B1C3D000X,1,1,1,1,1.4,1.4,1.0,1.0,0.0,0.0
10.8385,43,9,483,0,E1A1498B1898C1287X,TE1A2B1C3D000X,1,1,1,1,1.4,1.4,1.0,1.0,0.0,0.0
10.8501,43,9,482,0,E1A1496B1898C1286X,TE1A2B1C3D000X,1,1,1,1,1.4,1.4,1.0,1.0,0.0,0.0
10.8616,43,8,482,0,E1A1494B1898C1285X,TE1A2B1C3D000X,1,1,1,1,1.4,1.4,1.0,1.0,0.0,0.0
10.8729,43,8,481,0,E1A1492B1898C1284X,TE1A2B1C3D000X,1,1,1,1,1.4,1.4,1.0,1.0,0.0,0.0
10.8837,43,8,481,0,E1A1490B1898C1283X,TE1A2B1C3D000X,1,1,1,1,1.4,1.4,1.0,1.0,0.0,0.0
10.8955,43,8,480,0,E1A1488B1898C1282X,TE1A2B1C3D000X,1,1,1,1,1.4,1.4,1.0,1.0,0.0,0.0
10.9067,43,8,480,0,E1A1486B1898C1282X,TE1A2B1C3D000X,1,1,1,1,1.4,1.4,1.0,1.0,0.0,0.0
10.9183,43,8,480,0,E1A1484B1898C1281X,TE1A2B1C3D000X,1,1,1,1,1.4,1.4,1.0,1.0,0.0,0.0
10.9299,43,8,481,0,E1A1483B1898C1282X,TE1A2B1C3D000X,1,1,1,1,1.4,1.4,1.0,1.0,0.0,0.0
10.9414,43,8,481,0,E1A1481B1898C1281X,TE1A2B1C3D000X,1,1,1,1,1.4,1.4,1.0,1.0,0.0,0.0
10.9523,43,8,482,0,E1A1480B1898C1282X,TE1A2B1C3D000X,1,1,1,1,1.4,1.4,1.0,1.0,0.0,0.0
10.9639,43,8,483,0,E1A1479B1898C1282X,TE1A2B1C3D000X,1,1,1,1,1.4,1.4,1.0,1.0,0.0,0.0
10.9747,43,8,482,0,E1A1477B1898C1282X,TE1A3B1C3D000X,1,1,1,1,1.4,1.4,1.0,1.0,0.0,0.0
10.9861,43,8,482,0,E1A1475B1898C1281X,TE1A3B1C3D000X,1,1,1,1,1.4,1.4,1.0,1.0,0.0,0.0
10.9978,43,8,481,0,E1A1473B1898C1280X,TE1A3B1C3D000X,1,1,1,1,1.4,1.4,1.0,1.0,0.0,0.0
11.0092,43,8,481,0,E1A1472B1898C1280X,TE1A3B1C3D000X,1,1,1,1,1.4,1.4,1.0,1.0,0.0,0.0
11.0206,43,8,481,0,E1A1470B1898C1278X,TE1A3B1C3D000X,1,1,1,1,1.4,1.4,1.0,1.0,0.0,0.0
11.0317,43,8,480,0,E1A1468B1898C1277X,TE1A3B1C3D000X,1,1,1,1,1.4,1.4,1.0,1.0,0.0,0.0
11.044,43,8,485,0,E1A1468B1898C1280X,TE1A3B1C3D000X,1,1,1,1,1.4,1.4,1.0,1.0,0.0,0.0
11.0624,43,8,484,0,E1A1466B1898C1279X,TE1A3B1C3D000X,1,1,1,1,1.4,1.4,1.0,1.0,0.0,0.0
11.0743,43,8,483,0,E1A1464B1898C1277X,TE1A3B1C3D000X,1,1,1,1,1.4,1.4,1.0,1.0,0.0,0.0
11.0942,43,7,482,0,E1A1462B1898C1275X,TE1A3B1C3D000X,1,1,1,1,1.4,1.4,1.0,1.0,0.0,0.0
11.1183,44,7,483,0,E1A1460B1898C1275X,TE1A3B1C3D000X,1,1,1,1,1.4,1.4,1.0,1.0,0.0,0.0
11.1303,44,7,482,0,E1A1458B1898C1273X,TE1A3B1C3D000X,1,1,1,1,1.4,1.4,1.0,1.0,0.0,0.0
11.1423,44,7,481,0,E1A1456B1898C1271X,TE1A3B1C3D000X,1,1,1,1,1.4,1.4,1.0,1.0,0.0,0.0
11.1542,44,7,482,0,E1A1455B1898C1271X,TE1A3B1C3D000X,1,1,1,1,1.4,1.4,1.0,1.0,0.0,0.0
11.1657,44,7,482,0,E1A1453B1898C1270X,TE1A3B1C3D000X,1,1,1,1,1.4,1.4,1.0,1.0,0.0,0.0
11.1769,44,7,481,0,E1A1451B1898C1268X,TE1A3B1C3D000X,1,1,1,1,1.4,1.4,1.0,1.0,0.0,0.0
11.1881,44,6,482,0,E1A1449B1898C1267X,TE1A3B1C3D000X,1,1,1,1,1.4,1.4,1.0,1.0,0.0,0.0
11.1994,44,6,483,0,E1A1448B1898C1267X,TE1A3B1C3D000X,1,1,1,1,1.4,1.4,1.0,1.0,0.0,0.0
11.2108,44,6,484,0,E1A1446B1898C1267X,TE1A3B1C3D000X,1,1,1,1,1.4,1.4,1.0,1.0,0.0,0.0
11.2222,44,6,484,0,E1A1444B1898C1266X,TE1A3B1C3D000X,1,1,1,1,1.4,1.4,1.0,1.0,0.0,0.0
11.2335,44,6,483,0,E1A1441B1898C1265X,TE1A3B1C3D000X,1,1,1,1,1.4,1.4,1.0,1.0,0.0,0.0
11.245,44,6,482,0,E1A1438B1898C1263X,TE1A3B1C3D000X,1,1,1,1,1.4,1.4,1.0,1.0,0.0,0.0
11.2569,45,6,486,0,E1A1437B1898C1265X,TE1A3B1C3D000X,1,1,1,1,1.4,1.4,1.0,1.0,0.0,0.0
11.2697,45,6,486,0,E1A1435B1898C1265X,TE1A3B1C3D000X,1,1,1,1,1.4,1.4,1.0,1.0,0.0,0.0
11.2812,45,6,485,0,E1A1432B1898C1263X,TE1A3B1C3D000X,1,1,1,1,1.4,1.4,1.0,1.0,0.0,0.0
11.2928,45,6,485,0,E1A1429B1898C1262X,TE1A3B1C3D000X,1,1,1,1,1.4,1.4,1.0,1.0,0.0,0.0
11.3038,45,6,484,0,E1A1427B1898C1260X,TE1A3B1C3D000X,1,1,1,1,1.4,1.4,1.0,1.0,0.0,0.0
11.3223,45,6,483,0,E1A1424B1898C1259X,TE1A3B1C3D000X,1,1,1,1,1.4,1.4,1.0,1.0,0.0,0.0
11.3344,45,6,483,0,E1A1421B1898C1258X,TE1A3B1C3D000X,1,1,1,1,1.4,1.4,1.0,1.0,0.0,0.0
11.3464,45,6,481,0,E1A1418B1898C1257X,TE1A3B1C3D000X,1,1,1,1,1.4,1.4,1.0,1.0,0.0,0.0
11.3575,45,6,481,0,E1A1416B1898C1256X,TE1A3B1C3D000X,1,1,1,1,1.4,1.4,1.0,1.0,0.0,0.0
11.3685,45,6,481,0,E1A1414B1898C1256X,TE1A3B1C3D000X,1,1,1,1,1.4,1.4,1.0,1.0,0.0,0.0
11.3904,45,6,480,0,E1A1411B1898C1255X,TE1A3B1C3D000X,1,1,1,1,1.4,1.4,1.0,1.0,0.0,0.0
11.4022,45,6,480,0,E1A1409B1898C1255X,TE1A3B1C3D000X,1,1,1,1,1.4,1.4,1.0,1.0,0.0,0.0
11.4342,45,6,479,0,E1A1406B1898C1255X,TE1A3B1C3D000X,1,1,1,1,1.4,1.4,1.0,1.0,0.0,0.0
11.4463,45,6,479,0,E1A1404B1898C1255X,TE1A3B1C3D000X,1,1,1,1,1.4,1.4,1.0,1.0,0.0,0.0
11.4581,45,6,479,0,E1A1403B1898C1256X,TE1A3B1C3D000X,1,1,1,1,1.4,1.4,1.0,1.0,0.0,0.0
11.4705,46,7,481,0,E1A1402B1898C1257X,TE1A3B1C3D000X,1,1,1,1,1.4,1.4,1.0,1.0,0.0,0.0
11.482,46,7,482,0,E1A1400B1898C1258X,TE1A3B1C3D000X,1,1,1,1,1.4,1.4,1.0,1.0,0.0,0.0
11.4933,46,7,482,0,E1A1399B1898C1258X,TE1A3B1C3D000X,1,1,1,1,1.4,1.4,1.0,1.0,0.0,0.0
11.5046,46,7,481,0,E1A1397B1898C1257X,TE1A3B1C3D000X,1,1,1,1,1.4,1.4,1.0,1.0,0.0,0.0
11.5161,46,7,482,0,E1A1396B1898C1257X,TE1A3B1C3D000X,1,1,1,1,1.4,1.4,1.0,1.0,0.0,0.0
11.5278,45,7,482,0,E1A1394B1898C1256X,TE1A3B1C3D000X,1,1,1,1,1.4,1.4,1.0,1.0,0.0,0.0
11.5393,45,6,483,0,E1A1393B1898C1257X,TE1A3B1C3D000X,1,1,1,1,1.4,1.4,1.0,1.0,0.0,0.0
11.5503,45,6,483,0,E1A1393B1898C1257X,TE1A3B1C3D000X,1,1,1,1,1.4,1.4,1.0,1.0,0.0,0.0
11.562,45,6,484,0,E1A1391B1898C1257X,TE1A3B1C3D000X,1,1,1,1,1.4,1.4,1.0,1.0,0.0,0.0
11.5728,45,6,484,0,E1A1390B1898C1256X,TE1A3B1C3D000X,1,1,1,1,1.4,1.4,1.0,1.0,0.0,0.0
11.5845,45,6,483,0,E1A1389B1898C1254X,TE1A3B1C3D000X,1,1,1,1,1.4,1.4,1.0,1.0,0.0,0.0
11.5959,45,6,484,0,E1A1388B1898C1254X,TE1A3B1C3D000X,1,1,1,1,1.4,1.4,1.0,1.0,0.0,0.0
11.6145,45,6,485,0,E1A1388B1898C1254X,TE1A3B1C3D000X,1,1,1,1,1.4,1.4,1.0,1.0,0.0,0.0
11.6263,45,6,486,0,E1A1388B1898C1254X,TE1A3B1C3D000X,1,1,1,1,1.4,1.4,1.0,1.0,0.0,0.0
11.6384,45,6,485,0,E1A1387B1898C1254X,TE1A3B1C3D000X,1,1,1,1,1.4,1.4,1.0,1.0,0.0,0.0
11.6502,44,6,485,0,E1A1387B1898C1254X,TE1A3B1C3D000X,1,1,1,1,1.4,1.4,1.0,1.0,0.0,0.0
11.6623,44,6,485,0,E1A1387B1898C1253X,TE1A3B1C3D000X,1,1,1,1,1.4,1.4,1.0,1.0,0.0,0.0
11.6737,44,6,484,0,E1A1386B1898C1253X,TE1A3B1C3D000X,1,1,1,1,1.4,1.4,1.0,1.0,0.0,0.0
11.6848,43,6,484,0,E1A1386B1898C1253X,TE1A3B1C3D000X,1,1,1,1,1.4,1.4,1.0,1.0,0.0,0.0
11.6965,43,6,484,0,E1A1387B1898C1253X,TE1A3B1C3D000X,1,1,1,1,1.4,1.4,1.0,1.0,0.0,0.0
11.7078,42,6,483,0,E1A1386B1898C1252X,TE1A3B1C3D000X,1,1,1,1,1.4,1.4,1.0,1.0,0.0,0.0
11.7302,42,6,483,0,E1A1387B1898C1253X,TE1A3B1C3D000X,1,1,1,1,1.4,1.4,1.0,1.0,0.0,0.0
11.7418,42,6,484,0,E1A1388B1898C1254X,TE1A3B1C3D000X,1,1,1,1,1.4,1.4,1.0,1.0,0.0,0.0
11.7531,41,5,484,0,E1A1390B1898C1255X,TE1A3B1C3D000X,1,1,1,1,1.4,1.4,1.0,1.0,0.0,0.0
11.7743,41,5,485,0,E1A1393B1898C1256X,TE1A3B1C3D000X,1,1,1,1,1.4,1.4,1.0,1.0,0.0,0.0
11.7863,40,5,485,0,E1A1396B1898C1257X,TE1A3B1C3D000X,1,1,1,1,1.4,1.4,1.0,1.0,0.0,0.0
11.7981,40,5,485,0,E1A1398B1898C1258X,TE1A3B1C3D000X,1,1,1,1,1.4,1.4,1.0,1.0,0.0,0.0
11.8097,40,5,486,0,E1A1401B1898C1259X,TE1A3B1C3D000X,1,1,1,1,1.4,1.4,1.0,1.0,0.0,0.0
11.8303,39,5,486,0,E1A1404B1898C1259X,TE1A3B1C3D000X,1,1,1,1,1.4,1.4,1.0,1.0,0.0,0.0
11.8422,38,5,485,0,E1A1406B1898C1258X,TE1A3B1C3D000X,1,1,1,1,1.4,1.4,1.0,1.0,0.0,0.0
11.854,38,5,486,0,E1A1410B1898C1259X,TE1A3B1C3D000X,1,1,1,1,1.4,1.4,1.0,1.0,0.0,0.0
11.8744,37,4,485,0,E1A1412B1898C1259X,TE1A3B1C3D000X,1,1,1,1,1.4,1.4,1.0,1.0,0.0,0.0
11.8865,37,4,484,0,E1A1415B1898C1258X,TE1A3B1C3D000X,1,1,1,1,1.4,1.4,1.0,1.0,0.0,0.0
11.8985,36,4,485,0,E1A1418B1898C1259X,TE1A3B1C3D000X,1,1,1,1,1.4,1.4,1.0,1.0,0.0,0.0
11.9224,36,4,485,0,E1A1422B1898C1260X,TE1A3B1C3D000X,1,1,1,1,1.4,1.4,1.0,1.0,0.0,0.0
11.9337,35,4,485,0,E1A1426B1898C1261X,TE1A3B1C3D000X,1,1,1,1,1.4,1.4,1.0,1.0,0.0,0.0
11.9447,34,4,486,0,E1A1430B1898C1261X,TE1A3B1C3D000X,1,1,1,1,1.4,1.4,1.0,1.0,0.0,0.0
11.9559,34,3,486,0,E1A1434B1898C1262X,TE1A3B1C3D000X,1,1,1,1,1.4,1.4,1.0,1.0,0.0,0.0
11.9669,33,3,486,0,E1A1438B1898C1263X,TE1A3B1C3D000X,1,1,1,1,1.4,1.4,1.0,1.0,0.0,0.0
11.9789,32,3,487,0,E1A1442B1898C1264X,TE1A3B1C3D000X,1,1,1,1,1.4,1.4,1.0,1.0,0.0,0.0
11.9905,32,3,487,0,E1A1446B1898C1265X,TE1A3B1C3D000X,1,1,1,1,1.4,1.4,1.0,1.0,0.0,0.0
12.0017,31,3,488,0,E1A1450B1898C1266X,TE1A3B1C3D000X,1,1,1,1,1.4,1.4,1.0,1.0,0.0,0.0
12.0136,30,3,487,0,E1A1454B1898C1266X,TE1A3B1C3D000X,1,1,1,1,1.4,1.4,1.0,1.0,0.0,0.0
12.025,29,3,487,0,E1A1458B1898C1267X,TE1A3B1C3D000X,1,1,1,1,1.4,1.4,1.0,1.0,0.0,0.0
12.0359,29,3,489,0,E1A1462B1898C1269X,TE1A3B1C3D000X,1,1,1,1,1.4,1.4,1.0,1.0,0.0,0.0
12.0475,28,2,488,0,E1A1465B1898C1270X,TE1A3B1C3D000X,1,1,1,1,1.4,1.4,1.0,1.0,0.0,0.0
12.059,28,2,490,0,E1A1469B1898C1271X,TE1A3B1C3D000X,1,1,1,1,1.4,1.4,1.0,1.0,0.0,0.0
12.0718,27,2,489,0,E1A1473B1898C1272X,TE1A3B1C3D000X,1,1,1,1,1.4,1.4,1.0,1.0,0.0,0.0
12.0828,26,2,489,0,E1A1476B1898C1272X,TE1A3B1C3D000X,1,1,1,1,1.4,1.4,1.0,1.0,0.0,0.0
12.0944,26,2,491,0,E1A1480B1898C1274X,TE1A3B1C3D000X,1,1,1,1,1.4,1.4,1.0,1.0,0.0,0.0
12.1075,25,2,491,0,E1A1484B1898C1275X,TE1A2B1C3D000X,1,1,1,1,1.4,1.4,1.0,1.0,0.0,0.0
12.1198,24,2,491,0,E1A1487B1898C1276X,TE1A2B1C3D000X,1,1,1,1,1.4,1.4,1.0,1.0,0.0,0.0
12.1319,24,2,490,0,E1A1490B1898C1276X,TE1A2B1C3D000X,1,1,1,1,1.4,1.4,1.0,1.0,0.0,0.0
12.1437,23,2,491,0,E1A1495B1898C1278X,TE1A2B1C3D000X,1,1,1,1,1.4,1.4,1.0,1.0,0.0,0.0
12.1553,22,2,491,0,E1A1498B1898C1278X,TE1A2B1C3D000X,1,1,1,1,1.4,1.4,1.0,1.0,0.0,0.0
12.1665,22,2,492,0,E1A1503B1898C1280X,TE1A2B1C3D000X,1,1,1,1,1.4,1.4,1.0,1.0,0.0,0.0
12.1781,21,1,492,0,E1A1507B1898C1281X,TE1A2B1C3D000X,1,1,1,1,1.4,1.4,1.0,1.0,0.0,0.0
12.19,20,1,492,0,E1A1511B1898C1281X,TE1A2B1C3D000X,1,1,1,1,1.4,1.4,1.0,1.0,0.0,0.0
12.2021,19,1,493,0,E1A1517B1898C1284X,TE1A2B1C3D000X,1,1,1,1,1.4,1.4,1.0,1.0,0.0,0.0
12.2147,18,1,494,0,E1A1523B1898C1285X,TE1A2B1C3D000X,1,1,1,1,1.4,1.4,1.0,1.0,0.0,0.0
12.2262,17,1,493,0,E1A1528B1898C1286X,TE1A2B1C3D000X,1,1,1,1,1.4,1.4,1.0,1.0,0.0,0.0
12.2383,16,1,493,0,E1A1533B1898C1287X,TE1A2B1C3D000X,1,1,1,1,1.4,1.4,1.0,1.0,0.0,0.0
12.2499,15,1,492,0,E1A1539B1898C1287X,TE1A2B1C3D000X,1,1,1,1,1.4,1.4,1.0,1.0,0.0,0.0
12.2614,14,1,491,0,E1A1544B1898C1287X,TE1A2B1C3D000X,1,1,1,1,1.4,1.4,1.0,1.0,0.0,0.0
12.2728,12,1,489,0,E1A1549B1898C1287X,TE1A2B1C3D000X,1,1,1,1,1.4,1.4,1.0,1.0,0.0,0.0
12.2838,11,0,487,0,E1A1553B1898C1287X,TE1A2B1C3D000X,1,1,1,1,1.4,1.4,1.0,1.0,0.0,0.0
12.2954,10,0,488,0,E1A1560B1898C1289X,TE1A2B1C3D000X,1,1,1,1,1.4,1.4,1.0,1.0,0.0,0.0
12.3264,9,0,488,0,E1A1627B1898C1371X,TE1A2B1C3D000X,1,1,1,1,1.4,1.4,1.0,1.0,0.0,0.0
12.3384,7,0,487,0,E1A1683B1898C1438X,TE1A2B1C3D000X,1,1,1,1,1.4,1.4,1.0,1.0,0.0,0.0
12.3825,5,0,484,0,E1A1731B1898C1493X,TE1A2B1C3D000X,1,1,1,1,1.4,1.4,1.0,1.0,0.0,0.0
12.4066,4,0,483,0,E1A1772B1898C1538X,TE1A1B1C2D000X,1,1,1,1,1.4,1.4,1.0,1.0,0.0,0.0
12.4186,2,0,482,0,E1A1807B1898C1575X,TE1A1B1C2D000X,1,1,1,1,1.4,1.4,1.0,1.0,0.0,0.0
12.4305,0,0,481,0,E1A1836B1898C1605X,TE1A1B1C2D000X,1,1,1,1,1.4,1.4,1.0,1.0,0.0,0.0
12.4422,0,0,480,0,E1A1861B1898C1630X,TE1A1B1C2D000X,1,1,1,1,1.4,1.4,1.0,1.0,0.0,0.0
12.4625,-2,0,478,0,E1A1882B1898C1650X,TE1A1B1C2D000X,1,1,1,1,1.4,1.4,1.0,1.0,0.0,0.0
12.4747,-3,0,475,0,E1A1900B1898C1665X,TE1A1B1C2D000X,1,1,1,1,1.4,1.4,1.0,1.0,0.0,0.0
12.4864,-5,0,476,0,E1A1915B1898C1675X,TE1A1B1C2D000X,1,1,1,1,1.4,1.4,1.0,1.0,0.0,0.0
12.4983,-6,0,474,0,E1A1915B1904C1680X,TE1A1B1C2D000X,1,1,1,1,1.4,1.4,1.0,1.0,0.0,0.0
12.5099,-7,0,474,0,E1A1915B1893C1691X,TE1A1B1C2D000X,1,1,1,1,1.4,1.4,1.0,1.0,0.0,0.0
12.521,-8,0,474,0,E1A1915B1882C1693X,TE1A1B1C2D000X,1,1,1,1,1.4,1.4,1.0,1.0,0.0,0.0
12.5331,-10,0,474,0,E1A1915B1875C1690X,TE1A1B1C2D000X,1,1,1,1,1.4,1.4,1.0,1.0,0.0,0.0
12.5446,-11,0,472,0,E1A1915B1869C1688X,TE1A1B1C2D000X,1,1,1,1,1.4,1.4,1.0,1.0,0.0,0.0
12.5625,-12,0,470,0,E1A1915B1862C1685X,TE1A1B1C2D000X,1,1,1,1,1.4,1.4,1.0,1.0,0.0,0.0
12.5864,-13,0,470,0,E1A1915B1856C1683X,TE1A1B1C2D000X,1,1,1,1,1.4,1.4,1.0,1.0,0.0,0.0
12.5987,-13,0,468,0,E1A1915B1850C1681X,TE1A1B1C2D000X,1,1,1,1,1.4,1.4,1.0,1.0,0.0,0.0
12.6106,-14,0,468,0,E1A1915B1845C1678X,TE1A1B1C2D000X,1,1,1,1,1.4,1.4,1.0,1.0,0.0,0.0
12.6225,-15,0,468,0,E1A1915B1841C1677X,TE1A1B1C2D000X,1,1,1,1,1.4,1.4,1.0,1.0,0.0,0.0
12.6339,-15,0,467,0,E1A1915B1837C1675X,TE1A1B1C2D000X,1,1,1,1,1.4,1.4,1.0,1.0,0.0,0.0
12.6546,-16,0,467,0,E1A1915B1833C1673X,TE1A1B1C2D000X,1,1,1,1,1.4,1.4,1.0,1.0,0.0,0.0
12.6665,-16,0,466,0,E1A1915B1830C1672X,TE1A1B1C2D000X,1,1,1,1,1.4,1.4,1.0,1.0,0.0,0.0
12.6861,-17,0,467,0,E1A1915B1827C1670X,TE1A1B1C2D000X,1,1,1,1,1.4,1.4,1.0,1.0,0.0,0.0
12.6985,-17,0,468,0,E1A1915B1825C1669X,TE1A1B1C2D000X,1,1,1,1,1.4,1.4,1.0,1.0,0.0,0.0
12.7103,-17,0,468,0,E1A1915B1824C1668X,TE1A1B1C2D000X,1,1,1,1,1.4,1.4,1.0,1.0,0.0,0.0
12.7225,-17,0,468,0,E1A1915B1824C1668X,TE1A1B1C2D000X,1,1,1,1,1.4,1.4,1.0,1.0,0.0,0.0
12.7345,-17,0,469,0,E1A1915B1824C1667X,TE1A1B1C2D000X,1,1,1,1,1.4,1.4,1.0,1.0,0.0,0.0
12.7466,-17,-1,470,0,E1A1915B1824C1667X,TE1A1B1C2D000X,1,1,1,1,1.4,1.4,1.0,1.0,0.0,0.0
12.7585,-17,-1,471,0,E1A1915B1824C1667X,TE1A1B1C2D000X,1,1,1,1,1.4,1.4,1.0,1.0,0.0,0.0
12.77,-16,-1,471,0,E1A1915B1825C1666X,TE1A1B1C2D000X,1,1,1,1,1.4,1.4,1.0,1.0,0.0,0.0
12.7819,-16,-1,471,0,E1A1915B1825C1666X,TE1A1B1C2D000X,1,1,1,1,1.4,1.4,1.0,1.0,0.0,0.0
12.7935,-16,-1,471,0,E1A1915B1826C1667X,TE1A1B1C2D000X,1,1,1,1,1.4,1.4,1.0,1.0,0.0,0.0
12.805,-16,-1,471,0,E1A1915B1827C1667X,TE1A1B1C2D000X,1,1,1,1,1.4,1.4,1.0,1.0,0.0,0.0
12.8163,-15,-1,472,0,E1A1915B1829C1667X,TE1A1B1C2D000X,1,1,1,1,1.4,1.4,1.0,1.0,0.0,0.0
12.8281,-15,-1,472,0,E1A1915B1830C1667X,TE1A1B1C2D000X,1,1,1,1,1.4,1.4,1.0,1.0,0.0,0.0
12.8397,-15,-1,473,0,E1A1915B1831C1668X,TE1A1B1C2D000X,1,1,1,1,1.4,1.4,1.0,1.0,0.0,0.0
12.8508,-15,-1,477,0,E1A1915B1832C1668X,TE1A1B1C2D000X,1,1,1,1,1.4,1.4,1.0,1.0,0.0,0.0
12.8627,-14,-1,478,0,E1A1915B1833C1668X,TE1A1B1C2D000X,1,1,1,1,1.4,1.4,1.0,1.0,0.0,0.0
12.8743,-14,-1,478,0,E1A1915B1834C1668X,TE1A1B1C2D000X,1,1,1,1,1.4,1.4,1.0,1.0,0.0,0.0
12.8903,-14,-1,478,0,E1A1915B1835C1668X,TE1A1B1C2D000X,1,1,1,1,1.4,1.4,1.0,1.0,0.0,0.0
12.9144,-14,-1,478,0,E1A1915B1835C1668X,TE1A1B1C2D000X,1,1,1,1,1.4,1.4,1.0,1.0,0.0,0.0
12.9265,-14,-1,478,0,E1A1915B1836C1668X,TE1A1B1C2D000X,1,1,1,1,1.4,1.4,1.0,1.0,0.0,0.0
12.9384,-13,-1,478,0,E1A1915B1836C1669X,TE1A1B1C2D000X,1,1,1,1,1.4,1.4,1.0,1.0,0.0,0.0
12.9502,-13,-1,478,0,E1A1915B1837C1669X,TE1A1B1C2D000X,1,1,1,1,1.4,1.4,1.0,1.0,0.0,0.0
12.9619,-13,-1,478,0,E1A1915B1837C1669X,TE1A1B1C2D000X,1,1,1,1,1.4,1.4,1.0,1.0,0.0,0.0
12.9735,-13,-1,478,0,E1A1915B1837C1669X,TE1A1B1C2D000X,1,1,1,1,1.4,1.4,1.0,1.0,0.0,0.0
12.9944,-13,-1,478,0,E1A1915B1838C1670X,TE1A1B1C2D000X,1,1,1,1,1.4,1.4,1.0,1.0,0.0,0.0
13.0065,-13,-1,478,0,E1A1915B1838C1670X,TE1A1B1C2D000X,1,1,1,1,1.4,1.4,1.0,1.0,0.0,0.0
13.0184,-13,-1,478,0,E1A1915B1838C1670X,TE1A1B1C2D000X,1,1,1,1,1.4,1.4,1.0,1.0,0.0,0.0
13.0302,-12,-1,478,0,E1A1915B1838C1670X,TE1A1B1C2D000X,1,1,1,1,1.4,1.4,1.0,1.0,0.0,0.0
13.0627,-12,-1,478,0,E1A1915B1838C1670X,TE1A1B1C2D000X,1,1,1,1,1.4,1.4,1.0,1.0,0.0,0.0
13.0744,-12,-1,478,0,E1A1915B1839C1669X,TE1A1B1C2D000X,1,1,1,1,1.4,1.4,1.0,1.0,0.0,0.0
13.0861,-12,-1,478,0,E1A1915B1839C1669X,TE1A1B1C2D000X,1,1,1,1,1.4,1.4,1.0,1.0,0.0,0.0
13.0978,-12,-1,477,0,E1A1915B1839C1668X,TE1A1B1C2D000X,1,1,1,1,1.4,1.4,1.0,1.0,0.0,0.0
13.1094,-12,-1,477,0,E1A1915B1840C1668X,TE1A1B1C2D000X,1,1,1,1,1.4,1.4,1.0,1.0,0.0,0.0
13.1208,-12,-1,477,0,E1A1915B1841C1667X,TE1A1B1C2D000X,1,1,1,1,1.4,1.4,1.0,1.0,0.0,0.0
13.1328,-11,-2,477,0,E1A1915B1842C1666X,TE1A1B1C2D000X,1,1,1,1,1.4,1.4,1.0,1.0,0.0,0.0
13.1505,-11,-2,477,0,E1A1915B1842C1666X,TE1A1B1C2D000X,1,1,1,1,1.4,1.4,1.0,1.0,0.0,0.0
13.1629,-11,-2,477,0,E1A1915B1843C1665X,TE1A1B1C2D000X,1,1,1,1,1.4,1.4,1.0,1.0,0.0,0.0
13.1865,-11,-2,477,0,E1A1915B1843C1664X,TE1A1B1C2D000X,1,1,1,1,1.4,1.4,1.0,1.0,0.0,0.0
13.1986,-11,-2,477,0,E1A1915B1843C1663X,TE1A1B1C2D000X,1,1,1,1,1.4,1.4,1.0,1.0,0.0,0.0
13.2102,-11,-2,478,0,E1A1915B1844C1662X,TE1A1B1C2D000X,1,1,1,1,1.4,1.4,1.0,1.0,0.0,0.0
13.2218,-11,-2,477,0,E1A1915B1844C1662X,TE1A1B1C2D000X,1,1,1,1,1.4,1.4,1.0,1.0,0.0,0.0
13.2331,-11,-2,477,0,E1A1915B1844C1662X,TE1A1B1C2D000X,1,1,1,1,1.4,1.4,1.0,1.0,0.0,0.0
13.2448,-11,-2,477,0,E1A1915B1843C1662X,TE1A1B1C2D000X,1,1,1,1,1.4,1.4,1.0,1.0,0.0,0.0
13.2561,-11,-2,478,0,E1A1915B1843C1662X,TE1A1B1C2D000X,1,1,1,1,1.4,1.4,1.0,1.0,0.0,0.0
13.2679,-11,-2,480,0,E1A1915B1843C1662X,TE1A1B1C2D000X,1,1,1,1,1.4,1.4,1.0,1.0,0.0,0.0
13.2796,-11,-2,480,0,E1A1915B1842C1661X,TE1A1B1C2D000X,1,1,1,1,1.4,1.4,1.0,1.0,0.0,0.0
13.3104,-11,-2,478,0,E1A1915B1841C1661X,TE1A1B1C2D000X,1,1,1,1,1.4,1.4,1.0,1.0,0.0,0.0
13.3229,-11,-2,478,0,E1A1915B1841C1660X,TE1A1B1C2D000X,1,1,1,1,1.4,1.4,1.0,1.0,0.0,0.0
13.3345,-11,-2,477,0,E1A1915B1840C1660X,TE1A1B1C2D000X,1,1,1,1,1.4,1.4,1.0,1.0,0.0,0.0
13.3462,-11,-2,477,0,E1A1915B1839C1659X,TE1A1B1C2D000X,1,1,1,1,1.4,1.4,1.0,1.0,0.0,0.0
13.3578,-11,-2,477,0,E1A1915B1838C1658X,TE1A1B1C2D000X,1,1,1,1,1.4,1.4,1.0,1.0,0.0,0.0
13.3806,-11,-3,476,0,E1A1915B1838C1657X,TE1A1B1C2D000X,1,1,1,1,1.4,1.4,1.0,1.0,0.0,0.0
13.4004,-11,-3,476,0,E1A1915B1838C1657X,TE1A1B1C2D000X,1,1,1,1,1.4,1.4,1.0,1.0,0.0,0.0
13.4126,-11,-3,477,0,E1A1915B1838C1656X,TE1A1B1C2D000X,1,1,1,1,1.4,1.4,1.0,1.0,0.0,0.0
13.4244,-11,-3,476,0,E1A1915B1839C1655X,TE1A1B1C2D000X,1,1,1,1,1.4,1.4,1.0,1.0,0.0,0.0
13.4359,-11,-3,476,0,E1A1915B1839C1655X,TE1A1B1C2D000X,1,1,1,1,1.4,1.4,1.0,1.0,0.0,0.0
13.4477,-11,-3,476,0,E1A1915B1840C1655X,TE1A1B1C2D000X,1,1,1,1,1.4,1.4,1.0,1.0,0.0,0.0
13.4594,-10,-3,476,0,E1A1915B1840C1654X,TE1A1B1C2D000X,1,1,1,1,1.4,1.4,1.0,1.0,0.0,0.0
13.4713,-10,-3,476,0,E1A1915B1840C1654X,TE1A1B1C2D000X,1,1,1,1,1.4,1.4,1.0,1.0,0.0,0.0
13.4826,-10,-3,476,0,E1A1915B1840C1654X,TE1A1B1C2D000X,1,1,1,1,1.4,1.4,1.0,1.0,0.0,0.0
13.4944,-10,-3,476,0,E1A1915B1840C1653X,TE1A1B1C2D000X,1,1,1,1,1.4,1.4,1.0,1.0,0.0,0.0
13.506,-10,-3,475,0,E1A1915B1840C1653X,TE1A1B1C2D000X,1,1,1,1,1.4,1.4,1.0,1.0,0.0,0.0
13.5172,-10,-3,475,0,E1A1915B1840C1653X,TE1A1B1C2D000X,1,1,1,1,1.4,1.4,1.0,1.0,0.0,0.0
13.5345,-10,-3,475,0,E1A1915B1840C1653X,TE1A1B1C2D000X,1,1,1,1,1.4,1.4,1.0,1.0,0.0,0.0
13.5466,-10,-3,476,0,E1A1915B1840C1653X,TE1A1B1C2D000X,1,1,1,1,1.4,1.4,1.0,1.0,0.0,0.0
13.5584,-10,-3,475,0,E1A1915B1840C1653X,TE1A1B1C2D000X,1,1,1,1,1.4,1.4,1.0,1.0,0.0,0.0
13.5707,-10,-3,474,0,E1A1915B1839C1653X,TE1A1B1C2D000X,1,1,1,1,1.4,1.4,1.0,1.0,0.0,0.0
13.5819,-10,-3,473,0,E1A1915B1839C1653X,TE1A1B1C2D000X,1,1,1,1,1.4,1.4,1.0,1.0,0.0,0.0
13.5936,-10,-3,473,1,E1A1915B1839C1654X,TE1A1B1C2D000X,1,1,1,1,1.4,1.4,1.0,1.0,0.0,0.0
