timestamp,errXmm,errYmm,errZmm,TouchDetected,OutgoingPacket,IncomingPacket,Serial0Enabled,Serial0Open,Serial1Enabled,Serial1Open,kpx,kpy,kix,kiy,kdx,kdy
0.00101963,3,-2,377,0,E1A1896B1945C1882X,TE1A1B0C1D000X,1,1,1,1,2.0,2.0,2.0,1.0,0.0,0.0
0.0126058,3,-2,377,0,E1A1896B1945C1882X,TE1A1B0C1D000X,1,1,1,1,2.0,2.0,2.0,1.0,0.0,0.0
0.0233778,3,-2,377,0,E1A1896B1945C1882X,TE1A1B0C1D000X,1,1,1,1,2.0,2.0,2.0,1.0,0.0,0.0
0.0344722,3,-3,380,0,E1A1896B1945C1881X,TE1A1B0C1D000X,1,1,1,1,2.0,2.0,2.0,1.0,0.0,0.0
0.0459916,3,-3,380,0,E1A1896B1945C1881X,TE1A1B0C1D000X,1,1,1,1,2.0,2.0,2.0,1.0,0.0,0.0
0.0568168,3,-3,379,0,E1A1896B1945C1880X,TE1A1B0C1D000X,1,1,1,1,2.0,2.0,2.0,1.0,0.0,0.0
0.0691719,3,-3,381,0,E1A1897B1945C1879X,TE1A1B0C1D000X,1,1,1,1,2.0,2.0,2.0,1.0,0.0,0.0
0.100851,-140,-65,324,0,E1A1897B0881C0943X,TE1A1B0C1D000X,1,1,1,1,2.0,2.0,2.0,1.0,0.0,0.0
0.112817,-141,-66,326,0,E1A1897B0884C0941X,TE1A1B5C5D000X,1,1,1,1,2.0,2.0,2.0,1.0,0.0,0.0
0.124708,-139,-65,322,0,E1A1897B0883C0942X,TE1A1B5C5D000X,1,1,1,1,2.0,2.0,2.0,1.0,0.0,0.0
0.135478,-137,-65,319,0,E1A1897B0886C0938X,TE1A1B5C5D000X,1,1,1,1,2.0,2.0,2.0,1.0,0.0,0.0
0.146895,-137,-64,317,0,E1A1897B0881C0944X,TE1A1B5C5D000X,1,1,1,1,2.0,2.0,2.0,1.0,0.0,0.0
0.157444,-140,-63,318,0,E1A1897B0870C0955X,TE1A1B5C5D000X,1,1,1,1,2.0,2.0,2.0,1.0,0.0,0.0
0.169824,-142,-64,315,0,E1A1897B0869C0955X,TE1A1B5C5D000X,1,1,1,1,2.0,2.0,2.0,1.0,0.0,0.0
0.180475,-145,-65,316,0,E1A1897B0870C0955X,TE1A1B5C5D000X,1,1,1,1,2.0,2.0,2.0,1.0,0.0,0.0
0.192737,-147,-66,315,0,E1A1897B0871C0954X,TE1A1B5C5D000X,1,1,1,1,2.0,2.0,2.0,1.0,0.0,0.0
0.204674,-151,-68,317,0,E1A1897B0873C0952X,TE1A1B5C5D000X,1,1,1,1,2.0,2.0,2.0,1.0,0.0,0.0
0.215614,-154,-70,319,0,E1A1897B0876C0949X,TE1A1B5C5D000X,1,1,1,1,2.0,2.0,2.0,1.0,0.0,0.0
0.226356,-156,-72,320,0,E1A1897B0879C0946X,TE1A1B5C5D000X,1,1,1,1,2.0,2.0,2.0,1.0,0.0,0.0
0.237468,-157,-73,320,0,E1A1897B0882C0943X,TE1A1B5C5D000X,1,1,1,1,2.0,2.0,2.0,1.0,0.0,0.0
0.248453,-157,-73,319,0,E1A1897B0883C0942X,TE1A1B5C5D000X,1,1,1,1,2.0,2.0,2.0,1.0,0.0,0.0
0.259097,-158,-74,318,0,E1A1897B0884C0940X,TE1A1B5C5D000X,1,1,1,1,2.0,2.0,2.0,1.0,0.0,0.0
0.274131,-159,-75,320,0,E1A1897B0884C0940X,TE1A1B5C5D000X,1,1,1,1,2.0,2.0,2.0,1.0,0.0,0.0
0.293532,-158,-74,317,0,E1A1897B0885C0940X,TE1A1B5C5D000X,1,1,1,1,2.0,2.0,2.0,1.0,0.0,0.0
0.305037,-159,-75,318,0,E1A1897B0885C0939X,TE1A1B5C5D000X,1,1,1,1,2.0,2.0,2.0,1.0,0.0,0.0
0.318831,-159,-75,318,0,E1A1897B0886C0939X,TE1A1B5C5D000X,1,1,1,1,2.0,2.0,2.0,1.0,0.0,0.0
0.329484,-159,-75,319,0,E1A1897B0886C0939X,TE1A1B5C5D000X,1,1,1,1,2.0,2.0,2.0,1.0,0.0,0.0
0.34061,-159,-75,319,0,E1A1897B0886C0939X,TE1A1B5C5D000X,1,1,1,1,2.0,2.0,2.0,1.0,0.0,0.0
0.357377,-159,-75,319,0,E1A1897B0886C0939X,TE1A1B5C5D000X,1,1,1,1,2.0,2.0,2.0,1.0,0.0,0.0
0.369786,-159,-75,320,0,E1A1897B0887C0938X,TE1A1B5C5D000X,1,1,1,1,2.0,2.0,2.0,1.0,0.0,0.0
0.382123,-159,-75,320,0,E1A1897B0887C0938X,TE1A1B5C5D000X,1,1,1,1,2.0,2.0,2.0,1.0,0.0,0.0
0.396466,-158,-75,320,0,E1A1897B0887C0937X,TE1A1B5C5D000X,1,1,1,1,2.0,2.0,2.0,1.0,0.0,0.0
0.40952,-158,-75,320,0,E1A1897B0888C0937X,TE1A1B5C5D000X,1,1,1,1,2.0,2.0,2.0,1.0,0.0,0.0
0.420083,-158,-75,321,0,E1A1897B0888C0937X,TE1A1B5C5D000X,1,1,1,1,2.0,2.0,2.0,1.0,0.0,0.0
0.431099,-157,-74,320,0,E1A1897B0889C0936X,TE1A1B5C5D000X,1,1,1,1,2.0,2.0,2.0,1.0,0.0,0.0
0.442157,-156,-74,321,0,E1A1897B0889C0936X,TE1A1B5C5D000X,1,1,1,1,2.0,2.0,2.0,1.0,0.0,0.0
0.453066,-155,-74,320,0,E1A1897B0889C0936X,TE1A1B5C5D000X,1,1,1,1,2.0,2.0,2.0,1.0,0.0,0.0
0.464074,-154,-73,320,0,E1A1897B0889C0936X,TE1A1B5C5D000X,1,1,1,1,2.0,2.0,2.0,1.0,0.0,0.0
0.47574,-153,-73,321,0,E1A1897B0889C0936X,TE1A1B5C5D000X,1,1,1,1,2.0,2.0,2.0,1.0,0.0,0.0
0.486687,-152,-72,321,0,E1A1897B0890C0935X,TE1A1B5C5D000X,1,1,1,1,2.0,2.0,2.0,1.0,0.0,0.0
0.49739,-150,-72,321,0,E1A1897B0891C0934X,TE1A1B5C5D000X,1,1,1,1,2.0,2.0,2.0,1.0,0.0,0.0
0.508863,-149,-71,321,0,E1A1897B0891C0934X,TE1A1B5C5D000X,1,1,1,1,2.0,2.0,2.0,1.0,0.0,0.0
0.519785,-148,-71,322,0,E1A1897B0892C0933X,TE1A1B5C5D000X,1,1,1,1,2.0,2.0,2.0,1.0,0.0,0.0
0.530649,-146,-70,322,0,E1A1897B0893C0932X,TE1A1B5C5D000X,1,1,1,1,2.0,2.0,2.0,1.0,0.0,0.0
0.565092,-144,-69,323,0,E1A1897B0893C0931X,TE1A1B5C5D000X,1,1,1,1,2.0,2.0,2.0,1.0,0.0,0.0
0.577038,-141,-68,322,0,E1A1897B0895C0930X,TE1A1B5C5D000X,1,1,1,1,2.0,2.0,2.0,1.0,0.0,0.0
0.596981,-139,-67,323,0,E1A1897B0896C0929X,TE1A1B5C5D000X,1,1,1,1,2.0,2.0,2.0,1.0,0.0,0.0
0.610915,-137,-66,324,0,E1A1897B0897C0928X,TE1A1B5C5D000X,1,1,1,1,2.0,2.0,2.0,1.0,0.0,0.0
0.621976,-135,-66,326,0,E1A1897B0898C0927X,TE1A1B5C5D000X,1,1,1,1,2.0,2.0,2.0,1.0,0.0,0.0
0.632838,-132,-65,327,0,E1A1897B0899C0926X,TE1A1B5C5D000X,1,1,1,1,2.0,2.0,2.0,1.0,0.0,0.0
0.66509,-129,-63,327,0,E1A1897B0900C0925X,TE1A1B5C5D000X,1,1,1,1,2.0,2.0,2.0,1.0,0.0,0.0
0.677306,-126,-62,328,0,E1A1897B0901C0924X,TE1A1B5C5D000X,1,1,1,1,2.0,2.0,2.0,1.0,0.0,0.0
0.701,-123,-60,329,0,E1A1897B0902C0925X,TE1A1B5C5D000X,1,1,1,1,2.0,2.0,2.0,1.0,0.0,0.0
0.714945,-120,-59,330,0,E1A1897B0924C0944X,TE1A1B5C5D000X,1,1,1,1,2.0,2.0,2.0,1.0,0.0,0.0
0.725854,-117,-58,331,0,E1A1897B0946C0963X,TE1A1B5C5D000X,1,1,1,1,2.0,2.0,2.0,1.0,0.0,0.0
0.736454,-113,-56,330,0,E1A1897B0967C0983X,TE1A1B5C5D000X,1,1,1,1,2.0,2.0,2.0,1.0,0.0,0.0
0.747882,-110,-55,331,0,E1A1897B0989C1002X,TE1A1B5C5D000X,1,1,1,1,2.0,2.0,2.0,1.0,0.0,0.0
0.758808,-107,-53,332,0,E1A1897B1012C1022X,TE1A1B5C5D000X,1,1,1,1,2.0,2.0,2.0,1.0,0.0,0.0
0.770269,-104,-52,333,0,E1A1897B1034C1042X,TE1A1B5C5D000X,1,1,1,1,2.0,2.0,2.0,1.0,0.0,0.0
0.781342,-101,-50,333,0,E1A1897B1056C1062X,TE1A1B4C4D000X,1,1,1,1,2.0,2.0,2.0,1.0,0.0,0.0
0.792531,-98,-49,334,0,E1A1897B1079C1081X,TE1A1B4C4D000X,1,1,1,1,2.0,2.0,2.0,1.0,0.0,0.0
0.80324,-95,-48,335,0,E1A1897B1103C1100X,TE1A1B4C4D000X,1,1,1,1,2.0,2.0,2.0,1.0,0.0,0.0
0.824963,-92,-47,335,0,E1A1897B1129C1121X,TE1A1B4C4D000X,1,1,1,1,2.0,2.0,2.0,1.0,0.0,0.0
0.836133,-88,-45,335,0,E1A1897B1156C1141X,TE1A1B4C4D000X,1,1,1,1,2.0,2.0,2.0,1.0,0.0,0.0
0.847121,-85,-44,335,0,E1A1897B1183C1160X,TE1A1B4C4D000X,1,1,1,1,2.0,2.0,2.0,1.0,0.0,0.0
0.857901,-82,-43,336,0,E1A1897B1209C1179X,TE1A1B4C4D000X,1,1,1,1,2.0,2.0,2.0,1.0,0.0,0.0
0.881311,-78,-42,336,0,E1A1897B1239C1200X,TE1A1B4C4D000X,1,1,1,1,2.0,2.0,2.0,1.0,0.0,0.0
0.893077,-75,-41,336,0,E1A1897B1270C1220X,TE1A1B4C4D000X,1,1,1,1,2.0,2.0,2.0,1.0,0.0,0.0
0.903792,-71,-40,336,0,E1A1897B1300C1239X,TE1A1B3C4D000X,1,1,1,1,2.0,2.0,2.0,1.0,0.0,0.0
0.916378,-68,-39,336,0,E1A1897B1323C1254X,TE1A1B3C4D000X,1,1,1,1,2.0,2.0,2.0,1.0,0.0,0.0
0.927957,-65,-38,337,0,E1A1897B1347C1269X,TE1A1B3C4D000X,1,1,1,1,2.0,2.0,2.0,1.0,0.0,0.0
0.939019,-61,-37,337,0,E1A1897B1371C1283X,TE1A1B3C3D000X,1,1,1,1,2.0,2.0,2.0,1.0,0.0,0.0
0.961181,-58,-36,337,0,E1A1897B1397C1297X,TE1A1B3C3D000X,1,1,1,1,2.0,2.0,2.0,1.0,0.0,0.0
0.972526,-55,-36,337,0,E1A1897B1423C1311X,TE1A1B3C3D000X,1,1,1,1,2.0,2.0,2.0,1.0,0.0,0.0
0.984793,-51,-35,337,0,E1A1897B1449C1323X,TE1A1B3C3D000X,1,1,1,1,2.0,2.0,2.0,1.0,0.0,0.0
0.996272,-48,-34,337,0,E1A1897B1474C1335X,TE1A1B3C3D000X,1,1,1,1,2.0,2.0,2.0,1.0,0.0,0.0
1.01899,-45,-34,337,0,E1A1897B1501C1346X,TE1A1B3C3D000X,1,1,1,1,2.0,2.0,2.0,1.0,0.0,0.0
1.03063,-42,-33,337,0,E1A1897B1526C1357X,TE1A1B2C3D000X,1,1,1,1,2.0,2.0,2.0,1.0,0.0,0.0
1.04201,-39,-33,337,0,E1A1897B1550C1367X,TE1A1B2C3D000X,1,1,1,1,2.0,2.0,2.0,1.0,0.0,0.0
1.05294,-36,-32,337,0,E1A1897B1574C1376X,TE1A1B2C3D000X,1,1,1,1,2.0,2.0,2.0,1.0,0.0,0.0
1.06417,-33,-32,336,0,E1A1897B1596C1384X,TE1A1B2C3D000X,1,1,1,1,2.0,2.0,2.0,1.0,0.0,0.0
1.07576,-31,-32,336,0,E1A1897B1619C1391X,TE1A1B2C3D000X,1,1,1,1,2.0,2.0,2.0,1.0,0.0,0.0
1.08668,-28,-31,337,0,E1A1897B1640C1397X,TE1A1B2C3D000X,1,1,1,1,2.0,2.0,2.0,1.0,0.0,0.0
1.09776,-26,-31,336,0,E1A1897B1661C1402X,TE1A1B2C3D000X,1,1,1,1,2.0,2.0,2.0,1.0,0.0,0.0
1.1173,-23,-31,336,0,E1A1897B1684C1407X,TE1A1B2C3D000X,1,1,1,1,2.0,2.0,2.0,1.0,0.0,0.0
1.12912,-20,-31,337,0,E1A1897B1708C1410X,TE1A1B2C3D000X,1,1,1,1,2.0,2.0,2.0,1.0,0.0,0.0
1.14129,-18,-31,336,0,E1A1897B1731C1412X,TE1A1B2C3D000X,1,1,1,1,2.0,2.0,2.0,1.0,0.0,0.0
1.16119,-15,-30,336,0,E1A1897B1755C1413X,TE1A1B1C3D000X,1,1,1,1,2.0,2.0,2.0,1.0,0.0,0.0
1.17311,-12,-30,336,0,E1A1897B1777C1413X,TE1A1B1C3D000X,1,1,1,1,2.0,2.0,2.0,1.0,0.0,0.0
1.18501,-10,-30,336,0,E1A1897B1798C1412X,TE1A1B1C3D000X,1,1,1,1,2.0,2.0,2.0,1.0,0.0,0.0
1.19724,-7,-30,336,0,E1A1897B1818C1410X,TE1A1B1C3D000X,1,1,1,1,2.0,2.0,2.0,1.0,0.0,0.0
1.20941,-5,-30,336,0,E1A1897B1838C1407X,TE1A1B1C3D000X,1,1,1,1,2.0,2.0,2.0,1.0,0.0,0.0
1.22045,-3,-29,336,0,E1A1897B1856C1402X,TE1A1B1C3D000X,1,1,1,1,2.0,2.0,2.0,1.0,0.0,0.0
1.23161,0,-29,337,0,E1A1897B1874C1396X,TE1A1B1C3D000X,1,1,1,1,2.0,2.0,2.0,1.0,0.0,0.0
1.24309,1,-29,337,0,E1A1897B1892C1387X,TE1A1B1C3D000X,1,1,1,1,2.0,2.0,2.0,1.0,0.0,0.0
1.25424,3,-29,337,0,E1A1897B1909C1377X,TE1A1B1C3D000X,1,1,1,1,2.0,2.0,2.0,1.0,0.0,0.0
1.26561,5,-29,337,0,E1A1897B1926C1366X,TE1A1B1C3D000X,1,1,1,1,2.0,2.0,2.0,1.0,0.0,0.0
1.27716,7,-28,337,0,E1A1897B1943C1353X,TE1A1B1C3D000X,1,1,1,1,2.0,2.0,2.0,1.0,0.0,0.0
1.28811,9,-28,337,0,E1A1912B1943C1366X,TE1A1B0C3D000X,1,1,1,1,2.0,2.0,2.0,1.0,0.0,0.0
1.29915,11,-28,337,0,E1A1895B1943C1383X,TE1A1B0C3D000X,1,1,1,1,2.0,2.0,2.0,1.0,0.0,0.0
1.31062,13,-27,336,0,E1A1878B1943C1398X,TE1A1B0C3D000X,1,1,1,1,2.0,2.0,2.0,1.0,0.0,0.0
1.32155,15,-27,336,0,E1A1860B1943C1412X,TE1A1B0C3D000X,1,1,1,1,2.0,2.0,2.0,1.0,0.0,0.0
1.33321,17,-26,336,0,E1A1842B1943C1424X,TE1A1B0C3D000X,1,1,1,1,2.0,2.0,2.0,1.0,0.0,0.0
1.34458,19,-26,335,0,E1A1823B1943C1433X,TE1A1B0C3D000X,1,1,1,1,2.0,2.0,2.0,1.0,0.0,0.0
1.35561,21,-26,335,0,E1A1804B1943C1441X,TE1A1B0C3D000X,1,1,1,1,2.0,2.0,2.0,1.0,0.0,0.0
1.36637,23,-25,335,0,E1A1785B1943C1448X,TE1A1B0C3D000X,1,1,1,1,2.0,2.0,2.0,1.0,0.0,0.0
1.38938,25,-25,334,0,E1A1762B1943C1455X,TE1A1B0C3D000X,1,1,1,1,2.0,2.0,2.0,1.0,0.0,0.0
1.4087,28,-24,335,0,E1A1736B1943C1460X,TE1A1B0C3D000X,1,1,1,1,2.0,2.0,2.0,1.0,0.0,0.0
1.43292,31,-24,334,0,E1A1706B1943C1464X,TE1A1B0C3D000X,1,1,1,1,2.0,2.0,2.0,1.0,0.0,0.0
1.44501,33,-23,333,0,E1A1677B1943C1465X,TE1A2B0C3D000X,1,1,1,1,2.0,2.0,2.0,1.0,0.0,0.0
1.45679,36,-22,333,0,E1A1646B1943C1464X,TE1A2B0C3D000X,1,1,1,1,2.0,2.0,2.0,1.0,0.0,0.0
1.46894,39,-22,333,0,E1A1616B1943C1461X,TE1A2B0C3D000X,1,1,1,1,2.0,2.0,2.0,1.0,0.0,0.0
1.47992,41,-22,333,0,E1A1587B1943C1457X,TE1A2B0C3D000X,1,1,1,1,2.0,2.0,2.0,1.0,0.0,0.0
1.4913,43,-21,332,0,E1A1559B1943C1454X,TE1A2B0C3D000X,1,1,1,1,2.0,2.0,2.0,1.0,0.0,0.0
1.51278,46,-21,332,0,E1A1528B1943C1448X,TE1A2B0C3D000X,1,1,1,1,2.0,2.0,2.0,1.0,0.0,0.0
1.52629,48,-20,332,0,E1A1497B1943C1441X,TE1A2B0C3D000X,1,1,1,1,2.0,2.0,2.0,1.0,0.0,0.0
1.54525,51,-20,332,0,E1A1464B1943C1434X,TE1A2B0C3D000X,1,1,1,1,2.0,2.0,2.0,1.0,0.0,0.0
1.56901,53,-20,332,0,E1A1429B1943C1425X,TE1A3B0C3D000X,1,1,1,1,2.0,2.0,2.0,1.0,0.0,0.0
1.58114,56,-19,331,0,E1A1396B1943C1416X,TE1A3B0C3D000X,1,1,1,1,2.0,2.0,2.0,1.0,0.0,0.0
1.59307,58,-19,331,0,E1A1363B1943C1406X,TE1A3B0C3D000X,1,1,1,1,2.0,2.0,2.0,1.0,0.0,0.0
1.61513,61,-19,331,0,E1A1330B1943C1396X,TE1A3B0C3D000X,1,1,1,1,2.0,2.0,2.0,1.0,0.0,0.0
1.62648,63,-19,331,0,E1A1298B1943C1386X,TE1A3B0C3D000X,1,1,1,1,2.0,2.0,2.0,1.0,0.0,0.0
1.63805,66,-19,332,0,E1A1267B1943C1377X,TE1A3B0C3D000X,1,1,1,1,2.0,2.0,2.0,1.0,0.0,0.0
1.64983,68,-19,331,0,E1A1237B1943C1369X,TE1A3B0C3D000X,1,1,1,1,2.0,2.0,2.0,1.0,0.0,0.0
1.67491,70,-18,331,0,E1A1207B1943C1360X,TE1A4B0C3D000X,1,1,1,1,2.0,2.0,2.0,1.0,0.0,0.0
1.68638,72,-18,331,0,E1A1179B1943C1352X,TE1A4B0C3D000X,1,1,1,1,2.0,2.0,2.0,1.0,0.0,0.0
1.69763,74,-18,331,0,E1A1152B1943C1345X,TE1A4B0C3D000X,1,1,1,1,2.0,2.0,2.0,1.0,0.0,0.0
1.70889,75,-18,331,0,E1A1127B1943C1338X,TE1A4B0C3D000X,1,1,1,1,2.0,2.0,2.0,1.0,0.0,0.0
1.72465,77,-17,331,0,E1A1103B1943C1331X,TE1A4B0C3D000X,1,1,1,1,2.0,2.0,2.0,1.0,0.0,0.0
1.73698,78,-17,331,0,E1A1086B1943C1327X,TE1A4B0C3D000X,1,1,1,1,2.0,2.0,2.0,1.0,0.0,0.0
1.74894,80,-17,331,0,E1A1070B1943C1323X,TE1A4B0C3D000X,1,1,1,1,2.0,2.0,2.0,1.0,0.0,0.0
1.76129,81,-17,331,0,E1A1054B1943C1319X,TE1A4B0C3D000X,1,1,1,1,2.0,2.0,2.0,1.0,0.0,0.0
1.77303,83,-17,331,0,E1A1041B1943C1315X,TE1A4B0C3D000X,1,1,1,1,2.0,2.0,2.0,1.0,0.0,0.0
1.78478,84,-17,331,0,E1A1027B1943C1310X,TE1A4B0C3D000X,1,1,1,1,2.0,2.0,2.0,1.0,0.0,0.0
1.79709,85,-17,330,0,E1A1017B1943C1305X,TE1A4B0C3D000X,1,1,1,1,2.0,2.0,2.0,1.0,0.0,0.0
1.80898,86,-17,330,0,E1A1008B1943C1301X,TE1A4B0C3D000X,1,1,1,1,2.0,2.0,2.0,1.0,0.0,0.0
1.82913,87,-17,330,0,E1A1000B1943C1297X,TE1A5B0C3D000X,1,1,1,1,2.0,2.0,2.0,1.0,0.0,0.0
1.8411,88,-18,330,0,E1A0993B1943C1292X,TE1A5B0C3D000X,1,1,1,1,2.0,2.0,2.0,1.0,0.0,0.0
1.85295,89,-18,330,0,E1A0988B1943C1288X,TE1A5B0C3D000X,1,1,1,1,2.0,2.0,2.0,1.0,0.0,0.0
1.87307,89,-18,330,0,E1A0985B1943C1282X,TE1A5B0C3D000X,1,1,1,1,2.0,2.0,2.0,1.0,0.0,0.0
1.89704,90,-19,330,0,E1A0984B1943C1277X,TE1A5B0C3D000X,1,1,1,1,2.0,2.0,2.0,1.0,0.0,0.0
1.91706,90,-19,330,0,E1A0985B1943C1271X,TE1A5B0C3D000X,1,1,1,1,2.0,2.0,2.0,1.0,0.0,0.0
1.92899,90,-20,329,0,E1A0987B1943C1266X,TE1A5B0C3D000X,1,1,1,1,2.0,2.0,2.0,1.0,0.0,0.0
1.9409,90,-20,330,0,E1A0991B1943C1262X,TE1A5B0C3D000X,1,1,1,1,2.0,2.0,2.0,1.0,0.0,0.0
1.95298,89,-21,329,0,E1A0996B1943C1257X,TE1A5B0C3D000X,1,1,1,1,2.0,2.0,2.0,1.0,0.0,0.0
1.96502,89,-22,330,0,E1A1003B1943C1253X,TE1A5B0C3D000X,1,1,1,1,2.0,2.0,2.0,1.0,0.0,0.0
1.98048,88,-22,330,0,E1A1012B1943C1249X,TE1A5B0C3D000X,1,1,1,1,2.0,2.0,2.0,1.0,0.0,0.0
1.9918,88,-23,330,0,E1A1023B1943C1246X,TE1A5B0C3D000X,1,1,1,1,2.0,2.0,2.0,1.0,0.0,0.0
2.00254,87,-24,331,0,E1A1036B1943C1243X,TE1A5B0C4D000X,1,1,1,1,2.0,2.0,2.0,1.0,0.0,0.0
2.01405,86,-25,331,0,E1A1050B1943C1240X,TE1A4B0C4D000X,1,1,1,1,2.0,2.0,2.0,1.0,0.0,0.0
2.02531,84,-25,331,0,E1A1065B1943C1238X,TE1A4B0C4D000X,1,1,1,1,2.0,2.0,2.0,1.0,0.0,0.0
2.03652,83,-26,331,0,E1A1081B1943C1237X,TE1A4B0C4D000X,1,1,1,1,2.0,2.0,2.0,1.0,0.0,0.0
2.04735,82,-26,332,0,E1A1097B1943C1235X,TE1A4B0C4D000X,1,1,1,1,2.0,2.0,2.0,1.0,0.0,0.0
2.05888,80,-27,333,0,E1A1114B1943C1234X,TE1A4B0C4D000X,1,1,1,1,2.0,2.0,2.0,1.0,0.0,0.0
2.06997,79,-28,333,0,E1A1132B1943C1233X,TE1A4B0C4D000X,1,1,1,1,2.0,2.0,2.0,1.0,0.0,0.0
2.08213,77,-28,333,0,E1A1150B1943C1232X,TE1A4B0C4D000X,1,1,1,1,2.0,2.0,2.0,1.0,0.0,0.0
2.09445,75,-29,333,0,E1A1170B1943C1232X,TE1A4B0C4D000X,1,1,1,1,2.0,2.0,2.0,1.0,0.0,0.0
2.10886,74,-30,333,0,E1A1191B1943C1231X,TE1A4B0C4D000X,1,1,1,1,2.0,2.0,2.0,1.0,0.0,0.0
2.1208,72,-31,334,0,E1A1207B1943C1226X,TE1A4B0C4D000X,1,1,1,1,2.0,2.0,2.0,1.0,0.0,0.0
2.13327,70,-31,334,0,E1A1222B1943C1221X,TE1A4B0C4D000X,1,1,1,1,2.0,2.0,2.0,1.0,0.0,0.0
2.14537,68,-32,334,0,E1A1237B1943C1216X,TE1A4B0C4D000X,1,1,1,1,2.0,2.0,2.0,1.0,0.0,0.0
2.15691,66,-33,335,0,E1A1253B1943C1212X,TE1A4B0C4D000X,1,1,1,1,2.0,2.0,2.0,1.0,0.0,0.0
2.16868,64,-33,335,0,E1A1269B1943C1208X,TE1A3B0C4D000X,1,1,1,1,2.0,2.0,2.0,1.0,0.0,0.0
2.18013,62,-34,335,0,E1A1284B1943C1204X,TE1A3B0C4D000X,1,1,1,1,2.0,2.0,2.0,1.0,0.0,0.0
2.19148,60,-34,336,0,E1A1301B1943C1200X,TE1A3B0C4D000X,1,1,1,1,2.0,2.0,2.0,1.0,0.0,0.0
2.20238,58,-35,336,0,E1A1318B1943C1197X,TE1A3B0C4D000X,1,1,1,1,2.0,2.0,2.0,1.0,0.0,0.0
2.21386,56,-36,336,0,E1A1335B1943C1194X,TE1A3B0C4D000X,1,1,1,1,2.0,2.0,2.0,1.0,0.0,0.0
2.22512,53,-36,336,0,E1A1352B1943C1190X,TE1A3B0C4D000X,1,1,1,1,2.0,2.0,2.0,1.0,0.0,0.0
2.23646,51,-37,337,0,E1A1369B1943C1187X,TE1A3B0C4D000X,1,1,1,1,2.0,2.0,2.0,1.0,0.0,0.0
2.24733,49,-37,337,0,E1A1387B1943C1184X,TE1A3B0C4D000X,1,1,1,1,2.0,2.0,2.0,1.0,0.0,0.0
2.25888,47,-37,337,0,E1A1404B1943C1181X,TE1A3B0C4D000X,1,1,1,1,2.0,2.0,2.0,1.0,0.0,0.0
2.26975,45,-38,338,0,E1A1422B1943C1178X,TE1A3B0C4D000X,1,1,1,1,2.0,2.0,2.0,1.0,0.0,0.0
2.28126,43,-38,338,0,E1A1440B1943C1175X,TE1A3B0C4D000X,1,1,1,1,2.0,2.0,2.0,1.0,0.0,0.0
2.29318,40,-39,339,0,E1A1458B1943C1172X,TE1A3B0C4D000X,1,1,1,1,2.0,2.0,2.0,1.0,0.0,0.0
2.3044,38,-39,339,0,E1A1476B1943C1169X,TE1A3B0C4D000X,1,1,1,1,2.0,2.0,2.0,1.0,0.0,0.0
2.31533,36,-40,339,0,E1A1493B1943C1165X,TE1A3B0C4D000X,1,1,1,1,2.0,2.0,2.0,1.0,0.0,0.0
2.32676,34,-40,339,0,E1A1512B1943C1161X,TE1A3B0C4D000X,1,1,1,1,2.0,2.0,2.0,1.0,0.0,0.0
2.34933,31,-40,339,0,E1A1531B1943C1156X,TE1A2B0C4D000X,1,1,1,1,2.0,2.0,2.0,1.0,0.0,0.0
2.3608,29,-41,340,0,E1A1551B1943C1150X,TE1A2B0C4D000X,1,1,1,1,2.0,2.0,2.0,1.0,0.0,0.0
2.37187,27,-41,340,0,E1A1570B1943C1144X,TE1A2B0C4D000X,1,1,1,1,2.0,2.0,2.0,1.0,0.0,0.0
2.3825,24,-42,340,0,E1A1590B1943C1137X,TE1A2B0C4D000X,1,1,1,1,2.0,2.0,2.0,1.0,0.0,0.0
2.40509,22,-42,340,0,E1A1610B1943C1129X,TE1A2B0C4D000X,1,1,1,1,2.0,2.0,2.0,1.0,0.0,0.0
2.41696,19,-43,340,0,E1A1631B1943C1119X,TE1A2B0C4D000X,1,1,1,1,2.0,2.0,2.0,1.0,0.0,0.0
2.43698,17,-43,340,0,E1A1652B1943C1108X,TE1A2B0C4D000X,1,1,1,1,2.0,2.0,2.0,1.0,0.0,0.0
2.47315,14,-44,340,0,E1A1675B1943C1096X,TE1A2B0C4D000X,1,1,1,1,2.0,2.0,2.0,1.0,0.0,0.0
2.48508,11,-44,340,0,E1A1697B1943C1082X,TE1A2B0C4D000X,1,1,1,1,2.0,2.0,2.0,1.0,0.0,0.0
2.49676,8,-45,340,0,E1A1718B1943C1069X,TE1A2B0C4D000X,1,1,1,1,2.0,2.0,2.0,1.0,0.0,0.0
2.50817,6,-45,341,0,E1A1737B1943C1055X,TE1A2B0C4D000X,1,1,1,1,2.0,2.0,2.0,1.0,0.0,0.0
2.51961,4,-46,341,0,E1A1755B1943C1041X,TE1A1B0C4D000X,1,1,1,1,2.0,2.0,2.0,1.0,0.0,0.0
2.5311,2,-46,342,0,E1A1772B1943C1026X,TE1A1B0C4D000X,1,1,1,1,2.0,2.0,2.0,1.0,0.0,0.0
2.54258,0,-46,342,0,E1A1788B1943C1010X,TE1A1B0C4D000X,1,1,1,1,2.0,2.0,2.0,1.0,0.0,0.0
2.55404,-1,-47,341,0,E1A1803B1943C0994X,TE1A1B0C5D000X,1,1,1,1,2.0,2.0,2.0,1.0,0.0,0.0
2.56496,-3,-47,341,0,E1A1816B1943C0979X,TE1A1B0C5D000X,1,1,1,1,2.0,2.0,2.0,1.0,0.0,0.0
2.59724,-5,-47,342,0,E1A1833B1943C0962X,TE1A1B0C5D000X,1,1,1,1,2.0,2.0,2.0,1.0,0.0,0.0
2.60937,-7,-48,342,0,E1A1849B1943C0945X,TE1A1B0C5D000X,1,1,1,1,2.0,2.0,2.0,1.0,0.0,0.0
2.62078,-9,-48,342,0,E1A1863B1943C0928X,TE1A1B0C5D000X,1,1,1,1,2.0,2.0,2.0,1.0,0.0,0.0
2.63225,-11,-48,343,0,E1A1877B1943C0912X,TE1A1B0C5D000X,1,1,1,1,2.0,2.0,2.0,1.0,0.0,0.0
2.64363,-12,-48,343,0,E1A1890B1943C0896X,TE1A1B0C5D000X,1,1,1,1,2.0,2.0,2.0,1.0,0.0,0.0
2.6545,-14,-48,343,0,E1A1902B1943C0880X,TE1A1B0C5D000X,1,1,1,1,2.0,2.0,2.0,1.0,0.0,0.0
2.66605,-15,-48,343,0,E1A1914B1943C0864X,TE1A1B0C5D000X,1,1,1,1,2.0,2.0,2.0,1.0,0.0,0.0
2.6774,-16,-48,343,0,E1A1925B1943C0850X,TE1A1B0C5D000X,1,1,1,1,2.0,2.0,2.0,1.0,0.0,0.0
2.68865,-18,-48,342,0,E1A1925B1937C0853X,TE1A1B0C5D000X,1,1,1,1,2.0,2.0,2.0,1.0,0.0,0.0
2.69941,-19,-48,342,0,E1A1925B1927C0858X,TE1A1B0C5D000X,1,1,1,1,2.0,2.0,2.0,1.0,0.0,0.0
2.71113,-20,-48,341,0,E1A1925B1916C0863X,TE1A1B0C5D000X,1,1,1,1,2.0,2.0,2.0,1.0,0.0,0.0
2.73324,-21,-48,342,0,E1A1925B1905C0869X,TE1A1B1C5D000X,1,1,1,1,2.0,2.0,2.0,1.0,0.0,0.0
2.74525,-22,-48,342,0,E1A1925B1894C0873X,TE1A1B1C5D000X,1,1,1,1,2.0,2.0,2.0,1.0,0.0,0.0
2.75678,-24,-48,341,0,E1A1925B1884C0877X,TE1A1B1C5D000X,1,1,1,1,2.0,2.0,2.0,1.0,0.0,0.0
2.7683,-25,-48,341,0,E1A1925B1874C0881X,TE1A1B1C5D000X,1,1,1,1,2.0,2.0,2.0,1.0,0.0,0.0
2.77992,-26,-48,341,0,E1A1925B1865C0884X,TE1A1B1C5D000X,1,1,1,1,2.0,2.0,2.0,1.0,0.0,0.0
2.79177,-27,-48,342,0,E1A1925B1855C0887X,TE1A1B1C5D000X,1,1,1,1,2.0,2.0,2.0,1.0,0.0,0.0
2.80252,-27,-48,341,0,E1A1925B1847C0890X,TE1A1B1C5D000X,1,1,1,1,2.0,2.0,2.0,1.0,0.0,0.0
2.81404,-28,-48,341,0,E1A1925B1839C0891X,TE1A1B1C5D000X,1,1,1,1,2.0,2.0,2.0,1.0,0.0,0.0
2.83318,-29,-48,341,0,E1A1925B1831C0893X,TE1A1B1C5D000X,1,1,1,1,2.0,2.0,2.0,1.0,0.0,0.0
2.84506,-30,-48,341,0,E1A1925B1824C0896X,TE1A1B1C5D000X,1,1,1,1,2.0,2.0,2.0,1.0,0.0,0.0
2.85715,-30,-48,341,0,E1A1925B1817C0898X,TE1A1B1C5D000X,1,1,1,1,2.0,2.0,2.0,1.0,0.0,0.0
2.86927,-31,-48,340,0,E1A1925B1810C0900X,TE1A1B1C5D000X,1,1,1,1,2.0,2.0,2.0,1.0,0.0,0.0
2.88941,-31,-47,340,0,E1A1925B1803C0903X,TE1A1B1C5D000X,1,1,1,1,2.0,2.0,2.0,1.0,0.0,0.0
2.9013,-32,-47,340,0,E1A1925B1797C0907X,TE1A1B1C5D000X,1,1,1,1,2.0,2.0,2.0,1.0,0.0,0.0
2.91334,-32,-47,339,0,E1A1925B1791C0911X,TE1A1B1C5D000X,1,1,1,1,2.0,2.0,2.0,1.0,0.0,0.0
2.93344,-33,-46,339,0,E1A1925B1785C0917X,TE1A1B1C5D000X,1,1,1,1,2.0,2.0,2.0,1.0,0.0,0.0
2.94508,-33,-45,338,0,E1A1925B1779C0924X,TE1A1B1C5D000X,1,1,1,1,2.0,2.0,2.0,1.0,0.0,0.0
2.95726,-33,-45,339,0,E1A1925B1774C0931X,TE1A1B1C5D000X,1,1,1,1,2.0,2.0,2.0,1.0,0.0,0.0
2.96974,-33,-44,339,0,E1A1925B1770C0939X,TE1A1B1C5D000X,1,1,1,1,2.0,2.0,2.0,1.0,0.0,0.0
2.98103,-33,-44,339,0,E1A1925B1767C0946X,TE1A1B1C5D000X,1,1,1,1,2.0,2.0,2.0,1.0,0.0,0.0
2.99332,-34,-43,339,0,E1A1925B1764C0954X,TE1A1B1C5D000X,1,1,1,1,2.0,2.0,2.0,1.0,0.0,0.0
3.01331,-33,-42,339,0,E1A1925B1761C0962X,TE1A1B1C5D000X,1,1,1,1,2.0,2.0,2.0,1.0,0.0,0.0
3.0252,-33,-41,339,0,E1A1925B1758C0970X,TE1A1B1C5D000X,1,1,1,1,2.0,2.0,2.0,1.0,0.0,0.0
3.03714,-33,-41,339,0,E1A1925B1756C0978X,TE1A1B1C5D000X,1,1,1,1,2.0,2.0,2.0,1.0,0.0,0.0
3.04874,-33,-40,338,0,E1A1925B1754C0986X,TE1A1B1C5D000X,1,1,1,1,2.0,2.0,2.0,1.0,0.0,0.0
3.06137,-33,-39,338,0,E1A1925B1752C0994X,TE1A1B1C5D000X,1,1,1,1,2.0,2.0,2.0,1.0,0.0,0.0
3.07285,-33,-39,338,0,E1A1925B1750C1002X,TE1A1B1C5D000X,1,1,1,1,2.0,2.0,2.0,1.0,0.0,0.0
3.08409,-33,-38,337,0,E1A1925B1748C1009X,TE1A1B1C5D000X,1,1,1,1,2.0,2.0,2.0,1.0,0.0,0.0
3.0959,-33,-37,337,0,E1A1925B1746C1017X,TE1A1B1C5D000X,1,1,1,1,2.0,2.0,2.0,1.0,0.0,0.0
3.10731,-33,-36,337,0,E1A1925B1744C1026X,TE1A1B1C5D000X,1,1,1,1,2.0,2.0,2.0,1.0,0.0,0.0
3.11854,-32,-35,337,0,E1A1925B1743C1035X,TE1A1B1C4D000X,1,1,1,1,2.0,2.0,2.0,1.0,0.0,0.0
3.13746,-32,-34,336,0,E1A1925B1741C1045X,TE1A1B1C4D000X,1,1,1,1,2.0,2.0,2.0,1.0,0.0,0.0
3.1493,-32,-33,335,0,E1A1925B1739C1055X,TE1A1B1C4D000X,1,1,1,1,2.0,2.0,2.0,1.0,0.0,0.0
3.16154,-32,-32,335,0,E1A1925B1736C1067X,TE1A1B1C4D000X,1,1,1,1,2.0,2.0,2.0,1.0,0.0,0.0
3.18543,-32,-31,335,0,E1A1925B1733C1080X,TE1A1B1C4D000X,1,1,1,1,2.0,2.0,2.0,1.0,0.0,0.0
3.19708,-32,-30,335,0,E1A1925B1730C1093X,TE1A1B1C4D000X,1,1,1,1,2.0,2.0,2.0,1.0,0.0,0.0
3.20894,-32,-29,335,0,E1A1925B1726C1106X,TE1A1B1C4D000X,1,1,1,1,2.0,2.0,2.0,1.0,0.0,0.0
3.22044,-32,-28,335,0,E1A1925B1722C1120X,TE1A1B1C4D000X,1,1,1,1,2.0,2.0,2.0,1.0,0.0,0.0
3.2316,-32,-27,335,0,E1A1925B1719C1132X,TE1A1B1C4D000X,1,1,1,1,2.0,2.0,2.0,1.0,0.0,0.0
3.24345,-32,-26,335,0,E1A1925B1716C1144X,TE1A1B1C4D000X,1,1,1,1,2.0,2.0,2.0,1.0,0.0,0.0
3.26141,-32,-25,335,0,E1A1925B1712C1157X,TE1A1B1C4D000X,1,1,1,1,2.0,2.0,2.0,1.0,0.0,0.0
3.27316,-32,-24,335,0,E1A1925B1708C1170X,TE1A1B1C4D000X,1,1,1,1,2.0,2.0,2.0,1.0,0.0,0.0
3.2852,-32,-23,335,0,E1A1925B1703C1184X,TE1A1B1C4D000X,1,1,1,1,2.0,2.0,2.0,1.0,0.0,0.0
3.31739,-33,-22,335,0,E1A1925B1699C1199X,TE1A1B2C4D000X,1,1,1,1,2.0,2.0,2.0,1.0,0.0,0.0
3.34154,-33,-21,334,0,E1A1925B1694C1215X,TE1A1B2C4D000X,1,1,1,1,2.0,2.0,2.0,1.0,0.0,0.0
3.35349,-33,-19,334,0,E1A1925B1690C1231X,TE1A1B2C4D000X,1,1,1,1,2.0,2.0,2.0,1.0,0.0,0.0
3.36542,-33,-18,334,0,E1A1925B1686C1247X,TE1A1B2C4D000X,1,1,1,1,2.0,2.0,2.0,1.0,0.0,0.0
3.37722,-33,-17,333,0,E1A1925B1682C1261X,TE1A1B2C4D000X,1,1,1,1,2.0,2.0,2.0,1.0,0.0,0.0
3.38914,-33,-16,333,0,E1A1925B1677C1276X,TE1A1B2C3D000X,1,1,1,1,2.0,2.0,2.0,1.0,0.0,0.0
3.40923,-33,-14,333,0,E1A1925B1674C1291X,TE1A1B2C3D000X,1,1,1,1,2.0,2.0,2.0,1.0,0.0,0.0
3.42126,-32,-13,332,0,E1A1925B1670C1305X,TE1A1B2C3D000X,1,1,1,1,2.0,2.0,2.0,1.0,0.0,0.0
3.44523,-32,-12,331,0,E1A1925B1666C1320X,TE1A1B2C3D000X,1,1,1,1,2.0,2.0,2.0,1.0,0.0,0.0
3.45702,-32,-11,331,0,E1A1925B1662C1334X,TE1A1B2C3D000X,1,1,1,1,2.0,2.0,2.0,1.0,0.0,0.0
3.46882,-32,-10,330,0,E1A1925B1659C1347X,TE1A1B2C3D000X,1,1,1,1,2.0,2.0,2.0,1.0,0.0,0.0
3.48938,-32,-9,329,0,E1A1925B1655C1360X,TE1A1B2C3D000X,1,1,1,1,2.0,2.0,2.0,1.0,0.0,0.0
3.50129,-32,-7,328,0,E1A1925B1651C1373X,TE1A1B2C3D000X,1,1,1,1,2.0,2.0,2.0,1.0,0.0,0.0
3.52127,-32,-6,328,0,E1A1925B1647C1386X,TE1A1B2C3D000X,1,1,1,1,2.0,2.0,2.0,1.0,0.0,0.0
3.53319,-32,-5,326,0,E1A1925B1643C1397X,TE1A1B2C3D000X,1,1,1,1,2.0,2.0,2.0,1.0,0.0,0.0
3.54511,-31,-4,326,0,E1A1925B1639C1408X,TE1A1B2C3D000X,1,1,1,1,2.0,2.0,2.0,1.0,0.0,0.0
3.55707,-31,-3,325,0,E1A1925B1635C1419X,TE1A1B2C3D000X,1,1,1,1,2.0,2.0,2.0,1.0,0.0,0.0
3.58947,-31,-2,324,0,E1A1925B1632C1430X,TE1A1B2C3D000X,1,1,1,1,2.0,2.0,2.0,1.0,0.0,0.0
3.60105,-31,-1,324,0,E1A1925B1628C1441X,TE1A1B2C3D000X,1,1,1,1,2.0,2.0,2.0,1.0,0.0,0.0
3.645,-31,0,323,0,E1A1925B1624C1452X,TE1A1B2C3D000X,1,1,1,1,2.0,2.0,2.0,1.0,0.0,0.0
3.66917,-31,0,323,0,E1A1925B1620C1463X,TE1A1B2C3D000X,1,1,1,1,2.0,2.0,2.0,1.0,0.0,0.0
3.69323,-30,1,322,0,E1A1925B1616C1475X,TE1A1B2C3D000X,1,1,1,1,2.0,2.0,2.0,1.0,0.0,0.0
3.7047,-30,1,321,0,E1A1925B1612C1483X,TE1A1B2C3D000X,1,1,1,1,2.0,2.0,2.0,1.0,0.0,0.0
3.71621,-30,2,321,0,E1A1925B1608C1492X,TE1A1B2C2D000X,1,1,1,1,2.0,2.0,2.0,1.0,0.0,0.0
3.72745,-30,3,320,0,E1A1925B1603C1498X,TE1A1B2C2D000X,1,1,1,1,2.0,2.0,2.0,1.0,0.0,0.0
3.74124,-30,3,320,0,E1A1925B1599C1504X,TE1A1B2C2D000X,1,1,1,1,2.0,2.0,2.0,1.0,0.0,0.0
3.75473,-30,4,320,0,E1A1925B1595C1510X,TE1A1B2C2D000X,1,1,1,1,2.0,2.0,2.0,1.0,0.0,0.0
3.76851,-30,4,320,0,E1A1925B1590C1515X,TE1A1B2C2D000X,1,1,1,1,2.0,2.0,2.0,1.0,0.0,0.0
3.77981,-30,5,320,0,E1A1925B1586C1519X,TE1A1B2C2D000X,1,1,1,1,2.0,2.0,2.0,1.0,0.0,0.0
3.79074,-30,5,319,0,E1A1925B1581C1523X,TE1A1B2C2D000X,1,1,1,1,2.0,2.0,2.0,1.0,0.0,0.0
3.8022,-30,6,319,0,E1A1925B1577C1526X,TE1A1B2C2D000X,1,1,1,1,2.0,2.0,2.0,1.0,0.0,0.0
3.81388,-30,6,319,0,E1A1925B1573C1529X,TE1A1B2C2D000X,1,1,1,1,2.0,2.0,2.0,1.0,0.0,0.0
3.82542,-30,6,318,0,E1A1925B1569C1531X,TE1A1B2C2D000X,1,1,1,1,2.0,2.0,2.0,1.0,0.0,0.0
3.83685,-30,6,318,0,E1A1925B1565C1534X,TE1A1B2C2D000X,1,1,1,1,2.0,2.0,2.0,1.0,0.0,0.0
3.84813,-29,7,319,0,E1A1925B1562C1536X,TE1A1B2C2D000X,1,1,1,1,2.0,2.0,2.0,1.0,0.0,0.0
3.85992,-29,7,319,0,E1A1925B1558C1538X,TE1A1B2C2D000X,1,1,1,1,2.0,2.0,2.0,1.0,0.0,0.0
3.87111,-29,7,318,0,E1A1925B1555C1539X,TE1A1B2C2D000X,1,1,1,1,2.0,2.0,2.0,1.0,0.0,0.0
3.88291,-29,7,319,0,E1A1925B1552C1540X,TE1A1B2C2D000X,1,1,1,1,2.0,2.0,2.0,1.0,0.0,0.0
3.89439,-29,7,319,0,E1A1925B1550C1541X,TE1A1B2C2D000X,1,1,1,1,2.0,2.0,2.0,1.0,0.0,0.0
3.90565,-29,7,318,0,E1A1925B1547C1540X,TE1A1B2C2D000X,1,1,1,1,2.0,2.0,2.0,1.0,0.0,0.0
3.91696,-29,7,318,0,E1A1925B1546C1540X,TE1A1B2C2D000X,1,1,1,1,2.0,2.0,2.0,1.0,0.0,0.0
3.94134,-29,7,318,0,E1A1925B1544C1539X,TE1A1B2C2D000X,1,1,1,1,2.0,2.0,2.0,1.0,0.0,0.0
3.95303,-28,7,317,0,E1A1925B1543C1538X,TE1A1B2C2D000X,1,1,1,1,2.0,2.0,2.0,1.0,0.0,0.0
3.96459,-28,7,317,0,E1A1925B1542C1537X,TE1A1B2C2D000X,1,1,1,1,2.0,2.0,2.0,1.0,0.0,0.0
3.98555,-28,7,317,0,E1A1925B1542C1536X,TE1A1B2C2D000X,1,1,1,1,2.0,2.0,2.0,1.0,0.0,0.0
3.99714,-28,7,318,0,E1A1925B1542C1536X,TE1A1B2C2D000X,1,1,1,1,2.0,2.0,2.0,1.0,0.0,0.0
4.01758,-27,7,318,0,E1A1925B1542C1536X,TE1A1B2C2D000X,1,1,1,1,2.0,2.0,2.0,1.0,0.0,0.0
4.03126,-27,7,318,0,E1A1925B1542C1535X,TE1A1B2C2D000X,1,1,1,1,2.0,2.0,2.0,1.0,0.0,0.0
4.04279,-27,6,318,0,E1A1925B1542C1533X,TE1A1B2C2D000X,1,1,1,1,2.0,2.0,2.0,1.0,0.0,0.0
4.06537,-27,6,318,0,E1A1925B1541C1531X,TE1A1B2C2D000X,1,1,1,1,2.0,2.0,2.0,1.0,0.0,0.0
4.07728,-27,6,318,0,E1A1925B1541C1530X,TE1A1B2C2D000X,1,1,1,1,2.0,2.0,2.0,1.0,0.0,0.0
4.08878,-27,6,319,0,E1A1925B1540C1528X,TE1A1B2C2D000X,1,1,1,1,2.0,2.0,2.0,1.0,0.0,0.0
4.10025,-27,6,319,0,E1A1925B1539C1526X,TE1A1B2C2D000X,1,1,1,1,2.0,2.0,2.0,1.0,0.0,0.0
4.11199,-26,6,320,0,E1A1925B1537C1524X,TE1A1B2C2D000X,1,1,1,1,2.0,2.0,2.0,1.0,0.0,0.0
4.12321,-26,5,319,0,E1A1925B1535C1521X,TE1A1B2C2D000X,1,1,1,1,2.0,2.0,2.0,1.0,0.0,0.0
4.13472,-26,5,319,0,E1A1925B1532C1517X,TE1A1B2C2D000X,1,1,1,1,2.0,2.0,2.0,1.0,0.0,0.0
4.14666,-26,5,319,0,E1A1925B1530C1515X,TE1A1B2C2D000X,1,1,1,1,2.0,2.0,2.0,1.0,0.0,0.0
4.15823,-26,5,319,0,E1A1925B1527C1512X,TE1A1B2C2D000X,1,1,1,1,2.0,2.0,2.0,1.0,0.0,0.0
4.16987,-27,5,320,0,E1A1925B1524C1510X,TE1A1B2C2D000X,1,1,1,1,2.0,2.0,2.0,1.0,0.0,0.0
4.18103,-27,4,320,0,E1A1925B1521C1507X,TE1A1B2C2D000X,1,1,1,1,2.0,2.0,2.0,1.0,0.0,0.0
4.19329,-27,4,320,0,E1A1925B1518C1504X,TE1A1B2C2D000X,1,1,1,1,2.0,2.0,2.0,1.0,0.0,0.0
4.20958,-27,4,320,0,E1A1925B1516C1500X,TE1A1B2C2D000X,1,1,1,1,2.0,2.0,2.0,1.0,0.0,0.0
4.2215,-27,4,320,0,E1A1925B1513C1497X,TE1A1B2C2D000X,1,1,1,1,2.0,2.0,2.0,1.0,0.0,0.0
4.2335,-27,4,321,0,E1A1925B1510C1494X,TE1A1B2C2D000X,1,1,1,1,2.0,2.0,2.0,1.0,0.0,0.0
4.24562,-27,3,322,0,E1A1925B1508C1491X,TE1A1B2C2D000X,1,1,1,1,2.0,2.0,2.0,1.0,0.0,0.0
4.25762,-27,3,322,0,E1A1925B1505C1488X,TE1A1B2C2D000X,1,1,1,1,2.0,2.0,2.0,1.0,0.0,0.0
4.26923,-27,3,322,0,E1A1925B1503C1484X,TE1A1B2C2D000X,1,1,1,1,2.0,2.0,2.0,1.0,0.0,0.0
4.28118,-27,3,323,0,E1A1925B1500C1481X,TE1A1B2C2D000X,1,1,1,1,2.0,2.0,2.0,1.0,0.0,0.0
4.29305,-27,2,323,0,E1A1925B1497C1478X,TE1A1B2C2D000X,1,1,1,1,2.0,2.0,2.0,1.0,0.0,0.0
4.30481,-27,2,324,0,E1A1925B1494C1475X,TE1A1B2C3D000X,1,1,1,1,2.0,2.0,2.0,1.0,0.0,0.0
4.32566,-28,2,324,0,E1A1925B1490C1472X,TE1A1B2C3D000X,1,1,1,1,2.0,2.0,2.0,1.0,0.0,0.0
4.33741,-28,2,324,0,E1A1925B1486C1469X,TE1A1B2C3D000X,1,1,1,1,2.0,2.0,2.0,1.0,0.0,0.0
4.34906,-28,2,324,0,E1A1925B1483C1466X,TE1A1B2C3D000X,1,1,1,1,2.0,2.0,2.0,1.0,0.0,0.0
4.3609,-28,1,324,0,E1A1925B1480C1463X,TE1A1B2C3D000X,1,1,1,1,2.0,2.0,2.0,1.0,0.0,0.0
4.37224,-28,1,325,0,E1A1925B1477C1461X,TE1A1B2C3D000X,1,1,1,1,2.0,2.0,2.0,1.0,0.0,0.0
4.3935,-28,1,323,0,E1A1925B1473C1456X,TE1A1B3C3D000X,1,1,1,1,2.0,2.0,2.0,1.0,0.0,0.0
4.40527,-28,1,323,0,E1A1925B1471C1452X,TE1A1B3C3D000X,1,1,1,1,2.0,2.0,2.0,1.0,0.0,0.0
4.41698,-28,1,322,0,E1A1925B1467C1449X,TE1A1B3C3D000X,1,1,1,1,2.0,2.0,2.0,1.0,0.0,0.0
4.4294,-28,0,322,0,E1A1925B1465C1446X,TE1A1B3C3D000X,1,1,1,1,2.0,2.0,2.0,1.0,0.0,0.0
4.44097,-28,0,321,0,E1A1925B1462C1442X,TE1A1B3C3D000X,1,1,1,1,2.0,2.0,2.0,1.0,0.0,0.0
4.45216,-28,0,321,0,E1A1925B1459C1438X,TE1A1B3C3D000X,1,1,1,1,2.0,2.0,2.0,1.0,0.0,0.0
4.46425,-28,0,321,0,E1A1925B1457C1435X,TE1A1B3C3D000X,1,1,1,1,2.0,2.0,2.0,1.0,0.0,0.0
4.47569,-28,0,321,0,E1A1925B1454C1433X,TE1A1B3C3D000X,1,1,1,1,2.0,2.0,2.0,1.0,0.0,0.0
4.48701,-28,0,321,0,E1A1925B1451C1430X,TE1A1B3C3D000X,1,1,1,1,2.0,2.0,2.0,1.0,0.0,0.0
4.49828,-28,0,321,0,E1A1925B1448C1428X,TE1A1B3C3D000X,1,1,1,1,2.0,2.0,2.0,1.0,0.0,0.0
4.51001,-28,0,321,0,E1A1925B1446C1425X,TE1A1B3C3D000X,1,1,1,1,2.0,2.0,2.0,1.0,0.0,0.0
4.5214,-28,0,321,0,E1A1925B1443C1423X,TE1A1B3C3D000X,1,1,1,1,2.0,2.0,2.0,1.0,0.0,0.0
4.53761,-28,0,321,0,E1A1925B1440C1421X,TE1A1B3C3D000X,1,1,1,1,2.0,2.0,2.0,1.0,0.0,0.0
4.54962,-28,0,322,0,E1A1925B1437C1419X,TE1A1B3C3D000X,1,1,1,1,2.0,2.0,2.0,1.0,0.0,0.0
4.562,-28,0,321,0,E1A1925B1434C1416X,TE1A1B3C3D000X,1,1,1,1,2.0,2.0,2.0,1.0,0.0,0.0
4.57371,-28,0,321,0,E1A1925B1432C1413X,TE1A1B3C3D000X,1,1,1,1,2.0,2.0,2.0,1.0,0.0,0.0
4.58544,-28,0,321,0,E1A1925B1429C1411X,TE1A1B3C3D000X,1,1,1,1,2.0,2.0,2.0,1.0,0.0,0.0
4.59713,-28,-1,320,0,E1A1925B1426C1408X,TE1A1B3C3D000X,1,1,1,1,2.0,2.0,2.0,1.0,0.0,0.0
4.60886,-28,-1,320,0,E1A1925B1424C1405X,TE1A1B3C3D000X,1,1,1,1,2.0,2.0,2.0,1.0,0.0,0.0
4.62042,-28,-1,320,0,E1A1925B1422C1401X,TE1A1B3C3D000X,1,1,1,1,2.0,2.0,2.0,1.0,0.0,0.0
4.64139,-28,-1,320,0,E1A1925B1419C1398X,TE1A1B3C3D000X,1,1,1,1,2.0,2.0,2.0,1.0,0.0,0.0
4.65345,-28,-1,321,0,E1A1925B1417C1397X,TE1A1B3C3D000X,1,1,1,1,2.0,2.0,2.0,1.0,0.0,0.0
4.66508,-28,-1,321,0,E1A1925B1414C1393X,TE1A1B3C3D000X,1,1,1,1,2.0,2.0,2.0,1.0,0.0,0.0
4.67695,-28,-2,321,0,E1A1925B1412C1390X,TE1A1B3C3D000X,1,1,1,1,2.0,2.0,2.0,1.0,0.0,0.0
4.68849,-28,-2,320,0,E1A1925B1410C1387X,TE1A1B3C3D000X,1,1,1,1,2.0,2.0,2.0,1.0,0.0,0.0
4.71723,-28,-2,320,0,E1A1925B1408C1383X,TE1A1B3C3D000X,1,1,1,1,2.0,2.0,2.0,1.0,0.0,0.0
4.72943,-28,-2,320,0,E1A1925B1406C1379X,TE1A1B3C3D000X,1,1,1,1,2.0,2.0,2.0,1.0,0.0,0.0
4.7414,-28,-3,320,0,E1A1925B1405C1376X,TE1A1B3C3D000X,1,1,1,1,2.0,2.0,2.0,1.0,0.0,0.0
4.75332,-28,-3,320,0,E1A1925B1403C1373X,TE1A1B3C3D000X,1,1,1,1,2.0,2.0,2.0,1.0,0.0,0.0
4.78555,-28,-3,321,0,E1A1925B1402C1370X,TE1A1B3C3D000X,1,1,1,1,2.0,2.0,2.0,1.0,0.0,0.0
4.80929,-28,-3,321,0,E1A1925B1399C1366X,TE1A1B3C3D000X,1,1,1,1,2.0,2.0,2.0,1.0,0.0,0.0
4.82338,-28,-3,321,0,E1A1925B1398C1364X,TE1A1B3C3D000X,1,1,1,1,2.0,2.0,2.0,1.0,0.0,0.0
4.84527,-27,-4,321,0,E1A1925B1396C1361X,TE1A1B3C3D000X,1,1,1,1,2.0,2.0,2.0,1.0,0.0,0.0
4.85701,-27,-4,321,0,E1A1925B1394C1359X,TE1A1B3C3D000X,1,1,1,1,2.0,2.0,2.0,1.0,0.0,0.0
4.8687,-27,-4,321,0,E1A1925B1392C1356X,TE1A1B3C3D000X,1,1,1,1,2.0,2.0,2.0,1.0,0.0,0.0
4.88061,-27,-4,322,0,E1A1925B1391C1355X,TE1A1B3C3D000X,1,1,1,1,2.0,2.0,2.0,1.0,0.0,0.0
4.89233,-27,-4,322,0,E1A1925B1390C1353X,TE1A1B3C3D000X,1,1,1,1,2.0,2.0,2.0,1.0,0.0,0.0
4.90434,-27,-4,322,0,E1A1925B1388C1352X,TE1A1B3C3D000X,1,1,1,1,2.0,2.0,2.0,1.0,0.0,0.0
4.92129,-27,-4,322,0,E1A1925B1385C1350X,TE1A1B3C3D000X,1,1,1,1,2.0,2.0,2.0,1.0,0.0,0.0
4.93353,-27,-4,322,0,E1A1925B1383C1348X,TE1A1B3C3D000X,1,1,1,1,2.0,2.0,2.0,1.0,0.0,0.0
4.94556,-27,-4,322,0,E1A1925B1381C1346X,TE1A1B3C3D000X,1,1,1,1,2.0,2.0,2.0,1.0,0.0,0.0
4.96983,-27,-4,322,0,E1A1925B1380C1344X,TE1A1B3C3D000X,1,1,1,1,2.0,2.0,2.0,1.0,0.0,0.0
4.98358,-27,-4,322,0,E1A1925B1378C1343X,TE1A1B3C3D000X,1,1,1,1,2.0,2.0,2.0,1.0,0.0,0.0
5.00388,-27,-4,321,0,E1A1925B1377C1342X,TE1A1B3C3D000X,1,1,1,1,2.0,2.0,2.0,1.0,0.0,0.0
5.01559,-27,-5,321,0,E1A1925B1376C1340X,TE1A1B3C3D000X,1,1,1,1,2.0,2.0,2.0,1.0,0.0,0.0
5.02671,-26,-5,321,0,E1A1925B1374C1338X,TE1A1B3C3D000X,1,1,1,1,2.0,2.0,2.0,1.0,0.0,0.0
5.03818,-26,-5,322,0,E1A1925B1373C1337X,TE1A1B3C3D000X,1,1,1,1,2.0,2.0,2.0,1.0,0.0,0.0
5.05714,-26,-5,322,0,E1A1925B1371C1335X,TE1A1B3C3D000X,1,1,1,1,2.0,2.0,2.0,1.0,0.0,0.0
5.06947,-26,-5,322,0,E1A1925B1370C1334X,TE1A1B3C3D000X,1,1,1,1,2.0,2.0,2.0,1.0,0.0,0.0
5.08126,-26,-5,322,0,E1A1925B1368C1333X,TE1A1B3C3D000X,1,1,1,1,2.0,2.0,2.0,1.0,0.0,0.0
5.09334,-26,-5,322,0,E1A1925B1366C1330X,TE1A1B3C3D000X,1,1,1,1,2.0,2.0,2.0,1.0,0.0,0.0
5.10492,-26,-5,321,0,E1A1925B1364C1328X,TE1A1B3C3D000X,1,1,1,1,2.0,2.0,2.0,1.0,0.0,0.0
5.11683,-26,-5,321,0,E1A1925B1362C1326X,TE1A1B3C3D000X,1,1,1,1,2.0,2.0,2.0,1.0,0.0,0.0
5.13035,-26,-5,321,0,E1A1925B1359C1324X,TE1A1B3C3D000X,1,1,1,1,2.0,2.0,2.0,1.0,0.0,0.0
5.1421,-26,-5,321,0,E1A1925B1358C1323X,TE1A1B3C3D000X,1,1,1,1,2.0,2.0,2.0,1.0,0.0,0.0
5.15348,-26,-5,320,0,E1A1925B1355C1321X,TE1A1B3C3D000X,1,1,1,1,2.0,2.0,2.0,1.0,0.0,0.0
5.1646,-26,-5,321,0,E1A1925B1354C1320X,TE1A1B3C3D000X,1,1,1,1,2.0,2.0,2.0,1.0,0.0,0.0
5.17623,-26,-5,321,0,E1A1925B1352C1319X,TE1A1B3C3D000X,1,1,1,1,2.0,2.0,2.0,1.0,0.0,0.0
5.18748,-26,-5,321,0,E1A1925B1350C1318X,TE1A1B3C3D000X,1,1,1,1,2.0,2.0,2.0,1.0,0.0,0.0
5.19958,-25,-5,321,0,E1A1925B1348C1316X,TE1A1B3C3D000X,1,1,1,1,2.0,2.0,2.0,1.0,0.0,0.0
5.21745,-25,-5,321,0,E1A1925B1346C1316X,TE1A1B3C3D000X,1,1,1,1,2.0,2.0,2.0,1.0,0.0,0.0
5.22929,-25,-5,321,0,E1A1925B1343C1314X,TE1A1B3C3D000X,1,1,1,1,2.0,2.0,2.0,1.0,0.0,0.0
5.24095,-25,-5,321,0,E1A1925B1342C1312X,TE1A1B3C3D000X,1,1,1,1,2.0,2.0,2.0,1.0,0.0,0.0
5.26136,-25,-6,321,0,E1A1925B1340C1311X,TE1A1B3C3D000X,1,1,1,1,2.0,2.0,2.0,1.0,0.0,0.0
5.27336,-25,-6,320,0,E1A1925B1337C1307X,TE1A1B3C3D000X,1,1,1,1,2.0,2.0,2.0,1.0,0.0,0.0
5.29349,-25,-6,321,0,E1A1925B1336C1306X,TE1A1B3C3D000X,1,1,1,1,2.0,2.0,2.0,1.0,0.0,0.0
5.31727,-25,-6,321,0,E1A1925B1334C1305X,TE1A1B3C3D000X,1,1,1,1,2.0,2.0,2.0,1.0,0.0,0.0
5.32932,-25,-6,321,0,E1A1925B1333C1302X,TE1A1B3C3D000X,1,1,1,1,2.0,2.0,2.0,1.0,0.0,0.0
5.3413,-25,-6,321,0,E1A1925B1332C1300X,TE1A1B3C3D000X,1,1,1,1,2.0,2.0,2.0,1.0,0.0,0.0
5.35351,-25,-6,321,0,E1A1925B1330C1298X,TE1A1B3C3D000X,1,1,1,1,2.0,2.0,2.0,1.0,0.0,0.0
5.36526,-25,-6,322,0,E1A1925B1329C1296X,TE1A1B3C3D000X,1,1,1,1,2.0,2.0,2.0,1.0,0.0,0.0
5.37703,-25,-7,322,0,E1A1925B1327C1294X,TE1A1B3C3D000X,1,1,1,1,2.0,2.0,2.0,1.0,0.0,0.0
5.38839,-25,-7,323,0,E1A1925B1325C1291X,TE1A1B3C3D000X,1,1,1,1,2.0,2.0,2.0,1.0,0.0,0.0
5.40033,-25,-7,323,0,E1A1925B1323C1288X,TE1A1B3C3D000X,1,1,1,1,2.0,2.0,2.0,1.0,0.0,0.0
5.41206,-25,-7,323,0,E1A1925B1321C1286X,TE1A1B3C3D000X,1,1,1,1,2.0,2.0,2.0,1.0,0.0,0.0
5.42949,-25,-7,324,0,E1A1925B1320C1284X,TE1A1B3C3D000X,1,1,1,1,2.0,2.0,2.0,1.0,0.0,0.0
5.45357,-26,-8,324,0,E1A1925B1318C1281X,TE1A1B3C3D000X,1,1,1,1,2.0,2.0,2.0,1.0,0.0,0.0
5.46522,-26,-8,325,0,E1A1925B1317C1279X,TE1A1B3C3D000X,1,1,1,1,2.0,2.0,2.0,1.0,0.0,0.0
5.4773,-26,-8,325,0,E1A1925B1316C1276X,TE1A1B3C3D000X,1,1,1,1,2.0,2.0,2.0,1.0,0.0,0.0
5.48867,-25,-8,325,0,E1A1925B1314C1273X,TE1A1B3C3D000X,1,1,1,1,2.0,2.0,2.0,1.0,0.0,0.0
5.4996,-25,-8,325,0,E1A1925B1313C1271X,TE1A1B3C3D000X,1,1,1,1,2.0,2.0,2.0,1.0,0.0,0.0
5.51115,-25,-8,325,0,E1A1925B1311C1268X,TE1A1B3C3D000X,1,1,1,1,2.0,2.0,2.0,1.0,0.0,0.0
5.52256,-25,-8,326,0,E1A1925B1309C1267X,TE1A1B3C3D000X,1,1,1,1,2.0,2.0,2.0,1.0,0.0,0.0
5.5343,-25,-9,326,0,E1A1925B1308C1265X,TE1A1B3C3D000X,1,1,1,1,2.0,2.0,2.0,1.0,0.0,0.0
5.54583,-25,-9,326,0,E1A1925B1307C1263X,TE1A1B3C3D000X,1,1,1,1,2.0,2.0,2.0,1.0,0.0,0.0
5.55721,-25,-9,326,0,E1A1925B1306C1261X,TE1A1B3C3D000X,1,1,1,1,2.0,2.0,2.0,1.0,0.0,0.0
5.56952,-25,-9,326,0,E1A1925B1303C1260X,TE1A1B3C3D000X,1,1,1,1,2.0,2.0,2.0,1.0,0.0,0.0
5.58065,-25,-9,326,0,E1A1925B1300C1258X,TE1A1B3C3D000X,1,1,1,1,2.0,2.0,2.0,1.0,0.0,0.0
5.59319,-25,-9,326,0,E1A1925B1298C1256X,TE1A1B3C3D000X,1,1,1,1,2.0,2.0,2.0,1.0,0.0,0.0
5.61178,-25,-9,326,0,E1A1925B1296C1254X,TE1A1B3C3D000X,1,1,1,1,2.0,2.0,2.0,1.0,0.0,0.0
5.62692,-25,-9,326,0,E1A1925B1294C1252X,TE1A1B3C3D000X,1,1,1,1,2.0,2.0,2.0,1.0,0.0,0.0
5.639,-25,-9,326,0,E1A1925B1293C1250X,TE1A1B3C3D000X,1,1,1,1,2.0,2.0,2.0,1.0,0.0,0.0
5.65248,-25,-9,326,0,E1A1925B1292C1249X,TE1A1B3C4D000X,1,1,1,1,2.0,2.0,2.0,1.0,0.0,0.0
5.66486,-25,-9,327,0,E1A1925B1292C1247X,TE1A1B3C4D000X,1,1,1,1,2.0,2.0,2.0,1.0,0.0,0.0
5.67651,-25,-10,328,0,E1A1925B1292C1245X,TE1A1B3C4D000X,1,1,1,1,2.0,2.0,2.0,1.0,0.0,0.0
5.68804,-25,-10,328,0,E1A1925B1292C1244X,TE1A1B3C4D000X,1,1,1,1,2.0,2.0,2.0,1.0,0.0,0.0
5.7011,-25,-10,326,0,E1A1925B1289C1239X,TE1A1B3C4D000X,1,1,1,1,2.0,2.0,2.0,1.0,0.0,0.0
5.7132,-25,-10,327,0,E1A1925B1290C1237X,TE1A1B3C4D000X,1,1,1,1,2.0,2.0,2.0,1.0,0.0,0.0
5.7373,-24,-10,328,0,E1A1925B1291C1234X,TE1A1B3C4D000X,1,1,1,1,2.0,2.0,2.0,1.0,0.0,0.0
5.75726,-24,-11,328,0,E1A1925B1292C1231X,TE1A1B3C4D000X,1,1,1,1,2.0,2.0,2.0,1.0,0.0,0.0
5.76947,-24,-11,328,0,E1A1925B1292C1227X,TE1A1B3C4D000X,1,1,1,1,2.0,2.0,2.0,1.0,0.0,0.0
5.78169,-24,-11,328,0,E1A1925B1292C1224X,TE1A1B3C4D000X,1,1,1,1,2.0,2.0,2.0,1.0,0.0,0.0
5.79323,-24,-12,329,0,E1A1925B1293C1221X,TE1A1B3C4D000X,1,1,1,1,2.0,2.0,2.0,1.0,0.0,0.0
5.81345,-24,-12,330,0,E1A1925B1294C1217X,TE1A1B3C4D000X,1,1,1,1,2.0,2.0,2.0,1.0,0.0,0.0
5.82548,-24,-12,330,0,E1A1925B1294C1213X,TE1A1B3C4D000X,1,1,1,1,2.0,2.0,2.0,1.0,0.0,0.0
5.83751,-24,-13,331,0,E1A1925B1295C1210X,TE1A1B3C4D000X,1,1,1,1,2.0,2.0,2.0,1.0,0.0,0.0
5.85116,-24,-13,331,0,E1A1925B1296C1205X,TE1A1B3C4D000X,1,1,1,1,2.0,2.0,2.0,1.0,0.0,0.0
5.86444,-23,-13,331,0,E1A1925B1297C1202X,TE1A1B3C4D000X,1,1,1,1,2.0,2.0,2.0,1.0,0.0,0.0
5.87619,-23,-14,332,0,E1A1925B1298C1198X,TE1A1B3C4D000X,1,1,1,1,2.0,2.0,2.0,1.0,0.0,0.0
5.88746,-23,-14,332,0,E1A1925B1299C1194X,TE1A1B3C4D000X,1,1,1,1,2.0,2.0,2.0,1.0,0.0,0.0
5.90525,-23,-15,333,0,E1A1925B1301C1189X,TE1A1B3C4D000X,1,1,1,1,2.0,2.0,2.0,1.0,0.0,0.0
5.91723,-23,-15,333,0,E1A1925B1301C1185X,TE1A1B3C4D000X,1,1,1,1,2.0,2.0,2.0,1.0,0.0,0.0
5.92934,-23,-15,333,0,E1A1925B1301C1179X,TE1A1B3C4D000X,1,1,1,1,2.0,2.0,2.0,1.0,0.0,0.0
5.94089,-23,-16,333,0,E1A1925B1302C1175X,TE1A1B3C4D000X,1,1,1,1,2.0,2.0,2.0,1.0,0.0,0.0
5.95319,-23,-16,334,0,E1A1925B1303C1171X,TE1A1B3C4D000X,1,1,1,1,2.0,2.0,2.0,1.0,0.0,0.0
5.96432,-23,-16,335,0,E1A1925B1304C1168X,TE1A1B3C4D000X,1,1,1,1,2.0,2.0,2.0,1.0,0.0,0.0
5.9758,-22,-17,336,0,E1A1925B1305C1165X,TE1A1B3C4D000X,1,1,1,1,2.0,2.0,2.0,1.0,0.0,0.0
5.98701,-22,-17,335,0,E1A1925B1305C1160X,TE1A1B3C4D000X,1,1,1,1,2.0,2.0,2.0,1.0,0.0,0.0
5.99865,-22,-17,335,0,E1A1925B1304C1156X,TE1A1B3C4D000X,1,1,1,1,2.0,2.0,2.0,1.0,0.0,0.0
6.01025,-22,-18,335,0,E1A1925B1304C1152X,TE1A1B3C4D000X,1,1,1,1,2.0,2.0,2.0,1.0,0.0,0.0
6.02189,-22,-18,336,0,E1A1925B1305C1148X,TE1A1B3C4D000X,1,1,1,1,2.0,2.0,2.0,1.0,0.0,0.0
6.03305,-22,-18,336,0,E1A1925B1305C1144X,TE1A1B3C4D000X,1,1,1,1,2.0,2.0,2.0,1.0,0.0,0.0
6.04479,-22,-18,336,0,E1A1925B1306C1141X,TE1A1B3C4D000X,1,1,1,1,2.0,2.0,2.0,1.0,0.0,0.0
6.05611,-22,-19,336,0,E1A1925B1307C1137X,TE1A1B3C4D000X,1,1,1,1,2.0,2.0,2.0,1.0,0.0,0.0
6.07378,-21,-19,336,0,E1A1925B1307C1131X,TE1A1B3C4D000X,1,1,1,1,2.0,2.0,2.0,1.0,0.0,0.0
6.08545,-21,-19,336,0,E1A1925B1309C1127X,TE1A1B3C4D000X,1,1,1,1,2.0,2.0,2.0,1.0,0.0,0.0
6.09729,-21,-20,336,0,E1A1925B1310C1123X,TE1A1B3C4D000X,1,1,1,1,2.0,2.0,2.0,1.0,0.0,0.0
6.10974,-21,-20,336,0,E1A1925B1311C1119X,TE1A1B3C4D000X,1,1,1,1,2.0,2.0,2.0,1.0,0.0,0.0
6.12132,-21,-20,337,0,E1A1925B1312C1115X,TE1A1B3C4D000X,1,1,1,1,2.0,2.0,2.0,1.0,0.0,0.0
6.13308,-21,-21,337,0,E1A1925B1312C1110X,TE1A1B3C4D000X,1,1,1,1,2.0,2.0,2.0,1.0,0.0,0.0
6.14557,-20,-21,337,0,E1A1925B1313C1105X,TE1A1B3C4D000X,1,1,1,1,2.0,2.0,2.0,1.0,0.0,0.0
6.17764,-20,-22,337,0,E1A1925B1315C1100X,TE1A1B3C4D000X,1,1,1,1,2.0,2.0,2.0,1.0,0.0,0.0
6.19784,-20,-22,337,0,E1A1925B1319C1096X,TE1A1B3C4D000X,1,1,1,1,2.0,2.0,2.0,1.0,0.0,0.0
6.20957,-19,-22,337,0,E1A1925B1321C1092X,TE1A1B3C4D000X,1,1,1,1,2.0,2.0,2.0,1.0,0.0,0.0
6.22345,-19,-23,337,0,E1A1925B1323C1087X,TE1A1B3C4D000X,1,1,1,1,2.0,2.0,2.0,1.0,0.0,0.0
6.23532,-19,-23,337,0,E1A1925B1325C1083X,TE1A1B3C4D000X,1,1,1,1,2.0,2.0,2.0,1.0,0.0,0.0
6.24721,-18,-23,337,0,E1A1925B1328C1080X,TE1A1B3C4D000X,1,1,1,1,2.0,2.0,2.0,1.0,0.0,0.0
6.25967,-18,-23,337,0,E1A1925B1330C1076X,TE1A1B3C4D000X,1,1,1,1,2.0,2.0,2.0,1.0,0.0,0.0
6.27069,-18,-24,337,0,E1A1925B1333C1073X,TE1A1B3C4D000X,1,1,1,1,2.0,2.0,2.0,1.0,0.0,0.0
6.28226,-17,-24,338,0,E1A1925B1335C1072X,TE1A1B3C4D000X,1,1,1,1,2.0,2.0,2.0,1.0,0.0,0.0
6.2937,-17,-24,338,0,E1A1925B1336C1069X,TE1A1B3C4D000X,1,1,1,1,2.0,2.0,2.0,1.0,0.0,0.0
6.30508,-17,-24,338,0,E1A1925B1338C1066X,TE1A1B3C4D000X,1,1,1,1,2.0,2.0,2.0,1.0,0.0,0.0
6.31608,-16,-24,337,0,E1A1925B1341C1064X,TE1A1B3C4D000X,1,1,1,1,2.0,2.0,2.0,1.0,0.0,0.0
6.32745,-16,-24,337,0,E1A1925B1343C1062X,TE1A1B3C4D000X,1,1,1,1,2.0,2.0,2.0,1.0,0.0,0.0
6.33962,-16,-24,336,0,E1A1925B1344C1058X,TE1A1B3C4D000X,1,1,1,1,2.0,2.0,2.0,1.0,0.0,0.0
6.35082,-15,-24,337,0,E1A1925B1347C1058X,TE1A1B3C4D000X,1,1,1,1,2.0,2.0,2.0,1.0,0.0,0.0
6.36912,-15,-24,336,0,E1A1925B1348C1055X,TE1A1B3C4D000X,1,1,1,1,2.0,2.0,2.0,1.0,0.0,0.0
6.38076,-14,-24,336,0,E1A1925B1351C1054X,TE1A1B3C4D000X,1,1,1,1,2.0,2.0,2.0,1.0,0.0,0.0
6.40113,-14,-24,336,0,E1A1925B1353C1052X,TE1A1B3C4D000X,1,1,1,1,2.0,2.0,2.0,1.0,0.0,0.0
6.41329,-14,-24,336,0,E1A1925B1356C1050X,TE1A1B3C4D000X,1,1,1,1,2.0,2.0,2.0,1.0,0.0,0.0
6.42501,-13,-24,336,0,E1A1925B1358C1049X,TE1A1B3C4D000X,1,1,1,1,2.0,2.0,2.0,1.0,0.0,0.0
6.43709,-13,-25,336,0,E1A1925B1361C1048X,TE1A1B3C4D000X,1,1,1,1,2.0,2.0,2.0,1.0,0.0,0.0
6.44791,-12,-25,336,0,E1A1925B1364C1045X,TE1A1B3C4D000X,1,1,1,1,2.0,2.0,2.0,1.0,0.0,0.0
6.47039,-12,-25,336,0,E1A1925B1368C1044X,TE1A1B3C4D000X,1,1,1,1,2.0,2.0,2.0,1.0,0.0,0.0
6.48215,-11,-25,336,0,E1A1925B1372C1042X,TE1A1B3C4D000X,1,1,1,1,2.0,2.0,2.0,1.0,0.0,0.0
6.49378,-11,-25,336,0,E1A1925B1375C1039X,TE1A1B3C4D000X,1,1,1,1,2.0,2.0,2.0,1.0,0.0,0.0
6.50523,-11,-25,335,0,E1A1925B1377C1036X,TE1A1B3C4D000X,1,1,1,1,2.0,2.0,2.0,1.0,0.0,0.0
6.51642,-10,-25,335,0,E1A1925B1380C1033X,TE1A1B3C4D000X,1,1,1,1,2.0,2.0,2.0,1.0,0.0,0.0
6.52801,-10,-25,334,0,E1A1925B1383C1030X,TE1A1B3C4D000X,1,1,1,1,2.0,2.0,2.0,1.0,0.0,0.0
6.54153,-9,-25,334,0,E1A1925B1388C1027X,TE1A1B3C4D000X,1,1,1,1,2.0,2.0,2.0,1.0,0.0,0.0
6.56194,-8,-26,334,0,E1A1925B1395C1026X,TE1A1B3C4D000X,1,1,1,1,2.0,2.0,2.0,1.0,0.0,0.0
6.57366,-8,-26,335,0,E1A1925B1401C1023X,TE1A1B3C4D000X,1,1,1,1,2.0,2.0,2.0,1.0,0.0,0.0
6.58511,-7,-26,335,0,E1A1925B1408C1021X,TE1A1B3C5D000X,1,1,1,1,2.0,2.0,2.0,1.0,0.0,0.0
6.59677,-6,-26,334,0,E1A1925B1413C1017X,TE1A1B3C5D000X,1,1,1,1,2.0,2.0,2.0,1.0,0.0,0.0
6.60845,-5,-26,335,0,E1A1925B1421C1015X,TE1A1B3C5D000X,1,1,1,1,2.0,2.0,2.0,1.0,0.0,0.0
6.62049,-5,-26,335,0,E1A1925B1427C1013X,TE1A1B3C5D000X,1,1,1,1,2.0,2.0,2.0,1.0,0.0,0.0
6.63176,-4,-27,335,0,E1A1925B1435C1011X,TE1A1B3C5D000X,1,1,1,1,2.0,2.0,2.0,1.0,0.0,0.0
6.64955,-3,-27,335,0,E1A1925B1442C1010X,TE1A1B3C5D000X,1,1,1,1,2.0,2.0,2.0,1.0,0.0,0.0
6.66118,-2,-27,335,0,E1A1925B1448C1009X,TE1A1B3C5D000X,1,1,1,1,2.0,2.0,2.0,1.0,0.0,0.0
6.67331,-2,-27,336,0,E1A1925B1456C1009X,TE1A1B3C5D000X,1,1,1,1,2.0,2.0,2.0,1.0,0.0,0.0
6.6851,-1,-27,337,0,E1A1925B1462C1009X,TE1A1B3C5D000X,1,1,1,1,2.0,2.0,2.0,1.0,0.0,0.0
6.70519,0,-26,334,0,E1A1925B1465C1006X,TE1A1B3C5D000X,1,1,1,1,2.0,2.0,2.0,1.0,0.0,0.0
6.72958,0,-26,334,0,E1A1925B1469C1005X,TE1A1B3C5D000X,1,1,1,1,2.0,2.0,2.0,1.0,0.0,0.0
6.74151,0,-26,334,0,E1A1925B1474C1005X,TE1A1B3C5D000X,1,1,1,1,2.0,2.0,2.0,1.0,0.0,0.0
6.75345,0,-26,334,0,E1A1925B1479C1003X,TE1A1B3C5D000X,1,1,1,1,2.0,2.0,2.0,1.0,0.0,0.0
6.76519,1,-26,335,0,E1A1925B1483C1003X,TE1A1B3C5D000X,1,1,1,1,2.0,2.0,2.0,1.0,0.0,0.0
6.78577,1,-26,335,0,E1A1925B1488C1003X,TE1A1B2C5D000X,1,1,1,1,2.0,2.0,2.0,1.0,0.0,0.0
6.79737,1,-26,336,0,E1A1925B1492C1002X,TE1A1B2C5D000X,1,1,1,1,2.0,2.0,2.0,1.0,0.0,0.0
6.80929,2,-26,334,0,E1A1925B1493C0997X,TE1A1B2C5D000X,1,1,1,1,2.0,2.0,2.0,1.0,0.0,0.0
6.82123,2,-26,334,0,E1A1925B1495C0995X,TE1A1B2C5D000X,1,1,1,1,2.0,2.0,2.0,1.0,0.0,0.0
6.83277,2,-26,334,0,E1A1925B1498C0993X,TE1A1B2C5D000X,1,1,1,1,2.0,2.0,2.0,1.0,0.0,0.0
6.84426,3,-27,334,0,E1A1925B1501C0990X,TE1A1B2C5D000X,1,1,1,1,2.0,2.0,2.0,1.0,0.0,0.0
6.85532,3,-27,334,0,E1A1925B1503C0988X,TE1A1B2C5D000X,1,1,1,1,2.0,2.0,2.0,1.0,0.0,0.0
6.87708,3,-27,334,0,E1A1925B1506C0986X,TE1A1B2C5D000X,1,1,1,1,2.0,2.0,2.0,1.0,0.0,0.0
6.88844,3,-27,335,0,E1A1925B1509C0985X,TE1A1B2C5D000X,1,1,1,1,2.0,2.0,2.0,1.0,0.0,0.0
6.89989,3,-27,335,0,E1A1925B1512C0983X,TE1A1B2C5D000X,1,1,1,1,2.0,2.0,2.0,1.0,0.0,0.0
6.91157,4,-27,335,0,E1A1925B1515C0981X,TE1A1B2C5D000X,1,1,1,1,2.0,2.0,2.0,1.0,0.0,0.0
6.92243,4,-27,335,0,E1A1925B1517C0980X,TE1A1B2C5D000X,1,1,1,1,2.0,2.0,2.0,1.0,0.0,0.0
6.93415,4,-27,336,0,E1A1925B1520C0980X,TE1A1B2C5D000X,1,1,1,1,2.0,2.0,2.0,1.0,0.0,0.0
6.95318,4,-27,337,0,E1A1925B1524C0979X,TE1A1B2C5D000X,1,1,1,1,2.0,2.0,2.0,1.0,0.0,0.0
6.96528,5,-27,337,0,E1A1925B1527C0979X,TE1A1B2C5D000X,1,1,1,1,2.0,2.0,2.0,1.0,0.0,0.0
6.97701,5,-27,338,0,E1A1925B1531C0979X,TE1A1B2C5D000X,1,1,1,1,2.0,2.0,2.0,1.0,0.0,0.0
6.9889,5,-27,338,0,E1A1925B1533C0978X,TE1A1B2C5D000X,1,1,1,1,2.0,2.0,2.0,1.0,0.0,0.0
7.00107,5,-27,337,0,E1A1925B1535C0976X,TE1A1B2C5D000X,1,1,1,1,2.0,2.0,2.0,1.0,0.0,0.0
7.01306,6,-27,337,0,E1A1925B1538C0975X,TE1A1B2C5D000X,1,1,1,1,2.0,2.0,2.0,1.0,0.0,0.0
7.02481,6,-27,337,0,E1A1925B1541C0973X,TE1A1B2C5D000X,1,1,1,1,2.0,2.0,2.0,1.0,0.0,0.0
7.03645,6,-27,337,0,E1A1925B1544C0973X,TE1A1B2C5D000X,1,1,1,1,2.0,2.0,2.0,1.0,0.0,0.0
7.0474,6,-27,337,0,E1A1925B1547C0971X,TE1A1B2C5D000X,1,1,1,1,2.0,2.0,2.0,1.0,0.0,0.0
7.05974,7,-27,337,0,E1A1925B1549C0970X,TE1A1B2C5D000X,1,1,1,1,2.0,2.0,2.0,1.0,0.0,0.0
7.07079,7,-27,338,0,E1A1925B1552C0970X,TE1A1B2C5D000X,1,1,1,1,2.0,2.0,2.0,1.0,0.0,0.0
7.08904,7,-26,338,0,E1A1925B1556C0970X,TE1A1B2C5D000X,1,1,1,1,2.0,2.0,2.0,1.0,0.0,0.0
7.10114,7,-26,337,0,E1A1925B1558C0969X,TE1A1B2C5D000X,1,1,1,1,2.0,2.0,2.0,1.0,0.0,0.0
7.12531,8,-26,337,0,E1A1925B1560C0969X,TE1A1B2C5D000X,1,1,1,1,2.0,2.0,2.0,1.0,0.0,0.0
7.13735,8,-26,338,0,E1A1925B1564C0970X,TE1A1B2C5D000X,1,1,1,1,2.0,2.0,2.0,1.0,0.0,0.0
7.14881,8,-26,337,0,E1A1925B1566C0970X,TE1A1B2C5D000X,1,1,1,1,2.0,2.0,2.0,1.0,0.0,0.0
7.16908,8,-26,337,0,E1A1925B1568C0970X,TE1A1B2C5D000X,1,1,1,1,2.0,2.0,2.0,1.0,0.0,0.0
7.18128,9,-25,336,0,E1A1925B1569C0970X,TE1A1B2C5D000X,1,1,1,1,2.0,2.0,2.0,1.0,0.0,0.0
7.1933,9,-25,337,0,E1A1925B1572C0972X,TE1A1B2C5D000X,1,1,1,1,2.0,2.0,2.0,1.0,0.0,0.0
7.2041,9,-25,337,0,E1A1925B1574C0972X,TE1A1B2C5D000X,1,1,1,1,2.0,2.0,2.0,1.0,0.0,0.0
7.21577,9,-25,336,0,E1A1925B1576C0973X,TE1A1B2C5D000X,1,1,1,1,2.0,2.0,2.0,1.0,0.0,0.0
7.22743,9,-25,336,0,E1A1925B1578C0973X,TE1A1B2C5D000X,1,1,1,1,2.0,2.0,2.0,1.0,0.0,0.0
7.23916,9,-24,336,0,E1A1925B1580C0974X,TE1A1B2C5D000X,1,1,1,1,2.0,2.0,2.0,1.0,0.0,0.0
7.25026,10,-24,336,0,E1A1925B1583C0974X,TE1A1B2C5D000X,1,1,1,1,2.0,2.0,2.0,1.0,0.0,0.0
7.26204,10,-24,336,0,E1A1925B1584C0974X,TE1A1B2C5D000X,1,1,1,1,2.0,2.0,2.0,1.0,0.0,0.0
7.27375,10,-24,336,0,E1A1925B1587C0975X,TE1A1B2C5D000X,1,1,1,1,2.0,2.0,2.0,1.0,0.0,0.0
7.2849,10,-24,336,0,E1A1925B1589C0975X,TE1A1B2C5D000X,1,1,1,1,2.0,2.0,2.0,1.0,0.0,0.0
7.29664,10,-23,336,0,E1A1925B1591C0976X,TE1A1B2C5D000X,1,1,1,1,2.0,2.0,2.0,1.0,0.0,0.0
7.30801,10,-23,336,0,E1A1925B1593C0976X,TE1A1B2C5D000X,1,1,1,1,2.0,2.0,2.0,1.0,0.0,0.0
7.319,11,-23,336,0,E1A1925B1596C0978X,TE1A1B2C5D000X,1,1,1,1,2.0,2.0,2.0,1.0,0.0,0.0
7.33038,11,-23,336,0,E1A1925B1598C0978X,TE1A1B2C5D000X,1,1,1,1,2.0,2.0,2.0,1.0,0.0,0.0
7.34936,11,-23,336,0,E1A1925B1601C0979X,TE1A1B2C5D000X,1,1,1,1,2.0,2.0,2.0,1.0,0.0,0.0
7.38526,11,-22,335,0,E1A1925B1604C0980X,TE1A1B2C5D000X,1,1,1,1,2.0,2.0,2.0,1.0,0.0,0.0
7.39652,12,-22,335,0,E1A1925B1608C0983X,TE1A1B2C5D000X,1,1,1,1,2.0,2.0,2.0,1.0,0.0,0.0
7.40779,12,-22,335,0,E1A1925B1612C0986X,TE1A1B2C5D000X,1,1,1,1,2.0,2.0,2.0,1.0,0.0,0.0
7.4191,13,-21,335,0,E1A1925B1617C0989X,TE1A1B2C5D000X,1,1,1,1,2.0,2.0,2.0,1.0,0.0,0.0
7.43041,13,-21,335,0,E1A1925B1622C0993X,TE1A1B2C5D000X,1,1,1,1,2.0,2.0,2.0,1.0,0.0,0.0
7.44153,14,-20,335,0,E1A1925B1628C0996X,TE1A1B2C5D000X,1,1,1,1,2.0,2.0,2.0,1.0,0.0,0.0
7.45299,14,-20,335,0,E1A1925B1633C0999X,TE1A1B2C5D000X,1,1,1,1,2.0,2.0,2.0,1.0,0.0,0.0
7.47295,15,-20,334,0,E1A1925B1640C1002X,TE1A1B2C5D000X,1,1,1,1,2.0,2.0,2.0,1.0,0.0,0.0
7.48508,16,-19,334,0,E1A1925B1647C1006X,TE1A1B2C5D000X,1,1,1,1,2.0,2.0,2.0,1.0,0.0,0.0
7.50916,17,-19,334,0,E1A1925B1655C1011X,TE1A1B2C5D000X,1,1,1,1,2.0,2.0,2.0,1.0,0.0,0.0
7.52102,17,-18,334,0,E1A1925B1663C1014X,TE1A1B2C5D000X,1,1,1,1,2.0,2.0,2.0,1.0,0.0,0.0
7.5327,18,-18,334,0,E1A1925B1671C1018X,TE1A1B2C5D000X,1,1,1,1,2.0,2.0,2.0,1.0,0.0,0.0
7.55303,19,-17,334,0,E1A1925B1679C1022X,TE1A1B2C5D000X,1,1,1,1,2.0,2.0,2.0,1.0,0.0,0.0
7.56498,20,-17,334,0,E1A1925B1687C1024X,TE1A1B2C5D000X,1,1,1,1,2.0,2.0,2.0,1.0,0.0,0.0
7.57702,21,-16,333,0,E1A1925B1695C1026X,TE1A1B2C5D000X,1,1,1,1,2.0,2.0,2.0,1.0,0.0,0.0
7.58806,21,-16,333,0,E1A1925B1703C1029X,TE1A1B2C4D000X,1,1,1,1,2.0,2.0,2.0,1.0,0.0,0.0
7.5995,22,-16,333,0,E1A1925B1711C1031X,TE1A1B2C4D000X,1,1,1,1,2.0,2.0,2.0,1.0,0.0,0.0
7.61064,23,-15,332,0,E1A1925B1717C1032X,TE1A1B2C4D000X,1,1,1,1,2.0,2.0,2.0,1.0,0.0,0.0
7.6221,24,-15,332,0,E1A1925B1726C1033X,TE1A1B1C4D000X,1,1,1,1,2.0,2.0,2.0,1.0,0.0,0.0
7.63298,24,-15,332,0,E1A1925B1733C1034X,TE1A1B1C4D000X,1,1,1,1,2.0,2.0,2.0,1.0,0.0,0.0
7.6453,25,-14,333,0,E1A1925B1741C1035X,TE1A1B1C4D000X,1,1,1,1,2.0,2.0,2.0,1.0,0.0,0.0
7.65629,25,-14,333,0,E1A1925B1747C1036X,TE1A1B1C4D000X,1,1,1,1,2.0,2.0,2.0,1.0,0.0,0.0
7.66755,26,-14,333,0,E1A1925B1754C1035X,TE1A1B1C4D000X,1,1,1,1,2.0,2.0,2.0,1.0,0.0,0.0
7.68949,26,-14,333,0,E1A1925B1759C1034X,TE1A1B1C4D000X,1,1,1,1,2.0,2.0,2.0,1.0,0.0,0.0
7.70125,27,-14,332,0,E1A1925B1764C1034X,TE1A1B1C4D000X,1,1,1,1,2.0,2.0,2.0,1.0,0.0,0.0
7.71295,27,-14,332,0,E1A1925B1769C1032X,TE1A1B1C4D000X,1,1,1,1,2.0,2.0,2.0,1.0,0.0,0.0
7.724,27,-14,332,0,E1A1925B1774C1030X,TE1A1B1C4D000X,1,1,1,1,2.0,2.0,2.0,1.0,0.0,0.0
7.73523,28,-13,331,0,E1A1925B1778C1029X,TE1A1B1C4D000X,1,1,1,1,2.0,2.0,2.0,1.0,0.0,0.0
7.75715,28,-13,331,0,E1A1925B1783C1028X,TE1A1B1C4D000X,1,1,1,1,2.0,2.0,2.0,1.0,0.0,0.0
7.76903,28,-13,331,0,E1A1925B1787C1028X,TE1A1B1C4D000X,1,1,1,1,2.0,2.0,2.0,1.0,0.0,0.0
7.78032,29,-13,331,0,E1A1925B1792C1028X,TE1A1B1C4D000X,1,1,1,1,2.0,2.0,2.0,1.0,0.0,0.0
7.79132,29,-13,331,0,E1A1925B1796C1029X,TE1A1B1C4D000X,1,1,1,1,2.0,2.0,2.0,1.0,0.0,0.0
7.80261,29,-12,331,0,E1A1925B1800C1029X,TE1A1B1C4D000X,1,1,1,1,2.0,2.0,2.0,1.0,0.0,0.0
7.81391,29,-12,331,0,E1A1925B1804C1030X,TE1A1B1C4D000X,1,1,1,1,2.0,2.0,2.0,1.0,0.0,0.0
7.83704,29,-12,331,0,E1A1925B1808C1032X,TE1A1B1C4D000X,1,1,1,1,2.0,2.0,2.0,1.0,0.0,0.0
7.85718,30,-12,332,0,E1A1925B1813C1035X,TE1A1B1C4D000X,1,1,1,1,2.0,2.0,2.0,1.0,0.0,0.0
7.86911,30,-11,332,0,E1A1925B1818C1038X,TE1A1B1C4D000X,1,1,1,1,2.0,2.0,2.0,1.0,0.0,0.0
7.90481,30,-11,332,0,E1A1925B1822C1043X,TE1A1B1C4D000X,1,1,1,1,2.0,2.0,2.0,1.0,0.0,0.0
7.91607,31,-10,332,0,E1A1925B1827C1049X,TE1A1B1C4D000X,1,1,1,1,2.0,2.0,2.0,1.0,0.0,0.0
7.92735,31,-10,332,0,E1A1925B1832C1055X,TE1A1B1C4D000X,1,1,1,1,2.0,2.0,2.0,1.0,0.0,0.0
7.93864,31,-9,332,0,E1A1925B1836C1059X,TE1A1B1C4D000X,1,1,1,1,2.0,2.0,2.0,1.0,0.0,0.0
7.94979,31,-8,333,0,E1A1925B1841C1066X,TE1A1B1C4D000X,1,1,1,1,2.0,2.0,2.0,1.0,0.0,0.0
7.96116,32,-8,333,0,E1A1925B1846C1072X,TE1A1B1C4D000X,1,1,1,1,2.0,2.0,2.0,1.0,0.0,0.0
7.97244,32,-7,333,0,E1A1925B1852C1079X,TE1A1B1C4D000X,1,1,1,1,2.0,2.0,2.0,1.0,0.0,0.0
7.98325,32,-7,333,0,E1A1925B1856C1084X,TE1A1B1C4D000X,1,1,1,1,2.0,2.0,2.0,1.0,0.0,0.0
7.99462,33,-6,333,0,E1A1925B1861C1089X,TE1A1B1C4D000X,1,1,1,1,2.0,2.0,2.0,1.0,0.0,0.0
8.00596,33,-6,333,0,E1A1925B1866C1095X,TE1A1B1C4D000X,1,1,1,1,2.0,2.0,2.0,1.0,0.0,0.0
8.01679,33,-5,334,0,E1A1925B1871C1100X,TE1A1B1C4D000X,1,1,1,1,2.0,2.0,2.0,1.0,0.0,0.0
8.02914,34,-5,335,0,E1A1925B1877C1107X,TE1A1B1C4D000X,1,1,1,1,2.0,2.0,2.0,1.0,0.0,0.0
8.04047,34,-4,334,0,E1A1925B1881C1112X,TE1A1B1C4D000X,1,1,1,1,2.0,2.0,2.0,1.0,0.0,0.0
8.06071,34,-3,334,0,E1A1925B1886C1116X,TE1A1B1C4D000X,1,1,1,1,2.0,2.0,2.0,1.0,0.0,0.0
8.07304,34,-3,334,0,E1A1925B1892C1121X,TE1A1B1C4D000X,1,1,1,1,2.0,2.0,2.0,1.0,0.0,0.0
8.08504,35,-2,335,0,E1A1925B1897C1125X,TE1A1B1C4D000X,1,1,1,1,2.0,2.0,2.0,1.0,0.0,0.0
8.09642,35,-2,334,0,E1A1925B1902C1129X,TE1A1B1C4D000X,1,1,1,1,2.0,2.0,2.0,1.0,0.0,0.0
8.10771,35,-1,334,0,E1A1925B1906C1133X,TE1A1B1C4D000X,1,1,1,1,2.0,2.0,2.0,1.0,0.0,0.0
8.11855,35,-1,334,0,E1A1925B1911C1136X,TE1A1B1C4D000X,1,1,1,1,2.0,2.0,2.0,1.0,0.0,0.0
8.1299,36,-1,334,0,E1A1925B1916C1141X,TE1A1B1C4D000X,1,1,1,1,2.0,2.0,2.0,1.0,0.0,0.0
8.14115,36,0,334,0,E1A1925B1920C1144X,TE1A1B1C4D000X,1,1,1,1,2.0,2.0,2.0,1.0,0.0,0.0
8.15333,36,0,334,0,E1A1925B1924C1145X,TE1A1B1C4D000X,1,1,1,1,2.0,2.0,2.0,1.0,0.0,0.0
8.17311,36,0,334,0,E1A1925B1930C1147X,TE1A1B1C4D000X,1,1,1,1,2.0,2.0,2.0,1.0,0.0,0.0
8.18526,37,0,334,0,E1A1925B1936C1147X,TE1A1B1C4D000X,1,1,1,1,2.0,2.0,2.0,1.0,0.0,0.0
8.19711,37,0,333,0,E1A1925B1941C1147X,TE1A1B0C4D000X,1,1,1,1,2.0,2.0,2.0,1.0,0.0,0.0
8.20928,37,1,334,0,E1A1925B1941C1148X,TE1A1B0C4D000X,1,1,1,1,2.0,2.0,2.0,1.0,0.0,0.0
8.22086,38,1,334,0,E1A1920B1941C1158X,TE1A1B0C4D000X,1,1,1,1,2.0,2.0,2.0,1.0,0.0,0.0
8.23182,38,1,334,0,E1A1915B1941C1168X,TE1A1B0C4D000X,1,1,1,1,2.0,2.0,2.0,1.0,0.0,0.0
8.24305,38,2,334,0,E1A1910B1941C1178X,TE1A1B0C4D000X,1,1,1,1,2.0,2.0,2.0,1.0,0.0,0.0
8.25386,38,2,333,0,E1A1906B1941C1185X,TE1A1B0C4D000X,1,1,1,1,2.0,2.0,2.0,1.0,0.0,0.0
8.26531,38,2,333,0,E1A1902B1941C1193X,TE1A1B0C4D000X,1,1,1,1,2.0,2.0,2.0,1.0,0.0,0.0
8.27726,39,2,333,0,E1A1898B1941C1199X,TE1A1B0C4D000X,1,1,1,1,2.0,2.0,2.0,1.0,0.0,0.0
8.29741,39,3,332,0,E1A1895B1941C1207X,TE1A1B0C4D000X,1,1,1,1,2.0,2.0,2.0,1.0,0.0,0.0
8.30938,39,3,332,0,E1A1890B1941C1215X,TE1A1B0C4D000X,1,1,1,1,2.0,2.0,2.0,1.0,0.0,0.0
8.32117,39,3,332,0,E1A1886B1941C1222X,TE1A1B0C4D000X,1,1,1,1,2.0,2.0,2.0,1.0,0.0,0.0
8.34553,39,4,332,0,E1A1884B1941C1229X,TE1A1B0C4D000X,1,1,1,1,2.0,2.0,2.0,1.0,0.0,0.0
8.35689,39,4,332,0,E1A1881B1941C1236X,TE1A1B0C4D000X,1,1,1,1,2.0,2.0,2.0,1.0,0.0,0.0
8.3685,39,4,332,0,E1A1878B1941C1242X,TE1A1B0C4D000X,1,1,1,1,2.0,2.0,2.0,1.0,0.0,0.0
8.38007,39,4,331,0,E1A1875B1941C1249X,TE1A1B0C4D000X,1,1,1,1,2.0,2.0,2.0,1.0,0.0,0.0
8.39155,39,5,332,0,E1A1873B1941C1257X,TE1A1B0C4D000X,1,1,1,1,2.0,2.0,2.0,1.0,0.0,0.0
8.41344,38,5,331,0,E1A1871B1941C1264X,TE1A1B0C3D000X,1,1,1,1,2.0,2.0,2.0,1.0,0.0,0.0
8.43315,38,6,331,0,E1A1870B1941C1273X,TE1A1B0C3D000X,1,1,1,1,2.0,2.0,2.0,1.0,0.0,0.0
8.44544,38,6,330,0,E1A1869B1941C1281X,TE1A1B0C3D000X,1,1,1,1,2.0,2.0,2.0,1.0,0.0,0.0
8.45728,38,7,330,0,E1A1868B1941C1290X,TE1A1B0C3D000X,1,1,1,1,2.0,2.0,2.0,1.0,0.0,0.0
8.46926,37,7,330,0,E1A1867B1941C1298X,TE1A1B0C3D000X,1,1,1,1,2.0,2.0,2.0,1.0,0.0,0.0
8.48078,37,8,329,0,E1A1868B1941C1305X,TE1A1B0C3D000X,1,1,1,1,2.0,2.0,2.0,1.0,0.0,0.0
8.49242,37,8,330,0,E1A1867B1941C1315X,TE1A1B0C3D000X,1,1,1,1,2.0,2.0,2.0,1.0,0.0,0.0
8.51358,36,8,329,0,E1A1867B1941C1320X,TE1A1B0C3D000X,1,1,1,1,2.0,2.0,2.0,1.0,0.0,0.0
8.52529,36,9,330,0,E1A1867B1941C1327X,TE1A1B0C3D000X,1,1,1,1,2.0,2.0,2.0,1.0,0.0,0.0
8.53699,35,9,330,0,E1A1867B1941C1333X,TE1A1B0C3D000X,1,1,1,1,2.0,2.0,2.0,1.0,0.0,0.0
8.54855,35,9,330,0,E1A1868B1941C1337X,TE1A1B0C3D000X,1,1,1,1,2.0,2.0,2.0,1.0,0.0,0.0
8.56026,34,9,329,0,E1A1869B1941C1338X,TE1A1B0C3D000X,1,1,1,1,2.0,2.0,2.0,1.0,0.0,0.0
8.57166,34,9,329,0,E1A1870B1941C1340X,TE1A1B0C3D000X,1,1,1,1,2.0,2.0,2.0,1.0,0.0,0.0
8.58283,33,10,329,0,E1A1872B1941C1342X,TE1A1B0C3D000X,1,1,1,1,2.0,2.0,2.0,1.0,0.0,0.0
8.59458,33,10,329,0,E1A1873B1941C1344X,TE1A1B0C3D000X,1,1,1,1,2.0,2.0,2.0,1.0,0.0,0.0
8.60651,32,10,329,0,E1A1874B1941C1344X,TE1A1B0C3D000X,1,1,1,1,2.0,2.0,2.0,1.0,0.0,0.0
8.61761,32,10,330,0,E1A1876B1941C1345X,TE1A1B0C3D000X,1,1,1,1,2.0,2.0,2.0,1.0,0.0,0.0
8.6293,31,10,330,0,E1A1878B1941C1345X,TE1A1B0C3D000X,1,1,1,1,2.0,2.0,2.0,1.0,0.0,0.0
8.64082,31,10,330,0,E1A1881B1941C1342X,TE1A1B0C3D000X,1,1,1,1,2.0,2.0,2.0,1.0,0.0,0.0
8.65166,30,9,328,0,E1A1884B1941C1337X,TE1A1B0C3D000X,1,1,1,1,2.0,2.0,2.0,1.0,0.0,0.0
8.66941,29,9,328,0,E1A1888B1941C1332X,TE1A1B0C3D000X,1,1,1,1,2.0,2.0,2.0,1.0,0.0,0.0
8.68149,28,9,327,0,E1A1892B1941C1327X,TE1A1B0C3D000X,1,1,1,1,2.0,2.0,2.0,1.0,0.0,0.0
8.69333,28,9,328,0,E1A1896B1941C1326X,TE1A1B0C3D000X,1,1,1,1,2.0,2.0,2.0,1.0,0.0,0.0
8.70517,27,9,328,0,E1A1899B1941C1321X,TE1A1B0C3D000X,1,1,1,1,2.0,2.0,2.0,1.0,0.0,0.0
8.72925,26,9,327,0,E1A1904B1941C1316X,TE1A1B0C3D000X,1,1,1,1,2.0,2.0,2.0,1.0,0.0,0.0
8.7409,25,9,327,0,E1A1908B1941C1310X,TE1A1B0C3D000X,1,1,1,1,2.0,2.0,2.0,1.0,0.0,0.0
8.75244,25,9,327,0,E1A1913B1941C1304X,TE1A1B0C3D000X,1,1,1,1,2.0,2.0,2.0,1.0,0.0,0.0
8.76411,24,9,327,0,E1A1917B1941C1298X,TE1A1B0C3D000X,1,1,1,1,2.0,2.0,2.0,1.0,0.0,0.0
8.77532,23,8,327,0,E1A1921B1941C1293X,TE1A1B0C3D000X,1,1,1,1,2.0,2.0,2.0,1.0,0.0,0.0
8.78618,22,8,327,0,E1A1924B1941C1289X,TE1A1B0C3D000X,1,1,1,1,2.0,2.0,2.0,1.0,0.0,0.0
8.79765,22,8,328,0,E1A1924B1945C1287X,TE1A1B0C3D000X,1,1,1,1,2.0,2.0,2.0,1.0,0.0,0.0
8.80889,21,8,328,0,E1A1924B1942C1289X,TE1A1B0C3D000X,1,1,1,1,2.0,2.0,2.0,1.0,0.0,0.0
8.82892,21,8,329,0,E1A1924B1939C1289X,TE1A1B0C3D000X,1,1,1,1,2.0,2.0,2.0,1.0,0.0,0.0
8.84093,20,8,329,0,E1A1924B1936C1290X,TE1A1B0C3D000X,1,1,1,1,2.0,2.0,2.0,1.0,0.0,0.0
8.86082,20,7,328,0,E1A1924B1933C1287X,TE1A1B0C3D000X,1,1,1,1,2.0,2.0,2.0,1.0,0.0,0.0
8.87302,19,7,328,0,E1A1924B1931C1285X,TE1A1B1C3D000X,1,1,1,1,2.0,2.0,2.0,1.0,0.0,0.0
8.88507,19,7,328,0,E1A1924B1929C1282X,TE1A1B1C3D000X,1,1,1,1,2.0,2.0,2.0,1.0,0.0,0.0
8.89693,18,6,328,0,E1A1924B1927C1279X,TE1A1B1C3D000X,1,1,1,1,2.0,2.0,2.0,1.0,0.0,0.0
8.90895,18,6,329,0,E1A1924B1925C1276X,TE1A1B1C3D000X,1,1,1,1,2.0,2.0,2.0,1.0,0.0,0.0
8.92075,18,6,329,0,E1A1924B1924C1274X,TE1A1B1C3D000X,1,1,1,1,2.0,2.0,2.0,1.0,0.0,0.0
8.93213,17,5,329,0,E1A1924B1923C1269X,TE1A1B1C3D000X,1,1,1,1,2.0,2.0,2.0,1.0,0.0,0.0
8.94341,17,5,330,0,E1A1924B1923C1266X,TE1A1B1C3D000X,1,1,1,1,2.0,2.0,2.0,1.0,0.0,0.0
8.9547,17,5,330,0,E1A1924B1922C1261X,TE1A1B1C3D000X,1,1,1,1,2.0,2.0,2.0,1.0,0.0,0.0
8.96532,17,4,330,0,E1A1924B1922C1256X,TE1A1B1C3D000X,1,1,1,1,2.0,2.0,2.0,1.0,0.0,0.0
8.97694,16,4,330,0,E1A1924B1922C1250X,TE1A1B1C3D000X,1,1,1,1,2.0,2.0,2.0,1.0,0.0,0.0
8.98877,16,4,331,0,E1A1924B1922C1244X,TE1A1B1C4D000X,1,1,1,1,2.0,2.0,2.0,1.0,0.0,0.0
8.99952,16,3,330,0,E1A1924B1922C1237X,TE1A1B1C4D000X,1,1,1,1,2.0,2.0,2.0,1.0,0.0,0.0
9.01095,16,3,331,0,E1A1924B1922C1231X,TE1A1B1C4D000X,1,1,1,1,2.0,2.0,2.0,1.0,0.0,0.0
9.02204,16,2,331,0,E1A1924B1922C1223X,TE1A1B1C4D000X,1,1,1,1,2.0,2.0,2.0,1.0,0.0,0.0
9.03279,16,2,331,0,E1A1924B1923C1216X,TE1A1B1C4D000X,1,1,1,1,2.0,2.0,2.0,1.0,0.0,0.0
9.05297,15,1,331,0,E1A1924B1922C1208X,TE1A1B1C4D000X,1,1,1,1,2.0,2.0,2.0,1.0,0.0,0.0
9.07684,15,1,331,0,E1A1924B1922C1200X,TE1A1B1C4D000X,1,1,1,1,2.0,2.0,2.0,1.0,0.0,0.0
9.10111,15,0,331,0,E1A1924B1921C1191X,TE1A1B1C4D000X,1,1,1,1,2.0,2.0,2.0,1.0,0.0,0.0
9.11312,15,0,331,0,E1A1924B1920C1182X,TE1A1B1C4D000X,1,1,1,1,2.0,2.0,2.0,1.0,0.0,0.0
9.15711,14,0,332,0,E1A1924B1918C1173X,TE1A1B1C4D000X,1,1,1,1,2.0,2.0,2.0,1.0,0.0,0.0
9.16904,14,-1,332,0,E1A1924B1916C1164X,TE1A1B1C4D000X,1,1,1,1,2.0,2.0,2.0,1.0,0.0,0.0
9.18024,13,-1,332,0,E1A1924B1914C1157X,TE1A1B1C4D000X,1,1,1,1,2.0,2.0,2.0,1.0,0.0,0.0
9.19166,13,-2,332,0,E1A1924B1912C1148X,TE1A1B1C4D000X,1,1,1,1,2.0,2.0,2.0,1.0,0.0,0.0
9.20298,13,-3,332,0,E1A1924B1911C1140X,TE1A1B1C4D000X,1,1,1,1,2.0,2.0,2.0,1.0,0.0,0.0
9.21451,12,-3,332,0,E1A1924B1909C1133X,TE1A1B1C4D000X,1,1,1,1,2.0,2.0,2.0,1.0,0.0,0.0
9.22598,12,-4,332,0,E1A1924B1908C1126X,TE1A1B1C4D000X,1,1,1,1,2.0,2.0,2.0,1.0,0.0,0.0
9.23739,12,-4,333,0,E1A1924B1907C1121X,TE1A1B1C4D000X,1,1,1,1,2.0,2.0,2.0,1.0,0.0,0.0
9.24891,12,-4,333,0,E1A1924B1905C1115X,TE1A1B1C4D000X,1,1,1,1,2.0,2.0,2.0,1.0,0.0,0.0
9.26042,11,-5,333,0,E1A1924B1904C1109X,TE1A1B1C4D000X,1,1,1,1,2.0,2.0,2.0,1.0,0.0,0.0
9.2714,11,-5,333,0,E1A1924B1903C1104X,TE1A1B1C4D000X,1,1,1,1,2.0,2.0,2.0,1.0,0.0,0.0
9.28301,11,-5,333,0,E1A1924B1902C1100X,TE1A1B1C4D000X,1,1,1,1,2.0,2.0,2.0,1.0,0.0,0.0
9.2946,11,-6,333,0,E1A1924B1902C1097X,TE1A1B1C4D000X,1,1,1,1,2.0,2.0,2.0,1.0,0.0,0.0
9.30588,10,-6,333,0,E1A1924B1901C1093X,TE1A1B1C4D000X,1,1,1,1,2.0,2.0,2.0,1.0,0.0,0.0
9.31703,10,-6,332,0,E1A1924B1901C1090X,TE1A1B1C4D000X,1,1,1,1,2.0,2.0,2.0,1.0,0.0,0.0
9.32837,10,-6,332,0,E1A1924B1900C1088X,TE1A1B1C4D000X,1,1,1,1,2.0,2.0,2.0,1.0,0.0,0.0
9.34012,10,-6,332,0,E1A1924B1900C1086X,TE1A1B1C4D000X,1,1,1,1,2.0,2.0,2.0,1.0,0.0,0.0
9.35125,10,-6,332,0,E1A1924B1900C1085X,TE1A1B1C4D000X,1,1,1,1,2.0,2.0,2.0,1.0,0.0,0.0
9.36274,10,-6,332,0,E1A1924B1900C1085X,TE1A1B1C4D000X,1,1,1,1,2.0,2.0,2.0,1.0,0.0,0.0
9.37412,10,-6,332,0,E1A1924B1900C1085X,TE1A1B1C4D000X,1,1,1,1,2.0,2.0,2.0,1.0,0.0,0.0
9.38527,10,-6,332,0,E1A1924B1900C1086X,TE1A1B1C4D000X,1,1,1,1,2.0,2.0,2.0,1.0,0.0,0.0
9.39702,9,-6,332,0,E1A1924B1900C1088X,TE1A1B1C4D000X,1,1,1,1,2.0,2.0,2.0,1.0,0.0,0.0
9.41706,9,-6,332,0,E1A1924B1901C1092X,TE1A1B1C4D000X,1,1,1,1,2.0,2.0,2.0,1.0,0.0,0.0
9.429,9,-5,332,0,E1A1924B1902C1097X,TE1A1B1C4D000X,1,1,1,1,2.0,2.0,2.0,1.0,0.0,0.0
9.44908,9,-5,332,0,E1A1924B1902C1102X,TE1A1B1C4D000X,1,1,1,1,2.0,2.0,2.0,1.0,0.0,0.0
9.461,9,-4,332,0,E1A1924B1903C1106X,TE1A1B1C4D000X,1,1,1,1,2.0,2.0,2.0,1.0,0.0,0.0
9.48519,9,-4,331,0,E1A1924B1904C1111X,TE1A1B1C4D000X,1,1,1,1,2.0,2.0,2.0,1.0,0.0,0.0
9.49708,9,-4,330,0,E1A1924B1904C1114X,TE1A1B1C4D000X,1,1,1,1,2.0,2.0,2.0,1.0,0.0,0.0
9.50817,9,-3,330,0,E1A1924B1905C1120X,TE1A1B1C4D000X,1,1,1,1,2.0,2.0,2.0,1.0,0.0,0.0
9.52054,10,-3,330,0,E1A1924B1907C1125X,TE1A1B1C4D000X,1,1,1,1,2.0,2.0,2.0,1.0,0.0,0.0
9.53121,10,-2,330,0,E1A1924B1908C1129X,TE1A1B1C4D000X,1,1,1,1,2.0,2.0,2.0,1.0,0.0,0.0
9.54291,10,-2,331,0,E1A1924B1909C1133X,TE1A1B1C4D000X,1,1,1,1,2.0,2.0,2.0,1.0,0.0,0.0
9.55397,10,-2,330,0,E1A1924B1910C1136X,TE1A1B1C4D000X,1,1,1,1,2.0,2.0,2.0,1.0,0.0,0.0
9.56546,10,-2,330,0,E1A1924B1911C1140X,TE1A1B1C4D000X,1,1,1,1,2.0,2.0,2.0,1.0,0.0,0.0
9.57792,10,-1,329,0,E1A1924B1911C1142X,TE1A1B1C4D000X,1,1,1,1,2.0,2.0,2.0,1.0,0.0,0.0
9.60932,10,-1,329,0,E1A1924B1912C1147X,TE1A1B1C4D000X,1,1,1,1,2.0,2.0,2.0,1.0,0.0,0.0
9.62128,10,-1,329,0,E1A1924B1913C1150X,TE1A1B1C4D000X,1,1,1,1,2.0,2.0,2.0,1.0,0.0,0.0
9.64066,10,0,329,0,E1A1924B1914C1154X,TE1A1B1C4D000X,1,1,1,1,2.0,2.0,2.0,1.0,0.0,0.0
9.65333,10,0,329,0,E1A1924B1916C1159X,TE1A1B1C4D000X,1,1,1,1,2.0,2.0,2.0,1.0,0.0,0.0
9.66679,10,0,329,0,E1A1924B1917C1164X,TE1A1B1C4D000X,1,1,1,1,2.0,2.0,2.0,1.0,0.0,0.0
9.67967,10,0,330,0,E1A1924B1918C1168X,TE1A1B1C4D000X,1,1,1,1,2.0,2.0,2.0,1.0,0.0,0.0
9.69759,10,0,329,0,E1A1924B1919C1170X,TE1A1B1C4D000X,1,1,1,1,2.0,2.0,2.0,1.0,0.0,0.0
9.70932,10,0,329,0,E1A1924B1920C1173X,TE1A1B1C4D000X,1,1,1,1,2.0,2.0,2.0,1.0,0.0,0.0
9.73391,10,0,330,0,E1A1924B1920C1175X,TE1A1B1C4D000X,1,1,1,1,2.0,2.0,2.0,1.0,0.0,0.0
9.74571,10,0,330,0,E1A1924B1921C1176X,TE1A1B1C4D000X,1,1,1,1,2.0,2.0,2.0,1.0,0.0,0.0
9.75746,10,0,330,0,E1A1924B1922C1176X,TE1A1B1C4D000X,1,1,1,1,2.0,2.0,2.0,1.0,0.0,0.0
9.77001,10,0,330,0,E1A1924B1923C1176X,TE1A1B1C4D000X,1,1,1,1,2.0,2.0,2.0,1.0,0.0,0.0
9.78115,10,0,330,0,E1A1924B1924C1175X,TE1A1B1C4D000X,1,1,1,1,2.0,2.0,2.0,1.0,0.0,0.0
9.79268,10,0,331,0,E1A1924B1924C1173X,TE1A1B1C4D000X,1,1,1,1,2.0,2.0,2.0,1.0,0.0,0.0
9.80357,10,0,331,0,E1A1924B1924C1172X,TE1A1B1C4D000X,1,1,1,1,2.0,2.0,2.0,1.0,0.0,0.0
9.81539,10,0,331,0,E1A1924B1925C1170X,TE1A1B1C4D000X,1,1,1,1,2.0,2.0,2.0,1.0,0.0,0.0
9.82698,10,0,331,0,E1A1924B1925C1167X,TE1A1B1C4D000X,1,1,1,1,2.0,2.0,2.0,1.0,0.0,0.0
9.83898,9,0,331,0,E1A1924B1944C1297X,TE1A1B1C4D000X,1,1,1,1,2.0,2.0,2.0,1.0,0.0,0.0
9.85002,9,0,331,0,E1A1913B1944C1426X,TE1A1B0C3D000X,1,1,1,1,2.0,2.0,2.0,1.0,0.0,0.0
9.8617,9,0,331,0,E1A1901B1944C1531X,TE1A1B0C3D000X,1,1,1,1,2.0,2.0,2.0,1.0,0.0,0.0
9.87388,9,0,331,0,E1A1891B1944C1613X,TE1A1B0C3D000X,1,1,1,1,2.0,2.0,2.0,1.0,0.0,0.0
9.90101,9,0,331,0,E1A1885B1944C1676X,TE1A1B0C2D000X,1,1,1,1,2.0,2.0,2.0,1.0,0.0,0.0
9.9131,8,0,331,0,E1A1879B1944C1725X,TE1A1B0C2D000X,1,1,1,1,2.0,2.0,2.0,1.0,0.0,0.0
9.92495,8,-1,331,0,E1A1875B1944C1763X,TE1A1B0C2D000X,1,1,1,1,2.0,2.0,2.0,1.0,0.0,0.0
9.94543,8,-1,331,0,E1A1873B1944C1792X,TE1A1B0C1D000X,1,1,1,1,2.0,2.0,2.0,1.0,0.0,0.0
9.95721,7,0,331,0,E1A1870B1944C1814X,TE1A1B0C1D000X,1,1,1,1,2.0,2.0,2.0,1.0,0.0,0.0
9.96937,7,0,331,0,E1A1868B1944C1832X,TE1A1B0C1D000X,1,1,1,1,2.0,2.0,2.0,1.0,0.0,0.0
9.98124,7,0,331,0,E1A1867B1944C1847X,TE1A1B0C1D000X,1,1,1,1,2.0,2.0,2.0,1.0,0.0,0.0
9.99308,7,0,331,0,E1A1866B1944C1858X,TE1A1B0C1D000X,1,1,1,1,2.0,2.0,2.0,1.0,0.0,0.0
10.0372,6,0,331,0,E1A1863B1944C1868X,TE1A1B0C1D000X,1,1,1,1,2.0,2.0,2.0,1.0,0.0,0.0
10.0495,6,0,331,0,E1A1861B1944C1875X,TE1A1B0C1D000X,1,1,1,1,2.0,2.0,2.0,1.0,0.0,0.0
10.0612,6,0,330,0,E1A1859B1944C1881X,TE1A1B0C1D000X,1,1,1,1,2.0,2.0,2.0,1.0,0.0,0.0
10.0742,6,0,331,0,E1A1858B1944C1887X,TE1A1B0C1D000X,1,1,1,1,2.0,2.0,2.0,1.0,0.0,0.0
10.0856,6,0,331,0,E1A1856B1944C1892X,TE1A1B0C1D000X,1,1,1,1,2.0,2.0,2.0,1.0,0.0,0.0
10.097,5,0,330,0,E1A1855B1944C1896X,TE1A1B0C1D000X,1,1,1,1,2.0,2.0,2.0,1.0,0.0,0.0
10.1083,5,0,330,0,E1A1854B1944C1899X,TE1A1B0C1D000X,1,1,1,1,2.0,2.0,2.0,1.0,0.0,0.0
10.1196,5,0,330,0,E1A1854B1944C1902X,TE1A1B0C1D000X,1,1,1,1,2.0,2.0,2.0,1.0,0.0,0.0
10.1308,5,1,330,0,E1A1854B1944C1905X,TE1A1B0C1D000X,1,1,1,1,2.0,2.0,2.0,1.0,0.0,0.0
10.1424,5,1,329,0,E1A1854B1944C1908X,TE1A1B0C1D000X,1,1,1,1,2.0,2.0,2.0,1.0,0.0,0.0
10.1538,4,1,329,0,E1A1855B1944C1910X,TE1A1B0C1D000X,1,1,1,1,2.0,2.0,2.0,1.0,0.0,0.0
10.1668,4,1,329,0,E1A1856B1944C1912X,TE1A1B0C1D000X,1,1,1,1,2.0,2.0,2.0,1.0,0.0,0.0
10.1784,4,1,328,0,E1A1857B1944C1914X,TE1A1B0C1D000X,1,1,1,1,2.0,2.0,2.0,1.0,0.0,0.0
10.1901,4,1,328,0,E1A1858B1944C1915X,TE1A1B0C1D000X,1,1,1,1,2.0,2.0,2.0,1.0,0.0,0.0
10.2014,3,1,328,0,E1A1860B1944C1916X,TE1A1B0C1D000X,1,1,1,1,2.0,2.0,2.0,1.0,0.0,0.0
10.2171,3,1,328,0,E1A1862B1944C1917X,TE1A1B0C1D000X,1,1,1,1,2.0,2.0,2.0,1.0,0.0,0.0
10.2411,3,1,328,0,E1A1864B1944C1918X,TE1A1B0C1D000X,1,1,1,1,2.0,2.0,2.0,1.0,0.0,0.0
10.2612,3,1,327,0,E1A1867B1944C1919X,TE1A1B0C1D000X,1,1,1,1,2.0,2.0,2.0,1.0,0.0,0.0
10.2731,3,1,327,0,E1A1869B1944C1920X,TE1A1B0C1D000X,1,1,1,1,2.0,2.0,2.0,1.0,0.0,0.0
10.2852,3,1,326,0,E1A1871B1944C1920X,TE1A1B0C1D000X,1,1,1,1,2.0,2.0,2.0,1.0,0.0,0.0
10.2973,2,1,326,0,E1A1873B1944C1920X,TE1A1B0C1D000X,1,1,1,1,2.0,2.0,2.0,1.0,0.0,0.0
10.3092,2,1,326,0,E1A1875B1944C1921X,TE1A1B0C1D000X,1,1,1,1,2.0,2.0,2.0,1.0,0.0,0.0
10.3211,2,1,325,0,E1A1876B1944C1921X,TE1A1B0C1D000X,1,1,1,1,2.0,2.0,2.0,1.0,0.0,0.0
10.3321,2,1,324,0,E1A1877B1944C1921X,TE1A1B0C1D000X,1,1,1,1,2.0,2.0,2.0,1.0,0.0,0.0
10.3437,2,1,325,0,E1A1878B1944C1921X,TE1A1B0C1D000X,1,1,1,1,2.0,2.0,2.0,1.0,0.0,0.0
10.3553,2,1,325,0,E1A1879B1944C1921X,TE1A1B0C1D000X,1,1,1,1,2.0,2.0,2.0,1.0,0.0,0.0
10.3666,2,1,325,0,E1A1880B1944C1920X,TE1A1B0C1D000X,1,1,1,1,2.0,2.0,2.0,1.0,0.0,0.0
10.3782,2,1,325,0,E1A1881B1944C1920X,TE1A1B0C1D000X,1,1,1,1,2.0,2.0,2.0,1.0,0.0,0.0
10.3899,2,1,325,0,E1A1881B1944C1920X,TE1A1B0C1D000X,1,1,1,1,2.0,2.0,2.0,1.0,0.0,0.0
10.4011,2,0,325,0,E1A1881B1944C1920X,TE1A1B0C1D000X,1,1,1,1,2.0,2.0,2.0,1.0,0.0,0.0
10.4128,2,0,325,0,E1A1880B1944C1920X,TE1A1B0C1D000X,1,1,1,1,2.0,2.0,2.0,1.0,0.0,0.0
10.4335,2,0,326,0,E1A1880B1944C1919X,TE1A1B0C1D000X,1,1,1,1,2.0,2.0,2.0,1.0,0.0,0.0
10.4455,2,0,326,0,E1A1880B1944C1919X,TE1A1B0C1D000X,1,1,1,1,2.0,2.0,2.0,1.0,0.0,0.0
10.4571,2,0,327,0,E1A1879B1944C1918X,TE1A1B0C1D000X,1,1,1,1,2.0,2.0,2.0,1.0,0.0,0.0
10.4684,2,0,327,0,E1A1879B1944C1917X,TE1A1B0C1D000X,1,1,1,1,2.0,2.0,2.0,1.0,0.0,0.0
10.4801,3,0,328,0,E1A1878B1944C1916X,TE1A1B0C1D000X,1,1,1,1,2.0,2.0,2.0,1.0,0.0,0.0
10.4918,3,0,328,0,E1A1878B1944C1915X,TE1A1B0C1D000X,1,1,1,1,2.0,2.0,2.0,1.0,0.0,0.0
10.5035,3,0,328,0,E1A1878B1944C1914X,TE1A1B0C1D000X,1,1,1,1,2.0,2.0,2.0,1.0,0.0,0.0
10.5146,3,0,328,0,E1A1878B1944C1914X,TE1A1B0C1D000X,1,1,1,1,2.0,2.0,2.0,1.0,0.0,0.0
10.5263,3,0,329,0,E1A1877B1944C1913X,TE1A1B0C1D000X,1,1,1,1,2.0,2.0,2.0,1.0,0.0,0.0
10.5375,3,0,329,0,E1A1877B1944C1912X,TE1A1B0C1D000X,1,1,1,1,2.0,2.0,2.0,1.0,0.0,0.0
10.5492,3,0,330,0,E1A1877B1944C1911X,TE1A1B0C1D000X,1,1,1,1,2.0,2.0,2.0,1.0,0.0,0.0
10.5607,3,0,330,0,E1A1877B1944C1910X,TE1A1B0C1D000X,1,1,1,1,2.0,2.0,2.0,1.0,0.0,0.0
10.5723,3,0,330,0,E1A1877B1944C1910X,TE1A1B0C1D000X,1,1,1,1,2.0,2.0,2.0,1.0,0.0,0.0
10.6131,3,0,330,0,E1A1876B1944C1909X,TE1A1B0C1D000X,1,1,1,1,2.0,2.0,2.0,1.0,0.0,0.0
10.6254,3,0,330,0,E1A1874B1944C1908X,TE1A1B0C1D000X,1,1,1,1,2.0,2.0,2.0,1.0,0.0,0.0
10.6375,3,0,330,0,E1A1873B1944C1908X,TE1A1B0C1D000X,1,1,1,1,2.0,2.0,2.0,1.0,0.0,0.0
10.6693,4,0,330,0,E1A1872B1944C1907X,TE1A1B0C1D000X,1,1,1,1,2.0,2.0,2.0,1.0,0.0,0.0
10.6815,4,0,330,0,E1A1871B1944C1907X,TE1A1B0C1D000X,1,1,1,1,2.0,2.0,2.0,1.0,0.0,0.0
10.6935,4,0,331,0,E1A1870B1944C1906X,TE1A1B0C1D000X,1,1,1,1,2.0,2.0,2.0,1.0,0.0,0.0
10.7054,4,0,331,1,E1A1869B1944C1906X,TE1A1B0C1D000X,1,1,1,1,2.0,2.0,2.0,1.0,0.0,0.0
