timestamp,errXmm,errYmm,errZmm,TouchDetected,OutgoingPacket,IncomingPacket,Serial0Enabled,Serial0Open,Serial1Enabled,Serial1Open,kpx,kpy,kix,kiy,kdx,kdy
0.00101734,25,-7,392,0,E1A1763B1896C1608X,TE1A3B1C4D000X,1,1,1,1,1.4,1.4,1.4,1.8,0.0,0.0
0.0127647,25,-7,392,0,E1A1763B1896C1608X,TE1A3B1C4D000X,1,1,1,1,1.4,1.4,1.4,1.8,0.0,0.0
0.025561,25,-7,392,0,E1A1763B1896C1608X,TE1A1B1C2D000X,1,1,1,1,1.4,1.4,1.4,1.8,0.0,0.0
0.0374859,25,-7,392,0,E1A1763B1896C1608X,TE1A1B1C2D000X,1,1,1,1,1.4,1.4,1.4,1.8,0.0,0.0
0.0493461,23,-7,370,0,E1A1769B1896C1606X,TE1A1B1C2D000X,1,1,1,1,1.4,1.4,1.4,1.8,0.0,0.0
0.0615312,23,-7,370,0,E1A1769B1896C1606X,TE1A1B1C2D000X,1,1,1,1,1.4,1.4,1.4,1.8,0.0,0.0
0.0730256,23,-7,370,0,E1A1769B1896C1606X,TE1A1B1C2D000X,1,1,1,1,1.4,1.4,1.4,1.8,0.0,0.0
0.085362,22,-7,357,0,E1A1773B1896C1605X,TE1A1B1C2D000X,1,1,1,1,1.4,1.4,1.4,1.8,0.0,0.0
0.0975957,-184,74,364,0,E1A1773B0197C1521X,TE1A1B1C2D000X,1,1,1,1,1.4,1.4,1.4,1.8,0.0,0.0
0.109087,-187,75,369,0,E1A1773B0191C1521X,TE1A1B1C2D000X,1,1,1,1,1.4,1.4,1.4,1.8,0.0,0.0
0.121683,-187,75,369,0,E1A1773B0177C1520X,TE1A1B8C2D000X,1,1,1,1,1.4,1.4,1.4,1.8,0.0,0.0
0.13479,-187,75,369,0,E1A1773B0163C1520X,TE1A1B8C2D000X,1,1,1,1,1.4,1.4,1.4,1.8,0.0,0.0
0.145313,-187,75,369,0,E1A1773B0163C1520X,TE1A1B8C2D000X,1,1,1,1,1.4,1.4,1.4,1.8,0.0,0.0
0.157791,-192,77,361,0,E1A1773B0085C1512X,TE1A1B8C2D000X,1,1,1,1,1.4,1.4,1.4,1.8,0.0,0.0
0.169394,-198,76,357,0,E1A1773B0082C1497X,TE1A1B9C2D000X,1,1,1,1,1.4,1.4,1.4,1.8,0.0,0.0
0.180821,-206,74,356,0,E1A1773B0102C1477X,TE1A1B9C2D000X,1,1,1,1,1.4,1.4,1.4,1.8,0.0,0.0
0.19285,-211,72,356,0,E1A1773B0116C1463X,TE1A1B9C2D000X,1,1,1,1,1.4,1.4,1.4,1.8,0.0,0.0
0.204959,-214,70,356,0,E1A1773B0126C1453X,TE1A1B8C3D000X,1,1,1,1,1.4,1.4,1.4,1.8,0.0,0.0
0.216438,-216,69,356,0,E1A1773B0133C1447X,TE1A1B8C3D000X,1,1,1,1,1.4,1.4,1.4,1.8,0.0,0.0
0.235658,-218,68,355,0,E1A1773B0139C1441X,TE1A1B8C3D000X,1,1,1,1,1.4,1.4,1.4,1.8,0.0,0.0
0.247109,-220,67,355,0,E1A1773B0144C1436X,TE1A1B8C3D000X,1,1,1,1,1.4,1.4,1.4,1.8,0.0,0.0
0.260602,-221,66,355,0,E1A1773B0147C1432X,TE1A1B8C3D000X,1,1,1,1,1.4,1.4,1.4,1.8,0.0,0.0
0.272632,-222,65,355,0,E1A1773B0150C1429X,TE1A1B8C3D000X,1,1,1,1,1.4,1.4,1.4,1.8,0.0,0.0
0.285079,-222,65,354,0,E1A1773B0151C1428X,TE1A1B8C3D000X,1,1,1,1,1.4,1.4,1.4,1.8,0.0,0.0
0.29881,-222,64,354,0,E1A1773B0153C1426X,TE1A1B8C3D000X,1,1,1,1,1.4,1.4,1.4,1.8,0.0,0.0
0.310612,-223,64,355,0,E1A1773B0154C1425X,TE1A1B8C3D000X,1,1,1,1,1.4,1.4,1.4,1.8,0.0,0.0
0.322362,-223,63,355,0,E1A1773B0155C1424X,TE1A1B8C3D000X,1,1,1,1,1.4,1.4,1.4,1.8,0.0,0.0
0.334762,-224,63,356,0,E1A1773B0156C1423X,TE1A1B8C3D000X,1,1,1,1,1.4,1.4,1.4,1.8,0.0,0.0
0.346737,-223,63,356,0,E1A1773B0157C1422X,TE1A1B8C3D000X,1,1,1,1,1.4,1.4,1.4,1.8,0.0,0.0
0.360656,-223,62,356,0,E1A1773B0158C1421X,TE1A1B8C3D000X,1,1,1,1,1.4,1.4,1.4,1.8,0.0,0.0
0.372349,-223,62,356,0,E1A1773B0159C1420X,TE1A1B8C3D000X,1,1,1,1,1.4,1.4,1.4,1.8,0.0,0.0
0.384458,-222,61,356,0,E1A1773B0159C1420X,TE1A1B8C3D000X,1,1,1,1,1.4,1.4,1.4,1.8,0.0,0.0
0.39812,-221,61,355,0,E1A1773B0159C1420X,TE1A1B8C3D000X,1,1,1,1,1.4,1.4,1.4,1.8,0.0,0.0
0.410151,-221,60,355,0,E1A1773B0159C1420X,TE1A1B8C3D000X,1,1,1,1,1.4,1.4,1.4,1.8,0.0,0.0
0.429018,-220,60,356,0,E1A1773B0159C1420X,TE1A1B8C3D000X,1,1,1,1,1.4,1.4,1.4,1.8,0.0,0.0
0.442225,-219,60,356,0,E1A1773B0159C1420X,TE1A1B8C3D000X,1,1,1,1,1.4,1.4,1.4,1.8,0.0,0.0
0.453712,-217,59,357,0,E1A1773B0159C1420X,TE1A1B8C3D000X,1,1,1,1,1.4,1.4,1.4,1.8,0.0,0.0
0.46711,-216,59,358,0,E1A1773B0158C1421X,TE1A1B8C3D000X,1,1,1,1,1.4,1.4,1.4,1.8,0.0,0.0
0.480532,-215,59,359,0,E1A1773B0158C1421X,TE1A1B8C3D000X,1,1,1,1,1.4,1.4,1.4,1.8,0.0,0.0
0.494334,-214,58,360,0,E1A1773B0159C1420X,TE1A1B8C3D000X,1,1,1,1,1.4,1.4,1.4,1.8,0.0,0.0
0.506113,-213,57,361,0,E1A1773B0159C1420X,TE1A1B8C3D000X,1,1,1,1,1.4,1.4,1.4,1.8,0.0,0.0
0.518792,-211,57,362,0,E1A1773B0159C1420X,TE1A1B8C3D000X,1,1,1,1,1.4,1.4,1.4,1.8,0.0,0.0
0.531582,-210,56,363,0,E1A1773B0160C1419X,TE1A1B8C3D000X,1,1,1,1,1.4,1.4,1.4,1.8,0.0,0.0
0.543675,-209,55,365,0,E1A1773B0161C1418X,TE1A1B8C3D000X,1,1,1,1,1.4,1.4,1.4,1.8,0.0,0.0
0.555579,-207,54,366,0,E1A1773B0162C1417X,TE1A1B8C3D000X,1,1,1,1,1.4,1.4,1.4,1.8,0.0,0.0
0.567489,-205,53,368,0,E1A1773B0163C1416X,TE1A1B8C3D000X,1,1,1,1,1.4,1.4,1.4,1.8,0.0,0.0
0.580867,-204,53,370,0,E1A1773B0164C1415X,TE1A1B8C3D000X,1,1,1,1,1.4,1.4,1.4,1.8,0.0,0.0
0.594018,-202,51,372,0,E1A1773B0166C1413X,TE1A1B8C3D000X,1,1,1,1,1.4,1.4,1.4,1.8,0.0,0.0
0.605073,-201,50,373,0,E1A1773B0168C1412X,TE1A1B8C3D000X,1,1,1,1,1.4,1.4,1.4,1.8,0.0,0.0
0.618714,-198,49,374,0,E1A1773B0170C1409X,TE1A1B8C3D000X,1,1,1,1,1.4,1.4,1.4,1.8,0.0,0.0
0.63075,-196,47,378,0,E1A1773B0173C1406X,TE1A1B8C3D000X,1,1,1,1,1.4,1.4,1.4,1.8,0.0,0.0
0.642148,-193,45,379,0,E1A1773B0176C1403X,TE1A1B8C3D000X,1,1,1,1,1.4,1.4,1.4,1.8,0.0,0.0
0.653595,-190,44,381,0,E1A1773B0179C1400X,TE1A1B8C3D000X,1,1,1,1,1.4,1.4,1.4,1.8,0.0,0.0
0.66533,-188,42,384,0,E1A1773B0182C1398X,TE1A1B8C3D000X,1,1,1,1,1.4,1.4,1.4,1.8,0.0,0.0
0.677468,-185,40,385,0,E1A1773B0185C1394X,TE1A1B8C3D000X,1,1,1,1,1.4,1.4,1.4,1.8,0.0,0.0
0.698576,-183,38,388,0,E1A1773B0188C1391X,TE1A1B8C3D000X,1,1,1,1,1.4,1.4,1.4,1.8,0.0,0.0
0.710187,-180,37,391,0,E1A1773B0192C1387X,TE1A1B8C3D000X,1,1,1,1,1.4,1.4,1.4,1.8,0.0,0.0
0.730833,-177,34,393,0,E1A1773B0196C1383X,TE1A1B8C3D000X,1,1,1,1,1.4,1.4,1.4,1.8,0.0,0.0
0.742922,-174,32,397,0,E1A1773B0200C1379X,TE1A1B8C3D000X,1,1,1,1,1.4,1.4,1.4,1.8,0.0,0.0
0.754973,-171,30,399,0,E1A1773B0203C1376X,TE1A1B8C3D000X,1,1,1,1,1.4,1.4,1.4,1.8,0.0,0.0
0.766898,-168,28,402,0,E1A1773B0206C1373X,TE1A1B8C3D000X,1,1,1,1,1.4,1.4,1.4,1.8,0.0,0.0
0.788473,-165,26,406,0,E1A1773B0210C1369X,TE1A1B8C3D000X,1,1,1,1,1.4,1.4,1.4,1.8,0.0,0.0
0.802494,-161,24,408,0,E1A1773B0213C1366X,TE1A1B8C3D000X,1,1,1,1,1.4,1.4,1.4,1.8,0.0,0.0
0.81402,-158,22,410,0,E1A1773B0217C1362X,TE1A1B8C3D000X,1,1,1,1,1.4,1.4,1.4,1.8,0.0,0.0
0.825944,-155,20,412,0,E1A1773B0221C1358X,TE1A1B8C3D000X,1,1,1,1,1.4,1.4,1.4,1.8,0.0,0.0
0.837644,-151,18,415,0,E1A1773B0225C1355X,TE1A1B8C3D000X,1,1,1,1,1.4,1.4,1.4,1.8,0.0,0.0
0.849281,-148,16,416,0,E1A1773B0228C1351X,TE1A1B8C3D000X,1,1,1,1,1.4,1.4,1.4,1.8,0.0,0.0
0.860699,-145,14,417,0,E1A1773B0232C1347X,TE1A1B8C3D000X,1,1,1,1,1.4,1.4,1.4,1.8,0.0,0.0
0.87178,-141,12,417,0,E1A1773B0253C1347X,TE1A1B8C3D000X,1,1,1,1,1.4,1.4,1.4,1.8,0.0,0.0
0.890503,-137,10,417,0,E1A1773B0278C1347X,TE1A1B8C3D000X,1,1,1,1,1.4,1.4,1.4,1.8,0.0,0.0
0.902112,-133,7,416,0,E1A1773B0301C1347X,TE1A1B8C3D000X,1,1,1,1,1.4,1.4,1.4,1.8,0.0,0.0
0.913241,-129,5,416,0,E1A1773B0325C1347X,TE1A1B8C3D000X,1,1,1,1,1.4,1.4,1.4,1.8,0.0,0.0
0.924615,-125,3,416,0,E1A1773B0350C1347X,TE1A1B8C3D000X,1,1,1,1,1.4,1.4,1.4,1.8,0.0,0.0
0.935881,-122,1,418,0,E1A1773B0377C1347X,TE1A1B7C3D000X,1,1,1,1,1.4,1.4,1.4,1.8,0.0,0.0
0.947287,-119,0,418,0,E1A1773B0402C1347X,TE1A1B7C3D000X,1,1,1,1,1.4,1.4,1.4,1.8,0.0,0.0
0.967237,-115,-2,419,0,E1A1773B0431C1347X,TE1A1B7C3D000X,1,1,1,1,1.4,1.4,1.4,1.8,0.0,0.0
0.978775,-111,-4,420,0,E1A1773B0459C1348X,TE1A1B7C3D000X,1,1,1,1,1.4,1.4,1.4,1.8,0.0,0.0
0.990548,-108,-6,420,0,E1A1773B0485C1348X,TE1A1B7C3D000X,1,1,1,1,1.4,1.4,1.4,1.8,0.0,0.0
1.00289,-104,-7,420,0,E1A1773B0509C1348X,TE1A1B7C3D000X,1,1,1,1,1.4,1.4,1.4,1.8,0.0,0.0
1.01472,-100,-9,420,0,E1A1773B0535C1349X,TE1A1B7C3D000X,1,1,1,1,1.4,1.4,1.4,1.8,0.0,0.0
1.02639,-97,-11,421,0,E1A1773B0560C1350X,TE1A1B7C3D000X,1,1,1,1,1.4,1.4,1.4,1.8,0.0,0.0
1.03779,-94,-12,421,0,E1A1773B0585C1351X,TE1A1B7C3D000X,1,1,1,1,1.4,1.4,1.4,1.8,0.0,0.0
1.04968,-90,-13,421,0,E1A1773B0607C1352X,TE1A1B6C3D000X,1,1,1,1,1.4,1.4,1.4,1.8,0.0,0.0
1.07083,-87,-15,423,0,E1A1773B0634C1354X,TE1A1B6C3D000X,1,1,1,1,1.4,1.4,1.4,1.8,0.0,0.0
1.08274,-83,-16,423,0,E1A1773B0659C1355X,TE1A1B6C3D000X,1,1,1,1,1.4,1.4,1.4,1.8,0.0,0.0
1.09449,-80,-17,423,0,E1A1773B0683C1357X,TE1A1B6C3D000X,1,1,1,1,1.4,1.4,1.4,1.8,0.0,0.0
1.1057,-77,-18,424,0,E1A1773B0706C1359X,TE1A1B6C3D000X,1,1,1,1,1.4,1.4,1.4,1.8,0.0,0.0
1.11803,-74,-19,424,0,E1A1773B0728C1360X,TE1A1B6C3D000X,1,1,1,1,1.4,1.4,1.4,1.8,0.0,0.0
1.12968,-71,-21,424,0,E1A1773B0750C1361X,TE1A1B6C3D000X,1,1,1,1,1.4,1.4,1.4,1.8,0.0,0.0
1.14087,-68,-22,424,0,E1A1773B0770C1361X,TE1A1B6C3D000X,1,1,1,1,1.4,1.4,1.4,1.8,0.0,0.0
1.15864,-65,-23,425,0,E1A1773B0794C1362X,TE1A1B6C3D000X,1,1,1,1,1.4,1.4,1.4,1.8,0.0,0.0
1.17059,-63,-24,425,0,E1A1773B0816C1363X,TE1A1B6C3D000X,1,1,1,1,1.4,1.4,1.4,1.8,0.0,0.0
1.18288,-60,-25,425,0,E1A1773B0837C1363X,TE1A1B5C3D000X,1,1,1,1,1.4,1.4,1.4,1.8,0.0,0.0
1.19436,-57,-26,426,0,E1A1773B0858C1364X,TE1A1B5C3D000X,1,1,1,1,1.4,1.4,1.4,1.8,0.0,0.0
1.21449,-55,-27,426,0,E1A1773B0878C1364X,TE1A1B5C3D000X,1,1,1,1,1.4,1.4,1.4,1.8,0.0,0.0
1.22653,-52,-28,427,0,E1A1773B0900C1364X,TE1A1B5C3D000X,1,1,1,1,1.4,1.4,1.4,1.8,0.0,0.0
1.23861,-50,-29,428,0,E1A1773B0920C1364X,TE1A1B5C3D000X,1,1,1,1,1.4,1.4,1.4,1.8,0.0,0.0
1.25113,-48,-30,428,0,E1A1773B0938C1363X,TE1A1B5C3D000X,1,1,1,1,1.4,1.4,1.4,1.8,0.0,0.0
1.26332,-46,-31,429,0,E1A1773B0957C1363X,TE1A1B5C3D000X,1,1,1,1,1.4,1.4,1.4,1.8,0.0,0.0
1.27499,-44,-32,430,0,E1A1773B0975C1362X,TE1A1B5C3D000X,1,1,1,1,1.4,1.4,1.4,1.8,0.0,0.0
1.28772,-43,-33,432,0,E1A1773B0991C1362X,TE1A1B5C3D000X,1,1,1,1,1.4,1.4,1.4,1.8,0.0,0.0
1.30035,-41,-34,433,0,E1A1773B1007C1361X,TE1A1B5C3D000X,1,1,1,1,1.4,1.4,1.4,1.8,0.0,0.0
1.31195,-39,-35,433,0,E1A1773B1021C1360X,TE1A1B5C3D000X,1,1,1,1,1.4,1.4,1.4,1.8,0.0,0.0
1.32464,-38,-35,433,0,E1A1773B1035C1358X,TE1A1B5C3D000X,1,1,1,1,1.4,1.4,1.4,1.8,0.0,0.0
1.336,-37,-36,432,0,E1A1773B1045C1357X,TE1A1B4C3D000X,1,1,1,1,1.4,1.4,1.4,1.8,0.0,0.0
1.34711,-35,-36,432,0,E1A1773B1057C1355X,TE1A1B4C3D000X,1,1,1,1,1.4,1.4,1.4,1.8,0.0,0.0
1.35857,-34,-37,433,0,E1A1773B1069C1354X,TE1A1B4C3D000X,1,1,1,1,1.4,1.4,1.4,1.8,0.0,0.0
1.37007,-33,-38,434,0,E1A1773B1080C1352X,TE1A1B4C3D000X,1,1,1,1,1.4,1.4,1.4,1.8,0.0,0.0
1.38192,-32,-38,432,0,E1A1773B1088C1350X,TE1A1B4C3D000X,1,1,1,1,1.4,1.4,1.4,1.8,0.0,0.0
1.39345,-31,-38,433,0,E1A1773B1099C1348X,TE1A1B4C3D000X,1,1,1,1,1.4,1.4,1.4,1.8,0.0,0.0
1.40495,-30,-39,434,0,E1A1773B1109C1347X,TE1A1B4C3D000X,1,1,1,1,1.4,1.4,1.4,1.8,0.0,0.0
1.41672,-29,-39,433,0,E1A1773B1118C1345X,TE1A1B4C3D000X,1,1,1,1,1.4,1.4,1.4,1.8,0.0,0.0
1.42836,-28,-40,433,0,E1A1773B1126C1342X,TE1A1B4C3D000X,1,1,1,1,1.4,1.4,1.4,1.8,0.0,0.0
1.43973,-27,-40,434,0,E1A1773B1136C1340X,TE1A1B4C3D000X,1,1,1,1,1.4,1.4,1.4,1.8,0.0,0.0
1.45146,-26,-41,434,0,E1A1773B1145C1338X,TE1A1B4C3D000X,1,1,1,1,1.4,1.4,1.4,1.8,0.0,0.0
1.46332,-25,-41,434,0,E1A1773B1153C1336X,TE1A1B4C3D000X,1,1,1,1,1.4,1.4,1.4,1.8,0.0,0.0
1.47479,-24,-41,434,0,E1A1773B1161C1334X,TE1A1B4C3D000X,1,1,1,1,1.4,1.4,1.4,1.8,0.0,0.0
1.48646,-23,-42,434,0,E1A1773B1170C1331X,TE1A1B4C3D000X,1,1,1,1,1.4,1.4,1.4,1.8,0.0,0.0
1.49914,-22,-42,433,0,E1A1773B1180C1329X,TE1A1B4C3D000X,1,1,1,1,1.4,1.4,1.4,1.8,0.0,0.0
1.52264,-21,-43,433,0,E1A1773B1192C1326X,TE1A1B4C3D000X,1,1,1,1,1.4,1.4,1.4,1.8,0.0,0.0
1.54335,-19,-44,434,0,E1A1773B1207C1324X,TE1A1B4C3D000X,1,1,1,1,1.4,1.4,1.4,1.8,0.0,0.0
1.55502,-17,-45,433,0,E1A1773B1221C1322X,TE1A1B4C3D000X,1,1,1,1,1.4,1.4,1.4,1.8,0.0,0.0
1.56694,-16,-45,433,0,E1A1773B1234C1320X,TE1A1B4C3D000X,1,1,1,1,1.4,1.4,1.4,1.8,0.0,0.0
1.57819,-14,-46,435,0,E1A1773B1251C1318X,TE1A1B4C3D000X,1,1,1,1,1.4,1.4,1.4,1.8,0.0,0.0
1.5907,-12,-47,435,0,E1A1773B1265C1316X,TE1A1B4C3D000X,1,1,1,1,1.4,1.4,1.4,1.8,0.0,0.0
1.6016,-10,-47,434,0,E1A1773B1277C1313X,TE1A1B3C3D000X,1,1,1,1,1.4,1.4,1.4,1.8,0.0,0.0
1.61327,-9,-48,432,0,E1A1773B1288C1310X,TE1A1B3C3D000X,1,1,1,1,1.4,1.4,1.4,1.8,0.0,0.0
1.62498,-7,-48,433,0,E1A1773B1302C1307X,TE1A1B3C3D000X,1,1,1,1,1.4,1.4,1.4,1.8,0.0,0.0
1.6367,-5,-49,433,0,E1A1773B1317C1305X,TE1A1B3C3D000X,1,1,1,1,1.4,1.4,1.4,1.8,0.0,0.0
1.65626,-3,-50,433,0,E1A1773B1331C1302X,TE1A1B3C3D000X,1,1,1,1,1.4,1.4,1.4,1.8,0.0,0.0
1.66756,-1,-51,434,0,E1A1773B1347C1299X,TE1A1B3C3D000X,1,1,1,1,1.4,1.4,1.4,1.8,0.0,0.0
1.67986,0,-51,433,0,E1A1773B1361C1295X,TE1A1B3C3D000X,1,1,1,1,1.4,1.4,1.4,1.8,0.0,0.0
1.69163,1,-52,432,0,E1A1773B1373C1291X,TE1A1B3C3D000X,1,1,1,1,1.4,1.4,1.4,1.8,0.0,0.0
1.71486,3,-53,433,0,E1A1773B1390C1287X,TE1A1B3C3D000X,1,1,1,1,1.4,1.4,1.4,1.8,0.0,0.0
1.72662,5,-54,433,0,E1A1773B1406C1283X,TE1A1B3C3D000X,1,1,1,1,1.4,1.4,1.4,1.8,0.0,0.0
1.73836,7,-55,434,0,E1A1773B1421C1278X,TE1A1B3C3D000X,1,1,1,1,1.4,1.4,1.4,1.8,0.0,0.0
1.75017,9,-56,435,0,E1A1773B1436C1273X,TE1A1B3C3D000X,1,1,1,1,1.4,1.4,1.4,1.8,0.0,0.0
1.76209,11,-57,435,0,E1A1773B1450C1268X,TE1A1B3C3D000X,1,1,1,1,1.4,1.4,1.4,1.8,0.0,0.0
1.77368,13,-58,435,0,E1A1773B1464C1262X,TE1A1B3C3D000X,1,1,1,1,1.4,1.4,1.4,1.8,0.0,0.0
1.79054,14,-59,436,0,E1A1773B1479C1256X,TE1A1B3C3D000X,1,1,1,1,1.4,1.4,1.4,1.8,0.0,0.0
1.80274,16,-59,434,0,E1A1773B1490C1249X,TE1A1B3C3D000X,1,1,1,1,1.4,1.4,1.4,1.8,0.0,0.0
1.81482,18,-60,436,0,E1A1773B1505C1242X,TE1A1B2C4D000X,1,1,1,1,1.4,1.4,1.4,1.8,0.0,0.0
1.82683,19,-61,434,0,E1A1773B1515C1234X,TE1A1B2C4D000X,1,1,1,1,1.4,1.4,1.4,1.8,0.0,0.0
1.84699,21,-62,435,0,E1A1773B1528C1227X,TE1A1B2C4D000X,1,1,1,1,1.4,1.4,1.4,1.8,0.0,0.0
1.87271,23,-63,435,0,E1A1773B1541C1218X,TE1A1B2C4D000X,1,1,1,1,1.4,1.4,1.4,1.8,0.0,0.0
1.89972,24,-64,434,0,E1A1773B1552C1209X,TE1A1B2C4D000X,1,1,1,1,1.4,1.4,1.4,1.8,0.0,0.0
1.91167,26,-65,435,0,E1A1773B1565C1200X,TE1A1B2C4D000X,1,1,1,1,1.4,1.4,1.4,1.8,0.0,0.0
1.92342,27,-66,434,0,E1A1773B1575C1191X,TE1A1B2C4D000X,1,1,1,1,1.4,1.4,1.4,1.8,0.0,0.0
1.93878,29,-67,434,0,E1A1773B1586C1182X,TE1A1B2C4D000X,1,1,1,1,1.4,1.4,1.4,1.8,0.0,0.0
1.95052,31,-67,435,0,E1A1773B1598C1173X,TE1A1B2C4D000X,1,1,1,1,1.4,1.4,1.4,1.8,0.0,0.0
1.96277,32,-68,435,0,E1A1773B1609C1163X,TE1A1B2C4D000X,1,1,1,1,1.4,1.4,1.4,1.8,0.0,0.0
1.97459,34,-69,435,0,E1A1773B1619C1153X,TE1A1B2C4D000X,1,1,1,1,1.4,1.4,1.4,1.8,0.0,0.0
1.98587,35,-69,435,0,E1A1773B1628C1144X,TE1A1B2C4D000X,1,1,1,1,1.4,1.4,1.4,1.8,0.0,0.0
2.00669,36,-70,434,0,E1A1773B1638C1134X,TE1A1B2C4D000X,1,1,1,1,1.4,1.4,1.4,1.8,0.0,0.0
2.01888,38,-71,434,0,E1A1773B1648C1123X,TE1A1B2C4D000X,1,1,1,1,1.4,1.4,1.4,1.8,0.0,0.0
2.03079,39,-71,435,0,E1A1773B1659C1113X,TE1A1B2C4D000X,1,1,1,1,1.4,1.4,1.4,1.8,0.0,0.0
2.0424,41,-72,436,0,E1A1773B1670C1102X,TE1A1B2C4D000X,1,1,1,1,1.4,1.4,1.4,1.8,0.0,0.0
2.05377,42,-73,437,0,E1A1773B1680C1090X,TE1A1B2C4D000X,1,1,1,1,1.4,1.4,1.4,1.8,0.0,0.0
2.06534,44,-73,438,0,E1A1773B1689C1079X,TE1A1B2C4D000X,1,1,1,1,1.4,1.4,1.4,1.8,0.0,0.0
2.09855,45,-74,436,0,E1A1773B1697C1066X,TE1A1B2C4D000X,1,1,1,1,1.4,1.4,1.4,1.8,0.0,0.0
2.11016,47,-75,437,0,E1A1773B1707C1052X,TE1A1B2C4D000X,1,1,1,1,1.4,1.4,1.4,1.8,0.0,0.0
2.12175,48,-75,437,0,E1A1773B1716C1038X,TE1A1B1C4D000X,1,1,1,1,1.4,1.4,1.4,1.8,0.0,0.0
2.14271,49,-76,436,0,E1A1773B1725C1023X,TE1A1B1C4D000X,1,1,1,1,1.4,1.4,1.4,1.8,0.0,0.0
2.15482,51,-77,436,0,E1A1773B1733C1008X,TE1A1B1C5D000X,1,1,1,1,1.4,1.4,1.4,1.8,0.0,0.0
2.16637,52,-77,436,0,E1A1773B1741C0993X,TE1A1B1C5D000X,1,1,1,1,1.4,1.4,1.4,1.8,0.0,0.0
2.1865,53,-78,436,0,E1A1773B1749C0978X,TE1A1B1C5D000X,1,1,1,1,1.4,1.4,1.4,1.8,0.0,0.0
2.19855,54,-78,436,0,E1A1773B1757C0962X,TE1A1B1C5D000X,1,1,1,1,1.4,1.4,1.4,1.8,0.0,0.0
2.21063,55,-79,435,0,E1A1773B1763C0948X,TE1A1B1C5D000X,1,1,1,1,1.4,1.4,1.4,1.8,0.0,0.0
2.22283,56,-79,436,0,E1A1773B1771C0933X,TE1A1B1C5D000X,1,1,1,1,1.4,1.4,1.4,1.8,0.0,0.0
2.23434,57,-80,435,0,E1A1773B1775C0919X,TE1A1B1C5D000X,1,1,1,1,1.4,1.4,1.4,1.8,0.0,0.0
2.24594,57,-80,435,0,E1A1773B1781C0905X,TE1A1B1C5D000X,1,1,1,1,1.4,1.4,1.4,1.8,0.0,0.0
2.26683,58,-80,435,0,E1A1773B1786C0893X,TE1A1B1C5D000X,1,1,1,1,1.4,1.4,1.4,1.8,0.0,0.0
2.27876,58,-80,435,0,E1A1773B1791C0881X,TE1A1B1C5D000X,1,1,1,1,1.4,1.4,1.4,1.8,0.0,0.0
2.29877,59,-80,435,0,E1A1773B1795C0869X,TE1A1B1C5D000X,1,1,1,1,1.4,1.4,1.4,1.8,0.0,0.0
2.33484,59,-80,435,0,E1A1773B1799C0860X,TE1A1B1C5D000X,1,1,1,1,1.4,1.4,1.4,1.8,0.0,0.0
2.35462,59,-80,434,0,E1A1773B1802C0852X,TE1A1B1C5D000X,1,1,1,1,1.4,1.4,1.4,1.8,0.0,0.0
2.36673,59,-79,433,0,E1A1773B1804C0844X,TE1A1B1C5D000X,1,1,1,1,1.4,1.4,1.4,1.8,0.0,0.0
2.37875,59,-79,434,0,E1A1773B1806C0839X,TE1A1B1C5D000X,1,1,1,1,1.4,1.4,1.4,1.8,0.0,0.0
2.39069,59,-79,434,0,E1A1773B1808C0834X,TE1A1B1C5D000X,1,1,1,1,1.4,1.4,1.4,1.8,0.0,0.0
2.40262,58,-78,434,0,E1A1773B1809C0830X,TE1A1B1C5D000X,1,1,1,1,1.4,1.4,1.4,1.8,0.0,0.0
2.41475,58,-77,434,0,E1A1773B1809C0828X,TE1A1B1C5D000X,1,1,1,1,1.4,1.4,1.4,1.8,0.0,0.0
2.42632,57,-76,433,0,E1A1773B1809C0826X,TE1A1B1C5D000X,1,1,1,1,1.4,1.4,1.4,1.8,0.0,0.0
2.43889,57,-75,433,0,E1A1773B1808C0826X,TE1A1B1C5D000X,1,1,1,1,1.4,1.4,1.4,1.8,0.0,0.0
2.45007,56,-74,433,0,E1A1773B1807C0826X,TE1A1B1C5D000X,1,1,1,1,1.4,1.4,1.4,1.8,0.0,0.0
2.46179,55,-73,433,0,E1A1773B1806C0827X,TE1A1B1C5D000X,1,1,1,1,1.4,1.4,1.4,1.8,0.0,0.0
2.47285,54,-72,432,0,E1A1773B1805C0829X,TE1A1B1C5D000X,1,1,1,1,1.4,1.4,1.4,1.8,0.0,0.0
2.50277,53,-70,432,0,E1A1773B1803C0835X,TE1A1B1C5D000X,1,1,1,1,1.4,1.4,1.4,1.8,0.0,0.0
2.51486,52,-69,431,0,E1A1773B1801C0842X,TE1A1B1C5D000X,1,1,1,1,1.4,1.4,1.4,1.8,0.0,0.0
2.52667,51,-67,431,0,E1A1773B1799C0849X,TE1A1B1C5D000X,1,1,1,1,1.4,1.4,1.4,1.8,0.0,0.0
2.54229,51,-65,431,0,E1A1773B1798C0856X,TE1A1B1C5D000X,1,1,1,1,1.4,1.4,1.4,1.8,0.0,0.0
2.55867,50,-64,430,0,E1A1773B1795C0864X,TE1A1B1C5D000X,1,1,1,1,1.4,1.4,1.4,1.8,0.0,0.0
2.57243,49,-62,430,0,E1A1773B1794C0872X,TE1A1B1C5D000X,1,1,1,1,1.4,1.4,1.4,1.8,0.0,0.0
2.58532,48,-60,430,0,E1A1773B1792C0881X,TE1A1B1C5D000X,1,1,1,1,1.4,1.4,1.4,1.8,0.0,0.0
2.59739,47,-58,430,0,E1A1773B1791C0890X,TE1A1B1C5D000X,1,1,1,1,1.4,1.4,1.4,1.8,0.0,0.0
2.60902,46,-57,430,0,E1A1773B1790C0898X,TE1A1B1C5D000X,1,1,1,1,1.4,1.4,1.4,1.8,0.0,0.0
2.62049,46,-55,430,0,E1A1773B1789C0908X,TE1A1B1C5D000X,1,1,1,1,1.4,1.4,1.4,1.8,0.0,0.0
2.63232,45,-53,430,0,E1A1773B1788C0917X,TE1A1B1C5D000X,1,1,1,1,1.4,1.4,1.4,1.8,0.0,0.0
2.65056,44,-51,429,0,E1A1773B1786C0928X,TE1A1B1C5D000X,1,1,1,1,1.4,1.4,1.4,1.8,0.0,0.0
2.66267,44,-49,428,0,E1A1773B1785C0939X,TE1A1B1C5D000X,1,1,1,1,1.4,1.4,1.4,1.8,0.0,0.0
2.67467,43,-47,427,0,E1A1773B1784C0951X,TE1A1B1C5D000X,1,1,1,1,1.4,1.4,1.4,1.8,0.0,0.0
2.6867,43,-45,425,0,E1A1773B1782C0962X,TE1A1B1C5D000X,1,1,1,1,1.4,1.4,1.4,1.8,0.0,0.0
2.69837,42,-43,425,0,E1A1773B1781C0973X,TE1A1B1C5D000X,1,1,1,1,1.4,1.4,1.4,1.8,0.0,0.0
2.70999,41,-41,424,0,E1A1773B1781C0985X,TE1A1B1C5D000X,1,1,1,1,1.4,1.4,1.4,1.8,0.0,0.0
2.72239,41,-39,423,0,E1A1773B1780C0995X,TE1A1B1C5D000X,1,1,1,1,1.4,1.4,1.4,1.8,0.0,0.0
2.73368,41,-37,423,0,E1A1773B1781C1005X,TE1A1B1C5D000X,1,1,1,1,1.4,1.4,1.4,1.8,0.0,0.0
2.74517,41,-35,422,0,E1A1773B1781C1015X,TE1A1B1C5D000X,1,1,1,1,1.4,1.4,1.4,1.8,0.0,0.0
2.75786,40,-34,422,0,E1A1773B1781C1025X,TE1A1B1C5D000X,1,1,1,1,1.4,1.4,1.4,1.8,0.0,0.0
2.76893,40,-32,421,0,E1A1773B1782C1033X,TE1A1B1C4D000X,1,1,1,1,1.4,1.4,1.4,1.8,0.0,0.0
2.78647,40,-30,421,0,E1A1773B1783C1043X,TE1A1B1C4D000X,1,1,1,1,1.4,1.4,1.4,1.8,0.0,0.0
2.79868,40,-29,420,0,E1A1773B1785C1052X,TE1A1B1C4D000X,1,1,1,1,1.4,1.4,1.4,1.8,0.0,0.0
2.81095,40,-27,420,0,E1A1773B1786C1062X,TE1A1B1C4D000X,1,1,1,1,1.4,1.4,1.4,1.8,0.0,0.0
2.82204,40,-26,420,0,E1A1773B1788C1070X,TE1A1B1C4D000X,1,1,1,1,1.4,1.4,1.4,1.8,0.0,0.0
2.83387,40,-24,419,0,E1A1773B1790C1077X,TE1A1B1C4D000X,1,1,1,1,1.4,1.4,1.4,1.8,0.0,0.0
2.8454,40,-23,419,0,E1A1773B1793C1085X,TE1A1B1C4D000X,1,1,1,1,1.4,1.4,1.4,1.8,0.0,0.0
2.85693,40,-22,418,0,E1A1773B1795C1092X,TE1A1B1C4D000X,1,1,1,1,1.4,1.4,1.4,1.8,0.0,0.0
2.86805,41,-21,417,0,E1A1773B1798C1098X,TE1A1B1C4D000X,1,1,1,1,1.4,1.4,1.4,1.8,0.0,0.0
2.8866,41,-19,417,0,E1A1773B1801C1106X,TE1A1B1C4D000X,1,1,1,1,1.4,1.4,1.4,1.8,0.0,0.0
2.89872,41,-18,417,0,E1A1773B1803C1114X,TE1A1B1C4D000X,1,1,1,1,1.4,1.4,1.4,1.8,0.0,0.0
2.92284,41,-17,417,0,E1A1773B1807C1123X,TE1A1B1C4D000X,1,1,1,1,1.4,1.4,1.4,1.8,0.0,0.0
2.93441,42,-15,417,0,E1A1773B1810C1131X,TE1A1B1C4D000X,1,1,1,1,1.4,1.4,1.4,1.8,0.0,0.0
2.95453,42,-14,417,0,E1A1773B1813C1142X,TE1A1B1C4D000X,1,1,1,1,1.4,1.4,1.4,1.8,0.0,0.0
2.96678,42,-12,416,0,E1A1773B1815C1151X,TE1A1B1C4D000X,1,1,1,1,1.4,1.4,1.4,1.8,0.0,0.0
2.99071,42,-11,416,0,E1A1773B1818C1164X,TE1A1B1C4D000X,1,1,1,1,1.4,1.4,1.4,1.8,0.0,0.0
3.00251,43,-9,416,0,E1A1773B1821C1176X,TE1A1B1C4D000X,1,1,1,1,1.4,1.4,1.4,1.8,0.0,0.0
3.01412,43,-8,416,0,E1A1773B1824C1188X,TE1A1B1C4D000X,1,1,1,1,1.4,1.4,1.4,1.8,0.0,0.0
3.03469,43,-6,417,0,E1A1773B1827C1203X,TE1A1B1C4D000X,1,1,1,1,1.4,1.4,1.4,1.8,0.0,0.0
3.06671,43,-4,416,0,E1A1773B1830C1220X,TE1A1B1C4D000X,1,1,1,1,1.4,1.4,1.4,1.8,0.0,0.0
3.07854,43,-2,417,0,E1A1773B1833C1237X,TE1A1B1C4D000X,1,1,1,1,1.4,1.4,1.4,1.8,0.0,0.0
3.09067,44,0,417,0,E1A1773B1835C1254X,TE1A1B1C4D000X,1,1,1,1,1.4,1.4,1.4,1.8,0.0,0.0
3.11472,44,1,417,0,E1A1773B1838C1271X,TE1A1B1C3D000X,1,1,1,1,1.4,1.4,1.4,1.8,0.0,0.0
3.1262,44,3,416,0,E1A1773B1839C1286X,TE1A1B1C3D000X,1,1,1,1,1.4,1.4,1.4,1.8,0.0,0.0
3.1465,44,5,416,0,E1A1773B1841C1303X,TE1A1B1C3D000X,1,1,1,1,1.4,1.4,1.4,1.8,0.0,0.0
3.15869,44,7,416,0,E1A1773B1843C1319X,TE1A1B1C3D000X,1,1,1,1,1.4,1.4,1.4,1.8,0.0,0.0
3.17074,43,8,415,0,E1A1773B1844C1333X,TE1A1B1C3D000X,1,1,1,1,1.4,1.4,1.4,1.8,0.0,0.0
3.18307,43,9,415,0,E1A1773B1846C1346X,TE1A1B1C3D000X,1,1,1,1,1.4,1.4,1.4,1.8,0.0,0.0
3.19452,43,11,415,0,E1A1773B1848C1358X,TE1A1B1C3D000X,1,1,1,1,1.4,1.4,1.4,1.8,0.0,0.0
3.20576,43,12,415,0,E1A1773B1850C1369X,TE1A1B1C3D000X,1,1,1,1,1.4,1.4,1.4,1.8,0.0,0.0
3.21745,43,13,414,0,E1A1773B1851C1379X,TE1A1B1C3D000X,1,1,1,1,1.4,1.4,1.4,1.8,0.0,0.0
3.23865,43,14,414,0,E1A1773B1851C1390X,TE1A1B1C3D000X,1,1,1,1,1.4,1.4,1.4,1.8,0.0,0.0
3.25035,43,15,414,0,E1A1773B1852C1399X,TE1A1B1C3D000X,1,1,1,1,1.4,1.4,1.4,1.8,0.0,0.0
3.26175,42,15,414,0,E1A1773B1852C1408X,TE1A1B1C3D000X,1,1,1,1,1.4,1.4,1.4,1.8,0.0,0.0
3.27293,42,16,414,0,E1A1773B1852C1416X,TE1A1B1C3D000X,1,1,1,1,1.4,1.4,1.4,1.8,0.0,0.0
3.30653,41,17,413,0,E1A1773B1851C1424X,TE1A1B1C3D000X,1,1,1,1,1.4,1.4,1.4,1.8,0.0,0.0
3.31822,41,17,412,0,E1A1773B1851C1431X,TE1A1B1C3D000X,1,1,1,1,1.4,1.4,1.4,1.8,0.0,0.0
3.32978,40,18,411,0,E1A1773B1849C1437X,TE1A1B1C3D000X,1,1,1,1,1.4,1.4,1.4,1.8,0.0,0.0
3.34133,40,18,411,0,E1A1773B1849C1444X,TE1A1B1C3D000X,1,1,1,1,1.4,1.4,1.4,1.8,0.0,0.0
3.35276,39,19,411,0,E1A1773B1848C1450X,TE1A1B1C3D000X,1,1,1,1,1.4,1.4,1.4,1.8,0.0,0.0
3.36429,38,19,409,0,E1A1773B1847C1456X,TE1A1B1C3D000X,1,1,1,1,1.4,1.4,1.4,1.8,0.0,0.0
3.37576,38,19,408,0,E1A1773B1846C1461X,TE1A1B1C3D000X,1,1,1,1,1.4,1.4,1.4,1.8,0.0,0.0
3.38676,38,20,408,0,E1A1773B1846C1467X,TE1A1B1C3D000X,1,1,1,1,1.4,1.4,1.4,1.8,0.0,0.0
3.39825,37,20,408,0,E1A1773B1846C1473X,TE1A1B1C3D000X,1,1,1,1,1.4,1.4,1.4,1.8,0.0,0.0
3.40941,37,21,407,0,E1A1773B1845C1479X,TE1A1B1C3D000X,1,1,1,1,1.4,1.4,1.4,1.8,0.0,0.0
3.42116,36,21,407,0,E1A1773B1845C1485X,TE1A1B1C3D000X,1,1,1,1,1.4,1.4,1.4,1.8,0.0,0.0
3.4328,36,21,406,0,E1A1773B1845C1490X,TE1A1B1C2D000X,1,1,1,1,1.4,1.4,1.4,1.8,0.0,0.0
3.4444,36,22,406,0,E1A1773B1845C1496X,TE1A1B1C2D000X,1,1,1,1,1.4,1.4,1.4,1.8,0.0,0.0
3.45586,36,22,406,0,E1A1773B1846C1503X,TE1A1B1C2D000X,1,1,1,1,1.4,1.4,1.4,1.8,0.0,0.0
3.48649,35,23,406,0,E1A1773B1846C1510X,TE1A1B1C2D000X,1,1,1,1,1.4,1.4,1.4,1.8,0.0,0.0
3.53063,35,23,405,0,E1A1773B1846C1517X,TE1A1B1C2D000X,1,1,1,1,1.4,1.4,1.4,1.8,0.0,0.0
3.54285,35,24,404,0,E1A1773B1845C1524X,TE1A1B1C2D000X,1,1,1,1,1.4,1.4,1.4,1.8,0.0,0.0
3.5548,34,24,403,0,E1A1773B1845C1531X,TE1A1B1C2D000X,1,1,1,1,1.4,1.4,1.4,1.8,0.0,0.0
3.56682,34,25,403,0,E1A1773B1845C1537X,TE1A1B1C2D000X,1,1,1,1,1.4,1.4,1.4,1.8,0.0,0.0
3.57834,34,25,403,0,E1A1773B1845C1544X,TE1A1B1C2D000X,1,1,1,1,1.4,1.4,1.4,1.8,0.0,0.0
3.5897,33,25,402,0,E1A1773B1845C1550X,TE1A1B1C2D000X,1,1,1,1,1.4,1.4,1.4,1.8,0.0,0.0
3.60111,33,26,401,0,E1A1773B1845C1554X,TE1A1B1C2D000X,1,1,1,1,1.4,1.4,1.4,1.8,0.0,0.0
3.6128,33,26,401,0,E1A1773B1845C1560X,TE1A1B1C2D000X,1,1,1,1,1.4,1.4,1.4,1.8,0.0,0.0
3.62464,33,26,401,0,E1A1773B1846C1565X,TE1A1B1C2D000X,1,1,1,1,1.4,1.4,1.4,1.8,0.0,0.0
3.63603,32,26,401,0,E1A1773B1847C1568X,TE1A1B1C2D000X,1,1,1,1,1.4,1.4,1.4,1.8,0.0,0.0
3.64765,33,26,402,0,E1A1773B1849C1574X,TE1A1B1C2D000X,1,1,1,1,1.4,1.4,1.4,1.8,0.0,0.0
3.65897,32,27,402,0,E1A1773B1850C1578X,TE1A1B1C2D000X,1,1,1,1,1.4,1.4,1.4,1.8,0.0,0.0
3.6701,32,27,402,0,E1A1773B1851C1582X,TE1A1B1C2D000X,1,1,1,1,1.4,1.4,1.4,1.8,0.0,0.0
3.69062,32,27,402,0,E1A1773B1853C1586X,TE1A1B1C2D000X,1,1,1,1,1.4,1.4,1.4,1.8,0.0,0.0
3.70233,32,27,402,0,E1A1773B1854C1589X,TE1A1B1C2D000X,1,1,1,1,1.4,1.4,1.4,1.8,0.0,0.0
3.71388,32,27,402,0,E1A1773B1856C1593X,TE1A1B1C2D000X,1,1,1,1,1.4,1.4,1.4,1.8,0.0,0.0
3.72528,32,27,403,0,E1A1773B1857C1597X,TE1A1B1C2D000X,1,1,1,1,1.4,1.4,1.4,1.8,0.0,0.0
3.73647,32,27,403,0,E1A1773B1859C1600X,TE1A1B1C2D000X,1,1,1,1,1.4,1.4,1.4,1.8,0.0,0.0
3.7481,32,27,403,0,E1A1773B1860C1604X,TE1A1B1C2D000X,1,1,1,1,1.4,1.4,1.4,1.8,0.0,0.0
3.75949,32,27,402,0,E1A1773B1861C1607X,TE1A1B1C2D000X,1,1,1,1,1.4,1.4,1.4,1.8,0.0,0.0
3.77041,32,27,402,0,E1A1773B1863C1610X,TE1A1B1C2D000X,1,1,1,1,1.4,1.4,1.4,1.8,0.0,0.0
3.78182,32,27,402,0,E1A1773B1865C1613X,TE1A1B1C2D000X,1,1,1,1,1.4,1.4,1.4,1.8,0.0,0.0
3.79328,32,27,401,0,E1A1773B1866C1616X,TE1A1B1C2D000X,1,1,1,1,1.4,1.4,1.4,1.8,0.0,0.0
3.80485,32,27,401,0,E1A1773B1868C1619X,TE1A1B1C2D000X,1,1,1,1,1.4,1.4,1.4,1.8,0.0,0.0
3.81641,32,27,398,0,E1A1773B1869C1621X,TE1A1B1C2D000X,1,1,1,1,1.4,1.4,1.4,1.8,0.0,0.0
3.8279,32,27,399,0,E1A1773B1871C1624X,TE1A1B1C2D000X,1,1,1,1,1.4,1.4,1.4,1.8,0.0,0.0
3.83977,32,27,399,0,E1A1773B1873C1627X,TE1A1B1C2D000X,1,1,1,1,1.4,1.4,1.4,1.8,0.0,0.0
3.85095,32,27,399,0,E1A1773B1876C1630X,TE1A1B1C2D000X,1,1,1,1,1.4,1.4,1.4,1.8,0.0,0.0
3.86259,32,27,399,0,E1A1773B1878C1633X,TE1A1B1C2D000X,1,1,1,1,1.4,1.4,1.4,1.8,0.0,0.0
3.87552,33,27,400,0,E1A1773B1880C1637X,TE1A1B1C2D000X,1,1,1,1,1.4,1.4,1.4,1.8,0.0,0.0
3.88712,33,27,400,0,E1A1773B1883C1640X,TE1A1B1C2D000X,1,1,1,1,1.4,1.4,1.4,1.8,0.0,0.0
3.89891,33,27,400,0,E1A1773B1885C1642X,TE1A1B1C2D000X,1,1,1,1,1.4,1.4,1.4,1.8,0.0,0.0
3.91042,33,27,400,0,E1A1773B1888C1645X,TE1A1B1C2D000X,1,1,1,1,1.4,1.4,1.4,1.8,0.0,0.0
3.92677,33,27,401,0,E1A1773B1891C1648X,TE1A1B1C2D000X,1,1,1,1,1.4,1.4,1.4,1.8,0.0,0.0
3.93849,33,27,401,0,E1A1773B1893C1650X,TE1A1B1C2D000X,1,1,1,1,1.4,1.4,1.4,1.8,0.0,0.0
3.95009,34,27,401,0,E1A1773B1896C1651X,TE1A1B1C2D000X,1,1,1,1,1.4,1.4,1.4,1.8,0.0,0.0
3.96181,34,26,401,0,E1A1773B1899C1652X,TE1A1B1C2D000X,1,1,1,1,1.4,1.4,1.4,1.8,0.0,0.0
3.97352,34,26,401,0,E1A1773B1901C1652X,TE1A1B1C2D000X,1,1,1,1,1.4,1.4,1.4,1.8,0.0,0.0
3.98472,34,26,401,0,E1A1773B1904C1652X,TE1A1B1C2D000X,1,1,1,1,1.4,1.4,1.4,1.8,0.0,0.0
3.99634,34,26,400,0,E1A1925B1904C1653X,TE1A1B1C2D000X,1,1,1,1,1.4,1.4,1.4,1.8,0.0,0.0
4.00777,34,26,400,0,E1A1923B1904C1657X,TE1A1B1C2D000X,1,1,1,1,1.4,1.4,1.4,1.8,0.0,0.0
4.01933,35,26,400,0,E1A1921B1904C1661X,TE1A1B1C2D000X,1,1,1,1,1.4,1.4,1.4,1.8,0.0,0.0
4.03086,35,26,400,0,E1A1918B1904C1664X,TE1A1B1C2D000X,1,1,1,1,1.4,1.4,1.4,1.8,0.0,0.0
4.05066,35,26,401,0,E1A1916B1904C1668X,TE1A1B1C2D000X,1,1,1,1,1.4,1.4,1.4,1.8,0.0,0.0
4.06277,35,26,401,0,E1A1914B1904C1671X,TE1A1B1C2D000X,1,1,1,1,1.4,1.4,1.4,1.8,0.0,0.0
4.07441,35,25,401,0,E1A1911B1904C1673X,TE1A1B1C2D000X,1,1,1,1,1.4,1.4,1.4,1.8,0.0,0.0
4.0861,35,25,402,0,E1A1910B1904C1675X,TE1A1B1C2D000X,1,1,1,1,1.4,1.4,1.4,1.8,0.0,0.0
4.10661,35,25,401,0,E1A1908B1904C1677X,TE1A1B1C2D000X,1,1,1,1,1.4,1.4,1.4,1.8,0.0,0.0
4.11873,35,25,402,0,E1A1907B1904C1680X,TE1A1B1C2D000X,1,1,1,1,1.4,1.4,1.4,1.8,0.0,0.0
4.13085,34,25,402,0,E1A1907B1904C1681X,TE1A1B1C2D000X,1,1,1,1,1.4,1.4,1.4,1.8,0.0,0.0
4.14186,34,25,401,0,E1A1906B1904C1683X,TE1A1B1C2D000X,1,1,1,1,1.4,1.4,1.4,1.8,0.0,0.0
4.15364,34,25,402,0,E1A1906B1904C1685X,TE1A1B1C2D000X,1,1,1,1,1.4,1.4,1.4,1.8,0.0,0.0
4.16455,34,25,402,0,E1A1905B1904C1687X,TE1A1B1C2D000X,1,1,1,1,1.4,1.4,1.4,1.8,0.0,0.0
4.17616,33,25,402,0,E1A1905B1904C1689X,TE1A1B1C2D000X,1,1,1,1,1.4,1.4,1.4,1.8,0.0,0.0
4.1871,33,25,403,0,E1A1905B1904C1691X,TE1A1B1C2D000X,1,1,1,1,1.4,1.4,1.4,1.8,0.0,0.0
4.19879,33,25,403,0,E1A1905B1904C1693X,TE1A1B1C2D000X,1,1,1,1,1.4,1.4,1.4,1.8,0.0,0.0
4.21118,32,25,405,0,E1A1904B1904C1696X,TE1A1B1C2D000X,1,1,1,1,1.4,1.4,1.4,1.8,0.0,0.0
4.2304,32,25,405,0,E1A1905B1904C1698X,TE1A1B1C2D000X,1,1,1,1,1.4,1.4,1.4,1.8,0.0,0.0
4.24264,31,25,405,0,E1A1906B1904C1701X,TE1A1B1C2D000X,1,1,1,1,1.4,1.4,1.4,1.8,0.0,0.0
4.25463,31,24,404,0,E1A1908B1904C1702X,TE1A1B1C2D000X,1,1,1,1,1.4,1.4,1.4,1.8,0.0,0.0
4.26657,30,24,404,0,E1A1909B1904C1704X,TE1A1B1C2D000X,1,1,1,1,1.4,1.4,1.4,1.8,0.0,0.0
4.27801,29,24,403,0,E1A1911B1904C1706X,TE1A1B1C2D000X,1,1,1,1,1.4,1.4,1.4,1.8,0.0,0.0
4.28896,29,24,404,0,E1A1912B1904C1708X,TE1A1B1C2D000X,1,1,1,1,1.4,1.4,1.4,1.8,0.0,0.0
4.30073,28,24,403,0,E1A1913B1904C1711X,TE1A1B1C1D000X,1,1,1,1,1.4,1.4,1.4,1.8,0.0,0.0
4.31215,28,24,402,0,E1A1915B1904C1713X,TE1A1B1C1D000X,1,1,1,1,1.4,1.4,1.4,1.8,0.0,0.0
4.32363,27,24,402,0,E1A1917B1904C1715X,TE1A1B1C1D000X,1,1,1,1,1.4,1.4,1.4,1.8,0.0,0.0
4.35438,26,24,402,0,E1A1920B1904C1718X,TE1A1B1C1D000X,1,1,1,1,1.4,1.4,1.4,1.8,0.0,0.0
4.36677,25,24,402,0,E1A1921B1905C1718X,TE1A1B1C1D000X,1,1,1,1,1.4,1.4,1.4,1.8,0.0,0.0
4.3785,25,24,403,0,E1A1923B1901C1718X,TE1A1B1C1D000X,1,1,1,1,1.4,1.4,1.4,1.8,0.0,0.0
4.39041,24,24,405,0,E1A1922B1896C1718X,TE1A1B1C1D000X,1,1,1,1,1.4,1.4,1.4,1.8,0.0,0.0
4.40206,23,24,404,0,E1A1923B1890C1718X,TE1A1B1C1D000X,1,1,1,1,1.4,1.4,1.4,1.8,0.0,0.0
4.41365,23,24,403,0,E1A1922B1885C1718X,TE1A1B1C1D000X,1,1,1,1,1.4,1.4,1.4,1.8,0.0,0.0
4.42488,22,24,403,0,E1A1922B1878C1718X,TE1A1B1C1D000X,1,1,1,1,1.4,1.4,1.4,1.8,0.0,0.0
4.43567,21,24,403,0,E1A1922B1873C1718X,TE1A1B1C1D000X,1,1,1,1,1.4,1.4,1.4,1.8,0.0,0.0
4.44716,21,24,404,0,E1A1921B1867C1718X,TE1A1B1C1D000X,1,1,1,1,1.4,1.4,1.4,1.8,0.0,0.0
4.45861,20,25,404,0,E1A1921B1862C1718X,TE1A1B1C1D000X,1,1,1,1,1.4,1.4,1.4,1.8,0.0,0.0
4.46924,19,25,404,0,E1A1920B1857C1718X,TE1A1B1C1D000X,1,1,1,1,1.4,1.4,1.4,1.8,0.0,0.0
4.48068,19,25,403,0,E1A1919B1852C1718X,TE1A1B1C1D000X,1,1,1,1,1.4,1.4,1.4,1.8,0.0,0.0
4.49244,18,25,404,0,E1A1918B1848C1718X,TE1A1B1C1D000X,1,1,1,1,1.4,1.4,1.4,1.8,0.0,0.0
4.51421,18,25,404,0,E1A1917B1843C1718X,TE1A1B1C1D000X,1,1,1,1,1.4,1.4,1.4,1.8,0.0,0.0
4.5347,17,25,403,0,E1A1916B1837C1718X,TE1A1B1C1D000X,1,1,1,1,1.4,1.4,1.4,1.8,0.0,0.0
4.54657,17,25,403,0,E1A1914B1832C1718X,TE1A1B1C1D000X,1,1,1,1,1.4,1.4,1.4,1.8,0.0,0.0
4.55846,16,26,405,0,E1A1913B1827C1718X,TE1A1B1C1D000X,1,1,1,1,1.4,1.4,1.4,1.8,0.0,0.0
4.57056,16,26,405,0,E1A1911B1823C1718X,TE1A1B1C1D000X,1,1,1,1,1.4,1.4,1.4,1.8,0.0,0.0
4.58263,15,26,405,0,E1A1910B1818C1718X,TE1A1B1C1D000X,1,1,1,1,1.4,1.4,1.4,1.8,0.0,0.0
4.59401,15,26,405,0,E1A1909B1813C1718X,TE1A1B1C1D000X,1,1,1,1,1.4,1.4,1.4,1.8,0.0,0.0
4.60493,14,26,405,0,E1A1908B1809C1718X,TE1A1B1C1D000X,1,1,1,1,1.4,1.4,1.4,1.8,0.0,0.0
4.61651,14,26,405,0,E1A1907B1805C1718X,TE1A1B1C1D000X,1,1,1,1,1.4,1.4,1.4,1.8,0.0,0.0
4.63844,14,26,404,0,E1A1906B1801C1718X,TE1A1B1C1D000X,1,1,1,1,1.4,1.4,1.4,1.8,0.0,0.0
4.64982,13,26,404,0,E1A1905B1797C1718X,TE1A1B1C1D000X,1,1,1,1,1.4,1.4,1.4,1.8,0.0,0.0
4.66056,13,27,404,0,E1A1904B1793C1718X,TE1A1B1C1D000X,1,1,1,1,1.4,1.4,1.4,1.8,0.0,0.0
4.67146,12,27,404,0,E1A1903B1790C1718X,TE1A1B1C1D000X,1,1,1,1,1.4,1.4,1.4,1.8,0.0,0.0
4.68309,12,27,404,0,E1A1902B1786C1718X,TE1A1B1C1D000X,1,1,1,1,1.4,1.4,1.4,1.8,0.0,0.0
4.69464,12,27,405,0,E1A1902B1783C1718X,TE1A1B1C1D000X,1,1,1,1,1.4,1.4,1.4,1.8,0.0,0.0
4.70648,12,26,405,0,E1A1901B1781C1718X,TE1A1B1C1D000X,1,1,1,1,1.4,1.4,1.4,1.8,0.0,0.0
4.72653,11,26,404,0,E1A1901B1777C1718X,TE1A1B1C1D000X,1,1,1,1,1.4,1.4,1.4,1.8,0.0,0.0
4.73836,11,26,404,0,E1A1900B1775C1718X,TE1A1B1C1D000X,1,1,1,1,1.4,1.4,1.4,1.8,0.0,0.0
4.75043,11,26,403,0,E1A1899B1772C1718X,TE1A1B1C1D000X,1,1,1,1,1.4,1.4,1.4,1.8,0.0,0.0
4.76269,10,26,403,0,E1A1899B1770C1718X,TE1A1B1C1D000X,1,1,1,1,1.4,1.4,1.4,1.8,0.0,0.0
4.77439,10,26,403,0,E1A1898B1767C1718X,TE1A1B1C1D000X,1,1,1,1,1.4,1.4,1.4,1.8,0.0,0.0
4.78557,10,26,403,0,E1A1897B1765C1718X,TE1A1B1C1D000X,1,1,1,1,1.4,1.4,1.4,1.8,0.0,0.0
4.79697,10,26,403,0,E1A1897B1763C1718X,TE1A1B1C1D000X,1,1,1,1,1.4,1.4,1.4,1.8,0.0,0.0
4.80808,9,26,403,0,E1A1896B1761C1718X,TE1A1B1C1D000X,1,1,1,1,1.4,1.4,1.4,1.8,0.0,0.0
4.81964,9,26,402,0,E1A1895B1758C1718X,TE1A1B1C1D000X,1,1,1,1,1.4,1.4,1.4,1.8,0.0,0.0
4.83119,9,26,402,0,E1A1894B1756C1718X,TE1A1B1C1D000X,1,1,1,1,1.4,1.4,1.4,1.8,0.0,0.0
4.84255,9,26,402,0,E1A1893B1754C1718X,TE1A1B1C1D000X,1,1,1,1,1.4,1.4,1.4,1.8,0.0,0.0
4.86227,9,26,402,0,E1A1892B1752C1718X,TE1A1B1C1D000X,1,1,1,1,1.4,1.4,1.4,1.8,0.0,0.0
4.87452,8,25,401,0,E1A1891B1750C1718X,TE1A1B1C1D000X,1,1,1,1,1.4,1.4,1.4,1.8,0.0,0.0
4.88662,8,25,401,0,E1A1890B1748C1718X,TE1A1B1C1D000X,1,1,1,1,1.4,1.4,1.4,1.8,0.0,0.0
4.89866,8,25,401,0,E1A1889B1746C1718X,TE1A1B1C1D000X,1,1,1,1,1.4,1.4,1.4,1.8,0.0,0.0
4.91009,8,25,401,0,E1A1888B1745C1718X,TE1A1B1C1D000X,1,1,1,1,1.4,1.4,1.4,1.8,0.0,0.0
4.92221,8,25,401,0,E1A1886B1743C1718X,TE1A1B1C1D000X,1,1,1,1,1.4,1.4,1.4,1.8,0.0,0.0
4.93321,8,25,401,0,E1A1885B1742C1718X,TE1A1B1C1D000X,1,1,1,1,1.4,1.4,1.4,1.8,0.0,0.0
4.94497,8,25,400,0,E1A1883B1740C1718X,TE1A1B1C1D000X,1,1,1,1,1.4,1.4,1.4,1.8,0.0,0.0
4.95587,8,25,401,0,E1A1882B1739C1718X,TE1A1B1C1D000X,1,1,1,1,1.4,1.4,1.4,1.8,0.0,0.0
4.96741,7,26,402,0,E1A1880B1738C1718X,TE1A1B1C1D000X,1,1,1,1,1.4,1.4,1.4,1.8,0.0,0.0
4.97881,7,26,403,0,E1A1878B1736C1718X,TE1A1B1C1D000X,1,1,1,1,1.4,1.4,1.4,1.8,0.0,0.0
4.98998,7,26,404,0,E1A1876B1734C1718X,TE1A1B1C1D000X,1,1,1,1,1.4,1.4,1.4,1.8,0.0,0.0
5.00083,7,26,405,0,E1A1874B1733C1718X,TE1A1B1C1D000X,1,1,1,1,1.4,1.4,1.4,1.8,0.0,0.0
5.01214,7,26,406,0,E1A1873B1731C1718X,TE1A1B1C1D000X,1,1,1,1,1.4,1.4,1.4,1.8,0.0,0.0
5.0309,7,26,407,0,E1A1871B1729C1718X,TE1A1B1C1D000X,1,1,1,1,1.4,1.4,1.4,1.8,0.0,0.0
5.04282,7,26,408,0,E1A1870B1728C1718X,TE1A1B1C1D000X,1,1,1,1,1.4,1.4,1.4,1.8,0.0,0.0
5.0546,7,26,409,0,E1A1868B1726C1718X,TE1A1B1C1D000X,1,1,1,1,1.4,1.4,1.4,1.8,0.0,0.0
5.06707,7,26,408,0,E1A1867B1725C1718X,TE1A1B1C1D000X,1,1,1,1,1.4,1.4,1.4,1.8,0.0,0.0
5.0786,6,26,408,0,E1A1866B1723C1718X,TE1A1B1C1D000X,1,1,1,1,1.4,1.4,1.4,1.8,0.0,0.0
5.09229,6,26,408,0,E1A1865B1722C1718X,TE1A1B1C1D000X,1,1,1,1,1.4,1.4,1.4,1.8,0.0,0.0
5.10391,6,26,409,0,E1A1863B1721C1718X,TE1A1B1C1D000X,1,1,1,1,1.4,1.4,1.4,1.8,0.0,0.0
5.11535,6,26,409,0,E1A1862B1721C1718X,TE1A1B1C1D000X,1,1,1,1,1.4,1.4,1.4,1.8,0.0,0.0
5.12664,6,26,410,0,E1A1861B1721C1718X,TE1A1B1C1D000X,1,1,1,1,1.4,1.4,1.4,1.8,0.0,0.0
5.13762,6,26,411,0,E1A1859B1721C1718X,TE1A1B1C1D000X,1,1,1,1,1.4,1.4,1.4,1.8,0.0,0.0
5.14892,6,26,413,0,E1A1857B1721C1718X,TE1A1B1C1D000X,1,1,1,1,1.4,1.4,1.4,1.8,0.0,0.0
5.15993,6,25,412,0,E1A1856B1720C1718X,TE1A1B1C1D000X,1,1,1,1,1.4,1.4,1.4,1.8,0.0,0.0
5.17844,7,25,413,0,E1A1854B1721C1718X,TE1A1B1C1D000X,1,1,1,1,1.4,1.4,1.4,1.8,0.0,0.0
5.19057,7,25,413,0,E1A1852B1721C1718X,TE1A1B1C1D000X,1,1,1,1,1.4,1.4,1.4,1.8,0.0,0.0
5.2145,7,25,413,0,E1A1851B1720C1718X,TE1A1B1C1D000X,1,1,1,1,1.4,1.4,1.4,1.8,0.0,0.0
5.22589,7,25,413,0,E1A1849B1720C1718X,TE1A1B1C1D000X,1,1,1,1,1.4,1.4,1.4,1.8,0.0,0.0
5.23753,7,25,413,0,E1A1847B1719C1718X,TE1A1B1C1D000X,1,1,1,1,1.4,1.4,1.4,1.8,0.0,0.0
5.24909,7,25,413,0,E1A1846B1718C1718X,TE1A1B1C1D000X,1,1,1,1,1.4,1.4,1.4,1.8,0.0,0.0
5.26212,7,25,413,0,E1A1844B1718C1718X,TE1A1B1C1D000X,1,1,1,1,1.4,1.4,1.4,1.8,0.0,0.0
5.27321,7,25,414,0,E1A1842B1717C1718X,TE1A1B1C1D000X,1,1,1,1,1.4,1.4,1.4,1.8,0.0,0.0
5.2849,7,25,415,0,E1A1840B1717C1718X,TE1A1B1C1D000X,1,1,1,1,1.4,1.4,1.4,1.8,0.0,0.0
5.29627,7,25,416,0,E1A1838B1717C1718X,TE1A1B1C1D000X,1,1,1,1,1.4,1.4,1.4,1.8,0.0,0.0
5.30766,7,25,415,0,E1A1836B1716C1718X,TE1A1B1C1D000X,1,1,1,1,1.4,1.4,1.4,1.8,0.0,0.0
5.31861,7,25,415,0,E1A1834B1716C1718X,TE1A1B1C1D000X,1,1,1,1,1.4,1.4,1.4,1.8,0.0,0.0
5.33025,7,25,415,0,E1A1832B1715C1718X,TE1A1B1C1D000X,1,1,1,1,1.4,1.4,1.4,1.8,0.0,0.0
5.34134,7,25,415,0,E1A1830B1715C1718X,TE1A1B1C1D000X,1,1,1,1,1.4,1.4,1.4,1.8,0.0,0.0
5.35866,7,25,415,0,E1A1828B1714C1718X,TE1A1B1C1D000X,1,1,1,1,1.4,1.4,1.4,1.8,0.0,0.0
5.37055,7,25,415,0,E1A1825B1714C1718X,TE1A1B1C1D000X,1,1,1,1,1.4,1.4,1.4,1.8,0.0,0.0
5.3827,7,25,415,0,E1A1823B1714C1718X,TE1A1B1C1D000X,1,1,1,1,1.4,1.4,1.4,1.8,0.0,0.0
5.39467,7,25,414,0,E1A1821B1713C1718X,TE1A1B1C1D000X,1,1,1,1,1.4,1.4,1.4,1.8,0.0,0.0
5.40637,8,25,413,0,E1A1819B1713C1718X,TE1A1B1C1D000X,1,1,1,1,1.4,1.4,1.4,1.8,0.0,0.0
5.41799,8,25,412,0,E1A1817B1712C1718X,TE1A1B1C1D000X,1,1,1,1,1.4,1.4,1.4,1.8,0.0,0.0
5.42933,8,25,412,0,E1A1815B1712C1718X,TE1A1B1C1D000X,1,1,1,1,1.4,1.4,1.4,1.8,0.0,0.0
5.44106,8,25,412,0,E1A1813B1713C1718X,TE1A1B1C1D000X,1,1,1,1,1.4,1.4,1.4,1.8,0.0,0.0
5.46246,8,25,412,0,E1A1811B1713C1718X,TE1A1B1C1D000X,1,1,1,1,1.4,1.4,1.4,1.8,0.0,0.0
5.47452,8,25,412,0,E1A1808B1714C1718X,TE1A1B1C1D000X,1,1,1,1,1.4,1.4,1.4,1.8,0.0,0.0
5.48611,8,24,411,0,E1A1806B1715C1718X,TE1A1B1C1D000X,1,1,1,1,1.4,1.4,1.4,1.8,0.0,0.0
5.49757,9,24,410,0,E1A1804B1715C1718X,TE1A1B1C1D000X,1,1,1,1,1.4,1.4,1.4,1.8,0.0,0.0
5.50892,9,24,408,0,E1A1801B1716C1718X,TE1A1B1C1D000X,1,1,1,1,1.4,1.4,1.4,1.8,0.0,0.0
5.51983,9,24,407,0,E1A1799B1716C1718X,TE1A1B1C1D000X,1,1,1,1,1.4,1.4,1.4,1.8,0.0,0.0
5.53135,9,24,406,0,E1A1796B1717C1718X,TE1A1B1C1D000X,1,1,1,1,1.4,1.4,1.4,1.8,0.0,0.0
5.55039,10,24,406,0,E1A1793B1719C1718X,TE1A1B1C1D000X,1,1,1,1,1.4,1.4,1.4,1.8,0.0,0.0
5.56262,10,24,405,0,E1A1790B1720C1718X,TE1A1B1C1D000X,1,1,1,1,1.4,1.4,1.4,1.8,0.0,0.0
5.58653,11,24,406,0,E1A1786B1723C1718X,TE1A1B1C1D000X,1,1,1,1,1.4,1.4,1.4,1.8,0.0,0.0
5.59869,11,23,405,0,E1A1782B1725C1718X,TE1A1B1C1D000X,1,1,1,1,1.4,1.4,1.4,1.8,0.0,0.0
5.61022,12,23,406,0,E1A1778B1728C1718X,TE1A1B1C1D000X,1,1,1,1,1.4,1.4,1.4,1.8,0.0,0.0
5.62223,12,23,406,0,E1A1774B1730C1718X,TE1A1B1C1D000X,1,1,1,1,1.4,1.4,1.4,1.8,0.0,0.0
5.63388,12,23,405,0,E1A1770B1731C1718X,TE1A1B1C1D000X,1,1,1,1,1.4,1.4,1.4,1.8,0.0,0.0
5.64541,13,23,406,0,E1A1766B1733C1718X,TE1A1B1C1D000X,1,1,1,1,1.4,1.4,1.4,1.8,0.0,0.0
5.65674,13,23,406,0,E1A1762B1735C1718X,TE1A1B1C1D000X,1,1,1,1,1.4,1.4,1.4,1.8,0.0,0.0
5.66769,14,23,405,0,E1A1758B1737C1718X,TE1A1B1C1D000X,1,1,1,1,1.4,1.4,1.4,1.8,0.0,0.0
5.67938,14,23,403,0,E1A1754B1738C1718X,TE1A1B1C1D000X,1,1,1,1,1.4,1.4,1.4,1.8,0.0,0.0
5.6985,14,23,403,0,E1A1749B1740C1718X,TE1A1B1C1D000X,1,1,1,1,1.4,1.4,1.4,1.8,0.0,0.0
5.71066,15,23,402,0,E1A1744B1742C1718X,TE1A1B1C1D000X,1,1,1,1,1.4,1.4,1.4,1.8,0.0,0.0
5.72264,15,23,402,0,E1A1740B1743C1718X,TE1A1B1C1D000X,1,1,1,1,1.4,1.4,1.4,1.8,0.0,0.0
5.73377,16,23,401,0,E1A1735B1745C1718X,TE1A1B1C1D000X,1,1,1,1,1.4,1.4,1.4,1.8,0.0,0.0
5.74531,16,22,401,0,E1A1730B1746C1718X,TE1A1B1C1D000X,1,1,1,1,1.4,1.4,1.4,1.8,0.0,0.0
5.7567,17,22,400,0,E1A1725B1748C1718X,TE1A1B1C1D000X,1,1,1,1,1.4,1.4,1.4,1.8,0.0,0.0
5.76835,17,23,400,0,E1A1719B1749C1718X,TE1A1B1C1D000X,1,1,1,1,1.4,1.4,1.4,1.8,0.0,0.0
5.77969,18,23,401,0,E1A1713B1750C1718X,TE1A1B1C1D000X,1,1,1,1,1.4,1.4,1.4,1.8,0.0,0.0
5.79096,18,23,401,0,E1A1707B1752C1718X,TE1A1B1C1D000X,1,1,1,1,1.4,1.4,1.4,1.8,0.0,0.0
5.802,19,23,401,0,E1A1700B1753C1718X,TE1A1B1C1D000X,1,1,1,1,1.4,1.4,1.4,1.8,0.0,0.0
5.81367,19,23,401,0,E1A1694B1754C1718X,TE1A2B1C1D000X,1,1,1,1,1.4,1.4,1.4,1.8,0.0,0.0
5.82509,20,23,402,0,E1A1688B1756C1718X,TE1A2B1C1D000X,1,1,1,1,1.4,1.4,1.4,1.8,0.0,0.0
5.83632,20,23,402,0,E1A1682B1757C1718X,TE1A2B1C1D000X,1,1,1,1,1.4,1.4,1.4,1.8,0.0,0.0
5.86691,21,23,402,0,E1A1676B1758C1718X,TE1A2B1C1D000X,1,1,1,1,1.4,1.4,1.4,1.8,0.0,0.0
5.87877,21,23,403,0,E1A1670B1759C1718X,TE1A2B1C1D000X,1,1,1,1,1.4,1.4,1.4,1.8,0.0,0.0
5.90258,22,23,403,0,E1A1663B1760C1718X,TE1A2B1C1D000X,1,1,1,1,1.4,1.4,1.4,1.8,0.0,0.0
5.91485,22,23,402,0,E1A1658B1761C1718X,TE1A2B1C1D000X,1,1,1,1,1.4,1.4,1.4,1.8,0.0,0.0
5.92652,22,23,402,0,E1A1652B1761C1718X,TE1A2B1C1D000X,1,1,1,1,1.4,1.4,1.4,1.8,0.0,0.0
5.93792,23,23,402,0,E1A1647B1762C1718X,TE1A2B1C1D000X,1,1,1,1,1.4,1.4,1.4,1.8,0.0,0.0
5.94914,23,23,401,0,E1A1641B1763C1718X,TE1A2B1C1D000X,1,1,1,1,1.4,1.4,1.4,1.8,0.0,0.0
5.96065,23,23,401,0,E1A1636B1763C1718X,TE1A2B1C1D000X,1,1,1,1,1.4,1.4,1.4,1.8,0.0,0.0
5.98285,23,23,401,0,E1A1631B1763C1718X,TE1A2B1C1D000X,1,1,1,1,1.4,1.4,1.4,1.8,0.0,0.0
5.99439,24,23,402,0,E1A1626B1764C1718X,TE1A2B1C1D000X,1,1,1,1,1.4,1.4,1.4,1.8,0.0,0.0
6.01453,24,23,401,0,E1A1621B1763C1718X,TE1A2B1C1D000X,1,1,1,1,1.4,1.4,1.4,1.8,0.0,0.0
6.02676,24,24,402,0,E1A1617B1763C1718X,TE1A2B1C1D000X,1,1,1,1,1.4,1.4,1.4,1.8,0.0,0.0
6.03859,24,24,402,0,E1A1613B1762C1718X,TE1A2B1C1D000X,1,1,1,1,1.4,1.4,1.4,1.8,0.0,0.0
6.05855,24,24,402,0,E1A1610B1761C1718X,TE1A2B1C1D000X,1,1,1,1,1.4,1.4,1.4,1.8,0.0,0.0
6.08247,24,24,403,0,E1A1608B1760C1718X,TE1A2B1C1D000X,1,1,1,1,1.4,1.4,1.4,1.8,0.0,0.0
6.09452,24,24,402,0,E1A1606B1759C1718X,TE1A2B1C1D000X,1,1,1,1,1.4,1.4,1.4,1.8,0.0,0.0
6.10638,23,24,403,0,E1A1605B1757C1718X,TE1A2B1C1D000X,1,1,1,1,1.4,1.4,1.4,1.8,0.0,0.0
6.11785,23,24,402,0,E1A1604B1756C1718X,TE1A2B1C1D000X,1,1,1,1,1.4,1.4,1.4,1.8,0.0,0.0
6.12913,23,24,403,0,E1A1605B1754C1718X,TE1A2B1C1D000X,1,1,1,1,1.4,1.4,1.4,1.8,0.0,0.0
6.14008,22,24,403,0,E1A1606B1752C1718X,TE1A2B1C1D000X,1,1,1,1,1.4,1.4,1.4,1.8,0.0,0.0
6.1517,21,23,403,0,E1A1607B1749C1718X,TE1A2B1C1D000X,1,1,1,1,1.4,1.4,1.4,1.8,0.0,0.0
6.16264,21,23,403,0,E1A1610B1746C1718X,TE1A2B1C1D000X,1,1,1,1,1.4,1.4,1.4,1.8,0.0,0.0
6.17465,20,23,404,0,E1A1613B1744C1718X,TE1A2B1C1D000X,1,1,1,1,1.4,1.4,1.4,1.8,0.0,0.0
6.18561,19,23,404,0,E1A1615B1741C1718X,TE1A2B1C1D000X,1,1,1,1,1.4,1.4,1.4,1.8,0.0,0.0
6.20677,19,23,404,0,E1A1619B1738C1718X,TE1A2B1C1D000X,1,1,1,1,1.4,1.4,1.4,1.8,0.0,0.0
6.21883,18,23,403,0,E1A1622B1734C1718X,TE1A2B1C1D000X,1,1,1,1,1.4,1.4,1.4,1.8,0.0,0.0
6.23053,17,23,403,0,E1A1626B1731C1718X,TE1A2B1C1D000X,1,1,1,1,1.4,1.4,1.4,1.8,0.0,0.0
6.24264,16,23,403,0,E1A1629B1727C1718X,TE1A2B1C1D000X,1,1,1,1,1.4,1.4,1.4,1.8,0.0,0.0
6.25372,15,22,402,0,E1A1632B1723C1718X,TE1A2B1C1D000X,1,1,1,1,1.4,1.4,1.4,1.8,0.0,0.0
6.26514,15,22,403,0,E1A1636B1719C1718X,TE1A2B1C1D000X,1,1,1,1,1.4,1.4,1.4,1.8,0.0,0.0
6.27631,14,22,403,0,E1A1639B1716C1718X,TE1A2B1C1D000X,1,1,1,1,1.4,1.4,1.4,1.8,0.0,0.0
6.28791,13,22,404,0,E1A1643B1712C1718X,TE1A2B1C1D000X,1,1,1,1,1.4,1.4,1.4,1.8,0.0,0.0
6.30192,12,22,404,0,E1A1646B1708C1718X,TE1A2B1C1D000X,1,1,1,1,1.4,1.4,1.4,1.8,0.0,0.0
6.31979,11,22,405,0,E1A1650B1704C1718X,TE1A2B1C1D000X,1,1,1,1,1.4,1.4,1.4,1.8,0.0,0.0
6.33129,10,22,406,0,E1A1655B1699C1718X,TE1A2B2C1D000X,1,1,1,1,1.4,1.4,1.4,1.8,0.0,0.0
6.34264,9,22,407,0,E1A1659B1694C1718X,TE1A2B2C1D000X,1,1,1,1,1.4,1.4,1.4,1.8,0.0,0.0
6.35442,8,22,408,0,E1A1663B1689C1718X,TE1A2B2C1D000X,1,1,1,1,1.4,1.4,1.4,1.8,0.0,0.0
6.37437,7,22,408,0,E1A1668B1683C1718X,TE1A2B2C1D000X,1,1,1,1,1.4,1.4,1.4,1.8,0.0,0.0
6.38644,6,22,409,0,E1A1673B1677C1718X,TE1A2B2C1D000X,1,1,1,1,1.4,1.4,1.4,1.8,0.0,0.0
6.41034,5,22,409,0,E1A1678B1671C1718X,TE1A2B2C1D000X,1,1,1,1,1.4,1.4,1.4,1.8,0.0,0.0
6.42259,4,22,409,0,E1A1685B1665C1718X,TE1A2B2C1D000X,1,1,1,1,1.4,1.4,1.4,1.8,0.0,0.0
6.43388,2,21,409,0,E1A1691B1658C1718X,TE1A2B2C1D000X,1,1,1,1,1.4,1.4,1.4,1.8,0.0,0.0
6.44528,1,21,408,0,E1A1697B1652C1718X,TE1A2B2C1D000X,1,1,1,1,1.4,1.4,1.4,1.8,0.0,0.0
6.45654,0,21,409,0,E1A1703B1647C1718X,TE1A2B2C1D000X,1,1,1,1,1.4,1.4,1.4,1.8,0.0,0.0
6.46736,0,20,410,0,E1A1709B1641C1718X,TE1A2B2C1D000X,1,1,1,1,1.4,1.4,1.4,1.8,0.0,0.0
6.47882,-1,20,409,0,E1A1715B1636C1718X,TE1A2B2C1D000X,1,1,1,1,1.4,1.4,1.4,1.8,0.0,0.0
6.49029,-2,19,408,0,E1A1721B1630C1718X,TE1A1B2C1D000X,1,1,1,1,1.4,1.4,1.4,1.8,0.0,0.0
6.50189,-3,19,409,0,E1A1727B1624C1718X,TE1A1B2C1D000X,1,1,1,1,1.4,1.4,1.4,1.8,0.0,0.0
6.51327,-4,18,409,0,E1A1733B1619C1718X,TE1A1B2C1D000X,1,1,1,1,1.4,1.4,1.4,1.8,0.0,0.0
6.53448,-5,18,409,0,E1A1740B1612C1718X,TE1A1B2C1D000X,1,1,1,1,1.4,1.4,1.4,1.8,0.0,0.0
6.5465,-7,17,408,0,E1A1746B1606C1718X,TE1A1B2C1D000X,1,1,1,1,1.4,1.4,1.4,1.8,0.0,0.0
6.5606,-8,17,409,0,E1A1753B1599C1718X,TE1A1B2C1D000X,1,1,1,1,1.4,1.4,1.4,1.8,0.0,0.0
6.57218,-9,16,410,0,E1A1760B1593C1718X,TE1A1B2C1D000X,1,1,1,1,1.4,1.4,1.4,1.8,0.0,0.0
6.58342,-10,16,412,0,E1A1767B1587C1718X,TE1A1B2C1D000X,1,1,1,1,1.4,1.4,1.4,1.8,0.0,0.0
6.59488,-11,15,412,0,E1A1773B1582C1718X,TE1A1B2C1D000X,1,1,1,1,1.4,1.4,1.4,1.8,0.0,0.0
6.6058,-12,15,411,0,E1A1778B1575C1718X,TE1A1B2C1D000X,1,1,1,1,1.4,1.4,1.4,1.8,0.0,0.0
6.61716,-13,14,411,0,E1A1784B1569C1718X,TE1A1B2C1D000X,1,1,1,1,1.4,1.4,1.4,1.8,0.0,0.0
6.62865,-14,13,413,0,E1A1790B1564C1718X,TE1A1B2C1D000X,1,1,1,1,1.4,1.4,1.4,1.8,0.0,0.0
6.64041,-15,13,412,0,E1A1795B1558C1718X,TE1A1B2C1D000X,1,1,1,1,1.4,1.4,1.4,1.8,0.0,0.0
6.6515,-15,12,412,0,E1A1800B1552C1718X,TE1A1B2C1D000X,1,1,1,1,1.4,1.4,1.4,1.8,0.0,0.0
6.6627,-16,12,412,0,E1A1804B1546C1718X,TE1A1B2C1D000X,1,1,1,1,1.4,1.4,1.4,1.8,0.0,0.0
6.6738,-17,11,412,0,E1A1809B1540C1718X,TE1A1B2C1D000X,1,1,1,1,1.4,1.4,1.4,1.8,0.0,0.0
6.68501,-18,11,411,0,E1A1813B1534C1718X,TE1A1B2C1D000X,1,1,1,1,1.4,1.4,1.4,1.8,0.0,0.0
6.70243,-18,10,411,0,E1A1818B1528C1718X,TE1A1B2C1D000X,1,1,1,1,1.4,1.4,1.4,1.8,0.0,0.0
6.7144,-19,10,411,0,E1A1823B1522C1718X,TE1A1B2C1D000X,1,1,1,1,1.4,1.4,1.4,1.8,0.0,0.0
6.72651,-20,9,411,0,E1A1827B1517C1718X,TE1A1B2C1D000X,1,1,1,1,1.4,1.4,1.4,1.8,0.0,0.0
6.73806,-20,9,411,0,E1A1832B1511C1718X,TE1A1B2C1D000X,1,1,1,1,1.4,1.4,1.4,1.8,0.0,0.0
6.75068,-21,8,410,0,E1A1836B1505C1718X,TE1A1B2C1D000X,1,1,1,1,1.4,1.4,1.4,1.8,0.0,0.0
6.76207,-21,8,410,0,E1A1841B1499C1718X,TE1A1B2C1D000X,1,1,1,1,1.4,1.4,1.4,1.8,0.0,0.0
6.80636,-22,7,410,0,E1A1847B1490C1718X,TE1A1B2C1D000X,1,1,1,1,1.4,1.4,1.4,1.8,0.0,0.0
6.82649,-23,6,409,0,E1A1852B1481C1718X,TE1A1B2C1D000X,1,1,1,1,1.4,1.4,1.4,1.8,0.0,0.0
6.83861,-24,6,409,0,E1A1858B1473C1718X,TE1A1B2C1D000X,1,1,1,1,1.4,1.4,1.4,1.8,0.0,0.0
6.85048,-25,5,408,0,E1A1863B1464C1718X,TE1A1B3C1D000X,1,1,1,1,1.4,1.4,1.4,1.8,0.0,0.0
6.86248,-25,5,408,0,E1A1867B1455C1718X,TE1A1B3C1D000X,1,1,1,1,1.4,1.4,1.4,1.8,0.0,0.0
6.87444,-26,4,406,0,E1A1872B1446C1718X,TE1A1B3C1D000X,1,1,1,1,1.4,1.4,1.4,1.8,0.0,0.0
6.88576,-27,4,405,0,E1A1876B1436C1718X,TE1A1B3C1D000X,1,1,1,1,1.4,1.4,1.4,1.8,0.0,0.0
6.89698,-27,4,404,0,E1A1880B1428C1718X,TE1A1B3C1D000X,1,1,1,1,1.4,1.4,1.4,1.8,0.0,0.0
6.90812,-28,3,403,0,E1A1884B1420C1718X,TE1A1B3C1D000X,1,1,1,1,1.4,1.4,1.4,1.8,0.0,0.0
6.93038,-28,3,403,0,E1A1887B1412C1718X,TE1A1B3C1D000X,1,1,1,1,1.4,1.4,1.4,1.8,0.0,0.0
6.94251,-29,3,403,0,E1A1891B1405C1718X,TE1A1B3C1D000X,1,1,1,1,1.4,1.4,1.4,1.8,0.0,0.0
6.95384,-29,2,402,0,E1A1894B1398C1718X,TE1A1B3C1D000X,1,1,1,1,1.4,1.4,1.4,1.8,0.0,0.0
6.96507,-29,2,401,0,E1A1897B1392C1718X,TE1A1B3C1D000X,1,1,1,1,1.4,1.4,1.4,1.8,0.0,0.0
6.97641,-30,2,401,0,E1A1899B1386C1718X,TE1A1B3C1D000X,1,1,1,1,1.4,1.4,1.4,1.8,0.0,0.0
6.98903,-30,1,400,0,E1A1902B1380C1718X,TE1A1B3C1D000X,1,1,1,1,1.4,1.4,1.4,1.8,0.0,0.0
7.00002,-30,1,400,0,E1A1904B1376C1718X,TE1A1B3C1D000X,1,1,1,1,1.4,1.4,1.4,1.8,0.0,0.0
7.01187,-30,1,399,0,E1A1906B1372C1718X,TE1A1B3C1D000X,1,1,1,1,1.4,1.4,1.4,1.8,0.0,0.0
7.0227,-30,1,398,0,E1A1907B1367C1718X,TE1A1B3C1D000X,1,1,1,1,1.4,1.4,1.4,1.8,0.0,0.0
7.03413,-30,1,398,0,E1A1909B1363C1718X,TE1A1B3C1D000X,1,1,1,1,1.4,1.4,1.4,1.8,0.0,0.0
7.05444,-30,0,397,0,E1A1911B1360C1718X,TE1A1B3C1D000X,1,1,1,1,1.4,1.4,1.4,1.8,0.0,0.0
7.06653,-30,0,397,0,E1A1912B1357C1718X,TE1A1B3C1D000X,1,1,1,1,1.4,1.4,1.4,1.8,0.0,0.0
7.07807,-30,0,397,0,E1A1914B1354C1718X,TE1A1B3C1D000X,1,1,1,1,1.4,1.4,1.4,1.8,0.0,0.0
7.11058,-30,0,398,0,E1A1915B1352C1718X,TE1A1B3C1D000X,1,1,1,1,1.4,1.4,1.4,1.8,0.0,0.0
7.12237,-30,0,399,0,E1A1917B1351C1718X,TE1A1B3C1D000X,1,1,1,1,1.4,1.4,1.4,1.8,0.0,0.0
7.13623,-30,0,400,0,E1A1918B1350C1718X,TE1A1B3C1D000X,1,1,1,1,1.4,1.4,1.4,1.8,0.0,0.0
7.15443,-30,0,400,0,E1A1919B1348C1718X,TE1A1B3C1D000X,1,1,1,1,1.4,1.4,1.4,1.8,0.0,0.0
7.16641,-30,0,400,0,E1A1920B1347C1718X,TE1A1B3C1D000X,1,1,1,1,1.4,1.4,1.4,1.8,0.0,0.0
7.17839,-29,0,400,0,E1A1921B1345C1718X,TE1A1B3C1D000X,1,1,1,1,1.4,1.4,1.4,1.8,0.0,0.0
7.19836,-29,0,399,0,E1A1922B1343C1718X,TE1A1B3C1D000X,1,1,1,1,1.4,1.4,1.4,1.8,0.0,0.0
7.21046,-29,0,399,0,E1A1923B1341C1718X,TE1A1B3C1D000X,1,1,1,1,1.4,1.4,1.4,1.8,0.0,0.0
7.22246,-29,0,400,0,E1A1925B1339C1718X,TE1A1B3C1D000X,1,1,1,1,1.4,1.4,1.4,1.8,0.0,0.0
7.23461,-29,0,400,0,E1A1925B1338C1721X,TE1A1B3C1D000X,1,1,1,1,1.4,1.4,1.4,1.8,0.0,0.0
7.24647,-29,0,401,0,E1A1925B1339C1720X,TE1A1B3C1D000X,1,1,1,1,1.4,1.4,1.4,1.8,0.0,0.0
7.25844,-29,0,402,0,E1A1925B1341C1719X,TE1A1B3C1D000X,1,1,1,1,1.4,1.4,1.4,1.8,0.0,0.0
7.26933,-28,0,402,0,E1A1925B1341C1719X,TE1A1B3C1D000X,1,1,1,1,1.4,1.4,1.4,1.8,0.0,0.0
7.28189,-28,-1,401,0,E1A1925B1341C1719X,TE1A1B3C1D000X,1,1,1,1,1.4,1.4,1.4,1.8,0.0,0.0
7.29337,-28,-1,401,0,E1A1925B1342C1718X,TE1A1B3C1D000X,1,1,1,1,1.4,1.4,1.4,1.8,0.0,0.0
7.30575,-27,-1,400,0,E1A1925B1343C1718X,TE1A1B3C1D000X,1,1,1,1,1.4,1.4,1.4,1.8,0.0,0.0
7.31666,-27,-1,401,0,E1A1925B1345C1718X,TE1A1B3C1D000X,1,1,1,1,1.4,1.4,1.4,1.8,0.0,0.0
7.3283,-27,-1,401,0,E1A1925B1348C1718X,TE1A1B3C1D000X,1,1,1,1,1.4,1.4,1.4,1.8,0.0,0.0
7.34636,-26,-1,402,0,E1A1925B1351C1718X,TE1A1B3C1D000X,1,1,1,1,1.4,1.4,1.4,1.8,0.0,0.0
7.35847,-26,-1,402,0,E1A1925B1355C1718X,TE1A1B3C1D000X,1,1,1,1,1.4,1.4,1.4,1.8,0.0,0.0
7.37057,-25,-1,403,0,E1A1925B1359C1718X,TE1A1B3C1D000X,1,1,1,1,1.4,1.4,1.4,1.8,0.0,0.0
7.38271,-25,-2,402,0,E1A1925B1362C1718X,TE1A1B3C1D000X,1,1,1,1,1.4,1.4,1.4,1.8,0.0,0.0
7.4025,-24,-2,403,0,E1A1925B1368C1717X,TE1A1B3C1D000X,1,1,1,1,1.4,1.4,1.4,1.8,0.0,0.0
7.43834,-23,-2,403,0,E1A1925B1376C1717X,TE1A1B3C1D000X,1,1,1,1,1.4,1.4,1.4,1.8,0.0,0.0
7.45073,-22,-3,403,0,E1A1925B1384C1716X,TE1A1B3C1D000X,1,1,1,1,1.4,1.4,1.4,1.8,0.0,0.0
7.46324,-22,-3,403,0,E1A1925B1392C1716X,TE1A1B3C1D000X,1,1,1,1,1.4,1.4,1.4,1.8,0.0,0.0
7.48259,-21,-4,404,0,E1A1925B1403C1715X,TE1A1B3C1D000X,1,1,1,1,1.4,1.4,1.4,1.8,0.0,0.0
7.4943,-20,-4,403,0,E1A1925B1412C1715X,TE1A1B3C1D000X,1,1,1,1,1.4,1.4,1.4,1.8,0.0,0.0
7.50627,-19,-5,404,0,E1A1925B1423C1715X,TE1A1B3C1D000X,1,1,1,1,1.4,1.4,1.4,1.8,0.0,0.0
7.52639,-18,-6,405,0,E1A1925B1435C1714X,TE1A1B3C1D000X,1,1,1,1,1.4,1.4,1.4,1.8,0.0,0.0
7.53833,-17,-6,406,0,E1A1925B1447C1714X,TE1A1B3C1D000X,1,1,1,1,1.4,1.4,1.4,1.8,0.0,0.0
7.55036,-16,-7,407,0,E1A1925B1459C1713X,TE1A1B3C1D000X,1,1,1,1,1.4,1.4,1.4,1.8,0.0,0.0
7.56231,-15,-7,408,0,E1A1925B1471C1713X,TE1A1B3C1D000X,1,1,1,1,1.4,1.4,1.4,1.8,0.0,0.0
7.57634,-14,-8,408,0,E1A1925B1483C1713X,TE1A1B3C1D000X,1,1,1,1,1.4,1.4,1.4,1.8,0.0,0.0
7.58751,-13,-9,409,0,E1A1925B1495C1712X,TE1A1B2C1D000X,1,1,1,1,1.4,1.4,1.4,1.8,0.0,0.0
7.59886,-12,-9,409,0,E1A1925B1507C1712X,TE1A1B2C1D000X,1,1,1,1,1.4,1.4,1.4,1.8,0.0,0.0
7.61019,-11,-10,409,0,E1A1925B1518C1712X,TE1A1B2C1D000X,1,1,1,1,1.4,1.4,1.4,1.8,0.0,0.0
7.62112,-10,-10,410,0,E1A1925B1530C1711X,TE1A1B2C1D000X,1,1,1,1,1.4,1.4,1.4,1.8,0.0,0.0
7.64259,-9,-11,412,0,E1A1925B1543C1710X,TE1A1B2C1D000X,1,1,1,1,1.4,1.4,1.4,1.8,0.0,0.0
7.6541,-8,-12,415,0,E1A1925B1558C1710X,TE1A1B2C1D000X,1,1,1,1,1.4,1.4,1.4,1.8,0.0,0.0
7.66512,-7,-12,416,0,E1A1925B1570C1709X,TE1A1B2C1D000X,1,1,1,1,1.4,1.4,1.4,1.8,0.0,0.0
7.67639,-6,-13,418,0,E1A1925B1583C1708X,TE1A1B2C1D000X,1,1,1,1,1.4,1.4,1.4,1.8,0.0,0.0
7.68758,-5,-13,420,0,E1A1925B1595C1707X,TE1A1B2C1D000X,1,1,1,1,1.4,1.4,1.4,1.8,0.0,0.0
7.69899,-5,-14,420,0,E1A1925B1607C1706X,TE1A1B2C1D000X,1,1,1,1,1.4,1.4,1.4,1.8,0.0,0.0
7.71027,-4,-15,422,0,E1A1925B1618C1705X,TE1A1B2C1D000X,1,1,1,1,1.4,1.4,1.4,1.8,0.0,0.0
7.72235,-3,-15,423,0,E1A1925B1629C1704X,TE1A1B2C2D000X,1,1,1,1,1.4,1.4,1.4,1.8,0.0,0.0
7.76633,-2,-16,424,0,E1A1925B1642C1703X,TE1A1B2C2D000X,1,1,1,1,1.4,1.4,1.4,1.8,0.0,0.0
7.77798,-2,-17,425,0,E1A1925B1654C1702X,TE1A1B2C2D000X,1,1,1,1,1.4,1.4,1.4,1.8,0.0,0.0
7.7893,-1,-17,425,0,E1A1925B1666C1701X,TE1A1B2C2D000X,1,1,1,1,1.4,1.4,1.4,1.8,0.0,0.0
7.80067,0,-18,426,0,E1A1925B1678C1700X,TE1A1B2C2D000X,1,1,1,1,1.4,1.4,1.4,1.8,0.0,0.0
7.81209,0,-18,427,0,E1A1925B1689C1699X,TE1A1B2C2D000X,1,1,1,1,1.4,1.4,1.4,1.8,0.0,0.0
7.82345,1,-19,427,0,E1A1925B1699C1698X,TE1A1B2C2D000X,1,1,1,1,1.4,1.4,1.4,1.8,0.0,0.0
7.84257,1,-19,427,0,E1A1925B1710C1697X,TE1A1B2C2D000X,1,1,1,1,1.4,1.4,1.4,1.8,0.0,0.0
7.8544,2,-20,428,0,E1A1925B1721C1696X,TE1A1B1C2D000X,1,1,1,1,1.4,1.4,1.4,1.8,0.0,0.0
7.8667,3,-21,428,0,E1A1925B1731C1695X,TE1A1B1C2D000X,1,1,1,1,1.4,1.4,1.4,1.8,0.0,0.0
7.87855,3,-21,429,0,E1A1925B1741C1693X,TE1A1B1C2D000X,1,1,1,1,1.4,1.4,1.4,1.8,0.0,0.0
7.89217,4,-22,429,0,E1A1925B1751C1692X,TE1A1B1C2D000X,1,1,1,1,1.4,1.4,1.4,1.8,0.0,0.0
7.90387,5,-22,429,0,E1A1925B1760C1691X,TE1A1B1C2D000X,1,1,1,1,1.4,1.4,1.4,1.8,0.0,0.0
7.91518,5,-22,429,0,E1A1925B1768C1690X,TE1A1B1C2D000X,1,1,1,1,1.4,1.4,1.4,1.8,0.0,0.0
7.92662,6,-23,428,0,E1A1925B1776C1689X,TE1A1B1C2D000X,1,1,1,1,1.4,1.4,1.4,1.8,0.0,0.0
7.93753,6,-23,428,0,E1A1925B1784C1688X,TE1A1B1C2D000X,1,1,1,1,1.4,1.4,1.4,1.8,0.0,0.0
7.95071,7,-23,429,0,E1A1925B1791C1687X,TE1A1B1C2D000X,1,1,1,1,1.4,1.4,1.4,1.8,0.0,0.0
7.96675,7,-24,428,0,E1A1925B1798C1686X,TE1A1B1C2D000X,1,1,1,1,1.4,1.4,1.4,1.8,0.0,0.0
7.97978,8,-24,426,0,E1A1925B1803C1686X,TE1A1B1C2D000X,1,1,1,1,1.4,1.4,1.4,1.8,0.0,0.0
7.99123,8,-24,426,0,E1A1925B1808C1684X,TE1A1B1C2D000X,1,1,1,1,1.4,1.4,1.4,1.8,0.0,0.0
8.01452,8,-24,425,0,E1A1925B1813C1683X,TE1A1B1C2D000X,1,1,1,1,1.4,1.4,1.4,1.8,0.0,0.0
8.02662,9,-24,424,0,E1A1925B1818C1682X,TE1A1B1C2D000X,1,1,1,1,1.4,1.4,1.4,1.8,0.0,0.0
8.03807,9,-25,424,0,E1A1925B1823C1680X,TE1A1B1C2D000X,1,1,1,1,1.4,1.4,1.4,1.8,0.0,0.0
8.04949,9,-25,423,0,E1A1925B1827C1679X,TE1A1B1C2D000X,1,1,1,1,1.4,1.4,1.4,1.8,0.0,0.0
8.06078,10,-25,424,0,E1A1925B1831C1678X,TE1A1B1C2D000X,1,1,1,1,1.4,1.4,1.4,1.8,0.0,0.0
8.07164,10,-25,423,0,E1A1925B1834C1676X,TE1A1B1C2D000X,1,1,1,1,1.4,1.4,1.4,1.8,0.0,0.0
8.08318,10,-25,424,0,E1A1925B1836C1674X,TE1A1B1C2D000X,1,1,1,1,1.4,1.4,1.4,1.8,0.0,0.0
8.09473,10,-25,423,0,E1A1925B1838C1672X,TE1A1B1C2D000X,1,1,1,1,1.4,1.4,1.4,1.8,0.0,0.0
8.1165,10,-25,423,0,E1A1925B1839C1669X,TE1A1B1C2D000X,1,1,1,1,1.4,1.4,1.4,1.8,0.0,0.0
8.128,9,-25,422,0,E1A1925B1839C1667X,TE1A1B1C2D000X,1,1,1,1,1.4,1.4,1.4,1.8,0.0,0.0
8.14035,9,-26,423,0,E1A1925B1840C1664X,TE1A1B1C2D000X,1,1,1,1,1.4,1.4,1.4,1.8,0.0,0.0
8.15156,9,-26,423,0,E1A1925B1840C1661X,TE1A1B1C2D000X,1,1,1,1,1.4,1.4,1.4,1.8,0.0,0.0
8.16309,9,-26,422,0,E1A1925B1840C1658X,TE1A1B1C2D000X,1,1,1,1,1.4,1.4,1.4,1.8,0.0,0.0
8.1742,9,-26,423,0,E1A1925B1840C1655X,TE1A1B1C2D000X,1,1,1,1,1.4,1.4,1.4,1.8,0.0,0.0
8.18537,8,-26,423,0,E1A1925B1840C1651X,TE1A1B1C2D000X,1,1,1,1,1.4,1.4,1.4,1.8,0.0,0.0
8.19691,8,-26,423,0,E1A1925B1840C1649X,TE1A1B1C2D000X,1,1,1,1,1.4,1.4,1.4,1.8,0.0,0.0
8.20806,8,-26,423,0,E1A1925B1839C1645X,TE1A1B1C2D000X,1,1,1,1,1.4,1.4,1.4,1.8,0.0,0.0
8.21909,8,-26,424,0,E1A1925B1839C1642X,TE1A1B1C2D000X,1,1,1,1,1.4,1.4,1.4,1.8,0.0,0.0
8.23076,7,-27,424,0,E1A1925B1839C1639X,TE1A1B1C2D000X,1,1,1,1,1.4,1.4,1.4,1.8,0.0,0.0
8.24201,7,-27,424,0,E1A1925B1838C1636X,TE1A1B1C2D000X,1,1,1,1,1.4,1.4,1.4,1.8,0.0,0.0
8.25307,7,-27,424,0,E1A1925B1837C1633X,TE1A1B1C2D000X,1,1,1,1,1.4,1.4,1.4,1.8,0.0,0.0
8.2647,7,-27,423,0,E1A1925B1837C1630X,TE1A1B1C2D000X,1,1,1,1,1.4,1.4,1.4,1.8,0.0,0.0
8.27604,6,-27,423,0,E1A1925B1836C1627X,TE1A1B1C2D000X,1,1,1,1,1.4,1.4,1.4,1.8,0.0,0.0
8.28705,6,-27,424,0,E1A1925B1837C1625X,TE1A1B1C2D000X,1,1,1,1,1.4,1.4,1.4,1.8,0.0,0.0
8.29865,6,-27,424,0,E1A1925B1837C1622X,TE1A1B1C2D000X,1,1,1,1,1.4,1.4,1.4,1.8,0.0,0.0
8.31013,6,-27,424,0,E1A1925B1836C1620X,TE1A1B1C2D000X,1,1,1,1,1.4,1.4,1.4,1.8,0.0,0.0
8.32194,6,-27,423,0,E1A1925B1836C1617X,TE1A1B1C2D000X,1,1,1,1,1.4,1.4,1.4,1.8,0.0,0.0
8.3328,6,-27,423,0,E1A1925B1836C1615X,TE1A1B1C2D000X,1,1,1,1,1.4,1.4,1.4,1.8,0.0,0.0
8.34441,6,-26,423,0,E1A1925B1837C1613X,TE1A1B1C2D000X,1,1,1,1,1.4,1.4,1.4,1.8,0.0,0.0
8.3559,6,-26,422,0,E1A1925B1837C1611X,TE1A1B1C2D000X,1,1,1,1,1.4,1.4,1.4,1.8,0.0,0.0
8.36739,6,-26,422,0,E1A1925B1837C1608X,TE1A1B1C2D000X,1,1,1,1,1.4,1.4,1.4,1.8,0.0,0.0
8.37872,6,-26,422,0,E1A1925B1837C1606X,TE1A1B1C2D000X,1,1,1,1,1.4,1.4,1.4,1.8,0.0,0.0
8.39018,5,-26,422,0,E1A1925B1837C1604X,TE1A1B1C2D000X,1,1,1,1,1.4,1.4,1.4,1.8,0.0,0.0
8.40144,5,-26,421,0,E1A1925B1837C1602X,TE1A1B1C2D000X,1,1,1,1,1.4,1.4,1.4,1.8,0.0,0.0
8.41302,5,-26,421,0,E1A1925B1837C1599X,TE1A1B1C2D000X,1,1,1,1,1.4,1.4,1.4,1.8,0.0,0.0
8.42535,5,-26,421,0,E1A1925B1838C1597X,TE1A1B1C2D000X,1,1,1,1,1.4,1.4,1.4,1.8,0.0,0.0
8.45448,5,-26,421,0,E1A1925B1838C1595X,TE1A1B1C2D000X,1,1,1,1,1.4,1.4,1.4,1.8,0.0,0.0
8.46658,5,-26,422,0,E1A1925B1839C1593X,TE1A1B1C2D000X,1,1,1,1,1.4,1.4,1.4,1.8,0.0,0.0
8.4782,5,-26,423,0,E1A1925B1839C1591X,TE1A1B1C2D000X,1,1,1,1,1.4,1.4,1.4,1.8,0.0,0.0
8.49844,5,-26,422,0,E1A1925B1839C1589X,TE1A1B1C2D000X,1,1,1,1,1.4,1.4,1.4,1.8,0.0,0.0
8.51054,5,-26,422,0,E1A1925B1840C1587X,TE1A1B1C2D000X,1,1,1,1,1.4,1.4,1.4,1.8,0.0,0.0
8.52254,5,-26,423,0,E1A1925B1840C1586X,TE1A1B1C2D000X,1,1,1,1,1.4,1.4,1.4,1.8,0.0,0.0
8.53482,5,-25,422,0,E1A1925B1840C1584X,TE1A1B1C2D000X,1,1,1,1,1.4,1.4,1.4,1.8,0.0,0.0
8.5545,5,-25,422,0,E1A1925B1841C1583X,TE1A1B1C2D000X,1,1,1,1,1.4,1.4,1.4,1.8,0.0,0.0
8.56668,5,-25,423,0,E1A1925B1842C1582X,TE1A1B1C2D000X,1,1,1,1,1.4,1.4,1.4,1.8,0.0,0.0
8.57859,5,-25,422,0,E1A1925B1842C1582X,TE1A1B1C2D000X,1,1,1,1,1.4,1.4,1.4,1.8,0.0,0.0
8.59067,5,-25,421,0,E1A1925B1843C1581X,TE1A1B1C2D000X,1,1,1,1,1.4,1.4,1.4,1.8,0.0,0.0
8.60153,5,-24,421,0,E1A1925B1843C1580X,TE1A1B1C2D000X,1,1,1,1,1.4,1.4,1.4,1.8,0.0,0.0
8.61296,5,-24,421,0,E1A1925B1843C1580X,TE1A1B1C2D000X,1,1,1,1,1.4,1.4,1.4,1.8,0.0,0.0
8.62529,5,-24,421,0,E1A1925B1844C1579X,TE1A1B1C2D000X,1,1,1,1,1.4,1.4,1.4,1.8,0.0,0.0
8.63639,5,-24,420,0,E1A1925B1844C1579X,TE1A1B1C2D000X,1,1,1,1,1.4,1.4,1.4,1.8,0.0,0.0
8.64775,5,-23,421,0,E1A1925B1844C1578X,TE1A1B1C2D000X,1,1,1,1,1.4,1.4,1.4,1.8,0.0,0.0
8.65874,5,-23,422,0,E1A1925B1845C1577X,TE1A1B1C2D000X,1,1,1,1,1.4,1.4,1.4,1.8,0.0,0.0
8.67871,5,-23,421,0,E1A1925B1845C1577X,TE1A1B1C2D000X,1,1,1,1,1.4,1.4,1.4,1.8,0.0,0.0
8.69045,5,-23,422,0,E1A1925B1846C1577X,TE1A1B1C2D000X,1,1,1,1,1.4,1.4,1.4,1.8,0.0,0.0
8.7025,5,-22,422,0,E1A1925B1846C1577X,TE1A1B1C2D000X,1,1,1,1,1.4,1.4,1.4,1.8,0.0,0.0
8.72656,5,-22,421,0,E1A1925B1846C1577X,TE1A1B1C2D000X,1,1,1,1,1.4,1.4,1.4,1.8,0.0,0.0
8.73797,5,-22,422,0,E1A1925B1846C1578X,TE1A1B1C2D000X,1,1,1,1,1.4,1.4,1.4,1.8,0.0,0.0
8.74942,5,-21,422,0,E1A1925B1847C1579X,TE1A1B1C2D000X,1,1,1,1,1.4,1.4,1.4,1.8,0.0,0.0
8.76083,5,-21,423,0,E1A1925B1847C1579X,TE1A1B1C2D000X,1,1,1,1,1.4,1.4,1.4,1.8,0.0,0.0
8.7721,5,-21,423,0,E1A1925B1847C1580X,TE1A1B1C2D000X,1,1,1,1,1.4,1.4,1.4,1.8,0.0,0.0
8.78307,5,-20,422,0,E1A1925B1847C1582X,TE1A1B1C2D000X,1,1,1,1,1.4,1.4,1.4,1.8,0.0,0.0
8.79442,5,-20,422,0,E1A1925B1848C1583X,TE1A1B1C2D000X,1,1,1,1,1.4,1.4,1.4,1.8,0.0,0.0
8.80566,5,-19,422,0,E1A1925B1848C1585X,TE1A1B1C2D000X,1,1,1,1,1.4,1.4,1.4,1.8,0.0,0.0
8.81648,5,-19,422,0,E1A1925B1848C1586X,TE1A1B1C2D000X,1,1,1,1,1.4,1.4,1.4,1.8,0.0,0.0
8.82818,5,-18,422,0,E1A1925B1848C1588X,TE1A1B1C2D000X,1,1,1,1,1.4,1.4,1.4,1.8,0.0,0.0
8.83948,5,-18,422,0,E1A1925B1849C1590X,TE1A1B1C2D000X,1,1,1,1,1.4,1.4,1.4,1.8,0.0,0.0
8.85068,5,-18,424,0,E1A1925B1850C1592X,TE1A1B1C2D000X,1,1,1,1,1.4,1.4,1.4,1.8,0.0,0.0
8.86224,6,-17,424,0,E1A1925B1850C1594X,TE1A1B1C2D000X,1,1,1,1,1.4,1.4,1.4,1.8,0.0,0.0
8.8736,6,-17,424,0,E1A1925B1851C1596X,TE1A1B1C2D000X,1,1,1,1,1.4,1.4,1.4,1.8,0.0,0.0
8.88448,6,-16,424,0,E1A1925B1851C1599X,TE1A1B1C2D000X,1,1,1,1,1.4,1.4,1.4,1.8,0.0,0.0
8.89608,6,-16,424,0,E1A1925B1852C1601X,TE1A1B1C2D000X,1,1,1,1,1.4,1.4,1.4,1.8,0.0,0.0
8.90746,6,-15,425,0,E1A1925B1852C1604X,TE1A1B1C2D000X,1,1,1,1,1.4,1.4,1.4,1.8,0.0,0.0
8.91856,6,-14,425,0,E1A1925B1852C1607X,TE1A1B1C2D000X,1,1,1,1,1.4,1.4,1.4,1.8,0.0,0.0
8.93015,6,-14,425,0,E1A1925B1852C1610X,TE1A1B1C2D000X,1,1,1,1,1.4,1.4,1.4,1.8,0.0,0.0
8.94147,6,-13,425,0,E1A1925B1852C1613X,TE1A1B1C2D000X,1,1,1,1,1.4,1.4,1.4,1.8,0.0,0.0
8.95236,6,-13,425,0,E1A1925B1852C1616X,TE1A1B1C2D000X,1,1,1,1,1.4,1.4,1.4,1.8,0.0,0.0
8.96377,6,-12,425,0,E1A1925B1852C1619X,TE1A1B1C2D000X,1,1,1,1,1.4,1.4,1.4,1.8,0.0,0.0
8.97505,6,-12,424,0,E1A1925B1852C1621X,TE1A1B1C2D000X,1,1,1,1,1.4,1.4,1.4,1.8,0.0,0.0
8.99468,5,-11,424,0,E1A1925B1851C1624X,TE1A1B1C2D000X,1,1,1,1,1.4,1.4,1.4,1.8,0.0,0.0
9.00635,5,-11,425,0,E1A1925B1850C1626X,TE1A1B1C2D000X,1,1,1,1,1.4,1.4,1.4,1.8,0.0,0.0
9.01852,5,-10,423,0,E1A1925B1849C1628X,TE1A1B1C2D000X,1,1,1,1,1.4,1.4,1.4,1.8,0.0,0.0
9.03046,5,-10,422,0,E1A1925B1848C1630X,TE1A1B1C2D000X,1,1,1,1,1.4,1.4,1.4,1.8,0.0,0.0
9.0442,5,-10,423,0,E1A1925B1847C1631X,TE1A1B1C2D000X,1,1,1,1,1.4,1.4,1.4,1.8,0.0,0.0
9.05564,4,-9,422,0,E1A1925B1846C1633X,TE1A1B1C2D000X,1,1,1,1,1.4,1.4,1.4,1.8,0.0,0.0
9.06671,4,-9,421,0,E1A1925B1844C1634X,TE1A1B1C2D000X,1,1,1,1,1.4,1.4,1.4,1.8,0.0,0.0
9.07814,4,-9,421,0,E1A1925B1843C1634X,TE1A1B1C2D000X,1,1,1,1,1.4,1.4,1.4,1.8,0.0,0.0
9.08905,4,-8,420,0,E1A1925B1861C1641X,TE1A1B1C2D000X,1,1,1,1,1.4,1.4,1.4,1.8,0.0,0.0
9.10069,4,-8,421,0,E1A1925B1874C1646X,TE1A1B1C2D000X,1,1,1,1,1.4,1.4,1.4,1.8,0.0,0.0
9.11223,3,-8,422,0,E1A1925B1883C1648X,TE1A1B1C2D000X,1,1,1,1,1.4,1.4,1.4,1.8,0.0,0.0
9.12376,3,-8,423,0,E1A1925B1891C1648X,TE1A1B1C2D000X,1,1,1,1,1.4,1.4,1.4,1.8,0.0,0.0
9.13477,3,-8,423,0,E1A1925B1896C1647X,TE1A1B1C2D000X,1,1,1,1,1.4,1.4,1.4,1.8,0.0,0.0
9.14765,3,-8,424,0,E1A1925B1900C1646X,TE1A1B1C2D000X,1,1,1,1,1.4,1.4,1.4,1.8,0.0,0.0
9.17444,3,-8,423,0,E1A1925B1904C1644X,TE1A1B1C2D000X,1,1,1,1,1.4,1.4,1.4,1.8,0.0,0.0
9.18645,3,-7,423,0,E1A1924B1904C1645X,TE1A1B1C2D000X,1,1,1,1,1.4,1.4,1.4,1.8,0.0,0.0
9.21069,3,-7,422,0,E1A1922B1904C1647X,TE1A1B1C2D000X,1,1,1,1,1.4,1.4,1.4,1.8,0.0,0.0
9.22256,3,-7,423,0,E1A1920B1904C1649X,TE1A1B1C2D000X,1,1,1,1,1.4,1.4,1.4,1.8,0.0,0.0
9.2347,3,-7,422,0,E1A1918B1904C1650X,TE1A1B1C2D000X,1,1,1,1,1.4,1.4,1.4,1.8,0.0,0.0
9.24612,2,-7,423,0,E1A1918B1904C1651X,TE1A1B1C2D000X,1,1,1,1,1.4,1.4,1.4,1.8,0.0,0.0
9.25745,2,-7,423,0,E1A1917B1904C1652X,TE1A1B1C2D000X,1,1,1,1,1.4,1.4,1.4,1.8,0.0,0.0
9.26834,2,-7,423,0,E1A1916B1904C1652X,TE1A1B1C2D000X,1,1,1,1,1.4,1.4,1.4,1.8,0.0,0.0
9.29064,2,-7,424,0,E1A1916B1904C1652X,TE1A1B1C2D000X,1,1,1,1,1.4,1.4,1.4,1.8,0.0,0.0
9.3021,2,-7,424,0,E1A1916B1904C1652X,TE1A1B1C2D000X,1,1,1,1,1.4,1.4,1.4,1.8,0.0,0.0
9.3136,2,-7,424,0,E1A1916B1904C1651X,TE1A1B1C2D000X,1,1,1,1,1.4,1.4,1.4,1.8,0.0,0.0
9.3251,2,-8,424,0,E1A1916B1904C1650X,TE1A1B1C2D000X,1,1,1,1,1.4,1.4,1.4,1.8,0.0,0.0
9.33601,2,-8,425,0,E1A1916B1904C1649X,TE1A1B1C2D000X,1,1,1,1,1.4,1.4,1.4,1.8,0.0,0.0
9.35837,2,-8,425,0,E1A1917B1904C1648X,TE1A1B1C2D000X,1,1,1,1,1.4,1.4,1.4,1.8,0.0,0.0
9.36982,2,-8,426,0,E1A1917B1904C1647X,TE1A1B1C2D000X,1,1,1,1,1.4,1.4,1.4,1.8,0.0,0.0
9.38116,2,-8,426,0,E1A1917B1904C1645X,TE1A1B1C2D000X,1,1,1,1,1.4,1.4,1.4,1.8,0.0,0.0
9.39249,2,-8,425,0,E1A1917B1904C1644X,TE1A1B1C2D000X,1,1,1,1,1.4,1.4,1.4,1.8,0.0,0.0
9.41426,1,-8,423,0,E1A1917B1904C1643X,TE1A1B1C2D000X,1,1,1,1,1.4,1.4,1.4,1.8,0.0,0.0
9.42657,1,-8,422,0,E1A1917B1904C1641X,TE1A1B1C2D000X,1,1,1,1,1.4,1.4,1.4,1.8,0.0,0.0
9.438,1,-9,421,0,E1A1918B1904C1640X,TE1A1B1C2D000X,1,1,1,1,1.4,1.4,1.4,1.8,0.0,0.0
9.47035,1,-9,421,0,E1A1918B1904C1638X,TE1A1B1C2D000X,1,1,1,1,1.4,1.4,1.4,1.8,0.0,0.0
9.48262,1,-9,420,0,E1A1918B1904C1636X,TE1A1B1C2D000X,1,1,1,1,1.4,1.4,1.4,1.8,0.0,0.0
9.49419,1,-9,418,0,E1A1917B1904C1634X,TE1A1B1C2D000X,1,1,1,1,1.4,1.4,1.4,1.8,0.0,0.0
9.50564,1,-9,418,0,E1A1917B1904C1632X,TE1A1B1C2D000X,1,1,1,1,1.4,1.4,1.4,1.8,0.0,0.0
9.51707,1,-9,417,0,E1A1917B1904C1630X,TE1A1B1C2D000X,1,1,1,1,1.4,1.4,1.4,1.8,0.0,0.0
9.53837,1,-9,416,0,E1A1917B1904C1627X,TE1A1B1C2D000X,1,1,1,1,1.4,1.4,1.4,1.8,0.0,0.0
9.55057,1,-10,415,0,E1A1917B1904C1625X,TE1A1B1C2D000X,1,1,1,1,1.4,1.4,1.4,1.8,0.0,0.0
9.56195,1,-10,415,0,E1A1917B1904C1622X,TE1A1B1C2D000X,1,1,1,1,1.4,1.4,1.4,1.8,0.0,0.0
9.57329,1,-10,414,0,E1A1917B1904C1620X,TE1A1B1C2D000X,1,1,1,1,1.4,1.4,1.4,1.8,0.0,0.0
9.59423,1,-10,414,0,E1A1917B1904C1618X,TE1A1B1C2D000X,1,1,1,1,1.4,1.4,1.4,1.8,0.0,0.0
9.60654,1,-10,413,0,E1A1916B1904C1616X,TE1A1B1C2D000X,1,1,1,1,1.4,1.4,1.4,1.8,0.0,0.0
9.61867,1,-10,413,0,E1A1916B1904C1614X,TE1A1B1C2D000X,1,1,1,1,1.4,1.4,1.4,1.8,0.0,0.0
9.63017,1,-10,412,0,E1A1916B1904C1612X,TE1A1B1C2D000X,1,1,1,1,1.4,1.4,1.4,1.8,0.0,0.0
9.65071,1,-10,412,0,E1A1916B1904C1610X,TE1A1B1C2D000X,1,1,1,1,1.4,1.4,1.4,1.8,0.0,0.0
9.66236,1,-10,413,0,E1A1916B1904C1608X,TE1A1B1C2D000X,1,1,1,1,1.4,1.4,1.4,1.8,0.0,0.0
9.67437,1,-10,412,0,E1A1916B1904C1606X,TE1A1B1C2D000X,1,1,1,1,1.4,1.4,1.4,1.8,0.0,0.0
9.68547,1,-10,413,0,E1A1917B1904C1604X,TE1A1B1C2D000X,1,1,1,1,1.4,1.4,1.4,1.8,0.0,0.0
9.70643,1,-10,414,0,E1A1917B1904C1602X,TE1A1B1C2D000X,1,1,1,1,1.4,1.4,1.4,1.8,0.0,0.0
9.71845,1,-10,413,0,E1A1917B1904C1600X,TE1A1B1C2D000X,1,1,1,1,1.4,1.4,1.4,1.8,0.0,0.0
9.73069,1,-11,415,0,E1A1917B1904C1598X,TE1A1B1C2D000X,1,1,1,1,1.4,1.4,1.4,1.8,0.0,0.0
9.74262,1,-10,414,0,E1A1917B1904C1596X,TE1A1B1C2D000X,1,1,1,1,1.4,1.4,1.4,1.8,0.0,0.0
9.75366,1,-11,415,0,E1A1917B1904C1594X,TE1A1B1C2D000X,1,1,1,1,1.4,1.4,1.4,1.8,0.0,0.0
9.76532,1,-11,415,0,E1A1917B1904C1592X,TE1A1B1C2D000X,1,1,1,1,1.4,1.4,1.4,1.8,0.0,0.0
9.77673,1,-11,416,0,E1A1918B1904C1589X,TE1A1B1C2D000X,1,1,1,1,1.4,1.4,1.4,1.8,0.0,0.0
9.78874,1,-11,416,0,E1A1918B1904C1587X,TE1A1B1C2D000X,1,1,1,1,1.4,1.4,1.4,1.8,0.0,0.0
9.79965,1,-11,416,0,E1A1918B1904C1585X,TE1A1B1C2D000X,1,1,1,1,1.4,1.4,1.4,1.8,0.0,0.0
9.81115,1,-11,417,0,E1A1918B1904C1583X,TE1A1B1C2D000X,1,1,1,1,1.4,1.4,1.4,1.8,0.0,0.0
9.8221,1,-11,417,0,E1A1918B1904C1581X,TE1A1B1C2D000X,1,1,1,1,1.4,1.4,1.4,1.8,0.0,0.0
9.8337,1,-11,418,0,E1A1918B1904C1579X,TE1A1B1C2D000X,1,1,1,1,1.4,1.4,1.4,1.8,0.0,0.0
9.84521,1,-11,418,0,E1A1918B1904C1576X,TE1A1B1C2D000X,1,1,1,1,1.4,1.4,1.4,1.8,0.0,0.0
9.8587,1,-11,418,0,E1A1917B1904C1575X,TE1A1B1C2D000X,1,1,1,1,1.4,1.4,1.4,1.8,0.0,0.0
9.87174,1,-11,419,0,E1A1917B1904C1573X,TE1A1B1C2D000X,1,1,1,1,1.4,1.4,1.4,1.8,0.0,0.0
9.88308,1,-12,420,0,E1A1916B1904C1572X,TE1A1B1C2D000X,1,1,1,1,1.4,1.4,1.4,1.8,0.0,0.0
9.8946,1,-12,421,0,E1A1916B1904C1570X,TE1A1B1C2D000X,1,1,1,1,1.4,1.4,1.4,1.8,0.0,0.0
9.91087,1,-12,421,0,E1A1915B1904C1568X,TE1A1B1C2D000X,1,1,1,1,1.4,1.4,1.4,1.8,0.0,0.0
9.93446,1,-12,421,0,E1A1915B1904C1566X,TE1A1B1C2D000X,1,1,1,1,1.4,1.4,1.4,1.8,0.0,0.0
9.94585,2,-12,421,0,E1A1914B1904C1565X,TE1A1B1C2D000X,1,1,1,1,1.4,1.4,1.4,1.8,0.0,0.0
9.95662,2,-12,421,0,E1A1913B1904C1563X,TE1A1B1C2D000X,1,1,1,1,1.4,1.4,1.4,1.8,0.0,0.0
9.96817,2,-12,422,0,E1A1913B1904C1562X,TE1A1B1C2D000X,1,1,1,1,1.4,1.4,1.4,1.8,0.0,0.0
9.97949,2,-12,421,0,E1A1912B1904C1560X,TE1A1B1C2D000X,1,1,1,1,1.4,1.4,1.4,1.8,0.0,0.0
10.0007,2,-12,421,0,E1A1911B1904C1559X,TE1A1B1C2D000X,1,1,1,1,1.4,1.4,1.4,1.8,0.0,0.0
10.012,2,-12,421,0,E1A1911B1904C1557X,TE1A1B1C2D000X,1,1,1,1,1.4,1.4,1.4,1.8,0.0,0.0
10.023,2,-12,422,0,E1A1910B1904C1556X,TE1A1B1C2D000X,1,1,1,1,1.4,1.4,1.4,1.8,0.0,0.0
10.0345,2,-12,421,0,E1A1910B1904C1555X,TE1A1B1C2D000X,1,1,1,1,1.4,1.4,1.4,1.8,0.0,0.0
10.0465,2,-12,421,0,E1A1910B1904C1553X,TE1A1B1C2D000X,1,1,1,1,1.4,1.4,1.4,1.8,0.0,0.0
10.0584,2,-12,421,0,E1A1909B1904C1552X,TE1A1B1C2D000X,1,1,1,1,1.4,1.4,1.4,1.8,0.0,0.0
10.0694,2,-12,421,0,E1A1909B1904C1551X,TE1A1B1C2D000X,1,1,1,1,1.4,1.4,1.4,1.8,0.0,0.0
10.0826,3,-12,421,0,E1A1908B1904C1549X,TE1A1B1C2D000X,1,1,1,1,1.4,1.4,1.4,1.8,0.0,0.0
10.0959,3,-12,420,0,E1A1908B1904C1548X,TE1A1B1C2D000X,1,1,1,1,1.4,1.4,1.4,1.8,0.0,0.0
10.1073,3,-12,420,0,E1A1908B1904C1546X,TE1A1B1C2D000X,1,1,1,1,1.4,1.4,1.4,1.8,0.0,0.0
10.1183,3,-12,420,0,E1A1908B1904C1545X,TE1A1B1C2D000X,1,1,1,1,1.4,1.4,1.4,1.8,0.0,0.0
10.1298,3,-12,420,0,E1A1907B1904C1543X,TE1A1B1C2D000X,1,1,1,1,1.4,1.4,1.4,1.8,0.0,0.0
10.1411,3,-12,420,0,E1A1907B1904C1542X,TE1A1B1C2D000X,1,1,1,1,1.4,1.4,1.4,1.8,0.0,0.0
10.152,3,-12,421,0,E1A1907B1904C1540X,TE1A1B1C2D000X,1,1,1,1,1.4,1.4,1.4,1.8,0.0,0.0
10.1706,3,-12,422,0,E1A1907B1904C1539X,TE1A1B1C2D000X,1,1,1,1,1.4,1.4,1.4,1.8,0.0,0.0
10.1825,3,-12,422,0,E1A1907B1904C1537X,TE1A1B1C2D000X,1,1,1,1,1.4,1.4,1.4,1.8,0.0,0.0
10.194,3,-12,423,0,E1A1907B1904C1536X,TE1A1B1C2D000X,1,1,1,1,1.4,1.4,1.4,1.8,0.0,0.0
10.2078,3,-12,424,0,E1A1906B1904C1534X,TE1A1B1C2D000X,1,1,1,1,1.4,1.4,1.4,1.8,0.0,0.0
10.2187,3,-12,423,0,E1A1906B1904C1533X,TE1A1B1C2D000X,1,1,1,1,1.4,1.4,1.4,1.8,0.0,0.0
10.2305,3,-12,423,0,E1A1906B1904C1531X,TE1A1B1C2D000X,1,1,1,1,1.4,1.4,1.4,1.8,0.0,0.0
10.2422,3,-12,423,0,E1A1906B1904C1530X,TE1A1B1C2D000X,1,1,1,1,1.4,1.4,1.4,1.8,0.0,0.0
10.2533,3,-12,422,0,E1A1906B1904C1529X,TE1A1B1C2D000X,1,1,1,1,1.4,1.4,1.4,1.8,0.0,0.0
10.2657,3,-12,422,0,E1A1906B1904C1527X,TE1A1B1C2D000X,1,1,1,1,1.4,1.4,1.4,1.8,0.0,0.0
10.2774,3,-12,421,0,E1A1906B1904C1526X,TE1A1B1C2D000X,1,1,1,1,1.4,1.4,1.4,1.8,0.0,0.0
10.2888,3,-12,421,0,E1A1906B1904C1525X,TE1A1B1C2D000X,1,1,1,1,1.4,1.4,1.4,1.8,0.0,0.0
10.3006,3,-12,422,0,E1A1906B1904C1524X,TE1A1B1C2D000X,1,1,1,1,1.4,1.4,1.4,1.8,0.0,0.0
10.3125,3,-12,423,0,E1A1905B1904C1524X,TE1A1B1C2D000X,1,1,1,1,1.4,1.4,1.4,1.8,0.0,0.0
10.3242,3,-12,422,0,E1A1905B1904C1523X,TE1A1B1C2D000X,1,1,1,1,1.4,1.4,1.4,1.8,0.0,0.0
10.3356,3,-12,422,0,E1A1905B1904C1522X,TE1A1B1C2D000X,1,1,1,1,1.4,1.4,1.4,1.8,0.0,0.0
10.3487,3,-12,422,0,E1A1905B1904C1522X,TE1A1B1C2D000X,1,1,1,1,1.4,1.4,1.4,1.8,0.0,0.0
10.3601,3,-12,421,0,E1A1905B1904C1521X,TE1A1B1C2D000X,1,1,1,1,1.4,1.4,1.4,1.8,0.0,0.0
10.3709,3,-11,421,0,E1A1905B1904C1520X,TE1A1B1C2D000X,1,1,1,1,1.4,1.4,1.4,1.8,0.0,0.0
10.3824,3,-11,420,0,E1A1905B1904C1520X,TE1A1B1C2D000X,1,1,1,1,1.4,1.4,1.4,1.8,0.0,0.0
10.3936,2,-11,420,0,E1A1905B1904C1519X,TE1A1B1C2D000X,1,1,1,1,1.4,1.4,1.4,1.8,0.0,0.0
10.4051,2,-11,421,0,E1A1905B1904C1519X,TE1A1B1C2D000X,1,1,1,1,1.4,1.4,1.4,1.8,0.0,0.0
10.416,2,-11,421,0,E1A1905B1904C1518X,TE1A1B1C2D000X,1,1,1,1,1.4,1.4,1.4,1.8,0.0,0.0
10.4274,2,-11,421,0,E1A1905B1904C1517X,TE1A1B1C2D000X,1,1,1,1,1.4,1.4,1.4,1.8,0.0,0.0
10.4389,2,-11,422,0,E1A1904B1904C1517X,TE1A1B1C2D000X,1,1,1,1,1.4,1.4,1.4,1.8,0.0,0.0
10.4499,2,-11,422,0,E1A1904B1904C1516X,TE1A1B1C2D000X,1,1,1,1,1.4,1.4,1.4,1.8,0.0,0.0
10.4616,2,-11,423,0,E1A1904B1904C1515X,TE1A1B1C2D000X,1,1,1,1,1.4,1.4,1.4,1.8,0.0,0.0
10.4746,2,-11,423,0,E1A1904B1904C1514X,TE1A1B1C2D000X,1,1,1,1,1.4,1.4,1.4,1.8,0.0,0.0
10.4865,2,-11,424,0,E1A1904B1904C1514X,TE1A1B1C2D000X,1,1,1,1,1.4,1.4,1.4,1.8,0.0,0.0
10.4986,2,-11,423,0,E1A1904B1904C1512X,TE1A1B1C2D000X,1,1,1,1,1.4,1.4,1.4,1.8,0.0,0.0
10.5187,2,-11,423,0,E1A1904B1904C1510X,TE1A1B1C2D000X,1,1,1,1,1.4,1.4,1.4,1.8,0.0,0.0
10.5306,2,-11,422,0,E1A1904B1904C1509X,TE1A1B1C2D000X,1,1,1,1,1.4,1.4,1.4,1.8,0.0,0.0
10.5428,2,-11,422,0,E1A1905B1904C1507X,TE1A1B1C2D000X,1,1,1,1,1.4,1.4,1.4,1.8,0.0,0.0
10.5543,2,-11,421,0,E1A1905B1904C1505X,TE1A1B1C2D000X,1,1,1,1,1.4,1.4,1.4,1.8,0.0,0.0
10.5667,2,-11,422,0,E1A1905B1904C1503X,TE1A1B1C2D000X,1,1,1,1,1.4,1.4,1.4,1.8,0.0,0.0
10.5866,2,-11,422,0,E1A1905B1904C1501X,TE1A1B1C2D000X,1,1,1,1,1.4,1.4,1.4,1.8,0.0,0.0
10.5987,2,-11,423,0,E1A1906B1904C1500X,TE1A1B1C2D000X,1,1,1,1,1.4,1.4,1.4,1.8,0.0,0.0
10.6108,2,-11,423,0,E1A1906B1904C1497X,TE1A1B1C2D000X,1,1,1,1,1.4,1.4,1.4,1.8,0.0,0.0
10.6224,2,-11,422,0,E1A1906B1904C1494X,TE1A1B1C2D000X,1,1,1,1,1.4,1.4,1.4,1.8,0.0,0.0
10.6346,2,-11,422,0,E1A1906B1904C1492X,TE1A1B1C2D000X,1,1,1,1,1.4,1.4,1.4,1.8,0.0,0.0
10.6462,2,-11,422,0,E1A1905B1904C1490X,TE1A1B1C2D000X,1,1,1,1,1.4,1.4,1.4,1.8,0.0,0.0
10.6576,2,-12,423,0,E1A1905B1904C1488X,TE1A1B1C2D000X,1,1,1,1,1.4,1.4,1.4,1.8,0.0,0.0
10.6688,2,-12,423,0,E1A1905B1904C1485X,TE1A1B1C2D000X,1,1,1,1,1.4,1.4,1.4,1.8,0.0,0.0
10.6803,2,-12,422,0,E1A1904B1904C1482X,TE1A1B1C2D000X,1,1,1,1,1.4,1.4,1.4,1.8,0.0,0.0
10.6928,2,-12,421,0,E1A1904B1904C1479X,TE1A1B1C2D000X,1,1,1,1,1.4,1.4,1.4,1.8,0.0,0.0
10.7106,2,-12,422,0,E1A1904B1904C1476X,TE1A1B1C3D000X,1,1,1,1,1.4,1.4,1.4,1.8,0.0,0.0
10.7225,2,-12,422,0,E1A1903B1904C1473X,TE1A1B1C3D000X,1,1,1,1,1.4,1.4,1.4,1.8,0.0,0.0
10.7785,2,-13,422,0,E1A1903B1904C1470X,TE1A1B1C3D000X,1,1,1,1,1.4,1.4,1.4,1.8,0.0,0.0
10.7906,2,-13,422,0,E1A1902B1904C1468X,TE1A1B1C3D000X,1,1,1,1,1.4,1.4,1.4,1.8,0.0,0.0
10.8026,2,-13,422,0,E1A1902B1904C1465X,TE1A1B1C3D000X,1,1,1,1,1.4,1.4,1.4,1.8,0.0,0.0
10.8145,2,-13,421,0,E1A1902B1904C1462X,TE1A1B1C3D000X,1,1,1,1,1.4,1.4,1.4,1.8,0.0,0.0
10.8266,2,-13,422,0,E1A1901B1904C1459X,TE1A1B1C3D000X,1,1,1,1,1.4,1.4,1.4,1.8,0.0,0.0
10.838,3,-13,422,0,E1A1901B1904C1456X,TE1A1B1C3D000X,1,1,1,1,1.4,1.4,1.4,1.8,0.0,0.0
10.8496,3,-13,423,0,E1A1901B1904C1454X,TE1A1B1C3D000X,1,1,1,1,1.4,1.4,1.4,1.8,0.0,0.0
10.861,3,-13,423,0,E1A1901B1904C1453X,TE1A1B1C3D000X,1,1,1,1,1.4,1.4,1.4,1.8,0.0,0.0
10.8724,3,-13,422,0,E1A1900B1904C1451X,TE1A1B1C3D000X,1,1,1,1,1.4,1.4,1.4,1.8,0.0,0.0
10.8902,3,-13,423,0,E1A1900B1904C1450X,TE1A1B1C3D000X,1,1,1,1,1.4,1.4,1.4,1.8,0.0,0.0
10.9027,3,-13,422,0,E1A1899B1904C1449X,TE1A1B1C3D000X,1,1,1,1,1.4,1.4,1.4,1.8,0.0,0.0
10.9147,3,-13,422,0,E1A1899B1904C1447X,TE1A1B1C3D000X,1,1,1,1,1.4,1.4,1.4,1.8,0.0,0.0
10.9267,3,-13,421,0,E1A1898B1904C1446X,TE1A1B1C3D000X,1,1,1,1,1.4,1.4,1.4,1.8,0.0,0.0
10.9389,3,-13,421,0,E1A1898B1904C1445X,TE1A1B1C3D000X,1,1,1,1,1.4,1.4,1.4,1.8,0.0,0.0
10.9504,3,-13,421,0,E1A1897B1904C1444X,TE1A1B1C3D000X,1,1,1,1,1.4,1.4,1.4,1.8,0.0,0.0
10.962,3,-13,421,0,E1A1897B1904C1443X,TE1A1B1C3D000X,1,1,1,1,1.4,1.4,1.4,1.8,0.0,0.0
10.9733,3,-13,422,1,E1A1897B1904C1442X,TE1A1B1C3D000X,1,1,1,1,1.4,1.4,1.4,1.8,0.0,0.0
