timestamp,errXmm,errYmm,errZmm,TouchDetected,OutgoingPacket,IncomingPacket,Serial0Enabled,Serial0Open,Serial1Enabled,Serial1Open,kpx,kpy,kix,kiy,kdx,kdy
0.000990435,1,0,365,0,E1A1914B1905C1715X,TE1A1B1C1D000X,1,1,1,1,1.4,1.4,1.4,1.8,0.0,0.0
0.0195028,1,0,365,0,E1A1914B1905C1715X,TE1A1B1C1D000X,1,1,1,1,1.4,1.4,1.4,1.8,0.0,0.0
0.0315209,1,0,365,0,E1A1914B1905C1715X,TE1A1B1C1D000X,1,1,1,1,1.4,1.4,1.4,1.8,0.0,0.0
0.0430259,1,0,365,0,E1A1914B1905C1715X,TE1A1B1C1D000X,1,1,1,1,1.4,1.4,1.4,1.8,0.0,0.0
0.055883,1,0,371,0,E1A1915B1905C1716X,TE1A1B1C1D000X,1,1,1,1,1.4,1.4,1.4,1.8,0.0,0.0
0.0754566,1,0,377,0,E1A1915B1905C1716X,TE1A1B1C1D000X,1,1,1,1,1.4,1.4,1.4,1.8,0.0,0.0
0.0877298,1,0,379,0,E1A1915B1905C1716X,TE1A1B1C1D000X,1,1,1,1,1.4,1.4,1.4,1.8,0.0,0.0
0.10037,2,6,376,0,E1A1874B1878C1716X,TE1A1B1C1D000X,1,1,1,1,1.4,1.4,1.4,1.8,0.0,0.0
0.111871,2,11,373,0,E1A1844B1853C1716X,TE1A1B1C1D000X,1,1,1,1,1.4,1.4,1.4,1.8,0.0,0.0
0.131508,2,15,372,0,E1A1820B1834C1716X,TE1A1B1C1D000X,1,1,1,1,1.4,1.4,1.4,1.8,0.0,0.0
0.143745,3,18,370,0,E1A1800B1818C1716X,TE1A1B1C1D000X,1,1,1,1,1.4,1.4,1.4,1.8,0.0,0.0
0.155745,3,20,367,0,E1A1783B1804C1716X,TE1A1B1C1D000X,1,1,1,1,1.4,1.4,1.4,1.8,0.0,0.0
0.167097,3,22,366,0,E1A1768B1792C1716X,TE1A1B1C1D000X,1,1,1,1,1.4,1.4,1.4,1.8,0.0,0.0
0.17924,3,24,366,0,E1A1756B1782C1716X,TE1A1B1C1D000X,1,1,1,1,1.4,1.4,1.4,1.8,0.0,0.0
0.19167,3,25,365,0,E1A1746B1773C1716X,TE1A1B1C1D000X,1,1,1,1,1.4,1.4,1.4,1.8,0.0,0.0
0.203761,3,26,364,0,E1A1738B1765C1716X,TE1A1B1C1D000X,1,1,1,1,1.4,1.4,1.4,1.8,0.0,0.0
0.215979,3,27,364,0,E1A1732B1759C1716X,TE1A1B1C1D000X,1,1,1,1,1.4,1.4,1.4,1.8,0.0,0.0
0.227584,3,27,363,0,E1A1728B1754C1716X,TE1A1B1C1D000X,1,1,1,1,1.4,1.4,1.4,1.8,0.0,0.0
0.240273,3,28,363,0,E1A1724B1750C1716X,TE1A1B1C1D000X,1,1,1,1,1.4,1.4,1.4,1.8,0.0,0.0
0.252488,3,28,363,0,E1A1721B1746C1716X,TE1A1B1C1D000X,1,1,1,1,1.4,1.4,1.4,1.8,0.0,0.0
0.263911,3,28,363,0,E1A1719B1744C1716X,TE1A1B1C1D000X,1,1,1,1,1.4,1.4,1.4,1.8,0.0,0.0
0.2766,3,28,363,0,E1A1717B1741C1716X,TE1A1B1C1D000X,1,1,1,1,1.4,1.4,1.4,1.8,0.0,0.0
0.28886,3,28,364,0,E1A1715B1739C1716X,TE1A1B1C1D000X,1,1,1,1,1.4,1.4,1.4,1.8,0.0,0.0
0.300397,3,28,363,0,E1A1714B1737C1716X,TE1A1B1C1D000X,1,1,1,1,1.4,1.4,1.4,1.8,0.0,0.0
0.312008,3,28,364,0,E1A1712B1736C1716X,TE1A1B1C1D000X,1,1,1,1,1.4,1.4,1.4,1.8,0.0,0.0
0.324097,3,28,364,0,E1A1711B1736C1716X,TE1A1B1C1D000X,1,1,1,1,1.4,1.4,1.4,1.8,0.0,0.0
0.336519,3,28,366,0,E1A1710B1735C1716X,TE1A1B1C1D000X,1,1,1,1,1.4,1.4,1.4,1.8,0.0,0.0
0.348633,3,27,366,0,E1A1710B1735C1716X,TE1A1B1C1D000X,1,1,1,1,1.4,1.4,1.4,1.8,0.0,0.0
0.360253,3,27,366,0,E1A1709B1735C1716X,TE1A1B1C1D000X,1,1,1,1,1.4,1.4,1.4,1.8,0.0,0.0
0.372853,3,27,366,0,E1A1708B1735C1716X,TE1A1B1C1D000X,1,1,1,1,1.4,1.4,1.4,1.8,0.0,0.0
0.385381,3,27,366,0,E1A1707B1735C1716X,TE1A1B1C1D000X,1,1,1,1,1.4,1.4,1.4,1.8,0.0,0.0
0.403351,3,26,366,0,E1A1706B1735C1716X,TE1A1B1C1D000X,1,1,1,1,1.4,1.4,1.4,1.8,0.0,0.0
0.415643,3,26,366,0,E1A1705B1735C1716X,TE1A1B1C1D000X,1,1,1,1,1.4,1.4,1.4,1.8,0.0,0.0
0.426921,3,26,366,0,E1A1705B1735C1716X,TE1A2B1C1D000X,1,1,1,1,1.4,1.4,1.4,1.8,0.0,0.0
0.43926,3,26,366,0,E1A1704B1735C1716X,TE1A2B1C1D000X,1,1,1,1,1.4,1.4,1.4,1.8,0.0,0.0
0.451332,3,25,366,0,E1A1702B1735C1716X,TE1A2B1C1D000X,1,1,1,1,1.4,1.4,1.4,1.8,0.0,0.0
0.462648,3,25,366,0,E1A1701B1734C1716X,TE1A2B1C1D000X,1,1,1,1,1.4,1.4,1.4,1.8,0.0,0.0
0.474736,3,25,367,0,E1A1700B1734C1716X,TE1A2B1C1D000X,1,1,1,1,1.4,1.4,1.4,1.8,0.0,0.0
0.487088,3,25,367,0,E1A1698B1733C1716X,TE1A2B1C1D000X,1,1,1,1,1.4,1.4,1.4,1.8,0.0,0.0
0.498927,3,25,368,0,E1A1697B1733C1716X,TE1A2B1C1D000X,1,1,1,1,1.4,1.4,1.4,1.8,0.0,0.0
0.510405,3,25,368,0,E1A1695B1732C1716X,TE1A2B1C1D000X,1,1,1,1,1.4,1.4,1.4,1.8,0.0,0.0
0.522758,3,25,368,0,E1A1693B1731C1716X,TE1A2B1C1D000X,1,1,1,1,1.4,1.4,1.4,1.8,0.0,0.0
0.534206,3,25,367,0,E1A1691B1730C1716X,TE1A2B1C1D000X,1,1,1,1,1.4,1.4,1.4,1.8,0.0,0.0
0.5462,3,24,367,0,E1A1689B1729C1716X,TE1A2B1C1D000X,1,1,1,1,1.4,1.4,1.4,1.8,0.0,0.0
0.557493,3,24,368,0,E1A1688B1728C1716X,TE1A2B1C1D000X,1,1,1,1,1.4,1.4,1.4,1.8,0.0,0.0
0.569615,3,24,368,0,E1A1687B1727C1716X,TE1A2B1C1D000X,1,1,1,1,1.4,1.4,1.4,1.8,0.0,0.0
0.594917,3,24,368,0,E1A1685B1726C1716X,TE1A2B1C1D000X,1,1,1,1,1.4,1.4,1.4,1.8,0.0,0.0
0.60682,3,24,367,0,E1A1684B1725C1716X,TE1A2B1C1D000X,1,1,1,1,1.4,1.4,1.4,1.8,0.0,0.0
0.618894,3,24,368,0,E1A1683B1725C1716X,TE1A2B1C1D000X,1,1,1,1,1.4,1.4,1.4,1.8,0.0,0.0
0.631147,3,24,368,0,E1A1682B1724C1716X,TE1A2B1C1D000X,1,1,1,1,1.4,1.4,1.4,1.8,0.0,0.0
0.642527,3,24,368,0,E1A1680B1723C1716X,TE1A2B1C1D000X,1,1,1,1,1.4,1.4,1.4,1.8,0.0,0.0
0.654285,4,24,367,0,E1A1678B1722C1716X,TE1A2B1C1D000X,1,1,1,1,1.4,1.4,1.4,1.8,0.0,0.0
0.687275,4,23,367,0,E1A1676B1722C1716X,TE1A2B1C1D000X,1,1,1,1,1.4,1.4,1.4,1.8,0.0,0.0
0.699072,4,23,367,0,E1A1674B1721C1716X,TE1A2B1C1D000X,1,1,1,1,1.4,1.4,1.4,1.8,0.0,0.0
0.710769,4,23,367,0,E1A1672B1721C1716X,TE1A2B1C1D000X,1,1,1,1,1.4,1.4,1.4,1.8,0.0,0.0
0.743371,4,23,367,0,E1A1669B1720C1716X,TE1A2B1C1D000X,1,1,1,1,1.4,1.4,1.4,1.8,0.0,0.0
0.757873,4,23,367,0,E1A1667B1720C1716X,TE1A2B1C1D000X,1,1,1,1,1.4,1.4,1.4,1.8,0.0,0.0
0.771477,4,23,367,0,E1A1665B1719C1716X,TE1A2B1C1D000X,1,1,1,1,1.4,1.4,1.4,1.8,0.0,0.0
0.783757,4,23,367,0,E1A1663B1717C1716X,TE1A2B1C1D000X,1,1,1,1,1.4,1.4,1.4,1.8,0.0,0.0
0.796351,4,23,366,0,E1A1660B1716C1716X,TE1A2B1C1D000X,1,1,1,1,1.4,1.4,1.4,1.8,0.0,0.0
0.810749,4,23,366,0,E1A1658B1715C1716X,TE1A2B1C1D000X,1,1,1,1,1.4,1.4,1.4,1.8,0.0,0.0
0.822363,4,23,367,0,E1A1657B1713C1716X,TE1A2B1C1D000X,1,1,1,1,1.4,1.4,1.4,1.8,0.0,0.0
0.834505,4,23,367,0,E1A1655B1712C1716X,TE1A2B1C1D000X,1,1,1,1,1.4,1.4,1.4,1.8,0.0,0.0
0.846699,4,23,367,0,E1A1653B1710C1716X,TE1A2B1C1D000X,1,1,1,1,1.4,1.4,1.4,1.8,0.0,0.0
0.860798,4,23,366,0,E1A1651B1708C1716X,TE1A2B1C1D000X,1,1,1,1,1.4,1.4,1.4,1.8,0.0,0.0
0.872848,4,23,366,0,E1A1650B1705C1716X,TE1A2B1C1D000X,1,1,1,1,1.4,1.4,1.4,1.8,0.0,0.0
0.886555,4,23,366,0,E1A1648B1703C1716X,TE1A2B2C1D000X,1,1,1,1,1.4,1.4,1.4,1.8,0.0,0.0
0.898723,4,23,366,0,E1A1647B1701C1716X,TE1A2B2C1D000X,1,1,1,1,1.4,1.4,1.4,1.8,0.0,0.0
0.910601,4,23,366,0,E1A1645B1699C1716X,TE1A2B2C1D000X,1,1,1,1,1.4,1.4,1.4,1.8,0.0,0.0
0.924461,3,23,365,0,E1A1644B1696C1716X,TE1A2B2C1D000X,1,1,1,1,1.4,1.4,1.4,1.8,0.0,0.0
0.936652,3,23,365,0,E1A1642B1694C1716X,TE1A2B2C1D000X,1,1,1,1,1.4,1.4,1.4,1.8,0.0,0.0
0.949831,3,23,365,0,E1A1639B1692C1716X,TE1A2B2C1D000X,1,1,1,1,1.4,1.4,1.4,1.8,0.0,0.0
0.962262,3,23,365,0,E1A1637B1691C1716X,TE1A2B2C1D000X,1,1,1,1,1.4,1.4,1.4,1.8,0.0,0.0
0.979231,3,24,366,0,E1A1635B1689C1716X,TE1A2B2C1D000X,1,1,1,1,1.4,1.4,1.4,1.8,0.0,0.0
0.991894,3,24,367,0,E1A1633B1688C1716X,TE1A2B2C1D000X,1,1,1,1,1.4,1.4,1.4,1.8,0.0,0.0
1.00628,4,24,367,0,E1A1630B1687C1716X,TE1A2B2C1D000X,1,1,1,1,1.4,1.4,1.4,1.8,0.0,0.0
1.01975,4,24,367,0,E1A1628B1686C1716X,TE1A2B2C1D000X,1,1,1,1,1.4,1.4,1.4,1.8,0.0,0.0
1.03404,4,24,366,0,E1A1625B1685C1716X,TE1A2B2C1D000X,1,1,1,1,1.4,1.4,1.4,1.8,0.0,0.0
1.04585,4,24,366,0,E1A1622B1684C1716X,TE1A2B2C1D000X,1,1,1,1,1.4,1.4,1.4,1.8,0.0,0.0
1.06581,4,24,367,0,E1A1620B1683C1716X,TE1A2B2C1D000X,1,1,1,1,1.4,1.4,1.4,1.8,0.0,0.0
1.07841,4,24,367,0,E1A1617B1681C1716X,TE1A2B2C1D000X,1,1,1,1,1.4,1.4,1.4,1.8,0.0,0.0
1.0903,4,24,367,0,E1A1614B1680C1716X,TE1A2B2C1D000X,1,1,1,1,1.4,1.4,1.4,1.8,0.0,0.0
1.10237,4,24,367,0,E1A1612B1679C1716X,TE1A2B2C1D000X,1,1,1,1,1.4,1.4,1.4,1.8,0.0,0.0
1.11404,4,24,368,0,E1A1610B1678C1716X,TE1A2B2C1D000X,1,1,1,1,1.4,1.4,1.4,1.8,0.0,0.0
1.12648,4,24,368,0,E1A1608B1676C1716X,TE1A2B2C1D000X,1,1,1,1,1.4,1.4,1.4,1.8,0.0,0.0
1.13869,4,24,368,0,E1A1606B1675C1716X,TE1A2B2C1D000X,1,1,1,1,1.4,1.4,1.4,1.8,0.0,0.0
1.15146,4,24,368,0,E1A1604B1674C1716X,TE1A2B2C1D000X,1,1,1,1,1.4,1.4,1.4,1.8,0.0,0.0
1.16281,4,24,367,0,E1A1602B1673C1716X,TE1A2B2C1D000X,1,1,1,1,1.4,1.4,1.4,1.8,0.0,0.0
1.17427,4,24,367,0,E1A1600B1672C1716X,TE1A2B2C1D000X,1,1,1,1,1.4,1.4,1.4,1.8,0.0,0.0
1.18665,4,24,367,0,E1A1598B1671C1716X,TE1A2B2C1D000X,1,1,1,1,1.4,1.4,1.4,1.8,0.0,0.0
1.19804,4,24,367,0,E1A1596B1670C1716X,TE1A2B2C1D000X,1,1,1,1,1.4,1.4,1.4,1.8,0.0,0.0
1.21018,4,24,367,0,E1A1594B1669C1716X,TE1A2B2C1D000X,1,1,1,1,1.4,1.4,1.4,1.8,0.0,0.0
1.22241,5,24,367,0,E1A1592B1668C1716X,TE1A2B2C1D000X,1,1,1,1,1.4,1.4,1.4,1.8,0.0,0.0
1.23387,5,23,367,0,E1A1590B1667C1716X,TE1A2B2C1D000X,1,1,1,1,1.4,1.4,1.4,1.8,0.0,0.0
1.24551,5,23,366,0,E1A1587B1667C1716X,TE1A2B2C1D000X,1,1,1,1,1.4,1.4,1.4,1.8,0.0,0.0
1.25768,5,23,366,0,E1A1586B1666C1716X,TE1A2B2C1D000X,1,1,1,1,1.4,1.4,1.4,1.8,0.0,0.0
1.2713,5,23,366,0,E1A1584B1666C1716X,TE1A2B2C1D000X,1,1,1,1,1.4,1.4,1.4,1.8,0.0,0.0
1.28374,5,23,367,0,E1A1582B1665C1716X,TE1A2B2C1D000X,1,1,1,1,1.4,1.4,1.4,1.8,0.0,0.0
1.29518,5,23,366,0,E1A1580B1664C1716X,TE1A2B2C1D000X,1,1,1,1,1.4,1.4,1.4,1.8,0.0,0.0
1.30709,5,23,366,0,E1A1578B1663C1716X,TE1A2B2C1D000X,1,1,1,1,1.4,1.4,1.4,1.8,0.0,0.0
1.31978,5,23,367,0,E1A1577B1662C1716X,TE1A2B2C1D000X,1,1,1,1,1.4,1.4,1.4,1.8,0.0,0.0
1.33147,5,23,368,0,E1A1575B1661C1716X,TE1A2B2C1D000X,1,1,1,1,1.4,1.4,1.4,1.8,0.0,0.0
1.34398,5,23,368,0,E1A1574B1659C1716X,TE1A2B2C1D000X,1,1,1,1,1.4,1.4,1.4,1.8,0.0,0.0
1.35562,5,23,368,0,E1A1572B1658C1716X,TE1A2B2C1D000X,1,1,1,1,1.4,1.4,1.4,1.8,0.0,0.0
1.367,5,23,368,0,E1A1569B1657C1716X,TE1A2B2C1D000X,1,1,1,1,1.4,1.4,1.4,1.8,0.0,0.0
1.37858,5,23,368,0,E1A1567B1655C1716X,TE1A2B2C1D000X,1,1,1,1,1.4,1.4,1.4,1.8,0.0,0.0
1.39052,5,23,368,0,E1A1565B1654C1716X,TE1A2B2C1D000X,1,1,1,1,1.4,1.4,1.4,1.8,0.0,0.0
1.4021,5,23,367,0,E1A1563B1653C1716X,TE1A2B2C1D000X,1,1,1,1,1.4,1.4,1.4,1.8,0.0,0.0
1.41419,5,23,367,0,E1A1560B1652C1716X,TE1A2B2C1D000X,1,1,1,1,1.4,1.4,1.4,1.8,0.0,0.0
1.42589,5,23,367,0,E1A1558B1650C1716X,TE1A2B2C1D000X,1,1,1,1,1.4,1.4,1.4,1.8,0.0,0.0
1.44336,5,23,367,0,E1A1556B1649C1716X,TE1A2B2C1D000X,1,1,1,1,1.4,1.4,1.4,1.8,0.0,0.0
1.45716,5,23,367,0,E1A1554B1648C1716X,TE1A2B2C1D000X,1,1,1,1,1.4,1.4,1.4,1.8,0.0,0.0
1.46919,5,23,367,0,E1A1551B1647C1716X,TE1A2B2C1D000X,1,1,1,1,1.4,1.4,1.4,1.8,0.0,0.0
1.48124,5,23,367,0,E1A1549B1645C1716X,TE1A2B2C1D000X,1,1,1,1,1.4,1.4,1.4,1.8,0.0,0.0
1.49905,5,23,367,0,E1A1547B1644C1716X,TE1A2B2C1D000X,1,1,1,1,1.4,1.4,1.4,1.8,0.0,0.0
1.51095,5,23,367,0,E1A1544B1643C1716X,TE1A2B2C1D000X,1,1,1,1,1.4,1.4,1.4,1.8,0.0,0.0
1.52551,5,23,366,0,E1A1542B1642C1716X,TE1A2B2C1D000X,1,1,1,1,1.4,1.4,1.4,1.8,0.0,0.0
1.53748,5,23,366,0,E1A1540B1642C1716X,TE1A2B2C1D000X,1,1,1,1,1.4,1.4,1.4,1.8,0.0,0.0
1.54956,5,23,366,0,E1A1537B1640C1716X,TE1A2B2C1D000X,1,1,1,1,1.4,1.4,1.4,1.8,0.0,0.0
1.56136,5,23,366,0,E1A1535B1640C1716X,TE1A2B2C1D000X,1,1,1,1,1.4,1.4,1.4,1.8,0.0,0.0
1.57305,6,23,366,0,E1A1533B1639C1716X,TE1A2B2C1D000X,1,1,1,1,1.4,1.4,1.4,1.8,0.0,0.0
1.58625,6,23,367,0,E1A1531B1638C1716X,TE1A2B2C1D000X,1,1,1,1,1.4,1.4,1.4,1.8,0.0,0.0
1.60013,6,23,367,0,E1A1529B1637C1716X,TE1A2B2C1D000X,1,1,1,1,1.4,1.4,1.4,1.8,0.0,0.0
1.61413,6,23,367,0,E1A1526B1636C1716X,TE1A2B2C1D000X,1,1,1,1,1.4,1.4,1.4,1.8,0.0,0.0
1.62592,6,23,367,0,E1A1524B1635C1716X,TE1A2B2C1D000X,1,1,1,1,1.4,1.4,1.4,1.8,0.0,0.0
1.63712,6,23,367,0,E1A1521B1635C1716X,TE1A2B2C1D000X,1,1,1,1,1.4,1.4,1.4,1.8,0.0,0.0
1.65872,6,23,367,0,E1A1519B1634C1716X,TE1A2B2C1D000X,1,1,1,1,1.4,1.4,1.4,1.8,0.0,0.0
1.67905,6,23,367,0,E1A1516B1634C1716X,TE1A2B2C1D000X,1,1,1,1,1.4,1.4,1.4,1.8,0.0,0.0
1.69077,6,23,367,0,E1A1513B1633C1716X,TE1A2B2C1D000X,1,1,1,1,1.4,1.4,1.4,1.8,0.0,0.0
1.70492,6,23,367,0,E1A1510B1632C1716X,TE1A2B2C1D000X,1,1,1,1,1.4,1.4,1.4,1.8,0.0,0.0
1.71781,7,23,368,0,E1A1508B1632C1716X,TE1A2B2C1D000X,1,1,1,1,1.4,1.4,1.4,1.8,0.0,0.0
1.73,7,23,368,0,E1A1505B1631C1716X,TE1A2B2C1D000X,1,1,1,1,1.4,1.4,1.4,1.8,0.0,0.0
1.74271,7,23,368,0,E1A1503B1631C1716X,TE1A2B2C1D000X,1,1,1,1,1.4,1.4,1.4,1.8,0.0,0.0
1.75413,7,23,367,0,E1A1499B1630C1716X,TE1A2B2C1D000X,1,1,1,1,1.4,1.4,1.4,1.8,0.0,0.0
1.76612,7,23,367,0,E1A1496B1629C1716X,TE1A2B2C1D000X,1,1,1,1,1.4,1.4,1.4,1.8,0.0,0.0
1.77864,7,23,368,0,E1A1493B1629C1716X,TE1A2B2C1D000X,1,1,1,1,1.4,1.4,1.4,1.8,0.0,0.0
1.79094,7,23,368,0,E1A1490B1628C1716X,TE1A2B2C1D000X,1,1,1,1,1.4,1.4,1.4,1.8,0.0,0.0
1.80319,7,23,367,0,E1A1487B1628C1716X,TE1A2B2C1D000X,1,1,1,1,1.4,1.4,1.4,1.8,0.0,0.0
1.81467,8,23,367,0,E1A1483B1627C1716X,TE1A2B2C1D000X,1,1,1,1,1.4,1.4,1.4,1.8,0.0,0.0
1.82695,8,23,368,0,E1A1480B1627C1716X,TE1A2B2C1D000X,1,1,1,1,1.4,1.4,1.4,1.8,0.0,0.0
1.83918,8,23,368,0,E1A1477B1626C1716X,TE1A2B2C1D000X,1,1,1,1,1.4,1.4,1.4,1.8,0.0,0.0
1.85119,8,23,368,0,E1A1474B1626C1716X,TE1A3B2C1D000X,1,1,1,1,1.4,1.4,1.4,1.8,0.0,0.0
1.86304,8,23,368,0,E1A1470B1625C1716X,TE1A3B2C1D000X,1,1,1,1,1.4,1.4,1.4,1.8,0.0,0.0
1.88277,8,23,366,0,E1A1467B1624C1716X,TE1A3B2C1D000X,1,1,1,1,1.4,1.4,1.4,1.8,0.0,0.0
1.89494,8,23,367,0,E1A1465B1624C1716X,TE1A3B2C1D000X,1,1,1,1,1.4,1.4,1.4,1.8,0.0,0.0
1.90704,8,23,367,0,E1A1463B1623C1716X,TE1A3B2C1D000X,1,1,1,1,1.4,1.4,1.4,1.8,0.0,0.0
1.91898,8,23,367,0,E1A1461B1622C1716X,TE1A3B2C1D000X,1,1,1,1,1.4,1.4,1.4,1.8,0.0,0.0
1.93075,8,23,367,0,E1A1459B1621C1716X,TE1A3B2C1D000X,1,1,1,1,1.4,1.4,1.4,1.8,0.0,0.0
1.94288,8,23,367,0,E1A1457B1621C1716X,TE1A3B2C1D000X,1,1,1,1,1.4,1.4,1.4,1.8,0.0,0.0
1.95442,9,23,368,0,E1A1455B1620C1716X,TE1A3B2C1D000X,1,1,1,1,1.4,1.4,1.4,1.8,0.0,0.0
1.97482,8,23,368,0,E1A1453B1619C1716X,TE1A3B2C1D000X,1,1,1,1,1.4,1.4,1.4,1.8,0.0,0.0
1.99479,8,23,368,0,E1A1451B1617C1716X,TE1A3B2C1D000X,1,1,1,1,1.4,1.4,1.4,1.8,0.0,0.0
2.00688,8,23,368,0,E1A1449B1615C1716X,TE1A3B2C1D000X,1,1,1,1,1.4,1.4,1.4,1.8,0.0,0.0
2.0188,8,23,368,0,E1A1446B1613C1716X,TE1A3B2C1D000X,1,1,1,1,1.4,1.4,1.4,1.8,0.0,0.0
2.03087,8,23,367,0,E1A1443B1612C1716X,TE1A3B2C1D000X,1,1,1,1,1.4,1.4,1.4,1.8,0.0,0.0
2.04269,8,23,367,0,E1A1441B1610C1716X,TE1A3B2C1D000X,1,1,1,1,1.4,1.4,1.4,1.8,0.0,0.0
2.05454,8,23,366,0,E1A1438B1608C1716X,TE1A3B2C1D000X,1,1,1,1,1.4,1.4,1.4,1.8,0.0,0.0
2.06643,8,23,366,0,E1A1434B1607C1716X,TE1A3B2C1D000X,1,1,1,1,1.4,1.4,1.4,1.8,0.0,0.0
2.0782,8,23,366,0,E1A1432B1606C1716X,TE1A3B2C1D000X,1,1,1,1,1.4,1.4,1.4,1.8,0.0,0.0
2.08962,9,23,366,0,E1A1429B1604C1716X,TE1A3B2C1D000X,1,1,1,1,1.4,1.4,1.4,1.8,0.0,0.0
2.10146,9,23,365,0,E1A1425B1603C1716X,TE1A3B2C1D000X,1,1,1,1,1.4,1.4,1.4,1.8,0.0,0.0
2.11335,9,23,365,0,E1A1422B1602C1716X,TE1A3B2C1D000X,1,1,1,1,1.4,1.4,1.4,1.8,0.0,0.0
2.12472,9,23,365,0,E1A1419B1600C1716X,TE1A3B2C1D000X,1,1,1,1,1.4,1.4,1.4,1.8,0.0,0.0
2.13903,9,23,365,0,E1A1416B1599C1716X,TE1A3B2C1D000X,1,1,1,1,1.4,1.4,1.4,1.8,0.0,0.0
2.15161,9,24,364,0,E1A1412B1597C1716X,TE1A3B2C1D000X,1,1,1,1,1.4,1.4,1.4,1.8,0.0,0.0
2.16704,9,24,364,0,E1A1410B1595C1716X,TE1A3B2C1D000X,1,1,1,1,1.4,1.4,1.4,1.8,0.0,0.0
2.17888,9,24,364,0,E1A1407B1593C1716X,TE1A3B2C1D000X,1,1,1,1,1.4,1.4,1.4,1.8,0.0,0.0
2.19031,9,24,364,0,E1A1404B1592C1716X,TE1A3B2C1D000X,1,1,1,1,1.4,1.4,1.4,1.8,0.0,0.0
2.21079,9,24,364,0,E1A1402B1590C1716X,TE1A3B2C1D000X,1,1,1,1,1.4,1.4,1.4,1.8,0.0,0.0
2.22312,9,24,363,0,E1A1399B1588C1716X,TE1A3B2C1D000X,1,1,1,1,1.4,1.4,1.4,1.8,0.0,0.0
2.23503,9,24,363,0,E1A1397B1587C1716X,TE1A3B2C1D000X,1,1,1,1,1.4,1.4,1.4,1.8,0.0,0.0
2.24671,9,24,364,0,E1A1396B1586C1716X,TE1A3B2C1D000X,1,1,1,1,1.4,1.4,1.4,1.8,0.0,0.0
2.25821,9,24,364,0,E1A1393B1585C1716X,TE1A3B2C1D000X,1,1,1,1,1.4,1.4,1.4,1.8,0.0,0.0
2.27025,9,24,365,0,E1A1391B1584C1716X,TE1A3B2C1D000X,1,1,1,1,1.4,1.4,1.4,1.8,0.0,0.0
2.28204,9,24,364,0,E1A1389B1582C1716X,TE1A3B2C1D000X,1,1,1,1,1.4,1.4,1.4,1.8,0.0,0.0
2.29381,9,24,364,0,E1A1387B1581C1716X,TE1A3B2C1D000X,1,1,1,1,1.4,1.4,1.4,1.8,0.0,0.0
2.31082,9,24,364,0,E1A1385B1579C1716X,TE1A3B2C1D000X,1,1,1,1,1.4,1.4,1.4,1.8,0.0,0.0
2.32339,9,24,365,0,E1A1383B1578C1716X,TE1A3B2C1D000X,1,1,1,1,1.4,1.4,1.4,1.8,0.0,0.0
2.34718,8,24,365,0,E1A1382B1576C1716X,TE1A3B2C1D000X,1,1,1,1,1.4,1.4,1.4,1.8,0.0,0.0
2.36696,8,24,365,0,E1A1380B1574C1716X,TE1A3B2C1D000X,1,1,1,1,1.4,1.4,1.4,1.8,0.0,0.0
2.37906,8,24,365,0,E1A1378B1573C1716X,TE1A3B2C1D000X,1,1,1,1,1.4,1.4,1.4,1.8,0.0,0.0
2.39106,8,24,364,0,E1A1376B1571C1716X,TE1A3B2C1D000X,1,1,1,1,1.4,1.4,1.4,1.8,0.0,0.0
2.40307,8,24,364,0,E1A1375B1569C1716X,TE1A3B2C1D000X,1,1,1,1,1.4,1.4,1.4,1.8,0.0,0.0
2.41507,8,24,365,0,E1A1373B1568C1716X,TE1A3B2C1D000X,1,1,1,1,1.4,1.4,1.4,1.8,0.0,0.0
2.42694,8,24,365,0,E1A1372B1567C1716X,TE1A3B2C1D000X,1,1,1,1,1.4,1.4,1.4,1.8,0.0,0.0
2.4386,8,24,365,0,E1A1370B1566C1716X,TE1A3B2C1D000X,1,1,1,1,1.4,1.4,1.4,1.8,0.0,0.0
2.45056,8,24,366,0,E1A1369B1565C1716X,TE1A3B2C1D000X,1,1,1,1,1.4,1.4,1.4,1.8,0.0,0.0
2.46266,8,24,365,0,E1A1367B1564C1716X,TE1A3B2C1D000X,1,1,1,1,1.4,1.4,1.4,1.8,0.0,0.0
2.47385,8,24,366,0,E1A1366B1562C1716X,TE1A3B2C1D000X,1,1,1,1,1.4,1.4,1.4,1.8,0.0,0.0
2.48592,8,24,365,0,E1A1364B1561C1716X,TE1A3B2C1D000X,1,1,1,1,1.4,1.4,1.4,1.8,0.0,0.0
2.49767,8,24,366,0,E1A1362B1560C1716X,TE1A3B2C1D000X,1,1,1,1,1.4,1.4,1.4,1.8,0.0,0.0
2.5147,8,24,366,0,E1A1361B1559C1716X,TE1A3B2C1D000X,1,1,1,1,1.4,1.4,1.4,1.8,0.0,0.0
2.52694,8,24,366,0,E1A1359B1557C1716X,TE1A3B2C1D000X,1,1,1,1,1.4,1.4,1.4,1.8,0.0,0.0
2.53922,8,24,366,0,E1A1357B1556C1716X,TE1A3B2C1D000X,1,1,1,1,1.4,1.4,1.4,1.8,0.0,0.0
2.55125,8,24,366,0,E1A1355B1554C1716X,TE1A3B2C1D000X,1,1,1,1,1.4,1.4,1.4,1.8,0.0,0.0
2.5628,8,24,366,0,E1A1353B1552C1716X,TE1A3B2C1D000X,1,1,1,1,1.4,1.4,1.4,1.8,0.0,0.0
2.57397,8,24,366,0,E1A1351B1551C1716X,TE1A3B2C1D000X,1,1,1,1,1.4,1.4,1.4,1.8,0.0,0.0
2.58586,7,24,366,0,E1A1350B1549C1716X,TE1A3B2C1D000X,1,1,1,1,1.4,1.4,1.4,1.8,0.0,0.0
2.5974,7,24,367,0,E1A1348B1548C1716X,TE1A3B2C1D000X,1,1,1,1,1.4,1.4,1.4,1.8,0.0,0.0
2.60964,7,24,366,0,E1A1346B1545C1716X,TE1A3B2C1D000X,1,1,1,1,1.4,1.4,1.4,1.8,0.0,0.0
2.62142,7,24,366,0,E1A1344B1543C1716X,TE1A3B2C1D000X,1,1,1,1,1.4,1.4,1.4,1.8,0.0,0.0
2.63906,7,24,366,0,E1A1342B1541C1716X,TE1A3B2C1D000X,1,1,1,1,1.4,1.4,1.4,1.8,0.0,0.0
2.65092,7,25,366,0,E1A1340B1540C1716X,TE1A3B2C1D000X,1,1,1,1,1.4,1.4,1.4,1.8,0.0,0.0
2.67488,7,25,366,0,E1A1338B1538C1716X,TE1A3B2C1D000X,1,1,1,1,1.4,1.4,1.4,1.8,0.0,0.0
2.68692,7,24,365,0,E1A1336B1536C1716X,TE1A3B2C1D000X,1,1,1,1,1.4,1.4,1.4,1.8,0.0,0.0
2.70695,7,24,365,0,E1A1334B1535C1716X,TE1A3B2C1D000X,1,1,1,1,1.4,1.4,1.4,1.8,0.0,0.0
2.71904,7,24,366,0,E1A1333B1535C1716X,TE1A3B2C1D000X,1,1,1,1,1.4,1.4,1.4,1.8,0.0,0.0
2.73082,7,24,366,0,E1A1332B1535C1716X,TE1A3B2C1D000X,1,1,1,1,1.4,1.4,1.4,1.8,0.0,0.0
2.74294,7,24,366,0,E1A1328B1534C1716X,TE1A3B2C1D000X,1,1,1,1,1.4,1.4,1.4,1.8,0.0,0.0
2.75425,7,24,365,0,E1A1326B1534C1716X,TE1A3B2C1D000X,1,1,1,1,1.4,1.4,1.4,1.8,0.0,0.0
2.78712,8,24,365,0,E1A1323B1535C1716X,TE1A3B2C1D000X,1,1,1,1,1.4,1.4,1.4,1.8,0.0,0.0
2.79903,8,24,366,0,E1A1322B1536C1716X,TE1A3B2C1D000X,1,1,1,1,1.4,1.4,1.4,1.8,0.0,0.0
2.81892,8,23,366,0,E1A1319B1537C1716X,TE1A3B2C1D000X,1,1,1,1,1.4,1.4,1.4,1.8,0.0,0.0
2.83126,8,23,366,0,E1A1316B1537C1716X,TE1A3B2C1D000X,1,1,1,1,1.4,1.4,1.4,1.8,0.0,0.0
2.84351,8,23,366,0,E1A1314B1538C1716X,TE1A3B2C1D000X,1,1,1,1,1.4,1.4,1.4,1.8,0.0,0.0
2.85514,9,23,366,0,E1A1312B1539C1716X,TE1A3B2C1D000X,1,1,1,1,1.4,1.4,1.4,1.8,0.0,0.0
2.86724,9,23,366,0,E1A1311B1540C1716X,TE1A3B2C1D000X,1,1,1,1,1.4,1.4,1.4,1.8,0.0,0.0
2.8792,9,22,366,0,E1A1308B1541C1716X,TE1A3B2C1D000X,1,1,1,1,1.4,1.4,1.4,1.8,0.0,0.0
2.8908,9,22,366,0,E1A1305B1542C1716X,TE1A3B2C1D000X,1,1,1,1,1.4,1.4,1.4,1.8,0.0,0.0
2.90294,9,22,366,0,E1A1302B1544C1716X,TE1A3B2C1D000X,1,1,1,1,1.4,1.4,1.4,1.8,0.0,0.0
2.91465,10,22,366,0,E1A1299B1545C1716X,TE1A3B2C1D000X,1,1,1,1,1.4,1.4,1.4,1.8,0.0,0.0
2.92604,10,22,367,0,E1A1297B1547C1716X,TE1A3B2C1D000X,1,1,1,1,1.4,1.4,1.4,1.8,0.0,0.0
2.93793,10,21,367,0,E1A1295B1548C1716X,TE1A3B2C1D000X,1,1,1,1,1.4,1.4,1.4,1.8,0.0,0.0
2.94977,10,21,367,0,E1A1291B1549C1716X,TE1A3B2C1D000X,1,1,1,1,1.4,1.4,1.4,1.8,0.0,0.0
2.96173,11,21,367,0,E1A1288B1551C1716X,TE1A3B2C1D000X,1,1,1,1,1.4,1.4,1.4,1.8,0.0,0.0
2.97868,11,21,367,0,E1A1285B1552C1716X,TE1A3B2C1D000X,1,1,1,1,1.4,1.4,1.4,1.8,0.0,0.0
2.99888,11,20,367,0,E1A1281B1554C1716X,TE1A3B2C1D000X,1,1,1,1,1.4,1.4,1.4,1.8,0.0,0.0
3.02279,12,20,368,0,E1A1279B1557C1716X,TE1A3B2C1D000X,1,1,1,1,1.4,1.4,1.4,1.8,0.0,0.0
3.03485,12,20,368,0,E1A1275B1559C1716X,TE1A3B2C1D000X,1,1,1,1,1.4,1.4,1.4,1.8,0.0,0.0
3.04676,13,20,368,0,E1A1271B1561C1716X,TE1A3B2C1D000X,1,1,1,1,1.4,1.4,1.4,1.8,0.0,0.0
3.0586,13,20,368,0,E1A1267B1563C1716X,TE1A3B2C1D000X,1,1,1,1,1.4,1.4,1.4,1.8,0.0,0.0
3.07024,13,19,368,0,E1A1262B1565C1716X,TE1A3B2C1D000X,1,1,1,1,1.4,1.4,1.4,1.8,0.0,0.0
3.09078,14,19,367,0,E1A1258B1567C1716X,TE1A3B2C1D000X,1,1,1,1,1.4,1.4,1.4,1.8,0.0,0.0
3.1029,14,19,367,0,E1A1254B1569C1716X,TE1A3B2C1D000X,1,1,1,1,1.4,1.4,1.4,1.8,0.0,0.0
3.11477,15,19,367,0,E1A1249B1572C1716X,TE1A3B2C1D000X,1,1,1,1,1.4,1.4,1.4,1.8,0.0,0.0
3.12658,15,18,367,0,E1A1245B1574C1716X,TE1A4B2C1D000X,1,1,1,1,1.4,1.4,1.4,1.8,0.0,0.0
3.13823,15,18,368,0,E1A1242B1577C1716X,TE1A4B2C1D000X,1,1,1,1,1.4,1.4,1.4,1.8,0.0,0.0
3.17081,16,18,368,0,E1A1238B1580C1716X,TE1A4B2C1D000X,1,1,1,1,1.4,1.4,1.4,1.8,0.0,0.0
3.18288,16,18,368,0,E1A1233B1583C1716X,TE1A4B2C1D000X,1,1,1,1,1.4,1.4,1.4,1.8,0.0,0.0
3.19463,17,17,367,0,E1A1227B1585C1716X,TE1A4B2C1D000X,1,1,1,1,1.4,1.4,1.4,1.8,0.0,0.0
3.21483,17,17,368,0,E1A1223B1588C1716X,TE1A4B2C1D000X,1,1,1,1,1.4,1.4,1.4,1.8,0.0,0.0
3.22679,18,17,367,0,E1A1219B1592C1716X,TE1A4B2C1D000X,1,1,1,1,1.4,1.4,1.4,1.8,0.0,0.0
3.23892,18,16,367,0,E1A1215B1595C1716X,TE1A4B2C1D000X,1,1,1,1,1.4,1.4,1.4,1.8,0.0,0.0
3.25078,19,16,367,0,E1A1210B1597C1716X,TE1A4B2C1D000X,1,1,1,1,1.4,1.4,1.4,1.8,0.0,0.0
3.28287,19,16,367,0,E1A1205B1601C1716X,TE1A4B2C1D000X,1,1,1,1,1.4,1.4,1.4,1.8,0.0,0.0
3.29493,20,15,367,0,E1A1200B1604C1716X,TE1A4B2C1D000X,1,1,1,1,1.4,1.4,1.4,1.8,0.0,0.0
3.3387,20,15,367,0,E1A1196B1608C1716X,TE1A4B2C1D000X,1,1,1,1,1.4,1.4,1.4,1.8,0.0,0.0
3.36299,20,14,367,0,E1A1194B1613C1716X,TE1A4B2C1D000X,1,1,1,1,1.4,1.4,1.4,1.8,0.0,0.0
3.38298,21,14,368,0,E1A1190B1618C1716X,TE1A4B2C1D000X,1,1,1,1,1.4,1.4,1.4,1.8,0.0,0.0
3.40691,22,13,369,0,E1A1187B1624C1716X,TE1A4B2C1D000X,1,1,1,1,1.4,1.4,1.4,1.8,0.0,0.0
3.41909,22,12,370,0,E1A1184B1630C1716X,TE1A4B2C1D000X,1,1,1,1,1.4,1.4,1.4,1.8,0.0,0.0
3.43091,23,12,370,0,E1A1182B1635C1716X,TE1A4B2C1D000X,1,1,1,1,1.4,1.4,1.4,1.8,0.0,0.0
3.443,23,11,371,0,E1A1180B1640C1716X,TE1A4B2C1D000X,1,1,1,1,1.4,1.4,1.4,1.8,0.0,0.0
3.45472,23,11,371,0,E1A1177B1644C1716X,TE1A4B2C1D000X,1,1,1,1,1.4,1.4,1.4,1.8,0.0,0.0
3.46656,23,10,371,0,E1A1175B1648C1716X,TE1A4B2C1D000X,1,1,1,1,1.4,1.4,1.4,1.8,0.0,0.0
3.47824,24,9,371,0,E1A1174B1653C1716X,TE1A4B2C1D000X,1,1,1,1,1.4,1.4,1.4,1.8,0.0,0.0
3.48992,24,9,372,0,E1A1172B1658C1716X,TE1A4B2C1D000X,1,1,1,1,1.4,1.4,1.4,1.8,0.0,0.0
3.50144,24,8,372,0,E1A1172B1663C1716X,TE1A4B2C1D000X,1,1,1,1,1.4,1.4,1.4,1.8,0.0,0.0
3.51312,24,7,373,0,E1A1172B1668C1716X,TE1A4B2C1D000X,1,1,1,1,1.4,1.4,1.4,1.8,0.0,0.0
3.52431,25,7,374,0,E1A1172B1672C1716X,TE1A4B2C1D000X,1,1,1,1,1.4,1.4,1.4,1.8,0.0,0.0
3.536,25,6,375,0,E1A1173B1677C1716X,TE1A4B2C1D000X,1,1,1,1,1.4,1.4,1.4,1.8,0.0,0.0
3.54771,25,5,374,0,E1A1173B1681C1716X,TE1A4B2C1D000X,1,1,1,1,1.4,1.4,1.4,1.8,0.0,0.0
3.56701,25,4,375,0,E1A1175B1686C1716X,TE1A4B2C1D000X,1,1,1,1,1.4,1.4,1.4,1.8,0.0,0.0
3.57862,25,3,375,0,E1A1177B1691C1716X,TE1A4B2C1D000X,1,1,1,1,1.4,1.4,1.4,1.8,0.0,0.0
3.5897,25,3,376,0,E1A1179B1696C1716X,TE1A4B2C1D000X,1,1,1,1,1.4,1.4,1.4,1.8,0.0,0.0
3.60151,25,2,378,0,E1A1182B1702C1716X,TE1A4B2C1D000X,1,1,1,1,1.4,1.4,1.4,1.8,0.0,0.0
3.61331,25,1,378,0,E1A1185B1707C1716X,TE1A4B2C1D000X,1,1,1,1,1.4,1.4,1.4,1.8,0.0,0.0
3.63486,25,0,379,0,E1A1187B1713C1716X,TE1A4B1C1D000X,1,1,1,1,1.4,1.4,1.4,1.8,0.0,0.0
3.65474,25,0,379,0,E1A1190B1718C1716X,TE1A4B1C1D000X,1,1,1,1,1.4,1.4,1.4,1.8,0.0,0.0
3.6669,25,-1,379,0,E1A1192B1723C1716X,TE1A4B1C1D000X,1,1,1,1,1.4,1.4,1.4,1.8,0.0,0.0
3.67876,25,-2,380,0,E1A1195B1730C1716X,TE1A4B1C1D000X,1,1,1,1,1.4,1.4,1.4,1.8,0.0,0.0
3.69859,25,-3,381,0,E1A1197B1736C1716X,TE1A4B1C1D000X,1,1,1,1,1.4,1.4,1.4,1.8,0.0,0.0
3.71107,25,-4,381,0,E1A1198B1742C1716X,TE1A4B1C1D000X,1,1,1,1,1.4,1.4,1.4,1.8,0.0,0.0
3.72274,25,-5,380,0,E1A1199B1749C1716X,TE1A4B1C1D000X,1,1,1,1,1.4,1.4,1.4,1.8,0.0,0.0
3.73487,25,-6,381,0,E1A1201B1755C1716X,TE1A4B1C1D000X,1,1,1,1,1.4,1.4,1.4,1.8,0.0,0.0
3.74695,25,-7,381,0,E1A1202B1761C1716X,TE1A4B1C1D000X,1,1,1,1,1.4,1.4,1.4,1.8,0.0,0.0
3.75894,25,-9,380,0,E1A1204B1767C1716X,TE1A4B1C1D000X,1,1,1,1,1.4,1.4,1.4,1.8,0.0,0.0
3.77028,25,-10,381,0,E1A1207B1774C1716X,TE1A4B1C1D000X,1,1,1,1,1.4,1.4,1.4,1.8,0.0,0.0
3.78204,25,-11,381,0,E1A1208B1780C1716X,TE1A4B1C1D000X,1,1,1,1,1.4,1.4,1.4,1.8,0.0,0.0
3.79332,25,-12,381,0,E1A1210B1787C1716X,TE1A4B1C1D000X,1,1,1,1,1.4,1.4,1.4,1.8,0.0,0.0
3.80483,25,-13,382,0,E1A1213B1794C1716X,TE1A4B1C1D000X,1,1,1,1,1.4,1.4,1.4,1.8,0.0,0.0
3.82634,25,-14,382,0,E1A1215B1800C1716X,TE1A4B1C1D000X,1,1,1,1,1.4,1.4,1.4,1.8,0.0,0.0
3.83818,25,-15,382,0,E1A1219B1808C1716X,TE1A4B1C1D000X,1,1,1,1,1.4,1.4,1.4,1.8,0.0,0.0
3.8496,25,-17,383,0,E1A1222B1815C1716X,TE1A4B1C1D000X,1,1,1,1,1.4,1.4,1.4,1.8,0.0,0.0
3.86084,25,-18,383,0,E1A1223B1822C1716X,TE1A4B1C1D000X,1,1,1,1,1.4,1.4,1.4,1.8,0.0,0.0
3.87249,24,-19,383,0,E1A1225B1829C1716X,TE1A4B1C1D000X,1,1,1,1,1.4,1.4,1.4,1.8,0.0,0.0
3.88418,25,-20,384,0,E1A1228B1837C1716X,TE1A4B1C1D000X,1,1,1,1,1.4,1.4,1.4,1.8,0.0,0.0
3.89577,24,-21,385,0,E1A1231B1845C1716X,TE1A4B1C1D000X,1,1,1,1,1.4,1.4,1.4,1.8,0.0,0.0
3.91451,24,-23,385,0,E1A1233B1853C1716X,TE1A4B1C1D000X,1,1,1,1,1.4,1.4,1.4,1.8,0.0,0.0
3.9268,24,-24,386,0,E1A1235B1860C1716X,TE1A4B1C1D000X,1,1,1,1,1.4,1.4,1.4,1.8,0.0,0.0
3.93859,24,-25,386,0,E1A1237B1868C1716X,TE1A4B1C1D000X,1,1,1,1,1.4,1.4,1.4,1.8,0.0,0.0
3.95067,24,-26,386,0,E1A1238B1875C1716X,TE1A4B1C1D000X,1,1,1,1,1.4,1.4,1.4,1.8,0.0,0.0
3.96225,24,-28,387,0,E1A1239B1883C1716X,TE1A4B1C1D000X,1,1,1,1,1.4,1.4,1.4,1.8,0.0,0.0
3.97344,24,-29,388,0,E1A1240B1891C1716X,TE1A4B1C1D000X,1,1,1,1,1.4,1.4,1.4,1.8,0.0,0.0
3.98504,24,-30,388,0,E1A1240B1898C1716X,TE1A4B1C1D000X,1,1,1,1,1.4,1.4,1.4,1.8,0.0,0.0
3.99653,24,-31,389,0,E1A1241B1898C1720X,TE1A4B1C1D000X,1,1,1,1,1.4,1.4,1.4,1.8,0.0,0.0
4.00749,24,-32,389,0,E1A1252B1898C1714X,TE1A4B1C1D000X,1,1,1,1,1.4,1.4,1.4,1.8,0.0,0.0
4.01936,25,-33,389,0,E1A1266B1898C1708X,TE1A3B1C1D000X,1,1,1,1,1.4,1.4,1.4,1.8,0.0,0.0
4.03103,25,-34,389,0,E1A1277B1898C1702X,TE1A3B1C1D000X,1,1,1,1,1.4,1.4,1.4,1.8,0.0,0.0
4.04245,25,-35,389,0,E1A1286B1898C1695X,TE1A3B1C2D000X,1,1,1,1,1.4,1.4,1.4,1.8,0.0,0.0
4.05366,25,-36,390,0,E1A1298B1898C1689X,TE1A3B1C2D000X,1,1,1,1,1.4,1.4,1.4,1.8,0.0,0.0
4.06543,25,-37,391,0,E1A1308B1898C1682X,TE1A3B1C2D000X,1,1,1,1,1.4,1.4,1.4,1.8,0.0,0.0
4.07696,25,-37,391,0,E1A1316B1898C1676X,TE1A3B1C2D000X,1,1,1,1,1.4,1.4,1.4,1.8,0.0,0.0
4.08814,25,-38,390,0,E1A1325B1898C1670X,TE1A3B1C2D000X,1,1,1,1,1.4,1.4,1.4,1.8,0.0,0.0
4.10657,25,-39,390,0,E1A1334B1898C1663X,TE1A3B1C2D000X,1,1,1,1,1.4,1.4,1.4,1.8,0.0,0.0
4.11878,25,-40,390,0,E1A1343B1898C1657X,TE1A3B1C2D000X,1,1,1,1,1.4,1.4,1.4,1.8,0.0,0.0
4.13116,26,-41,391,0,E1A1353B1898C1650X,TE1A3B1C2D000X,1,1,1,1,1.4,1.4,1.4,1.8,0.0,0.0
4.14296,26,-42,391,0,E1A1362B1898C1643X,TE1A3B1C2D000X,1,1,1,1,1.4,1.4,1.4,1.8,0.0,0.0
4.15455,26,-43,390,0,E1A1370B1898C1636X,TE1A3B1C2D000X,1,1,1,1,1.4,1.4,1.4,1.8,0.0,0.0
4.17463,26,-44,391,0,E1A1382B1898C1628X,TE1A3B1C2D000X,1,1,1,1,1.4,1.4,1.4,1.8,0.0,0.0
4.21894,26,-46,393,0,E1A1397B1898C1618X,TE1A3B1C2D000X,1,1,1,1,1.4,1.4,1.4,1.8,0.0,0.0
4.2309,26,-47,393,0,E1A1410B1898C1608X,TE1A3B1C2D000X,1,1,1,1,1.4,1.4,1.4,1.8,0.0,0.0
4.25508,26,-49,394,0,E1A1425B1898C1598X,TE1A3B1C2D000X,1,1,1,1,1.4,1.4,1.4,1.8,0.0,0.0
4.26681,26,-51,395,0,E1A1437B1898C1588X,TE1A3B1C2D000X,1,1,1,1,1.4,1.4,1.4,1.8,0.0,0.0
4.27824,26,-52,395,0,E1A1449B1898C1577X,TE1A3B1C2D000X,1,1,1,1,1.4,1.4,1.4,1.8,0.0,0.0
4.28995,26,-54,395,0,E1A1460B1898C1567X,TE1A3B1C2D000X,1,1,1,1,1.4,1.4,1.4,1.8,0.0,0.0
4.30147,25,-55,396,0,E1A1471B1898C1557X,TE1A3B1C2D000X,1,1,1,1,1.4,1.4,1.4,1.8,0.0,0.0
4.33449,25,-57,397,0,E1A1483B1898C1545X,TE1A3B1C2D000X,1,1,1,1,1.4,1.4,1.4,1.8,0.0,0.0
4.3462,25,-59,397,0,E1A1492B1898C1534X,TE1A3B1C2D000X,1,1,1,1,1.4,1.4,1.4,1.8,0.0,0.0
4.37873,25,-60,398,0,E1A1503B1898C1522X,TE1A2B1C2D000X,1,1,1,1,1.4,1.4,1.4,1.8,0.0,0.0
4.39064,25,-62,398,0,E1A1512B1898C1510X,TE1A2B1C2D000X,1,1,1,1,1.4,1.4,1.4,1.8,0.0,0.0
4.40218,25,-63,398,0,E1A1520B1898C1498X,TE1A2B1C2D000X,1,1,1,1,1.4,1.4,1.4,1.8,0.0,0.0
4.41355,24,-65,399,0,E1A1529B1898C1486X,TE1A2B1C2D000X,1,1,1,1,1.4,1.4,1.4,1.8,0.0,0.0
4.42496,24,-66,400,0,E1A1536B1898C1475X,TE1A2B1C2D000X,1,1,1,1,1.4,1.4,1.4,1.8,0.0,0.0
4.43644,24,-68,400,0,E1A1542B1898C1463X,TE1A2B1C3D000X,1,1,1,1,1.4,1.4,1.4,1.8,0.0,0.0
4.4669,24,-69,401,0,E1A1550B1898C1451X,TE1A2B1C3D000X,1,1,1,1,1.4,1.4,1.4,1.8,0.0,0.0
4.47863,24,-70,402,0,E1A1556B1898C1438X,TE1A2B1C3D000X,1,1,1,1,1.4,1.4,1.4,1.8,0.0,0.0
4.49048,23,-71,402,0,E1A1560B1898C1427X,TE1A2B1C3D000X,1,1,1,1,1.4,1.4,1.4,1.8,0.0,0.0
4.50297,23,-73,402,0,E1A1566B1898C1415X,TE1A2B1C3D000X,1,1,1,1,1.4,1.4,1.4,1.8,0.0,0.0
4.51478,23,-74,403,0,E1A1570B1898C1403X,TE1A2B1C3D000X,1,1,1,1,1.4,1.4,1.4,1.8,0.0,0.0
4.5267,23,-75,403,0,E1A1574B1898C1391X,TE1A2B1C3D000X,1,1,1,1,1.4,1.4,1.4,1.8,0.0,0.0
4.53826,23,-75,403,0,E1A1578B1898C1380X,TE1A2B1C3D000X,1,1,1,1,1.4,1.4,1.4,1.8,0.0,0.0
4.55016,23,-76,404,0,E1A1581B1898C1368X,TE1A2B1C3D000X,1,1,1,1,1.4,1.4,1.4,1.8,0.0,0.0
4.56168,22,-77,405,0,E1A1584B1898C1356X,TE1A2B1C3D000X,1,1,1,1,1.4,1.4,1.4,1.8,0.0,0.0
4.57261,22,-78,405,0,E1A1587B1898C1345X,TE1A2B1C3D000X,1,1,1,1,1.4,1.4,1.4,1.8,0.0,0.0
4.58435,22,-79,406,0,E1A1589B1898C1333X,TE1A2B1C3D000X,1,1,1,1,1.4,1.4,1.4,1.8,0.0,0.0
4.59593,22,-80,406,0,E1A1591B1898C1321X,TE1A2B1C3D000X,1,1,1,1,1.4,1.4,1.4,1.8,0.0,0.0
4.60697,22,-80,406,0,E1A1593B1898C1309X,TE1A2B1C3D000X,1,1,1,1,1.4,1.4,1.4,1.8,0.0,0.0
4.61887,22,-81,406,0,E1A1594B1898C1298X,TE1A2B1C3D000X,1,1,1,1,1.4,1.4,1.4,1.8,0.0,0.0
4.63064,22,-82,407,0,E1A1597B1898C1285X,TE1A2B1C3D000X,1,1,1,1,1.4,1.4,1.4,1.8,0.0,0.0
4.65091,22,-83,408,0,E1A1598B1898C1272X,TE1A2B1C3D000X,1,1,1,1,1.4,1.4,1.4,1.8,0.0,0.0
4.66276,22,-84,408,0,E1A1600B1898C1259X,TE1A2B1C3D000X,1,1,1,1,1.4,1.4,1.4,1.8,0.0,0.0
4.6739,22,-84,407,0,E1A1601B1898C1247X,TE1A2B1C3D000X,1,1,1,1,1.4,1.4,1.4,1.8,0.0,0.0
4.69505,22,-85,408,0,E1A1602B1898C1233X,TE1A2B1C4D000X,1,1,1,1,1.4,1.4,1.4,1.8,0.0,0.0
4.7194,22,-86,408,0,E1A1604B1898C1218X,TE1A2B1C4D000X,1,1,1,1,1.4,1.4,1.4,1.8,0.0,0.0
4.73128,21,-87,408,0,E1A1605B1898C1204X,TE1A2B1C4D000X,1,1,1,1,1.4,1.4,1.4,1.8,0.0,0.0
4.74293,21,-88,409,0,E1A1607B1898C1189X,TE1A2B1C4D000X,1,1,1,1,1.4,1.4,1.4,1.8,0.0,0.0
4.7545,21,-89,409,0,E1A1608B1898C1174X,TE1A2B1C4D000X,1,1,1,1,1.4,1.4,1.4,1.8,0.0,0.0
4.7662,21,-90,410,0,E1A1609B1898C1160X,TE1A2B1C4D000X,1,1,1,1,1.4,1.4,1.4,1.8,0.0,0.0
4.77831,21,-91,412,0,E1A1611B1898C1145X,TE1A2B1C4D000X,1,1,1,1,1.4,1.4,1.4,1.8,0.0,0.0
4.78961,21,-92,412,0,E1A1611B1898C1131X,TE1A2B1C4D000X,1,1,1,1,1.4,1.4,1.4,1.8,0.0,0.0
4.80136,21,-92,412,0,E1A1612B1898C1118X,TE1A2B1C4D000X,1,1,1,1,1.4,1.4,1.4,1.8,0.0,0.0
4.81254,21,-93,411,0,E1A1612B1898C1104X,TE1A2B1C4D000X,1,1,1,1,1.4,1.4,1.4,1.8,0.0,0.0
4.82338,21,-94,412,0,E1A1612B1898C1090X,TE1A2B1C4D000X,1,1,1,1,1.4,1.4,1.4,1.8,0.0,0.0
4.83531,21,-94,411,0,E1A1612B1898C1077X,TE1A2B1C4D000X,1,1,1,1,1.4,1.4,1.4,1.8,0.0,0.0
4.84711,21,-95,411,0,E1A1612B1898C1063X,TE1A2B1C4D000X,1,1,1,1,1.4,1.4,1.4,1.8,0.0,0.0
4.85853,21,-95,412,0,E1A1613B1898C1049X,TE1A2B1C4D000X,1,1,1,1,1.4,1.4,1.4,1.8,0.0,0.0
4.87041,21,-96,411,0,E1A1613B1898C1035X,TE1A2B1C4D000X,1,1,1,1,1.4,1.4,1.4,1.8,0.0,0.0
4.88197,21,-97,412,0,E1A1613B1898C1022X,TE1A2B1C4D000X,1,1,1,1,1.4,1.4,1.4,1.8,0.0,0.0
4.89367,21,-97,411,0,E1A1613B1898C1008X,TE1A2B1C5D000X,1,1,1,1,1.4,1.4,1.4,1.8,0.0,0.0
4.9068,21,-98,413,0,E1A1613B1898C0994X,TE1A2B1C5D000X,1,1,1,1,1.4,1.4,1.4,1.8,0.0,0.0
4.92062,21,-99,413,0,E1A1613B1898C0980X,TE1A2B1C5D000X,1,1,1,1,1.4,1.4,1.4,1.8,0.0,0.0
4.93258,21,-99,414,0,E1A1613B1898C0966X,TE1A2B1C5D000X,1,1,1,1,1.4,1.4,1.4,1.8,0.0,0.0
4.95543,22,-100,415,0,E1A1613B1898C0952X,TE1A2B1C5D000X,1,1,1,1,1.4,1.4,1.4,1.8,0.0,0.0
4.97487,22,-101,415,0,E1A1613B1898C0939X,TE1A2B1C5D000X,1,1,1,1,1.4,1.4,1.4,1.8,0.0,0.0
4.99876,21,-101,414,0,E1A1613B1898C0925X,TE1A2B1C5D000X,1,1,1,1,1.4,1.4,1.4,1.8,0.0,0.0
5.01105,21,-101,413,0,E1A1613B1898C0912X,TE1A2B1C5D000X,1,1,1,1,1.4,1.4,1.4,1.8,0.0,0.0
5.04253,21,-102,414,0,E1A1613B1898C0899X,TE1A2B1C5D000X,1,1,1,1,1.4,1.4,1.4,1.8,0.0,0.0
5.05519,21,-102,414,0,E1A1613B1898C0886X,TE1A2B1C5D000X,1,1,1,1,1.4,1.4,1.4,1.8,0.0,0.0
5.06745,21,-103,414,0,E1A1613B1898C0874X,TE1A2B1C5D000X,1,1,1,1,1.4,1.4,1.4,1.8,0.0,0.0
5.07913,21,-103,414,0,E1A1613B1898C0862X,TE1A2B1C5D000X,1,1,1,1,1.4,1.4,1.4,1.8,0.0,0.0
5.11098,21,-103,415,0,E1A1613B1898C0850X,TE1A2B1C5D000X,1,1,1,1,1.4,1.4,1.4,1.8,0.0,0.0
5.12295,21,-103,414,0,E1A1612B1898C0840X,TE1A2B1C5D000X,1,1,1,1,1.4,1.4,1.4,1.8,0.0,0.0
5.13468,21,-103,413,0,E1A1612B1898C0830X,TE1A2B1C5D000X,1,1,1,1,1.4,1.4,1.4,1.8,0.0,0.0
5.14682,21,-103,414,0,E1A1611B1898C0821X,TE1A2B1C5D000X,1,1,1,1,1.4,1.4,1.4,1.8,0.0,0.0
5.15857,21,-103,414,0,E1A1611B1898C0812X,TE1A2B1C5D000X,1,1,1,1,1.4,1.4,1.4,1.8,0.0,0.0
5.17021,21,-102,413,0,E1A1610B1898C0804X,TE1A2B1C5D000X,1,1,1,1,1.4,1.4,1.4,1.8,0.0,0.0
5.19061,21,-102,412,0,E1A1609B1898C0797X,TE1A2B1C5D000X,1,1,1,1,1.4,1.4,1.4,1.8,0.0,0.0
5.20272,21,-101,412,0,E1A1607B1898C0791X,TE1A2B1C6D000X,1,1,1,1,1.4,1.4,1.4,1.8,0.0,0.0
5.21452,21,-101,412,0,E1A1606B1898C0786X,TE1A2B1C6D000X,1,1,1,1,1.4,1.4,1.4,1.8,0.0,0.0
5.22665,21,-100,412,0,E1A1606B1898C0781X,TE1A2B1C6D000X,1,1,1,1,1.4,1.4,1.4,1.8,0.0,0.0
5.23777,21,-99,412,0,E1A1604B1898C0776X,TE1A2B1C6D000X,1,1,1,1,1.4,1.4,1.4,1.8,0.0,0.0
5.24931,22,-98,412,0,E1A1603B1898C0772X,TE1A2B1C6D000X,1,1,1,1,1.4,1.4,1.4,1.8,0.0,0.0
5.26032,22,-97,410,0,E1A1601B1898C0768X,TE1A2B1C6D000X,1,1,1,1,1.4,1.4,1.4,1.8,0.0,0.0
5.27207,22,-97,410,0,E1A1600B1898C0764X,TE1A2B1C6D000X,1,1,1,1,1.4,1.4,1.4,1.8,0.0,0.0
5.28362,22,-96,410,0,E1A1599B1898C0761X,TE1A2B1C6D000X,1,1,1,1,1.4,1.4,1.4,1.8,0.0,0.0
5.2952,22,-95,409,0,E1A1598B1898C0758X,TE1A2B1C6D000X,1,1,1,1,1.4,1.4,1.4,1.8,0.0,0.0
5.30673,22,-94,409,0,E1A1597B1898C0756X,TE1A2B1C6D000X,1,1,1,1,1.4,1.4,1.4,1.8,0.0,0.0
5.32042,22,-93,409,0,E1A1596B1898C0754X,TE1A2B1C6D000X,1,1,1,1,1.4,1.4,1.4,1.8,0.0,0.0
5.33174,21,-92,408,0,E1A1594B1898C0751X,TE1A2B1C6D000X,1,1,1,1,1.4,1.4,1.4,1.8,0.0,0.0
5.35838,21,-90,407,0,E1A1593B1898C0751X,TE1A2B1C6D000X,1,1,1,1,1.4,1.4,1.4,1.8,0.0,0.0
5.37082,21,-89,406,0,E1A1591B1898C0752X,TE1A2B1C6D000X,1,1,1,1,1.4,1.4,1.4,1.8,0.0,0.0
5.38268,21,-88,406,0,E1A1590B1898C0753X,TE1A2B1C6D000X,1,1,1,1,1.4,1.4,1.4,1.8,0.0,0.0
5.39453,21,-86,406,0,E1A1589B1898C0755X,TE1A2B1C6D000X,1,1,1,1,1.4,1.4,1.4,1.8,0.0,0.0
5.42662,21,-84,405,0,E1A1587B1898C0758X,TE1A2B1C6D000X,1,1,1,1,1.4,1.4,1.4,1.8,0.0,0.0
5.44087,21,-82,404,0,E1A1585B1898C0762X,TE1A2B1C6D000X,1,1,1,1,1.4,1.4,1.4,1.8,0.0,0.0
5.45266,21,-81,404,0,E1A1584B1898C0767X,TE1A2B1C6D000X,1,1,1,1,1.4,1.4,1.4,1.8,0.0,0.0
5.46435,21,-79,404,0,E1A1582B1898C0772X,TE1A2B1C6D000X,1,1,1,1,1.4,1.4,1.4,1.8,0.0,0.0
5.47685,21,-77,404,0,E1A1580B1898C0777X,TE1A2B1C6D000X,1,1,1,1,1.4,1.4,1.4,1.8,0.0,0.0
5.48826,21,-76,403,0,E1A1578B1898C0781X,TE1A2B1C6D000X,1,1,1,1,1.4,1.4,1.4,1.8,0.0,0.0
5.49993,22,-74,403,0,E1A1575B1898C0785X,TE1A2B1C6D000X,1,1,1,1,1.4,1.4,1.4,1.8,0.0,0.0
5.51168,22,-72,402,0,E1A1573B1898C0789X,TE1A2B1C6D000X,1,1,1,1,1.4,1.4,1.4,1.8,0.0,0.0
5.5228,22,-71,401,0,E1A1571B1898C0793X,TE1A2B1C6D000X,1,1,1,1,1.4,1.4,1.4,1.8,0.0,0.0
5.53445,22,-69,401,0,E1A1568B1898C0797X,TE1A2B1C6D000X,1,1,1,1,1.4,1.4,1.4,1.8,0.0,0.0
5.54625,22,-68,399,0,E1A1566B1898C0799X,TE1A2B1C6D000X,1,1,1,1,1.4,1.4,1.4,1.8,0.0,0.0
5.55735,22,-66,400,0,E1A1564B1898C0804X,TE1A2B1C5D000X,1,1,1,1,1.4,1.4,1.4,1.8,0.0,0.0
5.56909,22,-65,398,0,E1A1562B1898C0806X,TE1A2B1C5D000X,1,1,1,1,1.4,1.4,1.4,1.8,0.0,0.0
5.5804,22,-64,398,0,E1A1559B1898C0809X,TE1A2B1C5D000X,1,1,1,1,1.4,1.4,1.4,1.8,0.0,0.0
5.59863,22,-62,398,0,E1A1557B1898C0812X,TE1A2B1C5D000X,1,1,1,1,1.4,1.4,1.4,1.8,0.0,0.0
5.61863,22,-61,398,0,E1A1555B1898C0816X,TE1A2B1C5D000X,1,1,1,1,1.4,1.4,1.4,1.8,0.0,0.0
5.63094,22,-60,397,0,E1A1551B1898C0818X,TE1A2B1C5D000X,1,1,1,1,1.4,1.4,1.4,1.8,0.0,0.0
5.64261,23,-58,397,0,E1A1548B1898C0821X,TE1A2B1C5D000X,1,1,1,1,1.4,1.4,1.4,1.8,0.0,0.0
5.65478,23,-57,396,0,E1A1546B1898C0823X,TE1A2B1C5D000X,1,1,1,1,1.4,1.4,1.4,1.8,0.0,0.0
5.66684,23,-56,396,0,E1A1543B1898C0825X,TE1A2B1C5D000X,1,1,1,1,1.4,1.4,1.4,1.8,0.0,0.0
5.67846,23,-55,396,0,E1A1540B1898C0827X,TE1A2B1C5D000X,1,1,1,1,1.4,1.4,1.4,1.8,0.0,0.0
5.69876,24,-54,396,0,E1A1538B1898C0829X,TE1A2B1C5D000X,1,1,1,1,1.4,1.4,1.4,1.8,0.0,0.0
5.71086,24,-53,395,0,E1A1534B1898C0829X,TE1A2B1C5D000X,1,1,1,1,1.4,1.4,1.4,1.8,0.0,0.0
5.72265,24,-52,395,0,E1A1532B1898C0829X,TE1A2B1C5D000X,1,1,1,1,1.4,1.4,1.4,1.8,0.0,0.0
5.73486,24,-52,394,0,E1A1529B1898C0830X,TE1A2B1C5D000X,1,1,1,1,1.4,1.4,1.4,1.8,0.0,0.0
5.7464,24,-51,393,0,E1A1526B1898C0830X,TE1A2B1C5D000X,1,1,1,1,1.4,1.4,1.4,1.8,0.0,0.0
5.75889,25,-50,393,0,E1A1524B1898C0830X,TE1A2B1C5D000X,1,1,1,1,1.4,1.4,1.4,1.8,0.0,0.0
5.7787,25,-49,393,0,E1A1521B1898C0830X,TE1A2B1C5D000X,1,1,1,1,1.4,1.4,1.4,1.8,0.0,0.0
5.79089,25,-49,394,0,E1A1520B1898C0831X,TE1A2B1C5D000X,1,1,1,1,1.4,1.4,1.4,1.8,0.0,0.0
5.80255,25,-48,394,0,E1A1518B1898C0832X,TE1A2B1C5D000X,1,1,1,1,1.4,1.4,1.4,1.8,0.0,0.0
5.81422,25,-47,393,0,E1A1515B1898C0831X,TE1A2B1C5D000X,1,1,1,1,1.4,1.4,1.4,1.8,0.0,0.0
5.82576,25,-47,393,0,E1A1513B1898C0831X,TE1A2B1C5D000X,1,1,1,1,1.4,1.4,1.4,1.8,0.0,0.0
5.83729,25,-46,393,0,E1A1510B1898C0832X,TE1A2B1C5D000X,1,1,1,1,1.4,1.4,1.4,1.8,0.0,0.0
5.84889,26,-45,393,0,E1A1508B1898C0833X,TE1A2B1C5D000X,1,1,1,1,1.4,1.4,1.4,1.8,0.0,0.0
5.85981,26,-44,393,0,E1A1506B1898C0833X,TE1A2B1C5D000X,1,1,1,1,1.4,1.4,1.4,1.8,0.0,0.0
5.87128,26,-44,393,0,E1A1504B1898C0834X,TE1A2B1C5D000X,1,1,1,1,1.4,1.4,1.4,1.8,0.0,0.0
5.88276,26,-43,393,0,E1A1501B1898C0835X,TE1A2B1C5D000X,1,1,1,1,1.4,1.4,1.4,1.8,0.0,0.0
5.89405,26,-42,393,0,E1A1499B1898C0836X,TE1A2B1C5D000X,1,1,1,1,1.4,1.4,1.4,1.8,0.0,0.0
5.90544,26,-42,393,0,E1A1496B1898C0837X,TE1A2B1C5D000X,1,1,1,1,1.4,1.4,1.4,1.8,0.0,0.0
5.91707,26,-41,392,0,E1A1494B1898C0838X,TE1A2B1C5D000X,1,1,1,1,1.4,1.4,1.4,1.8,0.0,0.0
5.93488,27,-40,392,0,E1A1491B1898C0841X,TE1A2B1C5D000X,1,1,1,1,1.4,1.4,1.4,1.8,0.0,0.0
5.94705,27,-39,392,0,E1A1488B1898C0843X,TE1A2B1C5D000X,1,1,1,1,1.4,1.4,1.4,1.8,0.0,0.0
5.95929,27,-38,391,0,E1A1485B1898C0845X,TE1A2B1C5D000X,1,1,1,1,1.4,1.4,1.4,1.8,0.0,0.0
5.97077,27,-37,390,0,E1A1482B1898C0846X,TE1A2B1C5D000X,1,1,1,1,1.4,1.4,1.4,1.8,0.0,0.0
5.98314,27,-36,390,0,E1A1480B1898C0849X,TE1A2B1C5D000X,1,1,1,1,1.4,1.4,1.4,1.8,0.0,0.0
5.99437,27,-35,390,0,E1A1478B1898C0851X,TE1A2B1C5D000X,1,1,1,1,1.4,1.4,1.4,1.8,0.0,0.0
6.00602,27,-35,390,0,E1A1475B1898C0853X,TE1A3B1C5D000X,1,1,1,1,1.4,1.4,1.4,1.8,0.0,0.0
6.01778,27,-34,390,0,E1A1474B1898C0855X,TE1A3B1C5D000X,1,1,1,1,1.4,1.4,1.4,1.8,0.0,0.0
6.02939,27,-33,389,0,E1A1471B1898C0856X,TE1A3B1C5D000X,1,1,1,1,1.4,1.4,1.4,1.8,0.0,0.0
6.04056,27,-32,389,0,E1A1469B1898C0857X,TE1A3B1C5D000X,1,1,1,1,1.4,1.4,1.4,1.8,0.0,0.0
6.07082,27,-32,388,0,E1A1468B1898C0858X,TE1A3B1C5D000X,1,1,1,1,1.4,1.4,1.4,1.8,0.0,0.0
6.08277,27,-31,389,0,E1A1466B1898C0860X,TE1A3B1C5D000X,1,1,1,1,1.4,1.4,1.4,1.8,0.0,0.0
6.09476,27,-30,388,0,E1A1464B1898C0861X,TE1A3B1C5D000X,1,1,1,1,1.4,1.4,1.4,1.8,0.0,0.0
6.11921,27,-30,388,0,E1A1463B1898C0862X,TE1A3B1C5D000X,1,1,1,1,1.4,1.4,1.4,1.8,0.0,0.0
6.132,27,-29,387,0,E1A1461B1898C0862X,TE1A3B1C5D000X,1,1,1,1,1.4,1.4,1.4,1.8,0.0,0.0
6.14524,27,-29,387,0,E1A1459B1898C0863X,TE1A3B1C5D000X,1,1,1,1,1.4,1.4,1.4,1.8,0.0,0.0
6.16263,27,-28,387,0,E1A1458B1898C0863X,TE1A3B1C5D000X,1,1,1,1,1.4,1.4,1.4,1.8,0.0,0.0
6.17476,27,-28,387,0,E1A1457B1898C0864X,TE1A3B1C5D000X,1,1,1,1,1.4,1.4,1.4,1.8,0.0,0.0
6.18646,27,-27,387,0,E1A1455B1898C0865X,TE1A3B1C5D000X,1,1,1,1,1.4,1.4,1.4,1.8,0.0,0.0
6.19928,27,-27,387,0,E1A1454B1898C0866X,TE1A3B1C5D000X,1,1,1,1,1.4,1.4,1.4,1.8,0.0,0.0
6.21096,27,-26,387,0,E1A1453B1898C0866X,TE1A3B1C5D000X,1,1,1,1,1.4,1.4,1.4,1.8,0.0,0.0
6.22217,26,-26,387,0,E1A1451B1898C0866X,TE1A3B1C5D000X,1,1,1,1,1.4,1.4,1.4,1.8,0.0,0.0
6.23399,26,-25,387,0,E1A1450B1898C0867X,TE1A3B1C5D000X,1,1,1,1,1.4,1.4,1.4,1.8,0.0,0.0
6.24553,26,-25,386,0,E1A1449B1898C0867X,TE1A3B1C5D000X,1,1,1,1,1.4,1.4,1.4,1.8,0.0,0.0
6.2565,26,-24,386,0,E1A1447B1898C0868X,TE1A3B1C5D000X,1,1,1,1,1.4,1.4,1.4,1.8,0.0,0.0
6.26837,26,-24,386,0,E1A1445B1898C0869X,TE1A3B1C5D000X,1,1,1,1,1.4,1.4,1.4,1.8,0.0,0.0
6.28005,26,-23,385,0,E1A1444B1898C0870X,TE1A3B1C5D000X,1,1,1,1,1.4,1.4,1.4,1.8,0.0,0.0
6.29248,26,-23,385,0,E1A1442B1898C0872X,TE1A3B1C5D000X,1,1,1,1,1.4,1.4,1.4,1.8,0.0,0.0
6.31861,26,-22,385,0,E1A1440B1898C0874X,TE1A3B1C5D000X,1,1,1,1,1.4,1.4,1.4,1.8,0.0,0.0
6.3307,26,-21,385,0,E1A1439B1898C0878X,TE1A3B1C5D000X,1,1,1,1,1.4,1.4,1.4,1.8,0.0,0.0
6.35488,26,-20,384,0,E1A1437B1898C0882X,TE1A3B1C5D000X,1,1,1,1,1.4,1.4,1.4,1.8,0.0,0.0
6.36689,26,-19,384,0,E1A1435B1898C0886X,TE1A3B1C5D000X,1,1,1,1,1.4,1.4,1.4,1.8,0.0,0.0
6.37848,25,-18,383,0,E1A1433B1898C0889X,TE1A3B1C5D000X,1,1,1,1,1.4,1.4,1.4,1.8,0.0,0.0
6.38947,25,-17,383,0,E1A1431B1898C0893X,TE1A3B1C5D000X,1,1,1,1,1.4,1.4,1.4,1.8,0.0,0.0
6.40126,25,-17,383,0,E1A1430B1898C0897X,TE1A3B1C5D000X,1,1,1,1,1.4,1.4,1.4,1.8,0.0,0.0
6.41271,25,-16,383,0,E1A1428B1898C0900X,TE1A3B1C5D000X,1,1,1,1,1.4,1.4,1.4,1.8,0.0,0.0
6.4359,25,-15,383,0,E1A1427B1898C0904X,TE1A3B1C5D000X,1,1,1,1,1.4,1.4,1.4,1.8,0.0,0.0
6.45387,25,-14,383,0,E1A1425B1898C0907X,TE1A3B1C5D000X,1,1,1,1,1.4,1.4,1.4,1.8,0.0,0.0
6.46581,25,-14,383,0,E1A1423B1898C0910X,TE1A3B1C5D000X,1,1,1,1,1.4,1.4,1.4,1.8,0.0,0.0
6.4789,25,-13,383,0,E1A1422B1898C0913X,TE1A3B1C5D000X,1,1,1,1,1.4,1.4,1.4,1.8,0.0,0.0
6.49058,25,-13,383,0,E1A1420B1898C0915X,TE1A3B1C5D000X,1,1,1,1,1.4,1.4,1.4,1.8,0.0,0.0
6.50313,25,-12,383,0,E1A1419B1898C0918X,TE1A3B1C5D000X,1,1,1,1,1.4,1.4,1.4,1.8,0.0,0.0
6.515,25,-12,382,0,E1A1417B1898C0919X,TE1A3B1C5D000X,1,1,1,1,1.4,1.4,1.4,1.8,0.0,0.0
6.52646,25,-11,382,0,E1A1415B1898C0920X,TE1A3B1C5D000X,1,1,1,1,1.4,1.4,1.4,1.8,0.0,0.0
6.53817,25,-11,382,0,E1A1413B1898C0922X,TE1A3B1C5D000X,1,1,1,1,1.4,1.4,1.4,1.8,0.0,0.0
6.55886,24,-10,381,0,E1A1411B1898C0922X,TE1A3B1C5D000X,1,1,1,1,1.4,1.4,1.4,1.8,0.0,0.0
6.57065,24,-10,382,0,E1A1410B1898C0924X,TE1A3B1C5D000X,1,1,1,1,1.4,1.4,1.4,1.8,0.0,0.0
6.58233,24,-10,381,0,E1A1408B1898C0924X,TE1A3B1C5D000X,1,1,1,1,1.4,1.4,1.4,1.8,0.0,0.0
6.59365,24,-9,381,0,E1A1406B1898C0925X,TE1A3B1C5D000X,1,1,1,1,1.4,1.4,1.4,1.8,0.0,0.0
6.6272,24,-9,380,0,E1A1404B1898C0926X,TE1A3B1C5D000X,1,1,1,1,1.4,1.4,1.4,1.8,0.0,0.0
6.63934,24,-9,379,0,E1A1401B1898C0925X,TE1A3B1C5D000X,1,1,1,1,1.4,1.4,1.4,1.8,0.0,0.0
6.65113,24,-8,379,0,E1A1398B1898C0926X,TE1A3B1C5D000X,1,1,1,1,1.4,1.4,1.4,1.8,0.0,0.0
6.67084,25,-8,379,0,E1A1396B1898C0928X,TE1A3B1C5D000X,1,1,1,1,1.4,1.4,1.4,1.8,0.0,0.0
6.68309,25,-7,380,0,E1A1394B1898C0931X,TE1A3B1C5D000X,1,1,1,1,1.4,1.4,1.4,1.8,0.0,0.0
6.69516,25,-7,380,0,E1A1393B1898C0934X,TE1A3B1C5D000X,1,1,1,1,1.4,1.4,1.4,1.8,0.0,0.0
6.70686,25,-7,381,0,E1A1391B1898C0937X,TE1A3B1C5D000X,1,1,1,1,1.4,1.4,1.4,1.8,0.0,0.0
6.71854,25,-6,382,0,E1A1389B1898C0940X,TE1A3B1C5D000X,1,1,1,1,1.4,1.4,1.4,1.8,0.0,0.0
6.73019,25,-6,382,0,E1A1387B1898C0943X,TE1A3B1C5D000X,1,1,1,1,1.4,1.4,1.4,1.8,0.0,0.0
6.74174,25,-5,382,0,E1A1385B1898C0945X,TE1A3B1C5D000X,1,1,1,1,1.4,1.4,1.4,1.8,0.0,0.0
6.7588,25,-5,382,0,E1A1382B1898C0947X,TE1A3B1C5D000X,1,1,1,1,1.4,1.4,1.4,1.8,0.0,0.0
6.77111,25,-4,381,0,E1A1379B1898C0949X,TE1A3B1C5D000X,1,1,1,1,1.4,1.4,1.4,1.8,0.0,0.0
6.78288,25,-4,380,0,E1A1376B1898C0950X,TE1A3B1C5D000X,1,1,1,1,1.4,1.4,1.4,1.8,0.0,0.0
6.79476,25,-3,379,0,E1A1373B1898C0951X,TE1A3B1C5D000X,1,1,1,1,1.4,1.4,1.4,1.8,0.0,0.0
6.8069,25,-3,379,0,E1A1370B1898C0952X,TE1A3B1C5D000X,1,1,1,1,1.4,1.4,1.4,1.8,0.0,0.0
6.81864,25,-2,378,0,E1A1367B1898C0953X,TE1A3B1C5D000X,1,1,1,1,1.4,1.4,1.4,1.8,0.0,0.0
6.83111,25,-2,377,0,E1A1364B1898C0955X,TE1A3B1C5D000X,1,1,1,1,1.4,1.4,1.4,1.8,0.0,0.0
6.85088,25,-1,378,0,E1A1362B1898C0959X,TE1A3B1C5D000X,1,1,1,1,1.4,1.4,1.4,1.8,0.0,0.0
6.86356,25,-1,378,0,E1A1360B1898C0961X,TE1A3B1C5D000X,1,1,1,1,1.4,1.4,1.4,1.8,0.0,0.0
6.87499,25,0,377,0,E1A1357B1898C0963X,TE1A3B1C5D000X,1,1,1,1,1.4,1.4,1.4,1.8,0.0,0.0
6.88669,25,0,377,0,E1A1356B1898C0966X,TE1A3B1C5D000X,1,1,1,1,1.4,1.4,1.4,1.8,0.0,0.0
6.90696,25,0,377,0,E1A1354B1898C0968X,TE1A3B1C5D000X,1,1,1,1,1.4,1.4,1.4,1.8,0.0,0.0
6.91911,25,0,378,0,E1A1353B1898C0973X,TE1A3B1C5D000X,1,1,1,1,1.4,1.4,1.4,1.8,0.0,0.0
6.93106,25,0,377,0,E1A1352B1898C0975X,TE1A3B1C5D000X,1,1,1,1,1.4,1.4,1.4,1.8,0.0,0.0
6.94358,24,1,377,0,E1A1350B1898C0976X,TE1A3B1C5D000X,1,1,1,1,1.4,1.4,1.4,1.8,0.0,0.0
6.95471,24,1,377,0,E1A1349B1898C0980X,TE1A3B1C5D000X,1,1,1,1,1.4,1.4,1.4,1.8,0.0,0.0
6.96662,24,2,376,0,E1A1348B1898C0982X,TE1A3B1C5D000X,1,1,1,1,1.4,1.4,1.4,1.8,0.0,0.0
6.97824,24,2,376,0,E1A1347B1898C0984X,TE1A3B1C5D000X,1,1,1,1,1.4,1.4,1.4,1.8,0.0,0.0
6.98986,24,3,375,0,E1A1345B1898C0987X,TE1A3B1C5D000X,1,1,1,1,1.4,1.4,1.4,1.8,0.0,0.0
7.0017,23,3,376,0,E1A1345B1898C0990X,TE1A3B1C5D000X,1,1,1,1,1.4,1.4,1.4,1.8,0.0,0.0
7.01323,23,3,375,0,E1A1343B1898C0992X,TE1A3B1C5D000X,1,1,1,1,1.4,1.4,1.4,1.8,0.0,0.0
7.02757,23,4,375,0,E1A1342B1898C0994X,TE1A3B1C5D000X,1,1,1,1,1.4,1.4,1.4,1.8,0.0,0.0
7.03883,23,4,375,0,E1A1340B1898C0996X,TE1A3B1C5D000X,1,1,1,1,1.4,1.4,1.4,1.8,0.0,0.0
7.05061,23,4,375,0,E1A1338B1898C0998X,TE1A3B1C5D000X,1,1,1,1,1.4,1.4,1.4,1.8,0.0,0.0
7.06153,23,5,375,0,E1A1337B1898C1001X,TE1A3B1C5D000X,1,1,1,1,1.4,1.4,1.4,1.8,0.0,0.0
7.07342,23,5,375,0,E1A1335B1898C1003X,TE1A3B1C5D000X,1,1,1,1,1.4,1.4,1.4,1.8,0.0,0.0
7.09887,23,5,374,0,E1A1333B1898C1005X,TE1A3B1C5D000X,1,1,1,1,1.4,1.4,1.4,1.8,0.0,0.0
7.11087,23,6,375,0,E1A1332B1898C1009X,TE1A3B1C5D000X,1,1,1,1,1.4,1.4,1.4,1.8,0.0,0.0
7.12305,22,6,375,0,E1A1330B1898C1012X,TE1A3B1C5D000X,1,1,1,1,1.4,1.4,1.4,1.8,0.0,0.0
7.13498,22,7,374,0,E1A1328B1898C1014X,TE1A3B1C5D000X,1,1,1,1,1.4,1.4,1.4,1.8,0.0,0.0
7.14661,22,7,375,0,E1A1326B1898C1018X,TE1A3B1C5D000X,1,1,1,1,1.4,1.4,1.4,1.8,0.0,0.0
7.15897,22,7,375,0,E1A1324B1898C1022X,TE1A3B1C5D000X,1,1,1,1,1.4,1.4,1.4,1.8,0.0,0.0
7.17026,22,8,375,0,E1A1322B1898C1025X,TE1A3B1C5D000X,1,1,1,1,1.4,1.4,1.4,1.8,0.0,0.0
7.18208,22,8,375,0,E1A1319B1898C1028X,TE1A3B1C5D000X,1,1,1,1,1.4,1.4,1.4,1.8,0.0,0.0
7.19369,22,9,375,0,E1A1317B1898C1031X,TE1A3B1C4D000X,1,1,1,1,1.4,1.4,1.4,1.8,0.0,0.0
7.20563,22,9,375,0,E1A1314B1898C1034X,TE1A3B1C4D000X,1,1,1,1,1.4,1.4,1.4,1.8,0.0,0.0
7.21731,22,10,374,0,E1A1312B1898C1037X,TE1A3B1C4D000X,1,1,1,1,1.4,1.4,1.4,1.8,0.0,0.0
7.23655,22,10,375,0,E1A1309B1898C1041X,TE1A3B1C4D000X,1,1,1,1,1.4,1.4,1.4,1.8,0.0,0.0
7.24822,22,11,375,0,E1A1307B1898C1044X,TE1A3B1C4D000X,1,1,1,1,1.4,1.4,1.4,1.8,0.0,0.0
7.2596,22,11,374,0,E1A1304B1898C1046X,TE1A3B1C4D000X,1,1,1,1,1.4,1.4,1.4,1.8,0.0,0.0
7.27144,22,11,373,0,E1A1300B1898C1047X,TE1A3B1C4D000X,1,1,1,1,1.4,1.4,1.4,1.8,0.0,0.0
7.30292,23,11,374,0,E1A1297B1898C1050X,TE1A3B1C4D000X,1,1,1,1,1.4,1.4,1.4,1.8,0.0,0.0
7.32693,23,12,374,0,E1A1294B1898C1052X,TE1A3B1C4D000X,1,1,1,1,1.4,1.4,1.4,1.8,0.0,0.0
7.33874,23,12,374,0,E1A1291B1898C1053X,TE1A3B1C4D000X,1,1,1,1,1.4,1.4,1.4,1.8,0.0,0.0
7.35032,23,12,374,0,E1A1288B1898C1054X,TE1A3B1C4D000X,1,1,1,1,1.4,1.4,1.4,1.8,0.0,0.0
7.3621,23,12,374,0,E1A1286B1898C1056X,TE1A3B1C4D000X,1,1,1,1,1.4,1.4,1.4,1.8,0.0,0.0
7.37362,23,12,374,0,E1A1283B1898C1057X,TE1A3B1C4D000X,1,1,1,1,1.4,1.4,1.4,1.8,0.0,0.0
7.38547,23,12,374,0,E1A1280B1898C1058X,TE1A3B1C4D000X,1,1,1,1,1.4,1.4,1.4,1.8,0.0,0.0
7.39729,24,12,374,0,E1A1278B1898C1059X,TE1A3B1C4D000X,1,1,1,1,1.4,1.4,1.4,1.8,0.0,0.0
7.40883,24,12,374,0,E1A1276B1898C1060X,TE1A3B1C4D000X,1,1,1,1,1.4,1.4,1.4,1.8,0.0,0.0
7.42074,24,12,374,0,E1A1273B1898C1060X,TE1A3B1C4D000X,1,1,1,1,1.4,1.4,1.4,1.8,0.0,0.0
7.43276,24,12,373,0,E1A1270B1898C1060X,TE1A3B1C4D000X,1,1,1,1,1.4,1.4,1.4,1.8,0.0,0.0
7.44443,24,13,372,0,E1A1266B1898C1060X,TE1A3B1C4D000X,1,1,1,1,1.4,1.4,1.4,1.8,0.0,0.0
7.45558,24,13,372,0,E1A1263B1898C1061X,TE1A3B1C4D000X,1,1,1,1,1.4,1.4,1.4,1.8,0.0,0.0
7.46725,24,13,371,0,E1A1259B1898C1061X,TE1A3B1C4D000X,1,1,1,1,1.4,1.4,1.4,1.8,0.0,0.0
7.47885,24,13,372,0,E1A1257B1898C1063X,TE1A3B1C4D000X,1,1,1,1,1.4,1.4,1.4,1.8,0.0,0.0
7.48996,24,13,372,0,E1A1254B1898C1064X,TE1A3B1C4D000X,1,1,1,1,1.4,1.4,1.4,1.8,0.0,0.0
7.50155,24,13,371,0,E1A1250B1898C1066X,TE1A3B1C4D000X,1,1,1,1,1.4,1.4,1.4,1.8,0.0,0.0
7.51308,24,14,372,0,E1A1247B1898C1068X,TE1A3B1C4D000X,1,1,1,1,1.4,1.4,1.4,1.8,0.0,0.0
7.52441,25,14,371,0,E1A1243B1898C1070X,TE1A4B1C4D000X,1,1,1,1,1.4,1.4,1.4,1.8,0.0,0.0
7.53882,25,14,371,0,E1A1239B1898C1071X,TE1A4B1C4D000X,1,1,1,1,1.4,1.4,1.4,1.8,0.0,0.0
7.55101,25,15,371,0,E1A1235B1898C1074X,TE1A4B1C4D000X,1,1,1,1,1.4,1.4,1.4,1.8,0.0,0.0
7.56281,25,15,370,0,E1A1230B1898C1075X,TE1A4B1C4D000X,1,1,1,1,1.4,1.4,1.4,1.8,0.0,0.0
7.57481,25,15,370,0,E1A1226B1898C1077X,TE1A4B1C4D000X,1,1,1,1,1.4,1.4,1.4,1.8,0.0,0.0
7.58635,25,16,369,0,E1A1222B1898C1079X,TE1A4B1C4D000X,1,1,1,1,1.4,1.4,1.4,1.8,0.0,0.0
7.598,25,16,369,0,E1A1217B1898C1081X,TE1A4B1C4D000X,1,1,1,1,1.4,1.4,1.4,1.8,0.0,0.0
7.61032,25,16,368,0,E1A1213B1898C1083X,TE1A4B1C4D000X,1,1,1,1,1.4,1.4,1.4,1.8,0.0,0.0
7.63076,26,17,368,0,E1A1209B1898C1086X,TE1A4B1C4D000X,1,1,1,1,1.4,1.4,1.4,1.8,0.0,0.0
7.66286,26,17,368,0,E1A1205B1898C1089X,TE1A4B1C4D000X,1,1,1,1,1.4,1.4,1.4,1.8,0.0,0.0
7.67505,26,17,369,0,E1A1202B1898C1092X,TE1A4B1C4D000X,1,1,1,1,1.4,1.4,1.4,1.8,0.0,0.0
7.68714,26,18,368,0,E1A1198B1898C1095X,TE1A4B1C4D000X,1,1,1,1,1.4,1.4,1.4,1.8,0.0,0.0
7.69909,26,18,368,0,E1A1195B1898C1097X,TE1A4B1C4D000X,1,1,1,1,1.4,1.4,1.4,1.8,0.0,0.0
7.71114,26,18,367,0,E1A1191B1898C1099X,TE1A4B1C4D000X,1,1,1,1,1.4,1.4,1.4,1.8,0.0,0.0
7.73114,26,19,367,0,E1A1188B1898C1101X,TE1A4B1C4D000X,1,1,1,1,1.4,1.4,1.4,1.8,0.0,0.0
7.74325,26,19,367,0,E1A1185B1898C1104X,TE1A4B1C4D000X,1,1,1,1,1.4,1.4,1.4,1.8,0.0,0.0
7.75526,26,19,367,0,E1A1182B1898C1106X,TE1A4B1C4D000X,1,1,1,1,1.4,1.4,1.4,1.8,0.0,0.0
7.76736,26,19,366,0,E1A1178B1898C1108X,TE1A4B1C4D000X,1,1,1,1,1.4,1.4,1.4,1.8,0.0,0.0
7.77951,26,20,366,0,E1A1175B1898C1110X,TE1A4B1C4D000X,1,1,1,1,1.4,1.4,1.4,1.8,0.0,0.0
7.79092,26,20,366,0,E1A1172B1898C1113X,TE1A4B1C4D000X,1,1,1,1,1.4,1.4,1.4,1.8,0.0,0.0
7.80261,26,20,367,0,E1A1170B1898C1116X,TE1A4B1C4D000X,1,1,1,1,1.4,1.4,1.4,1.8,0.0,0.0
7.82296,25,20,366,0,E1A1166B1898C1117X,TE1A4B1C4D000X,1,1,1,1,1.4,1.4,1.4,1.8,0.0,0.0
7.83516,25,21,365,0,E1A1162B1898C1119X,TE1A4B1C4D000X,1,1,1,1,1.4,1.4,1.4,1.8,0.0,0.0
7.84687,25,21,365,0,E1A1159B1898C1121X,TE1A4B1C4D000X,1,1,1,1,1.4,1.4,1.4,1.8,0.0,0.0
7.85814,25,21,365,0,E1A1156B1898C1124X,TE1A4B1C4D000X,1,1,1,1,1.4,1.4,1.4,1.8,0.0,0.0
7.87064,25,22,365,0,E1A1152B1898C1127X,TE1A4B1C4D000X,1,1,1,1,1.4,1.4,1.4,1.8,0.0,0.0
7.88217,25,22,365,0,E1A1149B1898C1130X,TE1A4B1C4D000X,1,1,1,1,1.4,1.4,1.4,1.8,0.0,0.0
7.89378,25,22,365,0,E1A1146B1898C1132X,TE1A4B1C4D000X,1,1,1,1,1.4,1.4,1.4,1.8,0.0,0.0
7.91059,26,22,365,0,E1A1141B1898C1135X,TE1A4B1C4D000X,1,1,1,1,1.4,1.4,1.4,1.8,0.0,0.0
7.923,26,23,364,0,E1A1137B1898C1137X,TE1A4B1C4D000X,1,1,1,1,1.4,1.4,1.4,1.8,0.0,0.0
7.94672,26,23,364,0,E1A1132B1898C1139X,TE1A4B1C4D000X,1,1,1,1,1.4,1.4,1.4,1.8,0.0,0.0
7.95912,26,23,364,0,E1A1128B1898C1142X,TE1A4B1C4D000X,1,1,1,1,1.4,1.4,1.4,1.8,0.0,0.0
7.97072,26,24,365,0,E1A1125B1898C1146X,TE1A4B1C4D000X,1,1,1,1,1.4,1.4,1.4,1.8,0.0,0.0
7.99084,26,24,366,0,E1A1124B1898C1150X,TE1A4B1C4D000X,1,1,1,1,1.4,1.4,1.4,1.8,0.0,0.0
8.00311,26,24,366,0,E1A1122B1898C1154X,TE1A4B1C4D000X,1,1,1,1,1.4,1.4,1.4,1.8,0.0,0.0
8.01475,26,24,366,0,E1A1120B1898C1157X,TE1A4B1C4D000X,1,1,1,1,1.4,1.4,1.4,1.8,0.0,0.0
8.02678,26,25,366,0,E1A1119B1898C1159X,TE1A4B1C4D000X,1,1,1,1,1.4,1.4,1.4,1.8,0.0,0.0
8.03816,26,25,366,0,E1A1118B1898C1162X,TE1A4B1C4D000X,1,1,1,1,1.4,1.4,1.4,1.8,0.0,0.0
8.0498,26,25,366,0,E1A1117B1898C1165X,TE1A4B1C4D000X,1,1,1,1,1.4,1.4,1.4,1.8,0.0,0.0
8.07086,26,25,366,0,E1A1115B1898C1166X,TE1A4B1C4D000X,1,1,1,1,1.4,1.4,1.4,1.8,0.0,0.0
8.08298,26,25,365,0,E1A1113B1898C1168X,TE1A4B1C4D000X,1,1,1,1,1.4,1.4,1.4,1.8,0.0,0.0
8.09481,26,25,365,0,E1A1111B1898C1170X,TE1A4B1C4D000X,1,1,1,1,1.4,1.4,1.4,1.8,0.0,0.0
8.1067,26,25,364,0,E1A1110B1898C1172X,TE1A4B1C4D000X,1,1,1,1,1.4,1.4,1.4,1.8,0.0,0.0
8.11853,26,25,364,0,E1A1109B1898C1174X,TE1A4B1C4D000X,1,1,1,1,1.4,1.4,1.4,1.8,0.0,0.0
8.1306,25,25,364,0,E1A1107B1898C1176X,TE1A4B1C4D000X,1,1,1,1,1.4,1.4,1.4,1.8,0.0,0.0
8.15306,25,26,364,0,E1A1106B1898C1180X,TE1A4B1C4D000X,1,1,1,1,1.4,1.4,1.4,1.8,0.0,0.0
8.16603,25,26,364,0,E1A1105B1898C1183X,TE1A4B1C4D000X,1,1,1,1,1.4,1.4,1.4,1.8,0.0,0.0
8.17779,25,26,364,0,E1A1104B1898C1187X,TE1A4B1C4D000X,1,1,1,1,1.4,1.4,1.4,1.8,0.0,0.0
8.18951,25,26,364,0,E1A1102B1898C1189X,TE1A4B1C4D000X,1,1,1,1,1.4,1.4,1.4,1.8,0.0,0.0
8.2014,25,26,363,0,E1A1100B1898C1192X,TE1A4B1C4D000X,1,1,1,1,1.4,1.4,1.4,1.8,0.0,0.0
8.21314,25,27,363,0,E1A1098B1898C1195X,TE1A4B1C4D000X,1,1,1,1,1.4,1.4,1.4,1.8,0.0,0.0
8.22558,25,27,363,0,E1A1097B1898C1199X,TE1A4B1C4D000X,1,1,1,1,1.4,1.4,1.4,1.8,0.0,0.0
8.23704,25,27,363,0,E1A1095B1898C1202X,TE1A4B1C4D000X,1,1,1,1,1.4,1.4,1.4,1.8,0.0,0.0
8.24895,25,27,363,0,E1A1094B1898C1206X,TE1A4B1C4D000X,1,1,1,1,1.4,1.4,1.4,1.8,0.0,0.0
8.26263,25,28,364,0,E1A1092B1898C1210X,TE1A4B1C4D000X,1,1,1,1,1.4,1.4,1.4,1.8,0.0,0.0
8.27505,25,28,363,0,E1A1090B1898C1213X,TE1A4B1C4D000X,1,1,1,1,1.4,1.4,1.4,1.8,0.0,0.0
8.28686,25,28,363,0,E1A1087B1898C1216X,TE1A4B1C4D000X,1,1,1,1,1.4,1.4,1.4,1.8,0.0,0.0
8.29865,25,28,363,0,E1A1085B1898C1218X,TE1A4B1C4D000X,1,1,1,1,1.4,1.4,1.4,1.8,0.0,0.0
8.31017,25,28,363,0,E1A1083B1898C1221X,TE1A4B1C4D000X,1,1,1,1,1.4,1.4,1.4,1.8,0.0,0.0
8.32119,25,29,364,0,E1A1081B1898C1225X,TE1A4B1C4D000X,1,1,1,1,1.4,1.4,1.4,1.8,0.0,0.0
8.33304,25,29,364,0,E1A1078B1898C1228X,TE1A4B1C4D000X,1,1,1,1,1.4,1.4,1.4,1.8,0.0,0.0
8.34468,25,29,364,0,E1A1075B1898C1230X,TE1A4B1C4D000X,1,1,1,1,1.4,1.4,1.4,1.8,0.0,0.0
8.36282,26,29,364,0,E1A1073B1898C1233X,TE1A4B1C4D000X,1,1,1,1,1.4,1.4,1.4,1.8,0.0,0.0
8.37504,26,29,364,0,E1A1069B1898C1235X,TE1A4B1C4D000X,1,1,1,1,1.4,1.4,1.4,1.8,0.0,0.0
8.39901,26,29,363,0,E1A1066B1898C1236X,TE1A4B1C4D000X,1,1,1,1,1.4,1.4,1.4,1.8,0.0,0.0
8.41114,26,29,363,0,E1A1062B1898C1237X,TE1A4B1C4D000X,1,1,1,1,1.4,1.4,1.4,1.8,0.0,0.0
8.43107,26,29,363,0,E1A1059B1898C1239X,TE1A4B1C4D000X,1,1,1,1,1.4,1.4,1.4,1.8,0.0,0.0
8.44281,26,30,362,0,E1A1056B1898C1241X,TE1A4B1C4D000X,1,1,1,1,1.4,1.4,1.4,1.8,0.0,0.0
8.45492,26,30,362,0,E1A1053B1898C1243X,TE1A4B1C4D000X,1,1,1,1,1.4,1.4,1.4,1.8,0.0,0.0
8.46719,27,30,363,0,E1A1051B1898C1246X,TE1A4B1C4D000X,1,1,1,1,1.4,1.4,1.4,1.8,0.0,0.0
8.47888,27,30,363,0,E1A1047B1898C1249X,TE1A4B1C4D000X,1,1,1,1,1.4,1.4,1.4,1.8,0.0,0.0
8.49015,27,30,362,0,E1A1044B1898C1251X,TE1A4B1C4D000X,1,1,1,1,1.4,1.4,1.4,1.8,0.0,0.0
8.50299,27,30,362,0,E1A1041B1898C1253X,TE1A4B1C4D000X,1,1,1,1,1.4,1.4,1.4,1.8,0.0,0.0
8.51506,27,30,363,0,E1A1039B1898C1256X,TE1A4B1C4D000X,1,1,1,1,1.4,1.4,1.4,1.8,0.0,0.0
8.52622,27,30,363,0,E1A1037B1898C1259X,TE1A4B1C3D000X,1,1,1,1,1.4,1.4,1.4,1.8,0.0,0.0
8.5383,27,31,362,0,E1A1034B1898C1261X,TE1A4B1C3D000X,1,1,1,1,1.4,1.4,1.4,1.8,0.0,0.0
8.55026,27,31,362,0,E1A1032B1898C1263X,TE1A4B1C3D000X,1,1,1,1,1.4,1.4,1.4,1.8,0.0,0.0
8.56193,27,31,362,0,E1A1029B1898C1266X,TE1A4B1C3D000X,1,1,1,1,1.4,1.4,1.4,1.8,0.0,0.0
8.57326,27,31,362,0,E1A1027B1898C1268X,TE1A4B1C3D000X,1,1,1,1,1.4,1.4,1.4,1.8,0.0,0.0
8.58499,27,31,362,0,E1A1025B1898C1270X,TE1A4B1C3D000X,1,1,1,1,1.4,1.4,1.4,1.8,0.0,0.0
8.5973,27,31,360,0,E1A1021B1898C1271X,TE1A4B1C3D000X,1,1,1,1,1.4,1.4,1.4,1.8,0.0,0.0
8.60864,27,31,360,0,E1A1019B1898C1273X,TE1A5B1C3D000X,1,1,1,1,1.4,1.4,1.4,1.8,0.0,0.0
8.62056,27,31,360,0,E1A1017B1898C1275X,TE1A5B1C3D000X,1,1,1,1,1.4,1.4,1.4,1.8,0.0,0.0
8.63181,27,31,361,0,E1A1015B1898C1277X,TE1A5B1C3D000X,1,1,1,1,1.4,1.4,1.4,1.8,0.0,0.0
8.64348,27,31,361,0,E1A1014B1898C1280X,TE1A5B1C3D000X,1,1,1,1,1.4,1.4,1.4,1.8,0.0,0.0
8.65848,27,31,361,0,E1A1012B1898C1282X,TE1A5B1C3D000X,1,1,1,1,1.4,1.4,1.4,1.8,0.0,0.0
8.6718,27,31,361,0,E1A1010B1898C1284X,TE1A5B1C3D000X,1,1,1,1,1.4,1.4,1.4,1.8,0.0,0.0
8.69107,27,31,361,0,E1A1008B1898C1286X,TE1A5B1C3D000X,1,1,1,1,1.4,1.4,1.4,1.8,0.0,0.0
8.70323,27,31,361,0,E1A1006B1898C1289X,TE1A5B1C3D000X,1,1,1,1,1.4,1.4,1.4,1.8,0.0,0.0
8.72707,27,31,361,0,E1A1004B1898C1291X,TE1A5B1C3D000X,1,1,1,1,1.4,1.4,1.4,1.8,0.0,0.0
8.73887,27,31,361,0,E1A1001B1898C1294X,TE1A5B1C3D000X,1,1,1,1,1.4,1.4,1.4,1.8,0.0,0.0
8.75898,27,31,361,0,E1A0999B1898C1296X,TE1A5B1C3D000X,1,1,1,1,1.4,1.4,1.4,1.8,0.0,0.0
8.77108,27,31,361,0,E1A0997B1898C1298X,TE1A5B1C3D000X,1,1,1,1,1.4,1.4,1.4,1.8,0.0,0.0
8.7829,27,31,361,0,E1A0996B1898C1300X,TE1A5B1C3D000X,1,1,1,1,1.4,1.4,1.4,1.8,0.0,0.0
8.7946,27,31,361,0,E1A0994B1898C1302X,TE1A5B1C3D000X,1,1,1,1,1.4,1.4,1.4,1.8,0.0,0.0
8.8065,27,31,362,0,E1A0992B1898C1305X,TE1A5B1C3D000X,1,1,1,1,1.4,1.4,1.4,1.8,0.0,0.0
8.81766,27,31,362,0,E1A0990B1898C1307X,TE1A5B1C3D000X,1,1,1,1,1.4,1.4,1.4,1.8,0.0,0.0
8.84408,27,31,362,0,E1A0989B1898C1309X,TE1A5B1C3D000X,1,1,1,1,1.4,1.4,1.4,1.8,0.0,0.0
8.85771,27,31,362,0,E1A0987B1898C1311X,TE1A5B1C3D000X,1,1,1,1,1.4,1.4,1.4,1.8,0.0,0.0
8.86959,27,31,362,0,E1A0985B1898C1313X,TE1A5B1C3D000X,1,1,1,1,1.4,1.4,1.4,1.8,0.0,0.0
8.88134,27,31,362,0,E1A0984B1898C1315X,TE1A5B1C3D000X,1,1,1,1,1.4,1.4,1.4,1.8,0.0,0.0
8.89305,27,31,362,0,E1A0983B1898C1318X,TE1A5B1C3D000X,1,1,1,1,1.4,1.4,1.4,1.8,0.0,0.0
8.91895,27,32,362,0,E1A0981B1898C1320X,TE1A5B1C3D000X,1,1,1,1,1.4,1.4,1.4,1.8,0.0,0.0
8.93087,27,32,362,0,E1A0979B1898C1323X,TE1A5B1C3D000X,1,1,1,1,1.4,1.4,1.4,1.8,0.0,0.0
8.94277,27,32,362,0,E1A0976B1898C1325X,TE1A5B1C3D000X,1,1,1,1,1.4,1.4,1.4,1.8,0.0,0.0
8.95476,27,32,362,0,E1A0974B1898C1328X,TE1A5B1C3D000X,1,1,1,1,1.4,1.4,1.4,1.8,0.0,0.0
8.96647,27,32,362,0,E1A0971B1898C1330X,TE1A5B1C3D000X,1,1,1,1,1.4,1.4,1.4,1.8,0.0,0.0
8.9782,27,32,362,0,E1A0969B1898C1333X,TE1A5B1C3D000X,1,1,1,1,1.4,1.4,1.4,1.8,0.0,0.0
8.99506,27,32,362,0,E1A0966B1898C1335X,TE1A5B1C3D000X,1,1,1,1,1.4,1.4,1.4,1.8,0.0,0.0
9.00732,28,32,362,0,E1A0963B1898C1337X,TE1A5B1C3D000X,1,1,1,1,1.4,1.4,1.4,1.8,0.0,0.0
9.01916,28,32,362,0,E1A0960B1898C1339X,TE1A5B1C3D000X,1,1,1,1,1.4,1.4,1.4,1.8,0.0,0.0
9.04289,28,32,362,0,E1A0957B1898C1342X,TE1A5B1C3D000X,1,1,1,1,1.4,1.4,1.4,1.8,0.0,0.0
9.05465,28,32,361,0,E1A0953B1898C1343X,TE1A5B1C3D000X,1,1,1,1,1.4,1.4,1.4,1.8,0.0,0.0
9.06641,28,33,362,0,E1A0950B1898C1346X,TE1A5B1C3D000X,1,1,1,1,1.4,1.4,1.4,1.8,0.0,0.0
9.07829,28,33,362,0,E1A0948B1898C1348X,TE1A5B1C3D000X,1,1,1,1,1.4,1.4,1.4,1.8,0.0,0.0
9.08945,28,33,361,0,E1A0945B1898C1350X,TE1A5B1C3D000X,1,1,1,1,1.4,1.4,1.4,1.8,0.0,0.0
9.10239,28,33,361,0,E1A0942B1898C1353X,TE1A5B1C3D000X,1,1,1,1,1.4,1.4,1.4,1.8,0.0,0.0
9.11422,28,33,362,0,E1A0939B1898C1355X,TE1A5B1C3D000X,1,1,1,1,1.4,1.4,1.4,1.8,0.0,0.0
9.12536,28,33,362,0,E1A0937B1898C1357X,TE1A5B1C3D000X,1,1,1,1,1.4,1.4,1.4,1.8,0.0,0.0
9.13724,28,33,362,0,E1A0935B1898C1360X,TE1A5B1C3D000X,1,1,1,1,1.4,1.4,1.4,1.8,0.0,0.0
9.14912,28,33,362,0,E1A0932B1898C1362X,TE1A5B1C3D000X,1,1,1,1,1.4,1.4,1.4,1.8,0.0,0.0
9.16097,28,33,362,0,E1A0930B1898C1364X,TE1A5B1C3D000X,1,1,1,1,1.4,1.4,1.4,1.8,0.0,0.0
9.17234,28,33,362,0,E1A0928B1898C1366X,TE1A5B1C3D000X,1,1,1,1,1.4,1.4,1.4,1.8,0.0,0.0
9.1842,28,33,362,0,E1A0925B1898C1368X,TE1A5B1C3D000X,1,1,1,1,1.4,1.4,1.4,1.8,0.0,0.0
9.19539,28,33,362,0,E1A0923B1898C1370X,TE1A5B1C3D000X,1,1,1,1,1.4,1.4,1.4,1.8,0.0,0.0
9.20709,28,33,362,0,E1A0921B1898C1372X,TE1A5B1C3D000X,1,1,1,1,1.4,1.4,1.4,1.8,0.0,0.0
9.21882,28,33,362,0,E1A0918B1898C1374X,TE1A5B1C3D000X,1,1,1,1,1.4,1.4,1.4,1.8,0.0,0.0
9.23488,28,33,362,0,E1A0916B1898C1377X,TE1A5B1C3D000X,1,1,1,1,1.4,1.4,1.4,1.8,0.0,0.0
9.25588,28,33,362,0,E1A0913B1898C1379X,TE1A5B1C3D000X,1,1,1,1,1.4,1.4,1.4,1.8,0.0,0.0
9.29153,28,33,362,0,E1A0909B1898C1381X,TE1A5B1C3D000X,1,1,1,1,1.4,1.4,1.4,1.8,0.0,0.0
9.30344,28,33,361,0,E1A0905B1898C1383X,TE1A5B1C3D000X,1,1,1,1,1.4,1.4,1.4,1.8,0.0,0.0
9.3352,28,33,361,0,E1A0901B1898C1385X,TE1A5B1C3D000X,1,1,1,1,1.4,1.4,1.4,1.8,0.0,0.0
9.35907,29,34,361,0,E1A0897B1898C1387X,TE1A5B1C3D000X,1,1,1,1,1.4,1.4,1.4,1.8,0.0,0.0
9.37106,29,34,361,0,E1A0892B1898C1389X,TE1A5B1C3D000X,1,1,1,1,1.4,1.4,1.4,1.8,0.0,0.0
9.38269,29,34,361,0,E1A0889B1898C1391X,TE1A5B1C3D000X,1,1,1,1,1.4,1.4,1.4,1.8,0.0,0.0
9.39448,29,34,361,0,E1A0886B1898C1394X,TE1A5B1C3D000X,1,1,1,1,1.4,1.4,1.4,1.8,0.0,0.0
9.4067,29,34,361,0,E1A0883B1898C1397X,TE1A5B1C3D000X,1,1,1,1,1.4,1.4,1.4,1.8,0.0,0.0
9.41845,29,34,361,0,E1A0879B1898C1399X,TE1A5B1C3D000X,1,1,1,1,1.4,1.4,1.4,1.8,0.0,0.0
9.43569,29,34,361,0,E1A0875B1898C1401X,TE1A5B1C3D000X,1,1,1,1,1.4,1.4,1.4,1.8,0.0,0.0
9.44769,29,34,361,0,E1A0871B1898C1404X,TE1A5B1C3D000X,1,1,1,1,1.4,1.4,1.4,1.8,0.0,0.0
9.45886,29,34,361,0,E1A0868B1898C1406X,TE1A5B1C3D000X,1,1,1,1,1.4,1.4,1.4,1.8,0.0,0.0
9.48295,29,35,361,0,E1A0863B1898C1408X,TE1A5B1C3D000X,1,1,1,1,1.4,1.4,1.4,1.8,0.0,0.0
9.49483,29,35,361,0,E1A0860B1898C1410X,TE1A5B1C3D000X,1,1,1,1,1.4,1.4,1.4,1.8,0.0,0.0
9.51476,30,35,361,0,E1A0857B1898C1412X,TE1A5B1C3D000X,1,1,1,1,1.4,1.4,1.4,1.8,0.0,0.0
9.52671,29,35,360,0,E1A0854B1898C1414X,TE1A5B1C3D000X,1,1,1,1,1.4,1.4,1.4,1.8,0.0,0.0
9.53873,29,35,360,0,E1A0850B1898C1415X,TE1A5B1C3D000X,1,1,1,1,1.4,1.4,1.4,1.8,0.0,0.0
9.5507,29,34,360,0,E1A0848B1898C1417X,TE1A5B1C3D000X,1,1,1,1,1.4,1.4,1.4,1.8,0.0,0.0
9.56213,29,34,360,0,E1A0846B1898C1419X,TE1A5B1C3D000X,1,1,1,1,1.4,1.4,1.4,1.8,0.0,0.0
9.58257,29,34,359,0,E1A0844B1898C1420X,TE1A5B1C3D000X,1,1,1,1,1.4,1.4,1.4,1.8,0.0,0.0
9.5947,29,34,360,0,E1A0842B1898C1423X,TE1A5B1C3D000X,1,1,1,1,1.4,1.4,1.4,1.8,0.0,0.0
9.6068,29,34,360,0,E1A0841B1898C1425X,TE1A5B1C3D000X,1,1,1,1,1.4,1.4,1.4,1.8,0.0,0.0
9.61881,29,34,360,0,E1A0840B1898C1426X,TE1A5B1C3D000X,1,1,1,1,1.4,1.4,1.4,1.8,0.0,0.0
9.63038,29,34,360,0,E1A0838B1898C1428X,TE1A5B1C3D000X,1,1,1,1,1.4,1.4,1.4,1.8,0.0,0.0
9.64266,29,34,359,0,E1A0836B1898C1429X,TE1A5B1C3D000X,1,1,1,1,1.4,1.4,1.4,1.8,0.0,0.0
9.6538,29,34,359,0,E1A0834B1898C1431X,TE1A5B1C3D000X,1,1,1,1,1.4,1.4,1.4,1.8,0.0,0.0
9.66657,29,34,360,0,E1A0832B1898C1433X,TE1A5B1C3D000X,1,1,1,1,1.4,1.4,1.4,1.8,0.0,0.0
9.69521,29,34,360,0,E1A0830B1898C1434X,TE1A5B1C3D000X,1,1,1,1,1.4,1.4,1.4,1.8,0.0,0.0
9.7074,29,34,360,0,E1A0828B1898C1436X,TE1A5B1C3D000X,1,1,1,1,1.4,1.4,1.4,1.8,0.0,0.0
9.71947,29,34,360,0,E1A0826B1898C1438X,TE1A5B1C3D000X,1,1,1,1,1.4,1.4,1.4,1.8,0.0,0.0
9.73199,29,34,360,0,E1A0824B1898C1440X,TE1A5B1C3D000X,1,1,1,1,1.4,1.4,1.4,1.8,0.0,0.0
9.746,29,34,361,0,E1A0823B1898C1442X,TE1A5B1C3D000X,1,1,1,1,1.4,1.4,1.4,1.8,0.0,0.0
9.75732,29,33,361,0,E1A0821B1898C1444X,TE1A5B1C3D000X,1,1,1,1,1.4,1.4,1.4,1.8,0.0,0.0
9.76914,29,33,361,0,E1A0820B1898C1447X,TE1A5B1C3D000X,1,1,1,1,1.4,1.4,1.4,1.8,0.0,0.0
9.7829,29,33,361,0,E1A0820B1898C1449X,TE1A5B1C3D000X,1,1,1,1,1.4,1.4,1.4,1.8,0.0,0.0
9.79405,28,33,361,0,E1A0819B1898C1451X,TE1A5B1C3D000X,1,1,1,1,1.4,1.4,1.4,1.8,0.0,0.0
9.81117,28,33,361,0,E1A0820B1898C1453X,TE1A5B1C3D000X,1,1,1,1,1.4,1.4,1.4,1.8,0.0,0.0
9.82283,28,33,362,0,E1A0822B1898C1455X,TE1A5B1C3D000X,1,1,1,1,1.4,1.4,1.4,1.8,0.0,0.0
9.83416,27,33,362,0,E1A0825B1898C1456X,TE1A5B1C3D000X,1,1,1,1,1.4,1.4,1.4,1.8,0.0,0.0
9.85494,27,32,362,0,E1A0828B1898C1458X,TE1A5B1C3D000X,1,1,1,1,1.4,1.4,1.4,1.8,0.0,0.0
9.86688,26,32,362,0,E1A0832B1898C1459X,TE1A5B1C3D000X,1,1,1,1,1.4,1.4,1.4,1.8,0.0,0.0
9.87873,26,31,362,0,E1A0835B1898C1460X,TE1A5B1C3D000X,1,1,1,1,1.4,1.4,1.4,1.8,0.0,0.0
9.89001,25,31,363,0,E1A0839B1898C1461X,TE1A5B1C3D000X,1,1,1,1,1.4,1.4,1.4,1.8,0.0,0.0
9.90173,25,30,362,0,E1A0842B1898C1461X,TE1A5B1C3D000X,1,1,1,1,1.4,1.4,1.4,1.8,0.0,0.0
9.91332,25,30,363,0,E1A0846B1898C1462X,TE1A5B1C3D000X,1,1,1,1,1.4,1.4,1.4,1.8,0.0,0.0
9.92473,24,29,363,0,E1A0850B1898C1463X,TE1A5B1C3D000X,1,1,1,1,1.4,1.4,1.4,1.8,0.0,0.0
9.9365,24,29,363,0,E1A0853B1898C1464X,TE1A5B1C3D000X,1,1,1,1,1.4,1.4,1.4,1.8,0.0,0.0
9.94847,23,28,363,0,E1A0857B1898C1465X,TE1A5B1C3D000X,1,1,1,1,1.4,1.4,1.4,1.8,0.0,0.0
9.9909,23,28,364,0,E1A0863B1898C1466X,TE1A5B1C3D000X,1,1,1,1,1.4,1.4,1.4,1.8,0.0,0.0
10.0028,22,27,364,0,E1A0868B1898C1467X,TE1A5B1C3D000X,1,1,1,1,1.4,1.4,1.4,1.8,0.0,0.0
10.0145,22,27,364,0,E1A0873B1898C1468X,TE1A5B1C3D000X,1,1,1,1,1.4,1.4,1.4,1.8,0.0,0.0
10.0263,21,26,364,0,E1A0879B1898C1470X,TE1A5B1C3D000X,1,1,1,1,1.4,1.4,1.4,1.8,0.0,0.0
10.0468,20,26,364,0,E1A0885B1898C1471X,TE1A5B1C3D000X,1,1,1,1,1.4,1.4,1.4,1.8,0.0,0.0
10.0592,19,25,364,0,E1A0891B1898C1472X,TE1A5B1C3D000X,1,1,1,1,1.4,1.4,1.4,1.8,0.0,0.0
10.0789,18,25,364,0,E1A0896B1898C1474X,TE1A5B1C3D000X,1,1,1,1,1.4,1.4,1.4,1.8,0.0,0.0
10.0912,18,24,363,0,E1A0902B1898C1475X,TE1A5B1C3D000X,1,1,1,1,1.4,1.4,1.4,1.8,0.0,0.0
10.103,17,24,365,0,E1A0910B1898C1477X,TE1A5B1C3D000X,1,1,1,1,1.4,1.4,1.4,1.8,0.0,0.0
10.1148,16,23,365,0,E1A0916B1898C1478X,TE1A5B1C3D000X,1,1,1,1,1.4,1.4,1.4,1.8,0.0,0.0
10.1266,16,23,366,0,E1A0923B1898C1480X,TE1A5B1C3D000X,1,1,1,1,1.4,1.4,1.4,1.8,0.0,0.0
10.1387,15,23,367,0,E1A0931B1898C1482X,TE1A5B1C2D000X,1,1,1,1,1.4,1.4,1.4,1.8,0.0,0.0
10.1589,14,22,367,0,E1A0936B1898C1482X,TE1A5B1C2D000X,1,1,1,1,1.4,1.4,1.4,1.8,0.0,0.0
10.1829,14,22,368,0,E1A0943B1898C1484X,TE1A5B1C2D000X,1,1,1,1,1.4,1.4,1.4,1.8,0.0,0.0
10.1952,13,21,369,0,E1A0950B1898C1485X,TE1A5B1C2D000X,1,1,1,1,1.4,1.4,1.4,1.8,0.0,0.0
10.2071,12,21,368,0,E1A0956B1898C1485X,TE1A5B1C2D000X,1,1,1,1,1.4,1.4,1.4,1.8,0.0,0.0
10.219,12,20,369,0,E1A0962B1898C1486X,TE1A5B1C2D000X,1,1,1,1,1.4,1.4,1.4,1.8,0.0,0.0
10.2307,11,20,370,0,E1A0968B1898C1486X,TE1A5B1C2D000X,1,1,1,1,1.4,1.4,1.4,1.8,0.0,0.0
10.2425,11,19,370,0,E1A0974B1898C1487X,TE1A5B1C2D000X,1,1,1,1,1.4,1.4,1.4,1.8,0.0,0.0
10.2538,11,19,371,0,E1A0979B1898C1488X,TE1A5B1C2D000X,1,1,1,1,1.4,1.4,1.4,1.8,0.0,0.0
10.2657,10,18,371,0,E1A0985B1898C1488X,TE1A5B1C2D000X,1,1,1,1,1.4,1.4,1.4,1.8,0.0,0.0
10.2777,10,18,371,0,E1A0989B1898C1488X,TE1A5B1C2D000X,1,1,1,1,1.4,1.4,1.4,1.8,0.0,0.0
10.289,9,17,371,0,E1A0994B1898C1489X,TE1A5B1C2D000X,1,1,1,1,1.4,1.4,1.4,1.8,0.0,0.0
10.301,9,17,372,0,E1A0998B1898C1489X,TE1A5B1C2D000X,1,1,1,1,1.4,1.4,1.4,1.8,0.0,0.0
10.313,8,16,372,0,E1A1003B1898C1489X,TE1A5B1C2D000X,1,1,1,1,1.4,1.4,1.4,1.8,0.0,0.0
10.3247,8,16,372,0,E1A1008B1898C1490X,TE1A5B1C2D000X,1,1,1,1,1.4,1.4,1.4,1.8,0.0,0.0
10.3364,7,16,373,0,E1A1013B1898C1491X,TE1A5B1C2D000X,1,1,1,1,1.4,1.4,1.4,1.8,0.0,0.0
10.3481,7,15,373,0,E1A1018B1898C1491X,TE1A5B1C2D000X,1,1,1,1,1.4,1.4,1.4,1.8,0.0,0.0
10.3601,6,15,371,0,E1A1020B1898C1491X,TE1A5B1C2D000X,1,1,1,1,1.4,1.4,1.4,1.8,0.0,0.0
10.3717,6,14,371,0,E1A1023B1898C1491X,TE1A5B1C2D000X,1,1,1,1,1.4,1.4,1.4,1.8,0.0,0.0
10.3836,5,14,370,0,E1A1026B1898C1491X,TE1A5B1C2D000X,1,1,1,1,1.4,1.4,1.4,1.8,0.0,0.0
10.3951,5,14,370,0,E1A1032B1898C1492X,TE1A5B1C2D000X,1,1,1,1,1.4,1.4,1.4,1.8,0.0,0.0
10.407,4,13,370,0,E1A1035B1898C1492X,TE1A4B1C2D000X,1,1,1,1,1.4,1.4,1.4,1.8,0.0,0.0
10.4312,4,13,370,0,E1A1041B1898C1493X,TE1A4B1C2D000X,1,1,1,1,1.4,1.4,1.4,1.8,0.0,0.0
10.4512,3,12,370,0,E1A1047B1898C1493X,TE1A4B1C2D000X,1,1,1,1,1.4,1.4,1.4,1.8,0.0,0.0
10.463,2,12,369,0,E1A1053B1898C1493X,TE1A4B1C2D000X,1,1,1,1,1.4,1.4,1.4,1.8,0.0,0.0
10.4749,2,11,370,0,E1A1060B1898C1494X,TE1A4B1C2D000X,1,1,1,1,1.4,1.4,1.4,1.8,0.0,0.0
10.4871,1,11,369,0,E1A1065B1898C1494X,TE1A4B1C2D000X,1,1,1,1,1.4,1.4,1.4,1.8,0.0,0.0
10.499,0,11,369,0,E1A1072B1898C1495X,TE1A4B1C2D000X,1,1,1,1,1.4,1.4,1.4,1.8,0.0,0.0
10.5109,0,10,369,0,E1A1077B1898C1495X,TE1A4B1C2D000X,1,1,1,1,1.4,1.4,1.4,1.8,0.0,0.0
10.5221,0,10,369,0,E1A1082B1898C1496X,TE1A4B1C2D000X,1,1,1,1,1.4,1.4,1.4,1.8,0.0,0.0
10.5339,-1,9,369,0,E1A1235B1898C1548X,TE1A4B1C2D000X,1,1,1,1,1.4,1.4,1.4,1.8,0.0,0.0
10.5457,-1,9,369,0,E1A1364B1898C1591X,TE1A4B1C2D000X,1,1,1,1,1.4,1.4,1.4,1.8,0.0,0.0
10.5573,-2,9,369,0,E1A1469B1898C1626X,TE1A3B1C2D000X,1,1,1,1,1.4,1.4,1.4,1.8,0.0,0.0
10.5695,-3,8,370,0,E1A1557B1898C1655X,TE1A3B1C2D000X,1,1,1,1,1.4,1.4,1.4,1.8,0.0,0.0
10.5813,-3,8,370,0,E1A1628B1898C1678X,TE1A3B1C2D000X,1,1,1,1,1.4,1.4,1.4,1.8,0.0,0.0
10.593,-4,8,371,0,E1A1686B1898C1697X,TE1A2B1C2D000X,1,1,1,1,1.4,1.4,1.4,1.8,0.0,0.0
10.6049,-4,7,372,0,E1A1733B1898C1712X,TE1A2B1C2D000X,1,1,1,1,1.4,1.4,1.4,1.8,0.0,0.0
10.6169,-5,7,373,0,E1A1775B1902C1712X,TE1A1B1C1D000X,1,1,1,1,1.4,1.4,1.4,1.8,0.0,0.0
10.6288,-6,7,373,0,E1A1824B1891C1712X,TE1A1B1C1D000X,1,1,1,1,1.4,1.4,1.4,1.8,0.0,0.0
10.6405,-7,6,374,0,E1A1860B1881C1712X,TE1A1B1C1D000X,1,1,1,1,1.4,1.4,1.4,1.8,0.0,0.0
10.6671,-8,6,374,0,E1A1870B1880C1712X,TE1A1B1C1D000X,1,1,1,1,1.4,1.4,1.4,1.8,0.0,0.0
10.6791,-8,5,374,0,E1A1880B1878C1712X,TE1A1B1C1D000X,1,1,1,1,1.4,1.4,1.4,1.8,0.0,0.0
10.6913,-9,5,373,0,E1A1889B1876C1712X,TE1A1B1C1D000X,1,1,1,1,1.4,1.4,1.4,1.8,0.0,0.0
10.7033,-10,4,373,0,E1A1897B1873C1712X,TE1A1B1C1D000X,1,1,1,1,1.4,1.4,1.4,1.8,0.0,0.0
10.7151,-11,4,373,0,E1A1904B1870C1712X,TE1A1B1C1D000X,1,1,1,1,1.4,1.4,1.4,1.8,0.0,0.0
10.7349,-12,3,372,0,E1A1910B1865C1712X,TE1A1B1C1D000X,1,1,1,1,1.4,1.4,1.4,1.8,0.0,0.0
10.7471,-12,3,372,0,E1A1916B1860C1712X,TE1A1B1C1D000X,1,1,1,1,1.4,1.4,1.4,1.8,0.0,0.0
10.7592,-13,2,372,0,E1A1921B1852C1712X,TE1A1B1C1D000X,1,1,1,1,1.4,1.4,1.4,1.8,0.0,0.0
10.7712,-14,2,371,0,E1A1925B1845C1712X,TE1A1B1C1D000X,1,1,1,1,1.4,1.4,1.4,1.8,0.0,0.0
10.7833,-14,1,369,0,E1A1925B1842C1718X,TE1A1B1C1D000X,1,1,1,1,1.4,1.4,1.4,1.8,0.0,0.0
10.7947,-15,1,370,0,E1A1925B1840C1714X,TE1A1B1C1D000X,1,1,1,1,1.4,1.4,1.4,1.8,0.0,0.0
10.8069,-15,1,368,0,E1A1925B1837C1711X,TE1A1B1C1D000X,1,1,1,1,1.4,1.4,1.4,1.8,0.0,0.0
10.8186,-16,0,369,0,E1A1925B1834C1707X,TE1A1B1C1D000X,1,1,1,1,1.4,1.4,1.4,1.8,0.0,0.0
10.8301,-17,0,369,0,E1A1925B1831C1704X,TE1A1B1C1D000X,1,1,1,1,1.4,1.4,1.4,1.8,0.0,0.0
10.8423,-17,0,369,0,E1A1925B1828C1701X,TE1A1B1C2D000X,1,1,1,1,1.4,1.4,1.4,1.8,0.0,0.0
10.8541,-17,0,369,0,E1A1925B1825C1697X,TE1A1B1C2D000X,1,1,1,1,1.4,1.4,1.4,1.8,0.0,0.0
10.8659,-18,0,369,0,E1A1925B1823C1695X,TE1A1B1C2D000X,1,1,1,1,1.4,1.4,1.4,1.8,0.0,0.0
10.8832,-18,0,369,0,E1A1925B1821C1692X,TE1A1B1C2D000X,1,1,1,1,1.4,1.4,1.4,1.8,0.0,0.0
10.8952,-18,0,369,0,E1A1925B1819C1689X,TE1A1B1C2D000X,1,1,1,1,1.4,1.4,1.4,1.8,0.0,0.0
10.9068,-18,-1,368,0,E1A1925B1818C1687X,TE1A1B1C2D000X,1,1,1,1,1.4,1.4,1.4,1.8,0.0,0.0
10.9187,-18,-1,368,0,E1A1925B1817C1685X,TE1A1B1C2D000X,1,1,1,1,1.4,1.4,1.4,1.8,0.0,0.0
10.9312,-18,-1,369,0,E1A1925B1816C1683X,TE1A1B1C2D000X,1,1,1,1,1.4,1.4,1.4,1.8,0.0,0.0
10.9429,-19,-1,369,0,E1A1925B1815C1681X,TE1A1B1C2D000X,1,1,1,1,1.4,1.4,1.4,1.8,0.0,0.0
10.9711,-19,-2,369,0,E1A1925B1814C1678X,TE1A1B1C2D000X,1,1,1,1,1.4,1.4,1.4,1.8,0.0,0.0
10.9952,-19,-2,368,0,E1A1925B1814C1676X,TE1A1B1C2D000X,1,1,1,1,1.4,1.4,1.4,1.8,0.0,0.0
11.007,-19,-2,369,0,E1A1925B1814C1674X,TE1A1B1C2D000X,1,1,1,1,1.4,1.4,1.4,1.8,0.0,0.0
11.0192,-19,-2,369,0,E1A1925B1813C1671X,TE1A1B1C2D000X,1,1,1,1,1.4,1.4,1.4,1.8,0.0,0.0
11.0312,-19,-3,370,0,E1A1925B1813C1670X,TE1A1B1C2D000X,1,1,1,1,1.4,1.4,1.4,1.8,0.0,0.0
11.0431,-19,-3,369,0,E1A1925B1812C1668X,TE1A1B1C2D000X,1,1,1,1,1.4,1.4,1.4,1.8,0.0,0.0
11.0547,-19,-3,370,0,E1A1925B1812C1666X,TE1A1B1C2D000X,1,1,1,1,1.4,1.4,1.4,1.8,0.0,0.0
11.0666,-19,-3,370,0,E1A1925B1811C1664X,TE1A1B1C2D000X,1,1,1,1,1.4,1.4,1.4,1.8,0.0,0.0
11.0783,-19,-3,370,0,E1A1925B1811C1662X,TE1A1B1C2D000X,1,1,1,1,1.4,1.4,1.4,1.8,0.0,0.0
11.0897,-19,-4,370,0,E1A1925B1810C1660X,TE1A1B1C2D000X,1,1,1,1,1.4,1.4,1.4,1.8,0.0,0.0
11.1018,-19,-4,371,0,E1A1925B1810C1658X,TE1A1B1C2D000X,1,1,1,1,1.4,1.4,1.4,1.8,0.0,0.0
11.119,-18,-4,370,0,E1A1925B1809C1656X,TE1A1B1C2D000X,1,1,1,1,1.4,1.4,1.4,1.8,0.0,0.0
11.1315,-18,-4,369,0,E1A1925B1809C1654X,TE1A1B1C2D000X,1,1,1,1,1.4,1.4,1.4,1.8,0.0,0.0
11.1509,-18,-4,370,0,E1A1925B1809C1652X,TE1A1B1C2D000X,1,1,1,1,1.4,1.4,1.4,1.8,0.0,0.0
11.163,-18,-4,370,0,E1A1925B1809C1650X,TE1A1B1C2D000X,1,1,1,1,1.4,1.4,1.4,1.8,0.0,0.0
11.187,-18,-5,371,0,E1A1925B1808C1649X,TE1A1B1C2D000X,1,1,1,1,1.4,1.4,1.4,1.8,0.0,0.0
11.1991,-18,-5,372,0,E1A1925B1808C1647X,TE1A1B1C2D000X,1,1,1,1,1.4,1.4,1.4,1.8,0.0,0.0
11.2111,-18,-5,372,0,E1A1925B1808C1647X,TE1A1B1C2D000X,1,1,1,1,1.4,1.4,1.4,1.8,0.0,0.0
11.2232,-18,-5,373,0,E1A1925B1808C1646X,TE1A1B1C2D000X,1,1,1,1,1.4,1.4,1.4,1.8,0.0,0.0
11.2351,-18,-5,374,0,E1A1925B1808C1645X,TE1A1B1C2D000X,1,1,1,1,1.4,1.4,1.4,1.8,0.0,0.0
11.2471,-18,-5,374,0,E1A1925B1808C1645X,TE1A1B1C2D000X,1,1,1,1,1.4,1.4,1.4,1.8,0.0,0.0
11.2584,-18,-5,375,0,E1A1925B1807C1644X,TE1A1B1C2D000X,1,1,1,1,1.4,1.4,1.4,1.8,0.0,0.0
11.2705,-18,-5,376,0,E1A1925B1807C1644X,TE1A1B1C2D000X,1,1,1,1,1.4,1.4,1.4,1.8,0.0,0.0
11.2824,-17,-5,377,0,E1A1925B1807C1644X,TE1A1B1C2D000X,1,1,1,1,1.4,1.4,1.4,1.8,0.0,0.0
11.2944,-17,-5,376,0,E1A1925B1806C1643X,TE1A1B1C2D000X,1,1,1,1,1.4,1.4,1.4,1.8,0.0,0.0
11.3061,-17,-5,376,0,E1A1925B1806C1643X,TE1A1B1C2D000X,1,1,1,1,1.4,1.4,1.4,1.8,0.0,0.0
11.3231,-17,-5,376,0,E1A1925B1806C1643X,TE1A1B1C2D000X,1,1,1,1,1.4,1.4,1.4,1.8,0.0,0.0
11.3349,-17,-4,375,0,E1A1925B1805C1643X,TE1A1B1C2D000X,1,1,1,1,1.4,1.4,1.4,1.8,0.0,0.0
11.3469,-17,-4,376,0,E1A1925B1805C1644X,TE1A1B1C2D000X,1,1,1,1,1.4,1.4,1.4,1.8,0.0,0.0
11.3601,-17,-4,375,0,E1A1925B1805C1644X,TE1A1B1C2D000X,1,1,1,1,1.4,1.4,1.4,1.8,0.0,0.0
11.3719,-16,-4,375,0,E1A1925B1804C1644X,TE1A1B1C2D000X,1,1,1,1,1.4,1.4,1.4,1.8,0.0,0.0
11.3837,-16,-4,376,0,E1A1925B1804C1644X,TE1A1B1C2D000X,1,1,1,1,1.4,1.4,1.4,1.8,0.0,0.0
11.3954,-16,-4,376,0,E1A1925B1803C1644X,TE1A1B1C2D000X,1,1,1,1,1.4,1.4,1.4,1.8,0.0,0.0
11.423,-16,-4,376,0,E1A1925B1802C1644X,TE1A1B1C2D000X,1,1,1,1,1.4,1.4,1.4,1.8,0.0,0.0
11.4352,-16,-4,375,0,E1A1925B1801C1644X,TE1A1B1C2D000X,1,1,1,1,1.4,1.4,1.4,1.8,0.0,0.0
11.4473,-16,-4,375,0,E1A1925B1800C1644X,TE1A1B1C2D000X,1,1,1,1,1.4,1.4,1.4,1.8,0.0,0.0
11.4593,-16,-3,374,0,E1A1925B1800C1644X,TE1A1B1C2D000X,1,1,1,1,1.4,1.4,1.4,1.8,0.0,0.0
11.4712,-16,-3,374,0,E1A1925B1798C1645X,TE1A1B1C2D000X,1,1,1,1,1.4,1.4,1.4,1.8,0.0,0.0
11.483,-16,-3,374,0,E1A1925B1798C1645X,TE1A1B1C2D000X,1,1,1,1,1.4,1.4,1.4,1.8,0.0,0.0
11.503,-16,-3,374,1,E1A1925B1797C1645X,TE1A1B1C2D000X,1,1,1,1,1.4,1.4,1.4,1.8,0.0,0.0
