timestamp,errXmm,errYmm,errZmm,TouchDetected,OutgoingPacket,IncomingPacket,Serial0Enabled,Serial0Open,Serial1Enabled,Serial1Open,kpx,kpy,kix,kiy,kdx,kdy
0.00107803,2,3,426,0,E1A1893B1900C1721X,TE1A1B1C1D000X,1,1,1,1,1.4,1.4,1.4,1.8,0.0,0.0
0.0127264,2,2,423,0,E1A1890B1901C1721X,TE1A1B1C1D000X,1,1,1,1,1.4,1.4,1.4,1.8,0.0,0.0
0.0245319,2,3,425,0,E1A1890B1901C1721X,TE1A1B1C1D000X,1,1,1,1,1.4,1.4,1.4,1.8,0.0,0.0
0.0373576,2,3,429,0,E1A1890B1900C1721X,TE1A1B1C1D000X,1,1,1,1,1.4,1.4,1.4,1.8,0.0,0.0
0.0500146,2,3,431,0,E1A1890B1900C1721X,TE1A1B1C1D000X,1,1,1,1,1.4,1.4,1.4,1.8,0.0,0.0
0.0639337,2,3,431,0,E1A1889B1900C1721X,TE1A1B1C1D000X,1,1,1,1,1.4,1.4,1.4,1.8,0.0,0.0
0.0777339,2,3,430,0,E1A1888B1899C1721X,TE1A1B1C1D000X,1,1,1,1,1.4,1.4,1.4,1.8,0.0,0.0
0.0897244,2,3,427,0,E1A1888B1899C1721X,TE1A1B1C1D000X,1,1,1,1,1.4,1.4,1.4,1.8,0.0,0.0
0.104221,-154,-81,391,0,E1A1888B1090C0897X,TE1A1B1C1D000X,1,1,1,1,1.4,1.4,1.4,1.8,0.0,0.0
0.116535,-153,-80,387,0,E1A1888B1089C0898X,TE1A1B4C5D000X,1,1,1,1,1.4,1.4,1.4,1.8,0.0,0.0
0.127815,-152,-80,385,0,E1A1888B1081C0891X,TE1A1B4C5D000X,1,1,1,1,1.4,1.4,1.4,1.8,0.0,0.0
0.145922,-154,-80,390,0,E1A1888B1074C0885X,TE1A1B4C5D000X,1,1,1,1,1.4,1.4,1.4,1.8,0.0,0.0
0.158076,-156,-79,388,0,E1A1888B1054C0878X,TE1A1B4C5D000X,1,1,1,1,1.4,1.4,1.4,1.8,0.0,0.0
0.171178,-158,-80,389,0,E1A1888B1038C0865X,TE1A1B4C5D000X,1,1,1,1,1.4,1.4,1.4,1.8,0.0,0.0
0.182827,-160,-80,388,0,E1A1888B1024C0850X,TE1A1B4C5D000X,1,1,1,1,1.4,1.4,1.4,1.8,0.0,0.0
0.196542,-161,-81,388,0,E1A1888B1014C0838X,TE1A1B4C5D000X,1,1,1,1,1.4,1.4,1.4,1.8,0.0,0.0
0.208434,-162,-82,389,0,E1A1888B1006C0827X,TE1A1B5C5D000X,1,1,1,1,1.4,1.4,1.4,1.8,0.0,0.0
0.22064,-162,-82,389,0,E1A1888B0998C0817X,TE1A1B5C5D000X,1,1,1,1,1.4,1.4,1.4,1.8,0.0,0.0
0.232295,-163,-82,389,0,E1A1888B0989C0807X,TE1A1B5C5D000X,1,1,1,1,1.4,1.4,1.4,1.8,0.0,0.0
0.244449,-164,-83,389,0,E1A1888B0980C0798X,TE1A1B5C5D000X,1,1,1,1,1.4,1.4,1.4,1.8,0.0,0.0
0.256309,-164,-83,388,0,E1A1888B0971C0789X,TE1A1B5C5D000X,1,1,1,1,1.4,1.4,1.4,1.8,0.0,0.0
0.268232,-164,-83,388,0,E1A1888B0963C0780X,TE1A1B5C6D000X,1,1,1,1,1.4,1.4,1.4,1.8,0.0,0.0
0.281472,-165,-83,388,0,E1A1888B0956C0773X,TE1A1B5C6D000X,1,1,1,1,1.4,1.4,1.4,1.8,0.0,0.0
0.29441,-165,-83,388,0,E1A1888B0948C0765X,TE1A1B5C6D000X,1,1,1,1,1.4,1.4,1.4,1.8,0.0,0.0
0.306153,-165,-83,388,0,E1A1888B0942C0758X,TE1A1B5C6D000X,1,1,1,1,1.4,1.4,1.4,1.8,0.0,0.0
0.32031,-165,-82,388,0,E1A1888B0935C0752X,TE1A1B5C6D000X,1,1,1,1,1.4,1.4,1.4,1.8,0.0,0.0
0.331671,-166,-83,389,0,E1A1888B0930C0745X,TE1A1B5C6D000X,1,1,1,1,1.4,1.4,1.4,1.8,0.0,0.0
0.343094,-166,-82,389,0,E1A1888B0924C0739X,TE1A1B5C6D000X,1,1,1,1,1.4,1.4,1.4,1.8,0.0,0.0
0.374229,-166,-82,390,0,E1A1888B0920C0733X,TE1A1B5C6D000X,1,1,1,1,1.4,1.4,1.4,1.8,0.0,0.0
0.386671,-165,-82,390,0,E1A1888B0915C0727X,TE1A1B5C6D000X,1,1,1,1,1.4,1.4,1.4,1.8,0.0,0.0
0.397866,-165,-82,390,0,E1A1888B0910C0721X,TE1A1B5C6D000X,1,1,1,1,1.4,1.4,1.4,1.8,0.0,0.0
0.409434,-165,-82,390,0,E1A1888B0905C0716X,TE1A1B5C6D000X,1,1,1,1,1.4,1.4,1.4,1.8,0.0,0.0
0.430522,-164,-81,389,0,E1A1888B0900C0709X,TE1A1B5C6D000X,1,1,1,1,1.4,1.4,1.4,1.8,0.0,0.0
0.442499,-163,-81,388,0,E1A1888B0897C0704X,TE1A1B5C6D000X,1,1,1,1,1.4,1.4,1.4,1.8,0.0,0.0
0.456104,-163,-81,387,0,E1A1888B0892C0698X,TE1A1B5C6D000X,1,1,1,1,1.4,1.4,1.4,1.8,0.0,0.0
0.470428,-162,-80,387,0,E1A1888B0889C0693X,TE1A1B5C6D000X,1,1,1,1,1.4,1.4,1.4,1.8,0.0,0.0
0.482334,-161,-80,386,0,E1A1888B0888C0691X,TE1A1B5C6D000X,1,1,1,1,1.4,1.4,1.4,1.8,0.0,0.0
0.493514,-161,-80,387,0,E1A1888B0889C0690X,TE1A1B5C6D000X,1,1,1,1,1.4,1.4,1.4,1.8,0.0,0.0
0.504615,-160,-80,387,0,E1A1888B0890C0689X,TE1A1B5C6D000X,1,1,1,1,1.4,1.4,1.4,1.8,0.0,0.0
0.516163,-160,-79,387,0,E1A1888B0891C0688X,TE1A1B5C6D000X,1,1,1,1,1.4,1.4,1.4,1.8,0.0,0.0
0.527597,-159,-79,388,0,E1A1888B0892C0687X,TE1A1B5C6D000X,1,1,1,1,1.4,1.4,1.4,1.8,0.0,0.0
0.53864,-158,-79,388,0,E1A1888B0892C0687X,TE1A1B5C6D000X,1,1,1,1,1.4,1.4,1.4,1.8,0.0,0.0
0.550533,-157,-78,387,0,E1A1888B0893C0686X,TE1A1B5C6D000X,1,1,1,1,1.4,1.4,1.4,1.8,0.0,0.0
0.564162,-157,-78,388,0,E1A1888B0893C0686X,TE1A1B5C6D000X,1,1,1,1,1.4,1.4,1.4,1.8,0.0,0.0
0.575803,-156,-78,388,0,E1A1888B0894C0685X,TE1A1B5C6D000X,1,1,1,1,1.4,1.4,1.4,1.8,0.0,0.0
0.58755,-155,-77,388,0,E1A1888B0894C0685X,TE1A1B5C6D000X,1,1,1,1,1.4,1.4,1.4,1.8,0.0,0.0
0.601271,-154,-76,388,0,E1A1888B0894C0685X,TE1A1B5C6D000X,1,1,1,1,1.4,1.4,1.4,1.8,0.0,0.0
0.613914,-153,-75,387,0,E1A1888B0894C0685X,TE1A1B5C6D000X,1,1,1,1,1.4,1.4,1.4,1.8,0.0,0.0
0.627727,-152,-75,387,0,E1A1888B0894C0685X,TE1A1B5C6D000X,1,1,1,1,1.4,1.4,1.4,1.8,0.0,0.0
0.640441,-151,-74,388,0,E1A1888B0894C0685X,TE1A1B5C6D000X,1,1,1,1,1.4,1.4,1.4,1.8,0.0,0.0
0.653659,-149,-73,388,0,E1A1888B0894C0685X,TE1A1B5C6D000X,1,1,1,1,1.4,1.4,1.4,1.8,0.0,0.0
0.665393,-148,-72,388,0,E1A1888B0894C0685X,TE1A1B5C6D000X,1,1,1,1,1.4,1.4,1.4,1.8,0.0,0.0
0.676403,-147,-72,389,0,E1A1888B0894C0685X,TE1A1B5C6D000X,1,1,1,1,1.4,1.4,1.4,1.8,0.0,0.0
0.69005,-146,-71,389,0,E1A1888B0894C0685X,TE1A1B5C6D000X,1,1,1,1,1.4,1.4,1.4,1.8,0.0,0.0
0.701965,-144,-70,388,0,E1A1888B0894C0685X,TE1A1B5C6D000X,1,1,1,1,1.4,1.4,1.4,1.8,0.0,0.0
0.714818,-143,-69,389,0,E1A1888B0895C0684X,TE1A1B5C6D000X,1,1,1,1,1.4,1.4,1.4,1.8,0.0,0.0
0.734353,-141,-68,388,0,E1A1888B0896C0684X,TE1A1B5C6D000X,1,1,1,1,1.4,1.4,1.4,1.8,0.0,0.0
0.746257,-139,-67,389,0,E1A1888B0896C0683X,TE1A1B5C6D000X,1,1,1,1,1.4,1.4,1.4,1.8,0.0,0.0
0.758232,-137,-67,390,0,E1A1888B0897C0682X,TE1A1B5C6D000X,1,1,1,1,1.4,1.4,1.4,1.8,0.0,0.0
0.771786,-135,-65,390,0,E1A1888B0898C0682X,TE1A1B5C6D000X,1,1,1,1,1.4,1.4,1.4,1.8,0.0,0.0
0.783437,-134,-65,391,0,E1A1888B0898C0681X,TE1A1B5C6D000X,1,1,1,1,1.4,1.4,1.4,1.8,0.0,0.0
0.796621,-132,-63,391,0,E1A1888B0899C0681X,TE1A1B5C6D000X,1,1,1,1,1.4,1.4,1.4,1.8,0.0,0.0
0.810023,-130,-62,391,0,E1A1888B0899C0680X,TE1A1B5C6D000X,1,1,1,1,1.4,1.4,1.4,1.8,0.0,0.0
0.823507,-127,-61,390,0,E1A1888B0900C0680X,TE1A1B5C6D000X,1,1,1,1,1.4,1.4,1.4,1.8,0.0,0.0
0.834856,-125,-60,390,0,E1A1888B0900C0679X,TE1A1B5C6D000X,1,1,1,1,1.4,1.4,1.4,1.8,0.0,0.0
0.847858,-123,-59,389,0,E1A1888B0901C0678X,TE1A1B5C6D000X,1,1,1,1,1.4,1.4,1.4,1.8,0.0,0.0
0.859045,-121,-58,389,0,E1A1888B0902C0678X,TE1A1B5C6D000X,1,1,1,1,1.4,1.4,1.4,1.8,0.0,0.0
0.870567,-119,-57,390,0,E1A1888B0902C0677X,TE1A1B5C6D000X,1,1,1,1,1.4,1.4,1.4,1.8,0.0,0.0
0.884524,-116,-56,390,0,E1A1888B0902C0677X,TE1A1B5C6D000X,1,1,1,1,1.4,1.4,1.4,1.8,0.0,0.0
0.898227,-114,-55,391,0,E1A1888B0902C0677X,TE1A1B5C6D000X,1,1,1,1,1.4,1.4,1.4,1.8,0.0,0.0
0.909781,-112,-53,391,0,E1A1888B0904C0678X,TE1A1B5C6D000X,1,1,1,1,1.4,1.4,1.4,1.8,0.0,0.0
0.921051,-110,-52,391,0,E1A1888B0907C0681X,TE1A1B5C6D000X,1,1,1,1,1.4,1.4,1.4,1.8,0.0,0.0
0.932498,-108,-51,390,0,E1A1888B0910C0685X,TE1A1B5C6D000X,1,1,1,1,1.4,1.4,1.4,1.8,0.0,0.0
0.943578,-106,-49,390,0,E1A1888B0913C0688X,TE1A1B5C6D000X,1,1,1,1,1.4,1.4,1.4,1.8,0.0,0.0
0.955354,-104,-48,390,0,E1A1888B0916C0693X,TE1A1B5C6D000X,1,1,1,1,1.4,1.4,1.4,1.8,0.0,0.0
0.966898,-102,-47,390,0,E1A1888B0919C0697X,TE1A1B5C6D000X,1,1,1,1,1.4,1.4,1.4,1.8,0.0,0.0
0.979006,-100,-46,389,0,E1A1888B0922C0701X,TE1A1B5C6D000X,1,1,1,1,1.4,1.4,1.4,1.8,0.0,0.0
0.991968,-98,-44,390,0,E1A1888B0925C0706X,TE1A1B5C6D000X,1,1,1,1,1.4,1.4,1.4,1.8,0.0,0.0
1.00416,-96,-43,390,0,E1A1888B0929C0711X,TE1A1B5C6D000X,1,1,1,1,1.4,1.4,1.4,1.8,0.0,0.0
1.0162,-94,-41,389,0,E1A1888B0935C0716X,TE1A1B5C6D000X,1,1,1,1,1.4,1.4,1.4,1.8,0.0,0.0
1.03,-92,-40,389,0,E1A1888B0942C0722X,TE1A1B5C6D000X,1,1,1,1,1.4,1.4,1.4,1.8,0.0,0.0
1.04212,-91,-39,388,0,E1A1888B0947C0727X,TE1A1B5C6D000X,1,1,1,1,1.4,1.4,1.4,1.8,0.0,0.0
1.05381,-89,-37,388,0,E1A1888B0953C0734X,TE1A1B5C6D000X,1,1,1,1,1.4,1.4,1.4,1.8,0.0,0.0
1.06524,-87,-35,387,0,E1A1888B0959C0741X,TE1A1B5C6D000X,1,1,1,1,1.4,1.4,1.4,1.8,0.0,0.0
1.07678,-85,-34,387,0,E1A1888B0964C0749X,TE1A1B5C6D000X,1,1,1,1,1.4,1.4,1.4,1.8,0.0,0.0
1.08892,-83,-32,386,0,E1A1888B0969C0756X,TE1A1B5C6D000X,1,1,1,1,1.4,1.4,1.4,1.8,0.0,0.0
1.10617,-82,-30,386,0,E1A1888B0974C0766X,TE1A1B5C6D000X,1,1,1,1,1.4,1.4,1.4,1.8,0.0,0.0
1.12074,-80,-28,385,0,E1A1888B0978C0775X,TE1A1B5C6D000X,1,1,1,1,1.4,1.4,1.4,1.8,0.0,0.0
1.14249,-78,-26,384,0,E1A1888B0982C0785X,TE1A1B5C6D000X,1,1,1,1,1.4,1.4,1.4,1.8,0.0,0.0
1.15509,-76,-24,382,0,E1A1888B0985C0795X,TE1A1B5C6D000X,1,1,1,1,1.4,1.4,1.4,1.8,0.0,0.0
1.1741,-74,-21,382,0,E1A1888B0988C0806X,TE1A1B5C6D000X,1,1,1,1,1.4,1.4,1.4,1.8,0.0,0.0
1.18654,-73,-19,381,0,E1A1888B0990C0818X,TE1A1B5C5D000X,1,1,1,1,1.4,1.4,1.4,1.8,0.0,0.0
1.19791,-71,-17,380,0,E1A1888B0992C0829X,TE1A1B5C5D000X,1,1,1,1,1.4,1.4,1.4,1.8,0.0,0.0
1.21048,-70,-15,379,0,E1A1888B0994C0840X,TE1A1B5C5D000X,1,1,1,1,1.4,1.4,1.4,1.8,0.0,0.0
1.22306,-69,-12,379,0,E1A1888B0994C0851X,TE1A1B5C5D000X,1,1,1,1,1.4,1.4,1.4,1.8,0.0,0.0
1.23509,-67,-10,378,0,E1A1888B0995C0862X,TE1A1B5C5D000X,1,1,1,1,1.4,1.4,1.4,1.8,0.0,0.0
1.25449,-66,-8,377,0,E1A1888B0994C0873X,TE1A1B5C5D000X,1,1,1,1,1.4,1.4,1.4,1.8,0.0,0.0
1.26634,-65,-6,376,0,E1A1888B0993C0884X,TE1A1B5C5D000X,1,1,1,1,1.4,1.4,1.4,1.8,0.0,0.0
1.28073,-64,-4,374,0,E1A1888B0990C0893X,TE1A1B5C5D000X,1,1,1,1,1.4,1.4,1.4,1.8,0.0,0.0
1.29293,-63,-2,373,0,E1A1888B0988C0903X,TE1A1B5C5D000X,1,1,1,1,1.4,1.4,1.4,1.8,0.0,0.0
1.3069,-62,0,372,0,E1A1888B0987C0913X,TE1A1B5C5D000X,1,1,1,1,1.4,1.4,1.4,1.8,0.0,0.0
1.32258,-62,1,371,0,E1A1888B0985C0925X,TE1A1B5C5D000X,1,1,1,1,1.4,1.4,1.4,1.8,0.0,0.0
1.33659,-61,3,370,0,E1A1888B0983C0937X,TE1A1B5C5D000X,1,1,1,1,1.4,1.4,1.4,1.8,0.0,0.0
1.34808,-59,5,368,0,E1A1888B0980C0947X,TE1A1B5C5D000X,1,1,1,1,1.4,1.4,1.4,1.8,0.0,0.0
1.35955,-58,7,368,0,E1A1888B0979C0959X,TE1A1B5C5D000X,1,1,1,1,1.4,1.4,1.4,1.8,0.0,0.0
1.37162,-57,9,367,0,E1A1888B0977C0971X,TE1A1B5C5D000X,1,1,1,1,1.4,1.4,1.4,1.8,0.0,0.0
1.38316,-56,11,366,0,E1A1888B0976C0983X,TE1A1B5C5D000X,1,1,1,1,1.4,1.4,1.4,1.8,0.0,0.0
1.39485,-55,13,365,0,E1A1888B0976C0995X,TE1A1B5C5D000X,1,1,1,1,1.4,1.4,1.4,1.8,0.0,0.0
1.40626,-54,15,364,0,E1A1888B0975C1006X,TE1A1B5C5D000X,1,1,1,1,1.4,1.4,1.4,1.8,0.0,0.0
1.41765,-52,16,363,0,E1A1888B0975C1018X,TE1A1B5C5D000X,1,1,1,1,1.4,1.4,1.4,1.8,0.0,0.0
1.42919,-51,18,363,0,E1A1888B0977C1031X,TE1A1B5C5D000X,1,1,1,1,1.4,1.4,1.4,1.8,0.0,0.0
1.44033,-50,20,362,0,E1A1888B0979C1043X,TE1A1B5C4D000X,1,1,1,1,1.4,1.4,1.4,1.8,0.0,0.0
1.45214,-48,21,361,0,E1A1888B0982C1055X,TE1A1B5C4D000X,1,1,1,1,1.4,1.4,1.4,1.8,0.0,0.0
1.4637,-46,23,362,0,E1A1888B0987C1069X,TE1A1B5C4D000X,1,1,1,1,1.4,1.4,1.4,1.8,0.0,0.0
1.47511,-44,24,361,0,E1A1888B0991C1082X,TE1A1B5C4D000X,1,1,1,1,1.4,1.4,1.4,1.8,0.0,0.0
1.48677,-42,26,359,0,E1A1888B0996C1093X,TE1A1B5C4D000X,1,1,1,1,1.4,1.4,1.4,1.8,0.0,0.0
1.49882,-40,27,358,0,E1A1888B1002C1106X,TE1A1B5C4D000X,1,1,1,1,1.4,1.4,1.4,1.8,0.0,0.0
1.51568,-37,29,357,0,E1A1888B1011C1121X,TE1A1B5C4D000X,1,1,1,1,1.4,1.4,1.4,1.8,0.0,0.0
1.53887,-34,30,357,0,E1A1888B1024C1138X,TE1A1B5C4D000X,1,1,1,1,1.4,1.4,1.4,1.8,0.0,0.0
1.55063,-31,32,356,0,E1A1888B1038C1156X,TE1A1B5C4D000X,1,1,1,1,1.4,1.4,1.4,1.8,0.0,0.0
1.5623,-27,33,354,0,E1A1888B1050C1172X,TE1A1B5C4D000X,1,1,1,1,1.4,1.4,1.4,1.8,0.0,0.0
1.57372,-24,35,354,0,E1A1888B1065C1189X,TE1A1B4C4D000X,1,1,1,1,1.4,1.4,1.4,1.8,0.0,0.0
1.58476,-21,36,354,0,E1A1888B1080C1206X,TE1A1B4C4D000X,1,1,1,1,1.4,1.4,1.4,1.8,0.0,0.0
1.59624,-17,37,353,0,E1A1888B1096C1222X,TE1A1B4C4D000X,1,1,1,1,1.4,1.4,1.4,1.8,0.0,0.0
1.60744,-14,38,353,0,E1A1888B1113C1238X,TE1A1B4C4D000X,1,1,1,1,1.4,1.4,1.4,1.8,0.0,0.0
1.61933,-11,39,352,0,E1A1888B1129C1252X,TE1A1B4C4D000X,1,1,1,1,1.4,1.4,1.4,1.8,0.0,0.0
1.6309,-7,39,351,0,E1A1888B1147C1267X,TE1A1B4C4D000X,1,1,1,1,1.4,1.4,1.4,1.8,0.0,0.0
1.64287,-4,40,351,0,E1A1888B1164C1281X,TE1A1B4C3D000X,1,1,1,1,1.4,1.4,1.4,1.8,0.0,0.0
1.65437,-1,40,350,0,E1A1888B1182C1294X,TE1A1B4C3D000X,1,1,1,1,1.4,1.4,1.4,1.8,0.0,0.0
1.6662,1,41,349,0,E1A1888B1200C1306X,TE1A1B4C3D000X,1,1,1,1,1.4,1.4,1.4,1.8,0.0,0.0
1.68211,4,41,349,0,E1A1888B1220C1319X,TE1A1B4C3D000X,1,1,1,1,1.4,1.4,1.4,1.8,0.0,0.0
1.69427,7,41,349,0,E1A1888B1240C1331X,TE1A1B4C3D000X,1,1,1,1,1.4,1.4,1.4,1.8,0.0,0.0
1.70632,10,41,348,0,E1A1888B1260C1343X,TE1A1B4C3D000X,1,1,1,1,1.4,1.4,1.4,1.8,0.0,0.0
1.7185,13,41,349,0,E1A1888B1280C1354X,TE1A1B3C3D000X,1,1,1,1,1.4,1.4,1.4,1.8,0.0,0.0
1.73023,16,41,349,0,E1A1888B1299C1364X,TE1A1B3C3D000X,1,1,1,1,1.4,1.4,1.4,1.8,0.0,0.0
1.74159,18,41,348,0,E1A1888B1317C1373X,TE1A1B3C3D000X,1,1,1,1,1.4,1.4,1.4,1.8,0.0,0.0
1.75366,20,41,348,0,E1A1888B1334C1382X,TE1A1B3C3D000X,1,1,1,1,1.4,1.4,1.4,1.8,0.0,0.0
1.76553,22,40,348,0,E1A1888B1350C1390X,TE1A1B3C3D000X,1,1,1,1,1.4,1.4,1.4,1.8,0.0,0.0
1.7772,24,40,348,0,E1A1888B1365C1398X,TE1A1B3C3D000X,1,1,1,1,1.4,1.4,1.4,1.8,0.0,0.0
1.78868,26,40,348,0,E1A1888B1379C1405X,TE1A1B3C3D000X,1,1,1,1,1.4,1.4,1.4,1.8,0.0,0.0
1.80635,28,40,348,0,E1A1888B1393C1412X,TE1A1B3C3D000X,1,1,1,1,1.4,1.4,1.4,1.8,0.0,0.0
1.81864,29,40,347,0,E1A1888B1407C1420X,TE1A1B3C3D000X,1,1,1,1,1.4,1.4,1.4,1.8,0.0,0.0
1.83069,31,39,347,0,E1A1888B1419C1428X,TE1A1B3C3D000X,1,1,1,1,1.4,1.4,1.4,1.8,0.0,0.0
1.8425,32,39,347,0,E1A1888B1432C1436X,TE1A1B3C3D000X,1,1,1,1,1.4,1.4,1.4,1.8,0.0,0.0
1.85428,34,39,347,0,E1A1888B1444C1444X,TE1A1B3C3D000X,1,1,1,1,1.4,1.4,1.4,1.8,0.0,0.0
1.87563,35,39,346,0,E1A1888B1457C1452X,TE1A1B3C3D000X,1,1,1,1,1.4,1.4,1.4,1.8,0.0,0.0
1.88744,37,39,346,0,E1A1888B1471C1461X,TE1A1B3C3D000X,1,1,1,1,1.4,1.4,1.4,1.8,0.0,0.0
1.89938,39,39,346,0,E1A1888B1485C1470X,TE1A1B3C3D000X,1,1,1,1,1.4,1.4,1.4,1.8,0.0,0.0
1.9113,40,39,345,0,E1A1888B1499C1478X,TE1A1B3C3D000X,1,1,1,1,1.4,1.4,1.4,1.8,0.0,0.0
1.94221,43,39,346,0,E1A1888B1519C1489X,TE1A1B2C3D000X,1,1,1,1,1.4,1.4,1.4,1.8,0.0,0.0
1.95595,45,39,346,0,E1A1888B1539C1501X,TE1A1B2C2D000X,1,1,1,1,1.4,1.4,1.4,1.8,0.0,0.0
1.96792,47,39,346,0,E1A1888B1559C1512X,TE1A1B2C2D000X,1,1,1,1,1.4,1.4,1.4,1.8,0.0,0.0
1.97966,49,39,346,0,E1A1888B1578C1523X,TE1A1B2C2D000X,1,1,1,1,1.4,1.4,1.4,1.8,0.0,0.0
1.99857,51,39,346,0,E1A1888B1600C1534X,TE1A1B2C2D000X,1,1,1,1,1.4,1.4,1.4,1.8,0.0,0.0
2.01003,54,39,345,0,E1A1888B1622C1546X,TE1A1B2C2D000X,1,1,1,1,1.4,1.4,1.4,1.8,0.0,0.0
2.02237,56,39,345,0,E1A1888B1645C1557X,TE1A1B2C2D000X,1,1,1,1,1.4,1.4,1.4,1.8,0.0,0.0
2.03442,59,39,344,0,E1A1888B1667C1569X,TE1A1B2C2D000X,1,1,1,1,1.4,1.4,1.4,1.8,0.0,0.0
2.04626,61,38,344,0,E1A1888B1691C1580X,TE1A1B2C2D000X,1,1,1,1,1.4,1.4,1.4,1.8,0.0,0.0
2.05798,63,38,344,0,E1A1888B1714C1592X,TE1A1B2C2D000X,1,1,1,1,1.4,1.4,1.4,1.8,0.0,0.0
2.06924,66,38,345,0,E1A1888B1737C1603X,TE1A1B1C2D000X,1,1,1,1,1.4,1.4,1.4,1.8,0.0,0.0
2.08103,68,38,344,0,E1A1888B1760C1612X,TE1A1B1C2D000X,1,1,1,1,1.4,1.4,1.4,1.8,0.0,0.0
2.09258,70,37,344,0,E1A1888B1782C1619X,TE1A1B1C2D000X,1,1,1,1,1.4,1.4,1.4,1.8,0.0,0.0
2.11613,72,36,344,0,E1A1888B1805C1626X,TE1A1B1C2D000X,1,1,1,1,1.4,1.4,1.4,1.8,0.0,0.0
2.12801,74,36,345,0,E1A1888B1825C1631X,TE1A1B1C2D000X,1,1,1,1,1.4,1.4,1.4,1.8,0.0,0.0
2.13956,75,35,345,0,E1A1888B1843C1634X,TE1A1B1C2D000X,1,1,1,1,1.4,1.4,1.4,1.8,0.0,0.0
2.15129,77,34,345,0,E1A1888B1858C1636X,TE1A1B1C2D000X,1,1,1,1,1.4,1.4,1.4,1.8,0.0,0.0
2.16312,78,34,345,0,E1A1888B1872C1637X,TE1A1B1C2D000X,1,1,1,1,1.4,1.4,1.4,1.8,0.0,0.0
2.17473,79,33,346,0,E1A1888B1884C1637X,TE1A1B1C2D000X,1,1,1,1,1.4,1.4,1.4,1.8,0.0,0.0
2.18608,80,33,347,0,E1A1888B1894C1634X,TE1A1B1C2D000X,1,1,1,1,1.4,1.4,1.4,1.8,0.0,0.0
2.19794,81,32,347,0,E1A1888B1903C1627X,TE1A1B1C2D000X,1,1,1,1,1.4,1.4,1.4,1.8,0.0,0.0
2.20924,81,32,346,0,E1A1920B1903C1629X,TE1A1B1C2D000X,1,1,1,1,1.4,1.4,1.4,1.8,0.0,0.0
2.2212,82,31,346,0,E1A1912B1903C1634X,TE1A1B1C2D000X,1,1,1,1,1.4,1.4,1.4,1.8,0.0,0.0
2.23262,83,31,346,0,E1A1903B1903C1637X,TE1A1B1C2D000X,1,1,1,1,1.4,1.4,1.4,1.8,0.0,0.0
2.24415,83,31,345,0,E1A1894B1903C1639X,TE1A1B1C2D000X,1,1,1,1,1.4,1.4,1.4,1.8,0.0,0.0
2.25514,84,31,345,0,E1A1885B1903C1640X,TE1A1B1C2D000X,1,1,1,1,1.4,1.4,1.4,1.8,0.0,0.0
2.27025,84,31,345,0,E1A1876B1903C1641X,TE1A1B1C2D000X,1,1,1,1,1.4,1.4,1.4,1.8,0.0,0.0
2.28221,85,31,346,0,E1A1867B1903C1642X,TE1A1B1C2D000X,1,1,1,1,1.4,1.4,1.4,1.8,0.0,0.0
2.30614,85,31,346,0,E1A1858B1903C1642X,TE1A1B1C2D000X,1,1,1,1,1.4,1.4,1.4,1.8,0.0,0.0
2.31799,85,30,345,0,E1A1850B1903C1642X,TE1A1B1C2D000X,1,1,1,1,1.4,1.4,1.4,1.8,0.0,0.0
2.32948,85,30,346,0,E1A1842B1903C1641X,TE1A1B1C2D000X,1,1,1,1,1.4,1.4,1.4,1.8,0.0,0.0
2.35204,85,30,345,0,E1A1834B1903C1640X,TE1A1B1C2D000X,1,1,1,1,1.4,1.4,1.4,1.8,0.0,0.0
2.36389,85,30,345,0,E1A1826B1903C1638X,TE1A1B1C2D000X,1,1,1,1,1.4,1.4,1.4,1.8,0.0,0.0
2.37553,85,30,346,0,E1A1818B1903C1637X,TE1A1B1C2D000X,1,1,1,1,1.4,1.4,1.4,1.8,0.0,0.0
2.38723,85,29,346,0,E1A1812B1903C1635X,TE1A1B1C2D000X,1,1,1,1,1.4,1.4,1.4,1.8,0.0,0.0
2.39968,85,29,346,0,E1A1804B1903C1634X,TE1A1B1C2D000X,1,1,1,1,1.4,1.4,1.4,1.8,0.0,0.0
2.41141,85,29,347,0,E1A1796B1903C1632X,TE1A1B1C2D000X,1,1,1,1,1.4,1.4,1.4,1.8,0.0,0.0
2.42268,85,29,346,0,E1A1790B1903C1630X,TE1A1B1C2D000X,1,1,1,1,1.4,1.4,1.4,1.8,0.0,0.0
2.43475,85,28,347,0,E1A1783B1903C1628X,TE1A1B1C2D000X,1,1,1,1,1.4,1.4,1.4,1.8,0.0,0.0
2.4501,85,28,347,0,E1A1776B1903C1626X,TE1A1B1C2D000X,1,1,1,1,1.4,1.4,1.4,1.8,0.0,0.0
2.46223,85,28,348,0,E1A1769B1903C1624X,TE1A1B1C2D000X,1,1,1,1,1.4,1.4,1.4,1.8,0.0,0.0
2.47392,85,28,348,0,E1A1763B1903C1623X,TE1A1B1C2D000X,1,1,1,1,1.4,1.4,1.4,1.8,0.0,0.0
2.48617,85,27,348,0,E1A1757B1903C1621X,TE1A1B1C2D000X,1,1,1,1,1.4,1.4,1.4,1.8,0.0,0.0
2.50614,85,27,348,0,E1A1752B1903C1620X,TE1A1B1C2D000X,1,1,1,1,1.4,1.4,1.4,1.8,0.0,0.0
2.51846,84,27,347,0,E1A1747B1903C1619X,TE1A1B1C2D000X,1,1,1,1,1.4,1.4,1.4,1.8,0.0,0.0
2.55438,84,27,348,0,E1A1742B1903C1618X,TE1A1B1C2D000X,1,1,1,1,1.4,1.4,1.4,1.8,0.0,0.0
2.56625,84,27,348,0,E1A1736B1903C1618X,TE1A1B1C2D000X,1,1,1,1,1.4,1.4,1.4,1.8,0.0,0.0
2.58624,83,26,349,0,E1A1731B1903C1618X,TE1A1B1C2D000X,1,1,1,1,1.4,1.4,1.4,1.8,0.0,0.0
2.59829,83,26,349,0,E1A1726B1903C1618X,TE1A1B1C2D000X,1,1,1,1,1.4,1.4,1.4,1.8,0.0,0.0
2.61037,83,26,349,0,E1A1722B1903C1618X,TE1A1B1C2D000X,1,1,1,1,1.4,1.4,1.4,1.8,0.0,0.0
2.62234,82,26,349,0,E1A1718B1903C1617X,TE1A1B1C2D000X,1,1,1,1,1.4,1.4,1.4,1.8,0.0,0.0
2.63416,82,26,349,0,E1A1714B1903C1617X,TE1A1B1C2D000X,1,1,1,1,1.4,1.4,1.4,1.8,0.0,0.0
2.64588,81,26,348,0,E1A1710B1903C1617X,TE1A1B1C2D000X,1,1,1,1,1.4,1.4,1.4,1.8,0.0,0.0
2.65737,81,26,349,0,E1A1704B1903C1617X,TE1A1B1C2D000X,1,1,1,1,1.4,1.4,1.4,1.8,0.0,0.0
2.68631,81,26,349,0,E1A1699B1903C1616X,TE1A2B1C2D000X,1,1,1,1,1.4,1.4,1.4,1.8,0.0,0.0
2.69834,80,25,348,0,E1A1694B1903C1616X,TE1A2B1C2D000X,1,1,1,1,1.4,1.4,1.4,1.8,0.0,0.0
2.71027,80,25,348,0,E1A1688B1903C1615X,TE1A2B1C2D000X,1,1,1,1,1.4,1.4,1.4,1.8,0.0,0.0
2.72236,80,25,348,0,E1A1681B1903C1614X,TE1A2B1C2D000X,1,1,1,1,1.4,1.4,1.4,1.8,0.0,0.0
2.73416,80,25,348,0,E1A1674B1903C1613X,TE1A2B1C2D000X,1,1,1,1,1.4,1.4,1.4,1.8,0.0,0.0
2.75436,80,25,348,0,E1A1665B1903C1612X,TE1A2B1C2D000X,1,1,1,1,1.4,1.4,1.4,1.8,0.0,0.0
2.76649,80,25,348,0,E1A1657B1903C1611X,TE1A2B1C2D000X,1,1,1,1,1.4,1.4,1.4,1.8,0.0,0.0
2.77822,80,25,348,0,E1A1650B1903C1610X,TE1A2B1C2D000X,1,1,1,1,1.4,1.4,1.4,1.8,0.0,0.0
2.79054,80,25,349,0,E1A1640B1903C1609X,TE1A2B1C2D000X,1,1,1,1,1.4,1.4,1.4,1.8,0.0,0.0
2.80207,80,25,349,0,E1A1631B1903C1608X,TE1A2B1C2D000X,1,1,1,1,1.4,1.4,1.4,1.8,0.0,0.0
2.81419,80,25,349,0,E1A1621B1903C1606X,TE1A2B1C2D000X,1,1,1,1,1.4,1.4,1.4,1.8,0.0,0.0
2.82529,80,25,349,0,E1A1612B1903C1605X,TE1A2B1C2D000X,1,1,1,1,1.4,1.4,1.4,1.8,0.0,0.0
2.83692,81,25,349,0,E1A1602B1903C1605X,TE1A2B1C2D000X,1,1,1,1,1.4,1.4,1.4,1.8,0.0,0.0
2.8485,81,25,350,0,E1A1592B1903C1604X,TE1A2B1C2D000X,1,1,1,1,1.4,1.4,1.4,1.8,0.0,0.0
2.86169,81,25,349,0,E1A1582B1903C1603X,TE1A2B1C2D000X,1,1,1,1,1.4,1.4,1.4,1.8,0.0,0.0
2.87299,81,25,349,0,E1A1573B1903C1602X,TE1A2B1C2D000X,1,1,1,1,1.4,1.4,1.4,1.8,0.0,0.0
2.88495,81,25,349,0,E1A1564B1903C1601X,TE1A2B1C2D000X,1,1,1,1,1.4,1.4,1.4,1.8,0.0,0.0
2.89674,81,25,349,0,E1A1554B1903C1600X,TE1A2B1C2D000X,1,1,1,1,1.4,1.4,1.4,1.8,0.0,0.0
2.90866,81,25,348,0,E1A1545B1903C1599X,TE1A2B1C2D000X,1,1,1,1,1.4,1.4,1.4,1.8,0.0,0.0
2.9383,81,25,347,0,E1A1536B1903C1598X,TE1A2B1C2D000X,1,1,1,1,1.4,1.4,1.4,1.8,0.0,0.0
2.94982,81,25,348,0,E1A1526B1903C1597X,TE1A2B1C2D000X,1,1,1,1,1.4,1.4,1.4,1.8,0.0,0.0
2.96147,81,25,348,0,E1A1517B1903C1596X,TE1A2B1C2D000X,1,1,1,1,1.4,1.4,1.4,1.8,0.0,0.0
2.97312,81,25,348,0,E1A1509B1903C1595X,TE1A2B1C2D000X,1,1,1,1,1.4,1.4,1.4,1.8,0.0,0.0
2.98491,81,25,348,0,E1A1500B1903C1593X,TE1A2B1C2D000X,1,1,1,1,1.4,1.4,1.4,1.8,0.0,0.0
2.99651,81,25,348,0,E1A1492B1903C1592X,TE1A2B1C2D000X,1,1,1,1,1.4,1.4,1.4,1.8,0.0,0.0
3.01419,81,25,347,0,E1A1485B1903C1591X,TE1A2B1C2D000X,1,1,1,1,1.4,1.4,1.4,1.8,0.0,0.0
3.02635,81,25,348,0,E1A1476B1903C1589X,TE1A2B1C2D000X,1,1,1,1,1.4,1.4,1.4,1.8,0.0,0.0
3.03831,81,25,349,0,E1A1467B1903C1588X,TE1A3B1C2D000X,1,1,1,1,1.4,1.4,1.4,1.8,0.0,0.0
3.05018,81,25,349,0,E1A1459B1903C1586X,TE1A3B1C2D000X,1,1,1,1,1.4,1.4,1.4,1.8,0.0,0.0
3.06223,81,25,348,0,E1A1451B1903C1585X,TE1A3B1C2D000X,1,1,1,1,1.4,1.4,1.4,1.8,0.0,0.0
3.07336,81,25,348,0,E1A1442B1903C1584X,TE1A3B1C2D000X,1,1,1,1,1.4,1.4,1.4,1.8,0.0,0.0
3.08479,81,25,347,0,E1A1434B1903C1583X,TE1A3B1C2D000X,1,1,1,1,1.4,1.4,1.4,1.8,0.0,0.0
3.096,81,25,346,0,E1A1425B1903C1581X,TE1A3B1C2D000X,1,1,1,1,1.4,1.4,1.4,1.8,0.0,0.0
3.10768,81,25,346,0,E1A1415B1903C1580X,TE1A3B1C2D000X,1,1,1,1,1.4,1.4,1.4,1.8,0.0,0.0
3.11898,81,25,346,0,E1A1406B1903C1579X,TE1A3B1C2D000X,1,1,1,1,1.4,1.4,1.4,1.8,0.0,0.0
3.13808,81,25,346,0,E1A1397B1903C1577X,TE1A3B1C2D000X,1,1,1,1,1.4,1.4,1.4,1.8,0.0,0.0
3.16237,81,25,345,0,E1A1389B1903C1576X,TE1A3B1C2D000X,1,1,1,1,1.4,1.4,1.4,1.8,0.0,0.0
3.1741,81,24,345,0,E1A1380B1903C1575X,TE1A3B1C2D000X,1,1,1,1,1.4,1.4,1.4,1.8,0.0,0.0
3.18633,81,24,345,0,E1A1371B1903C1573X,TE1A3B1C2D000X,1,1,1,1,1.4,1.4,1.4,1.8,0.0,0.0
3.19813,81,24,345,0,E1A1362B1903C1572X,TE1A3B1C2D000X,1,1,1,1,1.4,1.4,1.4,1.8,0.0,0.0
3.20965,82,24,346,0,E1A1353B1903C1570X,TE1A3B1C2D000X,1,1,1,1,1.4,1.4,1.4,1.8,0.0,0.0
3.23029,81,24,346,0,E1A1345B1903C1569X,TE1A3B1C2D000X,1,1,1,1,1.4,1.4,1.4,1.8,0.0,0.0
3.24236,81,24,345,0,E1A1336B1903C1567X,TE1A3B1C2D000X,1,1,1,1,1.4,1.4,1.4,1.8,0.0,0.0
3.25431,81,24,345,0,E1A1328B1903C1566X,TE1A3B1C2D000X,1,1,1,1,1.4,1.4,1.4,1.8,0.0,0.0
3.26593,82,24,345,0,E1A1319B1903C1564X,TE1A3B1C2D000X,1,1,1,1,1.4,1.4,1.4,1.8,0.0,0.0
3.27746,82,24,345,0,E1A1311B1903C1562X,TE1A3B1C2D000X,1,1,1,1,1.4,1.4,1.4,1.8,0.0,0.0
3.28858,82,24,346,0,E1A1303B1903C1560X,TE1A3B1C2D000X,1,1,1,1,1.4,1.4,1.4,1.8,0.0,0.0
3.30024,82,24,347,0,E1A1295B1903C1558X,TE1A3B1C2D000X,1,1,1,1,1.4,1.4,1.4,1.8,0.0,0.0
3.31173,82,24,348,0,E1A1288B1903C1557X,TE1A3B1C2D000X,1,1,1,1,1.4,1.4,1.4,1.8,0.0,0.0
3.32366,82,23,348,0,E1A1280B1903C1555X,TE1A3B1C2D000X,1,1,1,1,1.4,1.4,1.4,1.8,0.0,0.0
3.33469,82,23,348,0,E1A1273B1903C1553X,TE1A3B1C2D000X,1,1,1,1,1.4,1.4,1.4,1.8,0.0,0.0
3.34633,82,23,349,0,E1A1267B1903C1551X,TE1A3B1C2D000X,1,1,1,1,1.4,1.4,1.4,1.8,0.0,0.0
3.35746,83,23,350,0,E1A1261B1903C1549X,TE1A3B1C2D000X,1,1,1,1,1.4,1.4,1.4,1.8,0.0,0.0
3.36921,82,22,350,0,E1A1256B1903C1546X,TE1A3B1C2D000X,1,1,1,1,1.4,1.4,1.4,1.8,0.0,0.0
3.38073,82,22,351,0,E1A1251B1903C1544X,TE1A3B1C2D000X,1,1,1,1,1.4,1.4,1.4,1.8,0.0,0.0
3.39228,82,22,350,0,E1A1246B1903C1541X,TE1A4B1C2D000X,1,1,1,1,1.4,1.4,1.4,1.8,0.0,0.0
3.4034,82,21,351,0,E1A1241B1903C1539X,TE1A4B1C2D000X,1,1,1,1,1.4,1.4,1.4,1.8,0.0,0.0
3.41506,82,21,350,0,E1A1237B1903C1536X,TE1A4B1C2D000X,1,1,1,1,1.4,1.4,1.4,1.8,0.0,0.0
3.4342,82,20,350,0,E1A1234B1903C1534X,TE1A4B1C2D000X,1,1,1,1,1.4,1.4,1.4,1.8,0.0,0.0
3.45419,81,20,350,0,E1A1233B1903C1532X,TE1A4B1C2D000X,1,1,1,1,1.4,1.4,1.4,1.8,0.0,0.0
3.46632,81,20,351,0,E1A1231B1903C1530X,TE1A4B1C2D000X,1,1,1,1,1.4,1.4,1.4,1.8,0.0,0.0
3.47808,81,19,351,0,E1A1229B1903C1528X,TE1A4B1C2D000X,1,1,1,1,1.4,1.4,1.4,1.8,0.0,0.0
3.49008,80,19,351,0,E1A1228B1903C1527X,TE1A4B1C2D000X,1,1,1,1,1.4,1.4,1.4,1.8,0.0,0.0
3.50244,80,18,352,0,E1A1227B1903C1525X,TE1A4B1C2D000X,1,1,1,1,1.4,1.4,1.4,1.8,0.0,0.0
3.51418,79,18,352,0,E1A1227B1903C1524X,TE1A4B1C2D000X,1,1,1,1,1.4,1.4,1.4,1.8,0.0,0.0
3.5257,78,18,352,0,E1A1227B1903C1523X,TE1A4B1C2D000X,1,1,1,1,1.4,1.4,1.4,1.8,0.0,0.0
3.5459,78,17,352,0,E1A1228B1903C1521X,TE1A4B1C2D000X,1,1,1,1,1.4,1.4,1.4,1.8,0.0,0.0
3.55827,77,17,353,0,E1A1230B1903C1521X,TE1A4B1C2D000X,1,1,1,1,1.4,1.4,1.4,1.8,0.0,0.0
3.57032,76,16,354,0,E1A1232B1903C1520X,TE1A4B1C2D000X,1,1,1,1,1.4,1.4,1.4,1.8,0.0,0.0
3.58213,75,16,354,0,E1A1235B1903C1519X,TE1A4B1C2D000X,1,1,1,1,1.4,1.4,1.4,1.8,0.0,0.0
3.59381,75,15,354,0,E1A1238B1903C1518X,TE1A4B1C2D000X,1,1,1,1,1.4,1.4,1.4,1.8,0.0,0.0
3.61393,74,15,355,0,E1A1243B1903C1517X,TE1A4B1C2D000X,1,1,1,1,1.4,1.4,1.4,1.8,0.0,0.0
3.62654,73,14,355,0,E1A1248B1903C1515X,TE1A4B1C2D000X,1,1,1,1,1.4,1.4,1.4,1.8,0.0,0.0
3.63836,72,14,356,0,E1A1254B1903C1515X,TE1A4B1C2D000X,1,1,1,1,1.4,1.4,1.4,1.8,0.0,0.0
3.65859,71,13,358,0,E1A1261B1903C1513X,TE1A3B1C2D000X,1,1,1,1,1.4,1.4,1.4,1.8,0.0,0.0
3.67042,70,12,359,0,E1A1269B1903C1512X,TE1A3B1C2D000X,1,1,1,1,1.4,1.4,1.4,1.8,0.0,0.0
3.68231,69,11,363,0,E1A1278B1903C1510X,TE1A3B1C2D000X,1,1,1,1,1.4,1.4,1.4,1.8,0.0,0.0
3.69605,68,10,363,0,E1A1287B1903C1508X,TE1A3B1C2D000X,1,1,1,1,1.4,1.4,1.4,1.8,0.0,0.0
3.70782,67,9,364,0,E1A1296B1903C1506X,TE1A3B1C2D000X,1,1,1,1,1.4,1.4,1.4,1.8,0.0,0.0
3.7195,66,8,364,0,E1A1305B1903C1504X,TE1A3B1C2D000X,1,1,1,1,1.4,1.4,1.4,1.8,0.0,0.0
3.73129,65,7,365,0,E1A1315B1903C1501X,TE1A3B1C2D000X,1,1,1,1,1.4,1.4,1.4,1.8,0.0,0.0
3.74296,63,6,365,0,E1A1324B1903C1499X,TE1A3B1C2D000X,1,1,1,1,1.4,1.4,1.4,1.8,0.0,0.0
3.75439,62,5,366,0,E1A1334B1903C1496X,TE1A3B1C2D000X,1,1,1,1,1.4,1.4,1.4,1.8,0.0,0.0
3.76615,61,4,366,0,E1A1345B1903C1494X,TE1A3B1C2D000X,1,1,1,1,1.4,1.4,1.4,1.8,0.0,0.0
3.78261,60,3,368,0,E1A1357B1903C1491X,TE1A3B1C2D000X,1,1,1,1,1.4,1.4,1.4,1.8,0.0,0.0
3.79466,58,2,368,0,E1A1370B1903C1488X,TE1A3B1C2D000X,1,1,1,1,1.4,1.4,1.4,1.8,0.0,0.0
3.8061,57,1,369,0,E1A1383B1903C1485X,TE1A3B1C2D000X,1,1,1,1,1.4,1.4,1.4,1.8,0.0,0.0
3.83062,55,0,369,0,E1A1398B1903C1482X,TE1A3B1C2D000X,1,1,1,1,1.4,1.4,1.4,1.8,0.0,0.0
3.84236,53,-1,369,0,E1A1413B1903C1480X,TE1A3B1C2D000X,1,1,1,1,1.4,1.4,1.4,1.8,0.0,0.0
3.85409,51,-2,369,0,E1A1428B1903C1476X,TE1A3B1C2D000X,1,1,1,1,1.4,1.4,1.4,1.8,0.0,0.0
3.87464,49,-3,370,0,E1A1446B1903C1474X,TE1A3B1C3D000X,1,1,1,1,1.4,1.4,1.4,1.8,0.0,0.0
3.88795,47,-4,371,0,E1A1463B1903C1470X,TE1A3B1C3D000X,1,1,1,1,1.4,1.4,1.4,1.8,0.0,0.0
3.90054,46,-6,371,0,E1A1479B1903C1467X,TE1A3B1C3D000X,1,1,1,1,1.4,1.4,1.4,1.8,0.0,0.0
3.9123,44,-7,371,0,E1A1495B1903C1464X,TE1A3B1C3D000X,1,1,1,1,1.4,1.4,1.4,1.8,0.0,0.0
3.92421,42,-8,372,0,E1A1510B1903C1461X,TE1A2B1C3D000X,1,1,1,1,1.4,1.4,1.4,1.8,0.0,0.0
3.94211,40,-9,372,0,E1A1527B1903C1458X,TE1A2B1C3D000X,1,1,1,1,1.4,1.4,1.4,1.8,0.0,0.0
3.95438,38,-11,372,0,E1A1543B1903C1455X,TE1A2B1C3D000X,1,1,1,1,1.4,1.4,1.4,1.8,0.0,0.0
3.96614,36,-12,372,0,E1A1559B1903C1451X,TE1A2B1C3D000X,1,1,1,1,1.4,1.4,1.4,1.8,0.0,0.0
3.97791,34,-13,372,0,E1A1573B1903C1447X,TE1A2B1C3D000X,1,1,1,1,1.4,1.4,1.4,1.8,0.0,0.0
3.98913,32,-14,372,0,E1A1587B1903C1443X,TE1A2B1C3D000X,1,1,1,1,1.4,1.4,1.4,1.8,0.0,0.0
4.00111,30,-15,372,0,E1A1600B1903C1439X,TE1A2B1C3D000X,1,1,1,1,1.4,1.4,1.4,1.8,0.0,0.0
4.01286,29,-16,372,0,E1A1613B1903C1435X,TE1A2B1C3D000X,1,1,1,1,1.4,1.4,1.4,1.8,0.0,0.0
4.02417,27,-17,372,0,E1A1625B1903C1430X,TE1A2B1C3D000X,1,1,1,1,1.4,1.4,1.4,1.8,0.0,0.0
4.03608,26,-18,372,0,E1A1637B1903C1426X,TE1A2B1C3D000X,1,1,1,1,1.4,1.4,1.4,1.8,0.0,0.0
4.04786,24,-19,373,0,E1A1648B1903C1421X,TE1A2B1C3D000X,1,1,1,1,1.4,1.4,1.4,1.8,0.0,0.0
4.07849,22,-20,373,0,E1A1660B1903C1415X,TE1A2B1C3D000X,1,1,1,1,1.4,1.4,1.4,1.8,0.0,0.0
4.09062,21,-21,374,0,E1A1672B1903C1410X,TE1A2B1C3D000X,1,1,1,1,1.4,1.4,1.4,1.8,0.0,0.0
4.10208,19,-22,375,0,E1A1683B1903C1404X,TE1A2B1C3D000X,1,1,1,1,1.4,1.4,1.4,1.8,0.0,0.0
4.12241,18,-22,375,0,E1A1694B1903C1398X,TE1A2B1C3D000X,1,1,1,1,1.4,1.4,1.4,1.8,0.0,0.0
4.13645,16,-23,375,0,E1A1703B1903C1391X,TE1A2B1C3D000X,1,1,1,1,1.4,1.4,1.4,1.8,0.0,0.0
4.15015,15,-24,375,0,E1A1713B1903C1384X,TE1A2B1C3D000X,1,1,1,1,1.4,1.4,1.4,1.8,0.0,0.0
4.16381,14,-25,376,0,E1A1721B1903C1377X,TE1A2B1C3D000X,1,1,1,1,1.4,1.4,1.4,1.8,0.0,0.0
4.17566,12,-26,376,0,E1A1729B1903C1370X,TE1A1B1C3D000X,1,1,1,1,1.4,1.4,1.4,1.8,0.0,0.0
4.18708,11,-26,376,0,E1A1736B1903C1363X,TE1A1B1C3D000X,1,1,1,1,1.4,1.4,1.4,1.8,0.0,0.0
4.19899,10,-27,376,0,E1A1743B1903C1356X,TE1A1B1C3D000X,1,1,1,1,1.4,1.4,1.4,1.8,0.0,0.0
4.2106,9,-28,376,0,E1A1749B1903C1349X,TE1A1B1C3D000X,1,1,1,1,1.4,1.4,1.4,1.8,0.0,0.0
4.22228,8,-28,376,0,E1A1755B1903C1342X,TE1A1B1C3D000X,1,1,1,1,1.4,1.4,1.4,1.8,0.0,0.0
4.24632,7,-29,376,0,E1A1763B1903C1333X,TE1A1B1C3D000X,1,1,1,1,1.4,1.4,1.4,1.8,0.0,0.0
4.27037,5,-29,377,0,E1A1771B1903C1325X,TE1A1B1C3D000X,1,1,1,1,1.4,1.4,1.4,1.8,0.0,0.0
4.28225,4,-30,377,0,E1A1779B1903C1316X,TE1A1B1C3D000X,1,1,1,1,1.4,1.4,1.4,1.8,0.0,0.0
4.30239,2,-31,378,0,E1A1789B1903C1307X,TE1A1B1C3D000X,1,1,1,1,1.4,1.4,1.4,1.8,0.0,0.0
4.31455,1,-31,378,0,E1A1797B1903C1297X,TE1A1B1C3D000X,1,1,1,1,1.4,1.4,1.4,1.8,0.0,0.0
4.32843,0,-32,378,0,E1A1805B1903C1287X,TE1A1B1C3D000X,1,1,1,1,1.4,1.4,1.4,1.8,0.0,0.0
4.3402,-1,-32,377,0,E1A1813B1903C1278X,TE1A1B1C3D000X,1,1,1,1,1.4,1.4,1.4,1.8,0.0,0.0
4.35189,-2,-33,378,0,E1A1820B1903C1267X,TE1A1B1C3D000X,1,1,1,1,1.4,1.4,1.4,1.8,0.0,0.0
4.36378,-3,-33,378,0,E1A1827B1903C1257X,TE1A1B1C3D000X,1,1,1,1,1.4,1.4,1.4,1.8,0.0,0.0
4.37562,-5,-34,378,0,E1A1834B1903C1246X,TE1A1B1C3D000X,1,1,1,1,1.4,1.4,1.4,1.8,0.0,0.0
4.38735,-6,-34,378,0,E1A1841B1903C1235X,TE1A1B1C4D000X,1,1,1,1,1.4,1.4,1.4,1.8,0.0,0.0
4.39923,-7,-35,378,0,E1A1846B1903C1223X,TE1A1B1C4D000X,1,1,1,1,1.4,1.4,1.4,1.8,0.0,0.0
4.41103,-8,-35,379,0,E1A1852B1903C1211X,TE1A1B1C4D000X,1,1,1,1,1.4,1.4,1.4,1.8,0.0,0.0
4.42642,-9,-36,379,0,E1A1857B1903C1198X,TE1A1B1C4D000X,1,1,1,1,1.4,1.4,1.4,1.8,0.0,0.0
4.43849,-10,-37,379,0,E1A1863B1903C1185X,TE1A1B1C4D000X,1,1,1,1,1.4,1.4,1.4,1.8,0.0,0.0
4.45042,-11,-37,380,0,E1A1867B1903C1172X,TE1A1B1C4D000X,1,1,1,1,1.4,1.4,1.4,1.8,0.0,0.0
4.46245,-11,-38,380,0,E1A1872B1903C1159X,TE1A1B1C4D000X,1,1,1,1,1.4,1.4,1.4,1.8,0.0,0.0
4.48232,-12,-38,380,0,E1A1876B1903C1146X,TE1A1B1C4D000X,1,1,1,1,1.4,1.4,1.4,1.8,0.0,0.0
4.49457,-13,-39,380,0,E1A1880B1903C1133X,TE1A1B1C4D000X,1,1,1,1,1.4,1.4,1.4,1.8,0.0,0.0
4.50626,-13,-39,381,0,E1A1883B1903C1121X,TE1A1B1C4D000X,1,1,1,1,1.4,1.4,1.4,1.8,0.0,0.0
4.51838,-14,-40,382,0,E1A1886B1903C1110X,TE1A1B1C4D000X,1,1,1,1,1.4,1.4,1.4,1.8,0.0,0.0
4.52971,-14,-41,383,0,E1A1889B1903C1099X,TE1A1B1C4D000X,1,1,1,1,1.4,1.4,1.4,1.8,0.0,0.0
4.5503,-14,-41,383,0,E1A1891B1903C1088X,TE1A1B1C4D000X,1,1,1,1,1.4,1.4,1.4,1.8,0.0,0.0
4.56218,-15,-41,384,0,E1A1893B1903C1078X,TE1A1B1C4D000X,1,1,1,1,1.4,1.4,1.4,1.8,0.0,0.0
4.57492,-15,-42,384,0,E1A1895B1903C1069X,TE1A1B1C4D000X,1,1,1,1,1.4,1.4,1.4,1.8,0.0,0.0
4.58655,-15,-42,385,0,E1A1896B1903C1060X,TE1A1B1C4D000X,1,1,1,1,1.4,1.4,1.4,1.8,0.0,0.0
4.59829,-15,-42,386,0,E1A1897B1903C1052X,TE1A1B1C4D000X,1,1,1,1,1.4,1.4,1.4,1.8,0.0,0.0
4.60947,-15,-42,386,0,E1A1898B1903C1045X,TE1A1B1C4D000X,1,1,1,1,1.4,1.4,1.4,1.8,0.0,0.0
4.62051,-15,-42,386,0,E1A1899B1903C1038X,TE1A1B1C4D000X,1,1,1,1,1.4,1.4,1.4,1.8,0.0,0.0
4.63253,-15,-42,386,0,E1A1900B1903C1032X,TE1A1B1C4D000X,1,1,1,1,1.4,1.4,1.4,1.8,0.0,0.0
4.64423,-15,-42,385,0,E1A1900B1903C1026X,TE1A1B1C4D000X,1,1,1,1,1.4,1.4,1.4,1.8,0.0,0.0
4.65551,-15,-42,385,0,E1A1900B1903C1020X,TE1A1B1C4D000X,1,1,1,1,1.4,1.4,1.4,1.8,0.0,0.0
4.67426,-15,-42,384,0,E1A1900B1903C1015X,TE1A1B1C5D000X,1,1,1,1,1.4,1.4,1.4,1.8,0.0,0.0
4.68648,-14,-42,384,0,E1A1900B1903C1011X,TE1A1B1C5D000X,1,1,1,1,1.4,1.4,1.4,1.8,0.0,0.0
4.69839,-14,-42,383,0,E1A1899B1903C1007X,TE1A1B1C5D000X,1,1,1,1,1.4,1.4,1.4,1.8,0.0,0.0
4.71042,-14,-41,383,0,E1A1899B1903C1004X,TE1A1B1C5D000X,1,1,1,1,1.4,1.4,1.4,1.8,0.0,0.0
4.7221,-14,-41,384,0,E1A1899B1903C1002X,TE1A1B1C5D000X,1,1,1,1,1.4,1.4,1.4,1.8,0.0,0.0
4.73387,-14,-41,384,0,E1A1899B1903C1000X,TE1A1B1C5D000X,1,1,1,1,1.4,1.4,1.4,1.8,0.0,0.0
4.74565,-13,-41,384,0,E1A1898B1903C0998X,TE1A1B1C5D000X,1,1,1,1,1.4,1.4,1.4,1.8,0.0,0.0
4.75716,-13,-40,383,0,E1A1897B1903C0997X,TE1A1B1C5D000X,1,1,1,1,1.4,1.4,1.4,1.8,0.0,0.0
4.77862,-13,-40,383,0,E1A1897B1903C0997X,TE1A1B1C5D000X,1,1,1,1,1.4,1.4,1.4,1.8,0.0,0.0
4.79032,-13,-39,382,0,E1A1896B1903C0997X,TE1A1B1C5D000X,1,1,1,1,1.4,1.4,1.4,1.8,0.0,0.0
4.80206,-12,-38,381,0,E1A1895B1903C0998X,TE1A1B1C5D000X,1,1,1,1,1.4,1.4,1.4,1.8,0.0,0.0
4.81361,-12,-38,381,0,E1A1895B1903C1000X,TE1A1B1C5D000X,1,1,1,1,1.4,1.4,1.4,1.8,0.0,0.0
4.82502,-12,-37,380,0,E1A1894B1903C1001X,TE1A1B1C5D000X,1,1,1,1,1.4,1.4,1.4,1.8,0.0,0.0
4.83695,-12,-36,381,0,E1A1894B1903C1004X,TE1A1B1C5D000X,1,1,1,1,1.4,1.4,1.4,1.8,0.0,0.0
4.85438,-11,-36,381,0,E1A1894B1903C1007X,TE1A1B1C5D000X,1,1,1,1,1.4,1.4,1.4,1.8,0.0,0.0
4.86611,-11,-35,380,0,E1A1893B1903C1009X,TE1A1B1C5D000X,1,1,1,1,1.4,1.4,1.4,1.8,0.0,0.0
4.88017,-11,-34,380,0,E1A1893B1903C1012X,TE1A1B1C5D000X,1,1,1,1,1.4,1.4,1.4,1.8,0.0,0.0
4.89156,-11,-33,379,0,E1A1892B1903C1015X,TE1A1B1C5D000X,1,1,1,1,1.4,1.4,1.4,1.8,0.0,0.0
4.90336,-11,-33,380,0,E1A1892B1903C1019X,TE1A1B1C5D000X,1,1,1,1,1.4,1.4,1.4,1.8,0.0,0.0
4.91532,-10,-32,379,0,E1A1891B1903C1022X,TE1A1B1C5D000X,1,1,1,1,1.4,1.4,1.4,1.8,0.0,0.0
4.92704,-10,-31,378,0,E1A1891B1903C1025X,TE1A1B1C5D000X,1,1,1,1,1.4,1.4,1.4,1.8,0.0,0.0
4.93848,-10,-30,377,0,E1A1890B1903C1028X,TE1A1B1C4D000X,1,1,1,1,1.4,1.4,1.4,1.8,0.0,0.0
4.95021,-10,-29,376,0,E1A1889B1903C1032X,TE1A1B1C4D000X,1,1,1,1,1.4,1.4,1.4,1.8,0.0,0.0
4.96416,-10,-29,377,0,E1A1889B1903C1037X,TE1A1B1C4D000X,1,1,1,1,1.4,1.4,1.4,1.8,0.0,0.0
4.97593,-10,-28,376,0,E1A1889B1903C1042X,TE1A1B1C4D000X,1,1,1,1,1.4,1.4,1.4,1.8,0.0,0.0
4.98757,-9,-27,376,0,E1A1889B1903C1047X,TE1A1B1C4D000X,1,1,1,1,1.4,1.4,1.4,1.8,0.0,0.0
4.99933,-9,-26,374,0,E1A1888B1903C1052X,TE1A1B1C4D000X,1,1,1,1,1.4,1.4,1.4,1.8,0.0,0.0
5.01109,-9,-25,374,0,E1A1888B1903C1059X,TE1A1B1C4D000X,1,1,1,1,1.4,1.4,1.4,1.8,0.0,0.0
5.0226,-9,-23,373,0,E1A1888B1903C1066X,TE1A1B1C4D000X,1,1,1,1,1.4,1.4,1.4,1.8,0.0,0.0
5.03475,-9,-22,372,0,E1A1888B1903C1073X,TE1A1B1C4D000X,1,1,1,1,1.4,1.4,1.4,1.8,0.0,0.0
5.04626,-9,-21,372,0,E1A1888B1903C1084X,TE1A1B1C4D000X,1,1,1,1,1.4,1.4,1.4,1.8,0.0,0.0
5.05819,-9,-20,372,0,E1A1888B1903C1096X,TE1A1B1C4D000X,1,1,1,1,1.4,1.4,1.4,1.8,0.0,0.0
5.0703,-9,-18,372,0,E1A1888B1903C1109X,TE1A1B1C4D000X,1,1,1,1,1.4,1.4,1.4,1.8,0.0,0.0
5.08205,-9,-17,372,0,E1A1889B1903C1121X,TE1A1B1C4D000X,1,1,1,1,1.4,1.4,1.4,1.8,0.0,0.0
5.09424,-9,-15,372,0,E1A1889B1903C1134X,TE1A1B1C4D000X,1,1,1,1,1.4,1.4,1.4,1.8,0.0,0.0
5.1087,-9,-14,371,0,E1A1889B1903C1146X,TE1A1B1C4D000X,1,1,1,1,1.4,1.4,1.4,1.8,0.0,0.0
5.12069,-8,-12,369,0,E1A1888B1903C1157X,TE1A1B1C4D000X,1,1,1,1,1.4,1.4,1.4,1.8,0.0,0.0
5.13253,-8,-11,368,0,E1A1889B1903C1170X,TE1A1B1C4D000X,1,1,1,1,1.4,1.4,1.4,1.8,0.0,0.0
5.14444,-8,-9,368,0,E1A1889B1903C1183X,TE1A1B1C4D000X,1,1,1,1,1.4,1.4,1.4,1.8,0.0,0.0
5.15578,-8,-8,366,0,E1A1889B1903C1194X,TE1A1B1C4D000X,1,1,1,1,1.4,1.4,1.4,1.8,0.0,0.0
5.16752,-8,-7,365,0,E1A1889B1903C1206X,TE1A1B1C4D000X,1,1,1,1,1.4,1.4,1.4,1.8,0.0,0.0
5.1791,-8,-5,365,0,E1A1890B1903C1219X,TE1A1B1C4D000X,1,1,1,1,1.4,1.4,1.4,1.8,0.0,0.0
5.191,-8,-4,364,0,E1A1906B1903C1313X,TE1A1B1C4D000X,1,1,1,1,1.4,1.4,1.4,1.8,0.0,0.0
5.20246,-9,-3,363,0,E1A1920B1903C1389X,TE1A1B1C3D000X,1,1,1,1,1.4,1.4,1.4,1.8,0.0,0.0
5.21425,-9,-1,363,0,E1A1920B1900C1462X,TE1A1B1C3D000X,1,1,1,1,1.4,1.4,1.4,1.8,0.0,0.0
5.22565,-9,0,362,0,E1A1920B1891C1531X,TE1A1B1C3D000X,1,1,1,1,1.4,1.4,1.4,1.8,0.0,0.0
5.23747,-9,0,362,0,E1A1920B1883C1586X,TE1A1B1C2D000X,1,1,1,1,1.4,1.4,1.4,1.8,0.0,0.0
5.2492,-9,1,361,0,E1A1920B1876C1629X,TE1A1B1C2D000X,1,1,1,1,1.4,1.4,1.4,1.8,0.0,0.0
5.26087,-9,2,359,0,E1A1920B1873C1639X,TE1A1B1C2D000X,1,1,1,1,1.4,1.4,1.4,1.8,0.0,0.0
5.27398,-10,4,358,0,E1A1920B1869C1651X,TE1A1B1C2D000X,1,1,1,1,1.4,1.4,1.4,1.8,0.0,0.0
5.28639,-10,5,357,0,E1A1920B1864C1661X,TE1A1B1C2D000X,1,1,1,1,1.4,1.4,1.4,1.8,0.0,0.0
5.29838,-11,6,355,0,E1A1920B1858C1670X,TE1A1B1C2D000X,1,1,1,1,1.4,1.4,1.4,1.8,0.0,0.0
5.31013,-11,7,355,0,E1A1920B1850C1677X,TE1A1B1C2D000X,1,1,1,1,1.4,1.4,1.4,1.8,0.0,0.0
5.32163,-12,9,356,0,E1A1920B1840C1684X,TE1A1B1C2D000X,1,1,1,1,1.4,1.4,1.4,1.8,0.0,0.0
5.33346,-12,10,356,0,E1A1920B1828C1689X,TE1A1B1C2D000X,1,1,1,1,1.4,1.4,1.4,1.8,0.0,0.0
5.34523,-13,11,356,0,E1A1920B1814C1694X,TE1A1B1C2D000X,1,1,1,1,1.4,1.4,1.4,1.8,0.0,0.0
5.35654,-14,12,356,0,E1A1920B1798C1698X,TE1A1B1C2D000X,1,1,1,1,1.4,1.4,1.4,1.8,0.0,0.0
5.36807,-14,13,357,0,E1A1920B1781C1702X,TE1A1B1C2D000X,1,1,1,1,1.4,1.4,1.4,1.8,0.0,0.0
5.39827,-15,15,357,0,E1A1920B1760C1706X,TE1A1B1C2D000X,1,1,1,1,1.4,1.4,1.4,1.8,0.0,0.0
5.41038,-16,16,357,0,E1A1920B1739C1710X,TE1A1B1C2D000X,1,1,1,1,1.4,1.4,1.4,1.8,0.0,0.0
5.42252,-17,17,357,0,E1A1920B1717C1714X,TE1A1B1C1D000X,1,1,1,1,1.4,1.4,1.4,1.8,0.0,0.0
5.44234,-17,19,357,0,E1A1920B1695C1717X,TE1A1B1C1D000X,1,1,1,1,1.4,1.4,1.4,1.8,0.0,0.0
5.45425,-18,20,358,0,E1A1920B1673C1720X,TE1A1B2C1D000X,1,1,1,1,1.4,1.4,1.4,1.8,0.0,0.0
5.47833,-19,21,358,0,E1A1923B1656C1720X,TE1A1B2C1D000X,1,1,1,1,1.4,1.4,1.4,1.8,0.0,0.0
5.49057,-20,22,358,0,E1A1920B1641C1720X,TE1A1B2C1D000X,1,1,1,1,1.4,1.4,1.4,1.8,0.0,0.0
5.50223,-21,23,357,0,E1A1918B1626C1720X,TE1A1B2C1D000X,1,1,1,1,1.4,1.4,1.4,1.8,0.0,0.0
5.51387,-22,24,357,0,E1A1916B1610C1720X,TE1A1B2C1D000X,1,1,1,1,1.4,1.4,1.4,1.8,0.0,0.0
5.52572,-22,24,356,0,E1A1914B1595C1720X,TE1A1B2C1D000X,1,1,1,1,1.4,1.4,1.4,1.8,0.0,0.0
5.53739,-23,25,356,0,E1A1913B1579C1720X,TE1A1B2C1D000X,1,1,1,1,1.4,1.4,1.4,1.8,0.0,0.0
5.55076,-24,26,356,0,E1A1912B1564C1720X,TE1A1B2C1D000X,1,1,1,1,1.4,1.4,1.4,1.8,0.0,0.0
5.56403,-25,26,355,0,E1A1911B1549C1720X,TE1A1B2C1D000X,1,1,1,1,1.4,1.4,1.4,1.8,0.0,0.0
5.57739,-25,27,355,0,E1A1911B1535C1720X,TE1A1B2C1D000X,1,1,1,1,1.4,1.4,1.4,1.8,0.0,0.0
5.59051,-26,27,354,0,E1A1910B1522C1720X,TE1A1B2C1D000X,1,1,1,1,1.4,1.4,1.4,1.8,0.0,0.0
5.60385,-27,28,355,0,E1A1909B1509C1720X,TE1A1B2C1D000X,1,1,1,1,1.4,1.4,1.4,1.8,0.0,0.0
5.61719,-27,28,355,0,E1A1909B1495C1720X,TE1A1B2C1D000X,1,1,1,1,1.4,1.4,1.4,1.8,0.0,0.0
5.63059,-28,28,354,0,E1A1909B1482C1720X,TE1A1B2C1D000X,1,1,1,1,1.4,1.4,1.4,1.8,0.0,0.0
5.64208,-29,29,355,0,E1A1908B1468C1720X,TE1A1B2C1D000X,1,1,1,1,1.4,1.4,1.4,1.8,0.0,0.0
5.65346,-30,29,355,0,E1A1908B1455C1720X,TE1A1B3C1D000X,1,1,1,1,1.4,1.4,1.4,1.8,0.0,0.0
5.66512,-30,29,355,0,E1A1908B1442C1720X,TE1A1B3C1D000X,1,1,1,1,1.4,1.4,1.4,1.8,0.0,0.0
5.67669,-31,30,355,0,E1A1908B1431C1720X,TE1A1B3C1D000X,1,1,1,1,1.4,1.4,1.4,1.8,0.0,0.0
5.68803,-31,30,354,0,E1A1908B1421C1720X,TE1A1B3C1D000X,1,1,1,1,1.4,1.4,1.4,1.8,0.0,0.0
5.70205,-31,30,354,0,E1A1908B1411C1720X,TE1A1B3C1D000X,1,1,1,1,1.4,1.4,1.4,1.8,0.0,0.0
5.71374,-32,30,354,0,E1A1907B1403C1720X,TE1A1B3C1D000X,1,1,1,1,1.4,1.4,1.4,1.8,0.0,0.0
5.72526,-32,30,354,0,E1A1907B1395C1720X,TE1A1B3C1D000X,1,1,1,1,1.4,1.4,1.4,1.8,0.0,0.0
5.73652,-32,30,354,0,E1A1907B1386C1720X,TE1A1B3C1D000X,1,1,1,1,1.4,1.4,1.4,1.8,0.0,0.0
5.74849,-32,30,354,0,E1A1906B1379C1720X,TE1A1B3C1D000X,1,1,1,1,1.4,1.4,1.4,1.8,0.0,0.0
5.75991,-33,30,354,0,E1A1906B1371C1720X,TE1A1B3C1D000X,1,1,1,1,1.4,1.4,1.4,1.8,0.0,0.0
5.77184,-33,30,354,0,E1A1906B1365C1720X,TE1A1B3C1D000X,1,1,1,1,1.4,1.4,1.4,1.8,0.0,0.0
5.7838,-33,30,354,0,E1A1905B1360C1720X,TE1A1B3C1D000X,1,1,1,1,1.4,1.4,1.4,1.8,0.0,0.0
5.79559,-33,30,354,0,E1A1905B1355C1720X,TE1A1B3C1D000X,1,1,1,1,1.4,1.4,1.4,1.8,0.0,0.0
5.80741,-33,30,354,0,E1A1904B1351C1720X,TE1A1B3C1D000X,1,1,1,1,1.4,1.4,1.4,1.8,0.0,0.0
5.81861,-33,30,354,0,E1A1903B1348C1720X,TE1A1B3C1D000X,1,1,1,1,1.4,1.4,1.4,1.8,0.0,0.0
5.8305,-33,30,356,0,E1A1902B1345C1720X,TE1A1B3C1D000X,1,1,1,1,1.4,1.4,1.4,1.8,0.0,0.0
5.84381,-32,30,355,0,E1A1901B1342C1720X,TE1A1B3C1D000X,1,1,1,1,1.4,1.4,1.4,1.8,0.0,0.0
5.85512,-32,30,354,0,E1A1899B1340C1720X,TE1A1B3C1D000X,1,1,1,1,1.4,1.4,1.4,1.8,0.0,0.0
5.87581,-31,30,354,0,E1A1897B1342C1720X,TE1A1B3C1D000X,1,1,1,1,1.4,1.4,1.4,1.8,0.0,0.0
5.88778,-31,30,355,0,E1A1894B1345C1720X,TE1A1B3C1D000X,1,1,1,1,1.4,1.4,1.4,1.8,0.0,0.0
5.89968,-30,30,355,0,E1A1892B1348C1720X,TE1A1B3C1D000X,1,1,1,1,1.4,1.4,1.4,1.8,0.0,0.0
5.91148,-30,30,356,0,E1A1889B1353C1720X,TE1A1B3C1D000X,1,1,1,1,1.4,1.4,1.4,1.8,0.0,0.0
5.92416,-29,30,357,0,E1A1886B1357C1720X,TE1A1B3C1D000X,1,1,1,1,1.4,1.4,1.4,1.8,0.0,0.0
5.93573,-28,29,357,0,E1A1883B1364C1720X,TE1A1B3C1D000X,1,1,1,1,1.4,1.4,1.4,1.8,0.0,0.0
5.94772,-27,29,357,0,E1A1879B1373C1720X,TE1A1B3C1D000X,1,1,1,1,1.4,1.4,1.4,1.8,0.0,0.0
5.95914,-26,29,357,0,E1A1876B1382C1720X,TE1A1B3C1D000X,1,1,1,1,1.4,1.4,1.4,1.8,0.0,0.0
5.98626,-24,29,358,0,E1A1871B1397C1720X,TE1A1B3C1D000X,1,1,1,1,1.4,1.4,1.4,1.8,0.0,0.0
6.00659,-22,28,357,0,E1A1866B1415C1720X,TE1A1B3C1D000X,1,1,1,1,1.4,1.4,1.4,1.8,0.0,0.0
6.01869,-21,28,357,0,E1A1861B1435C1720X,TE1A1B3C1D000X,1,1,1,1,1.4,1.4,1.4,1.8,0.0,0.0
6.04259,-18,27,357,0,E1A1855B1457C1720X,TE1A1B3C1D000X,1,1,1,1,1.4,1.4,1.4,1.8,0.0,0.0
6.05459,-16,26,357,0,E1A1849B1479C1720X,TE1A1B3C1D000X,1,1,1,1,1.4,1.4,1.4,1.8,0.0,0.0
6.06643,-14,26,356,0,E1A1843B1501C1720X,TE1A1B3C1D000X,1,1,1,1,1.4,1.4,1.4,1.8,0.0,0.0
6.07817,-12,25,356,0,E1A1837B1522C1720X,TE1A1B3C1D000X,1,1,1,1,1.4,1.4,1.4,1.8,0.0,0.0
6.08994,-10,25,356,0,E1A1831B1543C1720X,TE1A1B2C1D000X,1,1,1,1,1.4,1.4,1.4,1.8,0.0,0.0
6.10367,-8,24,355,0,E1A1825B1564C1720X,TE1A1B2C1D000X,1,1,1,1,1.4,1.4,1.4,1.8,0.0,0.0
6.12262,-6,23,356,0,E1A1819B1586C1720X,TE1A1B2C1D000X,1,1,1,1,1.4,1.4,1.4,1.8,0.0,0.0
6.135,-3,23,356,0,E1A1812B1607C1720X,TE1A1B2C1D000X,1,1,1,1,1.4,1.4,1.4,1.8,0.0,0.0
6.19053,0,22,357,0,E1A1803B1635C1720X,TE1A1B2C1D000X,1,1,1,1,1.4,1.4,1.4,1.8,0.0,0.0
6.20252,1,21,357,0,E1A1795B1660C1720X,TE1A1B2C1D000X,1,1,1,1,1.4,1.4,1.4,1.8,0.0,0.0
6.21438,4,20,357,0,E1A1787B1684C1720X,TE1A1B2C1D000X,1,1,1,1,1.4,1.4,1.4,1.8,0.0,0.0
6.22637,6,19,357,0,E1A1778B1705C1720X,TE1A1B2C1D000X,1,1,1,1,1.4,1.4,1.4,1.8,0.0,0.0
6.23979,8,18,357,0,E1A1770B1725C1720X,TE1A1B2C1D000X,1,1,1,1,1.4,1.4,1.4,1.8,0.0,0.0
6.25198,11,17,357,0,E1A1761B1743C1720X,TE1A1B1C1D000X,1,1,1,1,1.4,1.4,1.4,1.8,0.0,0.0
6.26388,13,16,358,0,E1A1751B1760C1720X,TE1A1B1C1D000X,1,1,1,1,1.4,1.4,1.4,1.8,0.0,0.0
6.27842,15,15,359,0,E1A1740B1778C1720X,TE1A1B1C1D000X,1,1,1,1,1.4,1.4,1.4,1.8,0.0,0.0
6.29043,17,14,359,0,E1A1728B1793C1720X,TE1A1B1C1D000X,1,1,1,1,1.4,1.4,1.4,1.8,0.0,0.0
6.31468,19,13,359,0,E1A1715B1808C1720X,TE1A1B1C1D000X,1,1,1,1,1.4,1.4,1.4,1.8,0.0,0.0
6.32662,21,12,360,0,E1A1700B1823C1720X,TE1A1B1C1D000X,1,1,1,1,1.4,1.4,1.4,1.8,0.0,0.0
6.33851,23,11,360,0,E1A1684B1836C1720X,TE1A2B1C1D000X,1,1,1,1,1.4,1.4,1.4,1.8,0.0,0.0
6.35045,25,10,361,0,E1A1667B1848C1720X,TE1A2B1C1D000X,1,1,1,1,1.4,1.4,1.4,1.8,0.0,0.0
6.36236,27,9,361,0,E1A1647B1861C1720X,TE1A2B1C1D000X,1,1,1,1,1.4,1.4,1.4,1.8,0.0,0.0
6.37362,29,8,363,0,E1A1627B1873C1720X,TE1A2B1C1D000X,1,1,1,1,1.4,1.4,1.4,1.8,0.0,0.0
6.38549,31,7,363,0,E1A1605B1884C1720X,TE1A2B1C1D000X,1,1,1,1,1.4,1.4,1.4,1.8,0.0,0.0
6.39748,33,6,364,0,E1A1581B1896C1720X,TE1A2B1C1D000X,1,1,1,1,1.4,1.4,1.4,1.8,0.0,0.0
6.40926,34,5,364,0,E1A1559B1896C1720X,TE1A2B1C1D000X,1,1,1,1,1.4,1.4,1.4,1.8,0.0,0.0
6.42615,36,4,365,0,E1A1554B1896C1709X,TE1A2B1C1D000X,1,1,1,1,1.4,1.4,1.4,1.8,0.0,0.0
6.43856,38,3,366,0,E1A1549B1896C1699X,TE1A2B1C1D000X,1,1,1,1,1.4,1.4,1.4,1.8,0.0,0.0
6.45013,40,3,365,0,E1A1542B1896C1690X,TE1A2B1C2D000X,1,1,1,1,1.4,1.4,1.4,1.8,0.0,0.0
6.46179,41,2,365,0,E1A1536B1896C1681X,TE1A2B1C2D000X,1,1,1,1,1.4,1.4,1.4,1.8,0.0,0.0
6.47406,43,1,366,0,E1A1528B1896C1672X,TE1A2B1C2D000X,1,1,1,1,1.4,1.4,1.4,1.8,0.0,0.0
6.48532,44,0,365,0,E1A1521B1896C1664X,TE1A2B1C2D000X,1,1,1,1,1.4,1.4,1.4,1.8,0.0,0.0
6.4972,45,0,365,0,E1A1514B1896C1657X,TE1A2B1C2D000X,1,1,1,1,1.4,1.4,1.4,1.8,0.0,0.0
6.51056,46,0,366,0,E1A1508B1896C1650X,TE1A2B1C2D000X,1,1,1,1,1.4,1.4,1.4,1.8,0.0,0.0
6.52181,47,0,367,0,E1A1501B1896C1643X,TE1A2B1C2D000X,1,1,1,1,1.4,1.4,1.4,1.8,0.0,0.0
6.53356,48,-1,368,0,E1A1495B1896C1638X,TE1A2B1C2D000X,1,1,1,1,1.4,1.4,1.4,1.8,0.0,0.0
6.54529,49,-1,368,0,E1A1489B1896C1633X,TE1A2B1C2D000X,1,1,1,1,1.4,1.4,1.4,1.8,0.0,0.0
6.55661,49,-1,367,0,E1A1481B1896C1628X,TE1A2B1C2D000X,1,1,1,1,1.4,1.4,1.4,1.8,0.0,0.0
6.5743,50,-1,367,0,E1A1474B1896C1624X,TE1A2B1C2D000X,1,1,1,1,1.4,1.4,1.4,1.8,0.0,0.0
6.58595,51,-2,369,0,E1A1468B1896C1620X,TE1A3B1C2D000X,1,1,1,1,1.4,1.4,1.4,1.8,0.0,0.0
6.59723,51,-2,369,0,E1A1462B1896C1617X,TE1A3B1C2D000X,1,1,1,1,1.4,1.4,1.4,1.8,0.0,0.0
6.6091,51,-2,369,0,E1A1457B1896C1615X,TE1A3B1C2D000X,1,1,1,1,1.4,1.4,1.4,1.8,0.0,0.0
6.62074,51,-2,369,0,E1A1452B1896C1613X,TE1A3B1C2D000X,1,1,1,1,1.4,1.4,1.4,1.8,0.0,0.0
6.63286,51,-2,369,0,E1A1448B1896C1611X,TE1A3B1C2D000X,1,1,1,1,1.4,1.4,1.4,1.8,0.0,0.0
6.64468,51,-1,369,0,E1A1445B1896C1610X,TE1A3B1C2D000X,1,1,1,1,1.4,1.4,1.4,1.8,0.0,0.0
6.65736,51,-1,369,0,E1A1442B1896C1610X,TE1A3B1C2D000X,1,1,1,1,1.4,1.4,1.4,1.8,0.0,0.0
6.67438,51,-1,369,0,E1A1440B1896C1610X,TE1A3B1C2D000X,1,1,1,1,1.4,1.4,1.4,1.8,0.0,0.0
6.68641,50,-1,369,0,E1A1439B1896C1610X,TE1A3B1C2D000X,1,1,1,1,1.4,1.4,1.4,1.8,0.0,0.0
6.70635,50,-1,369,0,E1A1439B1896C1611X,TE1A3B1C2D000X,1,1,1,1,1.4,1.4,1.4,1.8,0.0,0.0
6.72022,49,-1,368,0,E1A1439B1896C1611X,TE1A3B1C2D000X,1,1,1,1,1.4,1.4,1.4,1.8,0.0,0.0
6.73422,48,-1,368,0,E1A1439B1896C1612X,TE1A3B1C2D000X,1,1,1,1,1.4,1.4,1.4,1.8,0.0,0.0
6.7544,48,-1,369,0,E1A1441B1896C1612X,TE1A3B1C2D000X,1,1,1,1,1.4,1.4,1.4,1.8,0.0,0.0
6.76638,47,-1,369,0,E1A1442B1896C1613X,TE1A3B1C2D000X,1,1,1,1,1.4,1.4,1.4,1.8,0.0,0.0
6.77824,47,-1,369,0,E1A1444B1896C1613X,TE1A3B1C2D000X,1,1,1,1,1.4,1.4,1.4,1.8,0.0,0.0
6.79081,46,-1,369,0,E1A1446B1896C1614X,TE1A3B1C2D000X,1,1,1,1,1.4,1.4,1.4,1.8,0.0,0.0
6.81023,45,-1,370,0,E1A1449B1896C1613X,TE1A3B1C2D000X,1,1,1,1,1.4,1.4,1.4,1.8,0.0,0.0
6.82259,45,-1,370,0,E1A1451B1896C1613X,TE1A3B1C2D000X,1,1,1,1,1.4,1.4,1.4,1.8,0.0,0.0
6.83453,44,-1,369,0,E1A1453B1896C1613X,TE1A3B1C2D000X,1,1,1,1,1.4,1.4,1.4,1.8,0.0,0.0
6.84657,43,-1,369,0,E1A1455B1896C1612X,TE1A3B1C2D000X,1,1,1,1,1.4,1.4,1.4,1.8,0.0,0.0
6.86646,43,-2,369,0,E1A1457B1896C1611X,TE1A3B1C2D000X,1,1,1,1,1.4,1.4,1.4,1.8,0.0,0.0
6.89821,43,-2,369,0,E1A1460B1896C1610X,TE1A3B1C2D000X,1,1,1,1,1.4,1.4,1.4,1.8,0.0,0.0
6.91025,42,-3,369,0,E1A1464B1896C1608X,TE1A3B1C2D000X,1,1,1,1,1.4,1.4,1.4,1.8,0.0,0.0
6.92222,42,-3,370,0,E1A1467B1896C1605X,TE1A3B1C2D000X,1,1,1,1,1.4,1.4,1.4,1.8,0.0,0.0
6.93442,41,-3,370,0,E1A1470B1896C1603X,TE1A3B1C2D000X,1,1,1,1,1.4,1.4,1.4,1.8,0.0,0.0
6.9664,41,-4,370,0,E1A1473B1896C1600X,TE1A3B1C2D000X,1,1,1,1,1.4,1.4,1.4,1.8,0.0,0.0
6.99012,41,-5,369,0,E1A1478B1896C1596X,TE1A3B1C2D000X,1,1,1,1,1.4,1.4,1.4,1.8,0.0,0.0
7.00244,40,-6,369,0,E1A1482B1896C1591X,TE1A3B1C2D000X,1,1,1,1,1.4,1.4,1.4,1.8,0.0,0.0
7.01466,40,-6,370,0,E1A1487B1896C1587X,TE1A3B1C2D000X,1,1,1,1,1.4,1.4,1.4,1.8,0.0,0.0
7.02648,40,-7,371,0,E1A1492B1896C1582X,TE1A2B1C2D000X,1,1,1,1,1.4,1.4,1.4,1.8,0.0,0.0
7.03812,39,-8,370,0,E1A1497B1896C1577X,TE1A2B1C2D000X,1,1,1,1,1.4,1.4,1.4,1.8,0.0,0.0
7.04981,39,-9,370,0,E1A1502B1896C1571X,TE1A2B1C2D000X,1,1,1,1,1.4,1.4,1.4,1.8,0.0,0.0
7.06164,39,-10,370,0,E1A1506B1896C1565X,TE1A2B1C2D000X,1,1,1,1,1.4,1.4,1.4,1.8,0.0,0.0
7.08429,39,-11,370,0,E1A1513B1896C1558X,TE1A2B1C2D000X,1,1,1,1,1.4,1.4,1.4,1.8,0.0,0.0
7.09589,38,-13,370,0,E1A1519B1896C1550X,TE1A2B1C2D000X,1,1,1,1,1.4,1.4,1.4,1.8,0.0,0.0
7.10728,38,-14,371,0,E1A1525B1896C1542X,TE1A2B1C2D000X,1,1,1,1,1.4,1.4,1.4,1.8,0.0,0.0
7.11852,38,-15,371,0,E1A1532B1896C1533X,TE1A2B1C2D000X,1,1,1,1,1.4,1.4,1.4,1.8,0.0,0.0
7.13034,38,-17,371,0,E1A1539B1896C1524X,TE1A2B1C2D000X,1,1,1,1,1.4,1.4,1.4,1.8,0.0,0.0
7.14198,37,-18,372,0,E1A1545B1896C1515X,TE1A2B1C2D000X,1,1,1,1,1.4,1.4,1.4,1.8,0.0,0.0
7.15353,37,-20,373,0,E1A1553B1896C1505X,TE1A2B1C2D000X,1,1,1,1,1.4,1.4,1.4,1.8,0.0,0.0
7.18226,37,-22,374,0,E1A1562B1896C1494X,TE1A2B1C2D000X,1,1,1,1,1.4,1.4,1.4,1.8,0.0,0.0
7.19427,36,-24,375,0,E1A1571B1896C1482X,TE1A2B1C2D000X,1,1,1,1,1.4,1.4,1.4,1.8,0.0,0.0
7.20626,35,-25,375,0,E1A1579B1896C1470X,TE1A2B1C2D000X,1,1,1,1,1.4,1.4,1.4,1.8,0.0,0.0
7.21802,35,-27,375,0,E1A1587B1896C1458X,TE1A2B1C3D000X,1,1,1,1,1.4,1.4,1.4,1.8,0.0,0.0
7.22975,34,-29,376,0,E1A1595B1896C1445X,TE1A2B1C3D000X,1,1,1,1,1.4,1.4,1.4,1.8,0.0,0.0
7.24154,34,-31,377,0,E1A1602B1896C1432X,TE1A2B1C3D000X,1,1,1,1,1.4,1.4,1.4,1.8,0.0,0.0
7.25252,33,-32,377,0,E1A1609B1896C1419X,TE1A2B1C3D000X,1,1,1,1,1.4,1.4,1.4,1.8,0.0,0.0
7.26423,33,-34,378,0,E1A1616B1896C1406X,TE1A2B1C3D000X,1,1,1,1,1.4,1.4,1.4,1.8,0.0,0.0
7.27558,32,-36,379,0,E1A1622B1896C1392X,TE1A2B1C3D000X,1,1,1,1,1.4,1.4,1.4,1.8,0.0,0.0
7.28633,31,-38,380,0,E1A1628B1896C1379X,TE1A2B1C3D000X,1,1,1,1,1.4,1.4,1.4,1.8,0.0,0.0
7.29809,31,-39,380,0,E1A1633B1896C1365X,TE1A2B1C3D000X,1,1,1,1,1.4,1.4,1.4,1.8,0.0,0.0
7.30967,30,-41,381,0,E1A1638B1896C1350X,TE1A2B1C3D000X,1,1,1,1,1.4,1.4,1.4,1.8,0.0,0.0
7.32092,30,-42,381,0,E1A1642B1896C1336X,TE1A2B1C3D000X,1,1,1,1,1.4,1.4,1.4,1.8,0.0,0.0
7.33271,29,-44,382,0,E1A1646B1896C1322X,TE1A2B1C3D000X,1,1,1,1,1.4,1.4,1.4,1.8,0.0,0.0
7.34418,29,-45,383,0,E1A1649B1896C1308X,TE1A2B1C3D000X,1,1,1,1,1.4,1.4,1.4,1.8,0.0,0.0
7.35522,29,-46,383,0,E1A1652B1896C1294X,TE1A2B1C3D000X,1,1,1,1,1.4,1.4,1.4,1.8,0.0,0.0
7.37401,28,-48,384,0,E1A1655B1896C1278X,TE1A2B1C3D000X,1,1,1,1,1.4,1.4,1.4,1.8,0.0,0.0
7.38642,28,-49,385,0,E1A1657B1896C1264X,TE1A2B1C3D000X,1,1,1,1,1.4,1.4,1.4,1.8,0.0,0.0
7.39814,28,-50,385,0,E1A1658B1896C1249X,TE1A2B1C3D000X,1,1,1,1,1.4,1.4,1.4,1.8,0.0,0.0
7.40979,28,-52,385,0,E1A1660B1896C1235X,TE1A2B1C4D000X,1,1,1,1,1.4,1.4,1.4,1.8,0.0,0.0
7.42095,28,-53,386,0,E1A1660B1896C1221X,TE1A2B1C4D000X,1,1,1,1,1.4,1.4,1.4,1.8,0.0,0.0
7.43283,28,-54,387,0,E1A1661B1896C1207X,TE1A2B1C4D000X,1,1,1,1,1.4,1.4,1.4,1.8,0.0,0.0
7.45444,27,-55,387,0,E1A1662B1896C1192X,TE1A2B1C4D000X,1,1,1,1,1.4,1.4,1.4,1.8,0.0,0.0
7.46621,27,-56,388,0,E1A1662B1896C1178X,TE1A2B1C4D000X,1,1,1,1,1.4,1.4,1.4,1.8,0.0,0.0
7.48621,27,-57,389,0,E1A1662B1896C1164X,TE1A2B1C4D000X,1,1,1,1,1.4,1.4,1.4,1.8,0.0,0.0
7.49822,27,-58,389,0,E1A1662B1896C1150X,TE1A2B1C4D000X,1,1,1,1,1.4,1.4,1.4,1.8,0.0,0.0
7.5104,27,-59,389,0,E1A1662B1896C1137X,TE1A2B1C4D000X,1,1,1,1,1.4,1.4,1.4,1.8,0.0,0.0
7.52173,27,-60,390,0,E1A1661B1896C1125X,TE1A2B1C4D000X,1,1,1,1,1.4,1.4,1.4,1.8,0.0,0.0
7.53372,27,-61,390,0,E1A1660B1896C1113X,TE1A2B1C4D000X,1,1,1,1,1.4,1.4,1.4,1.8,0.0,0.0
7.54523,27,-61,390,0,E1A1659B1896C1102X,TE1A2B1C4D000X,1,1,1,1,1.4,1.4,1.4,1.8,0.0,0.0
7.5661,27,-62,390,0,E1A1659B1896C1090X,TE1A2B1C4D000X,1,1,1,1,1.4,1.4,1.4,1.8,0.0,0.0
7.57815,27,-62,390,0,E1A1658B1896C1080X,TE1A2B1C4D000X,1,1,1,1,1.4,1.4,1.4,1.8,0.0,0.0
7.59036,27,-63,390,0,E1A1657B1896C1070X,TE1A2B1C4D000X,1,1,1,1,1.4,1.4,1.4,1.8,0.0,0.0
7.60159,28,-63,390,0,E1A1656B1896C1061X,TE1A2B1C4D000X,1,1,1,1,1.4,1.4,1.4,1.8,0.0,0.0
7.62231,28,-63,390,0,E1A1655B1896C1053X,TE1A2B1C4D000X,1,1,1,1,1.4,1.4,1.4,1.8,0.0,0.0
7.63479,28,-63,390,0,E1A1653B1896C1045X,TE1A2B1C4D000X,1,1,1,1,1.4,1.4,1.4,1.8,0.0,0.0
7.6582,28,-63,390,0,E1A1652B1896C1038X,TE1A2B1C4D000X,1,1,1,1,1.4,1.4,1.4,1.8,0.0,0.0
7.6699,28,-63,390,0,E1A1651B1896C1032X,TE1A2B1C4D000X,1,1,1,1,1.4,1.4,1.4,1.8,0.0,0.0
7.68191,28,-63,391,0,E1A1650B1896C1027X,TE1A2B1C4D000X,1,1,1,1,1.4,1.4,1.4,1.8,0.0,0.0
7.69333,28,-63,391,0,E1A1649B1896C1021X,TE1A2B1C4D000X,1,1,1,1,1.4,1.4,1.4,1.8,0.0,0.0
7.7053,28,-63,391,0,E1A1648B1896C1016X,TE1A2B1C5D000X,1,1,1,1,1.4,1.4,1.4,1.8,0.0,0.0
7.7222,28,-63,391,0,E1A1646B1896C1011X,TE1A2B1C5D000X,1,1,1,1,1.4,1.4,1.4,1.8,0.0,0.0
7.73441,28,-62,391,0,E1A1645B1896C1007X,TE1A2B1C5D000X,1,1,1,1,1.4,1.4,1.4,1.8,0.0,0.0
7.74647,28,-62,390,0,E1A1643B1896C1002X,TE1A2B1C5D000X,1,1,1,1,1.4,1.4,1.4,1.8,0.0,0.0
7.75796,28,-61,389,0,E1A1642B1896C0999X,TE1A2B1C5D000X,1,1,1,1,1.4,1.4,1.4,1.8,0.0,0.0
7.77039,28,-61,390,0,E1A1640B1896C0996X,TE1A2B1C5D000X,1,1,1,1,1.4,1.4,1.4,1.8,0.0,0.0
7.78237,28,-61,390,0,E1A1639B1896C0993X,TE1A2B1C5D000X,1,1,1,1,1.4,1.4,1.4,1.8,0.0,0.0
7.80218,28,-60,390,0,E1A1637B1896C0990X,TE1A2B1C5D000X,1,1,1,1,1.4,1.4,1.4,1.8,0.0,0.0
7.82652,28,-60,390,0,E1A1635B1896C0988X,TE1A2B1C5D000X,1,1,1,1,1.4,1.4,1.4,1.8,0.0,0.0
7.83852,28,-59,389,0,E1A1633B1896C0986X,TE1A2B1C5D000X,1,1,1,1,1.4,1.4,1.4,1.8,0.0,0.0
7.85012,28,-58,389,0,E1A1632B1896C0985X,TE1A2B1C5D000X,1,1,1,1,1.4,1.4,1.4,1.8,0.0,0.0
7.86382,28,-58,388,0,E1A1630B1896C0984X,TE1A2B1C5D000X,1,1,1,1,1.4,1.4,1.4,1.8,0.0,0.0
7.89465,28,-56,387,0,E1A1628B1896C0985X,TE1A2B1C5D000X,1,1,1,1,1.4,1.4,1.4,1.8,0.0,0.0
7.90629,28,-55,387,0,E1A1626B1896C0987X,TE1A2B1C5D000X,1,1,1,1,1.4,1.4,1.4,1.8,0.0,0.0
7.91784,28,-54,386,0,E1A1624B1896C0990X,TE1A2B1C5D000X,1,1,1,1,1.4,1.4,1.4,1.8,0.0,0.0
7.93813,28,-53,385,0,E1A1622B1896C0995X,TE1A2B1C5D000X,1,1,1,1,1.4,1.4,1.4,1.8,0.0,0.0
7.95033,28,-51,384,0,E1A1619B1896C0999X,TE1A2B1C5D000X,1,1,1,1,1.4,1.4,1.4,1.8,0.0,0.0
7.96206,28,-50,384,0,E1A1617B1896C1005X,TE1A2B1C5D000X,1,1,1,1,1.4,1.4,1.4,1.8,0.0,0.0
7.97396,28,-48,384,0,E1A1615B1896C1011X,TE1A2B1C5D000X,1,1,1,1,1.4,1.4,1.4,1.8,0.0,0.0
8.01842,28,-47,384,0,E1A1613B1896C1021X,TE1A2B1C5D000X,1,1,1,1,1.4,1.4,1.4,1.8,0.0,0.0
8.0384,28,-45,383,0,E1A1610B1896C1031X,TE1A2B1C5D000X,1,1,1,1,1.4,1.4,1.4,1.8,0.0,0.0
8.05029,27,-43,382,0,E1A1608B1896C1041X,TE1A2B1C4D000X,1,1,1,1,1.4,1.4,1.4,1.8,0.0,0.0
8.06215,27,-41,381,0,E1A1605B1896C1051X,TE1A2B1C4D000X,1,1,1,1,1.4,1.4,1.4,1.8,0.0,0.0
8.07439,27,-39,381,0,E1A1603B1896C1060X,TE1A2B1C4D000X,1,1,1,1,1.4,1.4,1.4,1.8,0.0,0.0
8.08624,27,-37,380,0,E1A1600B1896C1069X,TE1A2B1C4D000X,1,1,1,1,1.4,1.4,1.4,1.8,0.0,0.0
8.09814,27,-35,379,0,E1A1598B1896C1078X,TE1A2B1C4D000X,1,1,1,1,1.4,1.4,1.4,1.8,0.0,0.0
8.1184,27,-34,378,0,E1A1595B1896C1087X,TE1A2B1C4D000X,1,1,1,1,1.4,1.4,1.4,1.8,0.0,0.0
8.13065,27,-32,377,0,E1A1592B1896C1095X,TE1A2B1C4D000X,1,1,1,1,1.4,1.4,1.4,1.8,0.0,0.0
8.15448,27,-30,377,0,E1A1590B1896C1105X,TE1A2B1C4D000X,1,1,1,1,1.4,1.4,1.4,1.8,0.0,0.0
8.16646,27,-29,376,0,E1A1588B1896C1114X,TE1A2B1C4D000X,1,1,1,1,1.4,1.4,1.4,1.8,0.0,0.0
8.17834,26,-27,376,0,E1A1585B1896C1122X,TE1A2B1C4D000X,1,1,1,1,1.4,1.4,1.4,1.8,0.0,0.0
8.19003,26,-26,375,0,E1A1583B1896C1131X,TE1A2B1C4D000X,1,1,1,1,1.4,1.4,1.4,1.8,0.0,0.0
8.20205,26,-24,375,0,E1A1581B1896C1138X,TE1A2B1C4D000X,1,1,1,1,1.4,1.4,1.4,1.8,0.0,0.0
8.21359,26,-23,374,0,E1A1579B1896C1145X,TE1A2B1C4D000X,1,1,1,1,1.4,1.4,1.4,1.8,0.0,0.0
8.22504,26,-22,374,0,E1A1577B1896C1152X,TE1A2B1C4D000X,1,1,1,1,1.4,1.4,1.4,1.8,0.0,0.0
8.23705,26,-20,373,0,E1A1575B1896C1158X,TE1A2B1C4D000X,1,1,1,1,1.4,1.4,1.4,1.8,0.0,0.0
8.24914,25,-19,373,0,E1A1574B1896C1164X,TE1A2B1C4D000X,1,1,1,1,1.4,1.4,1.4,1.8,0.0,0.0
8.26083,25,-18,373,0,E1A1573B1896C1171X,TE1A2B1C4D000X,1,1,1,1,1.4,1.4,1.4,1.8,0.0,0.0
8.27242,25,-17,374,0,E1A1572B1896C1177X,TE1A2B1C4D000X,1,1,1,1,1.4,1.4,1.4,1.8,0.0,0.0
8.29119,25,-16,373,0,E1A1570B1896C1182X,TE1A2B1C4D000X,1,1,1,1,1.4,1.4,1.4,1.8,0.0,0.0
8.30333,25,-15,373,0,E1A1569B1896C1187X,TE1A2B1C4D000X,1,1,1,1,1.4,1.4,1.4,1.8,0.0,0.0
8.33474,24,-14,373,0,E1A1568B1896C1192X,TE1A2B1C4D000X,1,1,1,1,1.4,1.4,1.4,1.8,0.0,0.0
8.34653,24,-14,373,0,E1A1566B1896C1197X,TE1A2B1C4D000X,1,1,1,1,1.4,1.4,1.4,1.8,0.0,0.0
8.36676,24,-13,373,0,E1A1564B1896C1203X,TE1A2B1C4D000X,1,1,1,1,1.4,1.4,1.4,1.8,0.0,0.0
8.37855,24,-12,372,0,E1A1562B1896C1207X,TE1A2B1C4D000X,1,1,1,1,1.4,1.4,1.4,1.8,0.0,0.0
8.39044,24,-11,372,0,E1A1560B1896C1212X,TE1A2B1C4D000X,1,1,1,1,1.4,1.4,1.4,1.8,0.0,0.0
8.40234,24,-10,371,0,E1A1557B1896C1216X,TE1A2B1C4D000X,1,1,1,1,1.4,1.4,1.4,1.8,0.0,0.0
8.41431,24,-9,371,0,E1A1555B1896C1220X,TE1A2B1C4D000X,1,1,1,1,1.4,1.4,1.4,1.8,0.0,0.0
8.42583,24,-9,371,0,E1A1553B1896C1224X,TE1A2B1C4D000X,1,1,1,1,1.4,1.4,1.4,1.8,0.0,0.0
8.43954,24,-8,371,0,E1A1551B1896C1228X,TE1A2B1C4D000X,1,1,1,1,1.4,1.4,1.4,1.8,0.0,0.0
8.45088,24,-7,371,0,E1A1549B1896C1231X,TE1A2B1C4D000X,1,1,1,1,1.4,1.4,1.4,1.8,0.0,0.0
8.47041,24,-7,372,0,E1A1547B1896C1235X,TE1A2B1C4D000X,1,1,1,1,1.4,1.4,1.4,1.8,0.0,0.0
8.48227,24,-6,371,0,E1A1545B1896C1238X,TE1A2B1C4D000X,1,1,1,1,1.4,1.4,1.4,1.8,0.0,0.0
8.49366,23,-6,370,0,E1A1542B1896C1240X,TE1A2B1C4D000X,1,1,1,1,1.4,1.4,1.4,1.8,0.0,0.0
8.51428,23,-5,370,0,E1A1541B1896C1243X,TE1A2B1C4D000X,1,1,1,1,1.4,1.4,1.4,1.8,0.0,0.0
8.52661,23,-5,369,0,E1A1539B1896C1245X,TE1A2B1C4D000X,1,1,1,1,1.4,1.4,1.4,1.8,0.0,0.0
8.53859,23,-4,369,0,E1A1538B1896C1247X,TE1A2B1C4D000X,1,1,1,1,1.4,1.4,1.4,1.8,0.0,0.0
8.55052,23,-4,369,0,E1A1537B1896C1249X,TE1A2B1C4D000X,1,1,1,1,1.4,1.4,1.4,1.8,0.0,0.0
8.56241,23,-3,368,0,E1A1536B1896C1250X,TE1A2B1C4D000X,1,1,1,1,1.4,1.4,1.4,1.8,0.0,0.0
8.58233,22,-3,369,0,E1A1536B1896C1252X,TE1A2B1C4D000X,1,1,1,1,1.4,1.4,1.4,1.8,0.0,0.0
8.59656,22,-3,368,0,E1A1535B1896C1254X,TE1A2B1C4D000X,1,1,1,1,1.4,1.4,1.4,1.8,0.0,0.0
8.62686,22,-3,368,0,E1A1535B1896C1255X,TE1A2B1C3D000X,1,1,1,1,1.4,1.4,1.4,1.8,0.0,0.0
8.63875,22,-2,368,0,E1A1535B1896C1257X,TE1A2B1C3D000X,1,1,1,1,1.4,1.4,1.4,1.8,0.0,0.0
8.66253,21,-2,368,0,E1A1535B1896C1258X,TE1A2B1C3D000X,1,1,1,1,1.4,1.4,1.4,1.8,0.0,0.0
8.67456,21,-2,368,0,E1A1534B1896C1259X,TE1A2B1C3D000X,1,1,1,1,1.4,1.4,1.4,1.8,0.0,0.0
8.68629,21,-2,369,0,E1A1535B1896C1260X,TE1A2B1C3D000X,1,1,1,1,1.4,1.4,1.4,1.8,0.0,0.0
8.69812,21,-2,369,0,E1A1535B1896C1261X,TE1A2B1C3D000X,1,1,1,1,1.4,1.4,1.4,1.8,0.0,0.0
8.71002,21,-2,370,0,E1A1535B1896C1262X,TE1A2B1C3D000X,1,1,1,1,1.4,1.4,1.4,1.8,0.0,0.0
8.72136,21,-2,370,0,E1A1535B1896C1262X,TE1A2B1C3D000X,1,1,1,1,1.4,1.4,1.4,1.8,0.0,0.0
8.73324,20,-2,370,0,E1A1534B1896C1262X,TE1A2B1C3D000X,1,1,1,1,1.4,1.4,1.4,1.8,0.0,0.0
8.74538,20,-2,370,0,E1A1533B1896C1261X,TE1A2B1C3D000X,1,1,1,1,1.4,1.4,1.4,1.8,0.0,0.0
8.75641,20,-2,370,0,E1A1532B1896C1260X,TE1A2B1C3D000X,1,1,1,1,1.4,1.4,1.4,1.8,0.0,0.0
8.77425,20,-2,370,0,E1A1531B1896C1260X,TE1A2B1C3D000X,1,1,1,1,1.4,1.4,1.4,1.8,0.0,0.0
8.78649,20,-2,370,0,E1A1529B1896C1259X,TE1A2B1C3D000X,1,1,1,1,1.4,1.4,1.4,1.8,0.0,0.0
8.79853,20,-2,370,0,E1A1528B1896C1257X,TE1A2B1C3D000X,1,1,1,1,1.4,1.4,1.4,1.8,0.0,0.0
8.81041,20,-2,370,0,E1A1526B1896C1255X,TE1A2B1C3D000X,1,1,1,1,1.4,1.4,1.4,1.8,0.0,0.0
8.82158,21,-2,370,0,E1A1524B1896C1253X,TE1A2B1C3D000X,1,1,1,1,1.4,1.4,1.4,1.8,0.0,0.0
8.83363,21,-2,369,0,E1A1523B1896C1250X,TE1A2B1C3D000X,1,1,1,1,1.4,1.4,1.4,1.8,0.0,0.0
8.84561,21,-3,370,0,E1A1522B1896C1249X,TE1A2B1C3D000X,1,1,1,1,1.4,1.4,1.4,1.8,0.0,0.0
8.85777,21,-3,371,0,E1A1521B1896C1247X,TE1A2B1C4D000X,1,1,1,1,1.4,1.4,1.4,1.8,0.0,0.0
8.86936,21,-3,370,0,E1A1518B1896C1244X,TE1A2B1C4D000X,1,1,1,1,1.4,1.4,1.4,1.8,0.0,0.0
8.88148,21,-3,370,0,E1A1516B1896C1241X,TE1A2B1C4D000X,1,1,1,1,1.4,1.4,1.4,1.8,0.0,0.0
8.89257,21,-4,371,0,E1A1515B1896C1239X,TE1A2B1C4D000X,1,1,1,1,1.4,1.4,1.4,1.8,0.0,0.0
8.90482,21,-4,371,0,E1A1514B1896C1237X,TE1A2B1C4D000X,1,1,1,1,1.4,1.4,1.4,1.8,0.0,0.0
8.92313,21,-4,371,0,E1A1512B1896C1234X,TE1A2B1C4D000X,1,1,1,1,1.4,1.4,1.4,1.8,0.0,0.0
8.93543,22,-4,372,0,E1A1510B1896C1233X,TE1A2B1C4D000X,1,1,1,1,1.4,1.4,1.4,1.8,0.0,0.0
8.9544,22,-4,372,0,E1A1509B1896C1231X,TE1A2B1C4D000X,1,1,1,1,1.4,1.4,1.4,1.8,0.0,0.0
8.96682,22,-5,373,0,E1A1508B1896C1229X,TE1A2B1C4D000X,1,1,1,1,1.4,1.4,1.4,1.8,0.0,0.0
8.97882,22,-5,373,0,E1A1506B1896C1227X,TE1A2B1C4D000X,1,1,1,1,1.4,1.4,1.4,1.8,0.0,0.0
8.99833,22,-5,373,0,E1A1505B1896C1225X,TE1A2B1C4D000X,1,1,1,1,1.4,1.4,1.4,1.8,0.0,0.0
9.02224,22,-5,374,0,E1A1504B1896C1224X,TE1A2B1C4D000X,1,1,1,1,1.4,1.4,1.4,1.8,0.0,0.0
9.04605,22,-5,373,0,E1A1502B1896C1221X,TE1A2B1C4D000X,1,1,1,1,1.4,1.4,1.4,1.8,0.0,0.0
9.05852,22,-5,373,0,E1A1500B1896C1219X,TE1A2B1C4D000X,1,1,1,1,1.4,1.4,1.4,1.8,0.0,0.0
9.07068,22,-5,372,0,E1A1498B1896C1217X,TE1A2B1C4D000X,1,1,1,1,1.4,1.4,1.4,1.8,0.0,0.0
9.08267,22,-5,373,0,E1A1497B1896C1216X,TE1A2B1C4D000X,1,1,1,1,1.4,1.4,1.4,1.8,0.0,0.0
9.09418,22,-5,372,0,E1A1495B1896C1214X,TE1A2B1C4D000X,1,1,1,1,1.4,1.4,1.4,1.8,0.0,0.0
9.10789,22,-5,372,0,E1A1493B1896C1212X,TE1A2B1C4D000X,1,1,1,1,1.4,1.4,1.4,1.8,0.0,0.0
9.11989,22,-6,372,0,E1A1491B1896C1210X,TE1A2B1C4D000X,1,1,1,1,1.4,1.4,1.4,1.8,0.0,0.0
9.13197,22,-6,371,0,E1A1490B1896C1208X,TE1A2B1C4D000X,1,1,1,1,1.4,1.4,1.4,1.8,0.0,0.0
9.14376,22,-6,371,0,E1A1488B1896C1207X,TE1A2B1C4D000X,1,1,1,1,1.4,1.4,1.4,1.8,0.0,0.0
9.15507,22,-6,371,0,E1A1486B1896C1205X,TE1A2B1C4D000X,1,1,1,1,1.4,1.4,1.4,1.8,0.0,0.0
9.16691,23,-6,371,0,E1A1484B1896C1204X,TE1A2B1C4D000X,1,1,1,1,1.4,1.4,1.4,1.8,0.0,0.0
9.17884,23,-6,370,0,E1A1482B1896C1202X,TE1A2B1C4D000X,1,1,1,1,1.4,1.4,1.4,1.8,0.0,0.0
9.1908,23,-6,370,0,E1A1481B1896C1201X,TE1A2B1C4D000X,1,1,1,1,1.4,1.4,1.4,1.8,0.0,0.0
9.20228,23,-6,370,0,E1A1479B1896C1200X,TE1A2B1C4D000X,1,1,1,1,1.4,1.4,1.4,1.8,0.0,0.0
9.21426,23,-6,370,0,E1A1477B1896C1198X,TE1A2B1C4D000X,1,1,1,1,1.4,1.4,1.4,1.8,0.0,0.0
9.2263,23,-6,370,0,E1A1475B1896C1197X,TE1A3B1C4D000X,1,1,1,1,1.4,1.4,1.4,1.8,0.0,0.0
9.23868,23,-6,370,0,E1A1474B1896C1196X,TE1A3B1C4D000X,1,1,1,1,1.4,1.4,1.4,1.8,0.0,0.0
9.25077,23,-6,371,0,E1A1474B1896C1196X,TE1A3B1C4D000X,1,1,1,1,1.4,1.4,1.4,1.8,0.0,0.0
9.26262,23,-6,370,0,E1A1472B1896C1195X,TE1A3B1C4D000X,1,1,1,1,1.4,1.4,1.4,1.8,0.0,0.0
9.2744,23,-6,370,0,E1A1470B1896C1193X,TE1A3B1C4D000X,1,1,1,1,1.4,1.4,1.4,1.8,0.0,0.0
9.28593,23,-6,370,0,E1A1469B1896C1193X,TE1A3B1C4D000X,1,1,1,1,1.4,1.4,1.4,1.8,0.0,0.0
9.29792,23,-6,370,0,E1A1468B1896C1191X,TE1A3B1C4D000X,1,1,1,1,1.4,1.4,1.4,1.8,0.0,0.0
9.30976,23,-6,370,0,E1A1466B1896C1190X,TE1A3B1C4D000X,1,1,1,1,1.4,1.4,1.4,1.8,0.0,0.0
9.32115,23,-6,370,0,E1A1465B1896C1189X,TE1A3B1C4D000X,1,1,1,1,1.4,1.4,1.4,1.8,0.0,0.0
9.33295,23,-6,370,0,E1A1464B1896C1188X,TE1A3B1C4D000X,1,1,1,1,1.4,1.4,1.4,1.8,0.0,0.0
9.34475,23,-6,370,0,E1A1463B1896C1188X,TE1A3B1C4D000X,1,1,1,1,1.4,1.4,1.4,1.8,0.0,0.0
9.36238,23,-6,371,0,E1A1463B1896C1189X,TE1A3B1C4D000X,1,1,1,1,1.4,1.4,1.4,1.8,0.0,0.0
9.37448,23,-6,371,0,E1A1462B1896C1189X,TE1A3B1C4D000X,1,1,1,1,1.4,1.4,1.4,1.8,0.0,0.0
9.39677,23,-6,372,0,E1A1461B1896C1189X,TE1A3B1C4D000X,1,1,1,1,1.4,1.4,1.4,1.8,0.0,0.0
9.41008,23,-5,372,0,E1A1459B1896C1188X,TE1A3B1C4D000X,1,1,1,1,1.4,1.4,1.4,1.8,0.0,0.0
9.42187,23,-5,372,0,E1A1457B1896C1187X,TE1A3B1C4D000X,1,1,1,1,1.4,1.4,1.4,1.8,0.0,0.0
9.45041,23,-5,371,0,E1A1456B1896C1185X,TE1A3B1C4D000X,1,1,1,1,1.4,1.4,1.4,1.8,0.0,0.0
9.46259,23,-5,371,0,E1A1454B1896C1184X,TE1A3B1C4D000X,1,1,1,1,1.4,1.4,1.4,1.8,0.0,0.0
9.49851,23,-5,371,0,E1A1452B1896C1183X,TE1A3B1C4D000X,1,1,1,1,1.4,1.4,1.4,1.8,0.0,0.0
9.51024,23,-5,371,0,E1A1451B1896C1181X,TE1A3B1C4D000X,1,1,1,1,1.4,1.4,1.4,1.8,0.0,0.0
9.52223,23,-6,371,0,E1A1450B1896C1181X,TE1A3B1C4D000X,1,1,1,1,1.4,1.4,1.4,1.8,0.0,0.0
9.53391,23,-6,372,0,E1A1449B1896C1180X,TE1A3B1C4D000X,1,1,1,1,1.4,1.4,1.4,1.8,0.0,0.0
9.54556,23,-6,372,0,E1A1447B1896C1179X,TE1A3B1C4D000X,1,1,1,1,1.4,1.4,1.4,1.8,0.0,0.0
9.55748,23,-6,372,1,E1A1446B1896C1178X,TE1A3B1C4D000X,1,1,1,1,1.4,1.4,1.4,1.8,0.0,0.0
