timestamp,errXmm,errYmm,errZmm,TouchDetected,OutgoingPacket,IncomingPacket,Serial0Enabled,Serial0Open,Serial1Enabled,Serial1Open,kpx,kpy,kix,kiy,kdx,kdy
0.00109426,-1,-3,405,0,E1A1925B1899C1687X,TE1A1B1C2D000X,1,1,1,1,1.4,1.4,1.4,1.8,0.0,0.0
0.012997,-1,-3,399,0,E1A1925B1900C1688X,TE1A1B1C2D000X,1,1,1,1,1.4,1.4,1.4,1.8,0.0,0.0
0.025152,-1,-3,402,0,E1A1925B1900C1688X,TE1A1B1C2D000X,1,1,1,1,1.4,1.4,1.4,1.8,0.0,0.0
0.0371305,-1,-3,401,0,E1A1925B1900C1688X,TE1A1B1C2D000X,1,1,1,1,1.4,1.4,1.4,1.8,0.0,0.0
0.0504671,-1,-3,402,0,E1A1925B1900C1688X,TE1A1B1C2D000X,1,1,1,1,1.4,1.4,1.4,1.8,0.0,0.0
0.0620089,-1,-3,403,0,E1A1925B1899C1687X,TE1A1B1C2D000X,1,1,1,1,1.4,1.4,1.4,1.8,0.0,0.0
0.0738058,180,80,360,0,E1A0174B1899C1555X,TE1A1B1C2D000X,1,1,1,1,1.4,1.4,1.4,1.8,0.0,0.0
0.0914772,181,81,364,0,E1A0175B1899C1555X,TE1A8B1C2D000X,1,1,1,1,1.4,1.4,1.4,1.8,0.0,0.0
0.103213,179,80,360,0,E1A0161B1899C1555X,TE1A8B1C2D000X,1,1,1,1,1.4,1.4,1.4,1.8,0.0,0.0
0.119668,184,86,351,0,E1A0051B1899C1564X,TE1A8B1C2D000X,1,1,1,1,1.4,1.4,1.4,1.8,0.0,0.0
0.131871,189,90,350,0,E1A0031B1899C1569X,TE1A9B1C2D000X,1,1,1,1,1.4,1.4,1.4,1.8,0.0,0.0
0.156907,194,89,350,0,E1A0043B1899C1556X,TE1A9B1C2D000X,1,1,1,1,1.4,1.4,1.4,1.8,0.0,0.0
0.168605,197,88,349,0,E1A0050B1899C1550X,TE1A9B1C2D000X,1,1,1,1,1.4,1.4,1.4,1.8,0.0,0.0
0.181591,200,88,350,0,E1A0055B1899C1545X,TE1A9B1C2D000X,1,1,1,1,1.4,1.4,1.4,1.8,0.0,0.0
0.19291,202,88,349,0,E1A0058B1899C1542X,TE1A9B1C2D000X,1,1,1,1,1.4,1.4,1.4,1.8,0.0,0.0
0.20451,203,88,349,0,E1A0059B1899C1541X,TE1A9B1C2D000X,1,1,1,1,1.4,1.4,1.4,1.8,0.0,0.0
0.216011,203,88,349,0,E1A0060B1899C1540X,TE1A9B1C2D000X,1,1,1,1,1.4,1.4,1.4,1.8,0.0,0.0
0.227608,204,87,349,0,E1A0060B1899C1539X,TE1A9B1C2D000X,1,1,1,1,1.4,1.4,1.4,1.8,0.0,0.0
0.239112,204,87,349,0,E1A0061B1899C1539X,TE1A9B1C2D000X,1,1,1,1,1.4,1.4,1.4,1.8,0.0,0.0
0.256217,204,87,350,0,E1A0061B1899C1538X,TE1A9B1C2D000X,1,1,1,1,1.4,1.4,1.4,1.8,0.0,0.0
0.268141,203,86,351,0,E1A0062B1899C1538X,TE1A9B1C2D000X,1,1,1,1,1.4,1.4,1.4,1.8,0.0,0.0
0.280061,202,85,351,0,E1A0062B1899C1537X,TE1A9B1C2D000X,1,1,1,1,1.4,1.4,1.4,1.8,0.0,0.0
0.29217,201,84,351,0,E1A0063B1899C1537X,TE1A9B1C2D000X,1,1,1,1,1.4,1.4,1.4,1.8,0.0,0.0
0.304083,199,83,352,0,E1A0063B1899C1537X,TE1A9B1C2D000X,1,1,1,1,1.4,1.4,1.4,1.8,0.0,0.0
0.315038,199,83,354,0,E1A0063B1899C1537X,TE1A9B1C2D000X,1,1,1,1,1.4,1.4,1.4,1.8,0.0,0.0
0.326631,198,83,356,0,E1A0062B1899C1537X,TE1A9B1C2D000X,1,1,1,1,1.4,1.4,1.4,1.8,0.0,0.0
0.338105,196,82,356,0,E1A0061B1899C1538X,TE1A9B1C2D000X,1,1,1,1,1.4,1.4,1.4,1.8,0.0,0.0
0.349162,194,81,357,0,E1A0060B1899C1539X,TE1A9B1C2D000X,1,1,1,1,1.4,1.4,1.4,1.8,0.0,0.0
0.360996,193,81,358,0,E1A0059B1899C1540X,TE1A9B1C2D000X,1,1,1,1,1.4,1.4,1.4,1.8,0.0,0.0
0.372868,191,80,360,0,E1A0058B1899C1542X,TE1A9B1C2D000X,1,1,1,1,1.4,1.4,1.4,1.8,0.0,0.0
0.383859,189,80,362,0,E1A0056B1899C1544X,TE1A9B1C2D000X,1,1,1,1,1.4,1.4,1.4,1.8,0.0,0.0
0.404621,187,79,363,0,E1A0054B1899C1546X,TE1A9B1C2D000X,1,1,1,1,1.4,1.4,1.4,1.8,0.0,0.0
0.416234,184,78,364,0,E1A0051B1899C1548X,TE1A9B1C2D000X,1,1,1,1,1.4,1.4,1.4,1.8,0.0,0.0
0.428283,181,78,364,0,E1A0049B1899C1551X,TE1A9B1C2D000X,1,1,1,1,1.4,1.4,1.4,1.8,0.0,0.0
0.447944,178,76,365,0,E1A0047B1899C1553X,TE1A9B1C2D000X,1,1,1,1,1.4,1.4,1.4,1.8,0.0,0.0
0.460755,175,76,368,0,E1A0045B1899C1555X,TE1A9B1C2D000X,1,1,1,1,1.4,1.4,1.4,1.8,0.0,0.0
0.472152,172,75,370,0,E1A0043B1899C1557X,TE1A9B1C2D000X,1,1,1,1,1.4,1.4,1.4,1.8,0.0,0.0
0.484109,170,74,372,0,E1A0041B1899C1558X,TE1A9B1C2D000X,1,1,1,1,1.4,1.4,1.4,1.8,0.0,0.0
0.496355,167,73,374,0,E1A0039B1899C1560X,TE1A9B1C2D000X,1,1,1,1,1.4,1.4,1.4,1.8,0.0,0.0
0.508564,164,72,375,0,E1A0038B1899C1562X,TE1A9B1C2D000X,1,1,1,1,1.4,1.4,1.4,1.8,0.0,0.0
0.520099,161,71,377,0,E1A0037B1899C1563X,TE1A9B1C2D000X,1,1,1,1,1.4,1.4,1.4,1.8,0.0,0.0
0.531553,158,69,379,0,E1A0036B1899C1564X,TE1A9B1C2D000X,1,1,1,1,1.4,1.4,1.4,1.8,0.0,0.0
0.543664,155,68,380,0,E1A0035B1899C1565X,TE1A9B1C2D000X,1,1,1,1,1.4,1.4,1.4,1.8,0.0,0.0
0.556239,152,67,381,0,E1A0034B1899C1565X,TE1A9B1C2D000X,1,1,1,1,1.4,1.4,1.4,1.8,0.0,0.0
0.567404,149,65,383,0,E1A0034B1899C1566X,TE1A9B1C2D000X,1,1,1,1,1.4,1.4,1.4,1.8,0.0,0.0
0.578661,146,64,384,0,E1A0034B1899C1566X,TE1A9B1C2D000X,1,1,1,1,1.4,1.4,1.4,1.8,0.0,0.0
0.590173,144,63,385,0,E1A0033B1899C1566X,TE1A9B1C2D000X,1,1,1,1,1.4,1.4,1.4,1.8,0.0,0.0
0.601574,141,61,387,0,E1A0034B1899C1566X,TE1A9B1C2D000X,1,1,1,1,1.4,1.4,1.4,1.8,0.0,0.0
0.612897,138,59,387,0,E1A0034B1899C1566X,TE1A9B1C2D000X,1,1,1,1,1.4,1.4,1.4,1.8,0.0,0.0
0.625002,134,58,388,0,E1A0034B1899C1566X,TE1A9B1C2D000X,1,1,1,1,1.4,1.4,1.4,1.8,0.0,0.0
0.636088,131,56,389,0,E1A0046B1899C1567X,TE1A9B1C2D000X,1,1,1,1,1.4,1.4,1.4,1.8,0.0,0.0
0.647754,128,54,391,0,E1A0063B1899C1568X,TE1A9B1C2D000X,1,1,1,1,1.4,1.4,1.4,1.8,0.0,0.0
0.659804,124,53,392,0,E1A0081B1899C1570X,TE1A9B1C2D000X,1,1,1,1,1.4,1.4,1.4,1.8,0.0,0.0
0.671197,121,51,394,0,E1A0100B1899C1572X,TE1A9B1C2D000X,1,1,1,1,1.4,1.4,1.4,1.8,0.0,0.0
0.682618,118,50,396,0,E1A0120B1899C1574X,TE1A9B1C2D000X,1,1,1,1,1.4,1.4,1.4,1.8,0.0,0.0
0.696287,114,48,397,0,E1A0144B1899C1576X,TE1A8B1C2D000X,1,1,1,1,1.4,1.4,1.4,1.8,0.0,0.0
0.708722,110,46,399,0,E1A0169B1899C1577X,TE1A8B1C2D000X,1,1,1,1,1.4,1.4,1.4,1.8,0.0,0.0
0.732205,106,43,401,0,E1A0198B1899C1578X,TE1A8B1C2D000X,1,1,1,1,1.4,1.4,1.4,1.8,0.0,0.0
0.744479,102,41,403,0,E1A0227B1899C1579X,TE1A8B1C2D000X,1,1,1,1,1.4,1.4,1.4,1.8,0.0,0.0
0.764393,98,38,406,0,E1A0261B1899C1580X,TE1A8B1C2D000X,1,1,1,1,1.4,1.4,1.4,1.8,0.0,0.0
0.776493,93,36,407,0,E1A0294B1899C1580X,TE1A8B1C2D000X,1,1,1,1,1.4,1.4,1.4,1.8,0.0,0.0
0.788671,89,33,409,0,E1A0328B1899C1581X,TE1A8B1C2D000X,1,1,1,1,1.4,1.4,1.4,1.8,0.0,0.0
0.812549,84,30,411,0,E1A0364B1899C1582X,TE1A8B1C2D000X,1,1,1,1,1.4,1.4,1.4,1.8,0.0,0.0
0.824181,79,27,411,0,E1A0398B1899C1583X,TE1A7B1C2D000X,1,1,1,1,1.4,1.4,1.4,1.8,0.0,0.0
0.83592,74,25,413,0,E1A0434B1899C1585X,TE1A7B1C2D000X,1,1,1,1,1.4,1.4,1.4,1.8,0.0,0.0
0.847771,69,23,414,0,E1A0468B1899C1587X,TE1A7B1C2D000X,1,1,1,1,1.4,1.4,1.4,1.8,0.0,0.0
0.859979,65,20,415,0,E1A0501B1899C1590X,TE1A7B1C2D000X,1,1,1,1,1.4,1.4,1.4,1.8,0.0,0.0
0.871415,60,18,416,0,E1A0534B1899C1592X,TE1A7B1C2D000X,1,1,1,1,1.4,1.4,1.4,1.8,0.0,0.0
0.888479,56,16,418,0,E1A0570B1899C1595X,TE1A7B1C2D000X,1,1,1,1,1.4,1.4,1.4,1.8,0.0,0.0
0.912344,51,14,419,0,E1A0607B1899C1598X,TE1A6B1C2D000X,1,1,1,1,1.4,1.4,1.4,1.8,0.0,0.0
0.924799,46,12,420,0,E1A0644B1899C1601X,TE1A6B1C2D000X,1,1,1,1,1.4,1.4,1.4,1.8,0.0,0.0
0.936614,42,10,422,0,E1A0678B1899C1604X,TE1A6B1C2D000X,1,1,1,1,1.4,1.4,1.4,1.8,0.0,0.0
0.947909,38,8,423,0,E1A0712B1899C1606X,TE1A6B1C2D000X,1,1,1,1,1.4,1.4,1.4,1.8,0.0,0.0
0.961589,34,6,424,0,E1A0744B1899C1609X,TE1A6B1C2D000X,1,1,1,1,1.4,1.4,1.4,1.8,0.0,0.0
0.973607,30,4,426,0,E1A0777B1899C1611X,TE1A6B1C2D000X,1,1,1,1,1.4,1.4,1.4,1.8,0.0,0.0
0.985112,26,2,426,0,E1A0806B1899C1613X,TE1A6B1C2D000X,1,1,1,1,1.4,1.4,1.4,1.8,0.0,0.0
0.996533,23,1,428,0,E1A0836B1899C1616X,TE1A5B1C2D000X,1,1,1,1,1.4,1.4,1.4,1.8,0.0,0.0
1.0089,20,0,429,0,E1A0864B1899C1618X,TE1A5B1C2D000X,1,1,1,1,1.4,1.4,1.4,1.8,0.0,0.0
1.02425,16,-1,430,0,E1A0894B1899C1620X,TE1A5B1C2D000X,1,1,1,1,1.4,1.4,1.4,1.8,0.0,0.0
1.03622,13,-3,431,0,E1A0921B1899C1623X,TE1A5B1C2D000X,1,1,1,1,1.4,1.4,1.4,1.8,0.0,0.0
1.04959,10,-4,432,0,E1A0948B1899C1625X,TE1A5B1C2D000X,1,1,1,1,1.4,1.4,1.4,1.8,0.0,0.0
1.06279,7,-5,433,0,E1A1152B1899C1638X,TE1A5B1C2D000X,1,1,1,1,1.4,1.4,1.4,1.8,0.0,0.0
1.08045,4,-6,433,0,E1A1326B1899C1649X,TE1A4B1C2D000X,1,1,1,1,1.4,1.4,1.4,1.8,0.0,0.0
1.10442,1,-8,434,0,E1A1477B1899C1659X,TE1A3B1C2D000X,1,1,1,1,1.4,1.4,1.4,1.8,0.0,0.0
1.11624,-1,-9,434,0,E1A1604B1899C1668X,TE1A3B1C2D000X,1,1,1,1,1.4,1.4,1.4,1.8,0.0,0.0
1.13636,-5,-10,434,0,E1A1636B1899C1672X,TE1A2B1C2D000X,1,1,1,1,1.4,1.4,1.4,1.8,0.0,0.0
1.16008,-9,-12,434,0,E1A1674B1899C1678X,TE1A2B1C2D000X,1,1,1,1,1.4,1.4,1.4,1.8,0.0,0.0
1.17207,-14,-13,433,0,E1A1710B1899C1684X,TE1A2B1C2D000X,1,1,1,1,1.4,1.4,1.4,1.8,0.0,0.0
1.18587,-18,-14,433,0,E1A1745B1899C1690X,TE1A2B1C2D000X,1,1,1,1,1.4,1.4,1.4,1.8,0.0,0.0
1.19893,-22,-15,432,0,E1A1778B1899C1696X,TE1A1B1C2D000X,1,1,1,1,1.4,1.4,1.4,1.8,0.0,0.0
1.22906,-26,-16,430,0,E1A1814B1899C1704X,TE1A1B1C2D000X,1,1,1,1,1.4,1.4,1.4,1.8,0.0,0.0
1.2408,-30,-16,430,0,E1A1849B1899C1711X,TE1A1B1C2D000X,1,1,1,1,1.4,1.4,1.4,1.8,0.0,0.0
1.25206,-34,-17,430,0,E1A1883B1899C1719X,TE1A1B1C2D000X,1,1,1,1,1.4,1.4,1.4,1.8,0.0,0.0
1.26412,-38,-18,430,0,E1A1919B1899C1719X,TE1A1B1C1D000X,1,1,1,1,1.4,1.4,1.4,1.8,0.0,0.0
1.27462,-41,-18,430,0,E1A1919B1876C1713X,TE1A1B1C1D000X,1,1,1,1,1.4,1.4,1.4,1.8,0.0,0.0
1.28641,-44,-19,429,0,E1A1919B1856C1700X,TE1A1B1C1D000X,1,1,1,1,1.4,1.4,1.4,1.8,0.0,0.0
1.2989,-47,-20,429,0,E1A1919B1836C1687X,TE1A1B1C2D000X,1,1,1,1,1.4,1.4,1.4,1.8,0.0,0.0
1.31016,-50,-20,429,0,E1A1919B1817C1674X,TE1A1B1C2D000X,1,1,1,1,1.4,1.4,1.4,1.8,0.0,0.0
1.32247,-52,-21,429,0,E1A1919B1800C1662X,TE1A1B1C2D000X,1,1,1,1,1.4,1.4,1.4,1.8,0.0,0.0
1.33408,-55,-21,430,0,E1A1919B1783C1650X,TE1A1B1C2D000X,1,1,1,1,1.4,1.4,1.4,1.8,0.0,0.0
1.36426,-57,-22,431,0,E1A1919B1767C1639X,TE1A1B1C2D000X,1,1,1,1,1.4,1.4,1.4,1.8,0.0,0.0
1.37679,-59,-22,430,0,E1A1919B1752C1629X,TE1A1B1C2D000X,1,1,1,1,1.4,1.4,1.4,1.8,0.0,0.0
1.38853,-60,-23,431,0,E1A1919B1739C1620X,TE1A1B1C2D000X,1,1,1,1,1.4,1.4,1.4,1.8,0.0,0.0
1.40015,-62,-23,430,0,E1A1919B1727C1612X,TE1A1B1C2D000X,1,1,1,1,1.4,1.4,1.4,1.8,0.0,0.0
1.41199,-63,-23,431,0,E1A1919B1717C1605X,TE1A1B1C2D000X,1,1,1,1,1.4,1.4,1.4,1.8,0.0,0.0
1.4236,-64,-23,430,0,E1A1919B1708C1600X,TE1A1B1C2D000X,1,1,1,1,1.4,1.4,1.4,1.8,0.0,0.0
1.43533,-65,-23,431,0,E1A1919B1700C1594X,TE1A1B1C2D000X,1,1,1,1,1.4,1.4,1.4,1.8,0.0,0.0
1.44759,-65,-23,431,0,E1A1919B1693C1589X,TE1A1B2C2D000X,1,1,1,1,1.4,1.4,1.4,1.8,0.0,0.0
1.45892,-65,-23,431,0,E1A1919B1687C1585X,TE1A1B2C2D000X,1,1,1,1,1.4,1.4,1.4,1.8,0.0,0.0
1.47084,-66,-23,433,0,E1A1919B1682C1581X,TE1A1B2C2D000X,1,1,1,1,1.4,1.4,1.4,1.8,0.0,0.0
1.48176,-66,-23,434,0,E1A1919B1678C1578X,TE1A1B2C2D000X,1,1,1,1,1.4,1.4,1.4,1.8,0.0,0.0
1.49365,-66,-23,434,0,E1A1919B1674C1576X,TE1A1B2C2D000X,1,1,1,1,1.4,1.4,1.4,1.8,0.0,0.0
1.50522,-66,-23,433,0,E1A1919B1671C1573X,TE1A1B2C2D000X,1,1,1,1,1.4,1.4,1.4,1.8,0.0,0.0
1.51663,-66,-23,433,0,E1A1919B1668C1571X,TE1A1B2C2D000X,1,1,1,1,1.4,1.4,1.4,1.8,0.0,0.0
1.52812,-65,-23,433,0,E1A1919B1667C1570X,TE1A1B2C2D000X,1,1,1,1,1.4,1.4,1.4,1.8,0.0,0.0
1.53968,-65,-23,434,0,E1A1919B1665C1569X,TE1A1B2C2D000X,1,1,1,1,1.4,1.4,1.4,1.8,0.0,0.0
1.55646,-64,-22,433,0,E1A1919B1664C1568X,TE1A1B2C2D000X,1,1,1,1,1.4,1.4,1.4,1.8,0.0,0.0
1.57645,-64,-22,433,0,E1A1919B1664C1568X,TE1A1B2C2D000X,1,1,1,1,1.4,1.4,1.4,1.8,0.0,0.0
1.58814,-63,-22,434,0,E1A1919B1663C1567X,TE1A1B2C2D000X,1,1,1,1,1.4,1.4,1.4,1.8,0.0,0.0
1.61231,-63,-22,433,0,E1A1919B1663C1566X,TE1A1B2C2D000X,1,1,1,1,1.4,1.4,1.4,1.8,0.0,0.0
1.62413,-62,-21,432,0,E1A1919B1663C1566X,TE1A1B2C2D000X,1,1,1,1,1.4,1.4,1.4,1.8,0.0,0.0
1.63774,-62,-21,432,0,E1A1919B1664C1565X,TE1A1B2C2D000X,1,1,1,1,1.4,1.4,1.4,1.8,0.0,0.0
1.65048,-61,-21,433,0,E1A1919B1664C1563X,TE1A1B2C2D000X,1,1,1,1,1.4,1.4,1.4,1.8,0.0,0.0
1.66191,-60,-21,432,0,E1A1919B1664C1562X,TE1A1B2C2D000X,1,1,1,1,1.4,1.4,1.4,1.8,0.0,0.0
1.67363,-60,-21,432,0,E1A1919B1665C1561X,TE1A1B2C2D000X,1,1,1,1,1.4,1.4,1.4,1.8,0.0,0.0
1.69387,-59,-21,432,0,E1A1919B1666C1560X,TE1A1B2C2D000X,1,1,1,1,1.4,1.4,1.4,1.8,0.0,0.0
1.70529,-59,-21,433,0,E1A1919B1667C1558X,TE1A1B2C2D000X,1,1,1,1,1.4,1.4,1.4,1.8,0.0,0.0
1.71677,-58,-21,433,0,E1A1919B1668C1557X,TE1A1B2C2D000X,1,1,1,1,1.4,1.4,1.4,1.8,0.0,0.0
1.72815,-57,-21,433,0,E1A1919B1669C1556X,TE1A1B2C2D000X,1,1,1,1,1.4,1.4,1.4,1.8,0.0,0.0
1.74838,-57,-21,433,0,E1A1919B1670C1555X,TE1A1B2C2D000X,1,1,1,1,1.4,1.4,1.4,1.8,0.0,0.0
1.7681,-56,-21,433,0,E1A1919B1671C1554X,TE1A1B2C2D000X,1,1,1,1,1.4,1.4,1.4,1.8,0.0,0.0
1.78026,-55,-21,433,0,E1A1919B1672C1553X,TE1A1B2C2D000X,1,1,1,1,1.4,1.4,1.4,1.8,0.0,0.0
1.79227,-55,-21,433,0,E1A1919B1673C1552X,TE1A1B2C2D000X,1,1,1,1,1.4,1.4,1.4,1.8,0.0,0.0
1.80431,-54,-21,433,0,E1A1919B1674C1551X,TE1A1B2C2D000X,1,1,1,1,1.4,1.4,1.4,1.8,0.0,0.0
1.81618,-54,-21,433,0,E1A1919B1674C1550X,TE1A1B2C2D000X,1,1,1,1,1.4,1.4,1.4,1.8,0.0,0.0
1.83623,-53,-21,434,0,E1A1919B1674C1549X,TE1A1B2C2D000X,1,1,1,1,1.4,1.4,1.4,1.8,0.0,0.0
1.84829,-53,-20,434,0,E1A1919B1674C1549X,TE1A1B2C2D000X,1,1,1,1,1.4,1.4,1.4,1.8,0.0,0.0
1.86024,-53,-20,435,0,E1A1919B1673C1548X,TE1A1B2C2D000X,1,1,1,1,1.4,1.4,1.4,1.8,0.0,0.0
1.87207,-52,-20,436,0,E1A1919B1672C1547X,TE1A1B2C2D000X,1,1,1,1,1.4,1.4,1.4,1.8,0.0,0.0
1.88419,-52,-20,435,0,E1A1919B1671C1546X,TE1A1B2C2D000X,1,1,1,1,1.4,1.4,1.4,1.8,0.0,0.0
1.89629,-52,-20,434,0,E1A1919B1669C1546X,TE1A1B2C2D000X,1,1,1,1,1.4,1.4,1.4,1.8,0.0,0.0
1.90799,-51,-19,433,0,E1A1919B1667C1546X,TE1A1B2C2D000X,1,1,1,1,1.4,1.4,1.4,1.8,0.0,0.0
1.91988,-51,-19,433,0,E1A1919B1665C1545X,TE1A1B2C2D000X,1,1,1,1,1.4,1.4,1.4,1.8,0.0,0.0
1.93136,-51,-19,433,0,E1A1919B1663C1544X,TE1A1B2C2D000X,1,1,1,1,1.4,1.4,1.4,1.8,0.0,0.0
1.94205,-51,-18,432,0,E1A1919B1661C1544X,TE1A1B2C2D000X,1,1,1,1,1.4,1.4,1.4,1.8,0.0,0.0
1.96014,-50,-18,432,0,E1A1919B1658C1544X,TE1A1B2C2D000X,1,1,1,1,1.4,1.4,1.4,1.8,0.0,0.0
1.97209,-50,-18,432,0,E1A1919B1655C1543X,TE1A1B2C2D000X,1,1,1,1,1.4,1.4,1.4,1.8,0.0,0.0
1.98401,-50,-17,432,0,E1A1919B1652C1543X,TE1A1B2C2D000X,1,1,1,1,1.4,1.4,1.4,1.8,0.0,0.0
1.9959,-50,-17,431,0,E1A1919B1649C1543X,TE1A1B2C2D000X,1,1,1,1,1.4,1.4,1.4,1.8,0.0,0.0
2.00818,-50,-17,430,0,E1A1919B1646C1542X,TE1A1B2C2D000X,1,1,1,1,1.4,1.4,1.4,1.8,0.0,0.0
2.02021,-50,-16,430,0,E1A1919B1642C1541X,TE1A1B2C2D000X,1,1,1,1,1.4,1.4,1.4,1.8,0.0,0.0
2.03252,-50,-16,430,0,E1A1919B1639C1541X,TE1A1B2C2D000X,1,1,1,1,1.4,1.4,1.4,1.8,0.0,0.0
2.05218,-50,-16,429,0,E1A1919B1635C1540X,TE1A1B2C2D000X,1,1,1,1,1.4,1.4,1.4,1.8,0.0,0.0
2.08834,-49,-15,427,0,E1A1919B1632C1539X,TE1A1B2C2D000X,1,1,1,1,1.4,1.4,1.4,1.8,0.0,0.0
2.09971,-49,-15,427,0,E1A1919B1628C1538X,TE1A1B2C2D000X,1,1,1,1,1.4,1.4,1.4,1.8,0.0,0.0
2.12014,-49,-15,426,0,E1A1919B1625C1537X,TE1A1B2C2D000X,1,1,1,1,1.4,1.4,1.4,1.8,0.0,0.0
2.13236,-49,-15,425,0,E1A1919B1622C1536X,TE1A1B2C2D000X,1,1,1,1,1.4,1.4,1.4,1.8,0.0,0.0
2.14428,-49,-14,424,0,E1A1919B1619C1534X,TE1A1B2C2D000X,1,1,1,1,1.4,1.4,1.4,1.8,0.0,0.0
2.15594,-49,-14,424,0,E1A1919B1616C1532X,TE1A1B2C2D000X,1,1,1,1,1.4,1.4,1.4,1.8,0.0,0.0
2.16726,-49,-14,424,0,E1A1919B1613C1530X,TE1A1B2C2D000X,1,1,1,1,1.4,1.4,1.4,1.8,0.0,0.0
2.18841,-49,-14,425,0,E1A1919B1610C1528X,TE1A1B2C2D000X,1,1,1,1,1.4,1.4,1.4,1.8,0.0,0.0
2.21217,-49,-14,425,0,E1A1919B1607C1526X,TE1A1B2C2D000X,1,1,1,1,1.4,1.4,1.4,1.8,0.0,0.0
2.22376,-49,-14,425,0,E1A1919B1604C1524X,TE1A1B2C2D000X,1,1,1,1,1.4,1.4,1.4,1.8,0.0,0.0
2.23537,-49,-14,425,0,E1A1919B1601C1521X,TE1A1B2C2D000X,1,1,1,1,1.4,1.4,1.4,1.8,0.0,0.0
2.24682,-49,-14,425,0,E1A1919B1598C1519X,TE1A1B2C2D000X,1,1,1,1,1.4,1.4,1.4,1.8,0.0,0.0
2.25821,-49,-14,424,0,E1A1919B1595C1517X,TE1A1B2C2D000X,1,1,1,1,1.4,1.4,1.4,1.8,0.0,0.0
2.26957,-49,-14,424,0,E1A1919B1592C1515X,TE1A1B2C2D000X,1,1,1,1,1.4,1.4,1.4,1.8,0.0,0.0
2.28066,-49,-14,424,0,E1A1919B1589C1513X,TE1A1B2C2D000X,1,1,1,1,1.4,1.4,1.4,1.8,0.0,0.0
2.29236,-49,-14,424,0,E1A1919B1586C1511X,TE1A1B2C2D000X,1,1,1,1,1.4,1.4,1.4,1.8,0.0,0.0
2.30401,-49,-14,424,0,E1A1919B1584C1510X,TE1A1B2C2D000X,1,1,1,1,1.4,1.4,1.4,1.8,0.0,0.0
2.32439,-49,-14,423,0,E1A1919B1581C1509X,TE1A1B2C2D000X,1,1,1,1,1.4,1.4,1.4,1.8,0.0,0.0
2.33625,-49,-13,424,0,E1A1919B1578C1508X,TE1A1B2C2D000X,1,1,1,1,1.4,1.4,1.4,1.8,0.0,0.0
2.34741,-49,-13,424,0,E1A1919B1576C1507X,TE1A1B2C2D000X,1,1,1,1,1.4,1.4,1.4,1.8,0.0,0.0
2.35895,-49,-13,423,0,E1A1919B1573C1506X,TE1A1B2C2D000X,1,1,1,1,1.4,1.4,1.4,1.8,0.0,0.0
2.38017,-48,-13,422,0,E1A1919B1571C1505X,TE1A1B2C2D000X,1,1,1,1,1.4,1.4,1.4,1.8,0.0,0.0
2.39213,-48,-13,421,0,E1A1919B1568C1505X,TE1A1B2C2D000X,1,1,1,1,1.4,1.4,1.4,1.8,0.0,0.0
2.40431,-48,-12,421,0,E1A1919B1566C1504X,TE1A1B2C2D000X,1,1,1,1,1.4,1.4,1.4,1.8,0.0,0.0
2.41529,-48,-12,421,0,E1A1919B1563C1504X,TE1A1B2C2D000X,1,1,1,1,1.4,1.4,1.4,1.8,0.0,0.0
2.42691,-48,-12,422,0,E1A1919B1560C1503X,TE1A1B2C2D000X,1,1,1,1,1.4,1.4,1.4,1.8,0.0,0.0
2.43839,-48,-12,423,0,E1A1919B1557C1502X,TE1A1B2C2D000X,1,1,1,1,1.4,1.4,1.4,1.8,0.0,0.0
2.44981,-48,-12,422,0,E1A1919B1554C1502X,TE1A1B2C2D000X,1,1,1,1,1.4,1.4,1.4,1.8,0.0,0.0
2.46093,-48,-11,422,0,E1A1919B1552C1501X,TE1A1B2C2D000X,1,1,1,1,1.4,1.4,1.4,1.8,0.0,0.0
2.47252,-48,-11,423,0,E1A1919B1549C1500X,TE1A1B2C2D000X,1,1,1,1,1.4,1.4,1.4,1.8,0.0,0.0
2.49198,-48,-11,422,0,E1A1919B1546C1500X,TE1A1B2C2D000X,1,1,1,1,1.4,1.4,1.4,1.8,0.0,0.0
2.50425,-47,-11,422,0,E1A1919B1543C1499X,TE1A1B2C2D000X,1,1,1,1,1.4,1.4,1.4,1.8,0.0,0.0
2.51645,-47,-10,422,0,E1A1919B1540C1499X,TE1A1B2C2D000X,1,1,1,1,1.4,1.4,1.4,1.8,0.0,0.0
2.52833,-47,-10,423,0,E1A1919B1538C1498X,TE1A1B2C2D000X,1,1,1,1,1.4,1.4,1.4,1.8,0.0,0.0
2.53965,-47,-10,422,0,E1A1919B1534C1497X,TE1A1B2C2D000X,1,1,1,1,1.4,1.4,1.4,1.8,0.0,0.0
2.55057,-47,-10,422,0,E1A1919B1531C1497X,TE1A1B2C2D000X,1,1,1,1,1.4,1.4,1.4,1.8,0.0,0.0
2.56208,-47,-10,422,0,E1A1919B1528C1496X,TE1A1B2C2D000X,1,1,1,1,1.4,1.4,1.4,1.8,0.0,0.0
2.57342,-47,-9,422,0,E1A1919B1525C1495X,TE1A1B2C2D000X,1,1,1,1,1.4,1.4,1.4,1.8,0.0,0.0
2.60442,-47,-9,422,0,E1A1919B1522C1494X,TE1A1B2C2D000X,1,1,1,1,1.4,1.4,1.4,1.8,0.0,0.0
2.61645,-47,-9,423,0,E1A1919B1519C1493X,TE1A1B2C2D000X,1,1,1,1,1.4,1.4,1.4,1.8,0.0,0.0
2.62829,-47,-9,423,0,E1A1919B1516C1492X,TE1A1B2C2D000X,1,1,1,1,1.4,1.4,1.4,1.8,0.0,0.0
2.64041,-47,-9,423,0,E1A1919B1513C1490X,TE1A1B2C2D000X,1,1,1,1,1.4,1.4,1.4,1.8,0.0,0.0
2.66014,-47,-9,422,0,E1A1919B1510C1489X,TE1A1B2C2D000X,1,1,1,1,1.4,1.4,1.4,1.8,0.0,0.0
2.68405,-47,-9,421,0,E1A1919B1506C1487X,TE1A1B2C2D000X,1,1,1,1,1.4,1.4,1.4,1.8,0.0,0.0
2.69615,-47,-9,421,0,E1A1919B1503C1485X,TE1A1B2C2D000X,1,1,1,1,1.4,1.4,1.4,1.8,0.0,0.0
2.70827,-47,-9,420,0,E1A1919B1500C1483X,TE1A1B2C2D000X,1,1,1,1,1.4,1.4,1.4,1.8,0.0,0.0
2.74013,-47,-9,420,0,E1A1919B1497C1481X,TE1A1B2C2D000X,1,1,1,1,1.4,1.4,1.4,1.8,0.0,0.0
2.75211,-47,-9,421,0,E1A1919B1495C1479X,TE1A1B2C2D000X,1,1,1,1,1.4,1.4,1.4,1.8,0.0,0.0
2.76383,-47,-9,422,0,E1A1919B1493C1477X,TE1A1B2C3D000X,1,1,1,1,1.4,1.4,1.4,1.8,0.0,0.0
2.77628,-47,-9,422,0,E1A1919B1490C1475X,TE1A1B2C3D000X,1,1,1,1,1.4,1.4,1.4,1.8,0.0,0.0
2.78814,-47,-9,423,0,E1A1919B1488C1472X,TE1A1B2C3D000X,1,1,1,1,1.4,1.4,1.4,1.8,0.0,0.0
2.79936,-48,-9,424,0,E1A1919B1485C1470X,TE1A1B2C3D000X,1,1,1,1,1.4,1.4,1.4,1.8,0.0,0.0
2.81997,-48,-9,424,0,E1A1919B1483C1468X,TE1A1B2C3D000X,1,1,1,1,1.4,1.4,1.4,1.8,0.0,0.0
2.83214,-48,-9,425,0,E1A1919B1481C1466X,TE1A1B2C3D000X,1,1,1,1,1.4,1.4,1.4,1.8,0.0,0.0
2.84412,-48,-10,425,0,E1A1919B1478C1464X,TE1A1B2C3D000X,1,1,1,1,1.4,1.4,1.4,1.8,0.0,0.0
2.85549,-48,-10,425,0,E1A1919B1476C1462X,TE1A1B3C3D000X,1,1,1,1,1.4,1.4,1.4,1.8,0.0,0.0
2.87611,-48,-10,426,0,E1A1919B1473C1459X,TE1A1B3C3D000X,1,1,1,1,1.4,1.4,1.4,1.8,0.0,0.0
2.8881,-48,-10,426,0,E1A1919B1471C1457X,TE1A1B3C3D000X,1,1,1,1,1.4,1.4,1.4,1.8,0.0,0.0
2.91243,-48,-10,425,0,E1A1919B1467C1454X,TE1A1B3C3D000X,1,1,1,1,1.4,1.4,1.4,1.8,0.0,0.0
2.93231,-48,-10,424,0,E1A1919B1464C1452X,TE1A1B3C3D000X,1,1,1,1,1.4,1.4,1.4,1.8,0.0,0.0
2.94449,-48,-10,424,0,E1A1919B1460C1449X,TE1A1B3C3D000X,1,1,1,1,1.4,1.4,1.4,1.8,0.0,0.0
2.95622,-48,-10,424,0,E1A1919B1457C1446X,TE1A1B3C3D000X,1,1,1,1,1.4,1.4,1.4,1.8,0.0,0.0
2.96828,-49,-10,426,0,E1A1919B1454C1444X,TE1A1B3C3D000X,1,1,1,1,1.4,1.4,1.4,1.8,0.0,0.0
2.98812,-49,-10,425,0,E1A1919B1450C1440X,TE1A1B3C3D000X,1,1,1,1,1.4,1.4,1.4,1.8,0.0,0.0
3.01226,-49,-11,424,0,E1A1919B1446C1437X,TE1A1B3C3D000X,1,1,1,1,1.4,1.4,1.4,1.8,0.0,0.0
3.02426,-49,-11,425,0,E1A1919B1442C1433X,TE1A1B3C3D000X,1,1,1,1,1.4,1.4,1.4,1.8,0.0,0.0
3.03633,-50,-11,425,0,E1A1919B1438C1430X,TE1A1B3C3D000X,1,1,1,1,1.4,1.4,1.4,1.8,0.0,0.0
3.04804,-50,-11,426,0,E1A1919B1434C1427X,TE1A1B3C3D000X,1,1,1,1,1.4,1.4,1.4,1.8,0.0,0.0
3.05963,-50,-11,426,0,E1A1919B1430C1424X,TE1A1B3C3D000X,1,1,1,1,1.4,1.4,1.4,1.8,0.0,0.0
3.07106,-50,-11,426,0,E1A1919B1425C1421X,TE1A1B3C3D000X,1,1,1,1,1.4,1.4,1.4,1.8,0.0,0.0
3.08226,-51,-11,426,0,E1A1919B1422C1418X,TE1A1B3C3D000X,1,1,1,1,1.4,1.4,1.4,1.8,0.0,0.0
3.09406,-51,-12,427,0,E1A1919B1418C1415X,TE1A1B3C3D000X,1,1,1,1,1.4,1.4,1.4,1.8,0.0,0.0
3.10563,-51,-12,427,0,E1A1919B1414C1412X,TE1A1B3C3D000X,1,1,1,1,1.4,1.4,1.4,1.8,0.0,0.0
3.11707,-51,-12,426,0,E1A1919B1409C1408X,TE1A1B3C3D000X,1,1,1,1,1.4,1.4,1.4,1.8,0.0,0.0
3.12838,-52,-12,425,0,E1A1919B1405C1405X,TE1A1B3C3D000X,1,1,1,1,1.4,1.4,1.4,1.8,0.0,0.0
3.13986,-52,-12,424,0,E1A1919B1400C1402X,TE1A1B3C3D000X,1,1,1,1,1.4,1.4,1.4,1.8,0.0,0.0
3.16013,-52,-12,423,0,E1A1919B1395C1398X,TE1A1B3C3D000X,1,1,1,1,1.4,1.4,1.4,1.8,0.0,0.0
3.17183,-52,-12,422,0,E1A1919B1390C1395X,TE1A1B3C3D000X,1,1,1,1,1.4,1.4,1.4,1.8,0.0,0.0
3.18356,-53,-12,423,0,E1A1919B1385C1391X,TE1A1B3C3D000X,1,1,1,1,1.4,1.4,1.4,1.8,0.0,0.0
3.20441,-53,-12,423,0,E1A1919B1381C1388X,TE1A1B3C3D000X,1,1,1,1,1.4,1.4,1.4,1.8,0.0,0.0
3.21619,-53,-12,424,0,E1A1919B1377C1386X,TE1A1B3C3D000X,1,1,1,1,1.4,1.4,1.4,1.8,0.0,0.0
3.22826,-53,-12,424,0,E1A1919B1373C1383X,TE1A1B3C3D000X,1,1,1,1,1.4,1.4,1.4,1.8,0.0,0.0
3.23965,-53,-12,423,0,E1A1919B1368C1380X,TE1A1B3C3D000X,1,1,1,1,1.4,1.4,1.4,1.8,0.0,0.0
3.25101,-54,-12,422,0,E1A1919B1364C1377X,TE1A1B3C3D000X,1,1,1,1,1.4,1.4,1.4,1.8,0.0,0.0
3.26186,-54,-12,421,0,E1A1919B1360C1374X,TE1A1B3C3D000X,1,1,1,1,1.4,1.4,1.4,1.8,0.0,0.0
3.27363,-54,-12,422,0,E1A1919B1357C1372X,TE1A1B3C3D000X,1,1,1,1,1.4,1.4,1.4,1.8,0.0,0.0
3.28607,-54,-12,421,0,E1A1919B1353C1370X,TE1A1B3C3D000X,1,1,1,1,1.4,1.4,1.4,1.8,0.0,0.0
3.2974,-54,-12,423,0,E1A1919B1351C1370X,TE1A1B3C3D000X,1,1,1,1,1.4,1.4,1.4,1.8,0.0,0.0
3.30904,-54,-12,423,0,E1A1919B1348C1369X,TE1A1B3C3D000X,1,1,1,1,1.4,1.4,1.4,1.8,0.0,0.0
3.32067,-54,-12,423,0,E1A1919B1345C1367X,TE1A1B3C3D000X,1,1,1,1,1.4,1.4,1.4,1.8,0.0,0.0
3.33213,-54,-12,423,0,E1A1919B1343C1367X,TE1A1B3C3D000X,1,1,1,1,1.4,1.4,1.4,1.8,0.0,0.0
3.36042,-53,-11,424,0,E1A1919B1341C1368X,TE1A1B3C3D000X,1,1,1,1,1.4,1.4,1.4,1.8,0.0,0.0
3.37261,-53,-11,422,0,E1A1919B1338C1368X,TE1A1B3C3D000X,1,1,1,1,1.4,1.4,1.4,1.8,0.0,0.0
3.38426,-52,-10,422,0,E1A1919B1336C1370X,TE1A1B3C3D000X,1,1,1,1,1.4,1.4,1.4,1.8,0.0,0.0
3.39638,-52,-10,422,0,E1A1919B1335C1372X,TE1A1B3C3D000X,1,1,1,1,1.4,1.4,1.4,1.8,0.0,0.0
3.40839,-51,-9,421,0,E1A1919B1333C1375X,TE1A1B3C3D000X,1,1,1,1,1.4,1.4,1.4,1.8,0.0,0.0
3.42006,-51,-8,422,0,E1A1919B1332C1378X,TE1A1B3C3D000X,1,1,1,1,1.4,1.4,1.4,1.8,0.0,0.0
3.43112,-50,-8,421,0,E1A1919B1330C1381X,TE1A1B3C3D000X,1,1,1,1,1.4,1.4,1.4,1.8,0.0,0.0
3.44267,-49,-7,420,0,E1A1919B1329C1384X,TE1A1B3C3D000X,1,1,1,1,1.4,1.4,1.4,1.8,0.0,0.0
3.46416,-48,-6,420,0,E1A1919B1330C1389X,TE1A1B3C3D000X,1,1,1,1,1.4,1.4,1.4,1.8,0.0,0.0
3.47642,-47,-5,419,0,E1A1919B1330C1394X,TE1A1B3C3D000X,1,1,1,1,1.4,1.4,1.4,1.8,0.0,0.0
3.48826,-46,-4,418,0,E1A1919B1330C1398X,TE1A1B3C3D000X,1,1,1,1,1.4,1.4,1.4,1.8,0.0,0.0
3.52011,-44,-3,417,0,E1A1919B1333C1405X,TE1A1B3C3D000X,1,1,1,1,1.4,1.4,1.4,1.8,0.0,0.0
3.53223,-43,-2,418,0,E1A1919B1338C1412X,TE1A1B3C3D000X,1,1,1,1,1.4,1.4,1.4,1.8,0.0,0.0
3.54456,-41,-2,417,0,E1A1919B1342C1418X,TE1A1B3C3D000X,1,1,1,1,1.4,1.4,1.4,1.8,0.0,0.0
3.55591,-40,-1,416,0,E1A1919B1347C1423X,TE1A1B3C3D000X,1,1,1,1,1.4,1.4,1.4,1.8,0.0,0.0
3.56715,-38,0,415,0,E1A1919B1352C1429X,TE1A1B3C3D000X,1,1,1,1,1.4,1.4,1.4,1.8,0.0,0.0
3.57815,-36,0,414,0,E1A1919B1358C1435X,TE1A1B3C3D000X,1,1,1,1,1.4,1.4,1.4,1.8,0.0,0.0
3.5896,-34,0,414,0,E1A1919B1364C1440X,TE1A1B3C3D000X,1,1,1,1,1.4,1.4,1.4,1.8,0.0,0.0
3.6013,-33,0,413,0,E1A1919B1372C1444X,TE1A1B3C3D000X,1,1,1,1,1.4,1.4,1.4,1.8,0.0,0.0
3.62045,-31,0,414,0,E1A1919B1383C1451X,TE1A1B3C3D000X,1,1,1,1,1.4,1.4,1.4,1.8,0.0,0.0
3.6322,-29,0,414,0,E1A1919B1395C1456X,TE1A1B3C3D000X,1,1,1,1,1.4,1.4,1.4,1.8,0.0,0.0
3.65665,-26,1,415,0,E1A1919B1408C1462X,TE1A1B3C3D000X,1,1,1,1,1.4,1.4,1.4,1.8,0.0,0.0
3.68048,-24,1,415,0,E1A1919B1424C1468X,TE1A1B3C3D000X,1,1,1,1,1.4,1.4,1.4,1.8,0.0,0.0
3.70035,-21,0,415,0,E1A1919B1442C1474X,TE1A1B3C3D000X,1,1,1,1,1.4,1.4,1.4,1.8,0.0,0.0
3.72441,-18,0,416,0,E1A1919B1463C1482X,TE1A1B3C3D000X,1,1,1,1,1.4,1.4,1.4,1.8,0.0,0.0
3.73667,-15,0,418,0,E1A1919B1483C1489X,TE1A1B3C3D000X,1,1,1,1,1.4,1.4,1.4,1.8,0.0,0.0
3.74829,-12,0,418,0,E1A1919B1503C1496X,TE1A1B2C2D000X,1,1,1,1,1.4,1.4,1.4,1.8,0.0,0.0
3.76009,-9,0,419,0,E1A1919B1585C1541X,TE1A1B2C2D000X,1,1,1,1,1.4,1.4,1.4,1.8,0.0,0.0
3.78044,-6,0,419,0,E1A1919B1656C1578X,TE1A1B2C2D000X,1,1,1,1,1.4,1.4,1.4,1.8,0.0,0.0
3.79241,-3,0,420,0,E1A1919B1717C1610X,TE1A1B2C2D000X,1,1,1,1,1.4,1.4,1.4,1.8,0.0,0.0
3.80461,0,0,421,0,E1A1919B1770C1636X,TE1A1B1C2D000X,1,1,1,1,1.4,1.4,1.4,1.8,0.0,0.0
3.81635,1,0,421,0,E1A1919B1815C1658X,TE1A1B1C2D000X,1,1,1,1,1.4,1.4,1.4,1.8,0.0,0.0
3.82791,4,0,421,0,E1A1919B1854C1676X,TE1A1B1C2D000X,1,1,1,1,1.4,1.4,1.4,1.8,0.0,0.0
3.86047,7,-1,422,0,E1A1919B1889C1687X,TE1A1B1C2D000X,1,1,1,1,1.4,1.4,1.4,1.8,0.0,0.0
3.88029,10,-2,425,0,E1A1925B1889C1677X,TE1A1B1C2D000X,1,1,1,1,1.4,1.4,1.4,1.8,0.0,0.0
3.89254,14,-2,427,0,E1A1909B1889C1675X,TE1A1B1C2D000X,1,1,1,1,1.4,1.4,1.4,1.8,0.0,0.0
3.92881,17,-3,428,0,E1A1888B1889C1664X,TE1A1B1C2D000X,1,1,1,1,1.4,1.4,1.4,1.8,0.0,0.0
3.94046,21,-4,428,0,E1A1867B1889C1652X,TE1A1B1C2D000X,1,1,1,1,1.4,1.4,1.4,1.8,0.0,0.0
3.95208,24,-5,430,0,E1A1846B1889C1639X,TE1A1B1C2D000X,1,1,1,1,1.4,1.4,1.4,1.8,0.0,0.0
3.96367,28,-6,430,0,E1A1825B1889C1626X,TE1A1B1C2D000X,1,1,1,1,1.4,1.4,1.4,1.8,0.0,0.0
3.9759,31,-6,430,0,E1A1805B1889C1613X,TE1A1B1C2D000X,1,1,1,1,1.4,1.4,1.4,1.8,0.0,0.0
4.00611,35,-7,430,0,E1A1780B1889C1598X,TE1A1B1C2D000X,1,1,1,1,1.4,1.4,1.4,1.8,0.0,0.0
4.01771,38,-8,431,0,E1A1757B1889C1584X,TE1A1B1C2D000X,1,1,1,1,1.4,1.4,1.4,1.8,0.0,0.0
4.04077,42,-9,430,0,E1A1733B1889C1569X,TE1A1B1C2D000X,1,1,1,1,1.4,1.4,1.4,1.8,0.0,0.0
4.05262,45,-10,430,0,E1A1710B1889C1555X,TE1A1B1C2D000X,1,1,1,1,1.4,1.4,1.4,1.8,0.0,0.0
4.06452,48,-10,430,0,E1A1688B1889C1541X,TE1A1B1C2D000X,1,1,1,1,1.4,1.4,1.4,1.8,0.0,0.0
4.07663,52,-11,430,0,E1A1667B1889C1528X,TE1A2B1C2D000X,1,1,1,1,1.4,1.4,1.4,1.8,0.0,0.0
4.08841,54,-12,430,0,E1A1647B1889C1515X,TE1A2B1C2D000X,1,1,1,1,1.4,1.4,1.4,1.8,0.0,0.0
4.10009,57,-12,429,0,E1A1628B1889C1503X,TE1A2B1C2D000X,1,1,1,1,1.4,1.4,1.4,1.8,0.0,0.0
4.1119,60,-13,430,0,E1A1610B1889C1491X,TE1A2B1C2D000X,1,1,1,1,1.4,1.4,1.4,1.8,0.0,0.0
4.12354,62,-14,430,0,E1A1594B1889C1480X,TE1A2B1C2D000X,1,1,1,1,1.4,1.4,1.4,1.8,0.0,0.0
4.1351,64,-14,430,0,E1A1578B1889C1470X,TE1A2B1C2D000X,1,1,1,1,1.4,1.4,1.4,1.8,0.0,0.0
4.14649,66,-15,430,0,E1A1563B1889C1460X,TE1A2B1C3D000X,1,1,1,1,1.4,1.4,1.4,1.8,0.0,0.0
4.15852,68,-15,429,0,E1A1550B1889C1450X,TE1A2B1C3D000X,1,1,1,1,1.4,1.4,1.4,1.8,0.0,0.0
4.1704,69,-16,429,0,E1A1538B1889C1441X,TE1A2B1C3D000X,1,1,1,1,1.4,1.4,1.4,1.8,0.0,0.0
4.18215,70,-16,429,0,E1A1526B1889C1433X,TE1A2B1C3D000X,1,1,1,1,1.4,1.4,1.4,1.8,0.0,0.0
4.19345,71,-17,429,0,E1A1516B1889C1424X,TE1A2B1C3D000X,1,1,1,1,1.4,1.4,1.4,1.8,0.0,0.0
4.20522,72,-17,429,0,E1A1507B1889C1417X,TE1A2B1C3D000X,1,1,1,1,1.4,1.4,1.4,1.8,0.0,0.0
4.21652,73,-18,428,0,E1A1499B1889C1409X,TE1A2B1C3D000X,1,1,1,1,1.4,1.4,1.4,1.8,0.0,0.0
4.22839,74,-18,427,0,E1A1491B1889C1402X,TE1A2B1C3D000X,1,1,1,1,1.4,1.4,1.4,1.8,0.0,0.0
4.24012,75,-18,428,0,E1A1484B1889C1395X,TE1A2B1C3D000X,1,1,1,1,1.4,1.4,1.4,1.8,0.0,0.0
4.26443,75,-19,428,0,E1A1479B1889C1389X,TE1A2B1C3D000X,1,1,1,1,1.4,1.4,1.4,1.8,0.0,0.0
4.27641,75,-19,428,0,E1A1475B1889C1383X,TE1A3B1C3D000X,1,1,1,1,1.4,1.4,1.4,1.8,0.0,0.0
4.28861,75,-20,427,0,E1A1472B1889C1377X,TE1A3B1C3D000X,1,1,1,1,1.4,1.4,1.4,1.8,0.0,0.0
4.30042,75,-20,428,0,E1A1469B1889C1373X,TE1A3B1C3D000X,1,1,1,1,1.4,1.4,1.4,1.8,0.0,0.0
4.31229,75,-20,428,0,E1A1468B1889C1369X,TE1A3B1C3D000X,1,1,1,1,1.4,1.4,1.4,1.8,0.0,0.0
4.33244,74,-21,428,0,E1A1468B1889C1365X,TE1A3B1C3D000X,1,1,1,1,1.4,1.4,1.4,1.8,0.0,0.0
4.34452,74,-21,428,0,E1A1468B1889C1363X,TE1A3B1C3D000X,1,1,1,1,1.4,1.4,1.4,1.8,0.0,0.0
4.35654,73,-21,428,0,E1A1469B1889C1361X,TE1A3B1C3D000X,1,1,1,1,1.4,1.4,1.4,1.8,0.0,0.0
4.38089,72,-21,428,0,E1A1471B1889C1360X,TE1A3B1C3D000X,1,1,1,1,1.4,1.4,1.4,1.8,0.0,0.0
4.39267,71,-21,429,0,E1A1474B1889C1359X,TE1A3B1C3D000X,1,1,1,1,1.4,1.4,1.4,1.8,0.0,0.0
4.40422,70,-21,429,0,E1A1476B1889C1359X,TE1A3B1C3D000X,1,1,1,1,1.4,1.4,1.4,1.8,0.0,0.0
4.41572,69,-21,429,0,E1A1480B1889C1360X,TE1A3B1C3D000X,1,1,1,1,1.4,1.4,1.4,1.8,0.0,0.0
4.42763,68,-21,429,0,E1A1483B1889C1360X,TE1A2B1C3D000X,1,1,1,1,1.4,1.4,1.4,1.8,0.0,0.0
4.43942,66,-20,429,0,E1A1486B1889C1361X,TE1A2B1C3D000X,1,1,1,1,1.4,1.4,1.4,1.8,0.0,0.0
4.45127,65,-20,428,0,E1A1489B1889C1362X,TE1A2B1C3D000X,1,1,1,1,1.4,1.4,1.4,1.8,0.0,0.0
4.46248,64,-20,428,0,E1A1493B1889C1363X,TE1A2B1C3D000X,1,1,1,1,1.4,1.4,1.4,1.8,0.0,0.0
4.47459,63,-20,429,0,E1A1497B1889C1364X,TE1A2B1C3D000X,1,1,1,1,1.4,1.4,1.4,1.8,0.0,0.0
4.48646,62,-19,429,0,E1A1500B1889C1366X,TE1A2B1C3D000X,1,1,1,1,1.4,1.4,1.4,1.8,0.0,0.0
4.4981,61,-19,430,0,E1A1505B1889C1367X,TE1A2B1C3D000X,1,1,1,1,1.4,1.4,1.4,1.8,0.0,0.0
4.51248,59,-19,430,0,E1A1508B1889C1368X,TE1A2B1C3D000X,1,1,1,1,1.4,1.4,1.4,1.8,0.0,0.0
4.52463,58,-19,430,0,E1A1512B1889C1369X,TE1A2B1C3D000X,1,1,1,1,1.4,1.4,1.4,1.8,0.0,0.0
4.53654,57,-19,430,0,E1A1515B1889C1369X,TE1A2B1C3D000X,1,1,1,1,1.4,1.4,1.4,1.8,0.0,0.0
4.54837,56,-19,429,0,E1A1519B1889C1370X,TE1A2B1C3D000X,1,1,1,1,1.4,1.4,1.4,1.8,0.0,0.0
4.56053,55,-19,430,0,E1A1523B1889C1370X,TE1A2B1C3D000X,1,1,1,1,1.4,1.4,1.4,1.8,0.0,0.0
4.57253,54,-18,429,0,E1A1526B1889C1370X,TE1A2B1C3D000X,1,1,1,1,1.4,1.4,1.4,1.8,0.0,0.0
4.58429,53,-18,429,0,E1A1529B1889C1370X,TE1A2B1C3D000X,1,1,1,1,1.4,1.4,1.4,1.8,0.0,0.0
4.59563,52,-18,428,0,E1A1532B1889C1369X,TE1A2B1C3D000X,1,1,1,1,1.4,1.4,1.4,1.8,0.0,0.0
4.60758,51,-18,428,0,E1A1536B1889C1369X,TE1A2B1C3D000X,1,1,1,1,1.4,1.4,1.4,1.8,0.0,0.0
4.6308,50,-18,429,0,E1A1539B1889C1368X,TE1A2B1C3D000X,1,1,1,1,1.4,1.4,1.4,1.8,0.0,0.0
4.64844,49,-18,429,0,E1A1543B1889C1368X,TE1A2B1C3D000X,1,1,1,1,1.4,1.4,1.4,1.8,0.0,0.0
4.66061,48,-18,429,0,E1A1547B1889C1368X,TE1A2B1C3D000X,1,1,1,1,1.4,1.4,1.4,1.8,0.0,0.0
4.68464,46,-18,428,0,E1A1550B1889C1367X,TE1A2B1C3D000X,1,1,1,1,1.4,1.4,1.4,1.8,0.0,0.0
4.69687,45,-18,428,0,E1A1554B1889C1368X,TE1A2B1C3D000X,1,1,1,1,1.4,1.4,1.4,1.8,0.0,0.0
4.70891,44,-18,428,0,E1A1558B1889C1368X,TE1A2B1C3D000X,1,1,1,1,1.4,1.4,1.4,1.8,0.0,0.0
4.7208,43,-18,428,0,E1A1562B1889C1368X,TE1A2B1C3D000X,1,1,1,1,1.4,1.4,1.4,1.8,0.0,0.0
4.73248,42,-18,428,0,E1A1565B1889C1369X,TE1A2B1C3D000X,1,1,1,1,1.4,1.4,1.4,1.8,0.0,0.0
4.74385,41,-18,428,0,E1A1569B1889C1369X,TE1A2B1C3D000X,1,1,1,1,1.4,1.4,1.4,1.8,0.0,0.0
4.75566,40,-18,428,0,E1A1573B1889C1370X,TE1A2B1C3D000X,1,1,1,1,1.4,1.4,1.4,1.8,0.0,0.0
4.76872,39,-17,428,0,E1A1576B1889C1371X,TE1A2B1C3D000X,1,1,1,1,1.4,1.4,1.4,1.8,0.0,0.0
4.7966,38,-17,428,0,E1A1580B1889C1373X,TE1A2B1C3D000X,1,1,1,1,1.4,1.4,1.4,1.8,0.0,0.0
4.80857,37,-17,428,0,E1A1584B1889C1375X,TE1A2B1C3D000X,1,1,1,1,1.4,1.4,1.4,1.8,0.0,0.0
4.82052,36,-17,428,0,E1A1589B1889C1377X,TE1A2B1C3D000X,1,1,1,1,1.4,1.4,1.4,1.8,0.0,0.0
4.83318,35,-16,428,0,E1A1592B1889C1379X,TE1A2B1C3D000X,1,1,1,1,1.4,1.4,1.4,1.8,0.0,0.0
4.84424,34,-16,428,0,E1A1596B1889C1381X,TE1A2B1C3D000X,1,1,1,1,1.4,1.4,1.4,1.8,0.0,0.0
4.8644,33,-16,428,0,E1A1599B1889C1382X,TE1A2B1C3D000X,1,1,1,1,1.4,1.4,1.4,1.8,0.0,0.0
4.87646,33,-15,428,0,E1A1602B1889C1384X,TE1A2B1C3D000X,1,1,1,1,1.4,1.4,1.4,1.8,0.0,0.0
4.89818,32,-15,428,0,E1A1604B1889C1385X,TE1A2B1C3D000X,1,1,1,1,1.4,1.4,1.4,1.8,0.0,0.0
4.91121,31,-15,428,0,E1A1606B1889C1386X,TE1A2B1C3D000X,1,1,1,1,1.4,1.4,1.4,1.8,0.0,0.0
4.92326,30,-15,428,0,E1A1608B1889C1387X,TE1A2B1C3D000X,1,1,1,1,1.4,1.4,1.4,1.8,0.0,0.0
4.93487,30,-14,428,0,E1A1610B1889C1387X,TE1A2B1C3D000X,1,1,1,1,1.4,1.4,1.4,1.8,0.0,0.0
4.94781,29,-14,428,0,E1A1611B1889C1388X,TE1A2B1C3D000X,1,1,1,1,1.4,1.4,1.4,1.8,0.0,0.0
4.9603,29,-14,428,0,E1A1613B1889C1388X,TE1A2B1C3D000X,1,1,1,1,1.4,1.4,1.4,1.8,0.0,0.0
4.97223,28,-14,429,0,E1A1614B1889C1389X,TE1A2B1C3D000X,1,1,1,1,1.4,1.4,1.4,1.8,0.0,0.0
4.98421,28,-14,429,0,E1A1615B1889C1388X,TE1A2B1C3D000X,1,1,1,1,1.4,1.4,1.4,1.8,0.0,0.0
4.99544,28,-14,429,0,E1A1615B1889C1388X,TE1A2B1C3D000X,1,1,1,1,1.4,1.4,1.4,1.8,0.0,0.0
5.00736,27,-14,429,0,E1A1616B1889C1388X,TE1A2B1C3D000X,1,1,1,1,1.4,1.4,1.4,1.8,0.0,0.0
5.01979,27,-14,428,0,E1A1616B1889C1387X,TE1A2B1C3D000X,1,1,1,1,1.4,1.4,1.4,1.8,0.0,0.0
5.03107,27,-14,428,0,E1A1616B1889C1386X,TE1A2B1C3D000X,1,1,1,1,1.4,1.4,1.4,1.8,0.0,0.0
5.0446,26,-14,428,0,E1A1616B1889C1385X,TE1A2B1C3D000X,1,1,1,1,1.4,1.4,1.4,1.8,0.0,0.0
5.05677,26,-14,428,0,E1A1616B1889C1383X,TE1A2B1C3D000X,1,1,1,1,1.4,1.4,1.4,1.8,0.0,0.0
5.08076,26,-14,429,0,E1A1616B1889C1383X,TE1A2B1C3D000X,1,1,1,1,1.4,1.4,1.4,1.8,0.0,0.0
5.09261,26,-14,430,0,E1A1616B1889C1382X,TE1A2B1C3D000X,1,1,1,1,1.4,1.4,1.4,1.8,0.0,0.0
5.10433,26,-14,429,0,E1A1616B1889C1381X,TE1A2B1C3D000X,1,1,1,1,1.4,1.4,1.4,1.8,0.0,0.0
5.12467,26,-14,429,0,E1A1615B1889C1379X,TE1A2B1C3D000X,1,1,1,1,1.4,1.4,1.4,1.8,0.0,0.0
5.13653,26,-14,429,0,E1A1614B1889C1378X,TE1A2B1C3D000X,1,1,1,1,1.4,1.4,1.4,1.8,0.0,0.0
5.14824,26,-13,429,0,E1A1612B1889C1376X,TE1A2B1C3D000X,1,1,1,1,1.4,1.4,1.4,1.8,0.0,0.0
5.16001,26,-13,429,0,E1A1610B1889C1375X,TE1A2B1C3D000X,1,1,1,1,1.4,1.4,1.4,1.8,0.0,0.0
5.17188,26,-13,428,0,E1A1608B1889C1373X,TE1A2B1C3D000X,1,1,1,1,1.4,1.4,1.4,1.8,0.0,0.0
5.18389,26,-13,428,0,E1A1606B1889C1371X,TE1A2B1C3D000X,1,1,1,1,1.4,1.4,1.4,1.8,0.0,0.0
5.19698,26,-13,428,0,E1A1604B1889C1370X,TE1A2B1C3D000X,1,1,1,1,1.4,1.4,1.4,1.8,0.0,0.0
5.20905,26,-13,428,0,E1A1602B1889C1368X,TE1A2B1C3D000X,1,1,1,1,1.4,1.4,1.4,1.8,0.0,0.0
5.22087,26,-13,428,0,E1A1600B1889C1366X,TE1A2B1C3D000X,1,1,1,1,1.4,1.4,1.4,1.8,0.0,0.0
5.23328,26,-13,428,0,E1A1598B1889C1364X,TE1A2B1C3D000X,1,1,1,1,1.4,1.4,1.4,1.8,0.0,0.0
5.24481,27,-13,428,0,E1A1595B1889C1362X,TE1A2B1C3D000X,1,1,1,1,1.4,1.4,1.4,1.8,0.0,0.0
5.25653,27,-13,428,0,E1A1593B1889C1360X,TE1A2B1C3D000X,1,1,1,1,1.4,1.4,1.4,1.8,0.0,0.0
5.27252,27,-13,428,0,E1A1591B1889C1358X,TE1A2B1C3D000X,1,1,1,1,1.4,1.4,1.4,1.8,0.0,0.0
5.28397,27,-13,428,0,E1A1588B1889C1356X,TE1A2B1C3D000X,1,1,1,1,1.4,1.4,1.4,1.8,0.0,0.0
5.29592,27,-13,428,0,E1A1585B1889C1354X,TE1A2B1C3D000X,1,1,1,1,1.4,1.4,1.4,1.8,0.0,0.0
5.30789,28,-13,428,0,E1A1582B1889C1351X,TE1A2B1C3D000X,1,1,1,1,1.4,1.4,1.4,1.8,0.0,0.0
5.31989,28,-13,428,0,E1A1580B1889C1349X,TE1A2B1C3D000X,1,1,1,1,1.4,1.4,1.4,1.8,0.0,0.0
5.33169,28,-14,428,0,E1A1578B1889C1346X,TE1A2B1C3D000X,1,1,1,1,1.4,1.4,1.4,1.8,0.0,0.0
5.3431,28,-14,428,0,E1A1575B1889C1344X,TE1A2B1C3D000X,1,1,1,1,1.4,1.4,1.4,1.8,0.0,0.0
5.35513,28,-14,428,0,E1A1573B1889C1342X,TE1A2B1C3D000X,1,1,1,1,1.4,1.4,1.4,1.8,0.0,0.0
5.36909,29,-14,428,0,E1A1571B1889C1339X,TE1A2B1C3D000X,1,1,1,1,1.4,1.4,1.4,1.8,0.0,0.0
5.38222,29,-14,428,0,E1A1568B1889C1337X,TE1A2B1C3D000X,1,1,1,1,1.4,1.4,1.4,1.8,0.0,0.0
5.39363,29,-14,428,0,E1A1566B1889C1334X,TE1A2B1C3D000X,1,1,1,1,1.4,1.4,1.4,1.8,0.0,0.0
5.40537,29,-14,428,0,E1A1564B1889C1332X,TE1A2B1C3D000X,1,1,1,1,1.4,1.4,1.4,1.8,0.0,0.0
5.41647,29,-14,428,0,E1A1562B1889C1330X,TE1A2B1C3D000X,1,1,1,1,1.4,1.4,1.4,1.8,0.0,0.0
5.42829,29,-14,427,0,E1A1560B1889C1328X,TE1A2B1C3D000X,1,1,1,1,1.4,1.4,1.4,1.8,0.0,0.0
5.43986,29,-14,427,0,E1A1558B1889C1325X,TE1A2B1C3D000X,1,1,1,1,1.4,1.4,1.4,1.8,0.0,0.0
5.45148,29,-14,427,0,E1A1556B1889C1324X,TE1A2B1C3D000X,1,1,1,1,1.4,1.4,1.4,1.8,0.0,0.0
5.46262,29,-14,426,0,E1A1554B1889C1322X,TE1A2B1C3D000X,1,1,1,1,1.4,1.4,1.4,1.8,0.0,0.0
5.47413,29,-14,426,0,E1A1552B1889C1320X,TE1A2B1C3D000X,1,1,1,1,1.4,1.4,1.4,1.8,0.0,0.0
5.48661,29,-14,426,0,E1A1550B1889C1319X,TE1A2B1C3D000X,1,1,1,1,1.4,1.4,1.4,1.8,0.0,0.0
5.49801,29,-14,426,0,E1A1548B1889C1316X,TE1A2B1C3D000X,1,1,1,1,1.4,1.4,1.4,1.8,0.0,0.0
5.50977,30,-14,426,0,E1A1546B1889C1315X,TE1A2B1C3D000X,1,1,1,1,1.4,1.4,1.4,1.8,0.0,0.0
5.52141,30,-14,426,0,E1A1543B1889C1313X,TE1A2B1C3D000X,1,1,1,1,1.4,1.4,1.4,1.8,0.0,0.0
5.53313,30,-14,426,0,E1A1541B1889C1311X,TE1A2B1C3D000X,1,1,1,1,1.4,1.4,1.4,1.8,0.0,0.0
5.55209,30,-14,426,0,E1A1538B1889C1309X,TE1A2B1C3D000X,1,1,1,1,1.4,1.4,1.4,1.8,0.0,0.0
5.56446,30,-14,426,0,E1A1536B1889C1308X,TE1A2B1C3D000X,1,1,1,1,1.4,1.4,1.4,1.8,0.0,0.0
5.57666,30,-14,427,0,E1A1533B1889C1306X,TE1A2B1C3D000X,1,1,1,1,1.4,1.4,1.4,1.8,0.0,0.0
5.58834,31,-14,427,0,E1A1532B1889C1305X,TE1A2B1C3D000X,1,1,1,1,1.4,1.4,1.4,1.8,0.0,0.0
5.6086,30,-14,427,0,E1A1530B1889C1304X,TE1A2B1C3D000X,1,1,1,1,1.4,1.4,1.4,1.8,0.0,0.0
5.62057,30,-13,427,0,E1A1530B1889C1303X,TE1A2B1C3D000X,1,1,1,1,1.4,1.4,1.4,1.8,0.0,0.0
5.63328,30,-13,427,0,E1A1529B1889C1302X,TE1A2B1C3D000X,1,1,1,1,1.4,1.4,1.4,1.8,0.0,0.0
5.64658,30,-13,427,0,E1A1528B1889C1302X,TE1A2B1C3D000X,1,1,1,1,1.4,1.4,1.4,1.8,0.0,0.0
5.66436,30,-13,427,0,E1A1528B1889C1302X,TE1A2B1C3D000X,1,1,1,1,1.4,1.4,1.4,1.8,0.0,0.0
5.67666,30,-13,428,0,E1A1528B1889C1302X,TE1A2B1C3D000X,1,1,1,1,1.4,1.4,1.4,1.8,0.0,0.0
5.68863,29,-13,428,0,E1A1528B1889C1301X,TE1A2B1C3D000X,1,1,1,1,1.4,1.4,1.4,1.8,0.0,0.0
5.70041,29,-13,428,0,E1A1528B1889C1300X,TE1A2B1C3D000X,1,1,1,1,1.4,1.4,1.4,1.8,0.0,0.0
5.71214,29,-13,428,0,E1A1528B1889C1299X,TE1A2B1C3D000X,1,1,1,1,1.4,1.4,1.4,1.8,0.0,0.0
5.73241,29,-13,428,0,E1A1527B1889C1298X,TE1A2B1C3D000X,1,1,1,1,1.4,1.4,1.4,1.8,0.0,0.0
5.74452,29,-13,428,0,E1A1526B1889C1297X,TE1A2B1C3D000X,1,1,1,1,1.4,1.4,1.4,1.8,0.0,0.0
5.75619,28,-13,427,0,E1A1525B1889C1295X,TE1A2B1C3D000X,1,1,1,1,1.4,1.4,1.4,1.8,0.0,0.0
5.78053,28,-13,427,0,E1A1525B1889C1293X,TE1A2B1C3D000X,1,1,1,1,1.4,1.4,1.4,1.8,0.0,0.0
5.79234,28,-13,427,0,E1A1524B1889C1292X,TE1A2B1C3D000X,1,1,1,1,1.4,1.4,1.4,1.8,0.0,0.0
5.80374,28,-13,427,0,E1A1523B1889C1290X,TE1A2B1C3D000X,1,1,1,1,1.4,1.4,1.4,1.8,0.0,0.0
5.81507,28,-13,427,0,E1A1522B1889C1288X,TE1A2B1C3D000X,1,1,1,1,1.4,1.4,1.4,1.8,0.0,0.0
5.82711,28,-13,427,0,E1A1521B1889C1286X,TE1A2B1C3D000X,1,1,1,1,1.4,1.4,1.4,1.8,0.0,0.0
5.8389,28,-13,428,0,E1A1520B1889C1284X,TE1A2B1C3D000X,1,1,1,1,1.4,1.4,1.4,1.8,0.0,0.0
5.85052,28,-13,428,0,E1A1519B1889C1282X,TE1A2B1C3D000X,1,1,1,1,1.4,1.4,1.4,1.8,0.0,0.0
5.86206,28,-13,427,0,E1A1518B1889C1280X,TE1A2B1C3D000X,1,1,1,1,1.4,1.4,1.4,1.8,0.0,0.0
5.87373,28,-13,426,0,E1A1517B1889C1278X,TE1A2B1C3D000X,1,1,1,1,1.4,1.4,1.4,1.8,0.0,0.0
5.88522,28,-13,427,0,E1A1516B1889C1276X,TE1A2B1C3D000X,1,1,1,1,1.4,1.4,1.4,1.8,0.0,0.0
5.89681,28,-13,427,0,E1A1515B1889C1275X,TE1A2B1C3D000X,1,1,1,1,1.4,1.4,1.4,1.8,0.0,0.0
5.90863,28,-14,427,0,E1A1514B1889C1273X,TE1A2B1C3D000X,1,1,1,1,1.4,1.4,1.4,1.8,0.0,0.0
5.92442,28,-14,427,0,E1A1514B1889C1272X,TE1A2B1C3D000X,1,1,1,1,1.4,1.4,1.4,1.8,0.0,0.0
5.93671,27,-14,427,0,E1A1513B1889C1270X,TE1A2B1C3D000X,1,1,1,1,1.4,1.4,1.4,1.8,0.0,0.0
5.94837,27,-13,427,0,E1A1512B1889C1269X,TE1A2B1C3D000X,1,1,1,1,1.4,1.4,1.4,1.8,0.0,0.0
5.96076,27,-13,427,0,E1A1511B1889C1268X,TE1A2B1C3D000X,1,1,1,1,1.4,1.4,1.4,1.8,0.0,0.0
5.97247,27,-13,427,0,E1A1510B1889C1267X,TE1A2B1C3D000X,1,1,1,1,1.4,1.4,1.4,1.8,0.0,0.0
5.98431,27,-13,428,0,E1A1508B1889C1266X,TE1A2B1C3D000X,1,1,1,1,1.4,1.4,1.4,1.8,0.0,0.0
5.99567,27,-13,428,0,E1A1507B1889C1265X,TE1A2B1C3D000X,1,1,1,1,1.4,1.4,1.4,1.8,0.0,0.0
6.01665,27,-13,428,0,E1A1506B1889C1264X,TE1A2B1C3D000X,1,1,1,1,1.4,1.4,1.4,1.8,0.0,0.0
6.02875,27,-13,428,0,E1A1505B1889C1263X,TE1A2B1C3D000X,1,1,1,1,1.4,1.4,1.4,1.8,0.0,0.0
6.04047,27,-13,428,0,E1A1503B1889C1262X,TE1A2B1C3D000X,1,1,1,1,1.4,1.4,1.4,1.8,0.0,0.0
6.05192,27,-13,428,0,E1A1501B1889C1261X,TE1A2B1C3D000X,1,1,1,1,1.4,1.4,1.4,1.8,0.0,0.0
6.06479,27,-13,429,0,E1A1501B1889C1260X,TE1A2B1C3D000X,1,1,1,1,1.4,1.4,1.4,1.8,0.0,0.0
6.07609,27,-13,429,0,E1A1499B1889C1259X,TE1A2B1C3D000X,1,1,1,1,1.4,1.4,1.4,1.8,0.0,0.0
6.08782,27,-13,428,0,E1A1498B1889C1257X,TE1A2B1C3D000X,1,1,1,1,1.4,1.4,1.4,1.8,0.0,0.0
6.10004,27,-13,428,0,E1A1496B1889C1255X,TE1A2B1C3D000X,1,1,1,1,1.4,1.4,1.4,1.8,0.0,0.0
6.11528,27,-13,429,0,E1A1495B1889C1254X,TE1A2B1C3D000X,1,1,1,1,1.4,1.4,1.4,1.8,0.0,0.0
6.12722,27,-13,429,0,E1A1494B1889C1252X,TE1A2B1C3D000X,1,1,1,1,1.4,1.4,1.4,1.8,0.0,0.0
6.14064,27,-13,429,0,E1A1493B1889C1249X,TE1A2B1C3D000X,1,1,1,1,1.4,1.4,1.4,1.8,0.0,0.0
6.16494,27,-13,429,0,E1A1492B1889C1247X,TE1A2B1C4D000X,1,1,1,1,1.4,1.4,1.4,1.8,0.0,0.0
6.17695,27,-13,429,0,E1A1491B1889C1245X,TE1A2B1C4D000X,1,1,1,1,1.4,1.4,1.4,1.8,0.0,0.0
6.18906,27,-14,429,0,E1A1491B1889C1243X,TE1A2B1C4D000X,1,1,1,1,1.4,1.4,1.4,1.8,0.0,0.0
6.20859,27,-14,429,0,E1A1490B1889C1241X,TE1A2B1C4D000X,1,1,1,1,1.4,1.4,1.4,1.8,0.0,0.0
6.22856,27,-14,429,0,E1A1489B1889C1239X,TE1A2B1C4D000X,1,1,1,1,1.4,1.4,1.4,1.8,0.0,0.0
6.2407,27,-14,429,0,E1A1488B1889C1238X,TE1A2B1C4D000X,1,1,1,1,1.4,1.4,1.4,1.8,0.0,0.0
6.25275,27,-14,429,0,E1A1487B1889C1237X,TE1A2B1C4D000X,1,1,1,1,1.4,1.4,1.4,1.8,0.0,0.0
6.2692,27,-14,429,0,E1A1486B1889C1235X,TE1A2B1C4D000X,1,1,1,1,1.4,1.4,1.4,1.8,0.0,0.0
6.2811,27,-13,429,0,E1A1485B1889C1234X,TE1A2B1C4D000X,1,1,1,1,1.4,1.4,1.4,1.8,0.0,0.0
6.29317,27,-13,429,0,E1A1483B1889C1233X,TE1A2B1C4D000X,1,1,1,1,1.4,1.4,1.4,1.8,0.0,0.0
6.30491,27,-13,429,0,E1A1482B1889C1232X,TE1A2B1C4D000X,1,1,1,1,1.4,1.4,1.4,1.8,0.0,0.0
6.31665,27,-13,429,0,E1A1481B1889C1230X,TE1A2B1C4D000X,1,1,1,1,1.4,1.4,1.4,1.8,0.0,0.0
6.32872,27,-13,429,0,E1A1479B1889C1229X,TE1A2B1C4D000X,1,1,1,1,1.4,1.4,1.4,1.8,0.0,0.0
6.34229,27,-13,429,0,E1A1477B1889C1228X,TE1A3B1C4D000X,1,1,1,1,1.4,1.4,1.4,1.8,0.0,0.0
6.35392,27,-13,429,0,E1A1476B1889C1226X,TE1A3B1C4D000X,1,1,1,1,1.4,1.4,1.4,1.8,0.0,0.0
6.36523,27,-13,429,0,E1A1474B1889C1225X,TE1A3B1C4D000X,1,1,1,1,1.4,1.4,1.4,1.8,0.0,0.0
6.37739,27,-13,429,0,E1A1472B1889C1224X,TE1A3B1C4D000X,1,1,1,1,1.4,1.4,1.4,1.8,0.0,0.0
6.40078,27,-13,429,0,E1A1471B1889C1223X,TE1A3B1C4D000X,1,1,1,1,1.4,1.4,1.4,1.8,0.0,0.0
6.41501,27,-13,430,0,E1A1469B1889C1222X,TE1A3B1C4D000X,1,1,1,1,1.4,1.4,1.4,1.8,0.0,0.0
6.42663,27,-13,429,0,E1A1468B1889C1221X,TE1A3B1C4D000X,1,1,1,1,1.4,1.4,1.4,1.8,0.0,0.0
6.43824,27,-13,430,0,E1A1467B1889C1220X,TE1A3B1C4D000X,1,1,1,1,1.4,1.4,1.4,1.8,0.0,0.0
6.45657,27,-13,430,0,E1A1465B1889C1218X,TE1A3B1C4D000X,1,1,1,1,1.4,1.4,1.4,1.8,0.0,0.0
6.46858,27,-13,430,0,E1A1463B1889C1216X,TE1A3B1C4D000X,1,1,1,1,1.4,1.4,1.4,1.8,0.0,0.0
6.4803,27,-13,430,0,E1A1462B1889C1214X,TE1A3B1C4D000X,1,1,1,1,1.4,1.4,1.4,1.8,0.0,0.0
6.49222,28,-13,430,0,E1A1461B1889C1212X,TE1A3B1C4D000X,1,1,1,1,1.4,1.4,1.4,1.8,0.0,0.0
6.50386,28,-13,430,0,E1A1460B1889C1210X,TE1A3B1C4D000X,1,1,1,1,1.4,1.4,1.4,1.8,0.0,0.0
6.51554,28,-13,431,0,E1A1459B1889C1208X,TE1A3B1C4D000X,1,1,1,1,1.4,1.4,1.4,1.8,0.0,0.0
6.52664,28,-14,430,0,E1A1457B1889C1205X,TE1A3B1C4D000X,1,1,1,1,1.4,1.4,1.4,1.8,0.0,0.0
6.53817,28,-14,429,0,E1A1455B1889C1202X,TE1A3B1C4D000X,1,1,1,1,1.4,1.4,1.4,1.8,0.0,0.0
6.54922,28,-14,429,0,E1A1454B1889C1199X,TE1A3B1C4D000X,1,1,1,1,1.4,1.4,1.4,1.8,0.0,0.0
6.56104,28,-14,429,0,E1A1453B1889C1196X,TE1A3B1C4D000X,1,1,1,1,1.4,1.4,1.4,1.8,0.0,0.0
6.5729,28,-14,428,0,E1A1452B1889C1193X,TE1A3B1C4D000X,1,1,1,1,1.4,1.4,1.4,1.8,0.0,0.0
6.58491,28,-14,428,0,E1A1451B1889C1190X,TE1A3B1C4D000X,1,1,1,1,1.4,1.4,1.4,1.8,0.0,0.0
6.59598,28,-15,428,0,E1A1449B1889C1187X,TE1A3B1C4D000X,1,1,1,1,1.4,1.4,1.4,1.8,0.0,0.0
6.60756,28,-15,428,0,E1A1448B1889C1185X,TE1A3B1C4D000X,1,1,1,1,1.4,1.4,1.4,1.8,0.0,0.0
6.62004,28,-15,428,0,E1A1447B1889C1183X,TE1A3B1C4D000X,1,1,1,1,1.4,1.4,1.4,1.8,0.0,0.0
6.6311,28,-15,428,0,E1A1446B1889C1180X,TE1A3B1C4D000X,1,1,1,1,1.4,1.4,1.4,1.8,0.0,0.0
6.64287,28,-15,428,0,E1A1445B1889C1178X,TE1A3B1C4D000X,1,1,1,1,1.4,1.4,1.4,1.8,0.0,0.0
6.66038,28,-15,428,0,E1A1444B1889C1176X,TE1A3B1C4D000X,1,1,1,1,1.4,1.4,1.4,1.8,0.0,0.0
6.67236,27,-15,428,0,E1A1443B1889C1174X,TE1A3B1C4D000X,1,1,1,1,1.4,1.4,1.4,1.8,0.0,0.0
6.68331,27,-15,428,0,E1A1442B1889C1172X,TE1A3B1C4D000X,1,1,1,1,1.4,1.4,1.4,1.8,0.0,0.0
6.70442,27,-15,428,0,E1A1441B1889C1170X,TE1A3B1C4D000X,1,1,1,1,1.4,1.4,1.4,1.8,0.0,0.0
6.71652,27,-15,428,0,E1A1441B1889C1168X,TE1A3B1C4D000X,1,1,1,1,1.4,1.4,1.4,1.8,0.0,0.0
6.72841,27,-15,428,0,E1A1441B1889C1166X,TE1A3B1C4D000X,1,1,1,1,1.4,1.4,1.4,1.8,0.0,0.0
6.7399,27,-16,427,0,E1A1441B1889C1164X,TE1A3B1C4D000X,1,1,1,1,1.4,1.4,1.4,1.8,0.0,0.0
6.75122,27,-16,427,0,E1A1441B1889C1162X,TE1A3B1C4D000X,1,1,1,1,1.4,1.4,1.4,1.8,0.0,0.0
6.76288,26,-16,427,0,E1A1441B1889C1160X,TE1A3B1C4D000X,1,1,1,1,1.4,1.4,1.4,1.8,0.0,0.0
6.77407,26,-16,428,0,E1A1442B1889C1157X,TE1A3B1C4D000X,1,1,1,1,1.4,1.4,1.4,1.8,0.0,0.0
6.79635,26,-16,428,0,E1A1443B1889C1155X,TE1A3B1C4D000X,1,1,1,1,1.4,1.4,1.4,1.8,0.0,0.0
6.80866,26,-16,428,0,E1A1444B1889C1152X,TE1A3B1C4D000X,1,1,1,1,1.4,1.4,1.4,1.8,0.0,0.0
6.82038,25,-17,427,0,E1A1445B1889C1150X,TE1A3B1C4D000X,1,1,1,1,1.4,1.4,1.4,1.8,0.0,0.0
6.83175,25,-17,427,0,E1A1446B1889C1147X,TE1A3B1C4D000X,1,1,1,1,1.4,1.4,1.4,1.8,0.0,0.0
6.84507,24,-17,427,0,E1A1448B1889C1145X,TE1A3B1C4D000X,1,1,1,1,1.4,1.4,1.4,1.8,0.0,0.0
6.85695,24,-17,428,0,E1A1450B1889C1142X,TE1A3B1C4D000X,1,1,1,1,1.4,1.4,1.4,1.8,0.0,0.0
6.86864,23,-18,428,0,E1A1452B1889C1140X,TE1A3B1C4D000X,1,1,1,1,1.4,1.4,1.4,1.8,0.0,0.0
6.88026,23,-18,427,0,E1A1454B1889C1138X,TE1A3B1C4D000X,1,1,1,1,1.4,1.4,1.4,1.8,0.0,0.0
6.89213,22,-18,426,0,E1A1456B1889C1135X,TE1A3B1C4D000X,1,1,1,1,1.4,1.4,1.4,1.8,0.0,0.0
6.90409,22,-18,427,0,E1A1458B1889C1133X,TE1A3B1C4D000X,1,1,1,1,1.4,1.4,1.4,1.8,0.0,0.0
6.91573,21,-18,427,0,E1A1461B1889C1131X,TE1A3B1C4D000X,1,1,1,1,1.4,1.4,1.4,1.8,0.0,0.0
6.92711,20,-18,427,0,E1A1464B1889C1129X,TE1A3B1C4D000X,1,1,1,1,1.4,1.4,1.4,1.8,0.0,0.0
6.93905,20,-19,428,0,E1A1468B1889C1129X,TE1A3B1C4D000X,1,1,1,1,1.4,1.4,1.4,1.8,0.0,0.0
6.95169,19,-19,429,0,E1A1472B1889C1129X,TE1A3B1C4D000X,1,1,1,1,1.4,1.4,1.4,1.8,0.0,0.0
6.96371,19,-19,430,0,E1A1475B1889C1128X,TE1A3B1C4D000X,1,1,1,1,1.4,1.4,1.4,1.8,0.0,0.0
6.97568,18,-19,430,0,E1A1478B1889C1127X,TE1A3B1C4D000X,1,1,1,1,1.4,1.4,1.4,1.8,0.0,0.0
6.98762,17,-19,429,0,E1A1481B1889C1126X,TE1A3B1C4D000X,1,1,1,1,1.4,1.4,1.4,1.8,0.0,0.0
6.99932,17,-19,429,0,E1A1484B1889C1125X,TE1A3B1C4D000X,1,1,1,1,1.4,1.4,1.4,1.8,0.0,0.0
7.01059,16,-19,429,0,E1A1486B1889C1124X,TE1A2B1C4D000X,1,1,1,1,1.4,1.4,1.4,1.8,0.0,0.0
7.02253,15,-19,429,0,E1A1489B1889C1123X,TE1A2B1C4D000X,1,1,1,1,1.4,1.4,1.4,1.8,0.0,0.0
7.03567,15,-19,430,0,E1A1492B1889C1123X,TE1A2B1C4D000X,1,1,1,1,1.4,1.4,1.4,1.8,0.0,0.0
7.04936,14,-19,430,0,E1A1495B1889C1122X,TE1A2B1C4D000X,1,1,1,1,1.4,1.4,1.4,1.8,0.0,0.0
7.06196,13,-19,429,0,E1A1498B1889C1120X,TE1A2B1C4D000X,1,1,1,1,1.4,1.4,1.4,1.8,0.0,0.0
7.07646,13,-19,429,0,E1A1501B1889C1118X,TE1A2B1C4D000X,1,1,1,1,1.4,1.4,1.4,1.8,0.0,0.0
7.08858,12,-19,429,0,E1A1504B1889C1117X,TE1A2B1C4D000X,1,1,1,1,1.4,1.4,1.4,1.8,0.0,0.0
7.10052,11,-19,429,0,E1A1507B1889C1115X,TE1A2B1C4D000X,1,1,1,1,1.4,1.4,1.4,1.8,0.0,0.0
7.11212,11,-19,429,0,E1A1510B1889C1113X,TE1A2B1C4D000X,1,1,1,1,1.4,1.4,1.4,1.8,0.0,0.0
7.12389,10,-19,429,0,E1A1514B1889C1111X,TE1A2B1C4D000X,1,1,1,1,1.4,1.4,1.4,1.8,0.0,0.0
7.13542,9,-20,430,0,E1A1518B1889C1110X,TE1A2B1C4D000X,1,1,1,1,1.4,1.4,1.4,1.8,0.0,0.0
7.14683,9,-20,431,0,E1A1523B1889C1108X,TE1A2B1C4D000X,1,1,1,1,1.4,1.4,1.4,1.8,0.0,0.0
7.15963,8,-20,431,0,E1A1527B1889C1106X,TE1A2B1C4D000X,1,1,1,1,1.4,1.4,1.4,1.8,0.0,0.0
7.17619,7,-21,432,0,E1A1531B1889C1104X,TE1A2B1C4D000X,1,1,1,1,1.4,1.4,1.4,1.8,0.0,0.0
7.18967,7,-21,432,0,E1A1535B1889C1100X,TE1A2B1C4D000X,1,1,1,1,1.4,1.4,1.4,1.8,0.0,0.0
7.20112,6,-21,431,0,E1A1539B1889C1096X,TE1A2B1C4D000X,1,1,1,1,1.4,1.4,1.4,1.8,0.0,0.0
7.2242,5,-21,429,0,E1A1542B1889C1091X,TE1A2B1C4D000X,1,1,1,1,1.4,1.4,1.4,1.8,0.0,0.0
7.23646,4,-22,429,0,E1A1546B1889C1087X,TE1A2B1C4D000X,1,1,1,1,1.4,1.4,1.4,1.8,0.0,0.0
7.24823,4,-22,430,0,E1A1551B1889C1084X,TE1A2B1C4D000X,1,1,1,1,1.4,1.4,1.4,1.8,0.0,0.0
7.26482,3,-22,430,0,E1A1555B1889C1081X,TE1A2B1C4D000X,1,1,1,1,1.4,1.4,1.4,1.8,0.0,0.0
7.27653,2,-23,430,0,E1A1559B1889C1078X,TE1A2B1C4D000X,1,1,1,1,1.4,1.4,1.4,1.8,0.0,0.0
7.28847,1,-23,431,0,E1A1563B1889C1075X,TE1A2B1C4D000X,1,1,1,1,1.4,1.4,1.4,1.8,0.0,0.0
7.3017,1,-23,431,0,E1A1567B1889C1072X,TE1A2B1C4D000X,1,1,1,1,1.4,1.4,1.4,1.8,0.0,0.0
7.3242,0,-24,431,0,E1A1571B1889C1068X,TE1A2B1C4D000X,1,1,1,1,1.4,1.4,1.4,1.8,0.0,0.0
7.33645,0,-24,432,0,E1A1576B1889C1066X,TE1A2B1C4D000X,1,1,1,1,1.4,1.4,1.4,1.8,0.0,0.0
7.36038,0,-24,431,0,E1A1579B1889C1061X,TE1A2B1C4D000X,1,1,1,1,1.4,1.4,1.4,1.8,0.0,0.0
7.37242,-1,-25,432,0,E1A1583B1889C1058X,TE1A2B1C4D000X,1,1,1,1,1.4,1.4,1.4,1.8,0.0,0.0
7.38403,-1,-25,432,0,E1A1587B1889C1055X,TE1A2B1C4D000X,1,1,1,1,1.4,1.4,1.4,1.8,0.0,0.0
7.39608,-2,-25,432,0,E1A1589B1889C1051X,TE1A2B1C4D000X,1,1,1,1,1.4,1.4,1.4,1.8,0.0,0.0
7.40769,-2,-25,432,0,E1A1592B1889C1048X,TE1A2B1C4D000X,1,1,1,1,1.4,1.4,1.4,1.8,0.0,0.0
7.44045,-3,-26,432,0,E1A1595B1889C1044X,TE1A2B1C4D000X,1,1,1,1,1.4,1.4,1.4,1.8,0.0,0.0
7.45185,-3,-26,432,0,E1A1598B1889C1040X,TE1A2B1C4D000X,1,1,1,1,1.4,1.4,1.4,1.8,0.0,0.0
7.48452,-4,-26,434,0,E1A1603B1889C1038X,TE1A2B1C4D000X,1,1,1,1,1.4,1.4,1.4,1.8,0.0,0.0
7.49635,-4,-26,433,0,E1A1606B1889C1034X,TE1A2B1C4D000X,1,1,1,1,1.4,1.4,1.4,1.8,0.0,0.0
7.50803,-5,-26,433,0,E1A1610B1889C1031X,TE1A2B1C4D000X,1,1,1,1,1.4,1.4,1.4,1.8,0.0,0.0
7.52831,-6,-26,433,0,E1A1614B1889C1028X,TE1A2B1C4D000X,1,1,1,1,1.4,1.4,1.4,1.8,0.0,0.0
7.54014,-7,-27,433,0,E1A1618B1889C1025X,TE1A2B1C4D000X,1,1,1,1,1.4,1.4,1.4,1.8,0.0,0.0
7.55242,-7,-27,432,0,E1A1621B1889C1021X,TE1A2B1C4D000X,1,1,1,1,1.4,1.4,1.4,1.8,0.0,0.0
7.57248,-8,-27,432,0,E1A1625B1889C1019X,TE1A2B1C5D000X,1,1,1,1,1.4,1.4,1.4,1.8,0.0,0.0
7.58431,-9,-27,433,0,E1A1630B1889C1017X,TE1A2B1C5D000X,1,1,1,1,1.4,1.4,1.4,1.8,0.0,0.0
7.59637,-9,-27,433,0,E1A1634B1889C1014X,TE1A2B1C5D000X,1,1,1,1,1.4,1.4,1.4,1.8,0.0,0.0
7.60837,-10,-27,433,0,E1A1638B1889C1012X,TE1A2B1C5D000X,1,1,1,1,1.4,1.4,1.4,1.8,0.0,0.0
7.62837,-11,-27,433,0,E1A1642B1889C1010X,TE1A2B1C5D000X,1,1,1,1,1.4,1.4,1.4,1.8,0.0,0.0
7.64047,-11,-27,433,0,E1A1646B1889C1006X,TE1A2B1C5D000X,1,1,1,1,1.4,1.4,1.4,1.8,0.0,0.0
7.6524,-12,-27,433,0,E1A1650B1889C1004X,TE1A2B1C5D000X,1,1,1,1,1.4,1.4,1.4,1.8,0.0,0.0
7.66437,-13,-27,433,0,E1A1653B1889C1002X,TE1A2B1C5D000X,1,1,1,1,1.4,1.4,1.4,1.8,0.0,0.0
7.67633,-13,-27,433,0,E1A1656B1889C0999X,TE1A2B1C5D000X,1,1,1,1,1.4,1.4,1.4,1.8,0.0,0.0
7.68846,-14,-27,433,0,E1A1659B1889C0997X,TE1A2B1C5D000X,1,1,1,1,1.4,1.4,1.4,1.8,0.0,0.0
7.70019,-14,-27,433,0,E1A1662B1889C0995X,TE1A2B1C5D000X,1,1,1,1,1.4,1.4,1.4,1.8,0.0,0.0
7.72037,-14,-27,434,0,E1A1665B1889C0992X,TE1A2B1C5D000X,1,1,1,1,1.4,1.4,1.4,1.8,0.0,0.0
7.73226,-15,-27,433,0,E1A1667B1889C0989X,TE1A2B1C5D000X,1,1,1,1,1.4,1.4,1.4,1.8,0.0,0.0
7.75661,-15,-27,432,0,E1A1669B1889C0986X,TE1A2B1C5D000X,1,1,1,1,1.4,1.4,1.4,1.8,0.0,0.0
7.76997,-15,-27,433,0,E1A1671B1889C0984X,TE1A2B1C5D000X,1,1,1,1,1.4,1.4,1.4,1.8,0.0,0.0
7.78321,-16,-26,431,0,E1A1673B1889C0980X,TE1A2B1C5D000X,1,1,1,1,1.4,1.4,1.4,1.8,0.0,0.0
7.79441,-16,-27,432,0,E1A1675B1889C0978X,TE1A2B1C5D000X,1,1,1,1,1.4,1.4,1.4,1.8,0.0,0.0
7.80581,-16,-27,432,0,E1A1677B1889C0975X,TE1A2B1C5D000X,1,1,1,1,1.4,1.4,1.4,1.8,0.0,0.0
7.81696,-16,-27,432,0,E1A1679B1889C0972X,TE1A2B1C5D000X,1,1,1,1,1.4,1.4,1.4,1.8,0.0,0.0
7.82845,-16,-27,432,0,E1A1681B1889C0969X,TE1A2B1C5D000X,1,1,1,1,1.4,1.4,1.4,1.8,0.0,0.0
7.83998,-16,-27,432,0,E1A1682B1889C0966X,TE1A2B1C5D000X,1,1,1,1,1.4,1.4,1.4,1.8,0.0,0.0
7.85633,-17,-27,431,0,E1A1683B1889C0962X,TE1A2B1C5D000X,1,1,1,1,1.4,1.4,1.4,1.8,0.0,0.0
7.8683,-17,-27,432,0,E1A1684B1889C0960X,TE1A2B1C5D000X,1,1,1,1,1.4,1.4,1.4,1.8,0.0,0.0
7.88,-17,-27,432,0,E1A1685B1889C0957X,TE1A2B1C5D000X,1,1,1,1,1.4,1.4,1.4,1.8,0.0,0.0
7.89157,-17,-27,432,0,E1A1686B1889C0955X,TE1A2B1C5D000X,1,1,1,1,1.4,1.4,1.4,1.8,0.0,0.0
7.90302,-17,-27,433,0,E1A1687B1889C0953X,TE1A2B1C5D000X,1,1,1,1,1.4,1.4,1.4,1.8,0.0,0.0
7.91438,-17,-27,433,0,E1A1688B1889C0951X,TE1A2B1C5D000X,1,1,1,1,1.4,1.4,1.4,1.8,0.0,0.0
7.92555,-16,-27,432,0,E1A1689B1889C0948X,TE1A2B1C5D000X,1,1,1,1,1.4,1.4,1.4,1.8,0.0,0.0
7.94855,-17,-27,433,0,E1A1690B1889C0946X,TE1A2B1C5D000X,1,1,1,1,1.4,1.4,1.4,1.8,0.0,0.0
7.96008,-16,-27,433,0,E1A1691B1889C0943X,TE1A2B1C5D000X,1,1,1,1,1.4,1.4,1.4,1.8,0.0,0.0
7.9714,-16,-27,433,0,E1A1692B1889C0941X,TE1A2B1C5D000X,1,1,1,1,1.4,1.4,1.4,1.8,0.0,0.0
7.98293,-16,-27,434,0,E1A1693B1889C0939X,TE1A2B1C5D000X,1,1,1,1,1.4,1.4,1.4,1.8,0.0,0.0
7.9942,-16,-27,433,0,E1A1693B1889C0936X,TE1A2B1C5D000X,1,1,1,1,1.4,1.4,1.4,1.8,0.0,0.0
8.00563,-16,-26,433,0,E1A1694B1889C0934X,TE1A2B1C5D000X,1,1,1,1,1.4,1.4,1.4,1.8,0.0,0.0
8.01667,-16,-26,433,0,E1A1695B1889C0932X,TE1A2B1C5D000X,1,1,1,1,1.4,1.4,1.4,1.8,0.0,0.0
8.02807,-16,-26,432,0,E1A1695B1889C0928X,TE1A2B1C5D000X,1,1,1,1,1.4,1.4,1.4,1.8,0.0,0.0
8.03957,-16,-26,432,0,E1A1695B1889C0924X,TE1A2B1C5D000X,1,1,1,1,1.4,1.4,1.4,1.8,0.0,0.0
8.05094,-16,-26,432,0,E1A1696B1889C0922X,TE1A2B1C5D000X,1,1,1,1,1.4,1.4,1.4,1.8,0.0,0.0
8.07997,-16,-26,432,0,E1A1697B1889C0920X,TE1A2B1C5D000X,1,1,1,1,1.4,1.4,1.4,1.8,0.0,0.0
8.10418,-16,-26,432,0,E1A1697B1889C0917X,TE1A2B1C5D000X,1,1,1,1,1.4,1.4,1.4,1.8,0.0,0.0
8.11634,-16,-26,433,0,E1A1698B1889C0914X,TE1A2B1C5D000X,1,1,1,1,1.4,1.4,1.4,1.8,0.0,0.0
8.12842,-16,-26,433,0,E1A1699B1889C0912X,TE1A2B1C5D000X,1,1,1,1,1.4,1.4,1.4,1.8,0.0,0.0
8.14058,-16,-26,433,0,E1A1700B1889C0910X,TE1A2B1C5D000X,1,1,1,1,1.4,1.4,1.4,1.8,0.0,0.0
8.16071,-16,-26,434,0,E1A1701B1889C0909X,TE1A2B1C5D000X,1,1,1,1,1.4,1.4,1.4,1.8,0.0,0.0
8.1726,-16,-26,435,0,E1A1702B1889C0907X,TE1A2B1C5D000X,1,1,1,1,1.4,1.4,1.4,1.8,0.0,0.0
8.18447,-16,-26,435,0,E1A1703B1889C0905X,TE1A2B1C5D000X,1,1,1,1,1.4,1.4,1.4,1.8,0.0,0.0
8.19663,-16,-26,434,0,E1A1704B1889C0903X,TE1A2B1C5D000X,1,1,1,1,1.4,1.4,1.4,1.8,0.0,0.0
8.20975,-16,-26,434,0,E1A1705B1889C0901X,TE1A2B1C5D000X,1,1,1,1,1.4,1.4,1.4,1.8,0.0,0.0
8.22436,-16,-26,435,0,E1A1707B1889C0902X,TE1A2B1C5D000X,1,1,1,1,1.4,1.4,1.4,1.8,0.0,0.0
8.23619,-16,-26,436,0,E1A1708B1889C0901X,TE1A2B1C5D000X,1,1,1,1,1.4,1.4,1.4,1.8,0.0,0.0
8.2725,-16,-25,436,0,E1A1710B1889C0902X,TE1A1B1C5D000X,1,1,1,1,1.4,1.4,1.4,1.8,0.0,0.0
8.28427,-17,-25,437,0,E1A1712B1889C0905X,TE1A1B1C5D000X,1,1,1,1,1.4,1.4,1.4,1.8,0.0,0.0
8.29625,-17,-24,437,0,E1A1714B1889C0907X,TE1A1B1C5D000X,1,1,1,1,1.4,1.4,1.4,1.8,0.0,0.0
8.30851,-17,-23,437,0,E1A1716B1889C0910X,TE1A1B1C5D000X,1,1,1,1,1.4,1.4,1.4,1.8,0.0,0.0
8.32059,-18,-23,438,0,E1A1719B1889C0914X,TE1A1B1C5D000X,1,1,1,1,1.4,1.4,1.4,1.8,0.0,0.0
8.33233,-18,-22,437,0,E1A1720B1889C0916X,TE1A1B1C5D000X,1,1,1,1,1.4,1.4,1.4,1.8,0.0,0.0
8.34368,-18,-21,436,0,E1A1721B1889C0918X,TE1A1B1C5D000X,1,1,1,1,1.4,1.4,1.4,1.8,0.0,0.0
8.36438,-18,-20,436,0,E1A1723B1889C0923X,TE1A1B1C5D000X,1,1,1,1,1.4,1.4,1.4,1.8,0.0,0.0
8.37673,-19,-19,435,0,E1A1724B1889C0926X,TE1A1B1C5D000X,1,1,1,1,1.4,1.4,1.4,1.8,0.0,0.0
8.39819,-19,-18,434,0,E1A1725B1889C0930X,TE1A1B1C5D000X,1,1,1,1,1.4,1.4,1.4,1.8,0.0,0.0
8.40988,-19,-17,433,0,E1A1727B1889C0935X,TE1A1B1C5D000X,1,1,1,1,1.4,1.4,1.4,1.8,0.0,0.0
8.42164,-19,-16,432,0,E1A1728B1889C0940X,TE1A1B1C5D000X,1,1,1,1,1.4,1.4,1.4,1.8,0.0,0.0
8.44444,-19,-15,430,0,E1A1728B1889C0944X,TE1A1B1C5D000X,1,1,1,1,1.4,1.4,1.4,1.8,0.0,0.0
8.45651,-20,-14,428,0,E1A1729B1889C0948X,TE1A1B1C5D000X,1,1,1,1,1.4,1.4,1.4,1.8,0.0,0.0
8.4765,-20,-13,426,0,E1A1730B1889C0952X,TE1A1B1C5D000X,1,1,1,1,1.4,1.4,1.4,1.8,0.0,0.0
8.48865,-20,-11,425,0,E1A1731B1889C0957X,TE1A1B1C5D000X,1,1,1,1,1.4,1.4,1.4,1.8,0.0,0.0
8.50066,-20,-11,424,0,E1A1733B1889C0961X,TE1A1B1C5D000X,1,1,1,1,1.4,1.4,1.4,1.8,0.0,0.0
8.51225,-21,-10,422,0,E1A1734B1889C0963X,TE1A1B1C5D000X,1,1,1,1,1.4,1.4,1.4,1.8,0.0,0.0
8.52378,-21,-9,420,0,E1A1735B1889C0966X,TE1A1B1C5D000X,1,1,1,1,1.4,1.4,1.4,1.8,0.0,0.0
8.53506,-21,-8,419,0,E1A1737B1889C0967X,TE1A1B1C5D000X,1,1,1,1,1.4,1.4,1.4,1.8,0.0,0.0
8.54588,-21,-7,417,0,E1A1738B1889C0970X,TE1A1B1C5D000X,1,1,1,1,1.4,1.4,1.4,1.8,0.0,0.0
8.56837,-22,-7,416,0,E1A1740B1889C0972X,TE1A1B1C5D000X,1,1,1,1,1.4,1.4,1.4,1.8,0.0,0.0
8.58029,-22,-6,415,0,E1A1742B1889C0974X,TE1A1B1C5D000X,1,1,1,1,1.4,1.4,1.4,1.8,0.0,0.0
8.59204,-22,-5,414,0,E1A1744B1889C0976X,TE1A1B1C5D000X,1,1,1,1,1.4,1.4,1.4,1.8,0.0,0.0
8.61231,-23,-5,413,0,E1A1747B1889C0979X,TE1A1B1C5D000X,1,1,1,1,1.4,1.4,1.4,1.8,0.0,0.0
8.63667,-23,-4,412,0,E1A1749B1889C0982X,TE1A1B1C5D000X,1,1,1,1,1.4,1.4,1.4,1.8,0.0,0.0
8.64809,-24,-4,411,0,E1A1752B1889C0984X,TE1A1B1C5D000X,1,1,1,1,1.4,1.4,1.4,1.8,0.0,0.0
8.65948,-24,-3,411,0,E1A1755B1889C0987X,TE1A1B1C5D000X,1,1,1,1,1.4,1.4,1.4,1.8,0.0,0.0
8.67088,-24,-2,410,0,E1A1758B1889C0989X,TE1A1B1C5D000X,1,1,1,1,1.4,1.4,1.4,1.8,0.0,0.0
8.69391,-25,-2,410,0,E1A1760B1889C0993X,TE1A1B1C5D000X,1,1,1,1,1.4,1.4,1.4,1.8,0.0,0.0
8.70589,-25,-1,409,0,E1A1763B1889C0996X,TE1A1B1C5D000X,1,1,1,1,1.4,1.4,1.4,1.8,0.0,0.0
8.71723,-25,-1,409,0,E1A1765B1889C0999X,TE1A1B1C5D000X,1,1,1,1,1.4,1.4,1.4,1.8,0.0,0.0
8.72877,-26,0,410,0,E1A1768B1889C1004X,TE1A1B1C5D000X,1,1,1,1,1.4,1.4,1.4,1.8,0.0,0.0
8.74019,-26,0,410,0,E1A1770B1889C1007X,TE1A1B1C5D000X,1,1,1,1,1.4,1.4,1.4,1.8,0.0,0.0
8.75113,-26,0,410,0,E1A1772B1889C1009X,TE1A1B1C5D000X,1,1,1,1,1.4,1.4,1.4,1.8,0.0,0.0
8.77225,-26,0,409,0,E1A1773B1889C1011X,TE1A1B1C5D000X,1,1,1,1,1.4,1.4,1.4,1.8,0.0,0.0
8.78368,-26,0,410,0,E1A1774B1889C1013X,TE1A1B1C5D000X,1,1,1,1,1.4,1.4,1.4,1.8,0.0,0.0
8.7948,-26,0,410,0,E1A1775B1889C1013X,TE1A1B1C5D000X,1,1,1,1,1.4,1.4,1.4,1.8,0.0,0.0
8.80638,-26,0,410,0,E1A1775B1889C1013X,TE1A1B1C5D000X,1,1,1,1,1.4,1.4,1.4,1.8,0.0,0.0
8.81741,-25,0,410,0,E1A1776B1889C1012X,TE1A1B1C5D000X,1,1,1,1,1.4,1.4,1.4,1.8,0.0,0.0
8.84027,-25,0,410,0,E1A1776B1889C1010X,TE1A1B1C5D000X,1,1,1,1,1.4,1.4,1.4,1.8,0.0,0.0
8.85155,-25,0,410,0,E1A1776B1889C1007X,TE1A1B1C5D000X,1,1,1,1,1.4,1.4,1.4,1.8,0.0,0.0
8.86306,-25,0,411,0,E1A1777B1889C1005X,TE1A1B1C5D000X,1,1,1,1,1.4,1.4,1.4,1.8,0.0,0.0
8.87445,-25,-1,411,0,E1A1777B1889C1001X,TE1A1B1C5D000X,1,1,1,1,1.4,1.4,1.4,1.8,0.0,0.0
8.88529,-24,-1,411,0,E1A1777B1889C0997X,TE1A1B1C5D000X,1,1,1,1,1.4,1.4,1.4,1.8,0.0,0.0
8.90414,-24,-2,412,0,E1A1778B1889C0994X,TE1A1B1C5D000X,1,1,1,1,1.4,1.4,1.4,1.8,0.0,0.0
8.91656,-24,-2,413,0,E1A1778B1889C0991X,TE1A1B1C5D000X,1,1,1,1,1.4,1.4,1.4,1.8,0.0,0.0
8.92824,-24,-2,413,0,E1A1778B1889C0987X,TE1A1B1C5D000X,1,1,1,1,1.4,1.4,1.4,1.8,0.0,0.0
8.94182,-23,-3,413,0,E1A1778B1889C0983X,TE1A1B1C5D000X,1,1,1,1,1.4,1.4,1.4,1.8,0.0,0.0
8.95388,-23,-3,413,0,E1A1779B1889C0979X,TE1A1B1C5D000X,1,1,1,1,1.4,1.4,1.4,1.8,0.0,0.0
8.96482,-23,-4,413,0,E1A1779B1889C0976X,TE1A1B1C5D000X,1,1,1,1,1.4,1.4,1.4,1.8,0.0,0.0
8.97632,-23,-4,412,0,E1A1779B1889C0971X,TE1A1B1C5D000X,1,1,1,1,1.4,1.4,1.4,1.8,0.0,0.0
8.98773,-23,-4,412,0,E1A1779B1889C0967X,TE1A1B1C5D000X,1,1,1,1,1.4,1.4,1.4,1.8,0.0,0.0
8.99913,-22,-5,413,0,E1A1779B1889C0965X,TE1A1B1C5D000X,1,1,1,1,1.4,1.4,1.4,1.8,0.0,0.0
9.00996,-22,-5,413,0,E1A1779B1889C0960X,TE1A1B1C5D000X,1,1,1,1,1.4,1.4,1.4,1.8,0.0,0.0
9.02155,-22,-6,413,0,E1A1779B1889C0956X,TE1A1B1C5D000X,1,1,1,1,1.4,1.4,1.4,1.8,0.0,0.0
9.03384,-22,-6,414,0,E1A1779B1889C0952X,TE1A1B1C5D000X,1,1,1,1,1.4,1.4,1.4,1.8,0.0,0.0
9.04474,-21,-7,415,0,E1A1779B1889C0949X,TE1A1B1C5D000X,1,1,1,1,1.4,1.4,1.4,1.8,0.0,0.0
9.06404,-21,-7,415,0,E1A1779B1889C0944X,TE1A1B1C5D000X,1,1,1,1,1.4,1.4,1.4,1.8,0.0,0.0
9.07631,-21,-8,416,0,E1A1779B1889C0939X,TE1A1B1C5D000X,1,1,1,1,1.4,1.4,1.4,1.8,0.0,0.0
9.08831,-20,-9,418,0,E1A1780B1889C0934X,TE1A1B1C5D000X,1,1,1,1,1.4,1.4,1.4,1.8,0.0,0.0
9.10037,-20,-10,420,0,E1A1781B1889C0929X,TE1A1B1C5D000X,1,1,1,1,1.4,1.4,1.4,1.8,0.0,0.0
9.11138,-20,-10,422,0,E1A1782B1889C0924X,TE1A1B1C5D000X,1,1,1,1,1.4,1.4,1.4,1.8,0.0,0.0
9.12285,-20,-11,424,0,E1A1783B1889C0919X,TE1A1B1C5D000X,1,1,1,1,1.4,1.4,1.4,1.8,0.0,0.0
9.13417,-20,-12,425,0,E1A1783B1889C0911X,TE1A1B1C5D000X,1,1,1,1,1.4,1.4,1.4,1.8,0.0,0.0
9.14491,-20,-13,426,0,E1A1784B1889C0903X,TE1A1B1C5D000X,1,1,1,1,1.4,1.4,1.4,1.8,0.0,0.0
9.15653,-19,-14,427,0,E1A1784B1889C0895X,TE1A1B1C5D000X,1,1,1,1,1.4,1.4,1.4,1.8,0.0,0.0
9.17663,-19,-16,429,0,E1A1785B1889C0886X,TE1A1B1C5D000X,1,1,1,1,1.4,1.4,1.4,1.8,0.0,0.0
9.18825,-19,-17,432,0,E1A1787B1889C0878X,TE1A1B1C5D000X,1,1,1,1,1.4,1.4,1.4,1.8,0.0,0.0
9.20024,-19,-18,432,0,E1A1787B1889C0868X,TE1A1B1C5D000X,1,1,1,1,1.4,1.4,1.4,1.8,0.0,0.0
9.212,-19,-19,432,0,E1A1788B1889C0857X,TE1A1B1C5D000X,1,1,1,1,1.4,1.4,1.4,1.8,0.0,0.0
9.22366,-19,-20,434,0,E1A1788B1889C0847X,TE1A1B1C5D000X,1,1,1,1,1.4,1.4,1.4,1.8,0.0,0.0
9.23494,-19,-22,435,0,E1A1789B1889C0837X,TE1A1B1C5D000X,1,1,1,1,1.4,1.4,1.4,1.8,0.0,0.0
9.2461,-18,-23,435,0,E1A1789B1889C0826X,TE1A1B1C5D000X,1,1,1,1,1.4,1.4,1.4,1.8,0.0,0.0
9.25767,-18,-24,436,0,E1A1790B1889C0817X,TE1A1B1C5D000X,1,1,1,1,1.4,1.4,1.4,1.8,0.0,0.0
9.26851,-18,-25,436,0,E1A1790B1889C0807X,TE1A1B1C5D000X,1,1,1,1,1.4,1.4,1.4,1.8,0.0,0.0
9.28004,-18,-26,437,0,E1A1790B1889C0798X,TE1A1B1C5D000X,1,1,1,1,1.4,1.4,1.4,1.8,0.0,0.0
9.29185,-18,-27,437,0,E1A1791B1889C0789X,TE1A1B1C5D000X,1,1,1,1,1.4,1.4,1.4,1.8,0.0,0.0
9.30347,-17,-27,437,0,E1A1791B1889C0779X,TE1A1B1C5D000X,1,1,1,1,1.4,1.4,1.4,1.8,0.0,0.0
9.31491,-17,-28,437,0,E1A1791B1889C0769X,TE1A1B1C6D000X,1,1,1,1,1.4,1.4,1.4,1.8,0.0,0.0
9.32598,-17,-29,437,0,E1A1791B1889C0760X,TE1A1B1C6D000X,1,1,1,1,1.4,1.4,1.4,1.8,0.0,0.0
9.33747,-17,-30,437,0,E1A1792B1889C0751X,TE1A1B1C6D000X,1,1,1,1,1.4,1.4,1.4,1.8,0.0,0.0
9.34871,-17,-30,437,0,E1A1792B1889C0741X,TE1A1B1C6D000X,1,1,1,1,1.4,1.4,1.4,1.8,0.0,0.0
9.36025,-17,-31,437,0,E1A1793B1889C0732X,TE1A1B1C6D000X,1,1,1,1,1.4,1.4,1.4,1.8,0.0,0.0
9.37185,-17,-32,437,0,E1A1794B1889C0723X,TE1A1B1C6D000X,1,1,1,1,1.4,1.4,1.4,1.8,0.0,0.0
9.38335,-17,-33,437,0,E1A1795B1889C0714X,TE1A1B1C6D000X,1,1,1,1,1.4,1.4,1.4,1.8,0.0,0.0
9.39441,-17,-33,438,0,E1A1797B1889C0706X,TE1A1B1C6D000X,1,1,1,1,1.4,1.4,1.4,1.8,0.0,0.0
9.40586,-17,-34,438,0,E1A1798B1889C0697X,TE1A1B1C6D000X,1,1,1,1,1.4,1.4,1.4,1.8,0.0,0.0
9.41699,-18,-35,439,0,E1A1800B1889C0689X,TE1A1B1C6D000X,1,1,1,1,1.4,1.4,1.4,1.8,0.0,0.0
9.42852,-18,-35,439,0,E1A1802B1889C0680X,TE1A1B1C6D000X,1,1,1,1,1.4,1.4,1.4,1.8,0.0,0.0
9.43993,-18,-36,439,0,E1A1804B1889C0671X,TE1A1B1C6D000X,1,1,1,1,1.4,1.4,1.4,1.8,0.0,0.0
9.46072,-18,-36,439,0,E1A1806B1889C0661X,TE1A1B1C6D000X,1,1,1,1,1.4,1.4,1.4,1.8,0.0,0.0
9.47247,-19,-37,438,0,E1A1808B1889C0651X,TE1A1B1C6D000X,1,1,1,1,1.4,1.4,1.4,1.8,0.0,0.0
9.48355,-19,-37,438,0,E1A1811B1889C0642X,TE1A1B1C6D000X,1,1,1,1,1.4,1.4,1.4,1.8,0.0,0.0
9.49505,-19,-38,438,0,E1A1813B1889C0632X,TE1A1B1C6D000X,1,1,1,1,1.4,1.4,1.4,1.8,0.0,0.0
9.50657,-20,-38,438,0,E1A1816B1889C0623X,TE1A1B1C6D000X,1,1,1,1,1.4,1.4,1.4,1.8,0.0,0.0
9.51798,-20,-39,438,0,E1A1818B1889C0615X,TE1A1B1C6D000X,1,1,1,1,1.4,1.4,1.4,1.8,0.0,0.0
9.52925,-20,-39,438,0,E1A1820B1889C0606X,TE1A1B1C6D000X,1,1,1,1,1.4,1.4,1.4,1.8,0.0,0.0
9.54075,-21,-39,439,0,E1A1824B1889C0599X,TE1A1B1C6D000X,1,1,1,1,1.4,1.4,1.4,1.8,0.0,0.0
9.55191,-21,-40,439,0,E1A1826B1889C0590X,TE1A1B1C6D000X,1,1,1,1,1.4,1.4,1.4,1.8,0.0,0.0
9.56389,-22,-40,438,0,E1A1829B1889C0582X,TE1A1B1C6D000X,1,1,1,1,1.4,1.4,1.4,1.8,0.0,0.0
9.57545,-22,-40,438,0,E1A1831B1889C0574X,TE1A1B1C6D000X,1,1,1,1,1.4,1.4,1.4,1.8,0.0,0.0
9.58679,-22,-40,438,0,E1A1833B1889C0566X,TE1A1B1C6D000X,1,1,1,1,1.4,1.4,1.4,1.8,0.0,0.0
9.60425,-23,-41,438,0,E1A1835B1889C0560X,TE1A1B1C6D000X,1,1,1,1,1.4,1.4,1.4,1.8,0.0,0.0
9.61616,-23,-40,437,0,E1A1838B1889C0554X,TE1A1B1C6D000X,1,1,1,1,1.4,1.4,1.4,1.8,0.0,0.0
9.63004,-23,-40,437,0,E1A1840B1889C0549X,TE1A1B1C7D000X,1,1,1,1,1.4,1.4,1.4,1.8,0.0,0.0
9.64322,-23,-40,437,0,E1A1841B1889C0544X,TE1A1B1C7D000X,1,1,1,1,1.4,1.4,1.4,1.8,0.0,0.0
9.65477,-24,-40,438,0,E1A1844B1889C0543X,TE1A1B1C7D000X,1,1,1,1,1.4,1.4,1.4,1.8,0.0,0.0
9.6663,-24,-39,438,0,E1A1845B1889C0540X,TE1A1B1C7D000X,1,1,1,1,1.4,1.4,1.4,1.8,0.0,0.0
9.67734,-24,-39,437,0,E1A1847B1889C0539X,TE1A1B1C7D000X,1,1,1,1,1.4,1.4,1.4,1.8,0.0,0.0
9.6888,-24,-38,438,0,E1A1849B1889C0539X,TE1A1B1C7D000X,1,1,1,1,1.4,1.4,1.4,1.8,0.0,0.0
9.70047,-25,-38,438,0,E1A1851B1889C0539X,TE1A1B1C7D000X,1,1,1,1,1.4,1.4,1.4,1.8,0.0,0.0
9.71158,-25,-37,439,0,E1A1852B1889C0542X,TE1A1B1C7D000X,1,1,1,1,1.4,1.4,1.4,1.8,0.0,0.0
9.72302,-25,-36,438,0,E1A1853B1889C0544X,TE1A1B1C7D000X,1,1,1,1,1.4,1.4,1.4,1.8,0.0,0.0
9.73435,-25,-35,438,0,E1A1854B1889C0548X,TE1A1B1C7D000X,1,1,1,1,1.4,1.4,1.4,1.8,0.0,0.0
9.75209,-24,-34,438,0,E1A1854B1889C0554X,TE1A1B1C7D000X,1,1,1,1,1.4,1.4,1.4,1.8,0.0,0.0
9.76423,-24,-32,438,0,E1A1855B1889C0560X,TE1A1B1C7D000X,1,1,1,1,1.4,1.4,1.4,1.8,0.0,0.0
9.77604,-24,-31,437,0,E1A1855B1889C0568X,TE1A1B1C7D000X,1,1,1,1,1.4,1.4,1.4,1.8,0.0,0.0
9.78848,-24,-29,437,0,E1A1855B1889C0576X,TE1A1B1C7D000X,1,1,1,1,1.4,1.4,1.4,1.8,0.0,0.0
9.79983,-24,-28,436,0,E1A1854B1889C0584X,TE1A1B1C7D000X,1,1,1,1,1.4,1.4,1.4,1.8,0.0,0.0
9.81072,-23,-26,440,0,E1A1855B1889C0601X,TE1A1B1C6D000X,1,1,1,1,1.4,1.4,1.4,1.8,0.0,0.0
9.82206,-23,-25,440,0,E1A1854B1889C0611X,TE1A1B1C6D000X,1,1,1,1,1.4,1.4,1.4,1.8,0.0,0.0
9.83499,-22,-23,440,0,E1A1853B1889C0620X,TE1A1B1C6D000X,1,1,1,1,1.4,1.4,1.4,1.8,0.0,0.0
9.84627,-22,-22,439,0,E1A1852B1889C0630X,TE1A1B1C6D000X,1,1,1,1,1.4,1.4,1.4,1.8,0.0,0.0
9.85821,-22,-20,438,0,E1A1850B1889C0638X,TE1A1B1C6D000X,1,1,1,1,1.4,1.4,1.4,1.8,0.0,0.0
9.87658,-21,-18,436,0,E1A1848B1889C0648X,TE1A1B1C6D000X,1,1,1,1,1.4,1.4,1.4,1.8,0.0,0.0
9.88833,-20,-17,435,0,E1A1846B1889C0657X,TE1A1B1C6D000X,1,1,1,1,1.4,1.4,1.4,1.8,0.0,0.0
9.90539,-19,-15,432,0,E1A1843B1889C0666X,TE1A1B1C6D000X,1,1,1,1,1.4,1.4,1.4,1.8,0.0,0.0
9.91678,-19,-13,430,0,E1A1840B1889C0675X,TE1A1B1C6D000X,1,1,1,1,1.4,1.4,1.4,1.8,0.0,0.0
9.92786,-18,-12,427,0,E1A1836B1889C0682X,TE1A1B1C6D000X,1,1,1,1,1.4,1.4,1.4,1.8,0.0,0.0
9.94106,-17,-10,426,0,E1A1833B1889C0692X,TE1A1B1C6D000X,1,1,1,1,1.4,1.4,1.4,1.8,0.0,0.0
9.95219,-16,-9,424,0,E1A1829B1889C0702X,TE1A1B1C6D000X,1,1,1,1,1.4,1.4,1.4,1.8,0.0,0.0
9.96367,-15,-7,423,0,E1A1826B1889C0713X,TE1A1B1C6D000X,1,1,1,1,1.4,1.4,1.4,1.8,0.0,0.0
9.97531,-14,-6,422,0,E1A1823B1889C0726X,TE1A1B1C6D000X,1,1,1,1,1.4,1.4,1.4,1.8,0.0,0.0
9.9867,-13,-4,420,0,E1A1819B1889C0736X,TE1A1B1C6D000X,1,1,1,1,1.4,1.4,1.4,1.8,0.0,0.0
9.99848,-12,-3,419,0,E1A1815B1889C0748X,TE1A1B1C6D000X,1,1,1,1,1.4,1.4,1.4,1.8,0.0,0.0
10.0097,-12,-1,418,0,E1A1812B1889C0761X,TE1A1B1C6D000X,1,1,1,1,1.4,1.4,1.4,1.8,0.0,0.0
10.0212,-11,0,416,0,E1A1808B1889C0772X,TE1A1B1C6D000X,1,1,1,1,1.4,1.4,1.4,1.8,0.0,0.0
10.0325,-10,1,416,0,E1A1804B1889C0786X,TE1A1B1C6D000X,1,1,1,1,1.4,1.4,1.4,1.8,0.0,0.0
10.0442,-9,3,416,0,E1A1801B1889C0803X,TE1A1B1C6D000X,1,1,1,1,1.4,1.4,1.4,1.8,0.0,0.0
10.0569,-8,5,416,0,E1A1798B1889C0820X,TE1A1B1C5D000X,1,1,1,1,1.4,1.4,1.4,1.8,0.0,0.0
10.0804,-8,7,415,0,E1A1794B1889C0838X,TE1A1B1C5D000X,1,1,1,1,1.4,1.4,1.4,1.8,0.0,0.0
10.0925,-7,9,414,0,E1A1790B1889C0858X,TE1A1B1C5D000X,1,1,1,1,1.4,1.4,1.4,1.8,0.0,0.0
10.1045,-6,11,414,0,E1A1787B1889C0879X,TE1A1B1C5D000X,1,1,1,1,1.4,1.4,1.4,1.8,0.0,0.0
10.1159,-5,13,413,0,E1A1783B1889C0898X,TE1A1B1C5D000X,1,1,1,1,1.4,1.4,1.4,1.8,0.0,0.0
10.127,-4,15,413,0,E1A1779B1889C0918X,TE1A1B1C5D000X,1,1,1,1,1.4,1.4,1.4,1.8,0.0,0.0
10.139,-4,17,412,0,E1A1776B1889C0938X,TE1A1B1C5D000X,1,1,1,1,1.4,1.4,1.4,1.8,0.0,0.0
10.15,-3,19,411,0,E1A1772B1889C0956X,TE1A1B1C5D000X,1,1,1,1,1.4,1.4,1.4,1.8,0.0,0.0
10.1618,-2,21,410,0,E1A1768B1889C0975X,TE1A1B1C5D000X,1,1,1,1,1.4,1.4,1.4,1.8,0.0,0.0
10.1735,-2,23,408,0,E1A1764B1889C0994X,TE1A1B1C5D000X,1,1,1,1,1.4,1.4,1.4,1.8,0.0,0.0
10.1853,-1,25,408,0,E1A1760B1889C1014X,TE1A1B1C5D000X,1,1,1,1,1.4,1.4,1.4,1.8,0.0,0.0
10.1992,0,27,408,0,E1A1757B1889C1033X,TE1A1B1C5D000X,1,1,1,1,1.4,1.4,1.4,1.8,0.0,0.0
10.2108,0,29,408,0,E1A1753B1889C1053X,TE1A1B1C4D000X,1,1,1,1,1.4,1.4,1.4,1.8,0.0,0.0
10.2285,0,31,409,0,E1A1750B1889C1074X,TE1A1B1C4D000X,1,1,1,1,1.4,1.4,1.4,1.8,0.0,0.0
10.2486,0,33,409,0,E1A1747B1889C1092X,TE1A1B1C4D000X,1,1,1,1,1.4,1.4,1.4,1.8,0.0,0.0
10.2726,1,34,409,0,E1A1743B1889C1110X,TE1A1B1C4D000X,1,1,1,1,1.4,1.4,1.4,1.8,0.0,0.0
10.2844,1,36,409,0,E1A1740B1889C1126X,TE1A1B1C4D000X,1,1,1,1,1.4,1.4,1.4,1.8,0.0,0.0
10.2967,2,37,409,0,E1A1738B1889C1140X,TE1A1B1C4D000X,1,1,1,1,1.4,1.4,1.4,1.8,0.0,0.0
10.3089,2,38,408,0,E1A1735B1889C1152X,TE1A1B1C4D000X,1,1,1,1,1.4,1.4,1.4,1.8,0.0,0.0
10.3208,2,39,409,0,E1A1733B1889C1165X,TE1A1B1C4D000X,1,1,1,1,1.4,1.4,1.4,1.8,0.0,0.0
10.3527,3,40,409,0,E1A1731B1889C1175X,TE1A1B1C4D000X,1,1,1,1,1.4,1.4,1.4,1.8,0.0,0.0
10.3725,3,40,408,0,E1A1729B1889C1184X,TE1A1B1C4D000X,1,1,1,1,1.4,1.4,1.4,1.8,0.0,0.0
10.3846,3,41,408,0,E1A1727B1889C1191X,TE1A1B1C4D000X,1,1,1,1,1.4,1.4,1.4,1.8,0.0,0.0
10.3969,3,41,408,0,E1A1727B1889C1199X,TE1A1B1C4D000X,1,1,1,1,1.4,1.4,1.4,1.8,0.0,0.0
10.4204,3,41,408,0,E1A1726B1889C1208X,TE1A1B1C4D000X,1,1,1,1,1.4,1.4,1.4,1.8,0.0,0.0
10.4332,3,42,407,0,E1A1725B1889C1214X,TE1A1B1C4D000X,1,1,1,1,1.4,1.4,1.4,1.8,0.0,0.0
10.4448,3,42,408,0,E1A1724B1889C1222X,TE1A1B1C4D000X,1,1,1,1,1.4,1.4,1.4,1.8,0.0,0.0
10.4767,3,43,408,0,E1A1724B1889C1231X,TE1A1B1C4D000X,1,1,1,1,1.4,1.4,1.4,1.8,0.0,0.0
10.4887,3,43,408,0,E1A1723B1889C1240X,TE1A1B1C4D000X,1,1,1,1,1.4,1.4,1.4,1.8,0.0,0.0
10.5004,3,44,409,0,E1A1723B1889C1249X,TE1A1B1C4D000X,1,1,1,1,1.4,1.4,1.4,1.8,0.0,0.0
10.5122,3,44,409,0,E1A1722B1889C1258X,TE1A1B1C4D000X,1,1,1,1,1.4,1.4,1.4,1.8,0.0,0.0
10.5327,3,45,408,0,E1A1721B1889C1266X,TE1A1B1C3D000X,1,1,1,1,1.4,1.4,1.4,1.8,0.0,0.0
10.5447,3,45,408,0,E1A1720B1889C1273X,TE1A1B1C3D000X,1,1,1,1,1.4,1.4,1.4,1.8,0.0,0.0
10.5566,3,45,407,0,E1A1719B1889C1280X,TE1A1B1C3D000X,1,1,1,1,1.4,1.4,1.4,1.8,0.0,0.0
10.5682,3,46,408,0,E1A1719B1889C1289X,TE1A1B1C3D000X,1,1,1,1,1.4,1.4,1.4,1.8,0.0,0.0
10.5795,3,46,407,0,E1A1718B1889C1295X,TE1A1B1C3D000X,1,1,1,1,1.4,1.4,1.4,1.8,0.0,0.0
10.5917,3,47,407,0,E1A1717B1889C1302X,TE1A1B1C3D000X,1,1,1,1,1.4,1.4,1.4,1.8,0.0,0.0
10.6035,3,47,406,0,E1A1716B1889C1308X,TE1A1B1C3D000X,1,1,1,1,1.4,1.4,1.4,1.8,0.0,0.0
10.6148,3,47,407,0,E1A1716B1889C1316X,TE1A1B1C3D000X,1,1,1,1,1.4,1.4,1.4,1.8,0.0,0.0
10.6327,3,47,408,0,E1A1716B1889C1324X,TE1A1B1C3D000X,1,1,1,1,1.4,1.4,1.4,1.8,0.0,0.0
10.6445,3,48,408,0,E1A1716B1889C1332X,TE1A1B1C3D000X,1,1,1,1,1.4,1.4,1.4,1.8,0.0,0.0
10.6566,3,48,409,0,E1A1715B1889C1339X,TE1A1B1C3D000X,1,1,1,1,1.4,1.4,1.4,1.8,0.0,0.0
10.6687,3,48,408,0,E1A1715B1889C1343X,TE1A1B1C3D000X,1,1,1,1,1.4,1.4,1.4,1.8,0.0,0.0
10.6803,3,48,407,0,E1A1714B1889C1347X,TE1A1B1C3D000X,1,1,1,1,1.4,1.4,1.4,1.8,0.0,0.0
10.6923,3,48,406,0,E1A1712B1889C1350X,TE1A1B1C3D000X,1,1,1,1,1.4,1.4,1.4,1.8,0.0,0.0
10.7126,3,48,405,0,E1A1712B1889C1355X,TE1A1B1C3D000X,1,1,1,1,1.4,1.4,1.4,1.8,0.0,0.0
10.7246,3,48,404,0,E1A1711B1889C1359X,TE1A1B1C3D000X,1,1,1,1,1.4,1.4,1.4,1.8,0.0,0.0
10.7367,3,48,403,0,E1A1710B1889C1363X,TE1A1B1C3D000X,1,1,1,1,1.4,1.4,1.4,1.8,0.0,0.0
10.7489,3,48,402,0,E1A1709B1889C1367X,TE1A1B1C3D000X,1,1,1,1,1.4,1.4,1.4,1.8,0.0,0.0
10.7607,3,48,402,0,E1A1708B1889C1371X,TE1A1B1C3D000X,1,1,1,1,1.4,1.4,1.4,1.8,0.0,0.0
10.7925,3,48,401,0,E1A1707B1889C1376X,TE1A1B1C3D000X,1,1,1,1,1.4,1.4,1.4,1.8,0.0,0.0
10.8047,2,48,401,0,E1A1707B1889C1381X,TE1A1B1C3D000X,1,1,1,1,1.4,1.4,1.4,1.8,0.0,0.0
10.8165,2,48,401,0,E1A1706B1889C1385X,TE1A1B1C3D000X,1,1,1,1,1.4,1.4,1.4,1.8,0.0,0.0
10.8283,2,48,401,0,E1A1706B1889C1390X,TE1A2B1C3D000X,1,1,1,1,1.4,1.4,1.4,1.8,0.0,0.0
10.8403,2,48,401,0,E1A1706B1889C1395X,TE1A2B1C3D000X,1,1,1,1,1.4,1.4,1.4,1.8,0.0,0.0
10.852,2,48,401,0,E1A1705B1889C1399X,TE1A2B1C3D000X,1,1,1,1,1.4,1.4,1.4,1.8,0.0,0.0
10.8729,2,48,401,0,E1A1704B1889C1402X,TE1A2B1C3D000X,1,1,1,1,1.4,1.4,1.4,1.8,0.0,0.0
10.8843,2,48,400,0,E1A1704B1889C1406X,TE1A2B1C3D000X,1,1,1,1,1.4,1.4,1.4,1.8,0.0,0.0
10.8956,2,48,400,0,E1A1703B1889C1409X,TE1A2B1C3D000X,1,1,1,1,1.4,1.4,1.4,1.8,0.0,0.0
10.9072,2,48,401,0,E1A1702B1889C1413X,TE1A2B1C3D000X,1,1,1,1,1.4,1.4,1.4,1.8,0.0,0.0
10.9197,2,48,402,0,E1A1702B1889C1418X,TE1A2B1C3D000X,1,1,1,1,1.4,1.4,1.4,1.8,0.0,0.0
10.9314,2,48,402,0,E1A1701B1889C1422X,TE1A2B1C3D000X,1,1,1,1,1.4,1.4,1.4,1.8,0.0,0.0
10.943,2,47,402,0,E1A1700B1889C1425X,TE1A2B1C3D000X,1,1,1,1,1.4,1.4,1.4,1.8,0.0,0.0
10.9609,2,47,403,0,E1A1699B1889C1429X,TE1A2B1C3D000X,1,1,1,1,1.4,1.4,1.4,1.8,0.0,0.0
10.9729,2,47,403,0,E1A1699B1889C1432X,TE1A2B1C3D000X,1,1,1,1,1.4,1.4,1.4,1.8,0.0,0.0
10.9848,2,47,404,0,E1A1698B1889C1436X,TE1A2B1C3D000X,1,1,1,1,1.4,1.4,1.4,1.8,0.0,0.0
10.9965,2,47,406,0,E1A1698B1889C1440X,TE1A2B1C3D000X,1,1,1,1,1.4,1.4,1.4,1.8,0.0,0.0
11.0085,2,47,407,0,E1A1698B1889C1444X,TE1A2B1C3D000X,1,1,1,1,1.4,1.4,1.4,1.8,0.0,0.0
11.0288,2,46,407,0,E1A1697B1889C1447X,TE1A2B1C3D000X,1,1,1,1,1.4,1.4,1.4,1.8,0.0,0.0
11.0403,2,46,407,0,E1A1696B1889C1448X,TE1A2B1C3D000X,1,1,1,1,1.4,1.4,1.4,1.8,0.0,0.0
11.0526,2,46,408,0,E1A1696B1889C1452X,TE1A2B1C3D000X,1,1,1,1,1.4,1.4,1.4,1.8,0.0,0.0
11.0653,2,46,407,0,E1A1695B1889C1453X,TE1A2B1C3D000X,1,1,1,1,1.4,1.4,1.4,1.8,0.0,0.0
11.077,3,45,406,0,E1A1693B1889C1454X,TE1A2B1C3D000X,1,1,1,1,1.4,1.4,1.4,1.8,0.0,0.0
11.0891,3,45,406,0,E1A1692B1889C1456X,TE1A2B1C3D000X,1,1,1,1,1.4,1.4,1.4,1.8,0.0,0.0
11.1014,3,45,406,0,E1A1691B1889C1458X,TE1A2B1C3D000X,1,1,1,1,1.4,1.4,1.4,1.8,0.0,0.0
11.1527,3,45,407,0,E1A1690B1889C1461X,TE1A2B1C3D000X,1,1,1,1,1.4,1.4,1.4,1.8,0.0,0.0
11.1645,3,44,408,0,E1A1688B1889C1463X,TE1A2B1C3D000X,1,1,1,1,1.4,1.4,1.4,1.8,0.0,0.0
11.1768,3,44,408,0,E1A1687B1889C1465X,TE1A2B1C3D000X,1,1,1,1,1.4,1.4,1.4,1.8,0.0,0.0
11.1965,3,44,409,0,E1A1686B1889C1467X,TE1A2B1C3D000X,1,1,1,1,1.4,1.4,1.4,1.8,0.0,0.0
11.2088,3,44,409,0,E1A1685B1889C1469X,TE1A2B1C3D000X,1,1,1,1,1.4,1.4,1.4,1.8,0.0,0.0
11.2207,3,43,410,0,E1A1683B1889C1472X,TE1A2B1C3D000X,1,1,1,1,1.4,1.4,1.4,1.8,0.0,0.0
11.2326,4,43,411,0,E1A1682B1889C1474X,TE1A2B1C3D000X,1,1,1,1,1.4,1.4,1.4,1.8,0.0,0.0
11.2463,4,43,410,0,E1A1681B1889C1476X,TE1A2B1C3D000X,1,1,1,1,1.4,1.4,1.4,1.8,0.0,0.0
11.3005,4,43,411,0,E1A1681B1889C1477X,TE1A2B1C3D000X,1,1,1,1,1.4,1.4,1.4,1.8,0.0,0.0
11.3127,4,42,412,0,E1A1680B1889C1479X,TE1A2B1C3D000X,1,1,1,1,1.4,1.4,1.4,1.8,0.0,0.0
11.3246,4,42,411,0,E1A1680B1889C1480X,TE1A2B1C3D000X,1,1,1,1,1.4,1.4,1.4,1.8,0.0,0.0
11.3445,3,42,410,0,E1A1679B1889C1481X,TE1A2B1C2D000X,1,1,1,1,1.4,1.4,1.4,1.8,0.0,0.0
11.3567,3,41,411,0,E1A1679B1889C1483X,TE1A2B1C2D000X,1,1,1,1,1.4,1.4,1.4,1.8,0.0,0.0
11.3684,3,41,411,0,E1A1679B1889C1484X,TE1A2B1C2D000X,1,1,1,1,1.4,1.4,1.4,1.8,0.0,0.0
11.3808,3,41,411,0,E1A1679B1889C1485X,TE1A2B1C2D000X,1,1,1,1,1.4,1.4,1.4,1.8,0.0,0.0
11.4007,3,40,411,0,E1A1679B1889C1485X,TE1A2B1C2D000X,1,1,1,1,1.4,1.4,1.4,1.8,0.0,0.0
11.4126,3,40,411,0,E1A1679B1889C1487X,TE1A2B1C2D000X,1,1,1,1,1.4,1.4,1.4,1.8,0.0,0.0
11.4247,3,39,410,0,E1A1679B1889C1487X,TE1A2B1C2D000X,1,1,1,1,1.4,1.4,1.4,1.8,0.0,0.0
11.4367,3,39,410,0,E1A1678B1889C1487X,TE1A2B1C2D000X,1,1,1,1,1.4,1.4,1.4,1.8,0.0,0.0
11.4484,3,39,411,0,E1A1679B1889C1489X,TE1A2B1C2D000X,1,1,1,1,1.4,1.4,1.4,1.8,0.0,0.0
11.4596,3,38,412,0,E1A1679B1889C1489X,TE1A2B1C2D000X,1,1,1,1,1.4,1.4,1.4,1.8,0.0,0.0
11.4714,3,38,412,0,E1A1679B1889C1490X,TE1A2B1C2D000X,1,1,1,1,1.4,1.4,1.4,1.8,0.0,0.0
11.4835,3,37,412,0,E1A1680B1889C1490X,TE1A2B1C2D000X,1,1,1,1,1.4,1.4,1.4,1.8,0.0,0.0
11.4951,3,37,411,0,E1A1680B1889C1490X,TE1A2B1C2D000X,1,1,1,1,1.4,1.4,1.4,1.8,0.0,0.0
11.5167,2,36,411,0,E1A1681B1889C1489X,TE1A2B1C2D000X,1,1,1,1,1.4,1.4,1.4,1.8,0.0,0.0
11.5298,2,36,412,0,E1A1682B1889C1491X,TE1A2B1C2D000X,1,1,1,1,1.4,1.4,1.4,1.8,0.0,0.0
11.5415,2,35,412,0,E1A1684B1889C1491X,TE1A2B1C2D000X,1,1,1,1,1.4,1.4,1.4,1.8,0.0,0.0
11.562,2,35,411,0,E1A1685B1889C1491X,TE1A2B1C2D000X,1,1,1,1,1.4,1.4,1.4,1.8,0.0,0.0
11.574,2,34,411,0,E1A1685B1889C1491X,TE1A2B1C2D000X,1,1,1,1,1.4,1.4,1.4,1.8,0.0,0.0
11.5857,1,34,411,0,E1A1687B1889C1492X,TE1A2B1C2D000X,1,1,1,1,1.4,1.4,1.4,1.8,0.0,0.0
11.6045,1,34,411,0,E1A1688B1889C1493X,TE1A2B1C2D000X,1,1,1,1,1.4,1.4,1.4,1.8,0.0,0.0
11.6169,1,33,412,0,E1A1688B1889C1494X,TE1A2B1C2D000X,1,1,1,1,1.4,1.4,1.4,1.8,0.0,0.0
11.6285,1,33,412,0,E1A1689B1889C1495X,TE1A2B1C2D000X,1,1,1,1,1.4,1.4,1.4,1.8,0.0,0.0
11.6408,1,33,412,0,E1A1689B1889C1496X,TE1A2B1C2D000X,1,1,1,1,1.4,1.4,1.4,1.8,0.0,0.0
11.6523,1,33,413,0,E1A1689B1889C1498X,TE1A2B1C2D000X,1,1,1,1,1.4,1.4,1.4,1.8,0.0,0.0
11.6647,1,32,413,0,E1A1689B1889C1499X,TE1A2B1C2D000X,1,1,1,1,1.4,1.4,1.4,1.8,0.0,0.0
11.6848,1,32,414,0,E1A1689B1889C1500X,TE1A2B1C2D000X,1,1,1,1,1.4,1.4,1.4,1.8,0.0,0.0
11.6969,1,32,414,0,E1A1689B1889C1500X,TE1A2B1C2D000X,1,1,1,1,1.4,1.4,1.4,1.8,0.0,0.0
11.7087,1,31,414,0,E1A1690B1889C1500X,TE1A2B1C2D000X,1,1,1,1,1.4,1.4,1.4,1.8,0.0,0.0
11.7205,1,31,414,0,E1A1690B1889C1500X,TE1A2B1C2D000X,1,1,1,1,1.4,1.4,1.4,1.8,0.0,0.0
11.7323,1,30,414,0,E1A1690B1889C1499X,TE1A2B1C2D000X,1,1,1,1,1.4,1.4,1.4,1.8,0.0,0.0
11.7434,1,30,414,0,E1A1691B1889C1498X,TE1A2B1C2D000X,1,1,1,1,1.4,1.4,1.4,1.8,0.0,0.0
11.7549,1,29,414,0,E1A1692B1889C1497X,TE1A2B1C2D000X,1,1,1,1,1.4,1.4,1.4,1.8,0.0,0.0
11.7662,1,28,414,0,E1A1693B1889C1496X,TE1A2B1C2D000X,1,1,1,1,1.4,1.4,1.4,1.8,0.0,0.0
11.7771,0,28,414,0,E1A1694B1889C1495X,TE1A2B1C2D000X,1,1,1,1,1.4,1.4,1.4,1.8,0.0,0.0
11.7965,0,27,415,0,E1A1695B1889C1493X,TE1A2B1C2D000X,1,1,1,1,1.4,1.4,1.4,1.8,0.0,0.0
11.8205,0,26,414,0,E1A1697B1889C1491X,TE1A2B1C2D000X,1,1,1,1,1.4,1.4,1.4,1.8,0.0,0.0
11.8326,0,26,414,0,E1A1699B1889C1489X,TE1A2B1C2D000X,1,1,1,1,1.4,1.4,1.4,1.8,0.0,0.0
11.8442,0,25,413,0,E1A1700B1889C1486X,TE1A2B1C2D000X,1,1,1,1,1.4,1.4,1.4,1.8,0.0,0.0
11.8557,0,24,412,0,E1A1701B1889C1483X,TE1A2B1C2D000X,1,1,1,1,1.4,1.4,1.4,1.8,0.0,0.0
11.8674,0,23,412,0,E1A1703B1889C1481X,TE1A2B1C2D000X,1,1,1,1,1.4,1.4,1.4,1.8,0.0,0.0
11.8885,0,23,413,0,E1A1705B1889C1478X,TE1A2B1C2D000X,1,1,1,1,1.4,1.4,1.4,1.8,0.0,0.0
11.9001,0,22,413,0,E1A1707B1889C1476X,TE1A2B1C2D000X,1,1,1,1,1.4,1.4,1.4,1.8,0.0,0.0
11.9569,0,21,413,0,E1A1709B1889C1472X,TE1A1B1C3D000X,1,1,1,1,1.4,1.4,1.4,1.8,0.0,0.0
11.9765,0,20,412,0,E1A1710B1889C1467X,TE1A1B1C3D000X,1,1,1,1,1.4,1.4,1.4,1.8,0.0,0.0
11.9889,0,19,412,0,E1A1712B1889C1464X,TE1A1B1C3D000X,1,1,1,1,1.4,1.4,1.4,1.8,0.0,0.0
12.0007,0,19,412,0,E1A1714B1889C1461X,TE1A1B1C3D000X,1,1,1,1,1.4,1.4,1.4,1.8,0.0,0.0
12.0126,-1,18,412,0,E1A1715B1889C1459X,TE1A1B1C3D000X,1,1,1,1,1.4,1.4,1.4,1.8,0.0,0.0
12.0328,-1,17,412,0,E1A1716B1889C1457X,TE1A1B1C3D000X,1,1,1,1,1.4,1.4,1.4,1.8,0.0,0.0
12.0566,-1,17,412,0,E1A1718B1889C1454X,TE1A1B1C3D000X,1,1,1,1,1.4,1.4,1.4,1.8,0.0,0.0
12.0686,-1,16,413,0,E1A1719B1889C1452X,TE1A1B1C3D000X,1,1,1,1,1.4,1.4,1.4,1.8,0.0,0.0
12.0809,-1,16,413,0,E1A1720B1889C1450X,TE1A1B1C3D000X,1,1,1,1,1.4,1.4,1.4,1.8,0.0,0.0
12.0925,-1,15,413,0,E1A1720B1889C1448X,TE1A1B1C3D000X,1,1,1,1,1.4,1.4,1.4,1.8,0.0,0.0
12.1042,-1,15,413,0,E1A1721B1889C1446X,TE1A1B1C3D000X,1,1,1,1,1.4,1.4,1.4,1.8,0.0,0.0
12.1241,-1,14,412,0,E1A1722B1889C1443X,TE1A1B1C3D000X,1,1,1,1,1.4,1.4,1.4,1.8,0.0,0.0
12.1484,-1,14,412,0,E1A1722B1889C1441X,TE1A1B1C3D000X,1,1,1,1,1.4,1.4,1.4,1.8,0.0,0.0
12.1597,-1,13,412,0,E1A1723B1889C1439X,TE1A1B1C3D000X,1,1,1,1,1.4,1.4,1.4,1.8,0.0,0.0
12.171,-1,13,413,0,E1A1723B1889C1438X,TE1A1B1C3D000X,1,1,1,1,1.4,1.4,1.4,1.8,0.0,0.0
12.1825,-1,12,413,0,E1A1723B1889C1436X,TE1A1B1C3D000X,1,1,1,1,1.4,1.4,1.4,1.8,0.0,0.0
12.1939,-1,12,413,0,E1A1724B1889C1435X,TE1A1B1C3D000X,1,1,1,1,1.4,1.4,1.4,1.8,0.0,0.0
12.2055,-1,12,413,0,E1A1724B1889C1434X,TE1A1B1C3D000X,1,1,1,1,1.4,1.4,1.4,1.8,0.0,0.0
12.217,-1,11,413,0,E1A1725B1889C1434X,TE1A1B1C3D000X,1,1,1,1,1.4,1.4,1.4,1.8,0.0,0.0
12.2303,-1,11,413,0,E1A1725B1889C1433X,TE1A1B1C3D000X,1,1,1,1,1.4,1.4,1.4,1.8,0.0,0.0
12.2423,-1,11,413,0,E1A1725B1889C1433X,TE1A1B1C3D000X,1,1,1,1,1.4,1.4,1.4,1.8,0.0,0.0
12.2538,-1,11,413,0,E1A1725B1889C1433X,TE1A1B1C3D000X,1,1,1,1,1.4,1.4,1.4,1.8,0.0,0.0
12.2653,-1,11,413,0,E1A1725B1889C1434X,TE1A1B1C3D000X,1,1,1,1,1.4,1.4,1.4,1.8,0.0,0.0
12.2762,-1,11,413,0,E1A1726B1889C1434X,TE1A1B1C3D000X,1,1,1,1,1.4,1.4,1.4,1.8,0.0,0.0
12.2877,-1,11,413,0,E1A1726B1889C1435X,TE1A1B1C3D000X,1,1,1,1,1.4,1.4,1.4,1.8,0.0,0.0
12.2992,-1,11,413,0,E1A1726B1889C1437X,TE1A1B1C3D000X,1,1,1,1,1.4,1.4,1.4,1.8,0.0,0.0
12.3111,-1,11,413,0,E1A1726B1889C1438X,TE1A1B1C3D000X,1,1,1,1,1.4,1.4,1.4,1.8,0.0,0.0
12.3229,-1,11,413,0,E1A1725B1889C1439X,TE1A1B1C3D000X,1,1,1,1,1.4,1.4,1.4,1.8,0.0,0.0
12.3345,-1,11,413,0,E1A1725B1889C1441X,TE1A1B1C3D000X,1,1,1,1,1.4,1.4,1.4,1.8,0.0,0.0
12.3458,-1,11,414,0,E1A1725B1889C1443X,TE1A1B1C3D000X,1,1,1,1,1.4,1.4,1.4,1.8,0.0,0.0
12.3605,-1,11,414,0,E1A1725B1889C1445X,TE1A1B1C3D000X,1,1,1,1,1.4,1.4,1.4,1.8,0.0,0.0
12.3727,-1,11,414,0,E1A1724B1889C1446X,TE1A1B1C3D000X,1,1,1,1,1.4,1.4,1.4,1.8,0.0,0.0
12.3846,-1,11,414,0,E1A1723B1889C1448X,TE1A1B1C3D000X,1,1,1,1,1.4,1.4,1.4,1.8,0.0,0.0
12.4086,-1,11,414,0,E1A1723B1889C1449X,TE1A1B1C3D000X,1,1,1,1,1.4,1.4,1.4,1.8,0.0,0.0
12.4404,-1,11,413,0,E1A1722B1889C1450X,TE1A1B1C3D000X,1,1,1,1,1.4,1.4,1.4,1.8,0.0,0.0
12.4526,-1,11,413,0,E1A1722B1889C1451X,TE1A1B1C3D000X,1,1,1,1,1.4,1.4,1.4,1.8,0.0,0.0
12.4643,-1,11,413,0,E1A1721B1889C1452X,TE1A1B1C3D000X,1,1,1,1,1.4,1.4,1.4,1.8,0.0,0.0
12.476,-1,11,413,0,E1A1720B1889C1453X,TE1A1B1C3D000X,1,1,1,1,1.4,1.4,1.4,1.8,0.0,0.0
12.4884,-1,11,414,0,E1A1720B1889C1455X,TE1A1B1C3D000X,1,1,1,1,1.4,1.4,1.4,1.8,0.0,0.0
12.5086,0,12,415,0,E1A1720B1889C1457X,TE1A1B1C3D000X,1,1,1,1,1.4,1.4,1.4,1.8,0.0,0.0
12.541,0,12,416,0,E1A1719B1889C1459X,TE1A1B1C3D000X,1,1,1,1,1.4,1.4,1.4,1.8,0.0,0.0
12.5527,0,12,415,0,E1A1718B1889C1460X,TE1A1B1C3D000X,1,1,1,1,1.4,1.4,1.4,1.8,0.0,0.0
12.5644,0,12,415,0,E1A1717B1889C1461X,TE1A1B1C3D000X,1,1,1,1,1.4,1.4,1.4,1.8,0.0,0.0
12.5764,0,12,415,0,E1A1717B1889C1463X,TE1A1B1C3D000X,1,1,1,1,1.4,1.4,1.4,1.8,0.0,0.0
12.5884,0,12,416,0,E1A1716B1889C1465X,TE1A1B1C3D000X,1,1,1,1,1.4,1.4,1.4,1.8,0.0,0.0
12.6002,0,12,416,0,E1A1716B1889C1466X,TE1A1B1C3D000X,1,1,1,1,1.4,1.4,1.4,1.8,0.0,0.0
12.6117,0,12,416,0,E1A1715B1889C1468X,TE1A1B1C3D000X,1,1,1,1,1.4,1.4,1.4,1.8,0.0,0.0
12.6325,0,12,416,0,E1A1715B1889C1469X,TE1A1B1C3D000X,1,1,1,1,1.4,1.4,1.4,1.8,0.0,0.0
12.6444,0,12,416,0,E1A1714B1889C1470X,TE1A1B1C3D000X,1,1,1,1,1.4,1.4,1.4,1.8,0.0,0.0
12.6565,0,12,416,0,E1A1714B1889C1471X,TE1A1B1C3D000X,1,1,1,1,1.4,1.4,1.4,1.8,0.0,0.0
12.668,0,12,417,0,E1A1714B1889C1473X,TE1A1B1C3D000X,1,1,1,1,1.4,1.4,1.4,1.8,0.0,0.0
12.6792,0,12,417,0,E1A1714B1889C1474X,TE1A1B1C3D000X,1,1,1,1,1.4,1.4,1.4,1.8,0.0,0.0
12.6907,0,12,417,0,E1A1713B1889C1474X,TE1A1B1C3D000X,1,1,1,1,1.4,1.4,1.4,1.8,0.0,0.0
12.7023,0,12,417,0,E1A1713B1889C1475X,TE1A1B1C3D000X,1,1,1,1,1.4,1.4,1.4,1.8,0.0,0.0
12.7242,0,12,416,0,E1A1712B1889C1475X,TE1A1B1C3D000X,1,1,1,1,1.4,1.4,1.4,1.8,0.0,0.0
12.7359,0,12,416,0,E1A1711B1889C1475X,TE1A1B1C3D000X,1,1,1,1,1.4,1.4,1.4,1.8,0.0,0.0
12.7475,0,12,417,0,E1A1711B1889C1477X,TE1A1B1C3D000X,1,1,1,1,1.4,1.4,1.4,1.8,0.0,0.0
12.7589,0,12,417,0,E1A1710B1889C1478X,TE1A1B1C3D000X,1,1,1,1,1.4,1.4,1.4,1.8,0.0,0.0
12.7703,0,12,417,0,E1A1710B1889C1479X,TE1A1B1C3D000X,1,1,1,1,1.4,1.4,1.4,1.8,0.0,0.0
12.7883,0,12,418,0,E1A1709B1889C1480X,TE1A1B1C3D000X,1,1,1,1,1.4,1.4,1.4,1.8,0.0,0.0
12.8124,0,12,418,0,E1A1709B1889C1482X,TE1A1B1C2D000X,1,1,1,1,1.4,1.4,1.4,1.8,0.0,0.0
12.8244,0,12,419,0,E1A1708B1889C1483X,TE1A1B1C2D000X,1,1,1,1,1.4,1.4,1.4,1.8,0.0,0.0
12.8564,0,12,418,0,E1A1707B1889C1484X,TE1A1B1C2D000X,1,1,1,1,1.4,1.4,1.4,1.8,0.0,0.0
12.8684,0,12,417,0,E1A1706B1889C1484X,TE1A1B1C2D000X,1,1,1,1,1.4,1.4,1.4,1.8,0.0,0.0
12.8805,0,12,417,0,E1A1705B1889C1485X,TE1A2B1C2D000X,1,1,1,1,1.4,1.4,1.4,1.8,0.0,0.0
12.8925,0,12,416,0,E1A1704B1889C1486X,TE1A2B1C2D000X,1,1,1,1,1.4,1.4,1.4,1.8,0.0,0.0
12.9047,0,12,416,0,E1A1703B1889C1487X,TE1A2B1C2D000X,1,1,1,1,1.4,1.4,1.4,1.8,0.0,0.0
12.9165,0,12,415,0,E1A1703B1889C1488X,TE1A2B1C2D000X,1,1,1,1,1.4,1.4,1.4,1.8,0.0,0.0
12.9278,0,12,415,0,E1A1702B1889C1489X,TE1A2B1C2D000X,1,1,1,1,1.4,1.4,1.4,1.8,0.0,0.0
12.9395,0,12,415,0,E1A1702B1889C1490X,TE1A2B1C2D000X,1,1,1,1,1.4,1.4,1.4,1.8,0.0,0.0
12.9512,0,12,415,0,E1A1701B1889C1492X,TE1A2B1C2D000X,1,1,1,1,1.4,1.4,1.4,1.8,0.0,0.0
12.9723,0,12,416,0,E1A1701B1889C1494X,TE1A2B1C2D000X,1,1,1,1,1.4,1.4,1.4,1.8,0.0,0.0
12.984,0,12,416,0,E1A1701B1889C1495X,TE1A2B1C2D000X,1,1,1,1,1.4,1.4,1.4,1.8,0.0,0.0
12.9957,0,12,416,0,E1A1701B1889C1496X,TE1A2B1C2D000X,1,1,1,1,1.4,1.4,1.4,1.8,0.0,0.0
13.0074,0,12,417,0,E1A1701B1889C1497X,TE1A2B1C2D000X,1,1,1,1,1.4,1.4,1.4,1.8,0.0,0.0
13.0189,0,12,417,0,E1A1701B1889C1499X,TE1A2B1C2D000X,1,1,1,1,1.4,1.4,1.4,1.8,0.0,0.0
13.0301,0,12,417,0,E1A1702B1889C1500X,TE1A2B1C2D000X,1,1,1,1,1.4,1.4,1.4,1.8,0.0,0.0
13.0418,0,12,417,0,E1A1702B1889C1501X,TE1A2B1C2D000X,1,1,1,1,1.4,1.4,1.4,1.8,0.0,0.0
13.0535,0,12,418,0,E1A1702B1889C1502X,TE1A2B1C2D000X,1,1,1,1,1.4,1.4,1.4,1.8,0.0,0.0
13.0651,0,12,417,0,E1A1702B1889C1503X,TE1A2B1C2D000X,1,1,1,1,1.4,1.4,1.4,1.8,0.0,0.0
13.0763,0,12,417,0,E1A1702B1889C1503X,TE1A2B1C2D000X,1,1,1,1,1.4,1.4,1.4,1.8,0.0,0.0
13.0878,0,12,416,0,E1A1702B1889C1504X,TE1A2B1C2D000X,1,1,1,1,1.4,1.4,1.4,1.8,0.0,0.0
13.0991,0,12,416,0,E1A1702B1889C1504X,TE1A2B1C2D000X,1,1,1,1,1.4,1.4,1.4,1.8,0.0,0.0
13.1164,0,12,415,0,E1A1701B1889C1504X,TE1A2B1C2D000X,1,1,1,1,1.4,1.4,1.4,1.8,0.0,0.0
13.1286,0,12,415,0,E1A1701B1889C1505X,TE1A2B1C2D000X,1,1,1,1,1.4,1.4,1.4,1.8,0.0,0.0
13.1526,0,12,415,0,E1A1702B1889C1506X,TE1A2B1C2D000X,1,1,1,1,1.4,1.4,1.4,1.8,0.0,0.0
13.1645,0,12,416,0,E1A1702B1889C1506X,TE1A2B1C2D000X,1,1,1,1,1.4,1.4,1.4,1.8,0.0,0.0
13.1762,0,12,415,0,E1A1702B1889C1506X,TE1A2B1C2D000X,1,1,1,1,1.4,1.4,1.4,1.8,0.0,0.0
13.1967,0,12,416,0,E1A1702B1889C1507X,TE1A2B1C2D000X,1,1,1,1,1.4,1.4,1.4,1.8,0.0,0.0
13.2086,0,11,416,0,E1A1702B1889C1507X,TE1A2B1C2D000X,1,1,1,1,1.4,1.4,1.4,1.8,0.0,0.0
13.2206,0,11,416,0,E1A1702B1889C1508X,TE1A2B1C2D000X,1,1,1,1,1.4,1.4,1.4,1.8,0.0,0.0
13.2325,0,11,417,0,E1A1702B1889C1509X,TE1A2B1C2D000X,1,1,1,1,1.4,1.4,1.4,1.8,0.0,0.0
13.2454,0,11,418,0,E1A1702B1889C1510X,TE1A2B1C2D000X,1,1,1,1,1.4,1.4,1.4,1.8,0.0,0.0
13.2568,0,11,415,0,E1A1700B1889C1508X,TE1A2B1C2D000X,1,1,1,1,1.4,1.4,1.4,1.8,0.0,0.0
13.2764,0,11,415,0,E1A1700B1889C1509X,TE1A2B1C2D000X,1,1,1,1,1.4,1.4,1.4,1.8,0.0,0.0
13.3006,0,11,415,0,E1A1700B1889C1509X,TE1A2B1C2D000X,1,1,1,1,1.4,1.4,1.4,1.8,0.0,0.0
13.3121,0,11,415,0,E1A1700B1889C1509X,TE1A2B1C2D000X,1,1,1,1,1.4,1.4,1.4,1.8,0.0,0.0
13.3237,0,11,414,0,E1A1700B1889C1509X,TE1A2B1C2D000X,1,1,1,1,1.4,1.4,1.4,1.8,0.0,0.0
13.3353,0,11,415,0,E1A1701B1889C1510X,TE1A2B1C2D000X,1,1,1,1,1.4,1.4,1.4,1.8,0.0,0.0
13.3479,0,10,416,0,E1A1702B1889C1511X,TE1A2B1C2D000X,1,1,1,1,1.4,1.4,1.4,1.8,0.0,0.0
13.359,0,10,418,0,E1A1703B1889C1512X,TE1A2B1C2D000X,1,1,1,1,1.4,1.4,1.4,1.8,0.0,0.0
13.3709,0,10,419,0,E1A1704B1889C1513X,TE1A2B1C2D000X,1,1,1,1,1.4,1.4,1.4,1.8,0.0,0.0
13.3828,0,10,419,0,E1A1704B1889C1513X,TE1A2B1C2D000X,1,1,1,1,1.4,1.4,1.4,1.8,0.0,0.0
13.3942,0,10,419,0,E1A1705B1889C1513X,TE1A2B1C2D000X,1,1,1,1,1.4,1.4,1.4,1.8,0.0,0.0
13.4059,0,10,419,0,E1A1705B1889C1514X,TE1A2B1C2D000X,1,1,1,1,1.4,1.4,1.4,1.8,0.0,0.0
13.4175,0,10,419,0,E1A1705B1889C1514X,TE1A2B1C2D000X,1,1,1,1,1.4,1.4,1.4,1.8,0.0,0.0
13.4285,0,10,419,0,E1A1705B1889C1515X,TE1A2B1C2D000X,1,1,1,1,1.4,1.4,1.4,1.8,0.0,0.0
13.44,0,10,420,0,E1A1705B1889C1515X,TE1A2B1C2D000X,1,1,1,1,1.4,1.4,1.4,1.8,0.0,0.0
13.4514,0,10,421,0,E1A1705B1889C1516X,TE1A2B1C2D000X,1,1,1,1,1.4,1.4,1.4,1.8,0.0,0.0
13.4682,0,10,421,0,E1A1705B1889C1517X,TE1A2B1C2D000X,1,1,1,1,1.4,1.4,1.4,1.8,0.0,0.0
13.4885,0,10,421,0,E1A1704B1889C1517X,TE1A2B1C2D000X,1,1,1,1,1.4,1.4,1.4,1.8,0.0,0.0
13.5004,0,10,421,0,E1A1703B1889C1517X,TE1A2B1C2D000X,1,1,1,1,1.4,1.4,1.4,1.8,0.0,0.0
13.5126,0,10,421,0,E1A1702B1889C1518X,TE1A2B1C2D000X,1,1,1,1,1.4,1.4,1.4,1.8,0.0,0.0
13.5245,0,10,421,0,E1A1701B1889C1519X,TE1A2B1C2D000X,1,1,1,1,1.4,1.4,1.4,1.8,0.0,0.0
13.5565,0,10,421,0,E1A1700B1889C1519X,TE1A2B1C2D000X,1,1,1,1,1.4,1.4,1.4,1.8,0.0,0.0
13.5686,0,10,421,0,E1A1699B1889C1520X,TE1A2B1C2D000X,1,1,1,1,1.4,1.4,1.4,1.8,0.0,0.0
13.5804,0,10,420,0,E1A1697B1889C1520X,TE1A2B1C2D000X,1,1,1,1,1.4,1.4,1.4,1.8,0.0,0.0
13.5944,0,10,419,0,E1A1696B1889C1520X,TE1A2B1C2D000X,1,1,1,1,1.4,1.4,1.4,1.8,0.0,0.0
13.6243,0,10,419,0,E1A1695B1889C1521X,TE1A2B1C2D000X,1,1,1,1,1.4,1.4,1.4,1.8,0.0,0.0
13.637,0,10,419,0,E1A1694B1889C1522X,TE1A2B1C2D000X,1,1,1,1,1.4,1.4,1.4,1.8,0.0,0.0
13.6486,0,10,419,0,E1A1693B1889C1522X,TE1A2B1C2D000X,1,1,1,1,1.4,1.4,1.4,1.8,0.0,0.0
13.6742,0,10,419,0,E1A1692B1889C1523X,TE1A2B1C2D000X,1,1,1,1,1.4,1.4,1.4,1.8,0.0,0.0
13.6864,0,10,418,0,E1A1691B1889C1523X,TE1A2B1C2D000X,1,1,1,1,1.4,1.4,1.4,1.8,0.0,0.0
13.7059,0,10,420,0,E1A1691B1889C1525X,TE1A2B1C2D000X,1,1,1,1,1.4,1.4,1.4,1.8,0.0,0.0
13.7176,0,10,419,0,E1A1691B1889C1525X,TE1A2B1C2D000X,1,1,1,1,1.4,1.4,1.4,1.8,0.0,0.0
13.7294,0,10,419,1,E1A1690B1889C1526X,TE1A2B1C2D000X,1,1,1,1,1.4,1.4,1.4,1.8,0.0,0.0
