timestamp,errXmm,errYmm,errZmm,TouchDetected,OutgoingPacket,IncomingPacket,Serial0Enabled,Serial0Open,Serial1Enabled,Serial1Open,kpx,kpy,kix,kiy,kdx,kdy
0.00100444,-15,-1,394,0,E1A1925B1798C1667X,TE1A1B1C2D000X,1,1,1,1,1.4,1.4,1.4,1.8,0.0,0.0
0.0126512,-15,-1,394,0,E1A1925B1798C1667X,TE1A1B1C2D000X,1,1,1,1,1.4,1.4,1.4,1.8,0.0,0.0
0.0246442,-13,-1,322,0,E1A1925B1788C1664X,TE1A1B1C2D000X,1,1,1,1,1.4,1.4,1.4,1.8,0.0,0.0
0.0365861,-13,-1,321,0,E1A1925B1787C1664X,TE1A1B1C2D000X,1,1,1,1,1.4,1.4,1.4,1.8,0.0,0.0
0.049373,-14,-1,347,0,E1A1925B1790C1664X,TE1A1B1C2D000X,1,1,1,1,1.4,1.4,1.4,1.8,0.0,0.0
0.0618514,-14,-1,347,0,E1A1925B1790C1664X,TE1A1B1C2D000X,1,1,1,1,1.4,1.4,1.4,1.8,0.0,0.0
0.074189,-14,-1,358,0,E1A1925B1792C1665X,TE1A1B1C2D000X,1,1,1,1,1.4,1.4,1.4,1.8,0.0,0.0
0.0855895,-14,-1,358,0,E1A1925B1792C1665X,TE1A1B1C2D000X,1,1,1,1,1.4,1.4,1.4,1.8,0.0,0.0
0.0971932,-14,-1,358,0,E1A1925B1792C1665X,TE1A1B1C2D000X,1,1,1,1,1.4,1.4,1.4,1.8,0.0,0.0
0.109055,-14,-1,358,0,E1A1925B1792C1665X,TE1A1B1C2D000X,1,1,1,1,1.4,1.4,1.4,1.8,0.0,0.0
0.120859,-159,20,411,0,E1A1925B0762C1395X,TE1A1B1C2D000X,1,1,1,1,1.4,1.4,1.4,1.8,0.0,0.0
0.141346,-154,20,398,0,E1A1925B0761C1396X,TE1A1B6C3D000X,1,1,1,1,1.4,1.4,1.4,1.8,0.0,0.0
0.153145,-154,20,398,0,E1A1925B0751C1394X,TE1A1B6C3D000X,1,1,1,1,1.4,1.4,1.4,1.8,0.0,0.0
0.165006,-155,20,401,0,E1A1925B0743C1392X,TE1A1B6C3D000X,1,1,1,1,1.4,1.4,1.4,1.8,0.0,0.0
0.176784,-155,20,401,0,E1A1925B0729C1391X,TE1A1B6C3D000X,1,1,1,1,1.4,1.4,1.4,1.8,0.0,0.0
0.188115,-158,22,398,0,E1A1925B0687C1385X,TE1A1B6C3D000X,1,1,1,1,1.4,1.4,1.4,1.8,0.0,0.0
0.202031,-161,21,393,0,E1A1925B0652C1372X,TE1A1B6C3D000X,1,1,1,1,1.4,1.4,1.4,1.8,0.0,0.0
0.214519,-166,20,393,0,E1A1925B0624C1354X,TE1A1B6C3D000X,1,1,1,1,1.4,1.4,1.4,1.8,0.0,0.0
0.22626,-169,19,392,0,E1A1925B0597C1337X,TE1A1B6C3D000X,1,1,1,1,1.4,1.4,1.4,1.8,0.0,0.0
0.237711,-171,18,391,0,E1A1925B0582C1325X,TE1A1B6C3D000X,1,1,1,1,1.4,1.4,1.4,1.8,0.0,0.0
0.252346,-173,17,391,0,E1A1925B0568C1314X,TE1A1B6C3D000X,1,1,1,1,1.4,1.4,1.4,1.8,0.0,0.0
0.26449,-175,16,390,0,E1A1925B0553C1303X,TE1A1B7C3D000X,1,1,1,1,1.4,1.4,1.4,1.8,0.0,0.0
0.286828,-175,15,389,0,E1A1925B0540C1295X,TE1A1B7C3D000X,1,1,1,1,1.4,1.4,1.4,1.8,0.0,0.0
0.29869,-176,14,389,0,E1A1925B0528C1287X,TE1A1B7C3D000X,1,1,1,1,1.4,1.4,1.4,1.8,0.0,0.0
0.310679,-177,14,389,0,E1A1925B0518C1281X,TE1A1B7C3D000X,1,1,1,1,1.4,1.4,1.4,1.8,0.0,0.0
0.322636,-177,13,389,0,E1A1925B0509C1276X,TE1A1B7C3D000X,1,1,1,1,1.4,1.4,1.4,1.8,0.0,0.0
0.336582,-177,13,389,0,E1A1925B0499C1272X,TE1A1B7C3D000X,1,1,1,1,1.4,1.4,1.4,1.8,0.0,0.0
0.348768,-178,13,390,0,E1A1925B0492C1267X,TE1A1B7C3D000X,1,1,1,1,1.4,1.4,1.4,1.8,0.0,0.0
0.362166,-178,12,389,0,E1A1925B0485C1263X,TE1A1B7C3D000X,1,1,1,1,1.4,1.4,1.4,1.8,0.0,0.0
0.375291,-177,12,389,0,E1A1925B0479C1259X,TE1A1B7C3D000X,1,1,1,1,1.4,1.4,1.4,1.8,0.0,0.0
0.38661,-176,11,389,0,E1A1925B0475C1254X,TE1A1B7C3D000X,1,1,1,1,1.4,1.4,1.4,1.8,0.0,0.0
0.398404,-175,10,387,0,E1A1925B0471C1250X,TE1A1B7C3D000X,1,1,1,1,1.4,1.4,1.4,1.8,0.0,0.0
0.41295,-174,10,387,0,E1A1925B0469C1247X,TE1A1B7C4D000X,1,1,1,1,1.4,1.4,1.4,1.8,0.0,0.0
0.431735,-173,9,387,0,E1A1925B0469C1244X,TE1A1B7C4D000X,1,1,1,1,1.4,1.4,1.4,1.8,0.0,0.0
0.445819,-172,9,388,0,E1A1925B0471C1242X,TE1A1B7C4D000X,1,1,1,1,1.4,1.4,1.4,1.8,0.0,0.0
0.463981,-171,8,389,0,E1A1925B0473C1240X,TE1A1B7C4D000X,1,1,1,1,1.4,1.4,1.4,1.8,0.0,0.0
0.476245,-169,8,390,0,E1A1925B0475C1239X,TE1A1B7C4D000X,1,1,1,1,1.4,1.4,1.4,1.8,0.0,0.0
0.489263,-168,7,391,0,E1A1925B0479C1238X,TE1A1B7C4D000X,1,1,1,1,1.4,1.4,1.4,1.8,0.0,0.0
0.502232,-166,7,391,0,E1A1925B0481C1237X,TE1A1B7C4D000X,1,1,1,1,1.4,1.4,1.4,1.8,0.0,0.0
0.51406,-164,6,391,0,E1A1925B0486C1236X,TE1A1B7C4D000X,1,1,1,1,1.4,1.4,1.4,1.8,0.0,0.0
0.525094,-161,6,391,0,E1A1925B0493C1236X,TE1A1B7C4D000X,1,1,1,1,1.4,1.4,1.4,1.8,0.0,0.0
0.53681,-159,5,392,0,E1A1925B0501C1235X,TE1A1B7C4D000X,1,1,1,1,1.4,1.4,1.4,1.8,0.0,0.0
0.54823,-156,4,394,0,E1A1925B0514C1235X,TE1A1B7C4D000X,1,1,1,1,1.4,1.4,1.4,1.8,0.0,0.0
0.559897,-154,3,394,0,E1A1925B0525C1235X,TE1A1B7C4D000X,1,1,1,1,1.4,1.4,1.4,1.8,0.0,0.0
0.572364,-151,2,394,0,E1A1925B0536C1234X,TE1A1B7C4D000X,1,1,1,1,1.4,1.4,1.4,1.8,0.0,0.0
0.583617,-148,1,395,0,E1A1925B0548C1234X,TE1A1B7C4D000X,1,1,1,1,1.4,1.4,1.4,1.8,0.0,0.0
0.59511,-145,1,396,0,E1A1925B0560C1234X,TE1A1B7C4D000X,1,1,1,1,1.4,1.4,1.4,1.8,0.0,0.0
0.607015,-143,0,398,0,E1A1925B0572C1234X,TE1A1B7C4D000X,1,1,1,1,1.4,1.4,1.4,1.8,0.0,0.0
0.619011,-140,0,399,0,E1A1925B0585C1235X,TE1A1B7C4D000X,1,1,1,1,1.4,1.4,1.4,1.8,0.0,0.0
0.630247,-137,-1,399,0,E1A1925B0596C1234X,TE1A1B6C4D000X,1,1,1,1,1.4,1.4,1.4,1.8,0.0,0.0
0.641833,-134,-2,399,0,E1A1925B0609C1234X,TE1A1B6C4D000X,1,1,1,1,1.4,1.4,1.4,1.8,0.0,0.0
0.654776,-131,-2,400,0,E1A1925B0621C1234X,TE1A1B6C4D000X,1,1,1,1,1.4,1.4,1.4,1.8,0.0,0.0
0.672228,-128,-3,401,0,E1A1925B0636C1234X,TE1A1B6C4D000X,1,1,1,1,1.4,1.4,1.4,1.8,0.0,0.0
0.706402,-125,-5,401,0,E1A1925B0655C1234X,TE1A1B6C4D000X,1,1,1,1,1.4,1.4,1.4,1.8,0.0,0.0
0.720522,-121,-6,402,0,E1A1925B0674C1236X,TE1A1B6C4D000X,1,1,1,1,1.4,1.4,1.4,1.8,0.0,0.0
0.733996,-118,-7,404,0,E1A1925B0695C1236X,TE1A1B6C4D000X,1,1,1,1,1.4,1.4,1.4,1.8,0.0,0.0
0.747033,-114,-8,404,0,E1A1925B0714C1236X,TE1A1B6C4D000X,1,1,1,1,1.4,1.4,1.4,1.8,0.0,0.0
0.760857,-111,-9,405,0,E1A1925B0734C1236X,TE1A1B6C4D000X,1,1,1,1,1.4,1.4,1.4,1.8,0.0,0.0
0.774294,-107,-11,407,0,E1A1925B0755C1237X,TE1A1B6C4D000X,1,1,1,1,1.4,1.4,1.4,1.8,0.0,0.0
0.78642,-103,-12,408,0,E1A1925B0777C1237X,TE1A1B6C4D000X,1,1,1,1,1.4,1.4,1.4,1.8,0.0,0.0
0.79809,-100,-13,409,0,E1A1925B0797C1236X,TE1A1B6C4D000X,1,1,1,1,1.4,1.4,1.4,1.8,0.0,0.0
0.818807,-96,-15,410,0,E1A1925B0820C1236X,TE1A1B6C4D000X,1,1,1,1,1.4,1.4,1.4,1.8,0.0,0.0
0.842465,-92,-16,411,0,E1A1925B0845C1237X,TE1A1B5C4D000X,1,1,1,1,1.4,1.4,1.4,1.8,0.0,0.0
0.854018,-88,-17,412,0,E1A1925B0869C1237X,TE1A1B5C4D000X,1,1,1,1,1.4,1.4,1.4,1.8,0.0,0.0
0.865576,-84,-19,412,0,E1A1925B0892C1237X,TE1A1B5C4D000X,1,1,1,1,1.4,1.4,1.4,1.8,0.0,0.0
0.877183,-81,-20,413,0,E1A1925B0915C1238X,TE1A1B5C4D000X,1,1,1,1,1.4,1.4,1.4,1.8,0.0,0.0
0.910532,-76,-21,413,0,E1A1925B0942C1239X,TE1A1B5C4D000X,1,1,1,1,1.4,1.4,1.4,1.8,0.0,0.0
0.942655,-71,-22,414,0,E1A1925B0972C1242X,TE1A1B5C4D000X,1,1,1,1,1.4,1.4,1.4,1.8,0.0,0.0
0.966702,-66,-23,414,0,E1A1925B1002C1245X,TE1A1B5C4D000X,1,1,1,1,1.4,1.4,1.4,1.8,0.0,0.0
0.978677,-61,-24,415,0,E1A1925B1033C1249X,TE1A1B5C4D000X,1,1,1,1,1.4,1.4,1.4,1.8,0.0,0.0
0.998242,-57,-25,416,0,E1A1925B1063C1252X,TE1A1B4C4D000X,1,1,1,1,1.4,1.4,1.4,1.8,0.0,0.0
1.01081,-52,-26,418,0,E1A1925B1092C1255X,TE1A1B4C3D000X,1,1,1,1,1.4,1.4,1.4,1.8,0.0,0.0
1.02246,-48,-27,420,0,E1A1925B1120C1258X,TE1A1B4C3D000X,1,1,1,1,1.4,1.4,1.4,1.8,0.0,0.0
1.03421,-44,-28,420,0,E1A1925B1145C1260X,TE1A1B4C3D000X,1,1,1,1,1.4,1.4,1.4,1.8,0.0,0.0
1.04586,-41,-29,421,0,E1A1925B1169C1262X,TE1A1B4C3D000X,1,1,1,1,1.4,1.4,1.4,1.8,0.0,0.0
1.05776,-37,-30,422,0,E1A1925B1191C1264X,TE1A1B4C3D000X,1,1,1,1,1.4,1.4,1.4,1.8,0.0,0.0
1.06913,-34,-31,423,0,E1A1925B1213C1265X,TE1A1B4C3D000X,1,1,1,1,1.4,1.4,1.4,1.8,0.0,0.0
1.08028,-31,-31,424,0,E1A1925B1234C1266X,TE1A1B4C3D000X,1,1,1,1,1.4,1.4,1.4,1.8,0.0,0.0
1.09182,-28,-32,426,0,E1A1925B1255C1267X,TE1A1B4C3D000X,1,1,1,1,1.4,1.4,1.4,1.8,0.0,0.0
1.10303,-26,-33,427,0,E1A1925B1274C1267X,TE1A1B4C3D000X,1,1,1,1,1.4,1.4,1.4,1.8,0.0,0.0
1.1143,-23,-34,428,0,E1A1925B1292C1267X,TE1A1B3C3D000X,1,1,1,1,1.4,1.4,1.4,1.8,0.0,0.0
1.12629,-21,-34,429,0,E1A1925B1310C1267X,TE1A1B3C3D000X,1,1,1,1,1.4,1.4,1.4,1.8,0.0,0.0
1.13742,-18,-35,429,0,E1A1925B1326C1266X,TE1A1B3C3D000X,1,1,1,1,1.4,1.4,1.4,1.8,0.0,0.0
1.15032,-16,-36,430,0,E1A1925B1342C1265X,TE1A1B3C3D000X,1,1,1,1,1.4,1.4,1.4,1.8,0.0,0.0
1.16173,-13,-36,429,0,E1A1925B1357C1263X,TE1A1B3C3D000X,1,1,1,1,1.4,1.4,1.4,1.8,0.0,0.0
1.17305,-11,-37,429,0,E1A1925B1372C1261X,TE1A1B3C3D000X,1,1,1,1,1.4,1.4,1.4,1.8,0.0,0.0
1.18553,-9,-38,429,0,E1A1925B1386C1259X,TE1A1B3C3D000X,1,1,1,1,1.4,1.4,1.4,1.8,0.0,0.0
1.22674,-6,-39,429,0,E1A1925B1408C1258X,TE1A1B3C3D000X,1,1,1,1,1.4,1.4,1.4,1.8,0.0,0.0
1.2385,-2,-39,429,0,E1A1925B1428C1255X,TE1A1B3C3D000X,1,1,1,1,1.4,1.4,1.4,1.8,0.0,0.0
1.25151,0,-40,429,0,E1A1925B1449C1253X,TE1A1B3C3D000X,1,1,1,1,1.4,1.4,1.4,1.8,0.0,0.0
1.26403,3,-41,428,0,E1A1925B1468C1250X,TE1A1B3C3D000X,1,1,1,1,1.4,1.4,1.4,1.8,0.0,0.0
1.27762,6,-42,427,0,E1A1925B1487C1246X,TE1A1B3C4D000X,1,1,1,1,1.4,1.4,1.4,1.8,0.0,0.0
1.28906,9,-43,427,0,E1A1925B1506C1242X,TE1A1B3C4D000X,1,1,1,1,1.4,1.4,1.4,1.8,0.0,0.0
1.30043,11,-44,426,0,E1A1925B1524C1237X,TE1A1B2C4D000X,1,1,1,1,1.4,1.4,1.4,1.8,0.0,0.0
1.31382,14,-45,426,0,E1A1925B1542C1232X,TE1A1B2C4D000X,1,1,1,1,1.4,1.4,1.4,1.8,0.0,0.0
1.32558,17,-45,426,0,E1A1925B1560C1227X,TE1A1B2C4D000X,1,1,1,1,1.4,1.4,1.4,1.8,0.0,0.0
1.33729,20,-46,426,0,E1A1925B1577C1220X,TE1A1B2C4D000X,1,1,1,1,1.4,1.4,1.4,1.8,0.0,0.0
1.34841,22,-47,425,0,E1A1925B1594C1213X,TE1A1B2C4D000X,1,1,1,1,1.4,1.4,1.4,1.8,0.0,0.0
1.36258,25,-48,425,0,E1A1925B1610C1205X,TE1A1B2C4D000X,1,1,1,1,1.4,1.4,1.4,1.8,0.0,0.0
1.37548,27,-49,425,0,E1A1925B1625C1197X,TE1A1B2C4D000X,1,1,1,1,1.4,1.4,1.4,1.8,0.0,0.0
1.38678,30,-50,425,0,E1A1925B1640C1188X,TE1A1B2C4D000X,1,1,1,1,1.4,1.4,1.4,1.8,0.0,0.0
1.39915,32,-51,424,0,E1A1925B1656C1178X,TE1A1B2C4D000X,1,1,1,1,1.4,1.4,1.4,1.8,0.0,0.0
1.41165,35,-52,424,0,E1A1925B1671C1167X,TE1A1B2C4D000X,1,1,1,1,1.4,1.4,1.4,1.8,0.0,0.0
1.42714,37,-52,423,0,E1A1925B1685C1156X,TE1A1B2C4D000X,1,1,1,1,1.4,1.4,1.4,1.8,0.0,0.0
1.44004,39,-53,423,0,E1A1925B1700C1144X,TE1A1B2C4D000X,1,1,1,1,1.4,1.4,1.4,1.8,0.0,0.0
1.45141,42,-54,423,0,E1A1925B1713C1132X,TE1A1B2C4D000X,1,1,1,1,1.4,1.4,1.4,1.8,0.0,0.0
1.46368,44,-55,424,0,E1A1925B1725C1120X,TE1A1B1C4D000X,1,1,1,1,1.4,1.4,1.4,1.8,0.0,0.0
1.49627,46,-55,424,0,E1A1925B1738C1108X,TE1A1B1C4D000X,1,1,1,1,1.4,1.4,1.4,1.8,0.0,0.0
1.50835,48,-56,424,0,E1A1925B1750C1095X,TE1A1B1C4D000X,1,1,1,1,1.4,1.4,1.4,1.8,0.0,0.0
1.52138,50,-56,424,0,E1A1925B1762C1081X,TE1A1B1C4D000X,1,1,1,1,1.4,1.4,1.4,1.8,0.0,0.0
1.53393,52,-57,424,0,E1A1925B1772C1069X,TE1A1B1C4D000X,1,1,1,1,1.4,1.4,1.4,1.8,0.0,0.0
1.54589,53,-57,425,0,E1A1925B1783C1056X,TE1A1B1C4D000X,1,1,1,1,1.4,1.4,1.4,1.8,0.0,0.0
1.55777,55,-58,425,0,E1A1925B1793C1042X,TE1A1B1C4D000X,1,1,1,1,1.4,1.4,1.4,1.8,0.0,0.0
1.57018,56,-58,424,0,E1A1925B1802C1029X,TE1A1B1C4D000X,1,1,1,1,1.4,1.4,1.4,1.8,0.0,0.0
1.58634,58,-58,425,0,E1A1925B1813C1015X,TE1A1B1C4D000X,1,1,1,1,1.4,1.4,1.4,1.8,0.0,0.0
1.61822,60,-59,424,0,E1A1925B1823C1000X,TE1A1B1C5D000X,1,1,1,1,1.4,1.4,1.4,1.8,0.0,0.0
1.63055,62,-59,424,0,E1A1925B1834C0983X,TE1A1B1C5D000X,1,1,1,1,1.4,1.4,1.4,1.8,0.0,0.0
1.64261,63,-59,424,0,E1A1925B1844C0967X,TE1A1B1C5D000X,1,1,1,1,1.4,1.4,1.4,1.8,0.0,0.0
1.65458,65,-59,423,0,E1A1925B1852C0951X,TE1A1B1C5D000X,1,1,1,1,1.4,1.4,1.4,1.8,0.0,0.0
1.66633,66,-60,422,0,E1A1925B1861C0935X,TE1A1B1C5D000X,1,1,1,1,1.4,1.4,1.4,1.8,0.0,0.0
1.68636,67,-60,422,0,E1A1925B1870C0919X,TE1A1B1C5D000X,1,1,1,1,1.4,1.4,1.4,1.8,0.0,0.0
1.69837,69,-60,421,0,E1A1925B1878C0902X,TE1A1B1C5D000X,1,1,1,1,1.4,1.4,1.4,1.8,0.0,0.0
1.71047,70,-60,422,0,E1A1925B1887C0886X,TE1A1B1C5D000X,1,1,1,1,1.4,1.4,1.4,1.8,0.0,0.0
1.72251,71,-60,421,0,E1A1925B1895C0870X,TE1A1B1C5D000X,1,1,1,1,1.4,1.4,1.4,1.8,0.0,0.0
1.73449,72,-61,421,0,E1A1925B1903C0854X,TE1A1B1C5D000X,1,1,1,1,1.4,1.4,1.4,1.8,0.0,0.0
1.75444,73,-61,422,0,E1A1919B1903C0851X,TE1A1B1C5D000X,1,1,1,1,1.4,1.4,1.4,1.8,0.0,0.0
1.76651,74,-61,421,0,E1A1912B1903C0850X,TE1A1B1C5D000X,1,1,1,1,1.4,1.4,1.4,1.8,0.0,0.0
1.77895,75,-60,421,0,E1A1904B1903C0851X,TE1A1B1C5D000X,1,1,1,1,1.4,1.4,1.4,1.8,0.0,0.0
1.79055,76,-60,420,0,E1A1898B1903C0850X,TE1A1B1C5D000X,1,1,1,1,1.4,1.4,1.4,1.8,0.0,0.0
1.80233,77,-60,420,0,E1A1891B1903C0851X,TE1A1B1C5D000X,1,1,1,1,1.4,1.4,1.4,1.8,0.0,0.0
1.81324,77,-60,420,0,E1A1885B1903C0851X,TE1A1B1C5D000X,1,1,1,1,1.4,1.4,1.4,1.8,0.0,0.0
1.82478,78,-60,420,0,E1A1879B1903C0852X,TE1A1B1C5D000X,1,1,1,1,1.4,1.4,1.4,1.8,0.0,0.0
1.8466,79,-59,420,0,E1A1873B1903C0854X,TE1A1B1C5D000X,1,1,1,1,1.4,1.4,1.4,1.8,0.0,0.0
1.85863,79,-58,419,0,E1A1869B1903C0854X,TE1A1B1C5D000X,1,1,1,1,1.4,1.4,1.4,1.8,0.0,0.0
1.87062,79,-58,420,0,E1A1864B1903C0855X,TE1A1B1C5D000X,1,1,1,1,1.4,1.4,1.4,1.8,0.0,0.0
1.8834,79,-57,418,0,E1A1861B1903C0855X,TE1A1B1C5D000X,1,1,1,1,1.4,1.4,1.4,1.8,0.0,0.0
1.89446,79,-57,418,0,E1A1858B1903C0855X,TE1A1B1C5D000X,1,1,1,1,1.4,1.4,1.4,1.8,0.0,0.0
1.90607,79,-56,417,0,E1A1855B1903C0857X,TE1A1B1C5D000X,1,1,1,1,1.4,1.4,1.4,1.8,0.0,0.0
1.92677,79,-55,416,0,E1A1851B1903C0858X,TE1A1B1C5D000X,1,1,1,1,1.4,1.4,1.4,1.8,0.0,0.0
1.9383,79,-54,416,0,E1A1848B1903C0861X,TE1A1B1C5D000X,1,1,1,1,1.4,1.4,1.4,1.8,0.0,0.0
1.94957,79,-53,416,0,E1A1845B1903C0864X,TE1A1B1C5D000X,1,1,1,1,1.4,1.4,1.4,1.8,0.0,0.0
1.96074,79,-53,416,0,E1A1841B1903C0868X,TE1A1B1C5D000X,1,1,1,1,1.4,1.4,1.4,1.8,0.0,0.0
1.97619,78,-52,416,0,E1A1839B1903C0871X,TE1A1B1C5D000X,1,1,1,1,1.4,1.4,1.4,1.8,0.0,0.0
1.98791,78,-51,416,0,E1A1836B1903C0874X,TE1A1B1C5D000X,1,1,1,1,1.4,1.4,1.4,1.8,0.0,0.0
2.00042,78,-50,416,0,E1A1834B1903C0879X,TE1A1B1C5D000X,1,1,1,1,1.4,1.4,1.4,1.8,0.0,0.0
2.01448,77,-49,416,0,E1A1832B1903C0883X,TE1A1B1C5D000X,1,1,1,1,1.4,1.4,1.4,1.8,0.0,0.0
2.02681,77,-48,416,0,E1A1829B1903C0890X,TE1A1B1C5D000X,1,1,1,1,1.4,1.4,1.4,1.8,0.0,0.0
2.03866,77,-46,416,0,E1A1827B1903C0896X,TE1A1B1C5D000X,1,1,1,1,1.4,1.4,1.4,1.8,0.0,0.0
2.05565,76,-45,415,0,E1A1826B1903C0903X,TE1A1B1C5D000X,1,1,1,1,1.4,1.4,1.4,1.8,0.0,0.0
2.07064,76,-43,414,0,E1A1824B1903C0910X,TE1A1B1C5D000X,1,1,1,1,1.4,1.4,1.4,1.8,0.0,0.0
2.08255,76,-42,414,0,E1A1822B1903C0919X,TE1A1B1C5D000X,1,1,1,1,1.4,1.4,1.4,1.8,0.0,0.0
2.09444,75,-40,414,0,E1A1820B1903C0928X,TE1A1B1C5D000X,1,1,1,1,1.4,1.4,1.4,1.8,0.0,0.0
2.11855,75,-39,413,0,E1A1818B1903C0939X,TE1A1B1C5D000X,1,1,1,1,1.4,1.4,1.4,1.8,0.0,0.0
2.13046,75,-37,413,0,E1A1816B1903C0949X,TE1A1B1C5D000X,1,1,1,1,1.4,1.4,1.4,1.8,0.0,0.0
2.1433,74,-35,412,0,E1A1815B1903C0959X,TE1A1B1C5D000X,1,1,1,1,1.4,1.4,1.4,1.8,0.0,0.0
2.15498,74,-34,412,0,E1A1813B1903C0971X,TE1A1B1C5D000X,1,1,1,1,1.4,1.4,1.4,1.8,0.0,0.0
2.16629,73,-32,411,0,E1A1811B1903C0981X,TE1A1B1C5D000X,1,1,1,1,1.4,1.4,1.4,1.8,0.0,0.0
2.17812,73,-30,410,0,E1A1809B1903C0992X,TE1A1B1C5D000X,1,1,1,1,1.4,1.4,1.4,1.8,0.0,0.0
2.18974,73,-29,410,0,E1A1806B1903C1003X,TE1A1B1C5D000X,1,1,1,1,1.4,1.4,1.4,1.8,0.0,0.0
2.20655,73,-27,409,0,E1A1803B1903C1015X,TE1A1B1C5D000X,1,1,1,1,1.4,1.4,1.4,1.8,0.0,0.0
2.21855,73,-25,408,0,E1A1799B1903C1027X,TE1A1B1C5D000X,1,1,1,1,1.4,1.4,1.4,1.8,0.0,0.0
2.23012,73,-24,407,0,E1A1794B1903C1038X,TE1A1B1C4D000X,1,1,1,1,1.4,1.4,1.4,1.8,0.0,0.0
2.24286,73,-22,407,0,E1A1790B1903C1049X,TE1A1B1C4D000X,1,1,1,1,1.4,1.4,1.4,1.8,0.0,0.0
2.2644,73,-21,406,0,E1A1785B1903C1062X,TE1A1B1C4D000X,1,1,1,1,1.4,1.4,1.4,1.8,0.0,0.0
2.27785,73,-19,406,0,E1A1780B1903C1073X,TE1A1B1C4D000X,1,1,1,1,1.4,1.4,1.4,1.8,0.0,0.0
2.28977,74,-18,405,0,E1A1774B1903C1084X,TE1A1B1C4D000X,1,1,1,1,1.4,1.4,1.4,1.8,0.0,0.0
2.30155,74,-16,405,0,E1A1768B1903C1096X,TE1A1B1C4D000X,1,1,1,1,1.4,1.4,1.4,1.8,0.0,0.0
2.31344,75,-15,406,0,E1A1761B1903C1108X,TE1A1B1C4D000X,1,1,1,1,1.4,1.4,1.4,1.8,0.0,0.0
2.325,75,-14,405,0,E1A1755B1903C1117X,TE1A1B1C4D000X,1,1,1,1,1.4,1.4,1.4,1.8,0.0,0.0
2.33665,76,-12,404,0,E1A1748B1903C1126X,TE1A1B1C4D000X,1,1,1,1,1.4,1.4,1.4,1.8,0.0,0.0
2.34795,76,-11,403,0,E1A1741B1903C1135X,TE1A1B1C4D000X,1,1,1,1,1.4,1.4,1.4,1.8,0.0,0.0
2.35981,77,-10,402,0,E1A1734B1903C1144X,TE1A1B1C4D000X,1,1,1,1,1.4,1.4,1.4,1.8,0.0,0.0
2.3788,77,-8,402,0,E1A1726B1903C1154X,TE1A1B1C4D000X,1,1,1,1,1.4,1.4,1.4,1.8,0.0,0.0
2.39115,78,-7,401,0,E1A1717B1903C1164X,TE1A1B1C4D000X,1,1,1,1,1.4,1.4,1.4,1.8,0.0,0.0
2.40294,79,-6,402,0,E1A1708B1903C1176X,TE1A1B1C4D000X,1,1,1,1,1.4,1.4,1.4,1.8,0.0,0.0
2.41447,80,-4,402,0,E1A1699B1903C1185X,TE1A1B1C4D000X,1,1,1,1,1.4,1.4,1.4,1.8,0.0,0.0
2.42602,81,-3,401,0,E1A1689B1903C1195X,TE1A2B1C4D000X,1,1,1,1,1.4,1.4,1.4,1.8,0.0,0.0
2.43748,81,-1,401,0,E1A1679B1903C1205X,TE1A2B1C4D000X,1,1,1,1,1.4,1.4,1.4,1.8,0.0,0.0
2.45447,82,0,401,0,E1A1668B1903C1216X,TE1A2B1C4D000X,1,1,1,1,1.4,1.4,1.4,1.8,0.0,0.0
2.46663,83,1,401,0,E1A1657B1903C1227X,TE1A2B1C4D000X,1,1,1,1,1.4,1.4,1.4,1.8,0.0,0.0
2.47894,84,3,402,0,E1A1645B1903C1239X,TE1A2B1C4D000X,1,1,1,1,1.4,1.4,1.4,1.8,0.0,0.0
2.4906,85,4,402,0,E1A1633B1903C1249X,TE1A2B1C4D000X,1,1,1,1,1.4,1.4,1.4,1.8,0.0,0.0
2.50249,86,6,402,0,E1A1621B1903C1260X,TE1A2B1C4D000X,1,1,1,1,1.4,1.4,1.4,1.8,0.0,0.0
2.52303,87,8,403,0,E1A1608B1903C1272X,TE1A2B1C3D000X,1,1,1,1,1.4,1.4,1.4,1.8,0.0,0.0
2.53505,88,10,403,0,E1A1594B1903C1284X,TE1A2B1C3D000X,1,1,1,1,1.4,1.4,1.4,1.8,0.0,0.0
2.54679,89,11,402,0,E1A1581B1903C1293X,TE1A2B1C3D000X,1,1,1,1,1.4,1.4,1.4,1.8,0.0,0.0
2.57071,90,13,401,0,E1A1568B1903C1302X,TE1A2B1C3D000X,1,1,1,1,1.4,1.4,1.4,1.8,0.0,0.0
2.5826,90,15,400,0,E1A1554B1903C1311X,TE1A2B1C3D000X,1,1,1,1,1.4,1.4,1.4,1.8,0.0,0.0
2.59458,91,17,399,0,E1A1540B1903C1319X,TE1A2B1C3D000X,1,1,1,1,1.4,1.4,1.4,1.8,0.0,0.0
2.60655,91,18,397,0,E1A1527B1903C1326X,TE1A2B1C3D000X,1,1,1,1,1.4,1.4,1.4,1.8,0.0,0.0
2.61821,92,20,395,0,E1A1514B1903C1332X,TE1A2B1C3D000X,1,1,1,1,1.4,1.4,1.4,1.8,0.0,0.0
2.63454,92,21,394,0,E1A1500B1903C1339X,TE1A2B1C3D000X,1,1,1,1,1.4,1.4,1.4,1.8,0.0,0.0
2.64669,93,23,393,0,E1A1485B1903C1344X,TE1A2B1C3D000X,1,1,1,1,1.4,1.4,1.4,1.8,0.0,0.0
2.65908,93,24,392,0,E1A1471B1903C1350X,TE1A2B1C3D000X,1,1,1,1,1.4,1.4,1.4,1.8,0.0,0.0
2.67106,93,25,390,0,E1A1457B1903C1355X,TE1A2B1C3D000X,1,1,1,1,1.4,1.4,1.4,1.8,0.0,0.0
2.68378,94,26,389,0,E1A1443B1903C1360X,TE1A3B1C3D000X,1,1,1,1,1.4,1.4,1.4,1.8,0.0,0.0
2.69549,94,28,387,0,E1A1428B1903C1364X,TE1A3B1C3D000X,1,1,1,1,1.4,1.4,1.4,1.8,0.0,0.0
2.7076,94,29,386,0,E1A1414B1903C1368X,TE1A3B1C3D000X,1,1,1,1,1.4,1.4,1.4,1.8,0.0,0.0
2.71946,95,30,386,0,E1A1399B1903C1372X,TE1A3B1C3D000X,1,1,1,1,1.4,1.4,1.4,1.8,0.0,0.0
2.73097,95,31,385,0,E1A1384B1903C1375X,TE1A3B1C3D000X,1,1,1,1,1.4,1.4,1.4,1.8,0.0,0.0
2.74302,96,32,384,0,E1A1369B1903C1379X,TE1A3B1C3D000X,1,1,1,1,1.4,1.4,1.4,1.8,0.0,0.0
2.75487,96,32,383,0,E1A1355B1903C1382X,TE1A3B1C3D000X,1,1,1,1,1.4,1.4,1.4,1.8,0.0,0.0
2.76638,96,33,382,0,E1A1341B1903C1384X,TE1A3B1C3D000X,1,1,1,1,1.4,1.4,1.4,1.8,0.0,0.0
2.77822,97,34,381,0,E1A1327B1903C1386X,TE1A3B1C3D000X,1,1,1,1,1.4,1.4,1.4,1.8,0.0,0.0
2.79008,97,35,381,0,E1A1313B1903C1389X,TE1A3B1C3D000X,1,1,1,1,1.4,1.4,1.4,1.8,0.0,0.0
2.8021,97,35,381,0,E1A1299B1903C1391X,TE1A3B1C3D000X,1,1,1,1,1.4,1.4,1.4,1.8,0.0,0.0
2.81357,97,36,380,0,E1A1285B1903C1393X,TE1A3B1C3D000X,1,1,1,1,1.4,1.4,1.4,1.8,0.0,0.0
2.82555,98,37,380,0,E1A1272B1903C1396X,TE1A3B1C3D000X,1,1,1,1,1.4,1.4,1.4,1.8,0.0,0.0
2.83713,98,37,380,0,E1A1259B1903C1398X,TE1A3B1C3D000X,1,1,1,1,1.4,1.4,1.4,1.8,0.0,0.0
2.84909,98,38,379,0,E1A1245B1903C1400X,TE1A3B1C3D000X,1,1,1,1,1.4,1.4,1.4,1.8,0.0,0.0
2.86267,98,39,379,0,E1A1232B1903C1402X,TE1A4B1C3D000X,1,1,1,1,1.4,1.4,1.4,1.8,0.0,0.0
2.87469,99,39,379,0,E1A1218B1903C1404X,TE1A4B1C3D000X,1,1,1,1,1.4,1.4,1.4,1.8,0.0,0.0
2.90696,99,40,379,0,E1A1204B1903C1407X,TE1A4B1C3D000X,1,1,1,1,1.4,1.4,1.4,1.8,0.0,0.0
2.91915,99,41,379,0,E1A1190B1903C1410X,TE1A4B1C3D000X,1,1,1,1,1.4,1.4,1.4,1.8,0.0,0.0
2.93091,99,41,379,0,E1A1176B1903C1412X,TE1A4B1C3D000X,1,1,1,1,1.4,1.4,1.4,1.8,0.0,0.0
2.96271,100,42,378,0,E1A1162B1903C1414X,TE1A4B1C3D000X,1,1,1,1,1.4,1.4,1.4,1.8,0.0,0.0
2.97483,100,42,378,0,E1A1148B1903C1416X,TE1A4B1C3D000X,1,1,1,1,1.4,1.4,1.4,1.8,0.0,0.0
2.99878,100,43,378,0,E1A1134B1903C1418X,TE1A4B1C3D000X,1,1,1,1,1.4,1.4,1.4,1.8,0.0,0.0
3.01073,100,43,378,0,E1A1121B1903C1420X,TE1A4B1C3D000X,1,1,1,1,1.4,1.4,1.4,1.8,0.0,0.0
3.02237,100,44,378,0,E1A1108B1903C1422X,TE1A4B1C3D000X,1,1,1,1,1.4,1.4,1.4,1.8,0.0,0.0
3.03387,100,44,377,0,E1A1095B1903C1423X,TE1A4B1C3D000X,1,1,1,1,1.4,1.4,1.4,1.8,0.0,0.0
3.04694,100,45,376,0,E1A1083B1903C1425X,TE1A4B1C3D000X,1,1,1,1,1.4,1.4,1.4,1.8,0.0,0.0
3.06874,100,45,376,0,E1A1070B1903C1427X,TE1A4B1C3D000X,1,1,1,1,1.4,1.4,1.4,1.8,0.0,0.0
3.08074,100,46,376,0,E1A1057B1903C1430X,TE1A4B1C3D000X,1,1,1,1,1.4,1.4,1.4,1.8,0.0,0.0
3.09249,100,46,375,0,E1A1046B1903C1432X,TE1A4B1C3D000X,1,1,1,1,1.4,1.4,1.4,1.8,0.0,0.0
3.1103,100,47,376,0,E1A1034B1903C1434X,TE1A4B1C3D000X,1,1,1,1,1.4,1.4,1.4,1.8,0.0,0.0
3.1226,100,47,375,0,E1A1022B1903C1437X,TE1A4B1C3D000X,1,1,1,1,1.4,1.4,1.4,1.8,0.0,0.0
3.13448,99,47,374,0,E1A1012B1903C1439X,TE1A5B1C3D000X,1,1,1,1,1.4,1.4,1.4,1.8,0.0,0.0
3.14654,99,48,374,0,E1A1002B1903C1442X,TE1A5B1C3D000X,1,1,1,1,1.4,1.4,1.4,1.8,0.0,0.0
3.15827,99,48,375,0,E1A0992B1903C1445X,TE1A5B1C3D000X,1,1,1,1,1.4,1.4,1.4,1.8,0.0,0.0
3.1695,98,49,375,0,E1A0982B1903C1447X,TE1A5B1C3D000X,1,1,1,1,1.4,1.4,1.4,1.8,0.0,0.0
3.18134,98,49,375,0,E1A0971B1903C1451X,TE1A5B1C3D000X,1,1,1,1,1.4,1.4,1.4,1.8,0.0,0.0
3.1932,98,50,375,0,E1A0961B1903C1453X,TE1A5B1C3D000X,1,1,1,1,1.4,1.4,1.4,1.8,0.0,0.0
3.20506,98,50,375,0,E1A0951B1903C1456X,TE1A5B1C3D000X,1,1,1,1,1.4,1.4,1.4,1.8,0.0,0.0
3.21691,97,50,375,0,E1A0941B1903C1459X,TE1A5B1C3D000X,1,1,1,1,1.4,1.4,1.4,1.8,0.0,0.0
3.22814,97,51,375,0,E1A0932B1903C1462X,TE1A5B1C3D000X,1,1,1,1,1.4,1.4,1.4,1.8,0.0,0.0
3.23977,96,51,374,0,E1A0923B1903C1466X,TE1A5B1C3D000X,1,1,1,1,1.4,1.4,1.4,1.8,0.0,0.0
3.25098,95,51,374,0,E1A0916B1903C1470X,TE1A5B1C3D000X,1,1,1,1,1.4,1.4,1.4,1.8,0.0,0.0
3.26279,95,52,375,0,E1A0909B1903C1474X,TE1A5B1C3D000X,1,1,1,1,1.4,1.4,1.4,1.8,0.0,0.0
3.27455,93,52,375,0,E1A0903B1903C1480X,TE1A5B1C3D000X,1,1,1,1,1.4,1.4,1.4,1.8,0.0,0.0
3.28615,92,53,375,0,E1A0899B1903C1485X,TE1A5B1C3D000X,1,1,1,1,1.4,1.4,1.4,1.8,0.0,0.0
3.29711,91,53,375,0,E1A0895B1903C1491X,TE1A5B1C2D000X,1,1,1,1,1.4,1.4,1.4,1.8,0.0,0.0
3.30873,89,53,374,0,E1A0892B1903C1496X,TE1A5B1C2D000X,1,1,1,1,1.4,1.4,1.4,1.8,0.0,0.0
3.32008,88,54,374,0,E1A0889B1903C1503X,TE1A5B1C2D000X,1,1,1,1,1.4,1.4,1.4,1.8,0.0,0.0
3.3313,86,54,375,0,E1A0888B1903C1510X,TE1A5B1C2D000X,1,1,1,1,1.4,1.4,1.4,1.8,0.0,0.0
3.34305,84,55,375,0,E1A0888B1903C1518X,TE1A5B1C2D000X,1,1,1,1,1.4,1.4,1.4,1.8,0.0,0.0
3.35462,82,55,375,0,E1A0891B1903C1526X,TE1A5B1C2D000X,1,1,1,1,1.4,1.4,1.4,1.8,0.0,0.0
3.36587,80,55,375,0,E1A0893B1903C1533X,TE1A5B1C2D000X,1,1,1,1,1.4,1.4,1.4,1.8,0.0,0.0
3.37755,77,55,375,0,E1A0897B1903C1541X,TE1A5B1C2D000X,1,1,1,1,1.4,1.4,1.4,1.8,0.0,0.0
3.38917,75,55,375,0,E1A0902B1903C1549X,TE1A5B1C2D000X,1,1,1,1,1.4,1.4,1.4,1.8,0.0,0.0
3.40105,72,55,376,0,E1A0909B1903C1558X,TE1A5B1C2D000X,1,1,1,1,1.4,1.4,1.4,1.8,0.0,0.0
3.41205,70,55,377,0,E1A0918B1903C1566X,TE1A5B1C2D000X,1,1,1,1,1.4,1.4,1.4,1.8,0.0,0.0
3.42407,67,55,377,0,E1A0927B1903C1575X,TE1A5B1C2D000X,1,1,1,1,1.4,1.4,1.4,1.8,0.0,0.0
3.43534,64,55,378,0,E1A0936B1903C1583X,TE1A5B1C2D000X,1,1,1,1,1.4,1.4,1.4,1.8,0.0,0.0
3.44656,61,55,379,0,E1A0947B1903C1591X,TE1A5B1C2D000X,1,1,1,1,1.4,1.4,1.4,1.8,0.0,0.0
3.45829,59,55,379,0,E1A0957B1903C1598X,TE1A5B1C2D000X,1,1,1,1,1.4,1.4,1.4,1.8,0.0,0.0
3.46963,56,55,380,0,E1A0970B1903C1606X,TE1A5B1C2D000X,1,1,1,1,1.4,1.4,1.4,1.8,0.0,0.0
3.48088,53,54,380,0,E1A0982B1903C1613X,TE1A5B1C2D000X,1,1,1,1,1.4,1.4,1.4,1.8,0.0,0.0
3.49245,51,54,381,0,E1A0995B1903C1620X,TE1A5B1C2D000X,1,1,1,1,1.4,1.4,1.4,1.8,0.0,0.0
3.50346,48,53,381,0,E1A1009B1903C1626X,TE1A5B1C2D000X,1,1,1,1,1.4,1.4,1.4,1.8,0.0,0.0
3.51517,45,52,381,0,E1A1024B1903C1632X,TE1A5B1C2D000X,1,1,1,1,1.4,1.4,1.4,1.8,0.0,0.0
3.52689,42,51,381,0,E1A1041B1903C1638X,TE1A5B1C2D000X,1,1,1,1,1.4,1.4,1.4,1.8,0.0,0.0
3.53836,39,50,382,0,E1A1062B1903C1644X,TE1A5B1C2D000X,1,1,1,1,1.4,1.4,1.4,1.8,0.0,0.0
3.56235,36,49,383,0,E1A1084B1903C1649X,TE1A4B1C2D000X,1,1,1,1,1.4,1.4,1.4,1.8,0.0,0.0
3.57429,33,48,384,0,E1A1108B1903C1654X,TE1A4B1C2D000X,1,1,1,1,1.4,1.4,1.4,1.8,0.0,0.0
3.58618,30,47,385,0,E1A1132B1903C1659X,TE1A4B1C2D000X,1,1,1,1,1.4,1.4,1.4,1.8,0.0,0.0
3.59719,27,45,386,0,E1A1155B1903C1664X,TE1A4B1C2D000X,1,1,1,1,1.4,1.4,1.4,1.8,0.0,0.0
3.63017,24,44,387,0,E1A1186B1903C1668X,TE1A4B1C2D000X,1,1,1,1,1.4,1.4,1.4,1.8,0.0,0.0
3.64248,20,42,388,0,E1A1216B1903C1672X,TE1A4B1C2D000X,1,1,1,1,1.4,1.4,1.4,1.8,0.0,0.0
3.65435,17,41,390,0,E1A1245B1903C1677X,TE1A4B1C2D000X,1,1,1,1,1.4,1.4,1.4,1.8,0.0,0.0
3.67419,14,39,390,0,E1A1276B1903C1681X,TE1A4B1C2D000X,1,1,1,1,1.4,1.4,1.4,1.8,0.0,0.0
3.68611,10,37,392,0,E1A1307B1903C1686X,TE1A4B1C2D000X,1,1,1,1,1.4,1.4,1.4,1.8,0.0,0.0
3.69841,7,36,393,0,E1A1337B1903C1690X,TE1A3B1C2D000X,1,1,1,1,1.4,1.4,1.4,1.8,0.0,0.0
3.7181,4,34,394,0,E1A1367B1903C1695X,TE1A3B1C2D000X,1,1,1,1,1.4,1.4,1.4,1.8,0.0,0.0
3.73023,1,33,395,0,E1A1396B1903C1699X,TE1A3B1C2D000X,1,1,1,1,1.4,1.4,1.4,1.8,0.0,0.0
3.74224,-1,31,396,0,E1A1423B1903C1703X,TE1A3B1C2D000X,1,1,1,1,1.4,1.4,1.4,1.8,0.0,0.0
3.75404,-4,30,397,0,E1A1449B1903C1707X,TE1A3B1C2D000X,1,1,1,1,1.4,1.4,1.4,1.8,0.0,0.0
3.76624,-6,29,398,0,E1A1473B1903C1711X,TE1A3B1C1D000X,1,1,1,1,1.4,1.4,1.4,1.8,0.0,0.0
3.77817,-9,28,397,0,E1A1495B1903C1715X,TE1A3B1C1D000X,1,1,1,1,1.4,1.4,1.4,1.8,0.0,0.0
3.81008,-11,26,398,0,E1A1519B1903C1718X,TE1A2B1C1D000X,1,1,1,1,1.4,1.4,1.4,1.8,0.0,0.0
3.82222,-14,25,400,0,E1A1545B1904C1718X,TE1A2B1C1D000X,1,1,1,1,1.4,1.4,1.4,1.8,0.0,0.0
3.83424,-16,24,400,0,E1A1572B1900C1718X,TE1A2B1C1D000X,1,1,1,1,1.4,1.4,1.4,1.8,0.0,0.0
3.84613,-18,23,401,0,E1A1599B1896C1718X,TE1A2B1C1D000X,1,1,1,1,1.4,1.4,1.4,1.8,0.0,0.0
3.86584,-20,23,402,0,E1A1625B1892C1718X,TE1A2B1C1D000X,1,1,1,1,1.4,1.4,1.4,1.8,0.0,0.0
3.89059,-22,22,405,0,E1A1653B1887C1718X,TE1A2B1C1D000X,1,1,1,1,1.4,1.4,1.4,1.8,0.0,0.0
3.90227,-24,21,405,0,E1A1675B1882C1718X,TE1A2B1C1D000X,1,1,1,1,1.4,1.4,1.4,1.8,0.0,0.0
3.9223,-26,20,405,0,E1A1698B1879C1718X,TE1A2B1C1D000X,1,1,1,1,1.4,1.4,1.4,1.8,0.0,0.0
3.93412,-27,19,405,0,E1A1718B1875C1718X,TE1A2B1C1D000X,1,1,1,1,1.4,1.4,1.4,1.8,0.0,0.0
3.9461,-29,19,406,0,E1A1737B1871C1718X,TE1A1B1C1D000X,1,1,1,1,1.4,1.4,1.4,1.8,0.0,0.0
3.95809,-30,18,406,0,E1A1755B1867C1718X,TE1A1B1C1D000X,1,1,1,1,1.4,1.4,1.4,1.8,0.0,0.0
3.97003,-31,17,406,0,E1A1770B1864C1718X,TE1A1B1C1D000X,1,1,1,1,1.4,1.4,1.4,1.8,0.0,0.0
3.98145,-33,17,405,0,E1A1784B1861C1718X,TE1A1B1C1D000X,1,1,1,1,1.4,1.4,1.4,1.8,0.0,0.0
4.01433,-34,16,405,0,E1A1800B1857C1718X,TE1A1B1C1D000X,1,1,1,1,1.4,1.4,1.4,1.8,0.0,0.0
4.03814,-35,16,405,0,E1A1816B1852C1718X,TE1A1B1C1D000X,1,1,1,1,1.4,1.4,1.4,1.8,0.0,0.0
4.04969,-37,15,405,0,E1A1830B1847C1718X,TE1A1B1C1D000X,1,1,1,1,1.4,1.4,1.4,1.8,0.0,0.0
4.06115,-38,14,405,0,E1A1842B1842C1718X,TE1A1B1C1D000X,1,1,1,1,1.4,1.4,1.4,1.8,0.0,0.0
4.07271,-39,14,404,0,E1A1852B1836C1718X,TE1A1B1C1D000X,1,1,1,1,1.4,1.4,1.4,1.8,0.0,0.0
4.08435,-40,13,404,0,E1A1861B1829C1718X,TE1A1B1C1D000X,1,1,1,1,1.4,1.4,1.4,1.8,0.0,0.0
4.09593,-41,13,403,0,E1A1870B1822C1718X,TE1A1B1C1D000X,1,1,1,1,1.4,1.4,1.4,1.8,0.0,0.0
4.10723,-42,12,403,0,E1A1877B1814C1718X,TE1A1B1C1D000X,1,1,1,1,1.4,1.4,1.4,1.8,0.0,0.0
4.11888,-43,12,403,0,E1A1884B1804C1718X,TE1A1B1C1D000X,1,1,1,1,1.4,1.4,1.4,1.8,0.0,0.0
4.13804,-44,11,402,0,E1A1891B1793C1718X,TE1A1B1C1D000X,1,1,1,1,1.4,1.4,1.4,1.8,0.0,0.0
4.15015,-45,11,403,0,E1A1897B1781C1718X,TE1A1B1C1D000X,1,1,1,1,1.4,1.4,1.4,1.8,0.0,0.0
4.16206,-46,11,403,0,E1A1903B1769C1718X,TE1A1B1C1D000X,1,1,1,1,1.4,1.4,1.4,1.8,0.0,0.0
4.17334,-47,10,403,0,E1A1908B1757C1718X,TE1A1B1C1D000X,1,1,1,1,1.4,1.4,1.4,1.8,0.0,0.0
4.18395,-48,10,403,0,E1A1912B1746C1718X,TE1A1B1C1D000X,1,1,1,1,1.4,1.4,1.4,1.8,0.0,0.0
4.21821,-49,10,403,0,E1A1916B1733C1718X,TE1A1B1C1D000X,1,1,1,1,1.4,1.4,1.4,1.8,0.0,0.0
4.22965,-49,10,403,0,E1A1919B1722C1718X,TE1A1B1C1D000X,1,1,1,1,1.4,1.4,1.4,1.8,0.0,0.0
4.24075,-50,10,403,0,E1A1922B1710C1718X,TE1A1B1C1D000X,1,1,1,1,1.4,1.4,1.4,1.8,0.0,0.0
4.25213,-50,10,403,0,E1A1924B1701C1718X,TE1A1B1C1D000X,1,1,1,1,1.4,1.4,1.4,1.8,0.0,0.0
4.26345,-50,10,404,0,E1A1924B1692C1720X,TE1A1B2C1D000X,1,1,1,1,1.4,1.4,1.4,1.8,0.0,0.0
4.27492,-50,10,403,0,E1A1924B1687C1719X,TE1A1B2C1D000X,1,1,1,1,1.4,1.4,1.4,1.8,0.0,0.0
4.28612,-51,10,404,0,E1A1924B1682C1718X,TE1A1B2C1D000X,1,1,1,1,1.4,1.4,1.4,1.8,0.0,0.0
4.2969,-51,10,403,0,E1A1924B1678C1717X,TE1A1B2C1D000X,1,1,1,1,1.4,1.4,1.4,1.8,0.0,0.0
4.30862,-51,10,403,0,E1A1924B1673C1715X,TE1A1B2C1D000X,1,1,1,1,1.4,1.4,1.4,1.8,0.0,0.0
4.31991,-51,9,402,0,E1A1924B1670C1714X,TE1A1B2C1D000X,1,1,1,1,1.4,1.4,1.4,1.8,0.0,0.0
4.34223,-51,9,402,0,E1A1924B1666C1714X,TE1A1B2C1D000X,1,1,1,1,1.4,1.4,1.4,1.8,0.0,0.0
4.35412,-51,9,402,0,E1A1924B1663C1713X,TE1A1B2C1D000X,1,1,1,1,1.4,1.4,1.4,1.8,0.0,0.0
4.36529,-50,9,402,0,E1A1924B1659C1712X,TE1A1B2C1D000X,1,1,1,1,1.4,1.4,1.4,1.8,0.0,0.0
4.37645,-50,9,402,0,E1A1924B1656C1712X,TE1A1B2C1D000X,1,1,1,1,1.4,1.4,1.4,1.8,0.0,0.0
4.38792,-50,9,403,0,E1A1924B1652C1711X,TE1A1B2C1D000X,1,1,1,1,1.4,1.4,1.4,1.8,0.0,0.0
4.39977,-50,9,403,0,E1A1924B1648C1711X,TE1A1B2C1D000X,1,1,1,1,1.4,1.4,1.4,1.8,0.0,0.0
4.41085,-50,9,402,0,E1A1924B1645C1710X,TE1A1B2C1D000X,1,1,1,1,1.4,1.4,1.4,1.8,0.0,0.0
4.4303,-50,9,403,0,E1A1924B1642C1710X,TE1A1B2C1D000X,1,1,1,1,1.4,1.4,1.4,1.8,0.0,0.0
4.44235,-50,9,402,0,E1A1924B1639C1709X,TE1A1B2C1D000X,1,1,1,1,1.4,1.4,1.4,1.8,0.0,0.0
4.45404,-50,9,403,0,E1A1924B1635C1709X,TE1A1B2C1D000X,1,1,1,1,1.4,1.4,1.4,1.8,0.0,0.0
4.47829,-49,9,403,0,E1A1924B1632C1708X,TE1A1B2C1D000X,1,1,1,1,1.4,1.4,1.4,1.8,0.0,0.0
4.48984,-49,9,403,0,E1A1924B1628C1708X,TE1A1B2C1D000X,1,1,1,1,1.4,1.4,1.4,1.8,0.0,0.0
4.50136,-49,10,404,0,E1A1924B1625C1707X,TE1A1B2C1D000X,1,1,1,1,1.4,1.4,1.4,1.8,0.0,0.0
4.51276,-49,10,404,0,E1A1924B1621C1707X,TE1A1B2C1D000X,1,1,1,1,1.4,1.4,1.4,1.8,0.0,0.0
4.52427,-49,10,403,0,E1A1924B1617C1706X,TE1A1B2C1D000X,1,1,1,1,1.4,1.4,1.4,1.8,0.0,0.0
4.54629,-49,10,403,0,E1A1924B1613C1706X,TE1A1B2C2D000X,1,1,1,1,1.4,1.4,1.4,1.8,0.0,0.0
4.55785,-49,10,402,0,E1A1924B1609C1706X,TE1A1B2C2D000X,1,1,1,1,1.4,1.4,1.4,1.8,0.0,0.0
4.57792,-48,10,402,0,E1A1924B1606C1706X,TE1A1B2C2D000X,1,1,1,1,1.4,1.4,1.4,1.8,0.0,0.0
4.59014,-48,10,403,0,E1A1924B1602C1706X,TE1A1B2C2D000X,1,1,1,1,1.4,1.4,1.4,1.8,0.0,0.0
4.61016,-48,10,403,0,E1A1924B1598C1706X,TE1A1B2C2D000X,1,1,1,1,1.4,1.4,1.4,1.8,0.0,0.0
4.62244,-48,10,403,0,E1A1924B1594C1706X,TE1A1B2C2D000X,1,1,1,1,1.4,1.4,1.4,1.8,0.0,0.0
4.63417,-48,10,403,0,E1A1924B1590C1706X,TE1A1B2C2D000X,1,1,1,1,1.4,1.4,1.4,1.8,0.0,0.0
4.6466,-48,10,402,0,E1A1924B1586C1706X,TE1A1B2C2D000X,1,1,1,1,1.4,1.4,1.4,1.8,0.0,0.0
4.65864,-47,10,402,0,E1A1924B1583C1706X,TE1A1B2C2D000X,1,1,1,1,1.4,1.4,1.4,1.8,0.0,0.0
4.67011,-47,10,401,0,E1A1924B1579C1707X,TE1A1B2C2D000X,1,1,1,1,1.4,1.4,1.4,1.8,0.0,0.0
4.68093,-47,10,400,0,E1A1924B1574C1707X,TE1A1B2C1D000X,1,1,1,1,1.4,1.4,1.4,1.8,0.0,0.0
4.69232,-47,11,400,0,E1A1924B1569C1707X,TE1A1B2C1D000X,1,1,1,1,1.4,1.4,1.4,1.8,0.0,0.0
4.70352,-47,11,400,0,E1A1924B1565C1706X,TE1A1B2C1D000X,1,1,1,1,1.4,1.4,1.4,1.8,0.0,0.0
4.71444,-47,11,400,0,E1A1924B1560C1706X,TE1A1B2C2D000X,1,1,1,1,1.4,1.4,1.4,1.8,0.0,0.0
4.72627,-47,11,400,0,E1A1924B1556C1706X,TE1A1B2C2D000X,1,1,1,1,1.4,1.4,1.4,1.8,0.0,0.0
4.73812,-47,11,401,0,E1A1924B1551C1706X,TE1A1B2C2D000X,1,1,1,1,1.4,1.4,1.4,1.8,0.0,0.0
4.74978,-47,11,401,0,E1A1924B1546C1705X,TE1A1B2C2D000X,1,1,1,1,1.4,1.4,1.4,1.8,0.0,0.0
4.76058,-47,11,402,0,E1A1924B1541C1705X,TE1A1B2C2D000X,1,1,1,1,1.4,1.4,1.4,1.8,0.0,0.0
4.77204,-47,11,403,0,E1A1924B1536C1704X,TE1A1B2C2D000X,1,1,1,1,1.4,1.4,1.4,1.8,0.0,0.0
4.78292,-47,11,404,0,E1A1924B1531C1704X,TE1A1B2C2D000X,1,1,1,1,1.4,1.4,1.4,1.8,0.0,0.0
4.7948,-47,12,406,0,E1A1924B1526C1703X,TE1A1B2C2D000X,1,1,1,1,1.4,1.4,1.4,1.8,0.0,0.0
4.80655,-47,12,405,0,E1A1924B1520C1703X,TE1A1B2C2D000X,1,1,1,1,1.4,1.4,1.4,1.8,0.0,0.0
4.81814,-47,12,405,0,E1A1924B1515C1703X,TE1A1B2C2D000X,1,1,1,1,1.4,1.4,1.4,1.8,0.0,0.0
4.82919,-47,12,404,0,E1A1924B1510C1702X,TE1A1B2C2D000X,1,1,1,1,1.4,1.4,1.4,1.8,0.0,0.0
4.84092,-47,12,404,0,E1A1924B1505C1702X,TE1A1B2C2D000X,1,1,1,1,1.4,1.4,1.4,1.8,0.0,0.0
4.85273,-47,12,403,0,E1A1924B1500C1702X,TE1A1B2C2D000X,1,1,1,1,1.4,1.4,1.4,1.8,0.0,0.0
4.86371,-47,12,402,0,E1A1924B1495C1702X,TE1A1B2C2D000X,1,1,1,1,1.4,1.4,1.4,1.8,0.0,0.0
4.877,-47,12,404,0,E1A1924B1489C1701X,TE1A1B2C2D000X,1,1,1,1,1.4,1.4,1.4,1.8,0.0,0.0
4.88868,-47,12,404,0,E1A1924B1484C1700X,TE1A1B2C2D000X,1,1,1,1,1.4,1.4,1.4,1.8,0.0,0.0
4.89975,-47,12,404,0,E1A1924B1479C1700X,TE1A1B2C2D000X,1,1,1,1,1.4,1.4,1.4,1.8,0.0,0.0
4.91127,-47,12,403,0,E1A1924B1473C1699X,TE1A1B3C2D000X,1,1,1,1,1.4,1.4,1.4,1.8,0.0,0.0
4.92334,-47,12,403,0,E1A1924B1467C1699X,TE1A1B3C2D000X,1,1,1,1,1.4,1.4,1.4,1.8,0.0,0.0
4.95052,-47,13,402,0,E1A1924B1461C1699X,TE1A1B3C2D000X,1,1,1,1,1.4,1.4,1.4,1.8,0.0,0.0
4.96224,-47,13,402,0,E1A1924B1456C1698X,TE1A1B3C2D000X,1,1,1,1,1.4,1.4,1.4,1.8,0.0,0.0
4.97639,-48,13,402,0,E1A1924B1450C1697X,TE1A1B3C2D000X,1,1,1,1,1.4,1.4,1.4,1.8,0.0,0.0
4.98777,-48,13,402,0,E1A1924B1444C1697X,TE1A1B3C2D000X,1,1,1,1,1.4,1.4,1.4,1.8,0.0,0.0
5.00081,-48,13,403,0,E1A1924B1438C1696X,TE1A1B3C2D000X,1,1,1,1,1.4,1.4,1.4,1.8,0.0,0.0
5.0123,-48,13,403,0,E1A1924B1432C1695X,TE1A1B3C2D000X,1,1,1,1,1.4,1.4,1.4,1.8,0.0,0.0
5.0239,-48,13,402,0,E1A1924B1426C1694X,TE1A1B3C2D000X,1,1,1,1,1.4,1.4,1.4,1.8,0.0,0.0
5.03558,-49,13,403,0,E1A1924B1420C1693X,TE1A1B3C2D000X,1,1,1,1,1.4,1.4,1.4,1.8,0.0,0.0
5.04673,-49,13,403,0,E1A1924B1414C1692X,TE1A1B3C2D000X,1,1,1,1,1.4,1.4,1.4,1.8,0.0,0.0
5.05813,-49,13,402,0,E1A1924B1408C1692X,TE1A1B3C2D000X,1,1,1,1,1.4,1.4,1.4,1.8,0.0,0.0
5.06941,-49,13,402,0,E1A1924B1402C1691X,TE1A1B3C2D000X,1,1,1,1,1.4,1.4,1.4,1.8,0.0,0.0
5.08035,-49,13,401,0,E1A1924B1397C1691X,TE1A1B3C2D000X,1,1,1,1,1.4,1.4,1.4,1.8,0.0,0.0
5.09177,-49,13,402,0,E1A1924B1391C1690X,TE1A1B3C2D000X,1,1,1,1,1.4,1.4,1.4,1.8,0.0,0.0
5.10342,-49,13,402,0,E1A1924B1386C1690X,TE1A1B3C2D000X,1,1,1,1,1.4,1.4,1.4,1.8,0.0,0.0
5.11457,-49,14,402,0,E1A1924B1381C1689X,TE1A1B3C2D000X,1,1,1,1,1.4,1.4,1.4,1.8,0.0,0.0
5.12586,-49,14,402,0,E1A1924B1376C1689X,TE1A1B3C2D000X,1,1,1,1,1.4,1.4,1.4,1.8,0.0,0.0
5.13734,-49,14,401,0,E1A1924B1370C1689X,TE1A1B3C2D000X,1,1,1,1,1.4,1.4,1.4,1.8,0.0,0.0
5.14973,-49,14,401,0,E1A1924B1365C1688X,TE1A1B3C2D000X,1,1,1,1,1.4,1.4,1.4,1.8,0.0,0.0
5.16072,-49,14,401,0,E1A1924B1360C1687X,TE1A1B3C2D000X,1,1,1,1,1.4,1.4,1.4,1.8,0.0,0.0
5.17209,-49,14,400,0,E1A1924B1355C1687X,TE1A1B3C2D000X,1,1,1,1,1.4,1.4,1.4,1.8,0.0,0.0
5.18616,-49,14,399,0,E1A1924B1350C1687X,TE1A1B3C2D000X,1,1,1,1,1.4,1.4,1.4,1.8,0.0,0.0
5.21031,-49,14,399,0,E1A1924B1346C1686X,TE1A1B3C2D000X,1,1,1,1,1.4,1.4,1.4,1.8,0.0,0.0
5.25441,-49,14,399,0,E1A1924B1343C1685X,TE1A1B3C2D000X,1,1,1,1,1.4,1.4,1.4,1.8,0.0,0.0
5.26627,-49,13,400,0,E1A1924B1340C1685X,TE1A1B3C2D000X,1,1,1,1,1.4,1.4,1.4,1.8,0.0,0.0
5.2784,-48,13,399,0,E1A1924B1338C1684X,TE1A1B3C2D000X,1,1,1,1,1.4,1.4,1.4,1.8,0.0,0.0
5.30236,-48,13,400,0,E1A1924B1338C1683X,TE1A1B3C2D000X,1,1,1,1,1.4,1.4,1.4,1.8,0.0,0.0
5.31401,-48,13,400,0,E1A1924B1338C1682X,TE1A1B3C2D000X,1,1,1,1,1.4,1.4,1.4,1.8,0.0,0.0
5.3342,-48,13,401,0,E1A1924B1338C1681X,TE1A1B3C2D000X,1,1,1,1,1.4,1.4,1.4,1.8,0.0,0.0
5.3465,-47,12,400,0,E1A1924B1339C1681X,TE1A1B3C2D000X,1,1,1,1,1.4,1.4,1.4,1.8,0.0,0.0
5.35833,-47,12,400,0,E1A1924B1339C1680X,TE1A1B3C2D000X,1,1,1,1,1.4,1.4,1.4,1.8,0.0,0.0
5.36994,-46,12,401,0,E1A1924B1340C1679X,TE1A1B3C2D000X,1,1,1,1,1.4,1.4,1.4,1.8,0.0,0.0
5.39024,-46,11,401,0,E1A1924B1342C1679X,TE1A1B3C2D000X,1,1,1,1,1.4,1.4,1.4,1.8,0.0,0.0
5.40215,-46,11,403,0,E1A1924B1344C1678X,TE1A1B3C2D000X,1,1,1,1,1.4,1.4,1.4,1.8,0.0,0.0
5.45832,-45,11,404,0,E1A1924B1350C1678X,TE1A1B3C2D000X,1,1,1,1,1.4,1.4,1.4,1.8,0.0,0.0
5.47051,-44,10,405,0,E1A1924B1356C1677X,TE1A1B3C2D000X,1,1,1,1,1.4,1.4,1.4,1.8,0.0,0.0
5.48216,-43,10,405,0,E1A1924B1361C1677X,TE1A1B3C2D000X,1,1,1,1,1.4,1.4,1.4,1.8,0.0,0.0
5.49407,-42,9,405,0,E1A1924B1366C1676X,TE1A1B3C2D000X,1,1,1,1,1.4,1.4,1.4,1.8,0.0,0.0
5.50523,-42,9,404,0,E1A1924B1372C1676X,TE1A1B3C2D000X,1,1,1,1,1.4,1.4,1.4,1.8,0.0,0.0
5.52609,-41,8,405,0,E1A1924B1379C1676X,TE1A1B3C2D000X,1,1,1,1,1.4,1.4,1.4,1.8,0.0,0.0
5.56215,-39,8,404,0,E1A1924B1386C1676X,TE1A1B3C2D000X,1,1,1,1,1.4,1.4,1.4,1.8,0.0,0.0
5.57355,-38,7,403,0,E1A1924B1395C1676X,TE1A1B3C2D000X,1,1,1,1,1.4,1.4,1.4,1.8,0.0,0.0
5.58488,-37,6,401,0,E1A1924B1402C1676X,TE1A1B3C2D000X,1,1,1,1,1.4,1.4,1.4,1.8,0.0,0.0
5.59639,-36,6,402,0,E1A1924B1411C1676X,TE1A1B3C2D000X,1,1,1,1,1.4,1.4,1.4,1.8,0.0,0.0
5.60757,-35,5,401,0,E1A1924B1419C1676X,TE1A1B3C2D000X,1,1,1,1,1.4,1.4,1.4,1.8,0.0,0.0
5.61906,-34,5,401,0,E1A1924B1427C1677X,TE1A1B3C2D000X,1,1,1,1,1.4,1.4,1.4,1.8,0.0,0.0
5.67443,-32,4,400,0,E1A1924B1437C1677X,TE1A1B3C2D000X,1,1,1,1,1.4,1.4,1.4,1.8,0.0,0.0
5.68625,-31,4,399,0,E1A1924B1447C1678X,TE1A1B3C2D000X,1,1,1,1,1.4,1.4,1.4,1.8,0.0,0.0
5.69758,-30,3,398,0,E1A1924B1457C1679X,TE1A1B3C2D000X,1,1,1,1,1.4,1.4,1.4,1.8,0.0,0.0
5.71807,-28,2,396,0,E1A1924B1466C1680X,TE1A1B3C2D000X,1,1,1,1,1.4,1.4,1.4,1.8,0.0,0.0
5.75414,-27,2,396,0,E1A1924B1477C1681X,TE1A1B3C2D000X,1,1,1,1,1.4,1.4,1.4,1.8,0.0,0.0
5.7656,-25,1,396,0,E1A1924B1488C1682X,TE1A1B3C2D000X,1,1,1,1,1.4,1.4,1.4,1.8,0.0,0.0
5.77695,-24,1,394,0,E1A1924B1497C1683X,TE1A1B2C2D000X,1,1,1,1,1.4,1.4,1.4,1.8,0.0,0.0
5.78823,-23,1,394,0,E1A1924B1507C1684X,TE1A1B2C2D000X,1,1,1,1,1.4,1.4,1.4,1.8,0.0,0.0
5.79963,-22,0,394,0,E1A1924B1516C1685X,TE1A1B2C2D000X,1,1,1,1,1.4,1.4,1.4,1.8,0.0,0.0
5.82218,-21,0,394,0,E1A1924B1523C1686X,TE1A1B2C2D000X,1,1,1,1,1.4,1.4,1.4,1.8,0.0,0.0
5.83378,-20,0,392,0,E1A1924B1531C1687X,TE1A1B2C2D000X,1,1,1,1,1.4,1.4,1.4,1.8,0.0,0.0
5.84561,-19,0,391,0,E1A1924B1538C1688X,TE1A1B2C2D000X,1,1,1,1,1.4,1.4,1.4,1.8,0.0,0.0
5.85727,-18,0,392,0,E1A1924B1546C1689X,TE1A1B2C2D000X,1,1,1,1,1.4,1.4,1.4,1.8,0.0,0.0
5.87854,-17,-1,392,0,E1A1924B1554C1689X,TE1A1B2C2D000X,1,1,1,1,1.4,1.4,1.4,1.8,0.0,0.0
5.89824,-16,-1,391,0,E1A1924B1561C1690X,TE1A1B2C2D000X,1,1,1,1,1.4,1.4,1.4,1.8,0.0,0.0
5.91029,-15,-1,392,0,E1A1924B1569C1690X,TE1A1B2C2D000X,1,1,1,1,1.4,1.4,1.4,1.8,0.0,0.0
5.92238,-14,-2,392,0,E1A1924B1577C1691X,TE1A1B2C2D000X,1,1,1,1,1.4,1.4,1.4,1.8,0.0,0.0
5.93436,-14,-2,393,0,E1A1924B1584C1691X,TE1A1B2C2D000X,1,1,1,1,1.4,1.4,1.4,1.8,0.0,0.0
5.94615,-13,-2,394,0,E1A1924B1590C1692X,TE1A1B2C2D000X,1,1,1,1,1.4,1.4,1.4,1.8,0.0,0.0
5.96598,-12,-2,395,0,E1A1924B1597C1692X,TE1A1B2C2D000X,1,1,1,1,1.4,1.4,1.4,1.8,0.0,0.0
5.99022,-11,-3,396,0,E1A1924B1603C1693X,TE1A1B2C2D000X,1,1,1,1,1.4,1.4,1.4,1.8,0.0,0.0
6.00198,-11,-3,395,0,E1A1924B1609C1693X,TE1A1B2C2D000X,1,1,1,1,1.4,1.4,1.4,1.8,0.0,0.0
6.01325,-10,-3,396,0,E1A1924B1615C1694X,TE1A1B2C2D000X,1,1,1,1,1.4,1.4,1.4,1.8,0.0,0.0
6.02447,-10,-3,397,0,E1A1924B1621C1694X,TE1A1B2C2D000X,1,1,1,1,1.4,1.4,1.4,1.8,0.0,0.0
6.0358,-9,-3,397,0,E1A1924B1626C1695X,TE1A1B2C2D000X,1,1,1,1,1.4,1.4,1.4,1.8,0.0,0.0
6.04683,-9,-3,398,0,E1A1924B1680C1692X,TE1A1B2C2D000X,1,1,1,1,1.4,1.4,1.4,1.8,0.0,0.0
6.07047,-8,-4,399,0,E1A1924B1723C1690X,TE1A1B2C2D000X,1,1,1,1,1.4,1.4,1.4,1.8,0.0,0.0
6.08194,-8,-4,400,0,E1A1924B1758C1689X,TE1A1B1C2D000X,1,1,1,1,1.4,1.4,1.4,1.8,0.0,0.0
6.09339,-7,-4,400,0,E1A1924B1786C1688X,TE1A1B1C2D000X,1,1,1,1,1.4,1.4,1.4,1.8,0.0,0.0
6.10462,-7,-4,401,0,E1A1924B1808C1687X,TE1A1B1C2D000X,1,1,1,1,1.4,1.4,1.4,1.8,0.0,0.0
6.11546,-6,-4,402,0,E1A1924B1825C1686X,TE1A1B1C2D000X,1,1,1,1,1.4,1.4,1.4,1.8,0.0,0.0
6.12711,-6,-5,403,0,E1A1924B1840C1685X,TE1A1B1C2D000X,1,1,1,1,1.4,1.4,1.4,1.8,0.0,0.0
6.13854,-5,-5,403,0,E1A1924B1850C1684X,TE1A1B1C2D000X,1,1,1,1,1.4,1.4,1.4,1.8,0.0,0.0
6.14987,-5,-5,404,0,E1A1924B1860C1682X,TE1A1B1C2D000X,1,1,1,1,1.4,1.4,1.4,1.8,0.0,0.0
6.16087,-4,-5,406,0,E1A1924B1867C1681X,TE1A1B1C2D000X,1,1,1,1,1.4,1.4,1.4,1.8,0.0,0.0
6.1722,-4,-5,406,0,E1A1924B1874C1679X,TE1A1B1C2D000X,1,1,1,1,1.4,1.4,1.4,1.8,0.0,0.0
6.18312,-3,-5,407,0,E1A1924B1879C1678X,TE1A1B1C2D000X,1,1,1,1,1.4,1.4,1.4,1.8,0.0,0.0
6.19468,-3,-5,407,0,E1A1924B1884C1675X,TE1A1B1C2D000X,1,1,1,1,1.4,1.4,1.4,1.8,0.0,0.0
6.20808,-2,-6,407,0,E1A1924B1888C1673X,TE1A1B1C2D000X,1,1,1,1,1.4,1.4,1.4,1.8,0.0,0.0
6.21976,-2,-6,407,0,E1A1924B1891C1670X,TE1A1B1C2D000X,1,1,1,1,1.4,1.4,1.4,1.8,0.0,0.0
6.23096,-1,-6,408,0,E1A1924B1894C1668X,TE1A1B1C2D000X,1,1,1,1,1.4,1.4,1.4,1.8,0.0,0.0
6.2446,-1,-6,408,0,E1A1924B1896C1665X,TE1A1B1C2D000X,1,1,1,1,1.4,1.4,1.4,1.8,0.0,0.0
6.25599,-1,-6,408,0,E1A1924B1898C1663X,TE1A1B1C2D000X,1,1,1,1,1.4,1.4,1.4,1.8,0.0,0.0
6.26736,0,-6,408,0,E1A1924B1900C1660X,TE1A1B1C2D000X,1,1,1,1,1.4,1.4,1.4,1.8,0.0,0.0
6.2783,0,-6,409,0,E1A1924B1902C1658X,TE1A1B1C2D000X,1,1,1,1,1.4,1.4,1.4,1.8,0.0,0.0
6.28969,0,-6,409,0,E1A1924B1904C1655X,TE1A1B1C2D000X,1,1,1,1,1.4,1.4,1.4,1.8,0.0,0.0
6.30643,0,-6,409,0,E1A1925B1904C1652X,TE1A1B1C2D000X,1,1,1,1,1.4,1.4,1.4,1.8,0.0,0.0
6.318,0,-7,409,0,E1A1924B1904C1653X,TE1A1B1C2D000X,1,1,1,1,1.4,1.4,1.4,1.8,0.0,0.0
6.33046,0,-7,410,0,E1A1923B1904C1652X,TE1A1B1C2D000X,1,1,1,1,1.4,1.4,1.4,1.8,0.0,0.0
6.34193,0,-7,411,0,E1A1922B1904C1652X,TE1A1B1C2D000X,1,1,1,1,1.4,1.4,1.4,1.8,0.0,0.0
6.35333,0,-7,412,0,E1A1922B1904C1652X,TE1A1B1C2D000X,1,1,1,1,1.4,1.4,1.4,1.8,0.0,0.0
6.37416,1,-7,412,0,E1A1921B1904C1652X,TE1A1B1C2D000X,1,1,1,1,1.4,1.4,1.4,1.8,0.0,0.0
6.3862,1,-7,412,0,E1A1921B1904C1652X,TE1A1B1C2D000X,1,1,1,1,1.4,1.4,1.4,1.8,0.0,0.0
6.39757,1,-7,412,0,E1A1920B1904C1652X,TE1A1B1C2D000X,1,1,1,1,1.4,1.4,1.4,1.8,0.0,0.0
6.40893,1,-7,412,0,E1A1921B1904C1651X,TE1A1B1C2D000X,1,1,1,1,1.4,1.4,1.4,1.8,0.0,0.0
6.42027,1,-7,412,0,E1A1921B1904C1651X,TE1A1B1C2D000X,1,1,1,1,1.4,1.4,1.4,1.8,0.0,0.0
6.43134,1,-7,412,0,E1A1921B1904C1651X,TE1A1B1C2D000X,1,1,1,1,1.4,1.4,1.4,1.8,0.0,0.0
6.44278,0,-7,412,0,E1A1922B1904C1651X,TE1A1B1C2D000X,1,1,1,1,1.4,1.4,1.4,1.8,0.0,0.0
6.45402,0,-7,411,0,E1A1922B1904C1651X,TE1A1B1C2D000X,1,1,1,1,1.4,1.4,1.4,1.8,0.0,0.0
6.49808,0,-7,410,0,E1A1923B1904C1651X,TE1A1B1C2D000X,1,1,1,1,1.4,1.4,1.4,1.8,0.0,0.0
6.52221,0,-7,411,0,E1A1924B1904C1651X,TE1A1B1C2D000X,1,1,1,1,1.4,1.4,1.4,1.8,0.0,0.0
6.53353,0,-6,410,0,E1A1925B1904C1652X,TE1A1B1C2D000X,1,1,1,1,1.4,1.4,1.4,1.8,0.0,0.0
6.54462,0,-6,408,0,E1A1925B1905C1653X,TE1A1B1C2D000X,1,1,1,1,1.4,1.4,1.4,1.8,0.0,0.0
6.55582,0,-6,408,0,E1A1925B1904C1655X,TE1A1B1C2D000X,1,1,1,1,1.4,1.4,1.4,1.8,0.0,0.0
6.567,0,-6,408,0,E1A1925B1903C1657X,TE1A1B1C2D000X,1,1,1,1,1.4,1.4,1.4,1.8,0.0,0.0
6.57816,0,-6,407,0,E1A1925B1902C1659X,TE1A1B1C2D000X,1,1,1,1,1.4,1.4,1.4,1.8,0.0,0.0
6.58969,0,-6,408,0,E1A1925B1901C1660X,TE1A1B1C2D000X,1,1,1,1,1.4,1.4,1.4,1.8,0.0,0.0
6.60101,-1,-6,407,0,E1A1925B1901C1661X,TE1A1B1C2D000X,1,1,1,1,1.4,1.4,1.4,1.8,0.0,0.0
6.6118,-1,-6,407,0,E1A1925B1900C1662X,TE1A1B1C2D000X,1,1,1,1,1.4,1.4,1.4,1.8,0.0,0.0
6.62317,-1,-6,406,0,E1A1925B1899C1663X,TE1A1B1C2D000X,1,1,1,1,1.4,1.4,1.4,1.8,0.0,0.0
6.63453,-1,-6,407,0,E1A1925B1899C1664X,TE1A1B1C2D000X,1,1,1,1,1.4,1.4,1.4,1.8,0.0,0.0
6.64601,-1,-6,406,0,E1A1925B1899C1665X,TE1A1B1C2D000X,1,1,1,1,1.4,1.4,1.4,1.8,0.0,0.0
6.65752,-1,-6,407,0,E1A1925B1898C1666X,TE1A1B1C2D000X,1,1,1,1,1.4,1.4,1.4,1.8,0.0,0.0
6.66868,-1,-5,407,0,E1A1925B1898C1666X,TE1A1B1C2D000X,1,1,1,1,1.4,1.4,1.4,1.8,0.0,0.0
6.67962,-1,-5,407,0,E1A1925B1898C1667X,TE1A1B1C2D000X,1,1,1,1,1.4,1.4,1.4,1.8,0.0,0.0
6.69104,-1,-5,408,0,E1A1925B1898C1668X,TE1A1B1C2D000X,1,1,1,1,1.4,1.4,1.4,1.8,0.0,0.0
6.70236,-1,-5,407,0,E1A1925B1897C1669X,TE1A1B1C2D000X,1,1,1,1,1.4,1.4,1.4,1.8,0.0,0.0
6.71354,-1,-5,407,0,E1A1925B1897C1670X,TE1A1B1C2D000X,1,1,1,1,1.4,1.4,1.4,1.8,0.0,0.0
6.72509,-1,-5,407,0,E1A1925B1897C1671X,TE1A1B1C2D000X,1,1,1,1,1.4,1.4,1.4,1.8,0.0,0.0
6.74617,-1,-5,407,0,E1A1925B1896C1673X,TE1A1B1C2D000X,1,1,1,1,1.4,1.4,1.4,1.8,0.0,0.0
6.7585,-1,-5,409,0,E1A1925B1896C1674X,TE1A1B1C2D000X,1,1,1,1,1.4,1.4,1.4,1.8,0.0,0.0
6.77017,-1,-5,409,0,E1A1925B1896C1676X,TE1A1B1C2D000X,1,1,1,1,1.4,1.4,1.4,1.8,0.0,0.0
6.78098,-2,-4,408,0,E1A1925B1896C1677X,TE1A1B1C2D000X,1,1,1,1,1.4,1.4,1.4,1.8,0.0,0.0
6.79254,-2,-4,408,0,E1A1925B1895C1678X,TE1A1B1C2D000X,1,1,1,1,1.4,1.4,1.4,1.8,0.0,0.0
6.80382,-2,-4,407,0,E1A1925B1895C1679X,TE1A1B1C2D000X,1,1,1,1,1.4,1.4,1.4,1.8,0.0,0.0
6.81463,-2,-4,407,0,E1A1925B1894C1680X,TE1A1B1C2D000X,1,1,1,1,1.4,1.4,1.4,1.8,0.0,0.0
6.83825,-2,-4,407,0,E1A1925B1894C1681X,TE1A1B1C2D000X,1,1,1,1,1.4,1.4,1.4,1.8,0.0,0.0
6.8495,-2,-4,406,0,E1A1925B1893C1682X,TE1A1B1C2D000X,1,1,1,1,1.4,1.4,1.4,1.8,0.0,0.0
6.86076,-2,-4,406,0,E1A1925B1893C1682X,TE1A1B1C2D000X,1,1,1,1,1.4,1.4,1.4,1.8,0.0,0.0
6.87227,-2,-4,406,0,E1A1925B1893C1683X,TE1A1B1C2D000X,1,1,1,1,1.4,1.4,1.4,1.8,0.0,0.0
6.90223,-2,-4,406,0,E1A1925B1892C1683X,TE1A1B1C2D000X,1,1,1,1,1.4,1.4,1.4,1.8,0.0,0.0
6.91423,-2,-4,406,0,E1A1925B1892C1684X,TE1A1B1C2D000X,1,1,1,1,1.4,1.4,1.4,1.8,0.0,0.0
6.9263,-2,-4,406,0,E1A1925B1892C1684X,TE1A1B1C2D000X,1,1,1,1,1.4,1.4,1.4,1.8,0.0,0.0
6.93825,-2,-4,406,0,E1A1925B1893C1684X,TE1A1B1C2D000X,1,1,1,1,1.4,1.4,1.4,1.8,0.0,0.0
6.95184,-2,-4,406,0,E1A1925B1893C1684X,TE1A1B1C2D000X,1,1,1,1,1.4,1.4,1.4,1.8,0.0,0.0
6.96279,-2,-4,405,0,E1A1925B1893C1684X,TE1A1B1C2D000X,1,1,1,1,1.4,1.4,1.4,1.8,0.0,0.0
6.97407,-2,-4,406,0,E1A1925B1893C1685X,TE1A1B1C2D000X,1,1,1,1,1.4,1.4,1.4,1.8,0.0,0.0
6.99425,-2,-4,407,0,E1A1925B1893C1685X,TE1A1B1C2D000X,1,1,1,1,1.4,1.4,1.4,1.8,0.0,0.0
7.00646,-2,-3,407,0,E1A1925B1893C1686X,TE1A1B1C2D000X,1,1,1,1,1.4,1.4,1.4,1.8,0.0,0.0
7.01809,-2,-3,407,0,E1A1925B1893C1687X,TE1A1B1C2D000X,1,1,1,1,1.4,1.4,1.4,1.8,0.0,0.0
7.03009,-2,-3,407,0,E1A1925B1893C1687X,TE1A1B1C2D000X,1,1,1,1,1.4,1.4,1.4,1.8,0.0,0.0
7.04456,-2,-3,407,0,E1A1925B1893C1687X,TE1A1B1C2D000X,1,1,1,1,1.4,1.4,1.4,1.8,0.0,0.0
7.05593,-2,-3,407,0,E1A1925B1893C1688X,TE1A1B1C2D000X,1,1,1,1,1.4,1.4,1.4,1.8,0.0,0.0
7.06737,-2,-3,407,0,E1A1925B1893C1688X,TE1A1B1C2D000X,1,1,1,1,1.4,1.4,1.4,1.8,0.0,0.0
7.0784,-2,-3,407,0,E1A1925B1893C1689X,TE1A1B1C2D000X,1,1,1,1,1.4,1.4,1.4,1.8,0.0,0.0
7.0898,-2,-3,406,0,E1A1925B1893C1689X,TE1A1B1C2D000X,1,1,1,1,1.4,1.4,1.4,1.8,0.0,0.0
7.10102,-2,-3,406,0,E1A1925B1893C1689X,TE1A1B1C2D000X,1,1,1,1,1.4,1.4,1.4,1.8,0.0,0.0
7.11219,-2,-3,407,0,E1A1925B1893C1689X,TE1A1B1C2D000X,1,1,1,1,1.4,1.4,1.4,1.8,0.0,0.0
7.12365,-2,-3,409,0,E1A1925B1893C1689X,TE1A1B1C2D000X,1,1,1,1,1.4,1.4,1.4,1.8,0.0,0.0
7.14243,-2,-3,410,0,E1A1925B1893C1689X,TE1A1B1C2D000X,1,1,1,1,1.4,1.4,1.4,1.8,0.0,0.0
7.16225,-2,-3,409,0,E1A1925B1893C1688X,TE1A1B1C2D000X,1,1,1,1,1.4,1.4,1.4,1.8,0.0,0.0
7.17432,-2,-3,410,0,E1A1925B1893C1688X,TE1A1B1C2D000X,1,1,1,1,1.4,1.4,1.4,1.8,0.0,0.0
7.18626,-2,-3,410,0,E1A1925B1893C1687X,TE1A1B1C2D000X,1,1,1,1,1.4,1.4,1.4,1.8,0.0,0.0
7.19833,-2,-3,409,0,E1A1925B1893C1687X,TE1A1B1C2D000X,1,1,1,1,1.4,1.4,1.4,1.8,0.0,0.0
7.2105,-2,-3,409,0,E1A1925B1893C1687X,TE1A1B1C2D000X,1,1,1,1,1.4,1.4,1.4,1.8,0.0,0.0
7.22245,-2,-3,408,0,E1A1925B1893C1686X,TE1A1B1C2D000X,1,1,1,1,1.4,1.4,1.4,1.8,0.0,0.0
7.23373,-2,-4,408,0,E1A1925B1893C1686X,TE1A1B1C2D000X,1,1,1,1,1.4,1.4,1.4,1.8,0.0,0.0
7.24465,-2,-4,408,0,E1A1925B1893C1685X,TE1A1B1C2D000X,1,1,1,1,1.4,1.4,1.4,1.8,0.0,0.0
7.25612,-2,-4,408,0,E1A1925B1893C1685X,TE1A1B1C2D000X,1,1,1,1,1.4,1.4,1.4,1.8,0.0,0.0
7.26755,-2,-4,408,0,E1A1925B1894C1685X,TE1A1B1C2D000X,1,1,1,1,1.4,1.4,1.4,1.8,0.0,0.0
7.27871,-2,-4,409,0,E1A1925B1893C1684X,TE1A1B1C2D000X,1,1,1,1,1.4,1.4,1.4,1.8,0.0,0.0
7.29029,-2,-4,409,0,E1A1925B1893C1684X,TE1A1B1C2D000X,1,1,1,1,1.4,1.4,1.4,1.8,0.0,0.0
7.3017,-2,-4,410,0,E1A1925B1893C1684X,TE1A1B1C2D000X,1,1,1,1,1.4,1.4,1.4,1.8,0.0,0.0
7.31287,-2,-4,411,0,E1A1925B1893C1684X,TE1A1B1C2D000X,1,1,1,1,1.4,1.4,1.4,1.8,0.0,0.0
7.32429,-2,-4,413,0,E1A1925B1893C1684X,TE1A1B1C2D000X,1,1,1,1,1.4,1.4,1.4,1.8,0.0,0.0
7.33565,-2,-4,414,0,E1A1925B1893C1684X,TE1A1B1C2D000X,1,1,1,1,1.4,1.4,1.4,1.8,0.0,0.0
7.3541,-2,-4,413,0,E1A1925B1892C1684X,TE1A1B1C2D000X,1,1,1,1,1.4,1.4,1.4,1.8,0.0,0.0
7.37829,-2,-4,413,0,E1A1925B1892C1684X,TE1A1B1C2D000X,1,1,1,1,1.4,1.4,1.4,1.8,0.0,0.0
7.3909,-2,-4,414,0,E1A1925B1892C1684X,TE1A1B1C2D000X,1,1,1,1,1.4,1.4,1.4,1.8,0.0,0.0
7.40247,-2,-4,414,0,E1A1925B1892C1684X,TE1A1B1C2D000X,1,1,1,1,1.4,1.4,1.4,1.8,0.0,0.0
7.41437,-2,-4,415,0,E1A1925B1893C1685X,TE1A1B1C2D000X,1,1,1,1,1.4,1.4,1.4,1.8,0.0,0.0
7.42655,-2,-4,414,0,E1A1925B1893C1685X,TE1A1B1C2D000X,1,1,1,1,1.4,1.4,1.4,1.8,0.0,0.0
7.43788,-2,-4,414,0,E1A1925B1893C1686X,TE1A1B1C2D000X,1,1,1,1,1.4,1.4,1.4,1.8,0.0,0.0
7.44912,-2,-3,413,0,E1A1925B1893C1686X,TE1A1B1C2D000X,1,1,1,1,1.4,1.4,1.4,1.8,0.0,0.0
7.46066,-2,-3,412,0,E1A1925B1893C1687X,TE1A1B1C2D000X,1,1,1,1,1.4,1.4,1.4,1.8,0.0,0.0
7.47201,-2,-3,411,0,E1A1925B1893C1687X,TE1A1B1C2D000X,1,1,1,1,1.4,1.4,1.4,1.8,0.0,0.0
7.48354,-2,-3,410,0,E1A1925B1893C1688X,TE1A1B1C2D000X,1,1,1,1,1.4,1.4,1.4,1.8,0.0,0.0
7.50205,-2,-3,411,0,E1A1925B1893C1688X,TE1A1B1C2D000X,1,1,1,1,1.4,1.4,1.4,1.8,0.0,0.0
7.51442,-2,-3,410,0,E1A1925B1893C1688X,TE1A1B1C2D000X,1,1,1,1,1.4,1.4,1.4,1.8,0.0,0.0
7.52694,-2,-3,410,0,E1A1925B1893C1688X,TE1A1B1C2D000X,1,1,1,1,1.4,1.4,1.4,1.8,0.0,0.0
7.53824,-2,-3,409,0,E1A1925B1893C1688X,TE1A1B1C2D000X,1,1,1,1,1.4,1.4,1.4,1.8,0.0,0.0
7.54961,-2,-3,408,0,E1A1925B1893C1688X,TE1A1B1C2D000X,1,1,1,1,1.4,1.4,1.4,1.8,0.0,0.0
7.56054,-2,-3,408,0,E1A1925B1892C1688X,TE1A1B1C2D000X,1,1,1,1,1.4,1.4,1.4,1.8,0.0,0.0
7.58214,-2,-3,408,0,E1A1925B1892C1688X,TE1A1B1C2D000X,1,1,1,1,1.4,1.4,1.4,1.8,0.0,0.0
7.59425,-2,-3,408,0,E1A1925B1891C1687X,TE1A1B1C2D000X,1,1,1,1,1.4,1.4,1.4,1.8,0.0,0.0
7.60572,-2,-3,408,0,E1A1925B1891C1687X,TE1A1B1C2D000X,1,1,1,1,1.4,1.4,1.4,1.8,0.0,0.0
7.61695,-3,-3,408,0,E1A1925B1890C1686X,TE1A1B1C2D000X,1,1,1,1,1.4,1.4,1.4,1.8,0.0,0.0
7.62779,-3,-3,408,0,E1A1925B1890C1686X,TE1A1B1C2D000X,1,1,1,1,1.4,1.4,1.4,1.8,0.0,0.0
7.63912,-3,-4,408,0,E1A1925B1890C1685X,TE1A1B1C2D000X,1,1,1,1,1.4,1.4,1.4,1.8,0.0,0.0
7.64999,-3,-4,408,0,E1A1925B1890C1685X,TE1A1B1C2D000X,1,1,1,1,1.4,1.4,1.4,1.8,0.0,0.0
7.66232,-3,-4,408,0,E1A1925B1890C1685X,TE1A1B1C2D000X,1,1,1,1,1.4,1.4,1.4,1.8,0.0,0.0
7.67406,-3,-4,409,0,E1A1925B1890C1685X,TE1A1B1C2D000X,1,1,1,1,1.4,1.4,1.4,1.8,0.0,0.0
7.68544,-3,-4,410,0,E1A1925B1890C1685X,TE1A1B1C2D000X,1,1,1,1,1.4,1.4,1.4,1.8,0.0,0.0
7.6963,-2,-4,409,0,E1A1925B1891C1686X,TE1A1B1C2D000X,1,1,1,1,1.4,1.4,1.4,1.8,0.0,0.0
7.70763,-2,-4,409,0,E1A1925B1891C1686X,TE1A1B1C2D000X,1,1,1,1,1.4,1.4,1.4,1.8,0.0,0.0
7.71982,-2,-3,409,0,E1A1925B1891C1686X,TE1A1B1C2D000X,1,1,1,1,1.4,1.4,1.4,1.8,0.0,0.0
7.73075,-2,-3,408,0,E1A1925B1892C1686X,TE1A1B1C2D000X,1,1,1,1,1.4,1.4,1.4,1.8,0.0,0.0
7.74255,-2,-3,407,0,E1A1925B1892C1687X,TE1A1B1C2D000X,1,1,1,1,1.4,1.4,1.4,1.8,0.0,0.0
7.75382,-2,-3,406,1,E1A1925B1892C1687X,TE1A1B1C2D000X,1,1,1,1,1.4,1.4,1.4,1.8,0.0,0.0
