timestamp,errXmm,errYmm,errZmm,TouchDetected,OutgoingPacket,IncomingPacket,Serial0Enabled,Serial0Open,Serial1Enabled,Serial1Open,kpx,kpy,kix,kiy,kdx,kdy
0.00109338,3,-14,425,0,E1A1912B1904C1596X,TE1A1B1C3D000X,1,1,1,1,1.4,1.4,1.4,1.8,0.0,0.0
0.0126352,3,-13,419,0,E1A1911B1904C1598X,TE1A1B1C2D000X,1,1,1,1,1.4,1.4,1.4,1.8,0.0,0.0
0.0242851,3,-13,422,0,E1A1911B1904C1596X,TE1A1B1C2D000X,1,1,1,1,1.4,1.4,1.4,1.8,0.0,0.0
0.035463,3,-13,423,0,E1A1911B1904C1594X,TE1A1B1C2D000X,1,1,1,1,1.4,1.4,1.4,1.8,0.0,0.0
0.0493484,3,-13,424,0,E1A1911B1904C1594X,TE1A1B1C2D000X,1,1,1,1,1.4,1.4,1.4,1.8,0.0,0.0
0.0631265,3,-13,424,0,E1A1911B1904C1592X,TE1A1B1C2D000X,1,1,1,1,1.4,1.4,1.4,1.8,0.0,0.0
0.0873185,3,-13,425,0,E1A1911B1904C1590X,TE1A1B1C2D000X,1,1,1,1,1.4,1.4,1.4,1.8,0.0,0.0
0.0992176,3,-13,425,0,E1A1911B1904C1588X,TE1A1B1C2D000X,1,1,1,1,1.4,1.4,1.4,1.8,0.0,0.0
0.110566,3,-13,425,0,E1A1911B1904C1586X,TE1A1B1C2D000X,1,1,1,1,1.4,1.4,1.4,1.8,0.0,0.0
0.121925,126,-99,379,0,E1A1271B1904C0802X,TE1A1B1C2D000X,1,1,1,1,1.4,1.4,1.4,1.8,0.0,0.0
0.134678,128,-100,384,0,E1A1270B1904C0803X,TE1A1B1C2D000X,1,1,1,1,1.4,1.4,1.4,1.8,0.0,0.0
0.146071,128,-100,384,0,E1A1265B1904C0794X,TE1A3B1C5D000X,1,1,1,1,1.4,1.4,1.4,1.8,0.0,0.0
0.157864,129,-100,386,0,E1A1260B1904C0785X,TE1A3B1C6D000X,1,1,1,1,1.4,1.4,1.4,1.8,0.0,0.0
0.169203,130,-99,384,0,E1A1247B1904C0778X,TE1A3B1C6D000X,1,1,1,1,1.4,1.4,1.4,1.8,0.0,0.0
0.180357,131,-98,383,0,E1A1234B1904C0772X,TE1A4B1C6D000X,1,1,1,1,1.4,1.4,1.4,1.8,0.0,0.0
0.191998,132,-99,384,0,E1A1223B1904C0759X,TE1A4B1C6D000X,1,1,1,1,1.4,1.4,1.4,1.8,0.0,0.0
0.204081,133,-99,383,0,E1A1212B1904C0746X,TE1A4B1C6D000X,1,1,1,1,1.4,1.4,1.4,1.8,0.0,0.0
0.21549,134,-100,383,0,E1A1204B1904C0734X,TE1A4B1C6D000X,1,1,1,1,1.4,1.4,1.4,1.8,0.0,0.0
0.227047,135,-100,384,0,E1A1195B1904C0723X,TE1A4B1C6D000X,1,1,1,1,1.4,1.4,1.4,1.8,0.0,0.0
0.239127,136,-100,383,0,E1A1188B1904C0712X,TE1A4B1C6D000X,1,1,1,1,1.4,1.4,1.4,1.8,0.0,0.0
0.250324,136,-100,383,0,E1A1182B1904C0702X,TE1A4B1C6D000X,1,1,1,1,1.4,1.4,1.4,1.8,0.0,0.0
0.261684,136,-101,384,0,E1A1176B1904C0693X,TE1A4B1C6D000X,1,1,1,1,1.4,1.4,1.4,1.8,0.0,0.0
0.273938,137,-101,385,0,E1A1170B1904C0683X,TE1A4B1C6D000X,1,1,1,1,1.4,1.4,1.4,1.8,0.0,0.0
0.285337,137,-101,385,0,E1A1165B1904C0674X,TE1A4B1C6D000X,1,1,1,1,1.4,1.4,1.4,1.8,0.0,0.0
0.297081,137,-101,386,0,E1A1160B1904C0665X,TE1A4B1C6D000X,1,1,1,1,1.4,1.4,1.4,1.8,0.0,0.0
0.308728,137,-101,386,0,E1A1156B1904C0657X,TE1A4B1C6D000X,1,1,1,1,1.4,1.4,1.4,1.8,0.0,0.0
0.320067,137,-101,385,0,E1A1151B1904C0649X,TE1A4B1C6D000X,1,1,1,1,1.4,1.4,1.4,1.8,0.0,0.0
0.331433,137,-101,384,0,E1A1146B1904C0640X,TE1A4B1C6D000X,1,1,1,1,1.4,1.4,1.4,1.8,0.0,0.0
0.343772,137,-101,384,0,E1A1143B1904C0633X,TE1A4B1C6D000X,1,1,1,1,1.4,1.4,1.4,1.8,0.0,0.0
0.355227,136,-101,385,0,E1A1139B1904C0625X,TE1A4B1C6D000X,1,1,1,1,1.4,1.4,1.4,1.8,0.0,0.0
0.366645,136,-101,385,0,E1A1136B1904C0618X,TE1A4B1C6D000X,1,1,1,1,1.4,1.4,1.4,1.8,0.0,0.0
0.377865,136,-101,384,0,E1A1133B1904C0610X,TE1A4B1C6D000X,1,1,1,1,1.4,1.4,1.4,1.8,0.0,0.0
0.389467,135,-101,385,0,E1A1131B1904C0603X,TE1A4B1C6D000X,1,1,1,1,1.4,1.4,1.4,1.8,0.0,0.0
0.400979,135,-101,386,0,E1A1130B1904C0596X,TE1A4B1C6D000X,1,1,1,1,1.4,1.4,1.4,1.8,0.0,0.0
0.41218,134,-101,386,0,E1A1129B1904C0589X,TE1A4B1C6D000X,1,1,1,1,1.4,1.4,1.4,1.8,0.0,0.0
0.423713,134,-101,386,0,E1A1128B1904C0582X,TE1A4B1C6D000X,1,1,1,1,1.4,1.4,1.4,1.8,0.0,0.0
0.435913,132,-100,386,0,E1A1129B1904C0576X,TE1A4B1C6D000X,1,1,1,1,1.4,1.4,1.4,1.8,0.0,0.0
0.447119,131,-100,387,0,E1A1131B1904C0570X,TE1A4B1C6D000X,1,1,1,1,1.4,1.4,1.4,1.8,0.0,0.0
0.459359,129,-100,387,0,E1A1134B1904C0566X,TE1A4B1C6D000X,1,1,1,1,1.4,1.4,1.4,1.8,0.0,0.0
0.47123,127,-99,386,0,E1A1138B1904C0562X,TE1A4B1C7D000X,1,1,1,1,1.4,1.4,1.4,1.8,0.0,0.0
0.482796,125,-98,386,0,E1A1143B1904C0559X,TE1A4B1C7D000X,1,1,1,1,1.4,1.4,1.4,1.8,0.0,0.0
0.502714,123,-97,386,0,E1A1149B1904C0559X,TE1A4B1C7D000X,1,1,1,1,1.4,1.4,1.4,1.8,0.0,0.0
0.514865,120,-96,386,0,E1A1155B1904C0558X,TE1A4B1C7D000X,1,1,1,1,1.4,1.4,1.4,1.8,0.0,0.0
0.526802,118,-95,386,0,E1A1162B1904C0558X,TE1A4B1C7D000X,1,1,1,1,1.4,1.4,1.4,1.8,0.0,0.0
0.538965,115,-94,385,0,E1A1168B1904C0559X,TE1A4B1C7D000X,1,1,1,1,1.4,1.4,1.4,1.8,0.0,0.0
0.558919,112,-92,386,0,E1A1175B1904C0562X,TE1A4B1C7D000X,1,1,1,1,1.4,1.4,1.4,1.8,0.0,0.0
0.570958,110,-91,386,0,E1A1182B1904C0564X,TE1A4B1C7D000X,1,1,1,1,1.4,1.4,1.4,1.8,0.0,0.0
0.582709,107,-89,388,0,E1A1190B1904C0568X,TE1A4B1C7D000X,1,1,1,1,1.4,1.4,1.4,1.8,0.0,0.0
0.594815,105,-88,388,0,E1A1198B1904C0572X,TE1A4B1C7D000X,1,1,1,1,1.4,1.4,1.4,1.8,0.0,0.0
0.60687,102,-87,389,0,E1A1205B1904C0576X,TE1A4B1C6D000X,1,1,1,1,1.4,1.4,1.4,1.8,0.0,0.0
0.617762,100,-85,390,0,E1A1213B1904C0581X,TE1A4B1C6D000X,1,1,1,1,1.4,1.4,1.4,1.8,0.0,0.0
0.629612,97,-83,389,0,E1A1220B1904C0584X,TE1A4B1C6D000X,1,1,1,1,1.4,1.4,1.4,1.8,0.0,0.0
0.640729,94,-82,388,0,E1A1227B1904C0587X,TE1A4B1C6D000X,1,1,1,1,1.4,1.4,1.4,1.8,0.0,0.0
0.662694,91,-80,388,0,E1A1235B1904C0592X,TE1A4B1C6D000X,1,1,1,1,1.4,1.4,1.4,1.8,0.0,0.0
0.682868,88,-78,388,0,E1A1245B1904C0599X,TE1A4B1C6D000X,1,1,1,1,1.4,1.4,1.4,1.8,0.0,0.0
0.694811,85,-76,389,0,E1A1256B1904C0606X,TE1A4B1C6D000X,1,1,1,1,1.4,1.4,1.4,1.8,0.0,0.0
0.706932,82,-74,388,0,E1A1265B1904C0612X,TE1A3B1C6D000X,1,1,1,1,1.4,1.4,1.4,1.8,0.0,0.0
0.718959,79,-72,388,0,E1A1275B1904C0619X,TE1A3B1C6D000X,1,1,1,1,1.4,1.4,1.4,1.8,0.0,0.0
0.732131,76,-70,388,0,E1A1285B1904C0625X,TE1A3B1C6D000X,1,1,1,1,1.4,1.4,1.4,1.8,0.0,0.0
0.744022,72,-68,387,0,E1A1295B1904C0630X,TE1A3B1C6D000X,1,1,1,1,1.4,1.4,1.4,1.8,0.0,0.0
0.755712,69,-66,386,0,E1A1305B1904C0636X,TE1A3B1C6D000X,1,1,1,1,1.4,1.4,1.4,1.8,0.0,0.0
0.767275,66,-65,386,0,E1A1315B1904C0642X,TE1A3B1C6D000X,1,1,1,1,1.4,1.4,1.4,1.8,0.0,0.0
0.778443,63,-63,385,0,E1A1326B1904C0647X,TE1A3B1C6D000X,1,1,1,1,1.4,1.4,1.4,1.8,0.0,0.0
0.799503,60,-61,385,0,E1A1338B1904C0656X,TE1A3B1C6D000X,1,1,1,1,1.4,1.4,1.4,1.8,0.0,0.0
0.811716,56,-59,385,0,E1A1351B1904C0663X,TE1A3B1C6D000X,1,1,1,1,1.4,1.4,1.4,1.8,0.0,0.0
0.823361,53,-57,385,0,E1A1362B1904C0671X,TE1A3B1C6D000X,1,1,1,1,1.4,1.4,1.4,1.8,0.0,0.0
0.84333,50,-55,385,0,E1A1376B1904C0682X,TE1A3B1C6D000X,1,1,1,1,1.4,1.4,1.4,1.8,0.0,0.0
0.854849,47,-53,385,0,E1A1388B1904C0691X,TE1A3B1C6D000X,1,1,1,1,1.4,1.4,1.4,1.8,0.0,0.0
0.867216,44,-51,384,0,E1A1399B1904C0702X,TE1A3B1C6D000X,1,1,1,1,1.4,1.4,1.4,1.8,0.0,0.0
0.886923,40,-49,385,0,E1A1411B1904C0714X,TE1A3B1C6D000X,1,1,1,1,1.4,1.4,1.4,1.8,0.0,0.0
0.899068,37,-46,384,0,E1A1423B1904C0727X,TE1A3B1C6D000X,1,1,1,1,1.4,1.4,1.4,1.8,0.0,0.0
0.911075,34,-44,384,0,E1A1436B1904C0740X,TE1A3B1C6D000X,1,1,1,1,1.4,1.4,1.4,1.8,0.0,0.0
0.92311,31,-42,384,0,E1A1448B1904C0753X,TE1A3B1C6D000X,1,1,1,1,1.4,1.4,1.4,1.8,0.0,0.0
0.935224,28,-39,383,0,E1A1459B1904C0765X,TE1A3B1C6D000X,1,1,1,1,1.4,1.4,1.4,1.8,0.0,0.0
0.94647,25,-37,382,0,E1A1472B1904C0777X,TE1A3B1C6D000X,1,1,1,1,1.4,1.4,1.4,1.8,0.0,0.0
0.958664,22,-35,381,0,E1A1485B1904C0790X,TE1A3B1C6D000X,1,1,1,1,1.4,1.4,1.4,1.8,0.0,0.0
0.971045,19,-32,381,0,E1A1499B1904C0803X,TE1A2B1C6D000X,1,1,1,1,1.4,1.4,1.4,1.8,0.0,0.0
0.982375,16,-30,381,0,E1A1513B1904C0816X,TE1A2B1C6D000X,1,1,1,1,1.4,1.4,1.4,1.8,0.0,0.0
0.993993,12,-28,380,0,E1A1528B1904C0828X,TE1A2B1C5D000X,1,1,1,1,1.4,1.4,1.4,1.8,0.0,0.0
1.00644,9,-26,379,0,E1A1543B1904C0841X,TE1A2B1C5D000X,1,1,1,1,1.4,1.4,1.4,1.8,0.0,0.0
1.01797,6,-24,380,0,E1A1560B1904C0854X,TE1A2B1C5D000X,1,1,1,1,1.4,1.4,1.4,1.8,0.0,0.0
1.03007,2,-23,380,0,E1A1576B1904C0866X,TE1A2B1C5D000X,1,1,1,1,1.4,1.4,1.4,1.8,0.0,0.0
1.04725,0,-21,380,0,E1A1594B1904C0878X,TE1A2B1C5D000X,1,1,1,1,1.4,1.4,1.4,1.8,0.0,0.0
1.05961,-4,-19,379,0,E1A1612B1904C0888X,TE1A2B1C5D000X,1,1,1,1,1.4,1.4,1.4,1.8,0.0,0.0
1.07174,-7,-18,379,0,E1A1630B1904C0899X,TE1A2B1C5D000X,1,1,1,1,1.4,1.4,1.4,1.8,0.0,0.0
1.08325,-11,-16,379,0,E1A1648B1904C0907X,TE1A2B1C5D000X,1,1,1,1,1.4,1.4,1.4,1.8,0.0,0.0
1.09481,-14,-15,379,0,E1A1667B1904C0916X,TE1A2B1C5D000X,1,1,1,1,1.4,1.4,1.4,1.8,0.0,0.0
1.10735,-17,-14,378,0,E1A1684B1904C0920X,TE1A2B1C5D000X,1,1,1,1,1.4,1.4,1.4,1.8,0.0,0.0
1.11887,-21,-13,379,0,E1A1702B1904C0926X,TE1A2B1C5D000X,1,1,1,1,1.4,1.4,1.4,1.8,0.0,0.0
1.13539,-24,-12,379,0,E1A1721B1904C0932X,TE1A2B1C5D000X,1,1,1,1,1.4,1.4,1.4,1.8,0.0,0.0
1.14774,-27,-11,378,0,E1A1738B1904C0933X,TE1A1B1C5D000X,1,1,1,1,1.4,1.4,1.4,1.8,0.0,0.0
1.1598,-30,-10,378,0,E1A1754B1904C0934X,TE1A1B1C5D000X,1,1,1,1,1.4,1.4,1.4,1.8,0.0,0.0
1.17278,-33,-9,377,0,E1A1770B1904C0933X,TE1A1B1C5D000X,1,1,1,1,1.4,1.4,1.4,1.8,0.0,0.0
1.18669,-36,-9,376,0,E1A1785B1904C0932X,TE1A1B1C5D000X,1,1,1,1,1.4,1.4,1.4,1.8,0.0,0.0
1.19848,-38,-8,375,0,E1A1799B1904C0929X,TE1A1B1C5D000X,1,1,1,1,1.4,1.4,1.4,1.8,0.0,0.0
1.21013,-40,-7,373,0,E1A1811B1904C0925X,TE1A1B1C5D000X,1,1,1,1,1.4,1.4,1.4,1.8,0.0,0.0
1.22369,-42,-7,372,0,E1A1824B1904C0922X,TE1A1B1C5D000X,1,1,1,1,1.4,1.4,1.4,1.8,0.0,0.0
1.24183,-45,-6,371,0,E1A1837B1904C0918X,TE1A1B1C5D000X,1,1,1,1,1.4,1.4,1.4,1.8,0.0,0.0
1.26163,-47,-5,370,0,E1A1850B1904C0914X,TE1A1B1C5D000X,1,1,1,1,1.4,1.4,1.4,1.8,0.0,0.0
1.2736,-49,-4,369,0,E1A1863B1904C0912X,TE1A1B1C5D000X,1,1,1,1,1.4,1.4,1.4,1.8,0.0,0.0
1.28595,-51,-4,368,0,E1A1875B1904C0909X,TE1A1B1C5D000X,1,1,1,1,1.4,1.4,1.4,1.8,0.0,0.0
1.29756,-53,-3,368,0,E1A1888B1904C0907X,TE1A1B1C5D000X,1,1,1,1,1.4,1.4,1.4,1.8,0.0,0.0
1.30957,-55,-2,367,0,E1A1899B1904C0903X,TE1A1B1C5D000X,1,1,1,1,1.4,1.4,1.4,1.8,0.0,0.0
1.32175,-56,-1,366,0,E1A1910B1904C0899X,TE1A1B1C5D000X,1,1,1,1,1.4,1.4,1.4,1.8,0.0,0.0
1.33334,-58,0,365,0,E1A1919B1904C0894X,TE1A1B1C5D000X,1,1,1,1,1.4,1.4,1.4,1.8,0.0,0.0
1.3516,-59,0,365,0,E1A1919B1901C0903X,TE1A1B1C5D000X,1,1,1,1,1.4,1.4,1.4,1.8,0.0,0.0
1.36379,-61,0,365,0,E1A1919B1891C0921X,TE1A1B1C5D000X,1,1,1,1,1.4,1.4,1.4,1.8,0.0,0.0
1.37628,-62,1,365,0,E1A1919B1881C0938X,TE1A1B1C5D000X,1,1,1,1,1.4,1.4,1.4,1.8,0.0,0.0
1.38778,-63,2,365,0,E1A1919B1872C0954X,TE1A1B1C5D000X,1,1,1,1,1.4,1.4,1.4,1.8,0.0,0.0
1.39953,-64,3,365,0,E1A1919B1863C0971X,TE1A1B1C5D000X,1,1,1,1,1.4,1.4,1.4,1.8,0.0,0.0
1.41176,-65,3,365,0,E1A1919B1855C0984X,TE1A1B1C5D000X,1,1,1,1,1.4,1.4,1.4,1.8,0.0,0.0
1.42461,-66,4,364,0,E1A1919B1847C0997X,TE1A1B1C5D000X,1,1,1,1,1.4,1.4,1.4,1.8,0.0,0.0
1.4385,-67,5,364,0,E1A1919B1840C1010X,TE1A1B1C5D000X,1,1,1,1,1.4,1.4,1.4,1.8,0.0,0.0
1.45005,-67,6,364,0,E1A1919B1833C1022X,TE1A1B1C5D000X,1,1,1,1,1.4,1.4,1.4,1.8,0.0,0.0
1.46167,-68,6,364,0,E1A1919B1827C1032X,TE1A1B1C5D000X,1,1,1,1,1.4,1.4,1.4,1.8,0.0,0.0
1.47416,-69,7,364,0,E1A1919B1820C1043X,TE1A1B1C4D000X,1,1,1,1,1.4,1.4,1.4,1.8,0.0,0.0
1.48671,-69,7,364,0,E1A1919B1814C1053X,TE1A1B1C4D000X,1,1,1,1,1.4,1.4,1.4,1.8,0.0,0.0
1.49978,-69,8,364,0,E1A1919B1807C1061X,TE1A1B1C4D000X,1,1,1,1,1.4,1.4,1.4,1.8,0.0,0.0
1.51187,-70,8,363,0,E1A1919B1802C1069X,TE1A1B1C4D000X,1,1,1,1,1.4,1.4,1.4,1.8,0.0,0.0
1.52459,-70,9,363,0,E1A1919B1796C1076X,TE1A1B1C4D000X,1,1,1,1,1.4,1.4,1.4,1.8,0.0,0.0
1.53691,-71,9,364,0,E1A1919B1789C1085X,TE1A1B1C4D000X,1,1,1,1,1.4,1.4,1.4,1.8,0.0,0.0
1.55099,-71,10,364,0,E1A1919B1784C1091X,TE1A1B1C4D000X,1,1,1,1,1.4,1.4,1.4,1.8,0.0,0.0
1.56436,-71,10,363,0,E1A1919B1778C1097X,TE1A1B1C4D000X,1,1,1,1,1.4,1.4,1.4,1.8,0.0,0.0
1.57606,-72,10,363,0,E1A1919B1772C1102X,TE1A1B1C4D000X,1,1,1,1,1.4,1.4,1.4,1.8,0.0,0.0
1.5881,-72,10,364,0,E1A1919B1766C1109X,TE1A1B1C4D000X,1,1,1,1,1.4,1.4,1.4,1.8,0.0,0.0
1.59986,-72,11,363,0,E1A1919B1760C1115X,TE1A1B1C4D000X,1,1,1,1,1.4,1.4,1.4,1.8,0.0,0.0
1.61425,-73,11,363,0,E1A1919B1755C1120X,TE1A1B1C4D000X,1,1,1,1,1.4,1.4,1.4,1.8,0.0,0.0
1.62592,-73,11,363,0,E1A1919B1749C1125X,TE1A1B1C4D000X,1,1,1,1,1.4,1.4,1.4,1.8,0.0,0.0
1.63796,-73,12,363,0,E1A1919B1742C1132X,TE1A1B1C4D000X,1,1,1,1,1.4,1.4,1.4,1.8,0.0,0.0
1.65015,-74,12,363,0,E1A1919B1736C1139X,TE1A1B1C4D000X,1,1,1,1,1.4,1.4,1.4,1.8,0.0,0.0
1.66196,-74,13,363,0,E1A1919B1730C1147X,TE1A1B1C4D000X,1,1,1,1,1.4,1.4,1.4,1.8,0.0,0.0
1.67546,-74,13,363,0,E1A1919B1723C1154X,TE1A1B1C4D000X,1,1,1,1,1.4,1.4,1.4,1.8,0.0,0.0
1.68745,-75,14,362,0,E1A1919B1717C1161X,TE1A1B1C4D000X,1,1,1,1,1.4,1.4,1.4,1.8,0.0,0.0
1.69955,-75,15,362,0,E1A1919B1710C1169X,TE1A1B1C4D000X,1,1,1,1,1.4,1.4,1.4,1.8,0.0,0.0
1.71121,-75,15,362,0,E1A1919B1704C1176X,TE1A1B1C4D000X,1,1,1,1,1.4,1.4,1.4,1.8,0.0,0.0
1.72342,-75,16,361,0,E1A1919B1698C1182X,TE1A1B2C4D000X,1,1,1,1,1.4,1.4,1.4,1.8,0.0,0.0
1.73551,-76,16,361,0,E1A1919B1692C1189X,TE1A1B2C4D000X,1,1,1,1,1.4,1.4,1.4,1.8,0.0,0.0
1.74854,-76,17,360,0,E1A1919B1686C1195X,TE1A1B2C4D000X,1,1,1,1,1.4,1.4,1.4,1.8,0.0,0.0
1.76005,-76,18,360,0,E1A1919B1679C1202X,TE1A1B2C4D000X,1,1,1,1,1.4,1.4,1.4,1.8,0.0,0.0
1.77221,-77,18,361,0,E1A1919B1670C1210X,TE1A1B2C4D000X,1,1,1,1,1.4,1.4,1.4,1.8,0.0,0.0
1.78419,-77,19,361,0,E1A1919B1662C1217X,TE1A1B2C4D000X,1,1,1,1,1.4,1.4,1.4,1.8,0.0,0.0
1.79581,-78,20,361,0,E1A1919B1653C1224X,TE1A1B2C4D000X,1,1,1,1,1.4,1.4,1.4,1.8,0.0,0.0
1.80781,-78,20,362,0,E1A1919B1644C1230X,TE1A1B2C4D000X,1,1,1,1,1.4,1.4,1.4,1.8,0.0,0.0
1.82735,-79,21,362,0,E1A1919B1633C1236X,TE1A1B2C4D000X,1,1,1,1,1.4,1.4,1.4,1.8,0.0,0.0
1.83937,-80,21,362,0,E1A1919B1623C1242X,TE1A1B2C4D000X,1,1,1,1,1.4,1.4,1.4,1.8,0.0,0.0
1.85148,-81,22,362,0,E1A1919B1612C1249X,TE1A1B2C4D000X,1,1,1,1,1.4,1.4,1.4,1.8,0.0,0.0
1.86321,-81,23,362,0,E1A1919B1602C1254X,TE1A1B2C4D000X,1,1,1,1,1.4,1.4,1.4,1.8,0.0,0.0
1.87557,-82,23,362,0,E1A1919B1591C1259X,TE1A1B2C3D000X,1,1,1,1,1.4,1.4,1.4,1.8,0.0,0.0
1.88774,-83,24,363,0,E1A1919B1579C1264X,TE1A1B2C3D000X,1,1,1,1,1.4,1.4,1.4,1.8,0.0,0.0
1.89996,-84,25,363,0,E1A1919B1568C1268X,TE1A1B2C3D000X,1,1,1,1,1.4,1.4,1.4,1.8,0.0,0.0
1.91524,-84,25,364,0,E1A1919B1556C1272X,TE1A1B2C3D000X,1,1,1,1,1.4,1.4,1.4,1.8,0.0,0.0
1.92782,-85,26,364,0,E1A1919B1544C1275X,TE1A1B2C3D000X,1,1,1,1,1.4,1.4,1.4,1.8,0.0,0.0
1.93976,-86,26,364,0,E1A1919B1532C1278X,TE1A1B2C3D000X,1,1,1,1,1.4,1.4,1.4,1.8,0.0,0.0
1.95183,-87,26,364,0,E1A1919B1520C1281X,TE1A1B2C3D000X,1,1,1,1,1.4,1.4,1.4,1.8,0.0,0.0
1.9639,-87,27,365,0,E1A1919B1508C1284X,TE1A1B2C3D000X,1,1,1,1,1.4,1.4,1.4,1.8,0.0,0.0
1.97521,-88,27,364,0,E1A1919B1498C1286X,TE1A1B2C3D000X,1,1,1,1,1.4,1.4,1.4,1.8,0.0,0.0
1.98708,-88,28,363,0,E1A1919B1488C1288X,TE1A1B2C3D000X,1,1,1,1,1.4,1.4,1.4,1.8,0.0,0.0
1.99833,-88,28,363,0,E1A1919B1478C1290X,TE1A1B2C3D000X,1,1,1,1,1.4,1.4,1.4,1.8,0.0,0.0
2.01561,-89,28,363,0,E1A1919B1467C1293X,TE1A1B3C3D000X,1,1,1,1,1.4,1.4,1.4,1.8,0.0,0.0
2.02766,-89,29,363,0,E1A1919B1457C1295X,TE1A1B3C3D000X,1,1,1,1,1.4,1.4,1.4,1.8,0.0,0.0
2.03965,-89,29,363,0,E1A1919B1447C1297X,TE1A1B3C3D000X,1,1,1,1,1.4,1.4,1.4,1.8,0.0,0.0
2.05155,-90,30,363,0,E1A1919B1437C1299X,TE1A1B3C3D000X,1,1,1,1,1.4,1.4,1.4,1.8,0.0,0.0
2.06279,-90,30,363,0,E1A1919B1427C1301X,TE1A1B3C3D000X,1,1,1,1,1.4,1.4,1.4,1.8,0.0,0.0
2.07555,-90,30,363,0,E1A1919B1417C1304X,TE1A1B3C3D000X,1,1,1,1,1.4,1.4,1.4,1.8,0.0,0.0
2.0877,-91,31,364,0,E1A1919B1406C1306X,TE1A1B3C3D000X,1,1,1,1,1.4,1.4,1.4,1.8,0.0,0.0
2.09959,-91,31,363,0,E1A1919B1396C1308X,TE1A1B3C3D000X,1,1,1,1,1.4,1.4,1.4,1.8,0.0,0.0
2.11122,-91,31,362,0,E1A1919B1387C1308X,TE1A1B3C3D000X,1,1,1,1,1.4,1.4,1.4,1.8,0.0,0.0
2.12337,-91,32,362,0,E1A1919B1378C1310X,TE1A1B3C3D000X,1,1,1,1,1.4,1.4,1.4,1.8,0.0,0.0
2.13534,-91,32,362,0,E1A1919B1369C1311X,TE1A1B3C3D000X,1,1,1,1,1.4,1.4,1.4,1.8,0.0,0.0
2.14706,-91,32,362,0,E1A1919B1360C1312X,TE1A1B3C3D000X,1,1,1,1,1.4,1.4,1.4,1.8,0.0,0.0
2.15919,-91,32,362,0,E1A1919B1352C1314X,TE1A1B3C3D000X,1,1,1,1,1.4,1.4,1.4,1.8,0.0,0.0
2.17124,-91,32,362,0,E1A1919B1345C1315X,TE1A1B3C3D000X,1,1,1,1,1.4,1.4,1.4,1.8,0.0,0.0
2.18335,-91,32,361,0,E1A1919B1337C1316X,TE1A1B3C3D000X,1,1,1,1,1.4,1.4,1.4,1.8,0.0,0.0
2.1952,-90,32,361,0,E1A1919B1330C1317X,TE1A1B3C3D000X,1,1,1,1,1.4,1.4,1.4,1.8,0.0,0.0
2.20734,-90,33,361,0,E1A1919B1322C1318X,TE1A1B3C3D000X,1,1,1,1,1.4,1.4,1.4,1.8,0.0,0.0
2.21935,-90,33,361,0,E1A1919B1315C1319X,TE1A1B3C3D000X,1,1,1,1,1.4,1.4,1.4,1.8,0.0,0.0
2.23125,-90,33,361,0,E1A1919B1307C1319X,TE1A1B3C3D000X,1,1,1,1,1.4,1.4,1.4,1.8,0.0,0.0
2.24277,-90,33,362,0,E1A1919B1299C1320X,TE1A1B3C3D000X,1,1,1,1,1.4,1.4,1.4,1.8,0.0,0.0
2.25497,-90,33,362,0,E1A1919B1292C1321X,TE1A1B3C3D000X,1,1,1,1,1.4,1.4,1.4,1.8,0.0,0.0
2.26647,-90,33,361,0,E1A1919B1285C1320X,TE1A1B3C3D000X,1,1,1,1,1.4,1.4,1.4,1.8,0.0,0.0
2.28758,-90,33,361,0,E1A1919B1278C1320X,TE1A1B3C3D000X,1,1,1,1,1.4,1.4,1.4,1.8,0.0,0.0
2.29972,-90,33,361,0,E1A1919B1271C1320X,TE1A1B3C3D000X,1,1,1,1,1.4,1.4,1.4,1.8,0.0,0.0
2.31122,-90,32,361,0,E1A1919B1264C1319X,TE1A1B3C3D000X,1,1,1,1,1.4,1.4,1.4,1.8,0.0,0.0
2.32356,-90,32,361,0,E1A1919B1257C1319X,TE1A1B3C3D000X,1,1,1,1,1.4,1.4,1.4,1.8,0.0,0.0
2.35556,-90,32,361,0,E1A1919B1250C1319X,TE1A1B3C3D000X,1,1,1,1,1.4,1.4,1.4,1.8,0.0,0.0
2.36793,-90,32,361,0,E1A1919B1242C1318X,TE1A1B3C3D000X,1,1,1,1,1.4,1.4,1.4,1.8,0.0,0.0
2.37973,-89,32,360,0,E1A1919B1236C1317X,TE1A1B4C3D000X,1,1,1,1,1.4,1.4,1.4,1.8,0.0,0.0
2.3918,-89,32,360,0,E1A1919B1229C1316X,TE1A1B4C3D000X,1,1,1,1,1.4,1.4,1.4,1.8,0.0,0.0
2.40375,-89,32,360,0,E1A1919B1224C1316X,TE1A1B4C3D000X,1,1,1,1,1.4,1.4,1.4,1.8,0.0,0.0
2.41552,-89,31,360,0,E1A1919B1218C1315X,TE1A1B4C3D000X,1,1,1,1,1.4,1.4,1.4,1.8,0.0,0.0
2.42724,-88,31,360,0,E1A1919B1214C1315X,TE1A1B4C3D000X,1,1,1,1,1.4,1.4,1.4,1.8,0.0,0.0
2.4393,-88,31,359,0,E1A1919B1208C1314X,TE1A1B4C3D000X,1,1,1,1,1.4,1.4,1.4,1.8,0.0,0.0
2.45135,-88,31,359,0,E1A1919B1203C1314X,TE1A1B4C3D000X,1,1,1,1,1.4,1.4,1.4,1.8,0.0,0.0
2.46327,-87,31,359,0,E1A1919B1199C1313X,TE1A1B4C3D000X,1,1,1,1,1.4,1.4,1.4,1.8,0.0,0.0
2.47558,-87,30,360,0,E1A1919B1195C1313X,TE1A1B4C3D000X,1,1,1,1,1.4,1.4,1.4,1.8,0.0,0.0
2.49133,-86,30,359,0,E1A1919B1193C1311X,TE1A1B4C3D000X,1,1,1,1,1.4,1.4,1.4,1.8,0.0,0.0
2.50351,-86,29,360,0,E1A1919B1191C1311X,TE1A1B4C3D000X,1,1,1,1,1.4,1.4,1.4,1.8,0.0,0.0
2.51561,-85,29,360,0,E1A1919B1189C1311X,TE1A1B4C3D000X,1,1,1,1,1.4,1.4,1.4,1.8,0.0,0.0
2.53535,-85,29,360,0,E1A1919B1189C1311X,TE1A1B4C3D000X,1,1,1,1,1.4,1.4,1.4,1.8,0.0,0.0
2.54779,-84,28,361,0,E1A1919B1189C1311X,TE1A1B4C3D000X,1,1,1,1,1.4,1.4,1.4,1.8,0.0,0.0
2.56228,-83,28,361,0,E1A1919B1188C1310X,TE1A1B4C3D000X,1,1,1,1,1.4,1.4,1.4,1.8,0.0,0.0
2.58361,-83,27,361,0,E1A1919B1188C1309X,TE1A1B4C3D000X,1,1,1,1,1.4,1.4,1.4,1.8,0.0,0.0
2.59592,-82,27,362,0,E1A1919B1188C1309X,TE1A1B4C3D000X,1,1,1,1,1.4,1.4,1.4,1.8,0.0,0.0
2.60812,-81,26,363,0,E1A1919B1189C1308X,TE1A1B4C3D000X,1,1,1,1,1.4,1.4,1.4,1.8,0.0,0.0
2.62003,-81,26,362,0,E1A1919B1190C1306X,TE1A1B4C3D000X,1,1,1,1,1.4,1.4,1.4,1.8,0.0,0.0
2.63205,-80,25,362,0,E1A1919B1191C1305X,TE1A1B4C3D000X,1,1,1,1,1.4,1.4,1.4,1.8,0.0,0.0
2.64371,-79,25,362,0,E1A1919B1192C1304X,TE1A1B4C3D000X,1,1,1,1,1.4,1.4,1.4,1.8,0.0,0.0
2.65584,-78,24,362,0,E1A1919B1194C1303X,TE1A1B4C3D000X,1,1,1,1,1.4,1.4,1.4,1.8,0.0,0.0
2.66854,-77,24,362,0,E1A1919B1196C1301X,TE1A1B4C3D000X,1,1,1,1,1.4,1.4,1.4,1.8,0.0,0.0
2.68011,-76,23,362,0,E1A1919B1199C1301X,TE1A1B4C3D000X,1,1,1,1,1.4,1.4,1.4,1.8,0.0,0.0
2.6922,-75,22,361,0,E1A1919B1202C1298X,TE1A1B4C3D000X,1,1,1,1,1.4,1.4,1.4,1.8,0.0,0.0
2.70425,-73,22,360,0,E1A1919B1206C1296X,TE1A1B4C3D000X,1,1,1,1,1.4,1.4,1.4,1.8,0.0,0.0
2.71614,-72,21,360,0,E1A1919B1210C1295X,TE1A1B4C3D000X,1,1,1,1,1.4,1.4,1.4,1.8,0.0,0.0
2.72743,-71,20,359,0,E1A1919B1215C1294X,TE1A1B4C3D000X,1,1,1,1,1.4,1.4,1.4,1.8,0.0,0.0
2.73952,-70,19,360,0,E1A1919B1222C1294X,TE1A1B4C3D000X,1,1,1,1,1.4,1.4,1.4,1.8,0.0,0.0
2.75168,-68,19,360,0,E1A1919B1228C1293X,TE1A1B4C3D000X,1,1,1,1,1.4,1.4,1.4,1.8,0.0,0.0
2.76386,-67,18,361,0,E1A1919B1236C1292X,TE1A1B4C3D000X,1,1,1,1,1.4,1.4,1.4,1.8,0.0,0.0
2.77535,-65,17,360,0,E1A1919B1244C1291X,TE1A1B4C3D000X,1,1,1,1,1.4,1.4,1.4,1.8,0.0,0.0
2.78734,-63,16,361,0,E1A1919B1256C1290X,TE1A1B4C3D000X,1,1,1,1,1.4,1.4,1.4,1.8,0.0,0.0
2.79917,-62,15,362,0,E1A1919B1268C1288X,TE1A1B4C3D000X,1,1,1,1,1.4,1.4,1.4,1.8,0.0,0.0
2.81139,-60,14,362,0,E1A1919B1281C1287X,TE1A1B3C3D000X,1,1,1,1,1.4,1.4,1.4,1.8,0.0,0.0
2.82304,-58,13,362,0,E1A1919B1295C1285X,TE1A1B3C3D000X,1,1,1,1,1.4,1.4,1.4,1.8,0.0,0.0
2.83514,-56,12,363,0,E1A1919B1309C1283X,TE1A1B3C3D000X,1,1,1,1,1.4,1.4,1.4,1.8,0.0,0.0
2.84692,-54,10,364,0,E1A1919B1323C1281X,TE1A1B3C3D000X,1,1,1,1,1.4,1.4,1.4,1.8,0.0,0.0
2.8586,-52,9,364,0,E1A1919B1337C1279X,TE1A1B3C3D000X,1,1,1,1,1.4,1.4,1.4,1.8,0.0,0.0
2.87075,-50,8,365,0,E1A1919B1351C1276X,TE1A1B3C3D000X,1,1,1,1,1.4,1.4,1.4,1.8,0.0,0.0
2.88276,-48,7,366,0,E1A1919B1365C1273X,TE1A1B3C3D000X,1,1,1,1,1.4,1.4,1.4,1.8,0.0,0.0
2.8945,-46,5,366,0,E1A1919B1379C1269X,TE1A1B3C3D000X,1,1,1,1,1.4,1.4,1.4,1.8,0.0,0.0
2.90675,-44,4,365,0,E1A1919B1393C1264X,TE1A1B3C3D000X,1,1,1,1,1.4,1.4,1.4,1.8,0.0,0.0
2.91874,-42,3,365,0,E1A1919B1406C1259X,TE1A1B3C3D000X,1,1,1,1,1.4,1.4,1.4,1.8,0.0,0.0
2.93029,-40,2,365,0,E1A1919B1419C1254X,TE1A1B3C3D000X,1,1,1,1,1.4,1.4,1.4,1.8,0.0,0.0
2.94351,-38,0,365,0,E1A1919B1432C1249X,TE1A1B3C3D000X,1,1,1,1,1.4,1.4,1.4,1.8,0.0,0.0
2.95555,-36,0,365,0,E1A1919B1444C1244X,TE1A1B3C4D000X,1,1,1,1,1.4,1.4,1.4,1.8,0.0,0.0
2.96774,-34,-1,366,0,E1A1919B1457C1239X,TE1A1B3C4D000X,1,1,1,1,1.4,1.4,1.4,1.8,0.0,0.0
2.97981,-33,-2,366,0,E1A1919B1469C1234X,TE1A1B3C4D000X,1,1,1,1,1.4,1.4,1.4,1.8,0.0,0.0
3.01147,-31,-4,365,0,E1A1919B1481C1227X,TE1A1B3C4D000X,1,1,1,1,1.4,1.4,1.4,1.8,0.0,0.0
3.02368,-29,-5,364,0,E1A1919B1493C1220X,TE1A1B2C4D000X,1,1,1,1,1.4,1.4,1.4,1.8,0.0,0.0
3.04344,-27,-6,365,0,E1A1919B1505C1213X,TE1A1B2C4D000X,1,1,1,1,1.4,1.4,1.4,1.8,0.0,0.0
3.05536,-25,-7,365,0,E1A1919B1516C1205X,TE1A1B2C4D000X,1,1,1,1,1.4,1.4,1.4,1.8,0.0,0.0
3.06972,-24,-9,363,0,E1A1919B1526C1196X,TE1A1B2C4D000X,1,1,1,1,1.4,1.4,1.4,1.8,0.0,0.0
3.08256,-22,-10,364,0,E1A1919B1536C1191X,TE1A1B2C4D000X,1,1,1,1,1.4,1.4,1.4,1.8,0.0,0.0
3.09635,-21,-11,364,0,E1A1919B1544C1183X,TE1A1B2C4D000X,1,1,1,1,1.4,1.4,1.4,1.8,0.0,0.0
3.11165,-19,-12,365,0,E1A1919B1555C1177X,TE1A1B2C4D000X,1,1,1,1,1.4,1.4,1.4,1.8,0.0,0.0
3.13544,-18,-13,365,0,E1A1919B1565C1170X,TE1A1B2C4D000X,1,1,1,1,1.4,1.4,1.4,1.8,0.0,0.0
3.15946,-16,-14,368,0,E1A1919B1578C1163X,TE1A1B2C4D000X,1,1,1,1,1.4,1.4,1.4,1.8,0.0,0.0
3.17123,-15,-15,370,0,E1A1919B1589C1157X,TE1A1B2C4D000X,1,1,1,1,1.4,1.4,1.4,1.8,0.0,0.0
3.1912,-13,-16,371,0,E1A1919B1601C1149X,TE1A1B2C4D000X,1,1,1,1,1.4,1.4,1.4,1.8,0.0,0.0
3.2034,-11,-17,372,0,E1A1919B1612C1141X,TE1A1B2C4D000X,1,1,1,1,1.4,1.4,1.4,1.8,0.0,0.0
3.21549,-10,-18,373,0,E1A1919B1622C1133X,TE1A1B2C4D000X,1,1,1,1,1.4,1.4,1.4,1.8,0.0,0.0
3.22734,-8,-19,373,0,E1A1919B1632C1125X,TE1A1B2C4D000X,1,1,1,1,1.4,1.4,1.4,1.8,0.0,0.0
3.23932,-7,-20,374,0,E1A1919B1641C1118X,TE1A1B2C4D000X,1,1,1,1,1.4,1.4,1.4,1.8,0.0,0.0
3.25927,-5,-21,376,0,E1A1919B1652C1111X,TE1A1B2C4D000X,1,1,1,1,1.4,1.4,1.4,1.8,0.0,0.0
3.27128,-3,-22,376,0,E1A1919B1662C1102X,TE1A1B2C4D000X,1,1,1,1,1.4,1.4,1.4,1.8,0.0,0.0
3.3155,-1,-23,377,0,E1A1919B1676C1093X,TE1A1B2C4D000X,1,1,1,1,1.4,1.4,1.4,1.8,0.0,0.0
3.32714,0,-24,378,0,E1A1919B1688C1084X,TE1A1B2C4D000X,1,1,1,1,1.4,1.4,1.4,1.8,0.0,0.0
3.33904,2,-24,378,0,E1A1919B1699C1074X,TE1A1B2C4D000X,1,1,1,1,1.4,1.4,1.4,1.8,0.0,0.0
3.35193,4,-25,379,0,E1A1919B1710C1064X,TE1A1B2C4D000X,1,1,1,1,1.4,1.4,1.4,1.8,0.0,0.0
3.36396,6,-26,379,0,E1A1919B1720C1054X,TE1A1B1C4D000X,1,1,1,1,1.4,1.4,1.4,1.8,0.0,0.0
3.37529,7,-26,379,0,E1A1919B1730C1044X,TE1A1B1C4D000X,1,1,1,1,1.4,1.4,1.4,1.8,0.0,0.0
3.38712,9,-27,379,0,E1A1919B1739C1034X,TE1A1B1C4D000X,1,1,1,1,1.4,1.4,1.4,1.8,0.0,0.0
3.39825,10,-28,380,0,E1A1919B1748C1024X,TE1A1B1C4D000X,1,1,1,1,1.4,1.4,1.4,1.8,0.0,0.0
3.41012,12,-28,381,0,E1A1919B1757C1014X,TE1A1B1C5D000X,1,1,1,1,1.4,1.4,1.4,1.8,0.0,0.0
3.4219,13,-29,381,0,E1A1919B1765C1003X,TE1A1B1C5D000X,1,1,1,1,1.4,1.4,1.4,1.8,0.0,0.0
3.43367,15,-29,381,0,E1A1919B1773C0992X,TE1A1B1C5D000X,1,1,1,1,1.4,1.4,1.4,1.8,0.0,0.0
3.44607,16,-30,381,0,E1A1919B1781C0981X,TE1A1B1C5D000X,1,1,1,1,1.4,1.4,1.4,1.8,0.0,0.0
3.45705,17,-30,380,0,E1A1919B1788C0969X,TE1A1B1C5D000X,1,1,1,1,1.4,1.4,1.4,1.8,0.0,0.0
3.46875,19,-31,381,0,E1A1919B1795C0959X,TE1A1B1C5D000X,1,1,1,1,1.4,1.4,1.4,1.8,0.0,0.0
3.4812,20,-31,381,0,E1A1919B1802C0947X,TE1A1B1C5D000X,1,1,1,1,1.4,1.4,1.4,1.8,0.0,0.0
3.49245,21,-32,382,0,E1A1919B1808C0936X,TE1A1B1C5D000X,1,1,1,1,1.4,1.4,1.4,1.8,0.0,0.0
3.50451,22,-32,382,0,E1A1919B1814C0925X,TE1A1B1C5D000X,1,1,1,1,1.4,1.4,1.4,1.8,0.0,0.0
3.51593,23,-33,382,0,E1A1919B1821C0915X,TE1A1B1C5D000X,1,1,1,1,1.4,1.4,1.4,1.8,0.0,0.0
3.52677,24,-33,382,0,E1A1919B1827C0903X,TE1A1B1C5D000X,1,1,1,1,1.4,1.4,1.4,1.8,0.0,0.0
3.53841,25,-34,383,0,E1A1919B1833C0891X,TE1A1B1C5D000X,1,1,1,1,1.4,1.4,1.4,1.8,0.0,0.0
3.55115,26,-34,383,0,E1A1919B1839C0878X,TE1A1B1C5D000X,1,1,1,1,1.4,1.4,1.4,1.8,0.0,0.0
3.5753,27,-34,383,0,E1A1919B1845C0865X,TE1A1B1C5D000X,1,1,1,1,1.4,1.4,1.4,1.8,0.0,0.0
3.60726,28,-35,383,0,E1A1919B1852C0850X,TE1A1B1C5D000X,1,1,1,1,1.4,1.4,1.4,1.8,0.0,0.0
3.61923,29,-36,383,0,E1A1919B1859C0835X,TE1A1B1C5D000X,1,1,1,1,1.4,1.4,1.4,1.8,0.0,0.0
3.63131,30,-36,383,0,E1A1919B1866C0822X,TE1A1B1C5D000X,1,1,1,1,1.4,1.4,1.4,1.8,0.0,0.0
3.66712,31,-36,382,0,E1A1919B1872C0806X,TE1A1B1C5D000X,1,1,1,1,1.4,1.4,1.4,1.8,0.0,0.0
3.67881,32,-37,382,0,E1A1919B1878C0792X,TE1A1B1C5D000X,1,1,1,1,1.4,1.4,1.4,1.8,0.0,0.0
3.69044,33,-37,382,0,E1A1919B1883C0777X,TE1A1B1C6D000X,1,1,1,1,1.4,1.4,1.4,1.8,0.0,0.0
3.70198,34,-38,383,0,E1A1919B1889C0765X,TE1A1B1C6D000X,1,1,1,1,1.4,1.4,1.4,1.8,0.0,0.0
3.71357,35,-38,383,0,E1A1919B1894C0751X,TE1A1B1C6D000X,1,1,1,1,1.4,1.4,1.4,1.8,0.0,0.0
3.72514,35,-38,383,0,E1A1919B1899C0739X,TE1A1B1C6D000X,1,1,1,1,1.4,1.4,1.4,1.8,0.0,0.0
3.7368,36,-39,383,0,E1A1919B1903C0728X,TE1A1B1C6D000X,1,1,1,1,1.4,1.4,1.4,1.8,0.0,0.0
3.7552,36,-39,382,0,E1A1924B1903C0719X,TE1A1B1C6D000X,1,1,1,1,1.4,1.4,1.4,1.8,0.0,0.0
3.76712,36,-39,382,0,E1A1921B1903C0717X,TE1A1B1C6D000X,1,1,1,1,1.4,1.4,1.4,1.8,0.0,0.0
3.77918,37,-39,382,0,E1A1918B1903C0714X,TE1A1B1C6D000X,1,1,1,1,1.4,1.4,1.4,1.8,0.0,0.0
3.79108,37,-39,382,0,E1A1915B1903C0711X,TE1A1B1C6D000X,1,1,1,1,1.4,1.4,1.4,1.8,0.0,0.0
3.82522,37,-39,382,0,E1A1912B1903C0708X,TE1A1B1C6D000X,1,1,1,1,1.4,1.4,1.4,1.8,0.0,0.0
3.83704,37,-39,382,0,E1A1909B1903C0706X,TE1A1B1C6D000X,1,1,1,1,1.4,1.4,1.4,1.8,0.0,0.0
3.85017,38,-39,382,0,E1A1907B1903C0704X,TE1A1B1C6D000X,1,1,1,1,1.4,1.4,1.4,1.8,0.0,0.0
3.86318,38,-39,382,0,E1A1905B1903C0702X,TE1A1B1C6D000X,1,1,1,1,1.4,1.4,1.4,1.8,0.0,0.0
3.87574,38,-39,382,0,E1A1903B1903C0701X,TE1A1B1C6D000X,1,1,1,1,1.4,1.4,1.4,1.8,0.0,0.0
3.88735,37,-39,382,0,E1A1902B1903C0699X,TE1A1B1C6D000X,1,1,1,1,1.4,1.4,1.4,1.8,0.0,0.0
3.90327,37,-38,381,0,E1A1901B1903C0699X,TE1A1B1C6D000X,1,1,1,1,1.4,1.4,1.4,1.8,0.0,0.0
3.91513,37,-38,382,0,E1A1900B1903C0699X,TE1A1B1C6D000X,1,1,1,1,1.4,1.4,1.4,1.8,0.0,0.0
3.92718,37,-37,382,0,E1A1899B1903C0700X,TE1A1B1C6D000X,1,1,1,1,1.4,1.4,1.4,1.8,0.0,0.0
3.93891,37,-37,382,0,E1A1899B1903C0700X,TE1A1B1C6D000X,1,1,1,1,1.4,1.4,1.4,1.8,0.0,0.0
3.95057,36,-36,381,0,E1A1898B1903C0700X,TE1A1B1C6D000X,1,1,1,1,1.4,1.4,1.4,1.8,0.0,0.0
3.96285,36,-36,381,0,E1A1897B1903C0702X,TE1A1B1C6D000X,1,1,1,1,1.4,1.4,1.4,1.8,0.0,0.0
3.97411,36,-35,381,0,E1A1896B1903C0705X,TE1A1B1C6D000X,1,1,1,1,1.4,1.4,1.4,1.8,0.0,0.0
3.98571,36,-34,380,0,E1A1896B1903C0707X,TE1A1B1C6D000X,1,1,1,1,1.4,1.4,1.4,1.8,0.0,0.0
4.00307,35,-33,380,0,E1A1895B1903C0711X,TE1A1B1C6D000X,1,1,1,1,1.4,1.4,1.4,1.8,0.0,0.0
4.01524,35,-32,380,0,E1A1895B1903C0716X,TE1A1B1C6D000X,1,1,1,1,1.4,1.4,1.4,1.8,0.0,0.0
4.0273,35,-31,379,0,E1A1894B1903C0720X,TE1A1B1C6D000X,1,1,1,1,1.4,1.4,1.4,1.8,0.0,0.0
4.03917,35,-30,379,0,E1A1894B1903C0726X,TE1A1B1C6D000X,1,1,1,1,1.4,1.4,1.4,1.8,0.0,0.0
4.05911,35,-29,379,0,E1A1893B1903C0734X,TE1A1B1C6D000X,1,1,1,1,1.4,1.4,1.4,1.8,0.0,0.0
4.0714,34,-28,379,0,E1A1891B1903C0742X,TE1A1B1C6D000X,1,1,1,1,1.4,1.4,1.4,1.8,0.0,0.0
4.08307,34,-27,378,0,E1A1890B1903C0749X,TE1A1B1C6D000X,1,1,1,1,1.4,1.4,1.4,1.8,0.0,0.0
4.0951,34,-26,378,0,E1A1889B1903C0757X,TE1A1B1C6D000X,1,1,1,1,1.4,1.4,1.4,1.8,0.0,0.0
4.10719,34,-25,377,0,E1A1887B1903C0765X,TE1A1B1C6D000X,1,1,1,1,1.4,1.4,1.4,1.8,0.0,0.0
4.1192,34,-23,376,0,E1A1885B1903C0773X,TE1A1B1C6D000X,1,1,1,1,1.4,1.4,1.4,1.8,0.0,0.0
4.13055,34,-22,376,0,E1A1883B1903C0781X,TE1A1B1C6D000X,1,1,1,1,1.4,1.4,1.4,1.8,0.0,0.0
4.14237,34,-21,375,0,E1A1881B1903C0790X,TE1A1B1C6D000X,1,1,1,1,1.4,1.4,1.4,1.8,0.0,0.0
4.15401,35,-20,375,0,E1A1879B1903C0799X,TE1A1B1C6D000X,1,1,1,1,1.4,1.4,1.4,1.8,0.0,0.0
4.16558,35,-19,375,0,E1A1877B1903C0808X,TE1A1B1C6D000X,1,1,1,1,1.4,1.4,1.4,1.8,0.0,0.0
4.177,35,-18,374,0,E1A1875B1903C0817X,TE1A1B1C5D000X,1,1,1,1,1.4,1.4,1.4,1.8,0.0,0.0
4.18877,35,-17,374,0,E1A1873B1903C0826X,TE1A1B1C5D000X,1,1,1,1,1.4,1.4,1.4,1.8,0.0,0.0
4.20162,35,-16,374,0,E1A1871B1903C0836X,TE1A1B1C5D000X,1,1,1,1,1.4,1.4,1.4,1.8,0.0,0.0
4.21312,35,-15,373,0,E1A1869B1903C0845X,TE1A1B1C5D000X,1,1,1,1,1.4,1.4,1.4,1.8,0.0,0.0
4.22496,35,-14,372,0,E1A1868B1903C0852X,TE1A1B1C5D000X,1,1,1,1,1.4,1.4,1.4,1.8,0.0,0.0
4.23687,35,-13,372,0,E1A1866B1903C0862X,TE1A1B1C5D000X,1,1,1,1,1.4,1.4,1.4,1.8,0.0,0.0
4.24877,34,-11,372,0,E1A1865B1903C0872X,TE1A1B1C5D000X,1,1,1,1,1.4,1.4,1.4,1.8,0.0,0.0
4.26478,34,-10,372,0,E1A1864B1903C0883X,TE1A1B1C5D000X,1,1,1,1,1.4,1.4,1.4,1.8,0.0,0.0
4.27694,34,-9,371,0,E1A1863B1903C0890X,TE1A1B1C5D000X,1,1,1,1,1.4,1.4,1.4,1.8,0.0,0.0
4.28909,34,-8,371,0,E1A1862B1903C0900X,TE1A1B1C5D000X,1,1,1,1,1.4,1.4,1.4,1.8,0.0,0.0
4.30067,34,-7,370,0,E1A1862B1903C0908X,TE1A1B1C5D000X,1,1,1,1,1.4,1.4,1.4,1.8,0.0,0.0
4.31284,33,-6,371,0,E1A1861B1903C0918X,TE1A1B1C5D000X,1,1,1,1,1.4,1.4,1.4,1.8,0.0,0.0
4.32428,33,-5,370,0,E1A1861B1903C0924X,TE1A1B1C5D000X,1,1,1,1,1.4,1.4,1.4,1.8,0.0,0.0
4.33587,33,-5,371,0,E1A1860B1903C0933X,TE1A1B1C5D000X,1,1,1,1,1.4,1.4,1.4,1.8,0.0,0.0
4.34805,33,-4,371,0,E1A1859B1903C0941X,TE1A1B1C5D000X,1,1,1,1,1.4,1.4,1.4,1.8,0.0,0.0
4.35974,32,-3,370,0,E1A1859B1903C0947X,TE1A1B1C5D000X,1,1,1,1,1.4,1.4,1.4,1.8,0.0,0.0
4.37172,32,-2,369,0,E1A1859B1903C0954X,TE1A1B1C5D000X,1,1,1,1,1.4,1.4,1.4,1.8,0.0,0.0
4.38732,32,-1,370,0,E1A1858B1903C0964X,TE1A1B1C5D000X,1,1,1,1,1.4,1.4,1.4,1.8,0.0,0.0
4.39915,32,0,370,0,E1A1857B1903C0973X,TE1A1B1C5D000X,1,1,1,1,1.4,1.4,1.4,1.8,0.0,0.0
4.42346,32,0,369,0,E1A1856B1903C0983X,TE1A1B1C5D000X,1,1,1,1,1.4,1.4,1.4,1.8,0.0,0.0
4.4355,32,0,369,0,E1A1855B1903C0992X,TE1A1B1C5D000X,1,1,1,1,1.4,1.4,1.4,1.8,0.0,0.0
4.44718,31,1,369,0,E1A1853B1903C1002X,TE1A1B1C5D000X,1,1,1,1,1.4,1.4,1.4,1.8,0.0,0.0
4.45918,31,2,368,0,E1A1852B1903C1011X,TE1A1B1C5D000X,1,1,1,1,1.4,1.4,1.4,1.8,0.0,0.0
4.4993,32,3,368,0,E1A1849B1903C1025X,TE1A1B1C5D000X,1,1,1,1,1.4,1.4,1.4,1.8,0.0,0.0
4.51146,32,5,368,0,E1A1847B1903C1039X,TE1A1B1C4D000X,1,1,1,1,1.4,1.4,1.4,1.8,0.0,0.0
4.52324,32,6,367,0,E1A1844B1903C1053X,TE1A1B1C4D000X,1,1,1,1,1.4,1.4,1.4,1.8,0.0,0.0
4.53545,32,7,367,0,E1A1842B1903C1065X,TE1A1B1C4D000X,1,1,1,1,1.4,1.4,1.4,1.8,0.0,0.0
4.54746,32,8,366,0,E1A1840B1903C1077X,TE1A1B1C4D000X,1,1,1,1,1.4,1.4,1.4,1.8,0.0,0.0
4.55928,32,9,365,0,E1A1838B1903C1089X,TE1A1B1C4D000X,1,1,1,1,1.4,1.4,1.4,1.8,0.0,0.0
4.57113,32,10,366,0,E1A1836B1903C1101X,TE1A1B1C4D000X,1,1,1,1,1.4,1.4,1.4,1.8,0.0,0.0
4.58301,32,11,365,0,E1A1834B1903C1111X,TE1A1B1C4D000X,1,1,1,1,1.4,1.4,1.4,1.8,0.0,0.0
4.59414,32,12,364,0,E1A1832B1903C1120X,TE1A1B1C4D000X,1,1,1,1,1.4,1.4,1.4,1.8,0.0,0.0
4.61543,32,12,364,0,E1A1830B1903C1130X,TE1A1B1C4D000X,1,1,1,1,1.4,1.4,1.4,1.8,0.0,0.0
4.6273,32,13,363,0,E1A1829B1903C1139X,TE1A1B1C4D000X,1,1,1,1,1.4,1.4,1.4,1.8,0.0,0.0
4.63907,32,14,363,0,E1A1827B1903C1148X,TE1A1B1C4D000X,1,1,1,1,1.4,1.4,1.4,1.8,0.0,0.0
4.65113,32,15,363,0,E1A1825B1903C1157X,TE1A1B1C4D000X,1,1,1,1,1.4,1.4,1.4,1.8,0.0,0.0
4.6624,32,15,362,0,E1A1823B1903C1164X,TE1A1B1C4D000X,1,1,1,1,1.4,1.4,1.4,1.8,0.0,0.0
4.68337,32,16,361,0,E1A1822B1903C1171X,TE1A1B1C4D000X,1,1,1,1,1.4,1.4,1.4,1.8,0.0,0.0
4.69534,32,16,362,0,E1A1820B1903C1179X,TE1A1B1C4D000X,1,1,1,1,1.4,1.4,1.4,1.8,0.0,0.0
4.70748,32,16,361,0,E1A1818B1903C1185X,TE1A1B1C4D000X,1,1,1,1,1.4,1.4,1.4,1.8,0.0,0.0
4.71931,32,17,361,0,E1A1817B1903C1192X,TE1A1B1C4D000X,1,1,1,1,1.4,1.4,1.4,1.8,0.0,0.0
4.73069,32,17,361,0,E1A1816B1903C1198X,TE1A1B1C4D000X,1,1,1,1,1.4,1.4,1.4,1.8,0.0,0.0
4.75138,31,18,361,0,E1A1815B1903C1204X,TE1A1B1C4D000X,1,1,1,1,1.4,1.4,1.4,1.8,0.0,0.0
4.7715,31,18,361,0,E1A1814B1903C1209X,TE1A1B1C4D000X,1,1,1,1,1.4,1.4,1.4,1.8,0.0,0.0
4.78345,31,18,360,0,E1A1813B1903C1214X,TE1A1B1C4D000X,1,1,1,1,1.4,1.4,1.4,1.8,0.0,0.0
4.79564,31,18,360,0,E1A1813B1903C1218X,TE1A1B1C4D000X,1,1,1,1,1.4,1.4,1.4,1.8,0.0,0.0
4.80742,30,18,360,0,E1A1812B1903C1221X,TE1A1B1C4D000X,1,1,1,1,1.4,1.4,1.4,1.8,0.0,0.0
4.82731,30,18,359,0,E1A1812B1903C1224X,TE1A1B1C4D000X,1,1,1,1,1.4,1.4,1.4,1.8,0.0,0.0
4.83949,30,19,360,0,E1A1812B1903C1228X,TE1A1B1C4D000X,1,1,1,1,1.4,1.4,1.4,1.8,0.0,0.0
4.8633,30,19,359,0,E1A1812B1903C1229X,TE1A1B1C4D000X,1,1,1,1,1.4,1.4,1.4,1.8,0.0,0.0
4.88338,29,19,359,0,E1A1811B1903C1232X,TE1A1B1C4D000X,1,1,1,1,1.4,1.4,1.4,1.8,0.0,0.0
4.89546,29,18,359,0,E1A1811B1903C1233X,TE1A1B1C4D000X,1,1,1,1,1.4,1.4,1.4,1.8,0.0,0.0
4.90743,29,18,359,0,E1A1810B1903C1235X,TE1A1B1C4D000X,1,1,1,1,1.4,1.4,1.4,1.8,0.0,0.0
4.91923,29,18,359,0,E1A1809B1903C1238X,TE1A1B1C4D000X,1,1,1,1,1.4,1.4,1.4,1.8,0.0,0.0
4.93142,29,18,359,0,E1A1808B1903C1240X,TE1A1B1C4D000X,1,1,1,1,1.4,1.4,1.4,1.8,0.0,0.0
4.94322,29,18,360,0,E1A1807B1903C1242X,TE1A1B1C4D000X,1,1,1,1,1.4,1.4,1.4,1.8,0.0,0.0
4.95507,28,18,360,0,E1A1806B1903C1244X,TE1A1B1C4D000X,1,1,1,1,1.4,1.4,1.4,1.8,0.0,0.0
4.96755,28,18,359,0,E1A1805B1903C1244X,TE1A1B1C4D000X,1,1,1,1,1.4,1.4,1.4,1.8,0.0,0.0
4.97962,28,18,359,0,E1A1804B1903C1245X,TE1A1B1C4D000X,1,1,1,1,1.4,1.4,1.4,1.8,0.0,0.0
4.99141,28,18,359,0,E1A1803B1903C1247X,TE1A1B1C4D000X,1,1,1,1,1.4,1.4,1.4,1.8,0.0,0.0
5.01152,28,18,359,0,E1A1803B1903C1247X,TE1A1B1C4D000X,1,1,1,1,1.4,1.4,1.4,1.8,0.0,0.0
5.02362,28,17,359,0,E1A1802B1903C1249X,TE1A1B1C4D000X,1,1,1,1,1.4,1.4,1.4,1.8,0.0,0.0
5.03571,28,17,359,0,E1A1800B1903C1251X,TE1A1B1C4D000X,1,1,1,1,1.4,1.4,1.4,1.8,0.0,0.0
5.04738,28,17,360,0,E1A1799B1903C1253X,TE1A1B1C4D000X,1,1,1,1,1.4,1.4,1.4,1.8,0.0,0.0
5.05886,28,17,360,0,E1A1798B1903C1255X,TE1A1B1C3D000X,1,1,1,1,1.4,1.4,1.4,1.8,0.0,0.0
5.0757,28,17,360,0,E1A1797B1903C1256X,TE1A1B1C3D000X,1,1,1,1,1.4,1.4,1.4,1.8,0.0,0.0
5.11149,28,17,360,0,E1A1795B1903C1258X,TE1A1B1C3D000X,1,1,1,1,1.4,1.4,1.4,1.8,0.0,0.0
5.12321,27,17,360,0,E1A1794B1903C1259X,TE1A1B1C3D000X,1,1,1,1,1.4,1.4,1.4,1.8,0.0,0.0
5.1436,27,17,360,0,E1A1793B1903C1261X,TE1A1B1C3D000X,1,1,1,1,1.4,1.4,1.4,1.8,0.0,0.0
5.15544,27,17,360,0,E1A1791B1903C1262X,TE1A1B1C3D000X,1,1,1,1,1.4,1.4,1.4,1.8,0.0,0.0
5.16754,27,17,360,0,E1A1789B1903C1263X,TE1A1B1C3D000X,1,1,1,1,1.4,1.4,1.4,1.8,0.0,0.0
5.17948,28,16,360,0,E1A1787B1903C1265X,TE1A1B1C3D000X,1,1,1,1,1.4,1.4,1.4,1.8,0.0,0.0
5.19127,28,16,360,0,E1A1785B1903C1266X,TE1A1B1C3D000X,1,1,1,1,1.4,1.4,1.4,1.8,0.0,0.0
5.20332,28,16,360,0,E1A1783B1903C1268X,TE1A1B1C3D000X,1,1,1,1,1.4,1.4,1.4,1.8,0.0,0.0
5.22376,28,16,360,0,E1A1782B1903C1270X,TE1A1B1C3D000X,1,1,1,1,1.4,1.4,1.4,1.8,0.0,0.0
5.23562,28,16,360,0,E1A1780B1903C1271X,TE1A1B1C3D000X,1,1,1,1,1.4,1.4,1.4,1.8,0.0,0.0
5.2474,28,16,360,0,E1A1778B1903C1273X,TE1A1B1C3D000X,1,1,1,1,1.4,1.4,1.4,1.8,0.0,0.0
5.26722,28,16,360,0,E1A1775B1903C1275X,TE1A1B1C3D000X,1,1,1,1,1.4,1.4,1.4,1.8,0.0,0.0
5.27927,28,16,360,0,E1A1774B1903C1275X,TE1A1B1C3D000X,1,1,1,1,1.4,1.4,1.4,1.8,0.0,0.0
5.29131,28,16,360,0,E1A1772B1903C1277X,TE1A1B1C3D000X,1,1,1,1,1.4,1.4,1.4,1.8,0.0,0.0
5.30351,28,16,360,0,E1A1770B1903C1278X,TE1A1B1C3D000X,1,1,1,1,1.4,1.4,1.4,1.8,0.0,0.0
5.31519,28,16,360,0,E1A1768B1903C1279X,TE1A1B1C3D000X,1,1,1,1,1.4,1.4,1.4,1.8,0.0,0.0
5.32709,28,16,360,0,E1A1765B1903C1281X,TE1A1B1C3D000X,1,1,1,1,1.4,1.4,1.4,1.8,0.0,0.0
5.33896,28,16,361,0,E1A1763B1903C1282X,TE1A1B1C3D000X,1,1,1,1,1.4,1.4,1.4,1.8,0.0,0.0
5.35103,28,16,360,0,E1A1761B1903C1283X,TE1A1B1C3D000X,1,1,1,1,1.4,1.4,1.4,1.8,0.0,0.0
5.36293,28,16,360,0,E1A1758B1903C1284X,TE1A1B1C3D000X,1,1,1,1,1.4,1.4,1.4,1.8,0.0,0.0
5.37427,28,15,360,0,E1A1756B1903C1286X,TE1A1B1C3D000X,1,1,1,1,1.4,1.4,1.4,1.8,0.0,0.0
5.3863,29,15,360,0,E1A1754B1903C1286X,TE1A1B1C3D000X,1,1,1,1,1.4,1.4,1.4,1.8,0.0,0.0
5.39779,29,15,360,0,E1A1751B1903C1287X,TE1A1B1C3D000X,1,1,1,1,1.4,1.4,1.4,1.8,0.0,0.0
5.4097,29,15,360,0,E1A1748B1903C1289X,TE1A1B1C3D000X,1,1,1,1,1.4,1.4,1.4,1.8,0.0,0.0
5.42143,29,15,360,0,E1A1745B1903C1290X,TE1A1B1C3D000X,1,1,1,1,1.4,1.4,1.4,1.8,0.0,0.0
5.43323,29,15,360,0,E1A1743B1903C1292X,TE1A1B1C3D000X,1,1,1,1,1.4,1.4,1.4,1.8,0.0,0.0
5.44478,29,15,360,0,E1A1740B1903C1292X,TE1A1B1C3D000X,1,1,1,1,1.4,1.4,1.4,1.8,0.0,0.0
5.45692,29,15,360,0,E1A1737B1903C1294X,TE1A1B1C3D000X,1,1,1,1,1.4,1.4,1.4,1.8,0.0,0.0
5.46873,30,15,360,0,E1A1734B1903C1295X,TE1A1B1C3D000X,1,1,1,1,1.4,1.4,1.4,1.8,0.0,0.0
5.48365,30,15,360,0,E1A1730B1903C1296X,TE1A1B1C3D000X,1,1,1,1,1.4,1.4,1.4,1.8,0.0,0.0
5.4958,30,15,359,0,E1A1727B1903C1297X,TE1A1B1C3D000X,1,1,1,1,1.4,1.4,1.4,1.8,0.0,0.0
5.51972,30,15,359,0,E1A1724B1903C1297X,TE1A1B1C3D000X,1,1,1,1,1.4,1.4,1.4,1.8,0.0,0.0
5.53233,31,15,359,0,E1A1720B1903C1299X,TE1A1B1C3D000X,1,1,1,1,1.4,1.4,1.4,1.8,0.0,0.0
5.55143,31,15,358,0,E1A1717B1903C1299X,TE1A1B1C3D000X,1,1,1,1,1.4,1.4,1.4,1.8,0.0,0.0
5.56432,31,15,358,0,E1A1713B1903C1299X,TE1A1B1C3D000X,1,1,1,1,1.4,1.4,1.4,1.8,0.0,0.0
5.57611,31,15,358,0,E1A1710B1903C1300X,TE1A1B1C3D000X,1,1,1,1,1.4,1.4,1.4,1.8,0.0,0.0
5.58803,31,15,358,0,E1A1707B1903C1301X,TE1A1B1C3D000X,1,1,1,1,1.4,1.4,1.4,1.8,0.0,0.0
5.59925,31,15,359,0,E1A1704B1903C1303X,TE1A1B1C3D000X,1,1,1,1,1.4,1.4,1.4,1.8,0.0,0.0
5.61124,32,15,358,0,E1A1701B1903C1304X,TE1A2B1C3D000X,1,1,1,1,1.4,1.4,1.4,1.8,0.0,0.0
5.63228,32,15,358,0,E1A1698B1903C1304X,TE1A2B1C3D000X,1,1,1,1,1.4,1.4,1.4,1.8,0.0,0.0
5.65116,32,15,358,0,E1A1695B1903C1305X,TE1A2B1C3D000X,1,1,1,1,1.4,1.4,1.4,1.8,0.0,0.0
5.66342,32,15,357,0,E1A1692B1903C1306X,TE1A2B1C3D000X,1,1,1,1,1.4,1.4,1.4,1.8,0.0,0.0
5.67545,32,15,357,0,E1A1689B1903C1306X,TE1A2B1C3D000X,1,1,1,1,1.4,1.4,1.4,1.8,0.0,0.0
5.69974,32,15,357,0,E1A1686B1903C1307X,TE1A2B1C3D000X,1,1,1,1,1.4,1.4,1.4,1.8,0.0,0.0
5.71172,32,15,356,0,E1A1684B1903C1308X,TE1A2B1C3D000X,1,1,1,1,1.4,1.4,1.4,1.8,0.0,0.0
5.72375,32,15,357,0,E1A1681B1903C1310X,TE1A2B1C3D000X,1,1,1,1,1.4,1.4,1.4,1.8,0.0,0.0
5.73573,32,15,357,0,E1A1679B1903C1312X,TE1A2B1C3D000X,1,1,1,1,1.4,1.4,1.4,1.8,0.0,0.0
5.76742,32,15,358,0,E1A1676B1903C1314X,TE1A2B1C3D000X,1,1,1,1,1.4,1.4,1.4,1.8,0.0,0.0
5.77927,32,15,358,0,E1A1674B1903C1316X,TE1A2B1C3D000X,1,1,1,1,1.4,1.4,1.4,1.8,0.0,0.0
5.79991,32,15,358,0,E1A1672B1903C1318X,TE1A2B1C3D000X,1,1,1,1,1.4,1.4,1.4,1.8,0.0,0.0
5.82361,32,15,359,0,E1A1670B1903C1320X,TE1A2B1C3D000X,1,1,1,1,1.4,1.4,1.4,1.8,0.0,0.0
5.83561,32,15,360,0,E1A1668B1903C1322X,TE1A2B1C3D000X,1,1,1,1,1.4,1.4,1.4,1.8,0.0,0.0
5.84736,32,15,359,0,E1A1666B1903C1323X,TE1A2B1C3D000X,1,1,1,1,1.4,1.4,1.4,1.8,0.0,0.0
5.85884,32,15,359,0,E1A1665B1903C1325X,TE1A2B1C3D000X,1,1,1,1,1.4,1.4,1.4,1.8,0.0,0.0
5.87074,32,15,359,0,E1A1663B1903C1327X,TE1A2B1C3D000X,1,1,1,1,1.4,1.4,1.4,1.8,0.0,0.0
5.8826,32,15,359,0,E1A1661B1903C1328X,TE1A2B1C3D000X,1,1,1,1,1.4,1.4,1.4,1.8,0.0,0.0
5.89395,31,15,359,0,E1A1659B1903C1331X,TE1A2B1C3D000X,1,1,1,1,1.4,1.4,1.4,1.8,0.0,0.0
5.90704,31,15,360,0,E1A1658B1903C1333X,TE1A2B1C3D000X,1,1,1,1,1.4,1.4,1.4,1.8,0.0,0.0
5.91869,31,15,359,0,E1A1656B1903C1334X,TE1A2B1C3D000X,1,1,1,1,1.4,1.4,1.4,1.8,0.0,0.0
5.93015,31,15,360,0,E1A1654B1903C1336X,TE1A2B1C3D000X,1,1,1,1,1.4,1.4,1.4,1.8,0.0,0.0
5.9422,31,15,360,0,E1A1652B1903C1337X,TE1A2B1C3D000X,1,1,1,1,1.4,1.4,1.4,1.8,0.0,0.0
5.95413,31,16,360,0,E1A1650B1903C1339X,TE1A2B1C3D000X,1,1,1,1,1.4,1.4,1.4,1.8,0.0,0.0
5.96603,31,16,361,0,E1A1648B1903C1341X,TE1A2B1C3D000X,1,1,1,1,1.4,1.4,1.4,1.8,0.0,0.0
5.97921,31,16,361,0,E1A1646B1903C1342X,TE1A2B1C3D000X,1,1,1,1,1.4,1.4,1.4,1.8,0.0,0.0
5.99151,31,16,361,0,E1A1644B1903C1344X,TE1A2B1C3D000X,1,1,1,1,1.4,1.4,1.4,1.8,0.0,0.0
6.00342,31,16,361,0,E1A1642B1903C1346X,TE1A2B1C3D000X,1,1,1,1,1.4,1.4,1.4,1.8,0.0,0.0
6.01522,31,16,362,0,E1A1640B1903C1348X,TE1A2B1C3D000X,1,1,1,1,1.4,1.4,1.4,1.8,0.0,0.0
6.0272,31,16,362,0,E1A1638B1903C1349X,TE1A2B1C3D000X,1,1,1,1,1.4,1.4,1.4,1.8,0.0,0.0
6.03895,31,16,362,0,E1A1636B1903C1351X,TE1A2B1C3D000X,1,1,1,1,1.4,1.4,1.4,1.8,0.0,0.0
6.05055,31,16,363,0,E1A1634B1903C1352X,TE1A2B1C3D000X,1,1,1,1,1.4,1.4,1.4,1.8,0.0,0.0
6.06213,31,16,363,0,E1A1632B1903C1354X,TE1A2B1C3D000X,1,1,1,1,1.4,1.4,1.4,1.8,0.0,0.0
6.07408,31,16,363,0,E1A1630B1903C1355X,TE1A2B1C3D000X,1,1,1,1,1.4,1.4,1.4,1.8,0.0,0.0
6.08601,31,16,363,0,E1A1627B1903C1356X,TE1A2B1C3D000X,1,1,1,1,1.4,1.4,1.4,1.8,0.0,0.0
6.09796,31,16,362,0,E1A1625B1903C1356X,TE1A2B1C3D000X,1,1,1,1,1.4,1.4,1.4,1.8,0.0,0.0
6.10937,31,16,362,0,E1A1622B1903C1357X,TE1A2B1C3D000X,1,1,1,1,1.4,1.4,1.4,1.8,0.0,0.0
6.12126,31,16,362,0,E1A1620B1903C1358X,TE1A2B1C3D000X,1,1,1,1,1.4,1.4,1.4,1.8,0.0,0.0
6.13276,31,16,362,0,E1A1617B1903C1359X,TE1A2B1C3D000X,1,1,1,1,1.4,1.4,1.4,1.8,0.0,0.0
6.15172,31,16,362,0,E1A1615B1903C1359X,TE1A2B1C3D000X,1,1,1,1,1.4,1.4,1.4,1.8,0.0,0.0
6.16392,31,16,362,0,E1A1612B1903C1360X,TE1A2B1C3D000X,1,1,1,1,1.4,1.4,1.4,1.8,0.0,0.0
6.17575,31,16,362,0,E1A1609B1903C1360X,TE1A2B1C3D000X,1,1,1,1,1.4,1.4,1.4,1.8,0.0,0.0
6.18771,31,16,362,0,E1A1607B1903C1361X,TE1A2B1C3D000X,1,1,1,1,1.4,1.4,1.4,1.8,0.0,0.0
6.19924,31,16,362,0,E1A1604B1903C1361X,TE1A2B1C3D000X,1,1,1,1,1.4,1.4,1.4,1.8,0.0,0.0
6.21124,31,16,362,0,E1A1600B1903C1362X,TE1A2B1C3D000X,1,1,1,1,1.4,1.4,1.4,1.8,0.0,0.0
6.2275,31,16,362,0,E1A1597B1903C1361X,TE1A2B1C3D000X,1,1,1,1,1.4,1.4,1.4,1.8,0.0,0.0
6.2394,31,16,361,0,E1A1594B1903C1361X,TE1A2B1C3D000X,1,1,1,1,1.4,1.4,1.4,1.8,0.0,0.0
6.25152,31,16,361,0,E1A1591B1903C1362X,TE1A2B1C3D000X,1,1,1,1,1.4,1.4,1.4,1.8,0.0,0.0
6.2631,31,16,361,0,E1A1587B1903C1362X,TE1A2B1C3D000X,1,1,1,1,1.4,1.4,1.4,1.8,0.0,0.0
6.27556,31,15,361,0,E1A1584B1903C1362X,TE1A2B1C3D000X,1,1,1,1,1.4,1.4,1.4,1.8,0.0,0.0
6.28747,31,15,361,0,E1A1581B1903C1363X,TE1A2B1C3D000X,1,1,1,1,1.4,1.4,1.4,1.8,0.0,0.0
6.30761,31,15,361,0,E1A1579B1903C1364X,TE1A2B1C3D000X,1,1,1,1,1.4,1.4,1.4,1.8,0.0,0.0
6.31937,31,15,361,0,E1A1576B1903C1365X,TE1A2B1C3D000X,1,1,1,1,1.4,1.4,1.4,1.8,0.0,0.0
6.34347,31,15,361,0,E1A1574B1903C1365X,TE1A2B1C3D000X,1,1,1,1,1.4,1.4,1.4,1.8,0.0,0.0
6.3555,31,15,360,0,E1A1571B1903C1365X,TE1A2B1C3D000X,1,1,1,1,1.4,1.4,1.4,1.8,0.0,0.0
6.36764,31,15,360,0,E1A1569B1903C1366X,TE1A2B1C3D000X,1,1,1,1,1.4,1.4,1.4,1.8,0.0,0.0
6.37979,31,15,360,0,E1A1566B1903C1366X,TE1A2B1C3D000X,1,1,1,1,1.4,1.4,1.4,1.8,0.0,0.0
6.39141,31,15,360,0,E1A1564B1903C1367X,TE1A2B1C3D000X,1,1,1,1,1.4,1.4,1.4,1.8,0.0,0.0
6.41157,31,15,361,0,E1A1561B1903C1368X,TE1A2B1C3D000X,1,1,1,1,1.4,1.4,1.4,1.8,0.0,0.0
6.43132,31,15,361,0,E1A1559B1903C1369X,TE1A2B1C3D000X,1,1,1,1,1.4,1.4,1.4,1.8,0.0,0.0
6.44351,31,15,361,0,E1A1556B1903C1370X,TE1A2B1C3D000X,1,1,1,1,1.4,1.4,1.4,1.8,0.0,0.0
6.4554,31,15,362,0,E1A1553B1903C1371X,TE1A2B1C3D000X,1,1,1,1,1.4,1.4,1.4,1.8,0.0,0.0
6.46726,31,15,361,0,E1A1551B1903C1371X,TE1A2B1C3D000X,1,1,1,1,1.4,1.4,1.4,1.8,0.0,0.0
6.47927,31,15,361,0,E1A1548B1903C1371X,TE1A2B1C3D000X,1,1,1,1,1.4,1.4,1.4,1.8,0.0,0.0
6.49118,31,15,361,0,E1A1546B1903C1372X,TE1A2B1C3D000X,1,1,1,1,1.4,1.4,1.4,1.8,0.0,0.0
6.50303,31,15,361,0,E1A1543B1903C1372X,TE1A2B1C3D000X,1,1,1,1,1.4,1.4,1.4,1.8,0.0,0.0
6.51487,31,15,361,0,E1A1541B1903C1373X,TE1A2B1C3D000X,1,1,1,1,1.4,1.4,1.4,1.8,0.0,0.0
6.52619,31,15,361,0,E1A1538B1903C1373X,TE1A2B1C3D000X,1,1,1,1,1.4,1.4,1.4,1.8,0.0,0.0
6.53818,31,15,361,0,E1A1536B1903C1374X,TE1A2B1C3D000X,1,1,1,1,1.4,1.4,1.4,1.8,0.0,0.0
6.55018,31,15,361,0,E1A1533B1903C1375X,TE1A2B1C3D000X,1,1,1,1,1.4,1.4,1.4,1.8,0.0,0.0
6.56328,31,15,361,0,E1A1531B1903C1376X,TE1A2B1C3D000X,1,1,1,1,1.4,1.4,1.4,1.8,0.0,0.0
6.57643,31,15,361,0,E1A1528B1903C1376X,TE1A2B1C3D000X,1,1,1,1,1.4,1.4,1.4,1.8,0.0,0.0
6.58994,31,15,361,0,E1A1525B1903C1377X,TE1A2B1C3D000X,1,1,1,1,1.4,1.4,1.4,1.8,0.0,0.0
6.60222,31,15,361,0,E1A1522B1903C1377X,TE1A2B1C3D000X,1,1,1,1,1.4,1.4,1.4,1.8,0.0,0.0
6.6136,31,15,360,0,E1A1518B1903C1378X,TE1A2B1C3D000X,1,1,1,1,1.4,1.4,1.4,1.8,0.0,0.0
6.62558,31,15,360,0,E1A1515B1903C1378X,TE1A2B1C3D000X,1,1,1,1,1.4,1.4,1.4,1.8,0.0,0.0
6.63765,31,15,359,0,E1A1511B1903C1378X,TE1A2B1C3D000X,1,1,1,1,1.4,1.4,1.4,1.8,0.0,0.0
6.64958,31,16,359,0,E1A1509B1903C1379X,TE1A2B1C3D000X,1,1,1,1,1.4,1.4,1.4,1.8,0.0,0.0
6.66107,31,16,359,0,E1A1506B1903C1380X,TE1A2B1C3D000X,1,1,1,1,1.4,1.4,1.4,1.8,0.0,0.0
6.67287,31,16,360,0,E1A1503B1903C1381X,TE1A2B1C3D000X,1,1,1,1,1.4,1.4,1.4,1.8,0.0,0.0
6.68468,31,16,360,0,E1A1500B1903C1382X,TE1A2B1C3D000X,1,1,1,1,1.4,1.4,1.4,1.8,0.0,0.0
6.6965,31,16,359,0,E1A1498B1903C1382X,TE1A2B1C3D000X,1,1,1,1,1.4,1.4,1.4,1.8,0.0,0.0
6.70806,31,16,359,0,E1A1495B1903C1383X,TE1A2B1C3D000X,1,1,1,1,1.4,1.4,1.4,1.8,0.0,0.0
6.71988,31,16,359,0,E1A1492B1903C1383X,TE1A2B1C3D000X,1,1,1,1,1.4,1.4,1.4,1.8,0.0,0.0
6.73526,31,16,358,0,E1A1489B1903C1383X,TE1A2B1C3D000X,1,1,1,1,1.4,1.4,1.4,1.8,0.0,0.0
6.74744,31,16,358,0,E1A1485B1903C1383X,TE1A2B1C3D000X,1,1,1,1,1.4,1.4,1.4,1.8,0.0,0.0
6.75969,31,16,358,0,E1A1483B1903C1383X,TE1A2B1C3D000X,1,1,1,1,1.4,1.4,1.4,1.8,0.0,0.0
6.79561,31,16,357,0,E1A1480B1903C1384X,TE1A2B1C3D000X,1,1,1,1,1.4,1.4,1.4,1.8,0.0,0.0
6.80783,31,16,358,0,E1A1477B1903C1384X,TE1A2B1C3D000X,1,1,1,1,1.4,1.4,1.4,1.8,0.0,0.0
6.81982,31,16,358,0,E1A1474B1903C1385X,TE1A2B1C3D000X,1,1,1,1,1.4,1.4,1.4,1.8,0.0,0.0
6.83167,31,16,359,0,E1A1471B1903C1386X,TE1A3B1C3D000X,1,1,1,1,1.4,1.4,1.4,1.8,0.0,0.0
6.84335,31,16,359,0,E1A1467B1903C1387X,TE1A3B1C3D000X,1,1,1,1,1.4,1.4,1.4,1.8,0.0,0.0
6.85525,31,16,359,0,E1A1464B1903C1387X,TE1A3B1C3D000X,1,1,1,1,1.4,1.4,1.4,1.8,0.0,0.0
6.86814,31,16,359,0,E1A1461B1903C1388X,TE1A3B1C3D000X,1,1,1,1,1.4,1.4,1.4,1.8,0.0,0.0
6.89546,31,16,359,0,E1A1457B1903C1388X,TE1A3B1C3D000X,1,1,1,1,1.4,1.4,1.4,1.8,0.0,0.0
6.91974,31,16,360,0,E1A1455B1903C1389X,TE1A3B1C3D000X,1,1,1,1,1.4,1.4,1.4,1.8,0.0,0.0
6.93323,31,16,360,0,E1A1452B1903C1390X,TE1A3B1C3D000X,1,1,1,1,1.4,1.4,1.4,1.8,0.0,0.0
6.94718,31,16,360,0,E1A1449B1903C1390X,TE1A3B1C3D000X,1,1,1,1,1.4,1.4,1.4,1.8,0.0,0.0
6.95944,31,16,361,0,E1A1447B1903C1391X,TE1A3B1C3D000X,1,1,1,1,1.4,1.4,1.4,1.8,0.0,0.0
6.98771,31,16,360,0,E1A1445B1903C1391X,TE1A3B1C3D000X,1,1,1,1,1.4,1.4,1.4,1.8,0.0,0.0
6.9996,31,16,361,0,E1A1443B1903C1392X,TE1A3B1C3D000X,1,1,1,1,1.4,1.4,1.4,1.8,0.0,0.0
7.0194,31,16,361,0,E1A1442B1903C1393X,TE1A3B1C3D000X,1,1,1,1,1.4,1.4,1.4,1.8,0.0,0.0
7.03349,30,16,360,0,E1A1440B1903C1393X,TE1A3B1C3D000X,1,1,1,1,1.4,1.4,1.4,1.8,0.0,0.0
7.04712,30,16,361,0,E1A1439B1903C1394X,TE1A3B1C3D000X,1,1,1,1,1.4,1.4,1.4,1.8,0.0,0.0
7.06334,30,15,361,0,E1A1439B1903C1395X,TE1A3B1C3D000X,1,1,1,1,1.4,1.4,1.4,1.8,0.0,0.0
7.07559,30,15,361,0,E1A1438B1903C1396X,TE1A3B1C3D000X,1,1,1,1,1.4,1.4,1.4,1.8,0.0,0.0
7.09955,29,15,360,0,E1A1438B1903C1397X,TE1A3B1C3D000X,1,1,1,1,1.4,1.4,1.4,1.8,0.0,0.0
7.11144,29,15,360,0,E1A1439B1903C1399X,TE1A3B1C3D000X,1,1,1,1,1.4,1.4,1.4,1.8,0.0,0.0
7.12353,28,15,360,0,E1A1440B1903C1400X,TE1A3B1C3D000X,1,1,1,1,1.4,1.4,1.4,1.8,0.0,0.0
7.13547,28,15,360,0,E1A1441B1903C1402X,TE1A3B1C3D000X,1,1,1,1,1.4,1.4,1.4,1.8,0.0,0.0
7.14762,27,15,360,0,E1A1443B1903C1404X,TE1A3B1C3D000X,1,1,1,1,1.4,1.4,1.4,1.8,0.0,0.0
7.16749,27,15,360,0,E1A1444B1903C1406X,TE1A3B1C3D000X,1,1,1,1,1.4,1.4,1.4,1.8,0.0,0.0
7.17922,26,15,360,0,E1A1446B1903C1408X,TE1A3B1C3D000X,1,1,1,1,1.4,1.4,1.4,1.8,0.0,0.0
7.19135,25,15,361,0,E1A1448B1903C1410X,TE1A3B1C3D000X,1,1,1,1,1.4,1.4,1.4,1.8,0.0,0.0
7.20336,25,15,361,0,E1A1451B1903C1412X,TE1A3B1C3D000X,1,1,1,1,1.4,1.4,1.4,1.8,0.0,0.0
7.21575,24,15,361,0,E1A1453B1903C1414X,TE1A3B1C3D000X,1,1,1,1,1.4,1.4,1.4,1.8,0.0,0.0
7.23555,24,15,360,0,E1A1455B1903C1415X,TE1A3B1C3D000X,1,1,1,1,1.4,1.4,1.4,1.8,0.0,0.0
7.2474,23,15,360,0,E1A1458B1903C1416X,TE1A3B1C3D000X,1,1,1,1,1.4,1.4,1.4,1.8,0.0,0.0
7.25944,22,15,361,0,E1A1461B1903C1418X,TE1A3B1C3D000X,1,1,1,1,1.4,1.4,1.4,1.8,0.0,0.0
7.27147,22,15,362,0,E1A1464B1903C1420X,TE1A3B1C3D000X,1,1,1,1,1.4,1.4,1.4,1.8,0.0,0.0
7.28325,21,14,362,0,E1A1466B1903C1420X,TE1A3B1C3D000X,1,1,1,1,1.4,1.4,1.4,1.8,0.0,0.0
7.30349,21,14,362,0,E1A1469B1903C1421X,TE1A3B1C3D000X,1,1,1,1,1.4,1.4,1.4,1.8,0.0,0.0
7.31545,20,14,362,0,E1A1473B1903C1421X,TE1A3B1C3D000X,1,1,1,1,1.4,1.4,1.4,1.8,0.0,0.0
7.33548,20,13,362,0,E1A1476B1903C1420X,TE1A3B1C3D000X,1,1,1,1,1.4,1.4,1.4,1.8,0.0,0.0
7.34753,19,13,362,0,E1A1480B1903C1420X,TE1A3B1C3D000X,1,1,1,1,1.4,1.4,1.4,1.8,0.0,0.0
7.36747,18,12,363,0,E1A1485B1903C1421X,TE1A2B1C3D000X,1,1,1,1,1.4,1.4,1.4,1.8,0.0,0.0
7.37951,18,12,363,0,E1A1489B1903C1420X,TE1A2B1C3D000X,1,1,1,1,1.4,1.4,1.4,1.8,0.0,0.0
7.39166,17,12,363,0,E1A1493B1903C1420X,TE1A2B1C3D000X,1,1,1,1,1.4,1.4,1.4,1.8,0.0,0.0
7.41526,17,11,364,0,E1A1497B1903C1420X,TE1A2B1C3D000X,1,1,1,1,1.4,1.4,1.4,1.8,0.0,0.0
7.43548,16,11,364,0,E1A1502B1903C1420X,TE1A2B1C3D000X,1,1,1,1,1.4,1.4,1.4,1.8,0.0,0.0
7.44745,15,10,364,0,E1A1507B1903C1419X,TE1A2B1C3D000X,1,1,1,1,1.4,1.4,1.4,1.8,0.0,0.0
7.45941,15,10,365,0,E1A1511B1903C1420X,TE1A2B1C3D000X,1,1,1,1,1.4,1.4,1.4,1.8,0.0,0.0
7.48335,14,10,365,0,E1A1516B1903C1420X,TE1A2B1C3D000X,1,1,1,1,1.4,1.4,1.4,1.8,0.0,0.0
7.5035,13,9,365,0,E1A1521B1903C1421X,TE1A2B1C3D000X,1,1,1,1,1.4,1.4,1.4,1.8,0.0,0.0
7.51547,13,9,365,0,E1A1527B1903C1422X,TE1A2B1C3D000X,1,1,1,1,1.4,1.4,1.4,1.8,0.0,0.0
7.52759,12,9,366,0,E1A1532B1903C1423X,TE1A2B1C3D000X,1,1,1,1,1.4,1.4,1.4,1.8,0.0,0.0
7.5516,11,9,366,0,E1A1538B1903C1425X,TE1A2B1C3D000X,1,1,1,1,1.4,1.4,1.4,1.8,0.0,0.0
7.56364,10,8,366,0,E1A1544B1903C1426X,TE1A2B1C3D000X,1,1,1,1,1.4,1.4,1.4,1.8,0.0,0.0
7.57541,9,8,366,0,E1A1549B1903C1428X,TE1A2B1C3D000X,1,1,1,1,1.4,1.4,1.4,1.8,0.0,0.0
7.58714,9,8,367,0,E1A1555B1903C1430X,TE1A2B1C3D000X,1,1,1,1,1.4,1.4,1.4,1.8,0.0,0.0
7.59833,8,8,367,0,E1A1560B1903C1431X,TE1A2B1C3D000X,1,1,1,1,1.4,1.4,1.4,1.8,0.0,0.0
7.61015,7,8,366,0,E1A1564B1903C1432X,TE1A2B1C3D000X,1,1,1,1,1.4,1.4,1.4,1.8,0.0,0.0
7.62191,6,8,366,0,E1A1569B1903C1433X,TE1A2B1C3D000X,1,1,1,1,1.4,1.4,1.4,1.8,0.0,0.0
7.63383,6,7,365,0,E1A1573B1903C1434X,TE1A2B1C3D000X,1,1,1,1,1.4,1.4,1.4,1.8,0.0,0.0
7.64673,5,7,365,0,E1A1634B1903C1498X,TE1A2B1C3D000X,1,1,1,1,1.4,1.4,1.4,1.8,0.0,0.0
7.65849,4,7,365,0,E1A1684B1903C1549X,TE1A2B1C2D000X,1,1,1,1,1.4,1.4,1.4,1.8,0.0,0.0
7.67055,4,7,365,0,E1A1725B1903C1590X,TE1A2B1C2D000X,1,1,1,1,1.4,1.4,1.4,1.8,0.0,0.0
7.68256,3,7,365,0,E1A1759B1903C1623X,TE1A2B1C2D000X,1,1,1,1,1.4,1.4,1.4,1.8,0.0,0.0
7.69396,2,7,365,0,E1A1786B1903C1650X,TE1A1B1C2D000X,1,1,1,1,1.4,1.4,1.4,1.8,0.0,0.0
7.706,2,6,366,0,E1A1808B1903C1671X,TE1A1B1C2D000X,1,1,1,1,1.4,1.4,1.4,1.8,0.0,0.0
7.71782,1,6,365,0,E1A1826B1903C1687X,TE1A1B1C2D000X,1,1,1,1,1.4,1.4,1.4,1.8,0.0,0.0
7.7297,1,6,366,0,E1A1841B1903C1699X,TE1A1B1C2D000X,1,1,1,1,1.4,1.4,1.4,1.8,0.0,0.0
7.74188,0,6,367,0,E1A1852B1903C1709X,TE1A1B1C2D000X,1,1,1,1,1.4,1.4,1.4,1.8,0.0,0.0
7.75392,0,5,367,0,E1A1860B1903C1716X,TE1A1B1C1D000X,1,1,1,1,1.4,1.4,1.4,1.8,0.0,0.0
7.77548,0,5,367,0,E1A1868B1904C1716X,TE1A1B1C1D000X,1,1,1,1,1.4,1.4,1.4,1.8,0.0,0.0
7.7875,0,5,367,0,E1A1882B1900C1716X,TE1A1B1C1D000X,1,1,1,1,1.4,1.4,1.4,1.8,0.0,0.0
7.79939,0,4,367,0,E1A1891B1896C1716X,TE1A1B1C1D000X,1,1,1,1,1.4,1.4,1.4,1.8,0.0,0.0
7.81137,0,4,367,0,E1A1899B1893C1716X,TE1A1B1C1D000X,1,1,1,1,1.4,1.4,1.4,1.8,0.0,0.0
7.82274,-1,4,368,0,E1A1904B1890C1716X,TE1A1B1C1D000X,1,1,1,1,1.4,1.4,1.4,1.8,0.0,0.0
7.83478,-1,4,368,0,E1A1908B1887C1716X,TE1A1B1C1D000X,1,1,1,1,1.4,1.4,1.4,1.8,0.0,0.0
7.84673,-1,3,368,0,E1A1911B1885C1716X,TE1A1B1C1D000X,1,1,1,1,1.4,1.4,1.4,1.8,0.0,0.0
7.85841,-1,3,367,0,E1A1913B1883C1716X,TE1A1B1C1D000X,1,1,1,1,1.4,1.4,1.4,1.8,0.0,0.0
7.87028,-1,3,367,0,E1A1915B1881C1716X,TE1A1B1C1D000X,1,1,1,1,1.4,1.4,1.4,1.8,0.0,0.0
7.88253,-1,3,367,0,E1A1917B1880C1716X,TE1A1B1C1D000X,1,1,1,1,1.4,1.4,1.4,1.8,0.0,0.0
7.89423,-2,2,367,0,E1A1919B1879C1716X,TE1A1B1C1D000X,1,1,1,1,1.4,1.4,1.4,1.8,0.0,0.0
7.90617,-2,2,367,0,E1A1920B1877C1716X,TE1A1B1C1D000X,1,1,1,1,1.4,1.4,1.4,1.8,0.0,0.0
7.91807,-2,2,367,0,E1A1921B1877C1716X,TE1A1B1C1D000X,1,1,1,1,1.4,1.4,1.4,1.8,0.0,0.0
7.9296,-2,2,367,0,E1A1921B1876C1716X,TE1A1B1C1D000X,1,1,1,1,1.4,1.4,1.4,1.8,0.0,0.0
7.94173,-2,2,368,0,E1A1922B1876C1716X,TE1A1B1C1D000X,1,1,1,1,1.4,1.4,1.4,1.8,0.0,0.0
7.96741,-2,2,367,0,E1A1922B1876C1716X,TE1A1B1C1D000X,1,1,1,1,1.4,1.4,1.4,1.8,0.0,0.0
7.97934,-2,2,367,0,E1A1923B1876C1716X,TE1A1B1C1D000X,1,1,1,1,1.4,1.4,1.4,1.8,0.0,0.0
8.00371,-2,1,367,0,E1A1923B1876C1716X,TE1A1B1C1D000X,1,1,1,1,1.4,1.4,1.4,1.8,0.0,0.0
8.01548,-2,1,368,0,E1A1924B1877C1716X,TE1A1B1C1D000X,1,1,1,1,1.4,1.4,1.4,1.8,0.0,0.0
8.0271,-2,1,368,0,E1A1924B1877C1716X,TE1A1B1C1D000X,1,1,1,1,1.4,1.4,1.4,1.8,0.0,0.0
8.03893,-2,1,369,0,E1A1924B1878C1716X,TE1A1B1C1D000X,1,1,1,1,1.4,1.4,1.4,1.8,0.0,0.0
8.05058,-1,1,368,0,E1A1925B1879C1716X,TE1A1B1C1D000X,1,1,1,1,1.4,1.4,1.4,1.8,0.0,0.0
8.06194,-1,1,368,0,E1A1925B1880C1716X,TE1A1B1C1D000X,1,1,1,1,1.4,1.4,1.4,1.8,0.0,0.0
8.09131,-1,1,368,0,E1A1925B1881C1721X,TE1A1B1C1D000X,1,1,1,1,1.4,1.4,1.4,1.8,0.0,0.0
8.10341,-1,1,368,0,E1A1925B1883C1720X,TE1A1B1C1D000X,1,1,1,1,1.4,1.4,1.4,1.8,0.0,0.0
8.11534,-1,0,368,0,E1A1925B1885C1720X,TE1A1B1C1D000X,1,1,1,1,1.4,1.4,1.4,1.8,0.0,0.0
8.12725,-1,0,368,0,E1A1925B1888C1719X,TE1A1B1C1D000X,1,1,1,1,1.4,1.4,1.4,1.8,0.0,0.0
8.13906,-1,0,368,0,E1A1925B1890C1719X,TE1A1B1C1D000X,1,1,1,1,1.4,1.4,1.4,1.8,0.0,0.0
8.15095,-1,0,368,0,E1A1925B1892C1718X,TE1A1B1C1D000X,1,1,1,1,1.4,1.4,1.4,1.8,0.0,0.0
8.16326,-1,0,368,0,E1A1925B1893C1718X,TE1A1B1C1D000X,1,1,1,1,1.4,1.4,1.4,1.8,0.0,0.0
8.17474,-1,0,367,0,E1A1925B1894C1718X,TE1A1B1C1D000X,1,1,1,1,1.4,1.4,1.4,1.8,0.0,0.0
8.18676,-1,0,367,0,E1A1925B1896C1718X,TE1A1B1C1D000X,1,1,1,1,1.4,1.4,1.4,1.8,0.0,0.0
8.19848,-1,0,367,0,E1A1925B1897C1717X,TE1A1B1C1D000X,1,1,1,1,1.4,1.4,1.4,1.8,0.0,0.0
8.21054,0,0,366,0,E1A1925B1898C1717X,TE1A1B1C1D000X,1,1,1,1,1.4,1.4,1.4,1.8,0.0,0.0
8.22235,0,0,366,0,E1A1925B1899C1717X,TE1A1B1C1D000X,1,1,1,1,1.4,1.4,1.4,1.8,0.0,0.0
8.23436,0,0,366,0,E1A1925B1900C1717X,TE1A1B1C1D000X,1,1,1,1,1.4,1.4,1.4,1.8,0.0,0.0
8.24635,0,0,366,0,E1A1925B1901C1718X,TE1A1B1C1D000X,1,1,1,1,1.4,1.4,1.4,1.8,0.0,0.0
8.25787,0,0,366,0,E1A1925B1901C1718X,TE1A1B1C1D000X,1,1,1,1,1.4,1.4,1.4,1.8,0.0,0.0
8.26972,0,0,366,0,E1A1925B1902C1718X,TE1A1B1C1D000X,1,1,1,1,1.4,1.4,1.4,1.8,0.0,0.0
8.2827,0,0,366,0,E1A1925B1902C1718X,TE1A1B1C1D000X,1,1,1,1,1.4,1.4,1.4,1.8,0.0,0.0
8.29445,0,0,366,0,E1A1925B1903C1718X,TE1A1B1C1D000X,1,1,1,1,1.4,1.4,1.4,1.8,0.0,0.0
8.30646,0,0,366,0,E1A1925B1903C1718X,TE1A1B1C1D000X,1,1,1,1,1.4,1.4,1.4,1.8,0.0,0.0
8.31834,0,0,366,0,E1A1925B1903C1719X,TE1A1B1C1D000X,1,1,1,1,1.4,1.4,1.4,1.8,0.0,0.0
8.32994,0,0,366,0,E1A1925B1904C1719X,TE1A1B1C1D000X,1,1,1,1,1.4,1.4,1.4,1.8,0.0,0.0
8.34203,0,0,366,0,E1A1925B1904C1719X,TE1A1B1C1D000X,1,1,1,1,1.4,1.4,1.4,1.8,0.0,0.0
8.3539,0,0,366,0,E1A1925B1904C1719X,TE1A1B1C1D000X,1,1,1,1,1.4,1.4,1.4,1.8,0.0,0.0
8.36572,0,0,366,0,E1A1925B1904C1718X,TE1A1B1C1D000X,1,1,1,1,1.4,1.4,1.4,1.8,0.0,0.0
8.37728,0,0,366,0,E1A1925B1905C1718X,TE1A1B1C1D000X,1,1,1,1,1.4,1.4,1.4,1.8,0.0,0.0
8.38933,0,0,366,0,E1A1925B1905C1717X,TE1A1B1C1D000X,1,1,1,1,1.4,1.4,1.4,1.8,0.0,0.0
8.40084,0,0,366,0,E1A1925B1905C1717X,TE1A1B1C1D000X,1,1,1,1,1.4,1.4,1.4,1.8,0.0,0.0
8.41284,0,0,366,0,E1A1925B1905C1717X,TE1A1B1C1D000X,1,1,1,1,1.4,1.4,1.4,1.8,0.0,0.0
8.4315,0,0,366,0,E1A1925B1905C1716X,TE1A1B1C1D000X,1,1,1,1,1.4,1.4,1.4,1.8,0.0,0.0
8.44357,0,0,366,0,E1A1926B1905C1716X,TE1A1B1C1D000X,1,1,1,1,1.4,1.4,1.4,1.8,0.0,0.0
8.45535,0,0,366,0,E1A1925B1905C1716X,TE1A1B1C1D000X,1,1,1,1,1.4,1.4,1.4,1.8,0.0,0.0
8.46671,0,0,366,0,E1A1925B1905C1716X,TE1A1B1C1D000X,1,1,1,1,1.4,1.4,1.4,1.8,0.0,0.0
8.47881,0,0,366,0,E1A1925B1905C1715X,TE1A1B1C1D000X,1,1,1,1,1.4,1.4,1.4,1.8,0.0,0.0
8.49098,0,0,366,0,E1A1925B1905C1715X,TE1A1B1C1D000X,1,1,1,1,1.4,1.4,1.4,1.8,0.0,0.0
8.5113,0,0,366,0,E1A1925B1905C1714X,TE1A1B1C1D000X,1,1,1,1,1.4,1.4,1.4,1.8,0.0,0.0
8.53154,0,0,367,0,E1A1925B1905C1714X,TE1A1B1C1D000X,1,1,1,1,1.4,1.4,1.4,1.8,0.0,0.0
8.5552,0,0,367,0,E1A1924B1905C1714X,TE1A1B1C1D000X,1,1,1,1,1.4,1.4,1.4,1.8,0.0,0.0
8.56759,0,0,367,0,E1A1924B1905C1714X,TE1A1B1C1D000X,1,1,1,1,1.4,1.4,1.4,1.8,0.0,0.0
8.57944,0,0,368,0,E1A1923B1905C1713X,TE1A1B1C1D000X,1,1,1,1,1.4,1.4,1.4,1.8,0.0,0.0
8.59953,0,0,368,0,E1A1923B1905C1713X,TE1A1B1C1D000X,1,1,1,1,1.4,1.4,1.4,1.8,0.0,0.0
8.62375,0,0,369,0,E1A1922B1905C1712X,TE1A1B1C1D000X,1,1,1,1,1.4,1.4,1.4,1.8,0.0,0.0
8.6358,0,0,369,0,E1A1921B1905C1712X,TE1A1B1C1D000X,1,1,1,1,1.4,1.4,1.4,1.8,0.0,0.0
8.6478,0,0,370,1,E1A1920B1905C1712X,TE1A1B1C1D000X,1,1,1,1,1.4,1.4,1.4,1.8,0.0,0.0
