timestamp,errXmm,errYmm,errZmm,TouchDetected,OutgoingPacket,IncomingPacket,Serial0Enabled,Serial0Open,Serial1Enabled,Serial1Open,kpx,kpy,kix,kiy,kdx,kdy
0.00116118,7,-7,416,0,E1A1885B1892C1651X,TE1A1B1C2D000X,1,1,1,1,1.4,1.4,1.0,1.0,0.0,0.0
0.0131987,6,-7,411,0,E1A1891B1892C1655X,TE1A1B1C2D000X,1,1,1,1,1.4,1.4,1.0,1.0,0.0,0.0
0.0254736,6,-7,418,0,E1A1891B1892C1655X,TE1A1B1C2D000X,1,1,1,1,1.4,1.4,1.0,1.0,0.0,0.0
0.038352,6,-7,418,0,E1A1891B1892C1655X,TE1A1B1C2D000X,1,1,1,1,1.4,1.4,1.0,1.0,0.0,0.0
0.0503603,6,-7,416,0,E1A1891B1892C1655X,TE1A1B1C2D000X,1,1,1,1,1.4,1.4,1.0,1.0,0.0,0.0
0.0637614,6,-7,415,0,E1A1891B1892C1654X,TE1A1B1C2D000X,1,1,1,1,1.4,1.4,1.0,1.0,0.0,0.0
0.0758386,6,-7,414,0,E1A1891B1892C1655X,TE1A1B1C2D000X,1,1,1,1,1.4,1.4,1.0,1.0,0.0,0.0
0.0903915,6,-7,414,0,E1A1891B1892C1655X,TE1A1B1C2D000X,1,1,1,1,1.4,1.4,1.0,1.0,0.0,0.0
0.103594,6,-7,413,0,E1A1892B1892C1656X,TE1A1B1C2D000X,1,1,1,1,1.4,1.4,1.0,1.0,0.0,0.0
0.115121,-136,-52,417,0,E1A1892B1169C1119X,TE1A1B1C2D000X,1,1,1,1,1.4,1.4,1.0,1.0,0.0,0.0
0.126972,-138,-53,423,0,E1A1892B1168C1120X,TE1A1B4C4D000X,1,1,1,1,1.4,1.4,1.0,1.0,0.0,0.0
0.138751,-138,-53,423,0,E1A1892B1163C1118X,TE1A1B4C4D000X,1,1,1,1,1.4,1.4,1.0,1.0,0.0,0.0
0.150501,-138,-53,423,0,E1A1892B1158C1115X,TE1A1B4C4D000X,1,1,1,1,1.4,1.4,1.0,1.0,0.0,0.0
0.162019,-139,-52,423,0,E1A1892B1143C1114X,TE1A1B4C4D000X,1,1,1,1,1.4,1.4,1.0,1.0,0.0,0.0
0.174616,-141,-51,421,0,E1A1892B1125C1109X,TE1A1B4C4D000X,1,1,1,1,1.4,1.4,1.0,1.0,0.0,0.0
0.186402,-143,-51,420,0,E1A1892B1106C1100X,TE1A1B4C4D000X,1,1,1,1,1.4,1.4,1.0,1.0,0.0,0.0
0.198345,-145,-51,419,0,E1A1892B1089C1091X,TE1A1B4C4D000X,1,1,1,1,1.4,1.4,1.0,1.0,0.0,0.0
0.222905,-146,-51,418,0,E1A1892B1077C1083X,TE1A1B4C4D000X,1,1,1,1,1.4,1.4,1.0,1.0,0.0,0.0
0.24258,-148,-52,417,0,E1A1892B1065C1074X,TE1A1B4C4D000X,1,1,1,1,1.4,1.4,1.0,1.0,0.0,0.0
0.254455,-149,-52,418,0,E1A1892B1054C1066X,TE1A1B4C4D000X,1,1,1,1,1.4,1.4,1.0,1.0,0.0,0.0
0.266414,-151,-52,418,0,E1A1892B1043C1059X,TE1A1B4C4D000X,1,1,1,1,1.4,1.4,1.0,1.0,0.0,0.0
0.27813,-152,-53,419,0,E1A1892B1034C1053X,TE1A1B4C4D000X,1,1,1,1,1.4,1.4,1.0,1.0,0.0,0.0
0.290804,-153,-53,419,0,E1A1892B1025C1047X,TE1A1B4C4D000X,1,1,1,1,1.4,1.4,1.0,1.0,0.0,0.0
0.302832,-153,-53,419,0,E1A1892B1017C1042X,TE1A1B4C4D000X,1,1,1,1,1.4,1.4,1.0,1.0,0.0,0.0
0.322566,-155,-53,420,0,E1A1892B1007C1038X,TE1A1B5C4D000X,1,1,1,1,1.4,1.4,1.0,1.0,0.0,0.0
0.355585,-156,-52,420,0,E1A1892B0994C1035X,TE1A1B5C4D000X,1,1,1,1,1.4,1.4,1.0,1.0,0.0,0.0
0.367492,-157,-52,421,0,E1A1892B0982C1032X,TE1A1B5C4D000X,1,1,1,1,1.4,1.4,1.0,1.0,0.0,0.0
0.391221,-159,-51,420,0,E1A1892B0967C1029X,TE1A1B5C4D000X,1,1,1,1,1.4,1.4,1.0,1.0,0.0,0.0
0.403342,-160,-50,419,0,E1A1892B0954C1026X,TE1A1B5C4D000X,1,1,1,1,1.4,1.4,1.0,1.0,0.0,0.0
0.414764,-160,-49,417,0,E1A1892B0940C1023X,TE1A1B5C4D000X,1,1,1,1,1.4,1.4,1.0,1.0,0.0,0.0
0.42629,-162,-49,417,0,E1A1892B0927C1019X,TE1A1B5C5D000X,1,1,1,1,1.4,1.4,1.0,1.0,0.0,0.0
0.438416,-162,-48,415,0,E1A1892B0914C1016X,TE1A1B5C5D000X,1,1,1,1,1.4,1.4,1.0,1.0,0.0,0.0
0.449917,-163,-48,415,0,E1A1892B0905C1013X,TE1A1B5C5D000X,1,1,1,1,1.4,1.4,1.0,1.0,0.0,0.0
0.470411,-163,-48,415,0,E1A1892B0897C1010X,TE1A1B5C5D000X,1,1,1,1,1.4,1.4,1.0,1.0,0.0,0.0
0.482033,-164,-47,415,0,E1A1892B0889C1007X,TE1A1B5C5D000X,1,1,1,1,1.4,1.4,1.0,1.0,0.0,0.0
0.493476,-164,-47,415,0,E1A1892B0882C1004X,TE1A1B5C5D000X,1,1,1,1,1.4,1.4,1.0,1.0,0.0,0.0
0.504462,-165,-47,417,0,E1A1892B0876C1001X,TE1A1B5C5D000X,1,1,1,1,1.4,1.4,1.0,1.0,0.0,0.0
0.517152,-165,-47,417,0,E1A1892B0870C0998X,TE1A1B5C5D000X,1,1,1,1,1.4,1.4,1.0,1.0,0.0,0.0
0.528529,-166,-48,418,0,E1A1892B0866C0995X,TE1A1B5C5D000X,1,1,1,1,1.4,1.4,1.0,1.0,0.0,0.0
0.540129,-165,-48,418,0,E1A1892B0864C0991X,TE1A1B5C5D000X,1,1,1,1,1.4,1.4,1.0,1.0,0.0,0.0
0.551901,-164,-48,418,0,E1A1892B0863C0988X,TE1A1B5C5D000X,1,1,1,1,1.4,1.4,1.0,1.0,0.0,0.0
0.56345,-163,-48,417,0,E1A1892B0863C0985X,TE1A1B5C5D000X,1,1,1,1,1.4,1.4,1.0,1.0,0.0,0.0
0.574681,-162,-48,418,0,E1A1892B0866C0983X,TE1A1B5C5D000X,1,1,1,1,1.4,1.4,1.0,1.0,0.0,0.0
0.586488,-161,-49,418,0,E1A1892B0869C0981X,TE1A1B5C5D000X,1,1,1,1,1.4,1.4,1.0,1.0,0.0,0.0
0.597989,-159,-49,418,0,E1A1892B0873C0978X,TE1A1B5C5D000X,1,1,1,1,1.4,1.4,1.0,1.0,0.0,0.0
0.61429,-157,-49,419,0,E1A1892B0880C0976X,TE1A1B5C5D000X,1,1,1,1,1.4,1.4,1.0,1.0,0.0,0.0
0.626221,-155,-50,419,0,E1A1892B0887C0974X,TE1A1B5C5D000X,1,1,1,1,1.4,1.4,1.0,1.0,0.0,0.0
0.638375,-153,-50,420,0,E1A1892B0895C0972X,TE1A1B5C5D000X,1,1,1,1,1.4,1.4,1.0,1.0,0.0,0.0
0.683072,-150,-51,420,0,E1A1892B0909C0970X,TE1A1B5C5D000X,1,1,1,1,1.4,1.4,1.0,1.0,0.0,0.0
0.706744,-146,-52,420,0,E1A1892B0925C0968X,TE1A1B5C5D000X,1,1,1,1,1.4,1.4,1.0,1.0,0.0,0.0
0.718992,-143,-53,421,0,E1A1892B0942C0966X,TE1A1B5C5D000X,1,1,1,1,1.4,1.4,1.0,1.0,0.0,0.0
0.730226,-139,-54,421,0,E1A1892B0958C0964X,TE1A1B5C5D000X,1,1,1,1,1.4,1.4,1.0,1.0,0.0,0.0
0.762377,-136,-56,423,0,E1A1892B0979C0962X,TE1A1B5C5D000X,1,1,1,1,1.4,1.4,1.0,1.0,0.0,0.0
0.775284,-132,-57,424,0,E1A1892B0999C0960X,TE1A1B5C5D000X,1,1,1,1,1.4,1.4,1.0,1.0,0.0,0.0
0.787616,-128,-58,424,0,E1A1892B1017C0957X,TE1A1B5C5D000X,1,1,1,1,1.4,1.4,1.0,1.0,0.0,0.0
0.806587,-124,-59,425,0,E1A1892B1037C0955X,TE1A1B5C5D000X,1,1,1,1,1.4,1.4,1.0,1.0,0.0,0.0
0.818175,-120,-60,425,0,E1A1892B1056C0953X,TE1A1B4C5D000X,1,1,1,1,1.4,1.4,1.0,1.0,0.0,0.0
0.830531,-116,-61,426,0,E1A1892B1074C0950X,TE1A1B4C5D000X,1,1,1,1,1.4,1.4,1.0,1.0,0.0,0.0
0.842665,-113,-62,425,0,E1A1892B1090C0947X,TE1A1B4C5D000X,1,1,1,1,1.4,1.4,1.0,1.0,0.0,0.0
0.874359,-108,-62,424,0,E1A1892B1108C0944X,TE1A1B4C5D000X,1,1,1,1,1.4,1.4,1.0,1.0,0.0,0.0
0.88663,-105,-63,424,0,E1A1892B1125C0942X,TE1A1B4C5D000X,1,1,1,1,1.4,1.4,1.0,1.0,0.0,0.0
0.898225,-101,-64,424,0,E1A1892B1142C0939X,TE1A1B4C5D000X,1,1,1,1,1.4,1.4,1.0,1.0,0.0,0.0
0.912046,-98,-65,425,0,E1A1892B1158C0937X,TE1A1B4C5D000X,1,1,1,1,1.4,1.4,1.0,1.0,0.0,0.0
0.926356,-94,-65,425,0,E1A1892B1173C0934X,TE1A1B4C5D000X,1,1,1,1,1.4,1.4,1.0,1.0,0.0,0.0
0.938773,-91,-66,424,0,E1A1892B1186C0931X,TE1A1B4C5D000X,1,1,1,1,1.4,1.4,1.0,1.0,0.0,0.0
0.950991,-88,-66,423,0,E1A1892B1199C0927X,TE1A1B4C5D000X,1,1,1,1,1.4,1.4,1.0,1.0,0.0,0.0
0.962407,-85,-67,423,0,E1A1892B1212C0924X,TE1A1B4C5D000X,1,1,1,1,1.4,1.4,1.0,1.0,0.0,0.0
0.974357,-83,-67,422,0,E1A1892B1224C0921X,TE1A1B4C5D000X,1,1,1,1,1.4,1.4,1.0,1.0,0.0,0.0
0.986319,-80,-68,423,0,E1A1892B1236C0918X,TE1A1B4C5D000X,1,1,1,1,1.4,1.4,1.0,1.0,0.0,0.0
0.998594,-77,-68,423,0,E1A1892B1248C0914X,TE1A1B4C5D000X,1,1,1,1,1.4,1.4,1.0,1.0,0.0,0.0
1.01046,-75,-69,424,0,E1A1892B1261C0911X,TE1A1B4C5D000X,1,1,1,1,1.4,1.4,1.0,1.0,0.0,0.0
1.02294,-73,-70,425,0,E1A1892B1273C0908X,TE1A1B4C5D000X,1,1,1,1,1.4,1.4,1.0,1.0,0.0,0.0
1.03453,-70,-70,424,0,E1A1892B1283C0903X,TE1A1B3C5D000X,1,1,1,1,1.4,1.4,1.0,1.0,0.0,0.0
1.06663,-68,-71,426,0,E1A1892B1298C0899X,TE1A1B3C5D000X,1,1,1,1,1.4,1.4,1.0,1.0,0.0,0.0
1.09324,-65,-72,426,0,E1A1892B1312C0894X,TE1A1B3C5D000X,1,1,1,1,1.4,1.4,1.0,1.0,0.0,0.0
1.10572,-62,-73,427,0,E1A1892B1326C0890X,TE1A1B3C5D000X,1,1,1,1,1.4,1.4,1.0,1.0,0.0,0.0
1.11786,-59,-74,428,0,E1A1892B1340C0885X,TE1A1B3C5D000X,1,1,1,1,1.4,1.4,1.0,1.0,0.0,0.0
1.1294,-57,-74,427,0,E1A1892B1352C0879X,TE1A1B3C5D000X,1,1,1,1,1.4,1.4,1.0,1.0,0.0,0.0
1.14157,-54,-75,427,0,E1A1892B1364C0873X,TE1A1B3C5D000X,1,1,1,1,1.4,1.4,1.0,1.0,0.0,0.0
1.15358,-52,-76,428,0,E1A1892B1376C0868X,TE1A1B3C5D000X,1,1,1,1,1.4,1.4,1.0,1.0,0.0,0.0
1.16518,-49,-76,427,0,E1A1892B1386C0862X,TE1A1B3C5D000X,1,1,1,1,1.4,1.4,1.0,1.0,0.0,0.0
1.17843,-47,-77,428,0,E1A1892B1398C0857X,TE1A1B3C5D000X,1,1,1,1,1.4,1.4,1.0,1.0,0.0,0.0
1.19372,-45,-78,429,0,E1A1892B1409C0851X,TE1A1B3C5D000X,1,1,1,1,1.4,1.4,1.0,1.0,0.0,0.0
1.2061,-42,-78,429,0,E1A1892B1421C0845X,TE1A1B3C5D000X,1,1,1,1,1.4,1.4,1.0,1.0,0.0,0.0
1.21807,-40,-79,429,0,E1A1892B1432C0840X,TE1A1B3C5D000X,1,1,1,1,1.4,1.4,1.0,1.0,0.0,0.0
1.2295,-37,-80,429,0,E1A1892B1443C0833X,TE1A1B3C5D000X,1,1,1,1,1.4,1.4,1.0,1.0,0.0,0.0
1.24667,-35,-80,430,0,E1A1892B1456C0827X,TE1A1B3C5D000X,1,1,1,1,1.4,1.4,1.0,1.0,0.0,0.0
1.25903,-32,-81,429,0,E1A1892B1467C0820X,TE1A1B3C5D000X,1,1,1,1,1.4,1.4,1.0,1.0,0.0,0.0
1.28275,-30,-82,430,0,E1A1892B1480C0813X,TE1A1B3C5D000X,1,1,1,1,1.4,1.4,1.0,1.0,0.0,0.0
1.29472,-27,-82,431,0,E1A1892B1493C0805X,TE1A1B2C5D000X,1,1,1,1,1.4,1.4,1.0,1.0,0.0,0.0
1.30695,-24,-83,431,0,E1A1892B1506C0798X,TE1A1B2C5D000X,1,1,1,1,1.4,1.4,1.0,1.0,0.0,0.0
1.31887,-22,-84,431,0,E1A1892B1518C0790X,TE1A1B2C5D000X,1,1,1,1,1.4,1.4,1.0,1.0,0.0,0.0
1.33073,-19,-84,431,0,E1A1892B1530C0783X,TE1A1B2C6D000X,1,1,1,1,1.4,1.4,1.0,1.0,0.0,0.0
1.34234,-17,-85,431,0,E1A1892B1541C0774X,TE1A1B2C6D000X,1,1,1,1,1.4,1.4,1.0,1.0,0.0,0.0
1.35439,-14,-85,431,0,E1A1892B1552C0766X,TE1A1B2C6D000X,1,1,1,1,1.4,1.4,1.0,1.0,0.0,0.0
1.36628,-12,-86,431,0,E1A1892B1563C0757X,TE1A1B2C6D000X,1,1,1,1,1.4,1.4,1.0,1.0,0.0,0.0
1.38248,-9,-86,428,0,E1A1892B1573C0747X,TE1A1B2C6D000X,1,1,1,1,1.4,1.4,1.0,1.0,0.0,0.0
1.40669,-7,-86,429,0,E1A1892B1585C0738X,TE1A1B2C6D000X,1,1,1,1,1.4,1.4,1.0,1.0,0.0,0.0
1.4305,-4,-87,428,0,E1A1892B1597C0727X,TE1A1B2C6D000X,1,1,1,1,1.4,1.4,1.0,1.0,0.0,0.0
1.46256,-1,-87,428,0,E1A1892B1611C0716X,TE1A1B2C6D000X,1,1,1,1,1.4,1.4,1.0,1.0,0.0,0.0
1.47516,1,-88,428,0,E1A1892B1624C0705X,TE1A1B2C6D000X,1,1,1,1,1.4,1.4,1.0,1.0,0.0,0.0
1.48655,3,-89,429,0,E1A1892B1637C0694X,TE1A1B2C6D000X,1,1,1,1,1.4,1.4,1.0,1.0,0.0,0.0
1.49872,6,-89,429,0,E1A1892B1649C0682X,TE1A1B2C6D000X,1,1,1,1,1.4,1.4,1.0,1.0,0.0,0.0
1.5104,8,-90,430,0,E1A1892B1661C0671X,TE1A1B2C6D000X,1,1,1,1,1.4,1.4,1.0,1.0,0.0,0.0
1.52195,11,-90,429,0,E1A1892B1671C0659X,TE1A1B2C6D000X,1,1,1,1,1.4,1.4,1.0,1.0,0.0,0.0
1.53424,13,-91,430,0,E1A1892B1681C0648X,TE1A1B2C6D000X,1,1,1,1,1.4,1.4,1.0,1.0,0.0,0.0
1.54567,15,-91,429,0,E1A1892B1690C0636X,TE1A1B2C6D000X,1,1,1,1,1.4,1.4,1.0,1.0,0.0,0.0
1.55728,17,-91,428,0,E1A1892B1698C0625X,TE1A1B2C6D000X,1,1,1,1,1.4,1.4,1.0,1.0,0.0,0.0
1.56936,18,-92,428,0,E1A1892B1706C0614X,TE1A1B2C6D000X,1,1,1,1,1.4,1.4,1.0,1.0,0.0,0.0
1.58057,20,-92,429,0,E1A1892B1714C0604X,TE1A1B2C6D000X,1,1,1,1,1.4,1.4,1.0,1.0,0.0,0.0
1.59264,22,-93,429,0,E1A1892B1722C0594X,TE1A1B2C6D000X,1,1,1,1,1.4,1.4,1.0,1.0,0.0,0.0
1.6052,23,-93,429,0,E1A1892B1729C0585X,TE1A1B1C6D000X,1,1,1,1,1.4,1.4,1.0,1.0,0.0,0.0
1.61693,24,-93,429,0,E1A1892B1735C0576X,TE1A1B1C6D000X,1,1,1,1,1.4,1.4,1.0,1.0,0.0,0.0
1.62865,25,-93,428,0,E1A1892B1740C0567X,TE1A1B1C6D000X,1,1,1,1,1.4,1.4,1.0,1.0,0.0,0.0
1.64014,26,-93,428,0,E1A1892B1746C0559X,TE1A1B1C6D000X,1,1,1,1,1.4,1.4,1.0,1.0,0.0,0.0
1.652,28,-92,428,0,E1A1892B1751C0551X,TE1A1B1C7D000X,1,1,1,1,1.4,1.4,1.0,1.0,0.0,0.0
1.66402,28,-92,428,0,E1A1892B1756C0544X,TE1A1B1C7D000X,1,1,1,1,1.4,1.4,1.0,1.0,0.0,0.0
1.67526,29,-92,428,0,E1A1892B1761C0539X,TE1A1B1C7D000X,1,1,1,1,1.4,1.4,1.0,1.0,0.0,0.0
1.68707,30,-92,428,0,E1A1892B1765C0533X,TE1A1B1C7D000X,1,1,1,1,1.4,1.4,1.0,1.0,0.0,0.0
1.69887,31,-92,427,0,E1A1892B1769C0527X,TE1A1B1C7D000X,1,1,1,1,1.4,1.4,1.0,1.0,0.0,0.0
1.7105,32,-91,427,0,E1A1892B1772C0522X,TE1A1B1C7D000X,1,1,1,1,1.4,1.4,1.0,1.0,0.0,0.0
1.7223,32,-91,428,0,E1A1892B1776C0518X,TE1A1B1C7D000X,1,1,1,1,1.4,1.4,1.0,1.0,0.0,0.0
1.73451,33,-91,429,0,E1A1892B1781C0515X,TE1A1B1C7D000X,1,1,1,1,1.4,1.4,1.0,1.0,0.0,0.0
1.74642,34,-90,428,0,E1A1892B1784C0512X,TE1A1B1C7D000X,1,1,1,1,1.4,1.4,1.0,1.0,0.0,0.0
1.7579,34,-89,427,0,E1A1892B1787C0508X,TE1A1B1C7D000X,1,1,1,1,1.4,1.4,1.0,1.0,0.0,0.0
1.76977,35,-89,427,0,E1A1892B1790C0506X,TE1A1B1C7D000X,1,1,1,1,1.4,1.4,1.0,1.0,0.0,0.0
1.78118,35,-88,426,0,E1A1892B1793C0504X,TE1A1B1C7D000X,1,1,1,1,1.4,1.4,1.0,1.0,0.0,0.0
1.81429,36,-86,425,0,E1A1892B1797C0505X,TE1A1B1C7D000X,1,1,1,1,1.4,1.4,1.0,1.0,0.0,0.0
1.82626,36,-85,426,0,E1A1892B1801C0506X,TE1A1B1C7D000X,1,1,1,1,1.4,1.4,1.0,1.0,0.0,0.0
1.83809,37,-84,424,0,E1A1892B1804C0507X,TE1A1B1C7D000X,1,1,1,1,1.4,1.4,1.0,1.0,0.0,0.0
1.84969,38,-83,424,0,E1A1892B1808C0510X,TE1A1B1C7D000X,1,1,1,1,1.4,1.4,1.0,1.0,0.0,0.0
1.86174,38,-81,424,0,E1A1892B1812C0514X,TE1A1B1C7D000X,1,1,1,1,1.4,1.4,1.0,1.0,0.0,0.0
1.87319,39,-79,423,0,E1A1892B1815C0518X,TE1A1B1C7D000X,1,1,1,1,1.4,1.4,1.0,1.0,0.0,0.0
1.88461,40,-78,423,0,E1A1892B1819C0524X,TE1A1B1C7D000X,1,1,1,1,1.4,1.4,1.0,1.0,0.0,0.0
1.89634,40,-76,422,0,E1A1892B1823C0529X,TE1A1B1C7D000X,1,1,1,1,1.4,1.4,1.0,1.0,0.0,0.0
1.90748,41,-74,422,0,E1A1892B1828C0537X,TE1A1B1C7D000X,1,1,1,1,1.4,1.4,1.0,1.0,0.0,0.0
1.92627,42,-71,420,0,E1A1892B1832C0547X,TE1A1B1C7D000X,1,1,1,1,1.4,1.4,1.0,1.0,0.0,0.0
1.9387,43,-68,419,0,E1A1892B1837C0558X,TE1A1B1C7D000X,1,1,1,1,1.4,1.4,1.0,1.0,0.0,0.0
1.95031,44,-65,417,0,E1A1892B1841C0569X,TE1A1B1C7D000X,1,1,1,1,1.4,1.4,1.0,1.0,0.0,0.0
1.96198,45,-63,416,0,E1A1892B1846C0583X,TE1A1B1C7D000X,1,1,1,1,1.4,1.4,1.0,1.0,0.0,0.0
1.9731,46,-60,416,0,E1A1892B1852C0597X,TE1A1B1C7D000X,1,1,1,1,1.4,1.4,1.0,1.0,0.0,0.0
1.98509,47,-57,415,0,E1A1892B1858C0611X,TE1A1B1C6D000X,1,1,1,1,1.4,1.4,1.0,1.0,0.0,0.0
1.9973,48,-54,415,0,E1A1892B1864C0625X,TE1A1B1C6D000X,1,1,1,1,1.4,1.4,1.0,1.0,0.0,0.0
2.00836,49,-51,414,0,E1A1892B1871C0639X,TE1A1B1C6D000X,1,1,1,1,1.4,1.4,1.0,1.0,0.0,0.0
2.0202,50,-48,413,0,E1A1892B1877C0653X,TE1A1B1C6D000X,1,1,1,1,1.4,1.4,1.0,1.0,0.0,0.0
2.03184,51,-46,412,0,E1A1892B1883C0667X,TE1A1B1C6D000X,1,1,1,1,1.4,1.4,1.0,1.0,0.0,0.0
2.07419,53,-42,410,0,E1A1892B1890C0686X,TE1A1B1C6D000X,1,1,1,1,1.4,1.4,1.0,1.0,0.0,0.0
2.08603,54,-38,409,0,E1A1892B1898C0706X,TE1A1B1C6D000X,1,1,1,1,1.4,1.4,1.0,1.0,0.0,0.0
2.09748,55,-35,408,0,E1A1892B1905C0725X,TE1A1B1C6D000X,1,1,1,1,1.4,1.4,1.0,1.0,0.0,0.0
2.10886,57,-31,408,0,E1A1918B1905C0760X,TE1A1B1C6D000X,1,1,1,1,1.4,1.4,1.0,1.0,0.0,0.0
2.12015,58,-28,407,0,E1A1911B1905C0792X,TE1A1B1C6D000X,1,1,1,1,1.4,1.4,1.0,1.0,0.0,0.0
2.13152,59,-25,405,0,E1A1904B1905C0822X,TE1A1B1C6D000X,1,1,1,1,1.4,1.4,1.0,1.0,0.0,0.0
2.14304,60,-22,404,0,E1A1897B1905C0850X,TE1A1B1C5D000X,1,1,1,1,1.4,1.4,1.0,1.0,0.0,0.0
2.15482,61,-19,402,0,E1A1891B1905C0877X,TE1A1B1C5D000X,1,1,1,1,1.4,1.4,1.0,1.0,0.0,0.0
2.16654,62,-17,401,0,E1A1884B1905C0904X,TE1A1B1C5D000X,1,1,1,1,1.4,1.4,1.0,1.0,0.0,0.0
2.17796,63,-14,401,0,E1A1876B1905C0932X,TE1A1B1C5D000X,1,1,1,1,1.4,1.4,1.0,1.0,0.0,0.0
2.18973,64,-12,400,0,E1A1870B1905C0956X,TE1A1B1C5D000X,1,1,1,1,1.4,1.4,1.0,1.0,0.0,0.0
2.20634,65,-9,399,0,E1A1862B1905C0985X,TE1A1B1C5D000X,1,1,1,1,1.4,1.4,1.0,1.0,0.0,0.0
2.21833,66,-6,398,0,E1A1855B1905C1011X,TE1A1B1C5D000X,1,1,1,1,1.4,1.4,1.0,1.0,0.0,0.0
2.23027,67,-4,399,0,E1A1847B1905C1038X,TE1A1B1C5D000X,1,1,1,1,1.4,1.4,1.0,1.0,0.0,0.0
2.24196,68,-2,398,0,E1A1840B1905C1062X,TE1A1B1C5D000X,1,1,1,1,1.4,1.4,1.0,1.0,0.0,0.0
2.26233,69,0,397,0,E1A1833B1905C1088X,TE1A1B1C4D000X,1,1,1,1,1.4,1.4,1.0,1.0,0.0,0.0
2.27429,70,2,397,0,E1A1825B1905C1113X,TE1A1B1C4D000X,1,1,1,1,1.4,1.4,1.0,1.0,0.0,0.0
2.28637,71,5,397,0,E1A1818B1905C1138X,TE1A1B1C4D000X,1,1,1,1,1.4,1.4,1.0,1.0,0.0,0.0
2.29837,72,7,396,0,E1A1811B1905C1161X,TE1A1B1C4D000X,1,1,1,1,1.4,1.4,1.0,1.0,0.0,0.0
2.31031,73,9,396,0,E1A1804B1905C1183X,TE1A1B1C4D000X,1,1,1,1,1.4,1.4,1.0,1.0,0.0,0.0
2.3226,73,11,396,0,E1A1797B1905C1205X,TE1A1B1C4D000X,1,1,1,1,1.4,1.4,1.0,1.0,0.0,0.0
2.33436,74,13,396,0,E1A1791B1905C1224X,TE1A1B1C4D000X,1,1,1,1,1.4,1.4,1.0,1.0,0.0,0.0
2.346,75,15,396,0,E1A1785B1905C1243X,TE1A1B1C4D000X,1,1,1,1,1.4,1.4,1.0,1.0,0.0,0.0
2.36637,75,17,395,0,E1A1780B1905C1260X,TE1A1B1C4D000X,1,1,1,1,1.4,1.4,1.0,1.0,0.0,0.0
2.37847,75,19,394,0,E1A1775B1905C1275X,TE1A1B1C3D000X,1,1,1,1,1.4,1.4,1.0,1.0,0.0,0.0
2.39029,75,20,392,0,E1A1771B1905C1289X,TE1A1B1C3D000X,1,1,1,1,1.4,1.4,1.0,1.0,0.0,0.0
2.40204,75,22,392,0,E1A1767B1905C1303X,TE1A1B1C3D000X,1,1,1,1,1.4,1.4,1.0,1.0,0.0,0.0
2.41366,75,23,390,0,E1A1763B1905C1316X,TE1A1B1C3D000X,1,1,1,1,1.4,1.4,1.0,1.0,0.0,0.0
2.43452,75,25,389,0,E1A1760B1905C1330X,TE1A1B1C3D000X,1,1,1,1,1.4,1.4,1.0,1.0,0.0,0.0
2.44647,74,26,388,0,E1A1757B1905C1343X,TE1A1B1C3D000X,1,1,1,1,1.4,1.4,1.0,1.0,0.0,0.0
2.45826,74,28,388,0,E1A1755B1905C1357X,TE1A1B1C3D000X,1,1,1,1,1.4,1.4,1.0,1.0,0.0,0.0
2.4698,74,29,388,0,E1A1752B1905C1370X,TE1A1B1C3D000X,1,1,1,1,1.4,1.4,1.0,1.0,0.0,0.0
2.4903,73,31,387,0,E1A1751B1905C1382X,TE1A1B1C3D000X,1,1,1,1,1.4,1.4,1.0,1.0,0.0,0.0
2.50217,73,32,386,0,E1A1749B1905C1395X,TE1A1B1C3D000X,1,1,1,1,1.4,1.4,1.0,1.0,0.0,0.0
2.51451,72,33,386,0,E1A1747B1905C1407X,TE1A1B1C3D000X,1,1,1,1,1.4,1.4,1.0,1.0,0.0,0.0
2.54696,72,35,386,0,E1A1745B1905C1420X,TE1A1B1C3D000X,1,1,1,1,1.4,1.4,1.0,1.0,0.0,0.0
2.55881,72,36,385,0,E1A1744B1905C1431X,TE1A1B1C3D000X,1,1,1,1,1.4,1.4,1.0,1.0,0.0,0.0
2.57068,71,37,384,0,E1A1741B1905C1442X,TE1A1B1C3D000X,1,1,1,1,1.4,1.4,1.0,1.0,0.0,0.0
2.58262,71,38,383,0,E1A1740B1905C1451X,TE1A1B1C3D000X,1,1,1,1,1.4,1.4,1.0,1.0,0.0,0.0
2.59434,70,39,383,0,E1A1738B1905C1460X,TE1A1B1C3D000X,1,1,1,1,1.4,1.4,1.0,1.0,0.0,0.0
2.60609,70,40,382,0,E1A1735B1905C1469X,TE1A1B1C3D000X,1,1,1,1,1.4,1.4,1.0,1.0,0.0,0.0
2.61791,69,41,381,0,E1A1733B1905C1476X,TE1A1B1C3D000X,1,1,1,1,1.4,1.4,1.0,1.0,0.0,0.0
2.62955,69,42,381,0,E1A1730B1905C1483X,TE1A1B1C3D000X,1,1,1,1,1.4,1.4,1.0,1.0,0.0,0.0
2.64109,69,42,380,0,E1A1727B1905C1488X,TE1A1B1C3D000X,1,1,1,1,1.4,1.4,1.0,1.0,0.0,0.0
2.65303,69,43,379,0,E1A1723B1905C1493X,TE1A1B1C2D000X,1,1,1,1,1.4,1.4,1.0,1.0,0.0,0.0
2.67043,69,43,379,0,E1A1717B1905C1499X,TE1A1B1C2D000X,1,1,1,1,1.4,1.4,1.0,1.0,0.0,0.0
2.68266,69,44,378,0,E1A1712B1905C1504X,TE1A1B1C2D000X,1,1,1,1,1.4,1.4,1.0,1.0,0.0,0.0
2.69491,69,45,378,0,E1A1705B1905C1509X,TE1A1B1C2D000X,1,1,1,1,1.4,1.4,1.0,1.0,0.0,0.0
2.70613,69,45,378,0,E1A1698B1905C1513X,TE1A1B1C2D000X,1,1,1,1,1.4,1.4,1.0,1.0,0.0,0.0
2.71779,69,46,378,0,E1A1691B1905C1516X,TE1A2B1C2D000X,1,1,1,1,1.4,1.4,1.0,1.0,0.0,0.0
2.729,70,46,378,0,E1A1682B1905C1520X,TE1A2B1C2D000X,1,1,1,1,1.4,1.4,1.0,1.0,0.0,0.0
2.74058,70,47,377,0,E1A1674B1905C1522X,TE1A2B1C2D000X,1,1,1,1,1.4,1.4,1.0,1.0,0.0,0.0
2.75236,70,47,377,0,E1A1665B1905C1525X,TE1A2B1C2D000X,1,1,1,1,1.4,1.4,1.0,1.0,0.0,0.0
2.77443,71,48,376,0,E1A1656B1905C1527X,TE1A2B1C2D000X,1,1,1,1,1.4,1.4,1.0,1.0,0.0,0.0
2.78635,71,48,376,0,E1A1646B1905C1529X,TE1A2B1C2D000X,1,1,1,1,1.4,1.4,1.0,1.0,0.0,0.0
2.79794,71,48,375,0,E1A1637B1905C1530X,TE1A2B1C2D000X,1,1,1,1,1.4,1.4,1.0,1.0,0.0,0.0
2.80929,72,49,375,0,E1A1627B1905C1531X,TE1A2B1C2D000X,1,1,1,1,1.4,1.4,1.0,1.0,0.0,0.0
2.82119,72,49,374,0,E1A1616B1905C1533X,TE1A2B1C2D000X,1,1,1,1,1.4,1.4,1.0,1.0,0.0,0.0
2.83277,73,50,374,0,E1A1605B1905C1534X,TE1A2B1C2D000X,1,1,1,1,1.4,1.4,1.0,1.0,0.0,0.0
2.85017,74,50,373,0,E1A1594B1905C1535X,TE1A2B1C2D000X,1,1,1,1,1.4,1.4,1.0,1.0,0.0,0.0
2.86282,74,50,373,0,E1A1583B1905C1535X,TE1A2B1C2D000X,1,1,1,1,1.4,1.4,1.0,1.0,0.0,0.0
2.87441,75,51,373,0,E1A1571B1905C1536X,TE1A2B1C2D000X,1,1,1,1,1.4,1.4,1.0,1.0,0.0,0.0
2.88676,75,51,372,0,E1A1561B1905C1536X,TE1A2B1C2D000X,1,1,1,1,1.4,1.4,1.0,1.0,0.0,0.0
2.90046,75,51,371,0,E1A1550B1905C1537X,TE1A2B1C2D000X,1,1,1,1,1.4,1.4,1.0,1.0,0.0,0.0
2.91203,76,52,371,0,E1A1539B1905C1537X,TE1A2B1C2D000X,1,1,1,1,1.4,1.4,1.0,1.0,0.0,0.0
2.92405,76,52,371,0,E1A1528B1905C1538X,TE1A2B1C2D000X,1,1,1,1,1.4,1.4,1.0,1.0,0.0,0.0
2.93583,77,52,371,0,E1A1518B1905C1539X,TE1A2B1C2D000X,1,1,1,1,1.4,1.4,1.0,1.0,0.0,0.0
2.94795,77,53,371,0,E1A1507B1905C1540X,TE1A2B1C2D000X,1,1,1,1,1.4,1.4,1.0,1.0,0.0,0.0
2.95919,77,53,371,0,E1A1498B1905C1541X,TE1A2B1C2D000X,1,1,1,1,1.4,1.4,1.0,1.0,0.0,0.0
2.97104,78,53,371,0,E1A1489B1905C1542X,TE1A2B1C2D000X,1,1,1,1,1.4,1.4,1.0,1.0,0.0,0.0
2.98252,78,53,370,0,E1A1480B1905C1543X,TE1A2B1C2D000X,1,1,1,1,1.4,1.4,1.0,1.0,0.0,0.0
2.99442,78,54,370,0,E1A1472B1905C1544X,TE1A2B1C2D000X,1,1,1,1,1.4,1.4,1.0,1.0,0.0,0.0
3.00642,78,54,370,0,E1A1463B1905C1546X,TE1A2B1C2D000X,1,1,1,1,1.4,1.4,1.0,1.0,0.0,0.0
3.01823,78,54,370,0,E1A1455B1905C1547X,TE1A3B1C2D000X,1,1,1,1,1.4,1.4,1.0,1.0,0.0,0.0
3.02996,78,55,370,0,E1A1446B1905C1549X,TE1A3B1C2D000X,1,1,1,1,1.4,1.4,1.0,1.0,0.0,0.0
3.04127,78,55,370,0,E1A1438B1905C1551X,TE1A3B1C2D000X,1,1,1,1,1.4,1.4,1.0,1.0,0.0,0.0
3.05314,78,55,370,0,E1A1429B1905C1552X,TE1A3B1C2D000X,1,1,1,1,1.4,1.4,1.0,1.0,0.0,0.0
3.06494,78,56,370,0,E1A1421B1905C1554X,TE1A3B1C2D000X,1,1,1,1,1.4,1.4,1.0,1.0,0.0,0.0
3.07644,78,56,370,0,E1A1413B1905C1556X,TE1A3B1C2D000X,1,1,1,1,1.4,1.4,1.0,1.0,0.0,0.0
3.09868,78,56,370,0,E1A1405B1905C1557X,TE1A3B1C2D000X,1,1,1,1,1.4,1.4,1.0,1.0,0.0,0.0
3.11074,78,56,370,0,E1A1396B1905C1558X,TE1A3B1C2D000X,1,1,1,1,1.4,1.4,1.0,1.0,0.0,0.0
3.12253,78,57,370,0,E1A1387B1905C1559X,TE1A3B1C2D000X,1,1,1,1,1.4,1.4,1.0,1.0,0.0,0.0
3.1345,79,57,370,0,E1A1378B1905C1560X,TE1A3B1C2D000X,1,1,1,1,1.4,1.4,1.0,1.0,0.0,0.0
3.14669,79,57,370,0,E1A1368B1905C1561X,TE1A3B1C2D000X,1,1,1,1,1.4,1.4,1.0,1.0,0.0,0.0
3.15833,79,57,370,0,E1A1358B1905C1561X,TE1A3B1C2D000X,1,1,1,1,1.4,1.4,1.0,1.0,0.0,0.0
3.17019,80,57,370,0,E1A1347B1905C1560X,TE1A3B1C2D000X,1,1,1,1,1.4,1.4,1.0,1.0,0.0,0.0
3.1815,80,57,370,0,E1A1338B1905C1559X,TE1A3B1C2D000X,1,1,1,1,1.4,1.4,1.0,1.0,0.0,0.0
3.19335,80,57,369,0,E1A1328B1905C1559X,TE1A3B1C2D000X,1,1,1,1,1.4,1.4,1.0,1.0,0.0,0.0
3.20519,81,58,369,0,E1A1317B1905C1559X,TE1A3B1C2D000X,1,1,1,1,1.4,1.4,1.0,1.0,0.0,0.0
3.21696,81,58,370,0,E1A1306B1905C1558X,TE1A3B1C2D000X,1,1,1,1,1.4,1.4,1.0,1.0,0.0,0.0
3.22865,82,58,370,0,E1A1296B1905C1557X,TE1A3B1C2D000X,1,1,1,1,1.4,1.4,1.0,1.0,0.0,0.0
3.24005,82,58,370,0,E1A1286B1905C1556X,TE1A3B1C2D000X,1,1,1,1,1.4,1.4,1.0,1.0,0.0,0.0
3.25178,82,58,369,0,E1A1278B1905C1555X,TE1A3B1C2D000X,1,1,1,1,1.4,1.4,1.0,1.0,0.0,0.0
3.26429,83,57,369,0,E1A1269B1905C1553X,TE1A3B1C2D000X,1,1,1,1,1.4,1.4,1.0,1.0,0.0,0.0
3.2756,83,57,368,0,E1A1261B1905C1552X,TE1A3B1C2D000X,1,1,1,1,1.4,1.4,1.0,1.0,0.0,0.0
3.2875,83,57,368,0,E1A1252B1905C1551X,TE1A3B1C2D000X,1,1,1,1,1.4,1.4,1.0,1.0,0.0,0.0
3.29922,83,57,368,0,E1A1244B1905C1550X,TE1A3B1C2D000X,1,1,1,1,1.4,1.4,1.0,1.0,0.0,0.0
3.31056,84,57,369,0,E1A1235B1905C1549X,TE1A4B1C2D000X,1,1,1,1,1.4,1.4,1.0,1.0,0.0,0.0
3.32249,84,57,368,0,E1A1226B1905C1548X,TE1A4B1C2D000X,1,1,1,1,1.4,1.4,1.0,1.0,0.0,0.0
3.3343,84,57,369,0,E1A1218B1905C1546X,TE1A4B1C2D000X,1,1,1,1,1.4,1.4,1.0,1.0,0.0,0.0
3.34603,85,57,369,0,E1A1211B1905C1545X,TE1A4B1C2D000X,1,1,1,1,1.4,1.4,1.0,1.0,0.0,0.0
3.35799,85,57,369,0,E1A1203B1905C1544X,TE1A4B1C2D000X,1,1,1,1,1.4,1.4,1.0,1.0,0.0,0.0
3.36982,85,56,369,0,E1A1197B1905C1543X,TE1A4B1C2D000X,1,1,1,1,1.4,1.4,1.0,1.0,0.0,0.0
3.38154,85,56,369,0,E1A1191B1905C1541X,TE1A4B1C2D000X,1,1,1,1,1.4,1.4,1.0,1.0,0.0,0.0
3.39309,85,56,369,0,E1A1183B1905C1541X,TE1A4B1C2D000X,1,1,1,1,1.4,1.4,1.0,1.0,0.0,0.0
3.40515,85,56,368,0,E1A1177B1905C1539X,TE1A4B1C2D000X,1,1,1,1,1.4,1.4,1.0,1.0,0.0,0.0
3.41708,85,55,368,0,E1A1172B1905C1537X,TE1A4B1C2D000X,1,1,1,1,1.4,1.4,1.0,1.0,0.0,0.0
3.42894,85,55,369,0,E1A1167B1905C1536X,TE1A4B1C2D000X,1,1,1,1,1.4,1.4,1.0,1.0,0.0,0.0
3.44013,85,55,369,0,E1A1161B1905C1535X,TE1A4B1C2D000X,1,1,1,1,1.4,1.4,1.0,1.0,0.0,0.0
3.4626,86,54,369,0,E1A1156B1905C1533X,TE1A4B1C2D000X,1,1,1,1,1.4,1.4,1.0,1.0,0.0,0.0
3.47452,86,54,369,0,E1A1152B1905C1531X,TE1A4B1C2D000X,1,1,1,1,1.4,1.4,1.0,1.0,0.0,0.0
3.48634,86,54,369,0,E1A1148B1905C1529X,TE1A4B1C2D000X,1,1,1,1,1.4,1.4,1.0,1.0,0.0,0.0
3.49817,86,53,369,0,E1A1145B1905C1527X,TE1A4B1C2D000X,1,1,1,1,1.4,1.4,1.0,1.0,0.0,0.0
3.50953,86,53,370,0,E1A1141B1905C1526X,TE1A4B1C2D000X,1,1,1,1,1.4,1.4,1.0,1.0,0.0,0.0
3.52117,85,52,369,0,E1A1138B1905C1524X,TE1A4B1C2D000X,1,1,1,1,1.4,1.4,1.0,1.0,0.0,0.0
3.53301,85,52,369,0,E1A1136B1905C1522X,TE1A4B1C2D000X,1,1,1,1,1.4,1.4,1.0,1.0,0.0,0.0
3.5447,85,52,370,0,E1A1135B1905C1522X,TE1A4B1C2D000X,1,1,1,1,1.4,1.4,1.0,1.0,0.0,0.0
3.55643,84,51,370,0,E1A1135B1905C1521X,TE1A4B1C2D000X,1,1,1,1,1.4,1.4,1.0,1.0,0.0,0.0
3.56817,84,51,371,0,E1A1135B1905C1521X,TE1A4B1C2D000X,1,1,1,1,1.4,1.4,1.0,1.0,0.0,0.0
3.58631,83,50,371,0,E1A1138B1905C1521X,TE1A4B1C2D000X,1,1,1,1,1.4,1.4,1.0,1.0,0.0,0.0
3.59862,82,50,371,0,E1A1141B1905C1521X,TE1A4B1C2D000X,1,1,1,1,1.4,1.4,1.0,1.0,0.0,0.0
3.60999,82,49,372,0,E1A1145B1905C1521X,TE1A4B1C2D000X,1,1,1,1,1.4,1.4,1.0,1.0,0.0,0.0
3.62201,81,49,372,0,E1A1148B1905C1522X,TE1A4B1C2D000X,1,1,1,1,1.4,1.4,1.0,1.0,0.0,0.0
3.63374,80,48,372,0,E1A1152B1905C1522X,TE1A4B1C2D000X,1,1,1,1,1.4,1.4,1.0,1.0,0.0,0.0
3.6453,79,47,373,0,E1A1157B1905C1521X,TE1A4B1C2D000X,1,1,1,1,1.4,1.4,1.0,1.0,0.0,0.0
3.657,78,47,373,0,E1A1162B1905C1521X,TE1A4B1C2D000X,1,1,1,1,1.4,1.4,1.0,1.0,0.0,0.0
3.66877,77,46,372,0,E1A1168B1905C1521X,TE1A4B1C2D000X,1,1,1,1,1.4,1.4,1.0,1.0,0.0,0.0
3.68046,76,45,372,0,E1A1174B1905C1521X,TE1A4B1C2D000X,1,1,1,1,1.4,1.4,1.0,1.0,0.0,0.0
3.69238,75,45,373,0,E1A1181B1905C1521X,TE1A4B1C2D000X,1,1,1,1,1.4,1.4,1.0,1.0,0.0,0.0
3.73028,73,44,374,0,E1A1193B1905C1520X,TE1A4B1C2D000X,1,1,1,1,1.4,1.4,1.0,1.0,0.0,0.0
3.74236,72,42,376,0,E1A1206B1905C1519X,TE1A4B1C2D000X,1,1,1,1,1.4,1.4,1.0,1.0,0.0,0.0
3.75453,71,41,377,0,E1A1219B1905C1519X,TE1A4B1C2D000X,1,1,1,1,1.4,1.4,1.0,1.0,0.0,0.0
3.76655,69,40,378,0,E1A1232B1905C1518X,TE1A4B1C2D000X,1,1,1,1,1.4,1.4,1.0,1.0,0.0,0.0
3.77841,68,39,378,0,E1A1245B1905C1516X,TE1A4B1C2D000X,1,1,1,1,1.4,1.4,1.0,1.0,0.0,0.0
3.79065,66,38,379,0,E1A1259B1905C1515X,TE1A4B1C2D000X,1,1,1,1,1.4,1.4,1.0,1.0,0.0,0.0
3.80243,65,36,380,0,E1A1272B1905C1514X,TE1A3B1C2D000X,1,1,1,1,1.4,1.4,1.0,1.0,0.0,0.0
3.81403,63,35,380,0,E1A1286B1905C1513X,TE1A3B1C2D000X,1,1,1,1,1.4,1.4,1.0,1.0,0.0,0.0
3.825,62,34,380,0,E1A1300B1905C1513X,TE1A3B1C2D000X,1,1,1,1,1.4,1.4,1.0,1.0,0.0,0.0
3.83679,60,33,381,0,E1A1313B1905C1512X,TE1A3B1C2D000X,1,1,1,1,1.4,1.4,1.0,1.0,0.0,0.0
3.84821,58,32,381,0,E1A1327B1905C1512X,TE1A3B1C2D000X,1,1,1,1,1.4,1.4,1.0,1.0,0.0,0.0
3.86676,56,31,382,0,E1A1342B1905C1512X,TE1A3B1C2D000X,1,1,1,1,1.4,1.4,1.0,1.0,0.0,0.0
3.87836,55,30,383,0,E1A1358B1905C1513X,TE1A3B1C2D000X,1,1,1,1,1.4,1.4,1.0,1.0,0.0,0.0
3.89027,53,29,384,0,E1A1373B1905C1514X,TE1A3B1C2D000X,1,1,1,1,1.4,1.4,1.0,1.0,0.0,0.0
3.90261,51,28,384,0,E1A1389B1905C1515X,TE1A3B1C2D000X,1,1,1,1,1.4,1.4,1.0,1.0,0.0,0.0
3.91424,49,27,385,0,E1A1405B1905C1516X,TE1A3B1C2D000X,1,1,1,1,1.4,1.4,1.0,1.0,0.0,0.0
3.93494,47,26,384,0,E1A1422B1905C1516X,TE1A3B1C2D000X,1,1,1,1,1.4,1.4,1.0,1.0,0.0,0.0
3.94807,45,25,385,0,E1A1440B1905C1516X,TE1A3B1C2D000X,1,1,1,1,1.4,1.4,1.0,1.0,0.0,0.0
3.95979,43,23,385,0,E1A1457B1905C1516X,TE1A3B1C2D000X,1,1,1,1,1.4,1.4,1.0,1.0,0.0,0.0
3.97145,41,22,386,0,E1A1475B1905C1517X,TE1A3B1C2D000X,1,1,1,1,1.4,1.4,1.0,1.0,0.0,0.0
3.99091,39,21,386,0,E1A1493B1905C1516X,TE1A3B1C2D000X,1,1,1,1,1.4,1.4,1.0,1.0,0.0,0.0
4.01425,36,20,387,0,E1A1514B1905C1515X,TE1A2B1C2D000X,1,1,1,1,1.4,1.4,1.0,1.0,0.0,0.0
4.02633,34,18,387,0,E1A1533B1905C1513X,TE1A2B1C2D000X,1,1,1,1,1.4,1.4,1.0,1.0,0.0,0.0
4.03846,32,17,388,0,E1A1552B1905C1511X,TE1A2B1C2D000X,1,1,1,1,1.4,1.4,1.0,1.0,0.0,0.0
4.04976,30,15,389,0,E1A1570B1905C1509X,TE1A2B1C2D000X,1,1,1,1,1.4,1.4,1.0,1.0,0.0,0.0
4.07014,28,14,390,0,E1A1589B1905C1507X,TE1A2B1C2D000X,1,1,1,1,1.4,1.4,1.0,1.0,0.0,0.0
4.08227,26,12,392,0,E1A1607B1905C1505X,TE1A2B1C2D000X,1,1,1,1,1.4,1.4,1.0,1.0,0.0,0.0
4.09444,24,11,393,0,E1A1625B1905C1504X,TE1A2B1C2D000X,1,1,1,1,1.4,1.4,1.0,1.0,0.0,0.0
4.10609,22,9,395,0,E1A1642B1905C1502X,TE1A2B1C2D000X,1,1,1,1,1.4,1.4,1.0,1.0,0.0,0.0
4.11759,20,8,396,0,E1A1658B1905C1500X,TE1A2B1C2D000X,1,1,1,1,1.4,1.4,1.0,1.0,0.0,0.0
4.13795,18,7,398,0,E1A1675B1905C1498X,TE1A2B1C2D000X,1,1,1,1,1.4,1.4,1.0,1.0,0.0,0.0
4.15029,16,6,399,0,E1A1691B1905C1496X,TE1A2B1C2D000X,1,1,1,1,1.4,1.4,1.0,1.0,0.0,0.0
4.16235,14,4,401,0,E1A1706B1905C1493X,TE1A2B1C2D000X,1,1,1,1,1.4,1.4,1.0,1.0,0.0,0.0
4.17429,13,3,402,0,E1A1720B1905C1490X,TE1A2B1C2D000X,1,1,1,1,1.4,1.4,1.0,1.0,0.0,0.0
4.18575,11,2,403,0,E1A1733B1905C1486X,TE1A1B1C2D000X,1,1,1,1,1.4,1.4,1.0,1.0,0.0,0.0
4.19772,9,1,404,0,E1A1769B1905C1527X,TE1A1B1C2D000X,1,1,1,1,1.4,1.4,1.0,1.0,0.0,0.0
4.20896,7,0,404,0,E1A1799B1905C1559X,TE1A1B1C2D000X,1,1,1,1,1.4,1.4,1.0,1.0,0.0,0.0
4.22059,6,0,404,0,E1A1826B1905C1584X,TE1A1B1C2D000X,1,1,1,1,1.4,1.4,1.0,1.0,0.0,0.0
4.23197,4,-1,404,0,E1A1849B1905C1603X,TE1A1B1C2D000X,1,1,1,1,1.4,1.4,1.0,1.0,0.0,0.0
4.24313,3,-3,404,0,E1A1868B1905C1616X,TE1A1B1C2D000X,1,1,1,1,1.4,1.4,1.0,1.0,0.0,0.0
4.25475,1,-4,403,0,E1A1884B1905C1624X,TE1A1B1C2D000X,1,1,1,1,1.4,1.4,1.0,1.0,0.0,0.0
4.26635,0,-5,404,0,E1A1898B1905C1628X,TE1A1B1C2D000X,1,1,1,1,1.4,1.4,1.0,1.0,0.0,0.0
4.27806,0,-6,404,0,E1A1909B1905C1627X,TE1A1B1C2D000X,1,1,1,1,1.4,1.4,1.0,1.0,0.0,0.0
4.28924,-1,-6,405,0,E1A1918B1905C1621X,TE1A1B1C2D000X,1,1,1,1,1.4,1.4,1.0,1.0,0.0,0.0
4.30609,-2,-8,405,0,E1A1918B1905C1611X,TE1A1B1C2D000X,1,1,1,1,1.4,1.4,1.0,1.0,0.0,0.0
4.31826,-3,-9,405,0,E1A1918B1897C1612X,TE1A1B1C2D000X,1,1,1,1,1.4,1.4,1.0,1.0,0.0,0.0
4.32992,-4,-10,402,0,E1A1918B1892C1604X,TE1A1B1C2D000X,1,1,1,1,1.4,1.4,1.0,1.0,0.0,0.0
4.34218,-5,-11,401,0,E1A1918B1887C1596X,TE1A1B1C2D000X,1,1,1,1,1.4,1.4,1.0,1.0,0.0,0.0
4.3543,-6,-12,401,0,E1A1918B1883C1587X,TE1A1B1C2D000X,1,1,1,1,1.4,1.4,1.0,1.0,0.0,0.0
4.36666,-7,-13,402,0,E1A1918B1879C1579X,TE1A1B1C2D000X,1,1,1,1,1.4,1.4,1.0,1.0,0.0,0.0
4.37804,-7,-13,402,0,E1A1918B1876C1570X,TE1A1B1C2D000X,1,1,1,1,1.4,1.4,1.0,1.0,0.0,0.0
4.38977,-8,-14,404,0,E1A1918B1872C1562X,TE1A1B1C2D000X,1,1,1,1,1.4,1.4,1.0,1.0,0.0,0.0
4.40126,-9,-15,404,0,E1A1918B1869C1554X,TE1A1B1C2D000X,1,1,1,1,1.4,1.4,1.0,1.0,0.0,0.0
4.41283,-9,-16,406,0,E1A1918B1866C1546X,TE1A1B1C2D000X,1,1,1,1,1.4,1.4,1.0,1.0,0.0,0.0
4.42401,-10,-17,406,0,E1A1918B1863C1539X,TE1A1B1C2D000X,1,1,1,1,1.4,1.4,1.0,1.0,0.0,0.0
4.4422,-10,-18,406,0,E1A1918B1861C1531X,TE1A1B1C2D000X,1,1,1,1,1.4,1.4,1.0,1.0,0.0,0.0
4.46635,-11,-18,406,0,E1A1918B1858C1522X,TE1A1B1C2D000X,1,1,1,1,1.4,1.4,1.0,1.0,0.0,0.0
4.49033,-11,-19,407,0,E1A1918B1856C1514X,TE1A1B1C2D000X,1,1,1,1,1.4,1.4,1.0,1.0,0.0,0.0
4.50232,-11,-20,407,0,E1A1918B1855C1505X,TE1A1B1C2D000X,1,1,1,1,1.4,1.4,1.0,1.0,0.0,0.0
4.51434,-12,-21,407,0,E1A1918B1853C1498X,TE1A1B1C2D000X,1,1,1,1,1.4,1.4,1.0,1.0,0.0,0.0
4.53454,-12,-21,408,0,E1A1918B1852C1491X,TE1A1B1C2D000X,1,1,1,1,1.4,1.4,1.0,1.0,0.0,0.0
4.54621,-12,-22,410,0,E1A1918B1852C1484X,TE1A1B1C2D000X,1,1,1,1,1.4,1.4,1.0,1.0,0.0,0.0
4.5585,-12,-23,411,0,E1A1918B1852C1478X,TE1A1B1C2D000X,1,1,1,1,1.4,1.4,1.0,1.0,0.0,0.0
4.57008,-12,-23,410,0,E1A1918B1852C1473X,TE1A1B1C3D000X,1,1,1,1,1.4,1.4,1.0,1.0,0.0,0.0
4.58166,-12,-23,410,0,E1A1918B1852C1468X,TE1A1B1C3D000X,1,1,1,1,1.4,1.4,1.0,1.0,0.0,0.0
4.59298,-11,-24,410,0,E1A1918B1852C1463X,TE1A1B1C3D000X,1,1,1,1,1.4,1.4,1.0,1.0,0.0,0.0
4.6145,-11,-24,409,0,E1A1918B1853C1459X,TE1A1B1C3D000X,1,1,1,1,1.4,1.4,1.0,1.0,0.0,0.0
4.62699,-11,-24,408,0,E1A1918B1853C1456X,TE1A1B1C3D000X,1,1,1,1,1.4,1.4,1.0,1.0,0.0,0.0
4.63868,-11,-24,407,0,E1A1918B1854C1452X,TE1A1B1C3D000X,1,1,1,1,1.4,1.4,1.0,1.0,0.0,0.0
4.65858,-11,-24,408,0,E1A1918B1855C1449X,TE1A1B1C3D000X,1,1,1,1,1.4,1.4,1.0,1.0,0.0,0.0
4.67261,-10,-24,408,0,E1A1918B1856C1446X,TE1A1B1C3D000X,1,1,1,1,1.4,1.4,1.0,1.0,0.0,0.0
4.68421,-10,-25,409,0,E1A1918B1856C1443X,TE1A1B1C3D000X,1,1,1,1,1.4,1.4,1.0,1.0,0.0,0.0
4.69581,-10,-25,409,0,E1A1918B1857C1441X,TE1A1B1C3D000X,1,1,1,1,1.4,1.4,1.0,1.0,0.0,0.0
4.71426,-10,-25,409,0,E1A1918B1858C1438X,TE1A1B1C3D000X,1,1,1,1,1.4,1.4,1.0,1.0,0.0,0.0
4.72654,-9,-25,410,0,E1A1918B1859C1436X,TE1A1B1C3D000X,1,1,1,1,1.4,1.4,1.0,1.0,0.0,0.0
4.7381,-9,-25,409,0,E1A1918B1859C1434X,TE1A1B1C3D000X,1,1,1,1,1.4,1.4,1.0,1.0,0.0,0.0
4.75039,-9,-25,409,0,E1A1918B1860C1431X,TE1A1B1C3D000X,1,1,1,1,1.4,1.4,1.0,1.0,0.0,0.0
4.76183,-9,-25,409,0,E1A1918B1860C1429X,TE1A1B1C3D000X,1,1,1,1,1.4,1.4,1.0,1.0,0.0,0.0
4.78213,-9,-25,409,0,E1A1918B1861C1427X,TE1A1B1C3D000X,1,1,1,1,1.4,1.4,1.0,1.0,0.0,0.0
4.79449,-9,-25,408,0,E1A1918B1861C1426X,TE1A1B1C3D000X,1,1,1,1,1.4,1.4,1.0,1.0,0.0,0.0
4.80664,-8,-25,409,0,E1A1918B1861C1424X,TE1A1B1C3D000X,1,1,1,1,1.4,1.4,1.0,1.0,0.0,0.0
4.82638,-8,-25,408,0,E1A1918B1862C1422X,TE1A1B1C3D000X,1,1,1,1,1.4,1.4,1.0,1.0,0.0,0.0
4.85037,-8,-25,408,0,E1A1918B1862C1420X,TE1A1B1C3D000X,1,1,1,1,1.4,1.4,1.0,1.0,0.0,0.0
4.86254,-8,-25,408,0,E1A1918B1862C1417X,TE1A1B1C3D000X,1,1,1,1,1.4,1.4,1.0,1.0,0.0,0.0
4.87454,-8,-25,409,0,E1A1918B1862C1415X,TE1A1B1C3D000X,1,1,1,1,1.4,1.4,1.0,1.0,0.0,0.0
4.88635,-8,-25,408,0,E1A1918B1862C1412X,TE1A1B1C3D000X,1,1,1,1,1.4,1.4,1.0,1.0,0.0,0.0
4.89758,-8,-25,408,0,E1A1918B1863C1409X,TE1A1B1C3D000X,1,1,1,1,1.4,1.4,1.0,1.0,0.0,0.0
4.90859,-8,-25,408,0,E1A1918B1863C1406X,TE1A1B1C3D000X,1,1,1,1,1.4,1.4,1.0,1.0,0.0,0.0
4.92023,-8,-25,408,0,E1A1918B1863C1404X,TE1A1B1C3D000X,1,1,1,1,1.4,1.4,1.0,1.0,0.0,0.0
4.93859,-8,-26,410,0,E1A1918B1863C1401X,TE1A1B1C3D000X,1,1,1,1,1.4,1.4,1.0,1.0,0.0,0.0
4.95238,-8,-26,410,0,E1A1918B1863C1399X,TE1A1B1C3D000X,1,1,1,1,1.4,1.4,1.0,1.0,0.0,0.0
4.96429,-7,-26,411,0,E1A1918B1863C1396X,TE1A1B1C3D000X,1,1,1,1,1.4,1.4,1.0,1.0,0.0,0.0
4.97516,-7,-26,410,0,E1A1918B1863C1394X,TE1A1B1C3D000X,1,1,1,1,1.4,1.4,1.0,1.0,0.0,0.0
4.9867,-7,-26,410,0,E1A1918B1863C1391X,TE1A1B1C3D000X,1,1,1,1,1.4,1.4,1.0,1.0,0.0,0.0
4.99839,-7,-26,410,0,E1A1918B1863C1389X,TE1A1B1C3D000X,1,1,1,1,1.4,1.4,1.0,1.0,0.0,0.0
5.00946,-7,-26,410,0,E1A1918B1862C1388X,TE1A1B1C3D000X,1,1,1,1,1.4,1.4,1.0,1.0,0.0,0.0
5.02108,-7,-26,410,0,E1A1918B1862C1386X,TE1A1B1C3D000X,1,1,1,1,1.4,1.4,1.0,1.0,0.0,0.0
5.03246,-7,-26,411,0,E1A1918B1862C1385X,TE1A1B1C3D000X,1,1,1,1,1.4,1.4,1.0,1.0,0.0,0.0
5.04344,-8,-26,411,0,E1A1918B1861C1384X,TE1A1B1C3D000X,1,1,1,1,1.4,1.4,1.0,1.0,0.0,0.0
5.05504,-8,-26,411,0,E1A1918B1861C1383X,TE1A1B1C3D000X,1,1,1,1,1.4,1.4,1.0,1.0,0.0,0.0
5.07434,-8,-26,410,0,E1A1918B1861C1382X,TE1A1B1C3D000X,1,1,1,1,1.4,1.4,1.0,1.0,0.0,0.0
5.08641,-8,-25,409,0,E1A1918B1860C1381X,TE1A1B1C3D000X,1,1,1,1,1.4,1.4,1.0,1.0,0.0,0.0
5.09864,-8,-25,409,0,E1A1918B1860C1380X,TE1A1B1C3D000X,1,1,1,1,1.4,1.4,1.0,1.0,0.0,0.0
5.12221,-7,-25,408,0,E1A1918B1860C1379X,TE1A1B1C3D000X,1,1,1,1,1.4,1.4,1.0,1.0,0.0,0.0
5.13383,-7,-25,408,0,E1A1918B1859C1378X,TE1A1B1C3D000X,1,1,1,1,1.4,1.4,1.0,1.0,0.0,0.0
5.14537,-7,-25,408,0,E1A1918B1859C1377X,TE1A1B1C3D000X,1,1,1,1,1.4,1.4,1.0,1.0,0.0,0.0
5.157,-7,-25,408,0,E1A1918B1859C1376X,TE1A1B1C3D000X,1,1,1,1,1.4,1.4,1.0,1.0,0.0,0.0
5.16851,-7,-25,408,0,E1A1918B1859C1375X,TE1A1B1C3D000X,1,1,1,1,1.4,1.4,1.0,1.0,0.0,0.0
5.18013,-7,-25,407,0,E1A1918B1859C1373X,TE1A1B1C3D000X,1,1,1,1,1.4,1.4,1.0,1.0,0.0,0.0
5.19135,-7,-25,406,0,E1A1918B1858C1372X,TE1A1B1C3D000X,1,1,1,1,1.4,1.4,1.0,1.0,0.0,0.0
5.20322,-7,-25,406,0,E1A1918B1858C1371X,TE1A1B1C3D000X,1,1,1,1,1.4,1.4,1.0,1.0,0.0,0.0
5.21481,-7,-25,406,0,E1A1918B1858C1369X,TE1A1B1C3D000X,1,1,1,1,1.4,1.4,1.0,1.0,0.0,0.0
5.22632,-7,-25,406,0,E1A1918B1858C1368X,TE1A1B1C3D000X,1,1,1,1,1.4,1.4,1.0,1.0,0.0,0.0
5.23808,-7,-25,405,0,E1A1918B1858C1366X,TE1A1B1C3D000X,1,1,1,1,1.4,1.4,1.0,1.0,0.0,0.0
5.25001,-7,-25,406,0,E1A1918B1858C1365X,TE1A1B1C3D000X,1,1,1,1,1.4,1.4,1.0,1.0,0.0,0.0
5.26133,-7,-25,407,0,E1A1918B1858C1364X,TE1A1B1C3D000X,1,1,1,1,1.4,1.4,1.0,1.0,0.0,0.0
5.27316,-7,-25,407,0,E1A1918B1858C1362X,TE1A1B1C3D000X,1,1,1,1,1.4,1.4,1.0,1.0,0.0,0.0
5.28476,-7,-25,407,0,E1A1918B1858C1360X,TE1A1B1C3D000X,1,1,1,1,1.4,1.4,1.0,1.0,0.0,0.0
5.29619,-7,-25,407,0,E1A1918B1858C1358X,TE1A1B1C3D000X,1,1,1,1,1.4,1.4,1.0,1.0,0.0,0.0
5.30727,-7,-25,407,0,E1A1918B1858C1357X,TE1A1B1C3D000X,1,1,1,1,1.4,1.4,1.0,1.0,0.0,0.0
5.31887,-7,-25,408,0,E1A1918B1858C1355X,TE1A1B1C3D000X,1,1,1,1,1.4,1.4,1.0,1.0,0.0,0.0
5.33109,-7,-25,409,0,E1A1918B1857C1354X,TE1A1B1C3D000X,1,1,1,1,1.4,1.4,1.0,1.0,0.0,0.0
5.34207,-7,-25,410,0,E1A1918B1857C1352X,TE1A1B1C3D000X,1,1,1,1,1.4,1.4,1.0,1.0,0.0,0.0
5.35397,-7,-25,409,0,E1A1918B1857C1350X,TE1A1B1C3D000X,1,1,1,1,1.4,1.4,1.0,1.0,0.0,0.0
5.36562,-7,-25,410,0,E1A1918B1857C1349X,TE1A1B1C3D000X,1,1,1,1,1.4,1.4,1.0,1.0,0.0,0.0
5.37682,-7,-25,410,0,E1A1918B1857C1348X,TE1A1B1C3D000X,1,1,1,1,1.4,1.4,1.0,1.0,0.0,0.0
5.38848,-7,-25,409,0,E1A1918B1856C1347X,TE1A1B1C3D000X,1,1,1,1,1.4,1.4,1.0,1.0,0.0,0.0
5.40002,-7,-25,409,0,E1A1918B1856C1345X,TE1A1B1C3D000X,1,1,1,1,1.4,1.4,1.0,1.0,0.0,0.0
5.41166,-7,-25,408,0,E1A1918B1856C1344X,TE1A1B1C3D000X,1,1,1,1,1.4,1.4,1.0,1.0,0.0,0.0
5.42297,-7,-25,408,0,E1A1918B1856C1342X,TE1A1B1C3D000X,1,1,1,1,1.4,1.4,1.0,1.0,0.0,0.0
5.4346,-7,-25,408,0,E1A1918B1856C1341X,TE1A1B1C3D000X,1,1,1,1,1.4,1.4,1.0,1.0,0.0,0.0
5.44592,-7,-24,407,0,E1A1918B1856C1339X,TE1A1B1C3D000X,1,1,1,1,1.4,1.4,1.0,1.0,0.0,0.0
5.45695,-7,-24,407,0,E1A1918B1856C1338X,TE1A1B1C3D000X,1,1,1,1,1.4,1.4,1.0,1.0,0.0,0.0
5.46846,-7,-24,407,0,E1A1918B1856C1336X,TE1A1B1C3D000X,1,1,1,1,1.4,1.4,1.0,1.0,0.0,0.0
5.48004,-7,-24,408,0,E1A1918B1856C1335X,TE1A1B1C3D000X,1,1,1,1,1.4,1.4,1.0,1.0,0.0,0.0
5.49116,-7,-24,408,0,E1A1918B1856C1334X,TE1A1B1C3D000X,1,1,1,1,1.4,1.4,1.0,1.0,0.0,0.0
5.50666,-6,-24,408,0,E1A1918B1856C1333X,TE1A1B1C3D000X,1,1,1,1,1.4,1.4,1.0,1.0,0.0,0.0
5.51858,-6,-24,409,0,E1A1918B1856C1333X,TE1A1B1C3D000X,1,1,1,1,1.4,1.4,1.0,1.0,0.0,0.0
5.52949,-6,-24,409,0,E1A1918B1856C1332X,TE1A1B1C3D000X,1,1,1,1,1.4,1.4,1.0,1.0,0.0,0.0
5.54112,-6,-24,409,0,E1A1918B1856C1331X,TE1A1B1C3D000X,1,1,1,1,1.4,1.4,1.0,1.0,0.0,0.0
5.56228,-6,-24,408,0,E1A1918B1856C1329X,TE1A1B1C3D000X,1,1,1,1,1.4,1.4,1.0,1.0,0.0,0.0
5.58242,-6,-24,409,0,E1A1918B1856C1328X,TE1A1B1C3D000X,1,1,1,1,1.4,1.4,1.0,1.0,0.0,0.0
5.59441,-6,-24,409,0,E1A1918B1856C1327X,TE1A1B1C3D000X,1,1,1,1,1.4,1.4,1.0,1.0,0.0,0.0
5.60658,-6,-24,410,0,E1A1918B1855C1326X,TE1A1B1C3D000X,1,1,1,1,1.4,1.4,1.0,1.0,0.0,0.0
5.6303,-7,-24,410,0,E1A1918B1855C1325X,TE1A1B1C3D000X,1,1,1,1,1.4,1.4,1.0,1.0,0.0,0.0
5.64183,-7,-24,410,0,E1A1918B1854C1324X,TE1A1B1C3D000X,1,1,1,1,1.4,1.4,1.0,1.0,0.0,0.0
5.65339,-7,-24,411,0,E1A1918B1854C1324X,TE1A1B1C3D000X,1,1,1,1,1.4,1.4,1.0,1.0,0.0,0.0
5.66486,-7,-24,411,0,E1A1918B1853C1324X,TE1A1B1C3D000X,1,1,1,1,1.4,1.4,1.0,1.0,0.0,0.0
5.67591,-7,-24,410,0,E1A1918B1853C1323X,TE1A1B1C3D000X,1,1,1,1,1.4,1.4,1.0,1.0,0.0,0.0
5.68747,-7,-24,410,0,E1A1918B1852C1322X,TE1A1B1C3D000X,1,1,1,1,1.4,1.4,1.0,1.0,0.0,0.0
5.69891,-7,-23,410,0,E1A1918B1852C1323X,TE1A1B1C3D000X,1,1,1,1,1.4,1.4,1.0,1.0,0.0,0.0
5.71164,-7,-23,410,0,E1A1918B1851C1323X,TE1A1B1C3D000X,1,1,1,1,1.4,1.4,1.0,1.0,0.0,0.0
5.72261,-7,-23,410,0,E1A1918B1851C1323X,TE1A1B1C3D000X,1,1,1,1,1.4,1.4,1.0,1.0,0.0,0.0
5.73435,-7,-23,410,0,E1A1918B1850C1323X,TE1A1B1C3D000X,1,1,1,1,1.4,1.4,1.0,1.0,0.0,0.0
5.74581,-7,-23,410,0,E1A1918B1849C1324X,TE1A1B1C3D000X,1,1,1,1,1.4,1.4,1.0,1.0,0.0,0.0
5.75712,-7,-22,409,0,E1A1918B1848C1325X,TE1A1B1C3D000X,1,1,1,1,1.4,1.4,1.0,1.0,0.0,0.0
5.76885,-7,-22,410,0,E1A1918B1847C1326X,TE1A1B1C3D000X,1,1,1,1,1.4,1.4,1.0,1.0,0.0,0.0
5.78055,-8,-22,410,0,E1A1918B1847C1327X,TE1A1B1C3D000X,1,1,1,1,1.4,1.4,1.0,1.0,0.0,0.0
5.7918,-8,-22,411,0,E1A1918B1846C1328X,TE1A1B1C3D000X,1,1,1,1,1.4,1.4,1.0,1.0,0.0,0.0
5.80529,-8,-22,411,0,E1A1918B1845C1328X,TE1A1B1C3D000X,1,1,1,1,1.4,1.4,1.0,1.0,0.0,0.0
5.81694,-8,-21,410,0,E1A1918B1844C1329X,TE1A1B1C3D000X,1,1,1,1,1.4,1.4,1.0,1.0,0.0,0.0
5.8285,-8,-21,409,0,E1A1918B1843C1329X,TE1A1B1C3D000X,1,1,1,1,1.4,1.4,1.0,1.0,0.0,0.0
5.8395,-8,-21,409,0,E1A1918B1842C1330X,TE1A1B1C3D000X,1,1,1,1,1.4,1.4,1.0,1.0,0.0,0.0
5.85109,-8,-21,409,0,E1A1918B1841C1331X,TE1A1B1C3D000X,1,1,1,1,1.4,1.4,1.0,1.0,0.0,0.0
5.86642,-8,-21,409,0,E1A1918B1840C1332X,TE1A1B1C3D000X,1,1,1,1,1.4,1.4,1.0,1.0,0.0,0.0
5.87822,-9,-20,409,0,E1A1918B1839C1332X,TE1A1B1C3D000X,1,1,1,1,1.4,1.4,1.0,1.0,0.0,0.0
5.89818,-9,-20,409,0,E1A1918B1838C1332X,TE1A1B1C3D000X,1,1,1,1,1.4,1.4,1.0,1.0,0.0,0.0
5.91232,-9,-20,408,0,E1A1918B1837C1331X,TE1A1B1C3D000X,1,1,1,1,1.4,1.4,1.0,1.0,0.0,0.0
5.93613,-9,-20,408,0,E1A1918B1836C1330X,TE1A1B1C3D000X,1,1,1,1,1.4,1.4,1.0,1.0,0.0,0.0
5.94783,-9,-20,409,0,E1A1918B1835C1329X,TE1A1B1C3D000X,1,1,1,1,1.4,1.4,1.0,1.0,0.0,0.0
5.95934,-9,-20,410,0,E1A1918B1835C1328X,TE1A1B1C3D000X,1,1,1,1,1.4,1.4,1.0,1.0,0.0,0.0
5.97096,-9,-20,410,0,E1A1918B1834C1326X,TE1A1B1C3D000X,1,1,1,1,1.4,1.4,1.0,1.0,0.0,0.0
5.98282,-9,-21,410,0,E1A1918B1834C1325X,TE1A1B1C3D000X,1,1,1,1,1.4,1.4,1.0,1.0,0.0,0.0
5.99436,-9,-21,409,0,E1A1918B1833C1322X,TE1A1B1C3D000X,1,1,1,1,1.4,1.4,1.0,1.0,0.0,0.0
6.00619,-9,-21,409,0,E1A1918B1833C1320X,TE1A1B1C3D000X,1,1,1,1,1.4,1.4,1.0,1.0,0.0,0.0
6.01776,-9,-21,408,0,E1A1918B1832C1317X,TE1A1B1C3D000X,1,1,1,1,1.4,1.4,1.0,1.0,0.0,0.0
6.02933,-9,-21,408,0,E1A1918B1832C1315X,TE1A1B1C3D000X,1,1,1,1,1.4,1.4,1.0,1.0,0.0,0.0
6.04063,-9,-21,408,0,E1A1918B1832C1313X,TE1A1B1C3D000X,1,1,1,1,1.4,1.4,1.0,1.0,0.0,0.0
6.05238,-9,-21,408,0,E1A1918B1832C1310X,TE1A1B1C3D000X,1,1,1,1,1.4,1.4,1.0,1.0,0.0,0.0
6.06522,-9,-21,407,0,E1A1918B1832C1307X,TE1A1B1C3D000X,1,1,1,1,1.4,1.4,1.0,1.0,0.0,0.0
6.07648,-9,-21,407,0,E1A1918B1832C1305X,TE1A1B1C3D000X,1,1,1,1,1.4,1.4,1.0,1.0,0.0,0.0
6.09058,-9,-21,407,0,E1A1918B1832C1302X,TE1A1B1C3D000X,1,1,1,1,1.4,1.4,1.0,1.0,0.0,0.0
6.10239,-9,-21,407,0,E1A1918B1831C1299X,TE1A1B1C3D000X,1,1,1,1,1.4,1.4,1.0,1.0,0.0,0.0
6.11598,-9,-22,407,0,E1A1918B1831C1297X,TE1A1B1C3D000X,1,1,1,1,1.4,1.4,1.0,1.0,0.0,0.0
6.12865,-9,-22,407,0,E1A1918B1831C1294X,TE1A1B1C3D000X,1,1,1,1,1.4,1.4,1.0,1.0,0.0,0.0
6.14045,-9,-22,408,0,E1A1918B1831C1292X,TE1A1B1C3D000X,1,1,1,1,1.4,1.4,1.0,1.0,0.0,0.0
6.17035,-9,-22,408,0,E1A1918B1831C1289X,TE1A1B1C3D000X,1,1,1,1,1.4,1.4,1.0,1.0,0.0,0.0
6.1944,-9,-22,408,0,E1A1918B1831C1285X,TE1A1B1C3D000X,1,1,1,1,1.4,1.4,1.0,1.0,0.0,0.0
6.20627,-9,-22,407,0,E1A1918B1831C1281X,TE1A1B1C3D000X,1,1,1,1,1.4,1.4,1.0,1.0,0.0,0.0
6.21788,-9,-23,408,0,E1A1918B1830C1278X,TE1A1B1C3D000X,1,1,1,1,1.4,1.4,1.0,1.0,0.0,0.0
6.22937,-9,-23,408,0,E1A1918B1830C1274X,TE1A1B1C3D000X,1,1,1,1,1.4,1.4,1.0,1.0,0.0,0.0
6.25025,-9,-23,408,0,E1A1918B1830C1270X,TE1A1B1C3D000X,1,1,1,1,1.4,1.4,1.0,1.0,0.0,0.0
6.26225,-9,-23,408,0,E1A1918B1829C1267X,TE1A1B1C3D000X,1,1,1,1,1.4,1.4,1.0,1.0,0.0,0.0
6.27429,-9,-24,407,0,E1A1918B1829C1263X,TE1A1B1C3D000X,1,1,1,1,1.4,1.4,1.0,1.0,0.0,0.0
6.2942,-9,-24,407,0,E1A1918B1828C1260X,TE1A1B1C3D000X,1,1,1,1,1.4,1.4,1.0,1.0,0.0,0.0
6.30629,-9,-24,407,0,E1A1918B1828C1256X,TE1A1B1C3D000X,1,1,1,1,1.4,1.4,1.0,1.0,0.0,0.0
6.3183,-9,-24,407,0,E1A1918B1827C1254X,TE1A1B1C3D000X,1,1,1,1,1.4,1.4,1.0,1.0,0.0,0.0
6.33003,-9,-24,408,0,E1A1918B1826C1251X,TE1A1B1C3D000X,1,1,1,1,1.4,1.4,1.0,1.0,0.0,0.0
6.35019,-9,-24,408,0,E1A1918B1826C1249X,TE1A1B1C4D000X,1,1,1,1,1.4,1.4,1.0,1.0,0.0,0.0
6.37449,-9,-25,407,0,E1A1918B1825C1246X,TE1A1B1C4D000X,1,1,1,1,1.4,1.4,1.0,1.0,0.0,0.0
6.38626,-9,-25,408,0,E1A1918B1824C1244X,TE1A1B1C4D000X,1,1,1,1,1.4,1.4,1.0,1.0,0.0,0.0
6.39853,-9,-25,408,0,E1A1918B1824C1242X,TE1A1B1C4D000X,1,1,1,1,1.4,1.4,1.0,1.0,0.0,0.0
6.40971,-10,-25,408,0,E1A1918B1823C1239X,TE1A1B1C4D000X,1,1,1,1,1.4,1.4,1.0,1.0,0.0,0.0
6.44243,-10,-25,408,0,E1A1918B1822C1237X,TE1A1B1C4D000X,1,1,1,1,1.4,1.4,1.0,1.0,0.0,0.0
6.4544,-10,-25,408,0,E1A1918B1822C1234X,TE1A1B1C4D000X,1,1,1,1,1.4,1.4,1.0,1.0,0.0,0.0
6.46629,-10,-25,407,0,E1A1918B1821C1231X,TE1A1B1C4D000X,1,1,1,1,1.4,1.4,1.0,1.0,0.0,0.0
6.48624,-10,-26,408,0,E1A1918B1821C1228X,TE1A1B1C4D000X,1,1,1,1,1.4,1.4,1.0,1.0,0.0,0.0
6.49837,-10,-26,408,0,E1A1918B1821C1225X,TE1A1B1C4D000X,1,1,1,1,1.4,1.4,1.0,1.0,0.0,0.0
6.53031,-10,-26,408,0,E1A1918B1820C1221X,TE1A1B1C4D000X,1,1,1,1,1.4,1.4,1.0,1.0,0.0,0.0
6.55427,-10,-26,407,0,E1A1918B1820C1218X,TE1A1B1C4D000X,1,1,1,1,1.4,1.4,1.0,1.0,0.0,0.0
6.56662,-10,-26,407,0,E1A1918B1819C1215X,TE1A1B1C4D000X,1,1,1,1,1.4,1.4,1.0,1.0,0.0,0.0
6.57836,-10,-26,408,0,E1A1918B1819C1213X,TE1A1B1C4D000X,1,1,1,1,1.4,1.4,1.0,1.0,0.0,0.0
6.59066,-10,-26,408,0,E1A1918B1818C1210X,TE1A1B1C4D000X,1,1,1,1,1.4,1.4,1.0,1.0,0.0,0.0
6.6025,-10,-27,408,0,E1A1918B1818C1208X,TE1A1B1C4D000X,1,1,1,1,1.4,1.4,1.0,1.0,0.0,0.0
6.614,-10,-27,409,0,E1A1918B1818C1206X,TE1A1B1C4D000X,1,1,1,1,1.4,1.4,1.0,1.0,0.0,0.0
6.62555,-10,-27,409,0,E1A1918B1817C1204X,TE1A1B1C4D000X,1,1,1,1,1.4,1.4,1.0,1.0,0.0,0.0
6.63718,-10,-27,410,0,E1A1918B1817C1202X,TE1A1B1C4D000X,1,1,1,1,1.4,1.4,1.0,1.0,0.0,0.0
6.64875,-10,-27,410,0,E1A1918B1817C1201X,TE1A1B1C4D000X,1,1,1,1,1.4,1.4,1.0,1.0,0.0,0.0
6.66611,-10,-27,411,0,E1A1918B1816C1199X,TE1A1B1C4D000X,1,1,1,1,1.4,1.4,1.0,1.0,0.0,0.0
6.67845,-10,-27,411,0,E1A1918B1815C1198X,TE1A1B1C4D000X,1,1,1,1,1.4,1.4,1.0,1.0,0.0,0.0
6.71437,-10,-27,411,0,E1A1918B1815C1197X,TE1A1B1C4D000X,1,1,1,1,1.4,1.4,1.0,1.0,0.0,0.0
6.72604,-10,-27,411,0,E1A1918B1815C1195X,TE1A1B1C4D000X,1,1,1,1,1.4,1.4,1.0,1.0,0.0,0.0
6.73774,-10,-27,410,0,E1A1918B1815C1193X,TE1A1B1C4D000X,1,1,1,1,1.4,1.4,1.0,1.0,0.0,0.0
6.74918,-10,-27,410,0,E1A1918B1814C1192X,TE1A1B1C4D000X,1,1,1,1,1.4,1.4,1.0,1.0,0.0,0.0
6.76075,-10,-27,411,0,E1A1918B1814C1190X,TE1A1B1C4D000X,1,1,1,1,1.4,1.4,1.0,1.0,0.0,0.0
6.77232,-10,-27,411,0,E1A1918B1814C1188X,TE1A1B1C4D000X,1,1,1,1,1.4,1.4,1.0,1.0,0.0,0.0
6.81438,-10,-27,411,1,E1A1918B1814C1185X,TE1A1B1C4D000X,1,1,1,1,1.4,1.4,1.0,1.0,0.0,0.0
