timestamp,errXmm,errYmm,errZmm,TouchDetected,OutgoingPacket,IncomingPacket,Serial0Enabled,Serial0Open,Serial1Enabled,Serial1Open,kpx,kpy,kix,kiy,kdx,kdy
0.0010101,26,1,681,0,E1A1758B1946C1869X,TE1A1B0C1D000X,1,1,1,1,2.0,2.0,2.0,1.0,0.0,0.0
0.0136985,26,1,681,0,E1A1758B1946C1869X,TE1A1B0C1D000X,1,1,1,1,2.0,2.0,2.0,1.0,0.0,0.0
0.0270683,25,1,672,0,E1A1758B1946C1868X,TE1A1B0C1D000X,1,1,1,1,2.0,2.0,2.0,1.0,0.0,0.0
0.0403973,25,1,669,0,E1A1757B1946C1868X,TE1A1B0C1D000X,1,1,1,1,2.0,2.0,2.0,1.0,0.0,0.0
0.0530014,25,1,668,0,E1A1754B1946C1868X,TE1A1B0C1D000X,1,1,1,1,2.0,2.0,2.0,1.0,0.0,0.0
0.0661977,25,1,663,0,E1A1753B1946C1868X,TE1A1B0C1D000X,1,1,1,1,2.0,2.0,2.0,1.0,0.0,0.0
0.0786943,25,1,667,0,E1A1750B1946C1868X,TE1A1B0C1D000X,1,1,1,1,2.0,2.0,2.0,1.0,0.0,0.0
0.0911887,25,2,665,0,E1A1745B1946C1868X,TE1A1B0C1D000X,1,1,1,1,2.0,2.0,2.0,1.0,0.0,0.0
0.104107,25,2,668,0,E1A1741B1946C1867X,TE1A1B0C1D000X,1,1,1,1,2.0,2.0,2.0,1.0,0.0,0.0
0.119188,26,2,670,0,E1A1737B1946C1866X,TE1A1B0C1D000X,1,1,1,1,2.0,2.0,2.0,1.0,0.0,0.0
0.134882,15,9,669,0,E1A1757B1946C1918X,TE1A1B0C1D000X,1,1,1,1,2.0,2.0,2.0,1.0,0.0,0.0
0.150022,5,16,668,0,E1A1807B1903C1918X,TE1A1B0C1D000X,1,1,1,1,2.0,2.0,2.0,1.0,0.0,0.0
0.164148,-2,22,667,0,E1A1829B1847C1918X,TE1A1B1C1D000X,1,1,1,1,2.0,2.0,2.0,1.0,0.0,0.0
0.176638,-9,27,670,0,E1A1836B1788C1918X,TE1A1B1C1D000X,1,1,1,1,2.0,2.0,2.0,1.0,0.0,0.0
0.189226,-15,31,668,0,E1A1838B1733C1918X,TE1A1B1C1D000X,1,1,1,1,2.0,2.0,2.0,1.0,0.0,0.0
0.202005,-20,34,671,0,E1A1839B1684C1918X,TE1A1B1C1D000X,1,1,1,1,2.0,2.0,2.0,1.0,0.0,0.0
0.214367,-24,37,672,0,E1A1839B1641C1918X,TE1A1B2C1D000X,1,1,1,1,2.0,2.0,2.0,1.0,0.0,0.0
0.226824,-28,40,671,0,E1A1840B1604C1918X,TE1A1B2C1D000X,1,1,1,1,2.0,2.0,2.0,1.0,0.0,0.0
0.240087,-30,42,670,0,E1A1840B1572C1918X,TE1A1B2C1D000X,1,1,1,1,2.0,2.0,2.0,1.0,0.0,0.0
0.252693,-33,44,668,0,E1A1839B1544C1918X,TE1A1B2C1D000X,1,1,1,1,2.0,2.0,2.0,1.0,0.0,0.0
0.265603,-35,45,668,0,E1A1839B1518C1918X,TE1A1B2C1D000X,1,1,1,1,2.0,2.0,2.0,1.0,0.0,0.0
0.277953,-37,47,670,0,E1A1840B1494C1918X,TE1A1B2C1D000X,1,1,1,1,2.0,2.0,2.0,1.0,0.0,0.0
0.290746,-39,48,671,0,E1A1841B1471C1918X,TE1A1B2C1D000X,1,1,1,1,2.0,2.0,2.0,1.0,0.0,0.0
0.30378,-41,49,673,0,E1A1841B1451C1918X,TE1A1B3C1D000X,1,1,1,1,2.0,2.0,2.0,1.0,0.0,0.0
0.316425,-42,50,671,0,E1A1842B1432C1918X,TE1A1B3C1D000X,1,1,1,1,2.0,2.0,2.0,1.0,0.0,0.0
0.328731,-44,51,673,0,E1A1844B1415C1918X,TE1A1B3C1D000X,1,1,1,1,2.0,2.0,2.0,1.0,0.0,0.0
0.341855,-45,52,674,0,E1A1845B1401C1918X,TE1A1B3C1D000X,1,1,1,1,2.0,2.0,2.0,1.0,0.0,0.0
0.35431,-46,52,673,0,E1A1846B1388C1918X,TE1A1B3C1D000X,1,1,1,1,2.0,2.0,2.0,1.0,0.0,0.0
0.367338,-47,52,674,0,E1A1848B1377C1918X,TE1A1B3C1D000X,1,1,1,1,2.0,2.0,2.0,1.0,0.0,0.0
0.379678,-47,52,675,0,E1A1850B1369C1918X,TE1A1B3C1D000X,1,1,1,1,2.0,2.0,2.0,1.0,0.0,0.0
0.392241,-47,52,674,0,E1A1851B1363C1918X,TE1A1B3C1D000X,1,1,1,1,2.0,2.0,2.0,1.0,0.0,0.0
0.405489,-47,51,670,0,E1A1852B1357C1918X,TE1A1B3C1D000X,1,1,1,1,2.0,2.0,2.0,1.0,0.0,0.0
0.418354,-47,51,669,0,E1A1854B1355C1918X,TE1A1B3C1D000X,1,1,1,1,2.0,2.0,2.0,1.0,0.0,0.0
0.434203,-47,51,668,0,E1A1855B1353C1918X,TE1A1B3C1D000X,1,1,1,1,2.0,2.0,2.0,1.0,0.0,0.0
0.446596,-46,50,667,0,E1A1855B1351C1918X,TE1A1B3C1D000X,1,1,1,1,2.0,2.0,2.0,1.0,0.0,0.0
0.45919,-46,50,669,0,E1A1857B1351C1918X,TE1A1B3C1D000X,1,1,1,1,2.0,2.0,2.0,1.0,0.0,0.0
0.472203,-46,49,670,0,E1A1858B1351C1918X,TE1A1B3C1D000X,1,1,1,1,2.0,2.0,2.0,1.0,0.0,0.0
0.484536,-45,49,670,0,E1A1858B1352C1918X,TE1A1B3C1D000X,1,1,1,1,2.0,2.0,2.0,1.0,0.0,0.0
0.497289,-45,48,668,0,E1A1859B1353C1918X,TE1A1B3C1D000X,1,1,1,1,2.0,2.0,2.0,1.0,0.0,0.0
0.510078,-44,48,667,0,E1A1860B1353C1918X,TE1A1B3C1D000X,1,1,1,1,2.0,2.0,2.0,1.0,0.0,0.0
0.523078,-44,47,666,0,E1A1861B1354C1918X,TE1A1B3C1D000X,1,1,1,1,2.0,2.0,2.0,1.0,0.0,0.0
0.535897,-43,47,666,0,E1A1862B1355C1918X,TE1A1B3C1D000X,1,1,1,1,2.0,2.0,2.0,1.0,0.0,0.0
0.557852,-43,46,665,0,E1A1862B1355C1918X,TE1A1B3C1D000X,1,1,1,1,2.0,2.0,2.0,1.0,0.0,0.0
0.57075,-42,46,667,0,E1A1863B1356C1918X,TE1A1B3C1D000X,1,1,1,1,2.0,2.0,2.0,1.0,0.0,0.0
0.584518,-42,45,668,0,E1A1864B1359C1918X,TE1A1B3C1D000X,1,1,1,1,2.0,2.0,2.0,1.0,0.0,0.0
0.604553,-41,45,670,0,E1A1864B1361C1918X,TE1A1B3C1D000X,1,1,1,1,2.0,2.0,2.0,1.0,0.0,0.0
0.617036,-41,45,671,0,E1A1865B1362C1918X,TE1A1B3C1D000X,1,1,1,1,2.0,2.0,2.0,1.0,0.0,0.0
0.631099,-40,44,670,0,E1A1866B1364C1918X,TE1A1B3C1D000X,1,1,1,1,2.0,2.0,2.0,1.0,0.0,0.0
0.643666,-40,44,670,0,E1A1866B1365C1918X,TE1A1B3C1D000X,1,1,1,1,2.0,2.0,2.0,1.0,0.0,0.0
0.656455,-39,43,669,0,E1A1866B1367C1918X,TE1A1B3C1D000X,1,1,1,1,2.0,2.0,2.0,1.0,0.0,0.0
0.66969,-39,43,668,0,E1A1867B1368C1918X,TE1A1B3C1D000X,1,1,1,1,2.0,2.0,2.0,1.0,0.0,0.0
0.682091,-38,42,667,0,E1A1867B1370C1918X,TE1A1B3C1D000X,1,1,1,1,2.0,2.0,2.0,1.0,0.0,0.0
0.695838,-37,42,667,0,E1A1867B1371C1918X,TE1A1B3C1D000X,1,1,1,1,2.0,2.0,2.0,1.0,0.0,0.0
0.708486,-37,42,668,0,E1A1867B1373C1918X,TE1A1B3C1D000X,1,1,1,1,2.0,2.0,2.0,1.0,0.0,0.0
0.725875,-37,41,668,0,E1A1867B1374C1918X,TE1A1B3C1D000X,1,1,1,1,2.0,2.0,2.0,1.0,0.0,0.0
0.738936,-36,41,669,0,E1A1867B1375C1918X,TE1A1B3C1D000X,1,1,1,1,2.0,2.0,2.0,1.0,0.0,0.0
0.751383,-36,41,671,0,E1A1867B1376C1918X,TE1A1B3C1D000X,1,1,1,1,2.0,2.0,2.0,1.0,0.0,0.0
0.770521,-35,41,670,0,E1A1867B1377C1918X,TE1A1B3C1D000X,1,1,1,1,2.0,2.0,2.0,1.0,0.0,0.0
0.783429,-35,40,669,0,E1A1867B1378C1918X,TE1A1B3C1D000X,1,1,1,1,2.0,2.0,2.0,1.0,0.0,0.0
0.796178,-34,40,669,0,E1A1868B1379C1918X,TE1A1B3C1D000X,1,1,1,1,2.0,2.0,2.0,1.0,0.0,0.0
0.817845,-34,40,668,0,E1A1868B1380C1918X,TE1A1B3C1D000X,1,1,1,1,2.0,2.0,2.0,1.0,0.0,0.0
0.830314,-33,39,667,0,E1A1869B1381C1918X,TE1A1B3C1D000X,1,1,1,1,2.0,2.0,2.0,1.0,0.0,0.0
0.842673,-33,39,669,0,E1A1869B1384C1918X,TE1A1B3C1D000X,1,1,1,1,2.0,2.0,2.0,1.0,0.0,0.0
0.855565,-33,38,670,0,E1A1870B1385C1918X,TE1A1B3C1D000X,1,1,1,1,2.0,2.0,2.0,1.0,0.0,0.0
0.874065,-33,38,670,0,E1A1870B1385C1918X,TE1A1B3C1D000X,1,1,1,1,2.0,2.0,2.0,1.0,0.0,0.0
0.886375,-32,37,669,0,E1A1872B1387C1918X,TE1A1B3C1D000X,1,1,1,1,2.0,2.0,2.0,1.0,0.0,0.0
0.899437,-32,37,671,0,E1A1873B1389C1918X,TE1A1B3C1D000X,1,1,1,1,2.0,2.0,2.0,1.0,0.0,0.0
0.912028,-31,36,672,0,E1A1875B1391C1918X,TE1A1B3C1D000X,1,1,1,1,2.0,2.0,2.0,1.0,0.0,0.0
0.924716,-31,36,673,0,E1A1877B1392C1918X,TE1A1B3C1D000X,1,1,1,1,2.0,2.0,2.0,1.0,0.0,0.0
0.93789,-31,35,674,0,E1A1879B1393C1918X,TE1A1B3C1D000X,1,1,1,1,2.0,2.0,2.0,1.0,0.0,0.0
0.950453,-31,34,673,0,E1A1882B1394C1918X,TE1A1B3C1D000X,1,1,1,1,2.0,2.0,2.0,1.0,0.0,0.0
0.963307,-30,33,672,0,E1A1884B1394C1918X,TE1A1B3C1D000X,1,1,1,1,2.0,2.0,2.0,1.0,0.0,0.0
0.975807,-30,32,671,0,E1A1886B1394C1918X,TE1A1B3C1D000X,1,1,1,1,2.0,2.0,2.0,1.0,0.0,0.0
0.988666,-30,32,670,0,E1A1889B1394C1918X,TE1A1B3C1D000X,1,1,1,1,2.0,2.0,2.0,1.0,0.0,0.0
1.00145,-30,31,668,0,E1A1892B1394C1918X,TE1A1B3C1D000X,1,1,1,1,2.0,2.0,2.0,1.0,0.0,0.0
1.01397,-29,30,667,0,E1A1895B1394C1918X,TE1A1B3C1D000X,1,1,1,1,2.0,2.0,2.0,1.0,0.0,0.0
1.02646,-29,29,665,0,E1A1898B1394C1918X,TE1A1B3C1D000X,1,1,1,1,2.0,2.0,2.0,1.0,0.0,0.0
1.03973,-29,28,667,0,E1A1901B1396C1918X,TE1A1B3C1D000X,1,1,1,1,2.0,2.0,2.0,1.0,0.0,0.0
1.05262,-29,27,665,0,E1A1904B1396C1918X,TE1A1B3C1D000X,1,1,1,1,2.0,2.0,2.0,1.0,0.0,0.0
1.06553,-28,26,667,0,E1A1907B1397C1918X,TE1A1B3C1D000X,1,1,1,1,2.0,2.0,2.0,1.0,0.0,0.0
1.07806,-28,25,668,0,E1A1910B1398C1918X,TE1A1B3C1D000X,1,1,1,1,2.0,2.0,2.0,1.0,0.0,0.0
1.09319,-28,24,673,0,E1A1914B1400C1918X,TE1A1B3C1D000X,1,1,1,1,2.0,2.0,2.0,1.0,0.0,0.0
1.1063,-28,24,673,0,E1A1914B1400C1918X,TE1A1B3C1D000X,1,1,1,1,2.0,2.0,2.0,1.0,0.0,0.0
1.11878,-28,23,672,0,E1A1917B1401C1918X,TE1A1B3C1D000X,1,1,1,1,2.0,2.0,2.0,1.0,0.0,0.0
1.13151,-28,22,673,0,E1A1920B1403C1918X,TE1A1B3C1D000X,1,1,1,1,2.0,2.0,2.0,1.0,0.0,0.0
1.14414,-27,21,672,0,E1A1923B1404C1918X,TE1A1B3C1D000X,1,1,1,1,2.0,2.0,2.0,1.0,0.0,0.0
1.15672,-27,20,673,0,E1A1923B1407C1925X,TE1A1B3C1D000X,1,1,1,1,2.0,2.0,2.0,1.0,0.0,0.0
1.16961,-27,19,671,0,E1A1923B1414C1922X,TE1A1B3C1D000X,1,1,1,1,2.0,2.0,2.0,1.0,0.0,0.0
1.18219,-26,18,672,0,E1A1923B1422C1919X,TE1A1B3C1D000X,1,1,1,1,2.0,2.0,2.0,1.0,0.0,0.0
1.19467,-26,17,673,0,E1A1923B1431C1917X,TE1A1B3C1D000X,1,1,1,1,2.0,2.0,2.0,1.0,0.0,0.0
1.20792,-26,16,672,0,E1A1923B1438C1914X,TE1A1B3C1D000X,1,1,1,1,2.0,2.0,2.0,1.0,0.0,0.0
1.22059,-25,15,671,0,E1A1923B1450C1910X,TE1A1B3C1D000X,1,1,1,1,2.0,2.0,2.0,1.0,0.0,0.0
1.23336,-25,13,672,0,E1A1923B1462C1906X,TE1A1B3C1D000X,1,1,1,1,2.0,2.0,2.0,1.0,0.0,0.0
1.2459,-24,12,666,0,E1A1923B1473C1901X,TE1A1B3C1D000X,1,1,1,1,2.0,2.0,2.0,1.0,0.0,0.0
1.25862,-23,10,663,0,E1A1923B1485C1897X,TE1A1B3C1D000X,1,1,1,1,2.0,2.0,2.0,1.0,0.0,0.0
1.27177,-23,8,663,0,E1A1923B1498C1892X,TE1A1B2C1D000X,1,1,1,1,2.0,2.0,2.0,1.0,0.0,0.0
1.28437,-22,7,660,0,E1A1923B1510C1887X,TE1A1B2C1D000X,1,1,1,1,2.0,2.0,2.0,1.0,0.0,0.0
1.29717,-21,5,659,0,E1A1923B1523C1882X,TE1A1B2C1D000X,1,1,1,1,2.0,2.0,2.0,1.0,0.0,0.0
1.3096,-21,3,659,0,E1A1923B1537C1877X,TE1A1B2C1D000X,1,1,1,1,2.0,2.0,2.0,1.0,0.0,0.0
1.32232,-20,1,659,0,E1A1923B1551C1872X,TE1A1B2C1D000X,1,1,1,1,2.0,2.0,2.0,1.0,0.0,0.0
1.33515,-20,0,657,0,E1A1923B1563C1867X,TE1A1B2C1D000X,1,1,1,1,2.0,2.0,2.0,1.0,0.0,0.0
1.34761,-19,-1,654,0,E1A1923B1575C1862X,TE1A1B2C1D000X,1,1,1,1,2.0,2.0,2.0,1.0,0.0,0.0
1.36011,-18,-3,652,0,E1A1923B1586C1858X,TE1A1B2C1D000X,1,1,1,1,2.0,2.0,2.0,1.0,0.0,0.0
1.37307,-17,-4,651,0,E1A1923B1597C1854X,TE1A1B2C1D000X,1,1,1,1,2.0,2.0,2.0,1.0,0.0,0.0
1.38616,-17,-5,652,0,E1A1923B1608C1849X,TE1A1B2C1D000X,1,1,1,1,2.0,2.0,2.0,1.0,0.0,0.0
1.39907,-16,-7,650,0,E1A1923B1617C1846X,TE1A1B2C1D000X,1,1,1,1,2.0,2.0,2.0,1.0,0.0,0.0
1.4137,-16,-7,650,0,E1A1923B1617C1846X,TE1A1B2C1D000X,1,1,1,1,2.0,2.0,2.0,1.0,0.0,0.0
1.42614,-16,-8,650,0,E1A1923B1626C1843X,TE1A1B2C1D000X,1,1,1,1,2.0,2.0,2.0,1.0,0.0,0.0
1.44976,-15,-9,650,0,E1A1923B1634C1840X,TE1A1B2C1D000X,1,1,1,1,2.0,2.0,2.0,1.0,0.0,0.0
1.46256,-14,-9,651,0,E1A1923B1642C1838X,TE1A1B2C1D000X,1,1,1,1,2.0,2.0,2.0,1.0,0.0,0.0
1.4751,-14,-9,651,0,E1A1923B1642C1838X,TE1A1B2C1D000X,1,1,1,1,2.0,2.0,2.0,1.0,0.0,0.0
1.48824,-14,-10,651,0,E1A1923B1650C1837X,TE1A1B2C1D000X,1,1,1,1,2.0,2.0,2.0,1.0,0.0,0.0
1.50108,-13,-11,651,0,E1A1923B1656C1837X,TE1A1B2C1D000X,1,1,1,1,2.0,2.0,2.0,1.0,0.0,0.0
1.53066,-12,-11,651,0,E1A1923B1662C1836X,TE1A1B2C1D000X,1,1,1,1,2.0,2.0,2.0,1.0,0.0,0.0
1.55006,-12,-11,651,0,E1A1923B1662C1836X,TE1A1B2C1D000X,1,1,1,1,2.0,2.0,2.0,1.0,0.0,0.0
1.57426,-11,-12,652,0,E1A1923B1670C1836X,TE1A1B2C1D000X,1,1,1,1,2.0,2.0,2.0,1.0,0.0,0.0
1.58741,-10,-12,652,0,E1A1923B1676C1836X,TE1A1B2C1D000X,1,1,1,1,2.0,2.0,2.0,1.0,0.0,0.0
1.60032,-10,-12,654,0,E1A1923B1682C1836X,TE1A1B2C1D000X,1,1,1,1,2.0,2.0,2.0,1.0,0.0,0.0
1.61807,-9,-13,655,0,E1A1923B1688C1836X,TE1A1B2C1D000X,1,1,1,1,2.0,2.0,2.0,1.0,0.0,0.0
1.64201,-8,-13,653,0,E1A1923B1693C1836X,TE1A1B2C1D000X,1,1,1,1,2.0,2.0,2.0,1.0,0.0,0.0
1.66195,-8,-13,652,0,E1A1923B1697C1835X,TE1A1B2C1D000X,1,1,1,1,2.0,2.0,2.0,1.0,0.0,0.0
1.67465,-8,-13,652,0,E1A1923B1697C1835X,TE1A1B2C1D000X,1,1,1,1,2.0,2.0,2.0,1.0,0.0,0.0
1.68754,-7,-14,652,0,E1A1923B1702C1834X,TE1A1B2C1D000X,1,1,1,1,2.0,2.0,2.0,1.0,0.0,0.0
1.70065,-7,-14,653,0,E1A1923B1708C1832X,TE1A1B2C1D000X,1,1,1,1,2.0,2.0,2.0,1.0,0.0,0.0
1.72207,-6,-15,653,0,E1A1923B1714C1830X,TE1A1B1C1D000X,1,1,1,1,2.0,2.0,2.0,1.0,0.0,0.0
1.73521,-6,-16,657,0,E1A1923B1720C1828X,TE1A1B1C1D000X,1,1,1,1,2.0,2.0,2.0,1.0,0.0,0.0
1.75379,-6,-16,658,0,E1A1923B1724C1826X,TE1A1B1C1D000X,1,1,1,1,2.0,2.0,2.0,1.0,0.0,0.0
1.7666,-5,-17,661,0,E1A1923B1730C1824X,TE1A1B1C1D000X,1,1,1,1,2.0,2.0,2.0,1.0,0.0,0.0
1.77961,-5,-18,665,0,E1A1923B1735C1822X,TE1A1B1C1D000X,1,1,1,1,2.0,2.0,2.0,1.0,0.0,0.0
1.79255,-5,-18,667,0,E1A1923B1739C1820X,TE1A1B1C1D000X,1,1,1,1,2.0,2.0,2.0,1.0,0.0,0.0
1.80996,-5,-19,672,0,E1A1923B1744C1819X,TE1A1B1C1D000X,1,1,1,1,2.0,2.0,2.0,1.0,0.0,0.0
1.82319,-4,-19,676,0,E1A1923B1748C1818X,TE1A1B1C1D000X,1,1,1,1,2.0,2.0,2.0,1.0,0.0,0.0
1.83602,-4,-20,681,0,E1A1923B1752C1817X,TE1A1B1C1D000X,1,1,1,1,2.0,2.0,2.0,1.0,0.0,0.0
1.85375,-4,-20,682,0,E1A1923B1756C1816X,TE1A1B1C1D000X,1,1,1,1,2.0,2.0,2.0,1.0,0.0,0.0
1.86689,-3,-20,683,0,E1A1923B1759C1815X,TE1A1B1C1D000X,1,1,1,1,2.0,2.0,2.0,1.0,0.0,0.0
1.87978,-3,-20,683,0,E1A1923B1761C1814X,TE1A1B1C1D000X,1,1,1,1,2.0,2.0,2.0,1.0,0.0,0.0
1.89283,-3,-21,681,0,E1A1923B1763C1813X,TE1A1B1C1D000X,1,1,1,1,2.0,2.0,2.0,1.0,0.0,0.0
1.90584,-2,-21,682,0,E1A1923B1766C1813X,TE1A1B1C1D000X,1,1,1,1,2.0,2.0,2.0,1.0,0.0,0.0
1.92187,-2,-21,686,0,E1A1923B1769C1812X,TE1A1B1C1D000X,1,1,1,1,2.0,2.0,2.0,1.0,0.0,0.0
1.9349,-2,-21,686,0,E1A1923B1770C1812X,TE1A1B1C1D000X,1,1,1,1,2.0,2.0,2.0,1.0,0.0,0.0
1.94772,-2,-21,687,0,E1A1923B1772C1812X,TE1A1B1C1D000X,1,1,1,1,2.0,2.0,2.0,1.0,0.0,0.0
1.96049,-2,-21,687,0,E1A1923B1773C1811X,TE1A1B1C1D000X,1,1,1,1,2.0,2.0,2.0,1.0,0.0,0.0
1.97812,-1,-21,688,0,E1A1923B1775C1811X,TE1A1B1C1D000X,1,1,1,1,2.0,2.0,2.0,1.0,0.0,0.0
1.99119,-1,-21,685,0,E1A1923B1776C1811X,TE1A1B1C1D000X,1,1,1,1,2.0,2.0,2.0,1.0,0.0,0.0
2.014,-1,-21,684,0,E1A1923B1776C1810X,TE1A1B1C1D000X,1,1,1,1,2.0,2.0,2.0,1.0,0.0,0.0
2.03828,-1,-21,685,0,E1A1923B1777C1810X,TE1A1B1C1D000X,1,1,1,1,2.0,2.0,2.0,1.0,0.0,0.0
2.05124,-1,-21,684,0,E1A1923B1776C1810X,TE1A1B1C1D000X,1,1,1,1,2.0,2.0,2.0,1.0,0.0,0.0
2.06413,-1,-21,686,0,E1A1923B1778C1810X,TE1A1B1C1D000X,1,1,1,1,2.0,2.0,2.0,1.0,0.0,0.0
2.07689,-1,-21,685,0,E1A1923B1777C1809X,TE1A1B1C1D000X,1,1,1,1,2.0,2.0,2.0,1.0,0.0,0.0
2.08963,-1,-21,685,0,E1A1923B1777C1809X,TE1A1B1C1D000X,1,1,1,1,2.0,2.0,2.0,1.0,0.0,0.0
2.10245,-1,-21,685,0,E1A1923B1776C1809X,TE1A1B1C1D000X,1,1,1,1,2.0,2.0,2.0,1.0,0.0,0.0
2.11496,-1,-21,685,0,E1A1923B1776C1808X,TE1A1B1C1D000X,1,1,1,1,2.0,2.0,2.0,1.0,0.0,0.0
2.12784,-1,-21,686,0,E1A1923B1775C1808X,TE1A1B1C1D000X,1,1,1,1,2.0,2.0,2.0,1.0,0.0,0.0
2.14097,-1,-20,686,0,E1A1923B1774C1808X,TE1A1B1C1D000X,1,1,1,1,2.0,2.0,2.0,1.0,0.0,0.0
2.1537,-2,-20,686,0,E1A1923B1774C1808X,TE1A1B1C1D000X,1,1,1,1,2.0,2.0,2.0,1.0,0.0,0.0
2.1668,-2,-20,686,0,E1A1923B1773C1808X,TE1A1B1C1D000X,1,1,1,1,2.0,2.0,2.0,1.0,0.0,0.0
2.1795,-2,-20,686,0,E1A1923B1772C1807X,TE1A1B1C1D000X,1,1,1,1,2.0,2.0,2.0,1.0,0.0,0.0
2.19239,-2,-20,686,0,E1A1923B1772C1807X,TE1A1B1C1D000X,1,1,1,1,2.0,2.0,2.0,1.0,0.0,0.0
2.20528,-2,-20,686,0,E1A1923B1771C1807X,TE1A1B1C1D000X,1,1,1,1,2.0,2.0,2.0,1.0,0.0,0.0
2.218,-2,-20,685,0,E1A1923B1770C1808X,TE1A1B1C1D000X,1,1,1,1,2.0,2.0,2.0,1.0,0.0,0.0
2.23091,-2,-20,685,0,E1A1923B1769C1808X,TE1A1B1C1D000X,1,1,1,1,2.0,2.0,2.0,1.0,0.0,0.0
2.24353,-2,-19,685,0,E1A1923B1768C1808X,TE1A1B1C1D000X,1,1,1,1,2.0,2.0,2.0,1.0,0.0,0.0
2.25667,-2,-19,685,0,E1A1923B1767C1808X,TE1A1B1C1D000X,1,1,1,1,2.0,2.0,2.0,1.0,0.0,0.0
2.26976,-2,-19,685,0,E1A1923B1766C1808X,TE1A1B1C1D000X,1,1,1,1,2.0,2.0,2.0,1.0,0.0,0.0
2.28268,-2,-19,685,0,E1A1923B1765C1808X,TE1A1B1C1D000X,1,1,1,1,2.0,2.0,2.0,1.0,0.0,0.0
2.29775,-3,-19,685,0,E1A1923B1764C1809X,TE1A1B1C1D000X,1,1,1,1,2.0,2.0,2.0,1.0,0.0,0.0
2.31272,-3,-18,685,0,E1A1923B1763C1809X,TE1A1B1C1D000X,1,1,1,1,2.0,2.0,2.0,1.0,0.0,0.0
2.32587,-3,-18,685,0,E1A1923B1763C1809X,TE1A1B1C1D000X,1,1,1,1,2.0,2.0,2.0,1.0,0.0,0.0
2.3389,-3,-18,685,0,E1A1923B1762C1809X,TE1A1B1C1D000X,1,1,1,1,2.0,2.0,2.0,1.0,0.0,0.0
2.35194,-3,-18,683,0,E1A1923B1761C1810X,TE1A1B1C1D000X,1,1,1,1,2.0,2.0,2.0,1.0,0.0,0.0
2.36688,-3,-18,682,0,E1A1923B1761C1810X,TE1A1B1C1D000X,1,1,1,1,2.0,2.0,2.0,1.0,0.0,0.0
2.3795,-3,-18,682,0,E1A1923B1761C1810X,TE1A1B1C1D000X,1,1,1,1,2.0,2.0,2.0,1.0,0.0,0.0
2.39243,-3,-17,681,0,E1A1923B1760C1810X,TE1A1B1C1D000X,1,1,1,1,2.0,2.0,2.0,1.0,0.0,0.0
2.40543,-3,-17,683,0,E1A1923B1761C1811X,TE1A1B1C1D000X,1,1,1,1,2.0,2.0,2.0,1.0,0.0,0.0
2.41846,-3,-17,682,0,E1A1923B1760C1811X,TE1A1B1C1D000X,1,1,1,1,2.0,2.0,2.0,1.0,0.0,0.0
2.43128,-2,-17,682,0,E1A1923B1760C1811X,TE1A1B1C1D000X,1,1,1,1,2.0,2.0,2.0,1.0,0.0,0.0
2.44369,-2,-17,684,0,E1A1923B1761C1811X,TE1A1B1C1D000X,1,1,1,1,2.0,2.0,2.0,1.0,0.0,0.0
2.45656,-2,-17,683,0,E1A1923B1761C1811X,TE1A1B1C1D000X,1,1,1,1,2.0,2.0,2.0,1.0,0.0,0.0
2.46932,-3,-17,683,0,E1A1923B1760C1810X,TE1A1B1C1D000X,1,1,1,1,2.0,2.0,2.0,1.0,0.0,0.0
2.48223,-3,-17,683,0,E1A1923B1759C1810X,TE1A1B1C1D000X,1,1,1,1,2.0,2.0,2.0,1.0,0.0,0.0
2.49609,-3,-17,683,0,E1A1923B1759C1810X,TE1A1B1C1D000X,1,1,1,1,2.0,2.0,2.0,1.0,0.0,0.0
2.50857,-3,-17,682,0,E1A1923B1758C1809X,TE1A1B1C1D000X,1,1,1,1,2.0,2.0,2.0,1.0,0.0,0.0
2.52152,-3,-17,684,0,E1A1923B1758C1809X,TE1A1B1C1D000X,1,1,1,1,2.0,2.0,2.0,1.0,0.0,0.0
2.53453,-3,-17,685,0,E1A1923B1759C1809X,TE1A1B1C1D000X,1,1,1,1,2.0,2.0,2.0,1.0,0.0,0.0
2.54753,-3,-16,684,0,E1A1923B1758C1809X,TE1A1B1C1D000X,1,1,1,1,2.0,2.0,2.0,1.0,0.0,0.0
2.5602,-3,-16,684,0,E1A1923B1757C1809X,TE1A1B1C1D000X,1,1,1,1,2.0,2.0,2.0,1.0,0.0,0.0
2.57333,-3,-16,682,0,E1A1923B1756C1809X,TE1A1B1C1D000X,1,1,1,1,2.0,2.0,2.0,1.0,0.0,0.0
2.58625,-3,-16,682,0,E1A1923B1755C1809X,TE1A1B1C1D000X,1,1,1,1,2.0,2.0,2.0,1.0,0.0,0.0
2.59928,-3,-16,682,0,E1A1923B1754C1809X,TE1A1B1C1D000X,1,1,1,1,2.0,2.0,2.0,1.0,0.0,0.0
2.61252,-3,-16,682,0,E1A1923B1754C1809X,TE1A1B1C1D000X,1,1,1,1,2.0,2.0,2.0,1.0,0.0,0.0
2.62504,-3,-16,682,0,E1A1923B1753C1809X,TE1A1B1C1D000X,1,1,1,1,2.0,2.0,2.0,1.0,0.0,0.0
2.63819,-3,-16,681,0,E1A1923B1753C1809X,TE1A1B1C1D000X,1,1,1,1,2.0,2.0,2.0,1.0,0.0,0.0
2.65144,-3,-15,681,0,E1A1923B1752C1809X,TE1A1B1C1D000X,1,1,1,1,2.0,2.0,2.0,1.0,0.0,0.0
2.66447,-3,-15,681,0,E1A1923B1752C1808X,TE1A1B1C1D000X,1,1,1,1,2.0,2.0,2.0,1.0,0.0,0.0
2.67673,-3,-15,681,0,E1A1923B1752C1808X,TE1A1B1C1D000X,1,1,1,1,2.0,2.0,2.0,1.0,0.0,0.0
2.68967,-3,-15,680,0,E1A1923B1751C1808X,TE1A1B1C1D000X,1,1,1,1,2.0,2.0,2.0,1.0,0.0,0.0
2.70259,-3,-15,681,0,E1A1923B1751C1808X,TE1A1B1C1D000X,1,1,1,1,2.0,2.0,2.0,1.0,0.0,0.0
2.71543,-3,-15,681,0,E1A1923B1751C1808X,TE1A1B1C1D000X,1,1,1,1,2.0,2.0,2.0,1.0,0.0,0.0
2.72849,-3,-15,679,0,E1A1923B1750C1807X,TE1A1B1C1D000X,1,1,1,1,2.0,2.0,2.0,1.0,0.0,0.0
2.7414,-3,-15,681,0,E1A1923B1750C1808X,TE1A1B1C1D000X,1,1,1,1,2.0,2.0,2.0,1.0,0.0,0.0
2.75435,-3,-15,681,0,E1A1923B1750C1808X,TE1A1B1C1D000X,1,1,1,1,2.0,2.0,2.0,1.0,0.0,0.0
2.76979,-3,-15,682,0,E1A1923B1750C1808X,TE1A1B1C1D000X,1,1,1,1,2.0,2.0,2.0,1.0,0.0,0.0
2.7822,-3,-15,682,0,E1A1923B1749C1808X,TE1A1B1C1D000X,1,1,1,1,2.0,2.0,2.0,1.0,0.0,0.0
2.79513,-3,-14,679,0,E1A1923B1748C1809X,TE1A1B1C1D000X,1,1,1,1,2.0,2.0,2.0,1.0,0.0,0.0
2.80771,-3,-14,679,0,E1A1923B1748C1809X,TE1A1B1C1D000X,1,1,1,1,2.0,2.0,2.0,1.0,0.0,0.0
2.82597,-3,-14,679,0,E1A1923B1747C1809X,TE1A1B1C1D000X,1,1,1,1,2.0,2.0,2.0,1.0,0.0,0.0
2.83887,-3,-14,679,0,E1A1923B1746C1810X,TE1A1B1C1D000X,1,1,1,1,2.0,2.0,2.0,1.0,0.0,0.0
2.85186,-3,-14,680,0,E1A1923B1746C1810X,TE1A1B1C1D000X,1,1,1,1,2.0,2.0,2.0,1.0,0.0,0.0
2.87016,-3,-13,680,0,E1A1923B1745C1811X,TE1A1B1C1D000X,1,1,1,1,2.0,2.0,2.0,1.0,0.0,0.0
2.88363,-3,-13,680,0,E1A1923B1745C1811X,TE1A1B1C1D000X,1,1,1,1,2.0,2.0,2.0,1.0,0.0,0.0
2.91846,-3,-13,678,0,E1A1923B1742C1812X,TE1A1B1C1D000X,1,1,1,1,2.0,2.0,2.0,1.0,0.0,0.0
2.93133,-4,-13,675,0,E1A1923B1740C1811X,TE1A1B1C1D000X,1,1,1,1,2.0,2.0,2.0,1.0,0.0,0.0
2.94428,-4,-13,673,0,E1A1923B1738C1811X,TE1A1B1C1D000X,1,1,1,1,2.0,2.0,2.0,1.0,0.0,0.0
2.97434,-4,-12,671,0,E1A1923B1736C1811X,TE1A1B1C1D000X,1,1,1,1,2.0,2.0,2.0,1.0,0.0,0.0
2.98729,-4,-12,669,0,E1A1923B1734C1811X,TE1A1B1C1D000X,1,1,1,1,2.0,2.0,2.0,1.0,0.0,0.0
3.0003,-4,-12,667,0,E1A1923B1733C1811X,TE1A1B1C1D000X,1,1,1,1,2.0,2.0,2.0,1.0,0.0,0.0
3.01309,-4,-12,667,0,E1A1923B1733C1811X,TE1A1B1C1D000X,1,1,1,1,2.0,2.0,2.0,1.0,0.0,0.0
3.02587,-4,-12,668,0,E1A1923B1732C1810X,TE1A1B1C1D000X,1,1,1,1,2.0,2.0,2.0,1.0,0.0,0.0
3.04187,-4,-12,669,0,E1A1923B1733C1810X,TE1A1B1C1D000X,1,1,1,1,2.0,2.0,2.0,1.0,0.0,0.0
3.05471,-4,-12,668,0,E1A1923B1732C1810X,TE1A1B1C1D000X,1,1,1,1,2.0,2.0,2.0,1.0,0.0,0.0
3.06721,-4,-12,668,0,E1A1923B1732C1810X,TE1A1B1C1D000X,1,1,1,1,2.0,2.0,2.0,1.0,0.0,0.0
3.08025,-4,-12,664,0,E1A1923B1731C1809X,TE1A1B1C1D000X,1,1,1,1,2.0,2.0,2.0,1.0,0.0,0.0
3.09264,-4,-12,664,0,E1A1923B1731C1809X,TE1A1B1C1D000X,1,1,1,1,2.0,2.0,2.0,1.0,0.0,0.0
3.10581,-4,-12,664,0,E1A1923B1731C1809X,TE1A1B1C1D000X,1,1,1,1,2.0,2.0,2.0,1.0,0.0,0.0
3.11889,-4,-12,666,0,E1A1923B1732C1809X,TE1A1B1C1D000X,1,1,1,1,2.0,2.0,2.0,1.0,0.0,0.0
3.15402,-4,-12,665,0,E1A1923B1732C1808X,TE1A1B1C1D000X,1,1,1,1,2.0,2.0,2.0,1.0,0.0,0.0
3.17819,-4,-12,664,0,E1A1923B1731C1807X,TE1A1B1C1D000X,1,1,1,1,2.0,2.0,2.0,1.0,0.0,0.0
3.19128,-4,-12,663,0,E1A1923B1730C1807X,TE1A1B1C1D000X,1,1,1,1,2.0,2.0,2.0,1.0,0.0,0.0
3.20418,-4,-12,665,0,E1A1923B1731C1807X,TE1A1B1C1D000X,1,1,1,1,2.0,2.0,2.0,1.0,0.0,0.0
3.21709,-4,-12,664,0,E1A1923B1730C1806X,TE1A1B1C1D000X,1,1,1,1,2.0,2.0,2.0,1.0,0.0,0.0
3.23006,-4,-12,666,0,E1A1923B1731C1806X,TE1A1B1C1D000X,1,1,1,1,2.0,2.0,2.0,1.0,0.0,0.0
3.2431,-4,-12,668,0,E1A1923B1731C1805X,TE1A1B1C1D000X,1,1,1,1,2.0,2.0,2.0,1.0,0.0,0.0
3.25602,-4,-12,666,0,E1A1923B1731C1804X,TE1A1B1C1D000X,1,1,1,1,2.0,2.0,2.0,1.0,0.0,0.0
3.2689,-4,-12,663,0,E1A1923B1730C1803X,TE1A1B1C1D000X,1,1,1,1,2.0,2.0,2.0,1.0,0.0,0.0
3.28159,-4,-12,663,0,E1A1923B1730C1803X,TE1A1B1C1D000X,1,1,1,1,2.0,2.0,2.0,1.0,0.0,0.0
3.29402,-4,-12,662,0,E1A1923B1729C1802X,TE1A1B1C1D000X,1,1,1,1,2.0,2.0,2.0,1.0,0.0,0.0
3.30713,-4,-12,661,0,E1A1923B1729C1801X,TE1A1B1C1D000X,1,1,1,1,2.0,2.0,2.0,1.0,0.0,0.0
3.32004,-4,-13,663,0,E1A1923B1730C1800X,TE1A1B1C1D000X,1,1,1,1,2.0,2.0,2.0,1.0,0.0,0.0
3.33418,-4,-13,665,0,E1A1923B1731C1799X,TE1A1B1C1D000X,1,1,1,1,2.0,2.0,2.0,1.0,0.0,0.0
3.34692,-4,-13,666,0,E1A1923B1732C1798X,TE1A1B1C1D000X,1,1,1,1,2.0,2.0,2.0,1.0,0.0,0.0
3.3597,-4,-13,669,0,E1A1923B1733C1797X,TE1A1B1C1D000X,1,1,1,1,2.0,2.0,2.0,1.0,0.0,0.0
3.37263,-4,-13,670,0,E1A1923B1734C1797X,TE1A1B1C1D000X,1,1,1,1,2.0,2.0,2.0,1.0,0.0,0.0
3.38554,-4,-13,671,0,E1A1923B1734C1796X,TE1A1B1C1D000X,1,1,1,1,2.0,2.0,2.0,1.0,0.0,0.0
3.39859,-4,-13,673,0,E1A1923B1735C1795X,TE1A1B1C1D000X,1,1,1,1,2.0,2.0,2.0,1.0,0.0,0.0
3.41097,-4,-14,675,0,E1A1923B1735C1794X,TE1A1B1C1D000X,1,1,1,1,2.0,2.0,2.0,1.0,0.0,0.0
3.4238,-4,-14,675,0,E1A1923B1735C1794X,TE1A1B1C1D000X,1,1,1,1,2.0,2.0,2.0,1.0,0.0,0.0
3.43675,-4,-14,673,0,E1A1923B1735C1793X,TE1A1B1C1D000X,1,1,1,1,2.0,2.0,2.0,1.0,0.0,0.0
3.44927,-4,-14,672,0,E1A1923B1734C1793X,TE1A1B1C1D000X,1,1,1,1,2.0,2.0,2.0,1.0,0.0,0.0
3.46244,-4,-14,671,0,E1A1923B1734C1792X,TE1A1B1C1D000X,1,1,1,1,2.0,2.0,2.0,1.0,0.0,0.0
3.47534,-4,-14,669,0,E1A1923B1733C1792X,TE1A1B1C1D000X,1,1,1,1,2.0,2.0,2.0,1.0,0.0,0.0
3.48838,-4,-13,668,0,E1A1923B1732C1791X,TE1A1B1C1D000X,1,1,1,1,2.0,2.0,2.0,1.0,0.0,0.0
3.50133,-4,-13,667,0,E1A1923B1731C1791X,TE1A1B1C1D000X,1,1,1,1,2.0,2.0,2.0,1.0,0.0,0.0
3.51393,-4,-13,666,0,E1A1923B1731C1791X,TE1A1B1C1D000X,1,1,1,1,2.0,2.0,2.0,1.0,0.0,0.0
3.52709,-4,-13,666,0,E1A1923B1730C1792X,TE1A1B1C1D000X,1,1,1,1,2.0,2.0,2.0,1.0,0.0,0.0
3.54018,-4,-13,668,0,E1A1923B1730C1792X,TE1A1B1C1D000X,1,1,1,1,2.0,2.0,2.0,1.0,0.0,0.0
3.55422,-4,-13,667,0,E1A1923B1729C1793X,TE1A1B1C1D000X,1,1,1,1,2.0,2.0,2.0,1.0,0.0,0.0
3.56737,-4,-12,665,0,E1A1923B1727C1794X,TE1A1B1C1D000X,1,1,1,1,2.0,2.0,2.0,1.0,0.0,0.0
3.57963,-4,-12,663,0,E1A1923B1726C1795X,TE1A1B1C1D000X,1,1,1,1,2.0,2.0,2.0,1.0,0.0,0.0
3.59389,-4,-12,662,0,E1A1923B1725C1795X,TE1A1B1C1D000X,1,1,1,1,2.0,2.0,2.0,1.0,0.0,0.0
3.60686,-4,-11,661,0,E1A1923B1723C1796X,TE1A1B1C1D000X,1,1,1,1,2.0,2.0,2.0,1.0,0.0,0.0
3.6199,-4,-11,660,0,E1A1923B1722C1796X,TE1A1B1C1D000X,1,1,1,1,2.0,2.0,2.0,1.0,0.0,0.0
3.63304,-4,-11,657,0,E1A1923B1720C1796X,TE1A1B1C1D000X,1,1,1,1,2.0,2.0,2.0,1.0,0.0,0.0
3.6455,-4,-11,657,0,E1A1923B1719C1796X,TE1A1B1C1D000X,1,1,1,1,2.0,2.0,2.0,1.0,0.0,0.0
3.65845,-5,-11,657,0,E1A1923B1717C1795X,TE1A1B1C1D000X,1,1,1,1,2.0,2.0,2.0,1.0,0.0,0.0
3.67148,-5,-11,657,0,E1A1923B1715C1794X,TE1A1B1C1D000X,1,1,1,1,2.0,2.0,2.0,1.0,0.0,0.0
3.68472,-5,-11,655,0,E1A1923B1713C1793X,TE1A1B1C1D000X,1,1,1,1,2.0,2.0,2.0,1.0,0.0,0.0
3.69768,-6,-11,659,0,E1A1923B1712C1791X,TE1A1B1C1D000X,1,1,1,1,2.0,2.0,2.0,1.0,0.0,0.0
3.71022,-6,-11,659,0,E1A1923B1710C1788X,TE1A1B1C1D000X,1,1,1,1,2.0,2.0,2.0,1.0,0.0,0.0
3.72325,-7,-12,659,0,E1A1923B1706C1786X,TE1A1B1C1D000X,1,1,1,1,2.0,2.0,2.0,1.0,0.0,0.0
3.73601,-7,-12,659,0,E1A1923B1706C1786X,TE1A1B2C1D000X,1,1,1,1,2.0,2.0,2.0,1.0,0.0,0.0
3.74874,-7,-12,659,0,E1A1923B1706C1786X,TE1A1B2C1D000X,1,1,1,1,2.0,2.0,2.0,1.0,0.0,0.0
3.76255,-7,-12,658,0,E1A1923B1703C1781X,TE1A1B2C1D000X,1,1,1,1,2.0,2.0,2.0,1.0,0.0,0.0
3.77504,-8,-13,660,0,E1A1923B1700C1777X,TE1A1B2C1D000X,1,1,1,1,2.0,2.0,2.0,1.0,0.0,0.0
3.78796,-8,-13,660,0,E1A1923B1700C1777X,TE1A1B2C1D000X,1,1,1,1,2.0,2.0,2.0,1.0,0.0,0.0
3.80094,-9,-13,663,0,E1A1923B1697C1772X,TE1A1B2C1D000X,1,1,1,1,2.0,2.0,2.0,1.0,0.0,0.0
3.81364,-9,-13,663,0,E1A1923B1697C1772X,TE1A1B2C1D000X,1,1,1,1,2.0,2.0,2.0,1.0,0.0,0.0
3.8299,-9,-13,663,0,E1A1923B1697C1772X,TE1A1B2C1D000X,1,1,1,1,2.0,2.0,2.0,1.0,0.0,0.0
3.86611,-11,-14,666,0,E1A1923B1689C1763X,TE1A1B2C1D000X,1,1,1,1,2.0,2.0,2.0,1.0,0.0,0.0
3.88587,-11,-14,666,0,E1A1923B1689C1763X,TE1A1B2C1D000X,1,1,1,1,2.0,2.0,2.0,1.0,0.0,0.0
3.89906,-13,-15,670,0,E1A1923B1679C1755X,TE1A1B2C1D000X,1,1,1,1,2.0,2.0,2.0,1.0,0.0,0.0
3.92213,-15,-16,672,0,E1A1923B1667C1746X,TE1A1B2C1D000X,1,1,1,1,2.0,2.0,2.0,1.0,0.0,0.0
3.93516,-18,-16,677,0,E1A1923B1656C1737X,TE1A1B2C1D000X,1,1,1,1,2.0,2.0,2.0,1.0,0.0,0.0
3.95384,-20,-17,678,0,E1A1923B1643C1729X,TE1A1B2C1D000X,1,1,1,1,2.0,2.0,2.0,1.0,0.0,0.0
3.96685,-22,-18,679,0,E1A1923B1630C1720X,TE1A1B2C1D000X,1,1,1,1,2.0,2.0,2.0,1.0,0.0,0.0
3.97974,-25,-18,680,0,E1A1923B1618C1712X,TE1A1B2C1D000X,1,1,1,1,2.0,2.0,2.0,1.0,0.0,0.0
3.99274,-27,-19,679,0,E1A1923B1605C1704X,TE1A1B2C1D000X,1,1,1,1,2.0,2.0,2.0,1.0,0.0,0.0
4.00573,-29,-19,680,0,E1A1923B1593C1697X,TE1A1B2C2D000X,1,1,1,1,2.0,2.0,2.0,1.0,0.0,0.0
4.01891,-31,-19,678,0,E1A1923B1581C1690X,TE1A1B2C2D000X,1,1,1,1,2.0,2.0,2.0,1.0,0.0,0.0
4.03192,-32,-20,679,0,E1A1923B1571C1683X,TE1A1B2C2D000X,1,1,1,1,2.0,2.0,2.0,1.0,0.0,0.0
4.04619,-34,-20,680,0,E1A1923B1560C1676X,TE1A1B2C2D000X,1,1,1,1,2.0,2.0,2.0,1.0,0.0,0.0
4.05922,-36,-21,678,0,E1A1923B1550C1669X,TE1A1B2C2D000X,1,1,1,1,2.0,2.0,2.0,1.0,0.0,0.0
4.07172,-36,-21,678,0,E1A1923B1550C1669X,TE1A1B2C2D000X,1,1,1,1,2.0,2.0,2.0,1.0,0.0,0.0
4.08466,-37,-21,679,0,E1A1923B1541C1663X,TE1A1B2C2D000X,1,1,1,1,2.0,2.0,2.0,1.0,0.0,0.0
4.09752,-39,-21,683,0,E1A1923B1533C1657X,TE1A1B2C2D000X,1,1,1,1,2.0,2.0,2.0,1.0,0.0,0.0
4.10993,-40,-22,683,0,E1A1923B1524C1652X,TE1A1B2C2D000X,1,1,1,1,2.0,2.0,2.0,1.0,0.0,0.0
4.12305,-41,-22,683,0,E1A1923B1515C1646X,TE1A1B2C2D000X,1,1,1,1,2.0,2.0,2.0,1.0,0.0,0.0
4.13598,-42,-22,681,0,E1A1923B1507C1641X,TE1A1B2C2D000X,1,1,1,1,2.0,2.0,2.0,1.0,0.0,0.0
4.14921,-43,-23,679,0,E1A1923B1498C1636X,TE1A1B2C2D000X,1,1,1,1,2.0,2.0,2.0,1.0,0.0,0.0
4.16263,-44,-23,678,0,E1A1923B1490C1631X,TE1A1B2C2D000X,1,1,1,1,2.0,2.0,2.0,1.0,0.0,0.0
4.17516,-46,-23,681,0,E1A1923B1483C1626X,TE1A1B2C2D000X,1,1,1,1,2.0,2.0,2.0,1.0,0.0,0.0
4.18842,-47,-23,683,0,E1A1923B1477C1622X,TE1A1B2C2D000X,1,1,1,1,2.0,2.0,2.0,1.0,0.0,0.0
4.20141,-48,-24,686,0,E1A1923B1471C1618X,TE1A1B3C2D000X,1,1,1,1,2.0,2.0,2.0,1.0,0.0,0.0
4.21393,-48,-24,686,0,E1A1923B1471C1618X,TE1A1B3C2D000X,1,1,1,1,2.0,2.0,2.0,1.0,0.0,0.0
4.22665,-49,-24,686,0,E1A1923B1464C1614X,TE1A1B3C2D000X,1,1,1,1,2.0,2.0,2.0,1.0,0.0,0.0
4.23979,-49,-24,685,0,E1A1923B1457C1610X,TE1A1B3C2D000X,1,1,1,1,2.0,2.0,2.0,1.0,0.0,0.0
4.26206,-50,-24,685,0,E1A1923B1451C1606X,TE1A1B3C2D000X,1,1,1,1,2.0,2.0,2.0,1.0,0.0,0.0
4.27525,-51,-24,685,0,E1A1923B1445C1602X,TE1A1B3C2D000X,1,1,1,1,2.0,2.0,2.0,1.0,0.0,0.0
4.29378,-51,-24,685,0,E1A1923B1440C1599X,TE1A1B3C2D000X,1,1,1,1,2.0,2.0,2.0,1.0,0.0,0.0
4.3069,-52,-25,683,0,E1A1923B1434C1595X,TE1A1B3C2D000X,1,1,1,1,2.0,2.0,2.0,1.0,0.0,0.0
4.32012,-52,-25,680,0,E1A1923B1429C1591X,TE1A1B3C2D000X,1,1,1,1,2.0,2.0,2.0,1.0,0.0,0.0
4.33291,-52,-25,678,0,E1A1923B1424C1588X,TE1A1B3C2D000X,1,1,1,1,2.0,2.0,2.0,1.0,0.0,0.0
4.34588,-52,-25,679,0,E1A1923B1420C1585X,TE1A1B3C2D000X,1,1,1,1,2.0,2.0,2.0,1.0,0.0,0.0
4.35914,-53,-25,679,0,E1A1923B1416C1582X,TE1A1B3C2D000X,1,1,1,1,2.0,2.0,2.0,1.0,0.0,0.0
4.37405,-53,-25,679,0,E1A1923B1412C1579X,TE1A1B3C2D000X,1,1,1,1,2.0,2.0,2.0,1.0,0.0,0.0
4.40614,-53,-26,679,0,E1A1923B1409C1575X,TE1A1B3C2D000X,1,1,1,1,2.0,2.0,2.0,1.0,0.0,0.0
4.42984,-53,-26,679,0,E1A1923B1406C1572X,TE1A1B3C2D000X,1,1,1,1,2.0,2.0,2.0,1.0,0.0,0.0
4.44426,-54,-26,680,0,E1A1923B1404C1569X,TE1A1B3C2D000X,1,1,1,1,2.0,2.0,2.0,1.0,0.0,0.0
4.45824,-54,-26,679,0,E1A1923B1402C1565X,TE1A1B3C2D000X,1,1,1,1,2.0,2.0,2.0,1.0,0.0,0.0
4.47544,-54,-27,680,0,E1A1923B1401C1563X,TE1A1B3C2D000X,1,1,1,1,2.0,2.0,2.0,1.0,0.0,0.0
4.48838,-53,-27,680,0,E1A1923B1400C1560X,TE1A1B3C2D000X,1,1,1,1,2.0,2.0,2.0,1.0,0.0,0.0
4.50164,-53,-27,680,0,E1A1923B1399C1558X,TE1A1B3C2D000X,1,1,1,1,2.0,2.0,2.0,1.0,0.0,0.0
4.51451,-53,-28,680,0,E1A1923B1398C1555X,TE1A1B3C2D000X,1,1,1,1,2.0,2.0,2.0,1.0,0.0,0.0
4.52704,-53,-28,680,0,E1A1923B1397C1553X,TE1A1B3C2D000X,1,1,1,1,2.0,2.0,2.0,1.0,0.0,0.0
4.53983,-52,-28,680,0,E1A1923B1396C1551X,TE1A1B3C2D000X,1,1,1,1,2.0,2.0,2.0,1.0,0.0,0.0
4.55263,-52,-28,680,0,E1A1923B1395C1550X,TE1A1B3C2D000X,1,1,1,1,2.0,2.0,2.0,1.0,0.0,0.0
4.56546,-52,-28,681,0,E1A1923B1394C1548X,TE1A1B3C2D000X,1,1,1,1,2.0,2.0,2.0,1.0,0.0,0.0
4.57756,-52,-28,680,0,E1A1923B1393C1547X,TE1A1B3C2D000X,1,1,1,1,2.0,2.0,2.0,1.0,0.0,0.0
4.59047,-52,-28,680,0,E1A1923B1391C1545X,TE1A1B3C2D000X,1,1,1,1,2.0,2.0,2.0,1.0,0.0,0.0
4.60336,-52,-28,680,0,E1A1923B1389C1544X,TE1A1B3C2D000X,1,1,1,1,2.0,2.0,2.0,1.0,0.0,0.0
4.61635,-52,-28,680,0,E1A1923B1387C1542X,TE1A1B3C2D000X,1,1,1,1,2.0,2.0,2.0,1.0,0.0,0.0
4.62926,-51,-28,680,0,E1A1923B1385C1541X,TE1A1B3C2D000X,1,1,1,1,2.0,2.0,2.0,1.0,0.0,0.0
4.6415,-51,-28,681,0,E1A1923B1383C1540X,TE1A1B3C2D000X,1,1,1,1,2.0,2.0,2.0,1.0,0.0,0.0
4.65452,-51,-28,681,0,E1A1923B1381C1539X,TE1A1B3C2D000X,1,1,1,1,2.0,2.0,2.0,1.0,0.0,0.0
4.66753,-51,-28,681,0,E1A1923B1379C1538X,TE1A1B3C2D000X,1,1,1,1,2.0,2.0,2.0,1.0,0.0,0.0
4.68041,-51,-28,684,0,E1A1923B1379C1537X,TE1A1B3C2D000X,1,1,1,1,2.0,2.0,2.0,1.0,0.0,0.0
4.69303,-51,-28,685,0,E1A1923B1377C1536X,TE1A1B3C2D000X,1,1,1,1,2.0,2.0,2.0,1.0,0.0,0.0
4.70597,-51,-28,685,0,E1A1923B1375C1534X,TE1A1B3C2D000X,1,1,1,1,2.0,2.0,2.0,1.0,0.0,0.0
4.71916,-51,-28,685,0,E1A1923B1374C1532X,TE1A1B3C2D000X,1,1,1,1,2.0,2.0,2.0,1.0,0.0,0.0
4.7366,-51,-28,685,0,E1A1923B1372C1530X,TE1A1B3C2D000X,1,1,1,1,2.0,2.0,2.0,1.0,0.0,0.0
4.75208,-51,-28,685,0,E1A1923B1370C1529X,TE1A1B3C2D000X,1,1,1,1,2.0,2.0,2.0,1.0,0.0,0.0
4.76514,-51,-28,684,0,E1A1923B1368C1527X,TE1A1B3C2D000X,1,1,1,1,2.0,2.0,2.0,1.0,0.0,0.0
4.77759,-51,-28,687,0,E1A1923B1367C1525X,TE1A1B3C2D000X,1,1,1,1,2.0,2.0,2.0,1.0,0.0,0.0
4.7908,-51,-28,686,0,E1A1923B1365C1524X,TE1A1B3C2D000X,1,1,1,1,2.0,2.0,2.0,1.0,0.0,0.0
4.80389,-51,-28,686,0,E1A1923B1363C1522X,TE1A1B3C2D000X,1,1,1,1,2.0,2.0,2.0,1.0,0.0,0.0
4.81697,-51,-28,687,0,E1A1923B1361C1521X,TE1A1B3C2D000X,1,1,1,1,2.0,2.0,2.0,1.0,0.0,0.0
4.82973,-50,-28,686,0,E1A1923B1359C1519X,TE1A1B3C2D000X,1,1,1,1,2.0,2.0,2.0,1.0,0.0,0.0
4.84201,-51,-28,688,0,E1A1923B1358C1519X,TE1A1B3C2D000X,1,1,1,1,2.0,2.0,2.0,1.0,0.0,0.0
4.85512,-50,-28,688,0,E1A1923B1355C1517X,TE1A1B3C2D000X,1,1,1,1,2.0,2.0,2.0,1.0,0.0,0.0
4.86837,-50,-28,687,0,E1A1923B1352C1516X,TE1A1B3C2D000X,1,1,1,1,2.0,2.0,2.0,1.0,0.0,0.0
4.88111,-50,-28,686,0,E1A1923B1349C1515X,TE1A1B3C2D000X,1,1,1,1,2.0,2.0,2.0,1.0,0.0,0.0
4.89349,-50,-28,685,0,E1A1923B1347C1514X,TE1A1B3C2D000X,1,1,1,1,2.0,2.0,2.0,1.0,0.0,0.0
4.90927,-50,-28,688,0,E1A1923B1345C1514X,TE1A1B3C2D000X,1,1,1,1,2.0,2.0,2.0,1.0,0.0,0.0
4.92249,-50,-27,687,0,E1A1923B1342C1514X,TE1A1B3C2D000X,1,1,1,1,2.0,2.0,2.0,1.0,0.0,0.0
4.93538,-50,-27,687,0,E1A1923B1342C1514X,TE1A1B3C2D000X,1,1,1,1,2.0,2.0,2.0,1.0,0.0,0.0
4.9483,-50,-27,690,0,E1A1923B1340C1514X,TE1A1B3C2D000X,1,1,1,1,2.0,2.0,2.0,1.0,0.0,0.0
4.96178,-50,-27,689,0,E1A1923B1336C1514X,TE1A1B3C2D000X,1,1,1,1,2.0,2.0,2.0,1.0,0.0,0.0
4.97493,-50,-26,688,0,E1A1923B1333C1514X,TE1A1B3C2D000X,1,1,1,1,2.0,2.0,2.0,1.0,0.0,0.0
4.9881,-50,-26,685,0,E1A1923B1327C1513X,TE1A1B3C2D000X,1,1,1,1,2.0,2.0,2.0,1.0,0.0,0.0
5.00615,-50,-26,684,0,E1A1923B1324C1512X,TE1A1B3C2D000X,1,1,1,1,2.0,2.0,2.0,1.0,0.0,0.0
5.01924,-50,-25,685,0,E1A1923B1321C1512X,TE1A1B3C2D000X,1,1,1,1,2.0,2.0,2.0,1.0,0.0,0.0
5.03238,-50,-25,684,0,E1A1923B1318C1511X,TE1A1B3C2D000X,1,1,1,1,2.0,2.0,2.0,1.0,0.0,0.0
5.04544,-50,-25,683,0,E1A1923B1315C1509X,TE1A1B3C2D000X,1,1,1,1,2.0,2.0,2.0,1.0,0.0,0.0
5.06431,-50,-25,683,0,E1A1923B1313C1508X,TE1A1B3C2D000X,1,1,1,1,2.0,2.0,2.0,1.0,0.0,0.0
5.07761,-50,-25,683,0,E1A1923B1310C1507X,TE1A1B3C2D000X,1,1,1,1,2.0,2.0,2.0,1.0,0.0,0.0
5.09081,-50,-25,682,0,E1A1923B1308C1505X,TE1A1B3C2D000X,1,1,1,1,2.0,2.0,2.0,1.0,0.0,0.0
5.10388,-50,-25,682,0,E1A1923B1305C1503X,TE1A1B3C2D000X,1,1,1,1,2.0,2.0,2.0,1.0,0.0,0.0
5.11669,-50,-25,682,0,E1A1923B1303C1501X,TE1A1B3C2D000X,1,1,1,1,2.0,2.0,2.0,1.0,0.0,0.0
5.13029,-50,-25,681,0,E1A1923B1301C1499X,TE1A1B3C2D000X,1,1,1,1,2.0,2.0,2.0,1.0,0.0,0.0
5.14355,-50,-25,681,0,E1A1923B1299C1497X,TE1A1B3C2D000X,1,1,1,1,2.0,2.0,2.0,1.0,0.0,0.0
5.15687,-50,-25,679,0,E1A1923B1296C1494X,TE1A1B3C2D000X,1,1,1,1,2.0,2.0,2.0,1.0,0.0,0.0
5.16996,-49,-26,679,0,E1A1923B1294C1492X,TE1A1B3C2D000X,1,1,1,1,2.0,2.0,2.0,1.0,0.0,0.0
5.1826,-49,-26,678,0,E1A1923B1293C1491X,TE1A1B3C2D000X,1,1,1,1,2.0,2.0,2.0,1.0,0.0,0.0
5.19821,-49,-26,681,0,E1A1923B1293C1490X,TE1A1B3C2D000X,1,1,1,1,2.0,2.0,2.0,1.0,0.0,0.0
5.21137,-49,-26,681,0,E1A1923B1292C1489X,TE1A1B3C2D000X,1,1,1,1,2.0,2.0,2.0,1.0,0.0,0.0
5.22445,-49,-26,684,0,E1A1923B1293C1489X,TE1A1B3C2D000X,1,1,1,1,2.0,2.0,2.0,1.0,0.0,0.0
5.23741,-49,-26,684,0,E1A1923B1292C1488X,TE1A1B3C2D000X,1,1,1,1,2.0,2.0,2.0,1.0,0.0,0.0
5.25395,-48,-26,683,0,E1A1923B1291C1487X,TE1A1B3C2D000X,1,1,1,1,2.0,2.0,2.0,1.0,0.0,0.0
5.26696,-48,-26,683,0,E1A1923B1290C1486X,TE1A1B3C2D000X,1,1,1,1,2.0,2.0,2.0,1.0,0.0,0.0
5.27984,-48,-26,682,0,E1A1923B1289C1485X,TE1A1B3C2D000X,1,1,1,1,2.0,2.0,2.0,1.0,0.0,0.0
5.30996,-48,-26,682,0,E1A1923B1289C1485X,TE1A1B3C2D000X,1,1,1,1,2.0,2.0,2.0,1.0,0.0,0.0
5.32309,-47,-26,680,0,E1A1923B1288C1483X,TE1A1B3C2D000X,1,1,1,1,2.0,2.0,2.0,1.0,0.0,0.0
5.33606,-46,-26,680,0,E1A1923B1289C1483X,TE1A1B3C2D000X,1,1,1,1,2.0,2.0,2.0,1.0,0.0,0.0
5.3491,-46,-26,680,0,E1A1923B1290C1481X,TE1A1B3C2D000X,1,1,1,1,2.0,2.0,2.0,1.0,0.0,0.0
5.36208,-45,-26,681,0,E1A1923B1291C1480X,TE1A1B3C2D000X,1,1,1,1,2.0,2.0,2.0,1.0,0.0,0.0
5.37507,-45,-26,683,0,E1A1923B1294C1480X,TE1A1B3C2D000X,1,1,1,1,2.0,2.0,2.0,1.0,0.0,0.0
5.38838,-44,-27,681,0,E1A1923B1294C1478X,TE1A1B3C2D000X,1,1,1,1,2.0,2.0,2.0,1.0,0.0,0.0
5.41413,-44,-27,684,0,E1A1923B1299C1478X,TE1A1B3C3D000X,1,1,1,1,2.0,2.0,2.0,1.0,0.0,0.0
5.42738,-43,-27,683,0,E1A1923B1301C1476X,TE1A1B3C3D000X,1,1,1,1,2.0,2.0,2.0,1.0,0.0,0.0
5.4459,-42,-27,683,0,E1A1923B1303C1475X,TE1A1B3C3D000X,1,1,1,1,2.0,2.0,2.0,1.0,0.0,0.0
5.45913,-41,-27,682,0,E1A1923B1305C1475X,TE1A1B3C3D000X,1,1,1,1,2.0,2.0,2.0,1.0,0.0,0.0
5.4723,-41,-28,685,0,E1A1923B1309C1475X,TE1A1B3C3D000X,1,1,1,1,2.0,2.0,2.0,1.0,0.0,0.0
5.48552,-40,-28,685,0,E1A1923B1311C1474X,TE1A1B3C3D000X,1,1,1,1,2.0,2.0,2.0,1.0,0.0,0.0
5.4986,-39,-28,684,0,E1A1923B1313C1473X,TE1A1B3C3D000X,1,1,1,1,2.0,2.0,2.0,1.0,0.0,0.0
5.51145,-39,-28,684,0,E1A1923B1315C1473X,TE1A1B3C3D000X,1,1,1,1,2.0,2.0,2.0,1.0,0.0,0.0
5.52479,-38,-28,687,0,E1A1923B1318C1473X,TE1A1B3C3D000X,1,1,1,1,2.0,2.0,2.0,1.0,0.0,0.0
5.53787,-38,-28,689,0,E1A1923B1321C1473X,TE1A1B3C3D000X,1,1,1,1,2.0,2.0,2.0,1.0,0.0,0.0
5.55099,-37,-28,691,0,E1A1923B1324C1473X,TE1A1B3C3D000X,1,1,1,1,2.0,2.0,2.0,1.0,0.0,0.0
5.56973,-37,-28,691,0,E1A1923B1324C1473X,TE1A1B3C3D000X,1,1,1,1,2.0,2.0,2.0,1.0,0.0,0.0
5.58246,-37,-29,690,0,E1A1923B1326C1472X,TE1A1B3C3D000X,1,1,1,1,2.0,2.0,2.0,1.0,0.0,0.0
5.59549,-36,-29,690,0,E1A1923B1327C1471X,TE1A1B3C3D000X,1,1,1,1,2.0,2.0,2.0,1.0,0.0,0.0
5.61429,-35,-29,689,0,E1A1923B1329C1471X,TE1A1B3C3D000X,1,1,1,1,2.0,2.0,2.0,1.0,0.0,0.0
5.63831,-35,-29,691,0,E1A1923B1333C1471X,TE1A1B3C3D000X,1,1,1,1,2.0,2.0,2.0,1.0,0.0,0.0
5.6517,-34,-29,691,0,E1A1923B1335C1470X,TE1A1B3C3D000X,1,1,1,1,2.0,2.0,2.0,1.0,0.0,0.0
5.66481,-34,-29,692,0,E1A1923B1337C1470X,TE1A1B3C3D000X,1,1,1,1,2.0,2.0,2.0,1.0,0.0,0.0
5.6781,-33,-29,690,0,E1A1923B1338C1468X,TE1A1B3C3D000X,1,1,1,1,2.0,2.0,2.0,1.0,0.0,0.0
5.69401,-33,-29,690,0,E1A1923B1338C1468X,TE1A1B3C3D000X,1,1,1,1,2.0,2.0,2.0,1.0,0.0,0.0
5.71838,-32,-29,691,0,E1A1923B1342C1468X,TE1A1B3C3D000X,1,1,1,1,2.0,2.0,2.0,1.0,0.0,0.0
5.73129,-31,-30,690,0,E1A1923B1345C1467X,TE1A1B3C3D000X,1,1,1,1,2.0,2.0,2.0,1.0,0.0,0.0
5.74437,-31,-30,692,0,E1A1923B1349C1467X,TE1A1B3C3D000X,1,1,1,1,2.0,2.0,2.0,1.0,0.0,0.0
5.75715,-31,-30,692,0,E1A1923B1349C1467X,TE1A1B3C3D000X,1,1,1,1,2.0,2.0,2.0,1.0,0.0,0.0
5.7736,-31,-30,692,0,E1A1923B1349C1467X,TE1A1B3C3D000X,1,1,1,1,2.0,2.0,2.0,1.0,0.0,0.0
5.78667,-30,-30,696,0,E1A1923B1356C1468X,TE1A1B3C3D000X,1,1,1,1,2.0,2.0,2.0,1.0,0.0,0.0
5.79969,-29,-30,697,0,E1A1923B1362C1468X,TE1A1B3C3D000X,1,1,1,1,2.0,2.0,2.0,1.0,0.0,0.0
5.81822,-27,-31,698,0,E1A1923B1369C1469X,TE1A1B3C3D000X,1,1,1,1,2.0,2.0,2.0,1.0,0.0,0.0
5.83131,-27,-31,698,0,E1A1923B1369C1469X,TE1A1B3C3D000X,1,1,1,1,2.0,2.0,2.0,1.0,0.0,0.0
5.84362,-26,-31,699,0,E1A1923B1376C1470X,TE1A1B3C3D000X,1,1,1,1,2.0,2.0,2.0,1.0,0.0,0.0
5.85642,-25,-31,703,0,E1A1923B1385C1472X,TE1A1B3C3D000X,1,1,1,1,2.0,2.0,2.0,1.0,0.0,0.0
5.86946,-23,-31,703,0,E1A1923B1392C1472X,TE1A1B3C3D000X,1,1,1,1,2.0,2.0,2.0,1.0,0.0,0.0
5.88243,-22,-31,703,0,E1A1923B1398C1473X,TE1A1B3C3D000X,1,1,1,1,2.0,2.0,2.0,1.0,0.0,0.0
5.89788,-20,-31,703,0,E1A1923B1405C1475X,TE1A1B3C3D000X,1,1,1,1,2.0,2.0,2.0,1.0,0.0,0.0
5.92226,-19,-31,703,0,E1A1923B1411C1477X,TE1A1B3C3D000X,1,1,1,1,2.0,2.0,2.0,1.0,0.0,0.0
5.94039,-17,-31,700,0,E1A1923B1416C1479X,TE1A1B3C3D000X,1,1,1,1,2.0,2.0,2.0,1.0,0.0,0.0
5.95355,-16,-31,698,0,E1A1923B1421C1480X,TE1A1B3C3D000X,1,1,1,1,2.0,2.0,2.0,1.0,0.0,0.0
5.96651,-15,-30,697,0,E1A1923B1425C1482X,TE1A1B3C2D000X,1,1,1,1,2.0,2.0,2.0,1.0,0.0,0.0
5.97951,-13,-30,695,0,E1A1923B1429C1484X,TE1A1B3C2D000X,1,1,1,1,2.0,2.0,2.0,1.0,0.0,0.0
5.99268,-12,-30,696,0,E1A1923B1435C1487X,TE1A1B3C2D000X,1,1,1,1,2.0,2.0,2.0,1.0,0.0,0.0
6.00578,-11,-30,696,0,E1A1923B1440C1489X,TE1A1B3C2D000X,1,1,1,1,2.0,2.0,2.0,1.0,0.0,0.0
6.01879,-10,-29,695,0,E1A1923B1443C1490X,TE1A1B3C2D000X,1,1,1,1,2.0,2.0,2.0,1.0,0.0,0.0
6.03398,-10,-29,693,0,E1A1923B1445C1490X,TE1A1B3C2D000X,1,1,1,1,2.0,2.0,2.0,1.0,0.0,0.0
6.04641,-9,-29,691,0,E1A1923B1447C1491X,TE1A1B3C2D000X,1,1,1,1,2.0,2.0,2.0,1.0,0.0,0.0
6.06582,-8,-29,690,0,E1A1923B1450C1491X,TE1A1B3C2D000X,1,1,1,1,2.0,2.0,2.0,1.0,0.0,0.0
6.07897,-8,-29,689,0,E1A1923B1452C1490X,TE1A1B3C2D000X,1,1,1,1,2.0,2.0,2.0,1.0,0.0,0.0
6.09209,-7,-29,688,0,E1A1923B1454C1489X,TE1A1B3C2D000X,1,1,1,1,2.0,2.0,2.0,1.0,0.0,0.0
6.10485,-7,-29,688,0,E1A1923B1454C1489X,TE1A1B3C2D000X,1,1,1,1,2.0,2.0,2.0,1.0,0.0,0.0
6.12255,-7,-29,689,0,E1A1923B1458C1489X,TE1A1B3C2D000X,1,1,1,1,2.0,2.0,2.0,1.0,0.0,0.0
6.13582,-6,-29,690,0,E1A1923B1461C1489X,TE1A1B3C2D000X,1,1,1,1,2.0,2.0,2.0,1.0,0.0,0.0
6.14899,-6,-29,689,0,E1A1923B1462C1488X,TE1A1B3C2D000X,1,1,1,1,2.0,2.0,2.0,1.0,0.0,0.0
6.16281,-5,-29,690,0,E1A1923B1465C1488X,TE1A1B3C2D000X,1,1,1,1,2.0,2.0,2.0,1.0,0.0,0.0
6.19005,-5,-29,689,0,E1A1923B1467C1487X,TE1A1B3C2D000X,1,1,1,1,2.0,2.0,2.0,1.0,0.0,0.0
6.20315,-4,-29,686,0,E1A1923B1467C1487X,TE1A1B3C2D000X,1,1,1,1,2.0,2.0,2.0,1.0,0.0,0.0
6.21629,-4,-29,686,0,E1A1923B1470C1486X,TE1A1B3C2D000X,1,1,1,1,2.0,2.0,2.0,1.0,0.0,0.0
6.22928,-3,-29,685,0,E1A1923B1471C1486X,TE1A1B3C2D000X,1,1,1,1,2.0,2.0,2.0,1.0,0.0,0.0
6.24223,-3,-29,686,0,E1A1923B1474C1487X,TE1A1B3C2D000X,1,1,1,1,2.0,2.0,2.0,1.0,0.0,0.0
6.25511,-3,-29,687,0,E1A1923B1477C1488X,TE1A1B3C2D000X,1,1,1,1,2.0,2.0,2.0,1.0,0.0,0.0
6.2681,-2,-29,687,0,E1A1923B1478C1488X,TE1A1B3C2D000X,1,1,1,1,2.0,2.0,2.0,1.0,0.0,0.0
6.2809,-2,-29,686,0,E1A1923B1479C1488X,TE1A1B3C2D000X,1,1,1,1,2.0,2.0,2.0,1.0,0.0,0.0
6.29356,-2,-29,685,0,E1A1923B1481C1488X,TE1A1B3C2D000X,1,1,1,1,2.0,2.0,2.0,1.0,0.0,0.0
6.30655,-2,-29,685,0,E1A1923B1481C1488X,TE1A1B2C2D000X,1,1,1,1,2.0,2.0,2.0,1.0,0.0,0.0
6.35019,-1,-29,687,0,E1A1923B1484C1490X,TE1A1B2C2D000X,1,1,1,1,2.0,2.0,2.0,1.0,0.0,0.0
6.36319,-1,-28,686,0,E1A1923B1486C1491X,TE1A1B2C2D000X,1,1,1,1,2.0,2.0,2.0,1.0,0.0,0.0
6.37618,0,-28,686,0,E1A1923B1487C1491X,TE1A1B2C2D000X,1,1,1,1,2.0,2.0,2.0,1.0,0.0,0.0
6.3939,0,-28,687,0,E1A1923B1490C1493X,TE1A1B2C2D000X,1,1,1,1,2.0,2.0,2.0,1.0,0.0,0.0
6.40687,0,-28,689,0,E1A1923B1493C1495X,TE1A1B2C2D000X,1,1,1,1,2.0,2.0,2.0,1.0,0.0,0.0
6.42972,0,-27,687,0,E1A1923B1494C1496X,TE1A1B2C2D000X,1,1,1,1,2.0,2.0,2.0,1.0,0.0,0.0
6.44992,0,-27,689,0,E1A1923B1497C1497X,TE1A1B2C2D000X,1,1,1,1,2.0,2.0,2.0,1.0,0.0,0.0
6.46271,1,-27,688,0,E1A1923B1498C1498X,TE1A1B2C2D000X,1,1,1,1,2.0,2.0,2.0,1.0,0.0,0.0
6.47543,1,-27,686,0,E1A1923B1499C1498X,TE1A1B2C2D000X,1,1,1,1,2.0,2.0,2.0,1.0,0.0,0.0
6.48818,1,-27,688,0,E1A1923B1502C1499X,TE1A1B2C2D000X,1,1,1,1,2.0,2.0,2.0,1.0,0.0,0.0
6.50063,1,-27,688,0,E1A1923B1502C1499X,TE1A1B2C2D000X,1,1,1,1,2.0,2.0,2.0,1.0,0.0,0.0
6.52998,2,-27,690,0,E1A1923B1506C1501X,TE1A1B2C2D000X,1,1,1,1,2.0,2.0,2.0,1.0,0.0,0.0
6.55403,2,-26,688,0,E1A1923B1508C1501X,TE1A1B2C2D000X,1,1,1,1,2.0,2.0,2.0,1.0,0.0,0.0
6.56684,3,-26,687,0,E1A1923B1511C1502X,TE1A1B2C2D000X,1,1,1,1,2.0,2.0,2.0,1.0,0.0,0.0
6.58586,4,-26,686,0,E1A1923B1513C1502X,TE1A1B2C2D000X,1,1,1,1,2.0,2.0,2.0,1.0,0.0,0.0
6.59867,4,-26,685,0,E1A1923B1516C1502X,TE1A1B2C2D000X,1,1,1,1,2.0,2.0,2.0,1.0,0.0,0.0
6.62191,5,-26,684,0,E1A1923B1519C1502X,TE1A1B2C2D000X,1,1,1,1,2.0,2.0,2.0,1.0,0.0,0.0
6.66597,5,-26,683,0,E1A1923B1523C1503X,TE1A1B2C2D000X,1,1,1,1,2.0,2.0,2.0,1.0,0.0,0.0
6.67883,6,-26,682,0,E1A1923B1527C1503X,TE1A1B2C2D000X,1,1,1,1,2.0,2.0,2.0,1.0,0.0,0.0
6.69165,7,-26,681,0,E1A1923B1530C1504X,TE1A1B2C2D000X,1,1,1,1,2.0,2.0,2.0,1.0,0.0,0.0
6.70443,7,-26,681,0,E1A1923B1533C1504X,TE1A1B2C2D000X,1,1,1,1,2.0,2.0,2.0,1.0,0.0,0.0
6.72174,8,-26,680,0,E1A1923B1536C1504X,TE1A1B2C2D000X,1,1,1,1,2.0,2.0,2.0,1.0,0.0,0.0
6.75406,9,-26,680,0,E1A1923B1540C1505X,TE1A1B2C2D000X,1,1,1,1,2.0,2.0,2.0,1.0,0.0,0.0
6.76693,9,-26,680,0,E1A1923B1544C1505X,TE1A1B2C2D000X,1,1,1,1,2.0,2.0,2.0,1.0,0.0,0.0
6.77961,10,-26,683,0,E1A1923B1549C1507X,TE1A1B2C2D000X,1,1,1,1,2.0,2.0,2.0,1.0,0.0,0.0
6.79255,10,-26,682,0,E1A1923B1552C1508X,TE1A1B2C2D000X,1,1,1,1,2.0,2.0,2.0,1.0,0.0,0.0
6.80549,11,-26,681,0,E1A1923B1555C1508X,TE1A1B2C2D000X,1,1,1,1,2.0,2.0,2.0,1.0,0.0,0.0
6.81834,11,-26,681,0,E1A1923B1558C1508X,TE1A1B2C2D000X,1,1,1,1,2.0,2.0,2.0,1.0,0.0,0.0
6.83111,12,-25,680,0,E1A1923B1561C1509X,TE1A1B2C2D000X,1,1,1,1,2.0,2.0,2.0,1.0,0.0,0.0
6.8457,12,-25,680,0,E1A1923B1564C1510X,TE1A1B2C2D000X,1,1,1,1,2.0,2.0,2.0,1.0,0.0,0.0
6.85886,13,-25,680,0,E1A1923B1566C1511X,TE1A1B2C2D000X,1,1,1,1,2.0,2.0,2.0,1.0,0.0,0.0
6.8722,13,-25,679,0,E1A1923B1569C1513X,TE1A1B2C2D000X,1,1,1,1,2.0,2.0,2.0,1.0,0.0,0.0
6.88513,13,-25,679,0,E1A1923B1572C1514X,TE1A1B2C2D000X,1,1,1,1,2.0,2.0,2.0,1.0,0.0,0.0
6.89812,14,-24,676,0,E1A1923B1572C1514X,TE1A1B2C2D000X,1,1,1,1,2.0,2.0,2.0,1.0,0.0,0.0
6.91038,14,-24,676,0,E1A1923B1575C1516X,TE1A1B2C2D000X,1,1,1,1,2.0,2.0,2.0,1.0,0.0,0.0
6.92339,15,-24,676,0,E1A1923B1578C1517X,TE1A1B2C2D000X,1,1,1,1,2.0,2.0,2.0,1.0,0.0,0.0
6.93629,15,-24,676,0,E1A1923B1580C1518X,TE1A1B2C2D000X,1,1,1,1,2.0,2.0,2.0,1.0,0.0,0.0
6.94918,15,-23,676,0,E1A1923B1583C1520X,TE1A1B2C2D000X,1,1,1,1,2.0,2.0,2.0,1.0,0.0,0.0
6.96357,16,-23,676,0,E1A1923B1586C1521X,TE1A1B2C2D000X,1,1,1,1,2.0,2.0,2.0,1.0,0.0,0.0
6.9822,16,-23,677,0,E1A1923B1589C1523X,TE1A1B2C2D000X,1,1,1,1,2.0,2.0,2.0,1.0,0.0,0.0
6.99504,16,-23,675,0,E1A1923B1590C1524X,TE1A1B2C2D000X,1,1,1,1,2.0,2.0,2.0,1.0,0.0,0.0
7.0078,17,-23,679,0,E1A1923B1595C1527X,TE1A1B2C2D000X,1,1,1,1,2.0,2.0,2.0,1.0,0.0,0.0
7.02062,17,-23,682,0,E1A1923B1600C1529X,TE1A1B2C2D000X,1,1,1,1,2.0,2.0,2.0,1.0,0.0,0.0
7.03338,18,-23,685,0,E1A1923B1604C1531X,TE1A1B2C2D000X,1,1,1,1,2.0,2.0,2.0,1.0,0.0,0.0
7.04588,18,-22,685,0,E1A1923B1606C1532X,TE1A1B2C2D000X,1,1,1,1,2.0,2.0,2.0,1.0,0.0,0.0
7.06232,18,-22,684,0,E1A1923B1608C1532X,TE1A1B2C2D000X,1,1,1,1,2.0,2.0,2.0,1.0,0.0,0.0
7.077,18,-22,684,0,E1A1923B1609C1532X,TE1A1B2C2D000X,1,1,1,1,2.0,2.0,2.0,1.0,0.0,0.0
7.08992,18,-22,683,0,E1A1923B1611C1532X,TE1A1B2C2D000X,1,1,1,1,2.0,2.0,2.0,1.0,0.0,0.0
7.10281,18,-22,681,0,E1A1923B1611C1531X,TE1A1B2C2D000X,1,1,1,1,2.0,2.0,2.0,1.0,0.0,0.0
7.11777,18,-22,684,0,E1A1923B1615C1530X,TE1A1B2C2D000X,1,1,1,1,2.0,2.0,2.0,1.0,0.0,0.0
7.13085,19,-23,683,0,E1A1923B1617C1529X,TE1A1B2C2D000X,1,1,1,1,2.0,2.0,2.0,1.0,0.0,0.0
7.1437,19,-23,683,0,E1A1923B1619C1528X,TE1A1B2C2D000X,1,1,1,1,2.0,2.0,2.0,1.0,0.0,0.0
7.15672,19,-23,683,0,E1A1923B1620C1526X,TE1A1B2C2D000X,1,1,1,1,2.0,2.0,2.0,1.0,0.0,0.0
7.16977,19,-23,682,0,E1A1923B1622C1523X,TE1A1B2C2D000X,1,1,1,1,2.0,2.0,2.0,1.0,0.0,0.0
7.18226,19,-24,682,0,E1A1923B1623C1521X,TE1A1B2C2D000X,1,1,1,1,2.0,2.0,2.0,1.0,0.0,0.0
7.19521,19,-24,682,0,E1A1923B1625C1518X,TE1A1B2C2D000X,1,1,1,1,2.0,2.0,2.0,1.0,0.0,0.0
7.20802,19,-24,682,0,E1A1923B1627C1516X,TE1A1B2C2D000X,1,1,1,1,2.0,2.0,2.0,1.0,0.0,0.0
7.22093,19,-25,681,0,E1A1923B1628C1513X,TE1A1B2C2D000X,1,1,1,1,2.0,2.0,2.0,1.0,0.0,0.0
7.23388,19,-25,681,0,E1A1923B1630C1511X,TE1A1B2C2D000X,1,1,1,1,2.0,2.0,2.0,1.0,0.0,0.0
7.2465,19,-25,681,0,E1A1923B1632C1509X,TE1A1B2C2D000X,1,1,1,1,2.0,2.0,2.0,1.0,0.0,0.0
7.25962,19,-25,680,0,E1A1923B1633C1508X,TE1A1B2C2D000X,1,1,1,1,2.0,2.0,2.0,1.0,0.0,0.0
7.2728,19,-26,680,0,E1A1923B1635C1506X,TE1A1B2C2D000X,1,1,1,1,2.0,2.0,2.0,1.0,0.0,0.0
7.28594,19,-26,680,0,E1A1923B1637C1505X,TE1A1B2C2D000X,1,1,1,1,2.0,2.0,2.0,1.0,0.0,0.0
7.29894,20,-26,679,0,E1A1923B1639C1504X,TE1A1B2C2D000X,1,1,1,1,2.0,2.0,2.0,1.0,0.0,0.0
7.3115,20,-26,680,0,E1A1923B1642C1504X,TE1A1B2C2D000X,1,1,1,1,2.0,2.0,2.0,1.0,0.0,0.0
7.32442,20,-26,679,0,E1A1923B1644C1503X,TE1A1B2C2D000X,1,1,1,1,2.0,2.0,2.0,1.0,0.0,0.0
7.33732,20,-26,679,0,E1A1923B1647C1503X,TE1A1B2C2D000X,1,1,1,1,2.0,2.0,2.0,1.0,0.0,0.0
7.35023,21,-26,680,0,E1A1923B1650C1503X,TE1A1B2C2D000X,1,1,1,1,2.0,2.0,2.0,1.0,0.0,0.0
7.39803,21,-26,683,0,E1A1923B1656C1504X,TE1A1B2C2D000X,1,1,1,1,2.0,2.0,2.0,1.0,0.0,0.0
7.41096,22,-26,683,0,E1A1923B1659C1503X,TE1A1B2C2D000X,1,1,1,1,2.0,2.0,2.0,1.0,0.0,0.0
7.43414,22,-26,683,0,E1A1923B1663C1503X,TE1A1B2C2D000X,1,1,1,1,2.0,2.0,2.0,1.0,0.0,0.0
7.44693,23,-26,682,0,E1A1923B1667C1502X,TE1A1B2C2D000X,1,1,1,1,2.0,2.0,2.0,1.0,0.0,0.0
7.45974,23,-27,682,0,E1A1923B1671C1502X,TE1A1B2C2D000X,1,1,1,1,2.0,2.0,2.0,1.0,0.0,0.0
7.4781,24,-27,681,0,E1A1923B1674C1501X,TE1A1B2C2D000X,1,1,1,1,2.0,2.0,2.0,1.0,0.0,0.0
7.49105,24,-27,681,0,E1A1923B1678C1500X,TE1A1B2C2D000X,1,1,1,1,2.0,2.0,2.0,1.0,0.0,0.0
7.50396,25,-27,681,0,E1A1923B1682C1500X,TE1A1B2C2D000X,1,1,1,1,2.0,2.0,2.0,1.0,0.0,0.0
7.51687,26,-27,681,0,E1A1923B1686C1499X,TE1A1B2C2D000X,1,1,1,1,2.0,2.0,2.0,1.0,0.0,0.0
7.53417,26,-27,681,0,E1A1923B1691C1498X,TE1A1B2C2D000X,1,1,1,1,2.0,2.0,2.0,1.0,0.0,0.0
7.5471,27,-27,681,0,E1A1923B1695C1496X,TE1A1B2C2D000X,1,1,1,1,2.0,2.0,2.0,1.0,0.0,0.0
7.55992,27,-27,680,0,E1A1923B1698C1495X,TE1A1B2C2D000X,1,1,1,1,2.0,2.0,2.0,1.0,0.0,0.0
7.57284,28,-28,680,0,E1A1923B1702C1494X,TE1A1B2C2D000X,1,1,1,1,2.0,2.0,2.0,1.0,0.0,0.0
7.59022,28,-28,680,0,E1A1923B1706C1494X,TE1A1B2C2D000X,1,1,1,1,2.0,2.0,2.0,1.0,0.0,0.0
7.60316,29,-28,680,0,E1A1923B1711C1494X,TE1A1B2C2D000X,1,1,1,1,2.0,2.0,2.0,1.0,0.0,0.0
7.61622,29,-28,680,0,E1A1923B1714C1494X,TE1A1B1C2D000X,1,1,1,1,2.0,2.0,2.0,1.0,0.0,0.0
7.63816,30,-27,680,0,E1A1923B1718C1494X,TE1A1B1C2D000X,1,1,1,1,2.0,2.0,2.0,1.0,0.0,0.0
7.65041,30,-27,680,0,E1A1923B1722C1494X,TE1A1B1C2D000X,1,1,1,1,2.0,2.0,2.0,1.0,0.0,0.0
7.6634,30,-27,678,0,E1A1923B1724C1494X,TE1A1B1C2D000X,1,1,1,1,2.0,2.0,2.0,1.0,0.0,0.0
7.67632,31,-27,678,0,E1A1923B1727C1495X,TE1A1B1C2D000X,1,1,1,1,2.0,2.0,2.0,1.0,0.0,0.0
7.68945,31,-27,678,0,E1A1923B1731C1496X,TE1A1B1C2D000X,1,1,1,1,2.0,2.0,2.0,1.0,0.0,0.0
7.70224,31,-27,678,0,E1A1923B1731C1496X,TE1A1B1C2D000X,1,1,1,1,2.0,2.0,2.0,1.0,0.0,0.0
7.71446,32,-26,678,0,E1A1923B1734C1497X,TE1A1B1C2D000X,1,1,1,1,2.0,2.0,2.0,1.0,0.0,0.0
7.7274,32,-26,678,0,E1A1923B1736C1499X,TE1A1B1C2D000X,1,1,1,1,2.0,2.0,2.0,1.0,0.0,0.0
7.7401,32,-26,678,0,E1A1923B1739C1500X,TE1A1B1C2D000X,1,1,1,1,2.0,2.0,2.0,1.0,0.0,0.0
7.75285,32,-26,681,0,E1A1923B1743C1504X,TE1A1B1C2D000X,1,1,1,1,2.0,2.0,2.0,1.0,0.0,0.0
7.76565,32,-25,681,0,E1A1923B1745C1505X,TE1A1B1C2D000X,1,1,1,1,2.0,2.0,2.0,1.0,0.0,0.0
7.77788,33,-25,681,0,E1A1923B1747C1507X,TE1A1B1C2D000X,1,1,1,1,2.0,2.0,2.0,1.0,0.0,0.0
7.79089,33,-25,681,0,E1A1923B1749C1509X,TE1A1B1C2D000X,1,1,1,1,2.0,2.0,2.0,1.0,0.0,0.0
7.8039,33,-24,679,0,E1A1923B1751C1510X,TE1A1B1C2D000X,1,1,1,1,2.0,2.0,2.0,1.0,0.0,0.0
7.81696,33,-24,677,0,E1A1923B1752C1510X,TE1A1B1C2D000X,1,1,1,1,2.0,2.0,2.0,1.0,0.0,0.0
7.83008,33,-24,678,0,E1A1923B1754C1512X,TE1A1B1C2D000X,1,1,1,1,2.0,2.0,2.0,1.0,0.0,0.0
7.84229,33,-23,681,0,E1A1923B1758C1514X,TE1A1B1C2D000X,1,1,1,1,2.0,2.0,2.0,1.0,0.0,0.0
7.85524,33,-23,679,0,E1A1923B1759C1515X,TE1A1B1C2D000X,1,1,1,1,2.0,2.0,2.0,1.0,0.0,0.0
7.86814,34,-23,679,0,E1A1923B1762C1516X,TE1A1B1C2D000X,1,1,1,1,2.0,2.0,2.0,1.0,0.0,0.0
7.88098,34,-23,683,0,E1A1923B1766C1518X,TE1A1B1C2D000X,1,1,1,1,2.0,2.0,2.0,1.0,0.0,0.0
7.89329,34,-23,686,0,E1A1923B1769C1520X,TE1A1B1C2D000X,1,1,1,1,2.0,2.0,2.0,1.0,0.0,0.0
7.9062,35,-23,689,0,E1A1923B1773C1521X,TE1A1B1C2D000X,1,1,1,1,2.0,2.0,2.0,1.0,0.0,0.0
7.91924,35,-23,688,0,E1A1923B1775C1522X,TE1A1B1C2D000X,1,1,1,1,2.0,2.0,2.0,1.0,0.0,0.0
7.93237,35,-22,686,0,E1A1923B1776C1522X,TE1A1B1C2D000X,1,1,1,1,2.0,2.0,2.0,1.0,0.0,0.0
7.94584,35,-22,685,0,E1A1923B1778C1522X,TE1A1B1C2D000X,1,1,1,1,2.0,2.0,2.0,1.0,0.0,0.0
7.95827,35,-22,684,0,E1A1923B1780C1522X,TE1A1B1C2D000X,1,1,1,1,2.0,2.0,2.0,1.0,0.0,0.0
7.97118,35,-22,684,0,E1A1923B1782C1522X,TE1A1B1C2D000X,1,1,1,1,2.0,2.0,2.0,1.0,0.0,0.0
7.98335,35,-22,687,0,E1A1923B1786C1524X,TE1A1B1C2D000X,1,1,1,1,2.0,2.0,2.0,1.0,0.0,0.0
7.99791,35,-21,686,0,E1A1923B1788C1524X,TE1A1B1C2D000X,1,1,1,1,2.0,2.0,2.0,1.0,0.0,0.0
8.01076,36,-21,685,0,E1A1923B1790C1525X,TE1A1B1C2D000X,1,1,1,1,2.0,2.0,2.0,1.0,0.0,0.0
8.02368,36,-21,685,0,E1A1923B1792C1525X,TE1A1B1C2D000X,1,1,1,1,2.0,2.0,2.0,1.0,0.0,0.0
8.03661,36,-21,684,0,E1A1923B1794C1525X,TE1A1B1C2D000X,1,1,1,1,2.0,2.0,2.0,1.0,0.0,0.0
8.0491,36,-21,684,0,E1A1923B1796C1525X,TE1A1B1C2D000X,1,1,1,1,2.0,2.0,2.0,1.0,0.0,0.0
8.06612,36,-21,684,0,E1A1923B1799C1525X,TE1A1B1C2D000X,1,1,1,1,2.0,2.0,2.0,1.0,0.0,0.0
8.07893,36,-20,681,0,E1A1923B1800C1525X,TE1A1B1C2D000X,1,1,1,1,2.0,2.0,2.0,1.0,0.0,0.0
8.09185,36,-20,681,0,E1A1923B1802C1525X,TE1A1B1C2D000X,1,1,1,1,2.0,2.0,2.0,1.0,0.0,0.0
8.11025,37,-20,680,0,E1A1923B1805C1526X,TE1A1B1C2D000X,1,1,1,1,2.0,2.0,2.0,1.0,0.0,0.0
8.12314,37,-20,680,0,E1A1923B1808C1527X,TE1A1B1C2D000X,1,1,1,1,2.0,2.0,2.0,1.0,0.0,0.0
8.13619,37,-20,680,0,E1A1923B1811C1528X,TE1A1B1C2D000X,1,1,1,1,2.0,2.0,2.0,1.0,0.0,0.0
8.15466,38,-19,680,0,E1A1923B1814C1529X,TE1A1B1C2D000X,1,1,1,1,2.0,2.0,2.0,1.0,0.0,0.0
8.17793,38,-19,680,0,E1A1923B1817C1531X,TE1A1B1C2D000X,1,1,1,1,2.0,2.0,2.0,1.0,0.0,0.0
8.1908,38,-18,679,0,E1A1923B1820C1533X,TE1A1B1C2D000X,1,1,1,1,2.0,2.0,2.0,1.0,0.0,0.0
8.2036,39,-18,679,0,E1A1923B1824C1534X,TE1A1B1C2D000X,1,1,1,1,2.0,2.0,2.0,1.0,0.0,0.0
8.21658,39,-18,680,0,E1A1923B1827C1536X,TE1A1B1C2D000X,1,1,1,1,2.0,2.0,2.0,1.0,0.0,0.0
8.22935,40,-17,680,0,E1A1923B1831C1538X,TE1A1B1C2D000X,1,1,1,1,2.0,2.0,2.0,1.0,0.0,0.0
8.24147,40,-17,683,0,E1A1923B1836C1540X,TE1A1B1C2D000X,1,1,1,1,2.0,2.0,2.0,1.0,0.0,0.0
8.25432,41,-17,686,0,E1A1923B1841C1542X,TE1A1B1C2D000X,1,1,1,1,2.0,2.0,2.0,1.0,0.0,0.0
8.26705,41,-17,689,0,E1A1923B1845C1543X,TE1A1B1C2D000X,1,1,1,1,2.0,2.0,2.0,1.0,0.0,0.0
8.27977,42,-17,688,0,E1A1923B1848C1544X,TE1A1B1C2D000X,1,1,1,1,2.0,2.0,2.0,1.0,0.0,0.0
8.29219,42,-16,687,0,E1A1923B1850C1544X,TE1A1B1C2D000X,1,1,1,1,2.0,2.0,2.0,1.0,0.0,0.0
8.30516,42,-16,686,0,E1A1923B1853C1544X,TE1A1B1C2D000X,1,1,1,1,2.0,2.0,2.0,1.0,0.0,0.0
8.3189,42,-16,685,0,E1A1923B1855C1544X,TE1A1B1C2D000X,1,1,1,1,2.0,2.0,2.0,1.0,0.0,0.0
8.33233,42,-16,681,0,E1A1923B1857C1543X,TE1A1B1C2D000X,1,1,1,1,2.0,2.0,2.0,1.0,0.0,0.0
8.34624,43,-16,681,0,E1A1923B1860C1542X,TE1A1B1C2D000X,1,1,1,1,2.0,2.0,2.0,1.0,0.0,0.0
8.35874,43,-15,681,0,E1A1923B1862C1543X,TE1A1B1C2D000X,1,1,1,1,2.0,2.0,2.0,1.0,0.0,0.0
8.37165,43,-15,680,0,E1A1923B1865C1543X,TE1A1B1C2D000X,1,1,1,1,2.0,2.0,2.0,1.0,0.0,0.0
8.38401,43,-15,680,0,E1A1923B1867C1543X,TE1A1B1C2D000X,1,1,1,1,2.0,2.0,2.0,1.0,0.0,0.0
8.3969,43,-15,679,0,E1A1923B1870C1544X,TE1A1B1C2D000X,1,1,1,1,2.0,2.0,2.0,1.0,0.0,0.0
8.40976,43,-14,680,0,E1A1923B1872C1546X,TE1A1B1C2D000X,1,1,1,1,2.0,2.0,2.0,1.0,0.0,0.0
8.42592,44,-14,679,0,E1A1923B1875C1548X,TE1A1B1C2D000X,1,1,1,1,2.0,2.0,2.0,1.0,0.0,0.0
8.43883,44,-13,679,0,E1A1923B1877C1549X,TE1A1B1C2D000X,1,1,1,1,2.0,2.0,2.0,1.0,0.0,0.0
8.45214,44,-13,679,0,E1A1923B1877C1549X,TE1A1B1C2D000X,1,1,1,1,2.0,2.0,2.0,1.0,0.0,0.0
8.46539,44,-13,679,0,E1A1923B1880C1551X,TE1A1B1C2D000X,1,1,1,1,2.0,2.0,2.0,1.0,0.0,0.0
8.47781,44,-13,679,0,E1A1923B1882C1553X,TE1A1B1C2D000X,1,1,1,1,2.0,2.0,2.0,1.0,0.0,0.0
8.49072,44,-12,679,0,E1A1923B1884C1555X,TE1A1B1C2D000X,1,1,1,1,2.0,2.0,2.0,1.0,0.0,0.0
8.50358,44,-12,678,0,E1A1923B1887C1556X,TE1A1B1C2D000X,1,1,1,1,2.0,2.0,2.0,1.0,0.0,0.0
8.51601,44,-12,677,0,E1A1923B1889C1556X,TE1A1B1C2D000X,1,1,1,1,2.0,2.0,2.0,1.0,0.0,0.0
8.52892,45,-11,677,0,E1A1923B1891C1556X,TE1A1B1C2D000X,1,1,1,1,2.0,2.0,2.0,1.0,0.0,0.0
8.54171,45,-11,677,0,E1A1923B1894C1556X,TE1A1B1C2D000X,1,1,1,1,2.0,2.0,2.0,1.0,0.0,0.0
8.55438,45,-11,677,0,E1A1923B1896C1556X,TE1A1B1C2D000X,1,1,1,1,2.0,2.0,2.0,1.0,0.0,0.0
8.5673,45,-11,674,0,E1A1923B1897C1554X,TE1A1B1C2D000X,1,1,1,1,2.0,2.0,2.0,1.0,0.0,0.0
8.57958,45,-11,674,0,E1A1923B1900C1554X,TE1A1B1C2D000X,1,1,1,1,2.0,2.0,2.0,1.0,0.0,0.0
8.5978,45,-11,674,0,E1A1923B1902C1553X,TE1A1B1C2D000X,1,1,1,1,2.0,2.0,2.0,1.0,0.0,0.0
8.61054,45,-11,675,0,E1A1923B1904C1552X,TE1A1B1C2D000X,1,1,1,1,2.0,2.0,2.0,1.0,0.0,0.0
8.62998,45,-11,675,0,E1A1923B1906C1550X,TE1A1B1C2D000X,1,1,1,1,2.0,2.0,2.0,1.0,0.0,0.0
8.6428,45,-11,674,0,E1A1923B1907C1549X,TE1A1B1C2D000X,1,1,1,1,2.0,2.0,2.0,1.0,0.0,0.0
8.6564,45,-11,674,0,E1A1923B1907C1549X,TE1A1B1C2D000X,1,1,1,1,2.0,2.0,2.0,1.0,0.0,0.0
8.66913,45,-11,674,0,E1A1923B1909C1549X,TE1A1B1C2D000X,1,1,1,1,2.0,2.0,2.0,1.0,0.0,0.0
8.68225,45,-10,674,0,E1A1923B1911C1548X,TE1A1B1C2D000X,1,1,1,1,2.0,2.0,2.0,1.0,0.0,0.0
8.69544,45,-10,673,0,E1A1923B1913C1548X,TE1A1B1C2D000X,1,1,1,1,2.0,2.0,2.0,1.0,0.0,0.0
8.70776,45,-10,673,0,E1A1923B1915C1549X,TE1A1B1C2D000X,1,1,1,1,2.0,2.0,2.0,1.0,0.0,0.0
8.72047,45,-10,673,0,E1A1923B1915C1549X,TE1A1B1C2D000X,1,1,1,1,2.0,2.0,2.0,1.0,0.0,0.0
8.73317,45,-10,671,0,E1A1923B1916C1550X,TE1A1B1C2D000X,1,1,1,1,2.0,2.0,2.0,1.0,0.0,0.0
8.74646,45,-9,675,0,E1A1923B1920C1552X,TE1A1B1C2D000X,1,1,1,1,2.0,2.0,2.0,1.0,0.0,0.0
8.75879,46,-9,679,0,E1A1923B1923C1555X,TE1A1B1C2D000X,1,1,1,1,2.0,2.0,2.0,1.0,0.0,0.0
8.77155,46,-8,682,0,E1A1923B1926C1558X,TE1A1B1C2D000X,1,1,1,1,2.0,2.0,2.0,1.0,0.0,0.0
8.78399,46,-8,688,0,E1A1923B1930C1562X,TE1A1B1C2D000X,1,1,1,1,2.0,2.0,2.0,1.0,0.0,0.0
8.79687,47,-7,690,0,E1A1923B1933C1566X,TE1A1B1C2D000X,1,1,1,1,2.0,2.0,2.0,1.0,0.0,0.0
8.80959,46,-7,688,0,E1A1923B1934C1568X,TE1A1B1C2D000X,1,1,1,1,2.0,2.0,2.0,1.0,0.0,0.0
8.82338,46,-7,688,0,E1A1923B1934C1568X,TE1A1B1C2D000X,1,1,1,1,2.0,2.0,2.0,1.0,0.0,0.0
8.83586,46,-6,685,0,E1A1923B1935C1572X,TE1A1B1C2D000X,1,1,1,1,2.0,2.0,2.0,1.0,0.0,0.0
8.84811,46,-5,685,0,E1A1923B1936C1577X,TE1A1B0C2D000X,1,1,1,1,2.0,2.0,2.0,1.0,0.0,0.0
8.86119,46,-4,685,0,E1A1923B1938C1582X,TE1A1B0C2D000X,1,1,1,1,2.0,2.0,2.0,1.0,0.0,0.0
8.87417,46,-3,685,0,E1A1923B1939C1587X,TE1A1B0C2D000X,1,1,1,1,2.0,2.0,2.0,1.0,0.0,0.0
8.88707,46,-3,688,0,E1A1923B1941C1594X,TE1A1B0C2D000X,1,1,1,1,2.0,2.0,2.0,1.0,0.0,0.0
8.89967,46,-2,690,0,E1A1923B1943C1601X,TE1A1B0C2D000X,1,1,1,1,2.0,2.0,2.0,1.0,0.0,0.0
8.91191,46,-1,692,0,E1A1923B1945C1608X,TE1A1B0C2D000X,1,1,1,1,2.0,2.0,2.0,1.0,0.0,0.0
8.92488,46,0,694,0,E1A1925B1945C1618X,TE1A1B0C2D000X,1,1,1,1,2.0,2.0,2.0,1.0,0.0,0.0
8.93769,46,0,692,0,E1A1924B1945C1627X,TE1A1B0C2D000X,1,1,1,1,2.0,2.0,2.0,1.0,0.0,0.0
8.95078,46,1,692,0,E1A1922B1945C1637X,TE1A1B0C2D000X,1,1,1,1,2.0,2.0,2.0,1.0,0.0,0.0
8.96351,46,2,694,0,E1A1920B1945C1648X,TE1A1B0C2D000X,1,1,1,1,2.0,2.0,2.0,1.0,0.0,0.0
8.97572,46,2,694,0,E1A1920B1945C1648X,TE1A1B0C2D000X,1,1,1,1,2.0,2.0,2.0,1.0,0.0,0.0
8.98866,46,4,693,0,E1A1919B1945C1658X,TE1A1B0C2D000X,1,1,1,1,2.0,2.0,2.0,1.0,0.0,0.0
9.00132,46,4,693,0,E1A1919B1945C1658X,TE1A1B0C2D000X,1,1,1,1,2.0,2.0,2.0,1.0,0.0,0.0
9.01439,46,5,689,0,E1A1918B1945C1668X,TE1A1B0C2D000X,1,1,1,1,2.0,2.0,2.0,1.0,0.0,0.0
9.02703,46,6,690,0,E1A1916B1945C1681X,TE1A1B0C2D000X,1,1,1,1,2.0,2.0,2.0,1.0,0.0,0.0
9.03993,46,7,690,0,E1A1914B1945C1694X,TE1A1B0C2D000X,1,1,1,1,2.0,2.0,2.0,1.0,0.0,0.0
9.05276,45,9,689,0,E1A1913B1945C1707X,TE1A1B0C2D000X,1,1,1,1,2.0,2.0,2.0,1.0,0.0,0.0
9.06602,45,10,688,0,E1A1911B1945C1718X,TE1A1B0C1D000X,1,1,1,1,2.0,2.0,2.0,1.0,0.0,0.0
9.07944,45,11,684,0,E1A1911B1945C1730X,TE1A1B0C1D000X,1,1,1,1,2.0,2.0,2.0,1.0,0.0,0.0
9.09188,45,13,681,0,E1A1910B1945C1741X,TE1A1B0C1D000X,1,1,1,1,2.0,2.0,2.0,1.0,0.0,0.0
9.10472,45,14,677,0,E1A1909B1945C1753X,TE1A1B0C1D000X,1,1,1,1,2.0,2.0,2.0,1.0,0.0,0.0
9.11718,45,16,677,0,E1A1907B1945C1767X,TE1A1B0C1D000X,1,1,1,1,2.0,2.0,2.0,1.0,0.0,0.0
9.13021,44,17,677,0,E1A1905B1945C1781X,TE1A1B0C1D000X,1,1,1,1,2.0,2.0,2.0,1.0,0.0,0.0
9.14285,44,19,677,0,E1A1904B1945C1795X,TE1A1B0C1D000X,1,1,1,1,2.0,2.0,2.0,1.0,0.0,0.0
9.1557,44,20,674,0,E1A1903B1945C1806X,TE1A1B0C1D000X,1,1,1,1,2.0,2.0,2.0,1.0,0.0,0.0
9.16832,44,21,671,0,E1A1902B1945C1816X,TE1A1B0C1D000X,1,1,1,1,2.0,2.0,2.0,1.0,0.0,0.0
9.18031,44,22,669,0,E1A1900B1945C1827X,TE1A1B0C1D000X,1,1,1,1,2.0,2.0,2.0,1.0,0.0,0.0
9.19303,44,22,669,0,E1A1900B1945C1827X,TE1A1B0C1D000X,1,1,1,1,2.0,2.0,2.0,1.0,0.0,0.0
9.20571,44,24,667,0,E1A1898B1945C1841X,TE1A1B0C1D000X,1,1,1,1,2.0,2.0,2.0,1.0,0.0,0.0
9.21825,44,25,665,0,E1A1896B1945C1853X,TE1A1B0C1D000X,1,1,1,1,2.0,2.0,2.0,1.0,0.0,0.0
9.23108,44,27,667,0,E1A1893B1945C1864X,TE1A1B0C1D000X,1,1,1,1,2.0,2.0,2.0,1.0,0.0,0.0
9.24319,44,28,665,0,E1A1890B1945C1873X,TE1A1B0C1D000X,1,1,1,1,2.0,2.0,2.0,1.0,0.0,0.0
9.25608,44,29,664,0,E1A1887B1945C1881X,TE1A1B0C1D000X,1,1,1,1,2.0,2.0,2.0,1.0,0.0,0.0
9.26889,43,31,662,0,E1A1883B1945C1888X,TE1A1B0C1D000X,1,1,1,1,2.0,2.0,2.0,1.0,0.0,0.0
9.28171,43,32,662,0,E1A1877B1945C1893X,TE1A1B0C1D000X,1,1,1,1,2.0,2.0,2.0,1.0,0.0,0.0
9.29405,43,33,661,0,E1A1871B1945C1897X,TE1A1B0C1D000X,1,1,1,1,2.0,2.0,2.0,1.0,0.0,0.0
9.3069,44,34,663,0,E1A1864B1945C1901X,TE1A1B0C1D000X,1,1,1,1,2.0,2.0,2.0,1.0,0.0,0.0
9.3197,43,34,661,0,E1A1857B1945C1904X,TE1A1B0C1D000X,1,1,1,1,2.0,2.0,2.0,1.0,0.0,0.0
9.34196,43,35,661,0,E1A1850B1945C1907X,TE1A1B0C1D000X,1,1,1,1,2.0,2.0,2.0,1.0,0.0,0.0
9.35473,43,36,661,0,E1A1842B1945C1910X,TE1A1B0C1D000X,1,1,1,1,2.0,2.0,2.0,1.0,0.0,0.0
9.37374,43,37,663,0,E1A1832B1945C1913X,TE1A1B0C1D000X,1,1,1,1,2.0,2.0,2.0,1.0,0.0,0.0
9.38645,43,38,662,0,E1A1825B1945C1916X,TE1A1B0C1D000X,1,1,1,1,2.0,2.0,2.0,1.0,0.0,0.0
9.39927,43,39,664,0,E1A1815B1945C1918X,TE1A1B0C1D000X,1,1,1,1,2.0,2.0,2.0,1.0,0.0,0.0
9.42986,43,39,664,0,E1A1806B1945C1921X,TE1A1B0C1D000X,1,1,1,1,2.0,2.0,2.0,1.0,0.0,0.0
9.46585,43,40,663,0,E1A1795B1945C1923X,TE1A1B0C1D000X,1,1,1,1,2.0,2.0,2.0,1.0,0.0,0.0
9.4787,43,41,661,0,E1A1787B1945C1925X,TE1A1B0C1D000X,1,1,1,1,2.0,2.0,2.0,1.0,0.0,0.0
9.49148,43,42,661,0,E1A1781B1944C1925X,TE1A1B0C1D000X,1,1,1,1,2.0,2.0,2.0,1.0,0.0,0.0
9.5042,43,42,660,0,E1A1776B1942C1925X,TE1A1B0C1D000X,1,1,1,1,2.0,2.0,2.0,1.0,0.0,0.0
9.51694,43,43,660,0,E1A1771B1940C1925X,TE1A1B0C1D000X,1,1,1,1,2.0,2.0,2.0,1.0,0.0,0.0
9.54586,42,44,660,0,E1A1766B1937C1925X,TE1A1B0C1D000X,1,1,1,1,2.0,2.0,2.0,1.0,0.0,0.0
9.55861,43,44,663,0,E1A1759B1934C1925X,TE1A1B0C1D000X,1,1,1,1,2.0,2.0,2.0,1.0,0.0,0.0
9.57146,42,45,662,0,E1A1754B1932C1925X,TE1A1B1C1D000X,1,1,1,1,2.0,2.0,2.0,1.0,0.0,0.0
9.5842,42,46,661,0,E1A1750B1930C1925X,TE1A1B1C1D000X,1,1,1,1,2.0,2.0,2.0,1.0,0.0,0.0
9.59703,42,46,662,0,E1A1744B1928C1925X,TE1A1B1C1D000X,1,1,1,1,2.0,2.0,2.0,1.0,0.0,0.0
9.60977,42,47,662,0,E1A1740B1926C1925X,TE1A1B1C1D000X,1,1,1,1,2.0,2.0,2.0,1.0,0.0,0.0
9.62266,42,47,662,0,E1A1734B1924C1925X,TE1A1B1C1D000X,1,1,1,1,2.0,2.0,2.0,1.0,0.0,0.0
9.6462,42,48,660,0,E1A1729B1923C1925X,TE1A1B1C1D000X,1,1,1,1,2.0,2.0,2.0,1.0,0.0,0.0
9.66976,42,48,660,0,E1A1723B1922C1925X,TE1A1B1C1D000X,1,1,1,1,2.0,2.0,2.0,1.0,0.0,0.0
9.68257,42,48,660,0,E1A1718B1921C1925X,TE1A1B1C1D000X,1,1,1,1,2.0,2.0,2.0,1.0,0.0,0.0
9.69542,42,49,658,0,E1A1713B1919C1925X,TE1A1B1C1D000X,1,1,1,1,2.0,2.0,2.0,1.0,0.0,0.0
9.70841,42,49,657,0,E1A1708B1918C1925X,TE1A1B1C1D000X,1,1,1,1,2.0,2.0,2.0,1.0,0.0,0.0
9.72133,42,49,658,0,E1A1702B1918C1925X,TE1A1B1C1D000X,1,1,1,1,2.0,2.0,2.0,1.0,0.0,0.0
9.73415,42,49,658,0,E1A1697B1917C1925X,TE1A2B1C1D000X,1,1,1,1,2.0,2.0,2.0,1.0,0.0,0.0
9.74984,42,50,657,0,E1A1692B1916C1925X,TE1A2B1C1D000X,1,1,1,1,2.0,2.0,2.0,1.0,0.0,0.0
9.76964,42,50,657,0,E1A1686B1916C1925X,TE1A2B1C1D000X,1,1,1,1,2.0,2.0,2.0,1.0,0.0,0.0
9.78212,42,50,658,0,E1A1681B1915C1925X,TE1A2B1C1D000X,1,1,1,1,2.0,2.0,2.0,1.0,0.0,0.0
9.7949,42,50,656,0,E1A1677B1915C1925X,TE1A2B1C1D000X,1,1,1,1,2.0,2.0,2.0,1.0,0.0,0.0
9.80732,42,50,657,0,E1A1671B1915C1925X,TE1A2B1C1D000X,1,1,1,1,2.0,2.0,2.0,1.0,0.0,0.0
9.82585,42,50,655,0,E1A1667B1916C1925X,TE1A2B1C1D000X,1,1,1,1,2.0,2.0,2.0,1.0,0.0,0.0
9.83821,42,50,656,0,E1A1662B1916C1925X,TE1A2B1C1D000X,1,1,1,1,2.0,2.0,2.0,1.0,0.0,0.0
9.85034,42,50,656,0,E1A1662B1916C1925X,TE1A2B1C1D000X,1,1,1,1,2.0,2.0,2.0,1.0,0.0,0.0
9.86288,42,50,657,0,E1A1658B1917C1925X,TE1A2B1C1D000X,1,1,1,1,2.0,2.0,2.0,1.0,0.0,0.0
9.8757,43,50,658,0,E1A1653B1919C1925X,TE1A2B1C1D000X,1,1,1,1,2.0,2.0,2.0,1.0,0.0,0.0
9.89397,43,49,658,0,E1A1648B1920C1925X,TE1A2B1C1D000X,1,1,1,1,2.0,2.0,2.0,1.0,0.0,0.0
9.9068,43,49,659,0,E1A1643B1922C1925X,TE1A2B1C1D000X,1,1,1,1,2.0,2.0,2.0,1.0,0.0,0.0
9.91981,43,49,662,0,E1A1638B1924C1925X,TE1A2B1C1D000X,1,1,1,1,2.0,2.0,2.0,1.0,0.0,0.0
9.95008,43,49,664,0,E1A1633B1926C1925X,TE1A2B1C1D000X,1,1,1,1,2.0,2.0,2.0,1.0,0.0,0.0
9.98722,43,48,664,0,E1A1629B1929C1925X,TE1A2B1C1D000X,1,1,1,1,2.0,2.0,2.0,1.0,0.0,0.0
10.0061,43,47,664,0,E1A1625B1931C1925X,TE1A2B1C1D000X,1,1,1,1,2.0,2.0,2.0,1.0,0.0,0.0
10.0191,44,47,664,0,E1A1621B1934C1925X,TE1A2B1C1D000X,1,1,1,1,2.0,2.0,2.0,1.0,0.0,0.0
10.032,44,46,664,0,E1A1616B1936C1925X,TE1A2B1C1D000X,1,1,1,1,2.0,2.0,2.0,1.0,0.0,0.0
10.0449,44,46,664,0,E1A1612B1938C1925X,TE1A2B1C1D000X,1,1,1,1,2.0,2.0,2.0,1.0,0.0,0.0
10.0662,44,46,664,0,E1A1608B1939C1925X,TE1A2B0C1D000X,1,1,1,1,2.0,2.0,2.0,1.0,0.0,0.0
10.0792,44,46,666,0,E1A1603B1941C1925X,TE1A2B0C1D000X,1,1,1,1,2.0,2.0,2.0,1.0,0.0,0.0
10.0918,44,45,666,0,E1A1599B1943C1925X,TE1A2B0C1D000X,1,1,1,1,2.0,2.0,2.0,1.0,0.0,0.0
10.1222,44,45,666,0,E1A1594B1944C1925X,TE1A2B0C1D000X,1,1,1,1,2.0,2.0,2.0,1.0,0.0,0.0
10.135,44,45,666,0,E1A1589B1945C1925X,TE1A2B0C1D000X,1,1,1,1,2.0,2.0,2.0,1.0,0.0,0.0
10.1478,44,44,666,0,E1A1585B1945C1925X,TE1A2B0C1D000X,1,1,1,1,2.0,2.0,2.0,1.0,0.0,0.0
10.1605,44,44,666,0,E1A1582B1945C1924X,TE1A2B0C1D000X,1,1,1,1,2.0,2.0,2.0,1.0,0.0,0.0
10.1778,45,44,666,0,E1A1577B1945C1922X,TE1A2B0C1D000X,1,1,1,1,2.0,2.0,2.0,1.0,0.0,0.0
10.1979,45,44,665,0,E1A1573B1945C1920X,TE1A2B0C1D000X,1,1,1,1,2.0,2.0,2.0,1.0,0.0,0.0
10.2105,45,44,665,0,E1A1569B1945C1918X,TE1A2B0C1D000X,1,1,1,1,2.0,2.0,2.0,1.0,0.0,0.0
10.2231,46,43,666,0,E1A1564B1945C1916X,TE1A2B0C1D000X,1,1,1,1,2.0,2.0,2.0,1.0,0.0,0.0
10.236,46,43,666,0,E1A1560B1945C1914X,TE1A2B0C1D000X,1,1,1,1,2.0,2.0,2.0,1.0,0.0,0.0
10.2486,47,43,668,0,E1A1555B1945C1913X,TE1A2B0C1D000X,1,1,1,1,2.0,2.0,2.0,1.0,0.0,0.0
10.2658,47,43,667,0,E1A1551B1945C1911X,TE1A2B0C1D000X,1,1,1,1,2.0,2.0,2.0,1.0,0.0,0.0
10.2784,47,43,667,0,E1A1548B1945C1910X,TE1A2B0C1D000X,1,1,1,1,2.0,2.0,2.0,1.0,0.0,0.0
10.2911,47,42,667,0,E1A1544B1945C1908X,TE1A2B0C1D000X,1,1,1,1,2.0,2.0,2.0,1.0,0.0,0.0
10.3038,48,42,669,0,E1A1540B1945C1907X,TE1A2B0C1D000X,1,1,1,1,2.0,2.0,2.0,1.0,0.0,0.0
10.3338,48,42,668,0,E1A1537B1945C1905X,TE1A2B0C1D000X,1,1,1,1,2.0,2.0,2.0,1.0,0.0,0.0
10.3465,48,42,670,0,E1A1532B1945C1903X,TE1A2B0C1D000X,1,1,1,1,2.0,2.0,2.0,1.0,0.0,0.0
10.3592,48,42,667,0,E1A1528B1945C1902X,TE1A2B0C1D000X,1,1,1,1,2.0,2.0,2.0,1.0,0.0,0.0
10.3718,48,42,667,0,E1A1524B1945C1901X,TE1A2B0C1D000X,1,1,1,1,2.0,2.0,2.0,1.0,0.0,0.0
10.3846,48,42,667,0,E1A1519B1945C1900X,TE1A2B0C1D000X,1,1,1,1,2.0,2.0,2.0,1.0,0.0,0.0
10.3973,49,42,667,0,E1A1514B1945C1899X,TE1A2B0C1D000X,1,1,1,1,2.0,2.0,2.0,1.0,0.0,0.0
10.4101,49,42,667,0,E1A1514B1945C1899X,TE1A2B0C1D000X,1,1,1,1,2.0,2.0,2.0,1.0,0.0,0.0
10.4227,49,42,667,0,E1A1514B1945C1899X,TE1A2B0C1D000X,1,1,1,1,2.0,2.0,2.0,1.0,0.0,0.0
10.4354,49,42,667,0,E1A1510B1945C1898X,TE1A2B0C1D000X,1,1,1,1,2.0,2.0,2.0,1.0,0.0,0.0
10.4479,49,41,667,0,E1A1505B1945C1897X,TE1A2B0C1D000X,1,1,1,1,2.0,2.0,2.0,1.0,0.0,0.0
10.4607,49,41,664,0,E1A1501B1945C1896X,TE1A2B0C1D000X,1,1,1,1,2.0,2.0,2.0,1.0,0.0,0.0
10.4734,49,41,664,0,E1A1496B1945C1895X,TE1A2B0C1D000X,1,1,1,1,2.0,2.0,2.0,1.0,0.0,0.0
10.4873,49,41,664,0,E1A1492B1945C1894X,TE1A2B0C1D000X,1,1,1,1,2.0,2.0,2.0,1.0,0.0,0.0
10.5026,49,41,664,0,E1A1487B1945C1893X,TE1A2B0C1D000X,1,1,1,1,2.0,2.0,2.0,1.0,0.0,0.0
10.5151,49,41,664,0,E1A1482B1945C1892X,TE1A2B0C1D000X,1,1,1,1,2.0,2.0,2.0,1.0,0.0,0.0
10.5284,49,41,663,0,E1A1478B1945C1891X,TE1A2B0C1D000X,1,1,1,1,2.0,2.0,2.0,1.0,0.0,0.0
10.5411,50,41,666,0,E1A1474B1945C1891X,TE1A3B0C1D000X,1,1,1,1,2.0,2.0,2.0,1.0,0.0,0.0
10.5538,50,41,665,0,E1A1471B1945C1890X,TE1A3B0C1D000X,1,1,1,1,2.0,2.0,2.0,1.0,0.0,0.0
10.5665,50,41,665,0,E1A1468B1945C1889X,TE1A3B0C1D000X,1,1,1,1,2.0,2.0,2.0,1.0,0.0,0.0
10.579,50,41,664,0,E1A1465B1945C1888X,TE1A3B0C1D000X,1,1,1,1,2.0,2.0,2.0,1.0,0.0,0.0
10.5921,50,40,665,0,E1A1463B1945C1887X,TE1A3B0C1D000X,1,1,1,1,2.0,2.0,2.0,1.0,0.0,0.0
10.605,49,40,665,0,E1A1461B1945C1886X,TE1A3B0C1D000X,1,1,1,1,2.0,2.0,2.0,1.0,0.0,0.0
10.6177,49,40,665,0,E1A1459B1945C1884X,TE1A3B0C1D000X,1,1,1,1,2.0,2.0,2.0,1.0,0.0,0.0
10.6304,49,39,665,0,E1A1459B1945C1883X,TE1A3B0C1D000X,1,1,1,1,2.0,2.0,2.0,1.0,0.0,0.0
10.6435,49,39,667,0,E1A1459B1945C1881X,TE1A3B0C1D000X,1,1,1,1,2.0,2.0,2.0,1.0,0.0,0.0
10.6572,49,39,667,0,E1A1460B1945C1880X,TE1A3B0C1D000X,1,1,1,1,2.0,2.0,2.0,1.0,0.0,0.0
10.6699,48,38,665,0,E1A1461B1945C1878X,TE1A3B0C1D000X,1,1,1,1,2.0,2.0,2.0,1.0,0.0,0.0
10.6827,48,37,665,0,E1A1463B1945C1876X,TE1A3B0C1D000X,1,1,1,1,2.0,2.0,2.0,1.0,0.0,0.0
10.6956,48,37,665,0,E1A1465B1945C1875X,TE1A3B0C1D000X,1,1,1,1,2.0,2.0,2.0,1.0,0.0,0.0
10.7082,47,36,667,0,E1A1467B1945C1874X,TE1A3B0C1D000X,1,1,1,1,2.0,2.0,2.0,1.0,0.0,0.0
10.7213,47,36,667,0,E1A1470B1945C1873X,TE1A3B0C1D000X,1,1,1,1,2.0,2.0,2.0,1.0,0.0,0.0
10.7341,46,35,666,0,E1A1474B1945C1872X,TE1A3B0C1D000X,1,1,1,1,2.0,2.0,2.0,1.0,0.0,0.0
10.7468,46,35,666,0,E1A1477B1945C1871X,TE1A3B0C1D000X,1,1,1,1,2.0,2.0,2.0,1.0,0.0,0.0
10.7593,45,34,668,0,E1A1481B1945C1870X,TE1A3B0C1D000X,1,1,1,1,2.0,2.0,2.0,1.0,0.0,0.0
10.7722,44,33,668,0,E1A1486B1945C1869X,TE1A2B0C1D000X,1,1,1,1,2.0,2.0,2.0,1.0,0.0,0.0
10.7844,44,33,670,0,E1A1490B1945C1869X,TE1A2B0C1D000X,1,1,1,1,2.0,2.0,2.0,1.0,0.0,0.0
10.7973,43,32,669,0,E1A1494B1945C1868X,TE1A2B0C1D000X,1,1,1,1,2.0,2.0,2.0,1.0,0.0,0.0
10.8102,42,32,669,0,E1A1497B1945C1867X,TE1A2B0C1D000X,1,1,1,1,2.0,2.0,2.0,1.0,0.0,0.0
10.8231,42,31,670,0,E1A1501B1945C1867X,TE1A2B0C1D000X,1,1,1,1,2.0,2.0,2.0,1.0,0.0,0.0
10.8358,42,31,670,0,E1A1501B1945C1867X,TE1A2B0C1D000X,1,1,1,1,2.0,2.0,2.0,1.0,0.0,0.0
10.8485,41,31,670,0,E1A1505B1945C1866X,TE1A2B0C1D000X,1,1,1,1,2.0,2.0,2.0,1.0,0.0,0.0
10.8612,40,30,669,0,E1A1510B1945C1866X,TE1A2B0C1D000X,1,1,1,1,2.0,2.0,2.0,1.0,0.0,0.0
10.8741,39,30,669,0,E1A1514B1945C1865X,TE1A2B0C1D000X,1,1,1,1,2.0,2.0,2.0,1.0,0.0,0.0
10.9104,38,29,669,0,E1A1521B1945C1865X,TE1A2B0C1D000X,1,1,1,1,2.0,2.0,2.0,1.0,0.0,0.0
10.9233,37,29,670,0,E1A1527B1945C1865X,TE1A2B0C1D000X,1,1,1,1,2.0,2.0,2.0,1.0,0.0,0.0
10.936,36,28,672,0,E1A1534B1945C1866X,TE1A2B0C1D000X,1,1,1,1,2.0,2.0,2.0,1.0,0.0,0.0
10.9489,35,28,671,0,E1A1540B1945C1866X,TE1A2B0C1D000X,1,1,1,1,2.0,2.0,2.0,1.0,0.0,0.0
10.9617,34,27,670,0,E1A1546B1945C1866X,TE1A2B0C1D000X,1,1,1,1,2.0,2.0,2.0,1.0,0.0,0.0
10.9779,33,27,672,0,E1A1554B1945C1867X,TE1A2B0C1D000X,1,1,1,1,2.0,2.0,2.0,1.0,0.0,0.0
10.9907,32,26,673,0,E1A1562B1945C1867X,TE1A2B0C1D000X,1,1,1,1,2.0,2.0,2.0,1.0,0.0,0.0
11.0035,31,25,672,0,E1A1570B1945C1868X,TE1A2B0C1D000X,1,1,1,1,2.0,2.0,2.0,1.0,0.0,0.0
11.0162,29,25,672,0,E1A1578B1945C1869X,TE1A2B0C1D000X,1,1,1,1,2.0,2.0,2.0,1.0,0.0,0.0
11.0292,28,24,671,0,E1A1585B1945C1870X,TE1A2B0C1D000X,1,1,1,1,2.0,2.0,2.0,1.0,0.0,0.0
11.0418,27,24,672,0,E1A1593B1945C1871X,TE1A2B0C1D000X,1,1,1,1,2.0,2.0,2.0,1.0,0.0,0.0
11.0548,26,23,674,0,E1A1601B1945C1872X,TE1A2B0C1D000X,1,1,1,1,2.0,2.0,2.0,1.0,0.0,0.0
11.068,25,23,673,0,E1A1608B1945C1873X,TE1A2B0C1D000X,1,1,1,1,2.0,2.0,2.0,1.0,0.0,0.0
11.0809,23,23,672,0,E1A1615B1945C1874X,TE1A2B0C1D000X,1,1,1,1,2.0,2.0,2.0,1.0,0.0,0.0
11.0934,22,22,671,0,E1A1622B1945C1876X,TE1A2B0C1D000X,1,1,1,1,2.0,2.0,2.0,1.0,0.0,0.0
11.1062,21,22,672,0,E1A1629B1945C1877X,TE1A2B0C1D000X,1,1,1,1,2.0,2.0,2.0,1.0,0.0,0.0
11.1192,20,22,673,0,E1A1635B1945C1879X,TE1A2B0C1D000X,1,1,1,1,2.0,2.0,2.0,1.0,0.0,0.0
11.1332,19,22,674,0,E1A1642B1945C1881X,TE1A2B0C1D000X,1,1,1,1,2.0,2.0,2.0,1.0,0.0,0.0
11.1507,18,21,673,0,E1A1648B1945C1883X,TE1A2B0C1D000X,1,1,1,1,2.0,2.0,2.0,1.0,0.0,0.0
11.1636,17,21,674,0,E1A1654B1945C1885X,TE1A2B0C1D000X,1,1,1,1,2.0,2.0,2.0,1.0,0.0,0.0
11.1762,15,21,673,0,E1A1660B1945C1886X,TE1A2B0C1D000X,1,1,1,1,2.0,2.0,2.0,1.0,0.0,0.0
11.1891,15,21,674,0,E1A1664B1945C1888X,TE1A2B0C1D000X,1,1,1,1,2.0,2.0,2.0,1.0,0.0,0.0
11.202,14,21,672,0,E1A1669B1945C1890X,TE1A2B0C1D000X,1,1,1,1,2.0,2.0,2.0,1.0,0.0,0.0
11.2148,13,20,671,0,E1A1672B1945C1891X,TE1A2B0C1D000X,1,1,1,1,2.0,2.0,2.0,1.0,0.0,0.0
11.2274,12,20,670,0,E1A1676B1945C1893X,TE1A2B0C1D000X,1,1,1,1,2.0,2.0,2.0,1.0,0.0,0.0
11.2403,11,20,669,0,E1A1678B1945C1894X,TE1A2B0C1D000X,1,1,1,1,2.0,2.0,2.0,1.0,0.0,0.0
11.2532,11,20,668,0,E1A1681B1945C1896X,TE1A2B0C1D000X,1,1,1,1,2.0,2.0,2.0,1.0,0.0,0.0
11.2668,10,20,668,0,E1A1683B1945C1897X,TE1A2B0C1D000X,1,1,1,1,2.0,2.0,2.0,1.0,0.0,0.0
11.2801,9,20,670,0,E1A1686B1945C1899X,TE1A2B0C1D000X,1,1,1,1,2.0,2.0,2.0,1.0,0.0,0.0
11.2929,9,20,671,0,E1A1688B1945C1901X,TE1A2B0C1D000X,1,1,1,1,2.0,2.0,2.0,1.0,0.0,0.0
11.3059,8,20,673,0,E1A1690B1945C1903X,TE1A2B0C1D000X,1,1,1,1,2.0,2.0,2.0,1.0,0.0,0.0
11.3188,8,20,672,0,E1A1691B1945C1904X,TE1A2B0C1D000X,1,1,1,1,2.0,2.0,2.0,1.0,0.0,0.0
11.3312,8,20,672,0,E1A1691B1945C1904X,TE1A2B0C1D000X,1,1,1,1,2.0,2.0,2.0,1.0,0.0,0.0
11.344,7,21,676,0,E1A1693B1945C1906X,TE1A2B0C1D000X,1,1,1,1,2.0,2.0,2.0,1.0,0.0,0.0
11.3569,7,21,677,0,E1A1695B1945C1907X,TE1A2B0C1D000X,1,1,1,1,2.0,2.0,2.0,1.0,0.0,0.0
11.3697,6,20,672,0,E1A1697B1945C1908X,TE1A2B0C1D000X,1,1,1,1,2.0,2.0,2.0,1.0,0.0,0.0
11.3826,5,21,673,0,E1A1699B1945C1910X,TE1A2B0C1D000X,1,1,1,1,2.0,2.0,2.0,1.0,0.0,0.0
11.3952,5,21,672,0,E1A1701B1945C1912X,TE1A2B0C1D000X,1,1,1,1,2.0,2.0,2.0,1.0,0.0,0.0
11.4079,5,21,672,0,E1A1701B1945C1912X,TE1A2B0C1D000X,1,1,1,1,2.0,2.0,2.0,1.0,0.0,0.0
11.4209,4,21,672,0,E1A1703B1945C1913X,TE1A2B0C1D000X,1,1,1,1,2.0,2.0,2.0,1.0,0.0,0.0
11.434,4,21,670,0,E1A1705B1945C1915X,TE1A2B0C1D000X,1,1,1,1,2.0,2.0,2.0,1.0,0.0,0.0
11.4466,3,21,669,0,E1A1707B1945C1916X,TE1A2B0C1D000X,1,1,1,1,2.0,2.0,2.0,1.0,0.0,0.0
11.4598,3,21,669,0,E1A1708B1945C1918X,TE1A2B0C1D000X,1,1,1,1,2.0,2.0,2.0,1.0,0.0,0.0
11.4729,2,21,670,0,E1A1709B1945C1920X,TE1A1B0C1D000X,1,1,1,1,2.0,2.0,2.0,1.0,0.0,0.0
11.4863,2,21,670,0,E1A1709B1945C1920X,TE1A1B0C1D000X,1,1,1,1,2.0,2.0,2.0,1.0,0.0,0.0
11.5103,1,20,669,0,E1A1713B1945C1921X,TE1A1B0C1D000X,1,1,1,1,2.0,2.0,2.0,1.0,0.0,0.0
11.5233,1,20,667,0,E1A1715B1945C1922X,TE1A1B0C1D000X,1,1,1,1,2.0,2.0,2.0,1.0,0.0,0.0
11.5661,0,20,667,0,E1A1718B1945C1924X,TE1A1B0C1D000X,1,1,1,1,2.0,2.0,2.0,1.0,0.0,0.0
11.5792,0,20,669,0,E1A1721B1945C1925X,TE1A1B0C1D000X,1,1,1,1,2.0,2.0,2.0,1.0,0.0,0.0
11.5983,0,20,669,0,E1A1721B1945C1925X,TE1A1B0C1D000X,1,1,1,1,2.0,2.0,2.0,1.0,0.0,0.0
11.6111,0,20,670,0,E1A1724B1946C1925X,TE1A1B0C1D000X,1,1,1,1,2.0,2.0,2.0,1.0,0.0,0.0
11.6341,0,20,672,0,E1A1729B1944C1925X,TE1A1B0C1D000X,1,1,1,1,2.0,2.0,2.0,1.0,0.0,0.0
11.6469,0,20,672,0,E1A1729B1944C1925X,TE1A1B0C1D000X,1,1,1,1,2.0,2.0,2.0,1.0,0.0,0.0
11.6598,-1,20,670,0,E1A1733B1943C1925X,TE1A1B0C1D000X,1,1,1,1,2.0,2.0,2.0,1.0,0.0,0.0
11.6727,-1,20,672,0,E1A1737B1942C1925X,TE1A1B0C1D000X,1,1,1,1,2.0,2.0,2.0,1.0,0.0,0.0
11.6855,-1,20,674,0,E1A1741B1941C1925X,TE1A1B0C1D000X,1,1,1,1,2.0,2.0,2.0,1.0,0.0,0.0
11.6981,-1,20,674,0,E1A1741B1941C1925X,TE1A1B0C1D000X,1,1,1,1,2.0,2.0,2.0,1.0,0.0,0.0
11.7109,-2,20,675,0,E1A1744B1940C1925X,TE1A1B0C1D000X,1,1,1,1,2.0,2.0,2.0,1.0,0.0,0.0
11.725,-2,20,676,0,E1A1748B1939C1925X,TE1A1B0C1D000X,1,1,1,1,2.0,2.0,2.0,1.0,0.0,0.0
11.7383,-2,20,677,0,E1A1750B1937C1925X,TE1A1B0C1D000X,1,1,1,1,2.0,2.0,2.0,1.0,0.0,0.0
11.7513,-2,20,676,0,E1A1752B1936C1925X,TE1A1B0C1D000X,1,1,1,1,2.0,2.0,2.0,1.0,0.0,0.0
11.7641,-3,20,674,0,E1A1754B1935C1925X,TE1A1B0C1D000X,1,1,1,1,2.0,2.0,2.0,1.0,0.0,0.0
11.7767,-3,20,673,0,E1A1756B1934C1925X,TE1A1B0C1D000X,1,1,1,1,2.0,2.0,2.0,1.0,0.0,0.0
11.7897,-3,20,671,0,E1A1758B1933C1925X,TE1A1B1C1D000X,1,1,1,1,2.0,2.0,2.0,1.0,0.0,0.0
11.8032,-4,20,671,0,E1A1761B1931C1925X,TE1A1B1C1D000X,1,1,1,1,2.0,2.0,2.0,1.0,0.0,0.0
11.8162,-4,20,670,0,E1A1763B1930C1925X,TE1A1B1C1D000X,1,1,1,1,2.0,2.0,2.0,1.0,0.0,0.0
11.8292,-4,20,669,0,E1A1765B1929C1925X,TE1A1B1C1D000X,1,1,1,1,2.0,2.0,2.0,1.0,0.0,0.0
11.8415,-4,20,669,0,E1A1765B1929C1925X,TE1A1B1C1D000X,1,1,1,1,2.0,2.0,2.0,1.0,0.0,0.0
11.8545,-4,20,668,0,E1A1768B1928C1925X,TE1A1B1C1D000X,1,1,1,1,2.0,2.0,2.0,1.0,0.0,0.0
11.8673,-5,20,669,0,E1A1772B1926C1925X,TE1A1B1C1D000X,1,1,1,1,2.0,2.0,2.0,1.0,0.0,0.0
11.8803,-5,20,670,0,E1A1775B1925C1925X,TE1A1B1C1D000X,1,1,1,1,2.0,2.0,2.0,1.0,0.0,0.0
11.8926,-5,20,669,0,E1A1777B1924C1925X,TE1A1B1C1D000X,1,1,1,1,2.0,2.0,2.0,1.0,0.0,0.0
11.9059,-5,20,668,0,E1A1778B1924C1925X,TE1A1B1C1D000X,1,1,1,1,2.0,2.0,2.0,1.0,0.0,0.0
11.9189,-6,19,669,0,E1A1780B1923C1925X,TE1A1B1C1D000X,1,1,1,1,2.0,2.0,2.0,1.0,0.0,0.0
11.9315,-6,19,668,0,E1A1781B1923C1925X,TE1A1B1C1D000X,1,1,1,1,2.0,2.0,2.0,1.0,0.0,0.0
11.9443,-6,19,669,0,E1A1782B1923C1925X,TE1A1B1C1D000X,1,1,1,1,2.0,2.0,2.0,1.0,0.0,0.0
11.9571,-6,19,671,0,E1A1782B1923C1925X,TE1A1B1C1D000X,1,1,1,1,2.0,2.0,2.0,1.0,0.0,0.0
11.9702,-6,19,670,0,E1A1783B1923C1925X,TE1A1B1C1D000X,1,1,1,1,2.0,2.0,2.0,1.0,0.0,0.0
11.9831,-5,19,669,0,E1A1782B1924C1925X,TE1A1B1C1D000X,1,1,1,1,2.0,2.0,2.0,1.0,0.0,0.0
11.9954,-5,19,667,0,E1A1782B1924C1925X,TE1A1B1C1D000X,1,1,1,1,2.0,2.0,2.0,1.0,0.0,0.0
12.0084,-5,18,669,0,E1A1781B1924C1925X,TE1A1B1C1D000X,1,1,1,1,2.0,2.0,2.0,1.0,0.0,0.0
12.0214,-5,18,670,0,E1A1780B1925C1925X,TE1A1B1C1D000X,1,1,1,1,2.0,2.0,2.0,1.0,0.0,0.0
12.0344,-5,18,672,0,E1A1780B1925C1925X,TE1A1B1C1D000X,1,1,1,1,2.0,2.0,2.0,1.0,0.0,0.0
12.0472,-5,18,671,0,E1A1780B1926C1925X,TE1A1B1C1D000X,1,1,1,1,2.0,2.0,2.0,1.0,0.0,0.0
12.0739,-5,18,673,0,E1A1780B1926C1925X,TE1A1B1C1D000X,1,1,1,1,2.0,2.0,2.0,1.0,0.0,0.0
12.087,-5,18,674,0,E1A1781B1926C1925X,TE1A1B1C1D000X,1,1,1,1,2.0,2.0,2.0,1.0,0.0,0.0
12.1301,-5,18,675,0,E1A1782B1926C1925X,TE1A1B1C1D000X,1,1,1,1,2.0,2.0,2.0,1.0,0.0,0.0
12.143,-5,17,676,0,E1A1783B1926C1925X,TE1A1B1C1D000X,1,1,1,1,2.0,2.0,2.0,1.0,0.0,0.0
12.156,-5,17,677,0,E1A1785B1926C1925X,TE1A1B1C1D000X,1,1,1,1,2.0,2.0,2.0,1.0,0.0,0.0
12.1739,-5,17,678,0,E1A1786B1926C1925X,TE1A1B1C1D000X,1,1,1,1,2.0,2.0,2.0,1.0,0.0,0.0
12.1868,-5,17,679,0,E1A1787B1927C1925X,TE1A1B1C1D000X,1,1,1,1,2.0,2.0,2.0,1.0,0.0,0.0
12.2,-5,17,680,0,E1A1787B1927C1925X,TE1A1B1C1D000X,1,1,1,1,2.0,2.0,2.0,1.0,0.0,0.0
12.2155,-5,17,680,0,E1A1787B1927C1925X,TE1A1B1C1D000X,1,1,1,1,2.0,2.0,2.0,1.0,0.0,0.0
12.2284,-5,16,681,0,E1A1787B1927C1925X,TE1A1B1C1D000X,1,1,1,1,2.0,2.0,2.0,1.0,0.0,0.0
12.2417,-4,16,682,0,E1A1787B1928C1925X,TE1A1B1C1D000X,1,1,1,1,2.0,2.0,2.0,1.0,0.0,0.0
12.2564,-4,16,680,0,E1A1786B1928C1925X,TE1A1B1C1D000X,1,1,1,1,2.0,2.0,2.0,1.0,0.0,0.0
12.2705,-4,16,680,0,E1A1786B1928C1925X,TE1A1B1C1D000X,1,1,1,1,2.0,2.0,2.0,1.0,0.0,0.0
12.2833,-4,16,678,0,E1A1785B1929C1925X,TE1A1B1C1D000X,1,1,1,1,2.0,2.0,2.0,1.0,0.0,0.0
12.2961,-4,16,678,0,E1A1785B1929C1925X,TE1A1B1C1D000X,1,1,1,1,2.0,2.0,2.0,1.0,0.0,0.0
12.3084,-4,16,676,0,E1A1784B1929C1925X,TE1A1B1C1D000X,1,1,1,1,2.0,2.0,2.0,1.0,0.0,0.0
12.3216,-4,16,675,0,E1A1783B1929C1925X,TE1A1B1C1D000X,1,1,1,1,2.0,2.0,2.0,1.0,0.0,0.0
12.3344,-4,16,673,0,E1A1783B1929C1925X,TE1A1B1C1D000X,1,1,1,1,2.0,2.0,2.0,1.0,0.0,0.0
12.347,-4,15,672,0,E1A1782B1930C1925X,TE1A1B1C1D000X,1,1,1,1,2.0,2.0,2.0,1.0,0.0,0.0
12.3591,-4,15,671,0,E1A1782B1930C1925X,TE1A1B1C1D000X,1,1,1,1,2.0,2.0,2.0,1.0,0.0,0.0
12.372,-4,15,670,0,E1A1781B1930C1925X,TE1A1B1C1D000X,1,1,1,1,2.0,2.0,2.0,1.0,0.0,0.0
12.3848,-4,15,669,0,E1A1781B1930C1925X,TE1A1B1C1D000X,1,1,1,1,2.0,2.0,2.0,1.0,0.0,0.0
12.3974,-4,15,670,0,E1A1782B1929C1925X,TE1A1B1C1D000X,1,1,1,1,2.0,2.0,2.0,1.0,0.0,0.0
12.4104,-4,15,669,0,E1A1782B1929C1925X,TE1A1B1C1D000X,1,1,1,1,2.0,2.0,2.0,1.0,0.0,0.0
12.4235,-4,15,668,0,E1A1782B1929C1925X,TE1A1B1C1D000X,1,1,1,1,2.0,2.0,2.0,1.0,0.0,0.0
12.4364,-4,15,667,0,E1A1782B1928C1925X,TE1A1B1C1D000X,1,1,1,1,2.0,2.0,2.0,1.0,0.0,0.0
12.4493,-4,15,666,0,E1A1782B1928C1925X,TE1A1B1C1D000X,1,1,1,1,2.0,2.0,2.0,1.0,0.0,0.0
12.4616,-4,15,668,0,E1A1782B1927C1925X,TE1A1B1C1D000X,1,1,1,1,2.0,2.0,2.0,1.0,0.0,0.0
12.4746,-4,16,670,0,E1A1782B1926C1925X,TE1A1B1C1D000X,1,1,1,1,2.0,2.0,2.0,1.0,0.0,0.0
12.4876,-4,16,671,0,E1A1781B1925C1925X,TE1A1B1C1D000X,1,1,1,1,2.0,2.0,2.0,1.0,0.0,0.0
12.5005,-4,16,671,0,E1A1781B1924C1925X,TE1A1B1C1D000X,1,1,1,1,2.0,2.0,2.0,1.0,0.0,0.0
12.5134,-3,16,669,0,E1A1779B1923C1925X,TE1A1B1C1D000X,1,1,1,1,2.0,2.0,2.0,1.0,0.0,0.0
12.5258,-3,16,669,0,E1A1779B1922C1925X,TE1A1B1C1D000X,1,1,1,1,2.0,2.0,2.0,1.0,0.0,0.0
12.5388,-3,16,668,0,E1A1778B1921C1925X,TE1A1B1C1D000X,1,1,1,1,2.0,2.0,2.0,1.0,0.0,0.0
12.5518,-3,16,667,0,E1A1777B1921C1925X,TE1A1B1C1D000X,1,1,1,1,2.0,2.0,2.0,1.0,0.0,0.0
12.5646,-3,16,668,0,E1A1776B1920C1925X,TE1A1B1C1D000X,1,1,1,1,2.0,2.0,2.0,1.0,0.0,0.0
12.5772,-3,16,668,0,E1A1775B1920C1925X,TE1A1B1C1D000X,1,1,1,1,2.0,2.0,2.0,1.0,0.0,0.0
12.59,-3,17,669,0,E1A1774B1920C1925X,TE1A1B1C1D000X,1,1,1,1,2.0,2.0,2.0,1.0,0.0,0.0
12.6029,-3,16,668,0,E1A1773B1920C1925X,TE1A1B1C1D000X,1,1,1,1,2.0,2.0,2.0,1.0,0.0,0.0
12.6156,-3,16,667,0,E1A1772B1920C1925X,TE1A1B1C1D000X,1,1,1,1,2.0,2.0,2.0,1.0,0.0,0.0
12.6292,-3,16,669,0,E1A1772B1920C1925X,TE1A1B1C1D000X,1,1,1,1,2.0,2.0,2.0,1.0,0.0,0.0
12.6416,-3,16,669,0,E1A1772B1921C1925X,TE1A1B1C1D000X,1,1,1,1,2.0,2.0,2.0,1.0,0.0,0.0
12.6546,-2,16,668,0,E1A1772B1922C1925X,TE1A1B1C1D000X,1,1,1,1,2.0,2.0,2.0,1.0,0.0,0.0
12.6674,-3,16,669,0,E1A1773B1922C1925X,TE1A1B1C1D000X,1,1,1,1,2.0,2.0,2.0,1.0,0.0,0.0
12.6802,-3,16,671,0,E1A1774B1922C1925X,TE1A1B1C1D000X,1,1,1,1,2.0,2.0,2.0,1.0,0.0,0.0
12.6924,-3,15,672,0,E1A1775B1923C1925X,TE1A1B1C1D000X,1,1,1,1,2.0,2.0,2.0,1.0,0.0,0.0
12.7057,-2,15,672,0,E1A1775B1924C1925X,TE1A1B1C1D000X,1,1,1,1,2.0,2.0,2.0,1.0,0.0,0.0
12.7186,-3,15,670,0,E1A1776B1924C1925X,TE1A1B1C1D000X,1,1,1,1,2.0,2.0,2.0,1.0,0.0,0.0
12.7338,-2,15,670,0,E1A1776B1925C1925X,TE1A1B1C1D000X,1,1,1,1,2.0,2.0,2.0,1.0,0.0,0.0
12.7467,-2,14,668,0,E1A1776B1925C1925X,TE1A1B1C1D000X,1,1,1,1,2.0,2.0,2.0,1.0,0.0,0.0
12.7597,-2,14,667,0,E1A1775B1926C1925X,TE1A1B1C1D000X,1,1,1,1,2.0,2.0,2.0,1.0,0.0,0.0
12.7728,-2,14,669,0,E1A1776B1926C1925X,TE1A1B1C1D000X,1,1,1,1,2.0,2.0,2.0,1.0,0.0,0.0
12.786,-2,14,668,0,E1A1775B1926C1925X,TE1A1B1C1D000X,1,1,1,1,2.0,2.0,2.0,1.0,0.0,0.0
12.7984,-2,14,668,0,E1A1775B1926C1925X,TE1A1B1C1D000X,1,1,1,1,2.0,2.0,2.0,1.0,0.0,0.0
12.8114,-2,14,670,0,E1A1776B1926C1925X,TE1A1B1C1D000X,1,1,1,1,2.0,2.0,2.0,1.0,0.0,0.0
12.8242,-2,14,671,0,E1A1776B1926C1925X,TE1A1B1C1D000X,1,1,1,1,2.0,2.0,2.0,1.0,0.0,0.0
12.8369,-2,14,673,0,E1A1776B1926C1925X,TE1A1B1C1D000X,1,1,1,1,2.0,2.0,2.0,1.0,0.0,0.0
12.8496,-2,14,674,0,E1A1776B1925C1925X,TE1A1B1C1D000X,1,1,1,1,2.0,2.0,2.0,1.0,0.0,0.0
12.862,-2,14,672,0,E1A1777B1924C1925X,TE1A1B1C1D000X,1,1,1,1,2.0,2.0,2.0,1.0,0.0,0.0
12.8749,-2,14,671,0,E1A1777B1924C1925X,TE1A1B1C1D000X,1,1,1,1,2.0,2.0,2.0,1.0,0.0,0.0
12.8878,-2,14,669,0,E1A1778B1923C1925X,TE1A1B1C1D000X,1,1,1,1,2.0,2.0,2.0,1.0,0.0,0.0
12.9004,-2,14,669,0,E1A1778B1923C1925X,TE1A1B1C1D000X,1,1,1,1,2.0,2.0,2.0,1.0,0.0,0.0
12.9133,-3,14,671,0,E1A1778B1922C1925X,TE1A1B1C1D000X,1,1,1,1,2.0,2.0,2.0,1.0,0.0,0.0
12.9255,-3,14,672,0,E1A1779B1921C1925X,TE1A1B1C1D000X,1,1,1,1,2.0,2.0,2.0,1.0,0.0,0.0
12.9382,-3,14,672,0,E1A1779B1921C1925X,TE1A1B1C1D000X,1,1,1,1,2.0,2.0,2.0,1.0,0.0,0.0
12.9511,-3,14,673,0,E1A1779B1920C1925X,TE1A1B1C1D000X,1,1,1,1,2.0,2.0,2.0,1.0,0.0,0.0
12.964,-3,15,675,0,E1A1779B1919C1925X,TE1A1B1C1D000X,1,1,1,1,2.0,2.0,2.0,1.0,0.0,0.0
12.9898,-3,15,676,0,E1A1779B1918C1925X,TE1A1B1C1D000X,1,1,1,1,2.0,2.0,2.0,1.0,0.0,0.0
13.0027,-3,15,677,0,E1A1778B1918C1925X,TE1A1B1C1D000X,1,1,1,1,2.0,2.0,2.0,1.0,0.0,0.0
13.0155,-3,15,676,0,E1A1778B1917C1925X,TE1A1B1C1D000X,1,1,1,1,2.0,2.0,2.0,1.0,0.0,0.0
13.0281,-3,15,677,0,E1A1778B1917C1925X,TE1A1B1C1D000X,1,1,1,1,2.0,2.0,2.0,1.0,0.0,0.0
13.0408,-3,15,676,0,E1A1778B1916C1925X,TE1A1B1C1D000X,1,1,1,1,2.0,2.0,2.0,1.0,0.0,0.0
13.0659,-3,15,674,0,E1A1778B1916C1925X,TE1A1B1C1D000X,1,1,1,1,2.0,2.0,2.0,1.0,0.0,0.0
13.0789,-3,15,672,0,E1A1778B1915C1925X,TE1A1B1C1D000X,1,1,1,1,2.0,2.0,2.0,1.0,0.0,0.0
13.0919,-3,15,671,0,E1A1778B1915C1925X,TE1A1B1C1D000X,1,1,1,1,2.0,2.0,2.0,1.0,0.0,0.0
13.1048,-3,15,670,0,E1A1778B1914C1925X,TE1A1B1C1D000X,1,1,1,1,2.0,2.0,2.0,1.0,0.0,0.0
13.1178,-3,15,671,0,E1A1778B1914C1925X,TE1A1B1C1D000X,1,1,1,1,2.0,2.0,2.0,1.0,0.0,0.0
13.1304,-3,15,673,0,E1A1777B1913C1925X,TE1A1B1C1D000X,1,1,1,1,2.0,2.0,2.0,1.0,0.0,0.0
13.1459,-3,15,674,0,E1A1777B1913C1925X,TE1A1B1C1D000X,1,1,1,1,2.0,2.0,2.0,1.0,0.0,0.0
13.1588,-3,15,673,0,E1A1777B1912C1925X,TE1A1B1C1D000X,1,1,1,1,2.0,2.0,2.0,1.0,0.0,0.0
13.1724,-3,15,671,0,E1A1777B1912C1925X,TE1A1B1C1D000X,1,1,1,1,2.0,2.0,2.0,1.0,0.0,0.0
13.1853,-3,15,670,0,E1A1777B1911C1925X,TE1A1B1C1D000X,1,1,1,1,2.0,2.0,2.0,1.0,0.0,0.0
13.1979,-3,15,671,0,E1A1777B1911C1925X,TE1A1B1C1D000X,1,1,1,1,2.0,2.0,2.0,1.0,0.0,0.0
13.2139,-3,15,670,0,E1A1776B1911C1925X,TE1A1B1C1D000X,1,1,1,1,2.0,2.0,2.0,1.0,0.0,0.0
13.2269,-3,15,669,0,E1A1776B1911C1925X,TE1A1B1C1D000X,1,1,1,1,2.0,2.0,2.0,1.0,0.0,0.0
13.2502,-2,15,671,0,E1A1776B1911C1925X,TE1A1B1C1D000X,1,1,1,1,2.0,2.0,2.0,1.0,0.0,0.0
13.2633,-2,15,672,0,E1A1776B1911C1925X,TE1A1B1C1D000X,1,1,1,1,2.0,2.0,2.0,1.0,0.0,0.0
13.2821,-2,15,671,0,E1A1775B1911C1925X,TE1A1B1C1D000X,1,1,1,1,2.0,2.0,2.0,1.0,0.0,0.0
13.3063,-2,15,672,0,E1A1776B1911C1925X,TE1A1B1C1D000X,1,1,1,1,2.0,2.0,2.0,1.0,0.0,0.0
13.3193,-2,14,674,0,E1A1776B1912C1925X,TE1A1B1C1D000X,1,1,1,1,2.0,2.0,2.0,1.0,0.0,0.0
13.3501,-2,14,672,0,E1A1776B1913C1925X,TE1A1B1C1D000X,1,1,1,1,2.0,2.0,2.0,1.0,0.0,0.0
13.3632,-2,14,671,0,E1A1776B1914C1925X,TE1A1B1C1D000X,1,1,1,1,2.0,2.0,2.0,1.0,0.0,0.0
13.3761,-2,14,672,0,E1A1777B1914C1925X,TE1A1B1C1D000X,1,1,1,1,2.0,2.0,2.0,1.0,0.0,0.0
13.389,-2,13,673,0,E1A1778B1915C1925X,TE1A1B1C1D000X,1,1,1,1,2.0,2.0,2.0,1.0,0.0,0.0
13.402,-2,13,674,0,E1A1779B1915C1925X,TE1A1B1C1D000X,1,1,1,1,2.0,2.0,2.0,1.0,0.0,0.0
13.4179,-2,13,673,0,E1A1779B1916C1925X,TE1A1B1C1D000X,1,1,1,1,2.0,2.0,2.0,1.0,0.0,0.0
13.4308,-2,13,672,0,E1A1779B1916C1925X,TE1A1B1C1D000X,1,1,1,1,2.0,2.0,2.0,1.0,0.0,0.0
13.4438,-2,13,673,1,E1A1780B1916C1925X,TE1A1B1C1D000X,1,1,1,1,2.0,2.0,2.0,1.0,0.0,0.0
