timestamp,errXmm,errYmm,errZmm,MarkerPresent,Touched,Encoder,Heading4,Heading5
0.895182,-245,69,328,1,1,TE1A1B0C0D000X,0,0
0.908301,-245,69,328,1,0,TE1A0B9C2D000X,0,0
0.921418,-259,68,327,0,0,TE1A0B9C2D000X,0,0
0.934131,-259,68,327,0,0,TE1A0B9C2D000X,0,0
0.946794,-259,68,327,0,0,TE1A0B9C2D000X,0,0
0.960353,-259,68,327,0,0,TE1A0B9C2D000X,0,0
0.973423,-259,68,327,0,0,TE1A0B9C2D000X,0,0
0.986223,-259,68,327,0,0,TE1A0B9C2D000X,0,0
0.99949,-259,68,327,0,0,TE1A0B9C2D000X,0,0
1.01232,-259,68,327,0,0,TE1A0B9C2D000X,0,0
0.0127773,-259,68,327,1,0,TE1A0B9C2D000X,0,0
0.0257434,-259,55,328,1,0,TE1A0B9C2D000X,0,0
0.0383903,-262,44,328,1,0,TE1A0B9C3D000X,0,0
0.0511809,-264,34,327,1,0,TE1A0B9C3D000X,0,0
0.0641105,-267,25,328,1,0,TE1A0B9C3D000X,0,0
0.0770191,-269,17,329,1,0,TE1A0B9C3D000X,0,0
0.0894388,-271,10,329,1,0,TE1A0B9C4D000X,0,0
0.102021,-272,4,329,1,0,TE1A0B9C4D000X,0,0
0.114886,-273,0,330,1,0,TE1A0B9C4D000X,0,0
0.127699,-273,-5,329,1,0,TE1A0B9C4D000X,0,0
0.140407,-274,-10,330,1,0,TE1A0B9C4D000X,0,0
0.153046,-274,-14,330,1,0,TE1A0B9C4D000X,0,0
0.165758,-274,-17,330,1,0,TE1A0B9C4D000X,0,0
0.178713,-274,-20,329,1,0,TE1A0B9C4D000X,0,0
0.191734,-275,-23,331,1,0,TE1A0B9C5D000X,0,0
0.204466,-275,-26,331,1,0,TE1A0B9C5D000X,0,0
0.217694,-275,-28,331,1,0,TE1A0B9C5D000X,0,0
0.230776,-275,-30,331,1,0,TE1A0B9C5D000X,0,0
0.243692,-274,-32,331,1,0,TE1A0B9C5D000X,0,0
0.256824,-274,-33,332,1,0,TE1A0B9C5D000X,0,0
0.269616,-274,-35,332,1,0,TE1A0B9C5D000X,0,0
0.282143,-274,-36,333,1,0,TE1A0B9C5D000X,0,0
0.29536,-274,-37,333,1,0,TE1A0B9C5D000X,0,0
0.308218,-274,-38,334,1,0,TE1A0B9C5D000X,0,0
0.320783,-273,-38,334,1,0,TE1A0B9C5D000X,0,0
0.333608,-273,-39,334,1,0,TE1A0B9C5D000X,0,0
0.346182,-273,-39,335,1,0,TE1A0B9C5D000X,0,0
0.358914,-272,-39,336,1,0,TE1A0B9C5D000X,0,0
0.371413,-272,-39,335,1,0,TE1A0B9C5D000X,0,0
0.384609,-271,-39,335,1,0,TE1A0B9C5D000X,0,0
0.397275,-270,-38,334,1,0,TE1A0B9C5D000X,0,0
0.409687,-269,-38,334,1,0,TE1A0B9C5D000X,0,0
0.422025,-268,-37,333,1,0,TE1A0B9C5D000X,0,0
0.434451,-268,-36,333,1,0,TE1A0B9C5D000X,0,0
0.446781,-268,-36,334,1,0,TE1A0B9C5D000X,0,0
0.45944,-267,-35,333,1,0,TE1A0B9C5D000X,0,0
0.471699,-265,-34,332,1,0,TE1A0B9C5D000X,0,0
0.483915,-265,-33,332,1,0,TE1A0B9C5D000X,0,0
0.496462,-264,-31,331,1,0,TE1A0B9C5D000X,0,0
0.509151,-263,-30,330,1,0,TE1A0B9C5D000X,0,0
0.521655,-262,-29,329,1,0,TE1A0B9C5D000X,0,0
0.534208,-261,-28,328,1,0,TE1A0B9C5D000X,0,0
0.546913,-260,-26,328,1,0,TE1A0B9C5D000X,0,0
0.559442,-259,-25,328,1,0,TE1A0B9C5D000X,0,0
0.571659,-258,-24,327,1,0,TE1A0B9C5D000X,0,0
0.584151,-258,-23,327,1,0,TE1A0B9C4D000X,0,0
0.596303,-257,-23,327,1,0,TE1A0B9C4D000X,0,0
0.608774,-257,-22,327,1,0,TE1A0B9C4D000X,0,0
0.621515,-256,-21,327,1,0,TE1A0B9C4D000X,0,0
0.634431,-255,-21,326,1,0,TE1A0B9C4D000X,0,0
0.647069,-254,-20,326,1,0,TE1A0B9C4D000X,0,0
0.659644,-254,-20,327,1,0,TE1A0B9C4D000X,0,0
0.671824,-253,-19,326,1,0,TE1A0B9C4D000X,0,0
0.684481,-252,-19,326,1,0,TE1A0B9C4D000X,0,0
0.697153,-251,-18,326,1,0,TE1A0B9C4D000X,0,0
0.709581,-250,-18,326,1,0,TE1A0B9C4D000X,0,0
0.721904,-250,-18,326,1,0,TE1A0B9C4D000X,0,0
0.734296,-249,-17,326,1,0,TE1A0B9C4D000X,0,0
0.746965,-248,-17,325,1,0,TE1A0B9C4D000X,0,0
0.759671,-247,-17,325,1,0,TE1A0B9C4D000X,0,0
0.773322,-247,-17,325,1,0,TE1A0B9C4D000X,0,0
0.785812,-247,-16,326,1,0,TE1A0B9C4D000X,0,0
0.79852,-246,-16,325,1,0,TE1A0B9C4D000X,0,0
0.811934,-245,-16,325,1,0,TE1A0B9C4D000X,0,0
0.825103,-244,-16,325,1,0,TE1A0B9C4D000X,0,0
0.837452,-244,-16,324,1,0,TE1A0B9C4D000X,0,0
0.850014,-243,-15,325,1,0,TE1A0B9C4D000X,0,0
0.862305,-242,-15,324,1,0,TE1A0B9C4D000X,0,0
0.874339,-242,-15,324,1,0,TE1A0B9C4D000X,0,0
0.886969,-241,-15,323,1,0,TE1A0B9C4D000X,0,0
0.899696,-240,-14,323,1,0,TE1A0B9C4D000X,0,0
0.912309,-240,-14,323,1,0,TE1A0B9C4D000X,0,0
0.924896,-239,-14,323,1,0,TE1A0B9C4D000X,0,0
0.937329,-239,-14,323,1,0,TE1A0B9C4D000X,0,0
0.949648,-238,-13,323,1,0,TE1A0B9C4D000X,0,0
0.962133,-237,-13,323,1,0,TE1A0B9C4D000X,0,0
0.974723,-236,-13,323,1,0,TE1A0B9C4D000X,0,0
0.987123,-236,-13,323,1,0,TE1A0B9C4D000X,0,0
0.999622,-235,-13,323,1,0,TE1A0B9C4D000X,0,0
1.01215,-235,-12,323,1,0,TE1A0B9C4D000X,0,0
0.0131997,-234,-12,324,1,0,TE1A0B9C4D000X,0,0
0.0255265,-233,-12,324,1,0,TE1A0B9C4D000X,0,0
0.0378488,-232,-12,324,1,0,TE1A0B9C4D000X,0,0
0.0503195,-232,-12,325,1,0,TE1A0B9C4D000X,0,0
0.0629262,-231,-12,325,1,0,TE1A0B9C4D000X,0,0
0.0753519,-231,-12,326,1,0,TE1A0B9C4D000X,0,0
0.0877269,-230,-12,326,1,0,TE1A0B9C4D000X,0,0
0.100136,-230,-12,327,1,0,TE1A0B9C4D000X,0,0
0.112592,-230,-12,328,1,0,TE1A0B9C4D000X,0,0
0.12485,-229,-12,328,1,0,TE1A0B9C4D000X,0,0
0.137085,-228,-12,328,1,0,TE1A0B9C4D000X,0,0
0.14974,-228,-12,329,1,0,TE1A0B9C4D000X,0,0
0.16469,-227,-12,329,1,0,TE1A0B9C4D000X,0,0
0.178004,-226,-12,329,1,0,TE1A0B9C4D000X,0,0
0.190164,-225,-11,329,1,0,TE1A0B9C4D000X,0,0
0.202464,-224,-11,330,1,0,TE1A0B9C4D000X,0,0
0.214995,-223,-11,330,1,0,TE1A0B9C4D000X,0,0
0.226319,-222,-11,331,1,0,TE1A0B9C4D000X,0,0
0.240639,-221,-11,331,1,0,TE1A0B9C4D000X,0,0
0.253231,-220,-11,331,1,0,TE1A0B8C4D000X,0,0
0.266388,-219,-11,331,1,0,TE1A0B8C4D000X,0,0
0.279837,-218,-11,330,1,0,TE1A0B8C4D000X,0,0
0.292191,-218,-11,330,1,0,TE1A0B8C4D000X,0,0
0.304614,-217,-11,330,1,0,TE1A0B8C4D000X,0,0
0.316951,-216,-11,331,1,0,TE1A0B8C4D000X,0,0
0.328838,-216,-11,330,1,0,TE1A0B8C4D000X,0,0
0.341275,-215,-11,330,1,0,TE1A0B8C4D000X,0,0
0.353836,-215,-11,330,1,0,TE1A0B8C4D000X,0,0
0.366452,-215,-11,331,1,0,TE1A0B8C4D000X,0,0
0.378809,-195,-9,329,1,0,TE1A0B8C4D000X,0,0
0.390979,-177,-7,328,1,0,TE1A0B8C3D000X,0,0
0.403137,-161,-6,327,1,0,TE1A0B7C3D000X,0,0
0.415573,-147,-5,326,1,0,TE1A0B7C3D000X,0,0
0.428126,-134,-4,325,1,0,TE1A0B6C3D000X,0,0
0.440431,-122,-3,324,1,0,TE1A0B6C2D000X,0,0
0.45278,-111,-2,323,1,0,TE1A0B5C2D000X,0,0
0.465064,-101,-1,322,1,0,TE1A0B5C2D000X,0,0
0.477559,-92,0,321,1,0,TE1A0B4C2D000X,0,0
0.489947,-84,0,321,1,0,TE1A0B4C2D000X,0,0
0.502584,-77,0,321,1,0,TE1A0B4C1D000X,0,0
0.514958,-70,0,320,1,0,TE1A0B4C1D000X,0,0
0.527126,-63,0,319,1,0,TE1A0B3C1D000X,0,0
0.539165,-57,1,319,1,0,TE1A0B3C1D000X,0,0
0.551558,-51,1,319,1,0,TE1A0B3C1D000X,0,0
0.564077,-46,1,319,1,0,TE1A0B2C1D000X,0,0
0.576303,-41,1,319,1,0,TE1A0B2C1D000X,0,0
0.588154,-37,1,320,1,0,TE1A0B2C1D000X,0,0
0.600601,-33,1,320,1,0,TE1A0B2C1D000X,0,0
0.613197,-29,1,320,1,0,TE1A0B2C1D000X,0,0
0.625282,-25,1,320,1,0,TE1A0B1C0D000X,0,0
0.637477,-21,1,320,1,0,TE1A0B1C0D000X,0,0
0.649688,-18,1,319,1,0,TE1A0B1C0D000X,0,0
0.661753,-15,0,320,1,0,TE1A0B1C0D000X,0,0
0.674023,-11,0,320,1,0,TE1A0B1C0D000X,0,0
0.685996,-8,0,320,1,0,TE1A0B1C0D000X,0,0
0.69797,-5,0,320,1,0,TE1A0B1C0D000X,0,0
0.711129,-2,0,320,1,0,TE1A0B0C0D000X,0,0
0.723003,0,0,320,1,0,TE1A0B0C0D000X,0,0
0.735128,3,0,319,1,0,TE1A0B0C0D000X,0,0
0.74698,6,0,320,1,0,TE1A0B0C0D000X,0,0
0.758811,9,0,320,1,0,TE1A0B0C0D000X,0,0
0.770603,12,0,320,1,0,TE1A0B0C0D000X,0,0
0.782822,15,0,320,1,0,TE1A0B0C0D000X,0,0
0.794649,18,0,320,1,0,TE1A1B0C0D000X,0,0
0.806497,22,0,319,1,0,TE1A1B0C0D000X,0,0
0.818867,25,0,319,1,0,TE1A1B0C0D000X,0,0
0.831145,28,0,319,1,0,TE1A1B0C0D000X,0,0
0.844263,30,0,318,1,0,TE1A1B0C1D000X,0,0
0.856139,33,0,318,1,0,TE1A1B0C1D000X,0,0
0.867758,36,0,318,1,0,TE1A1B0C1D000X,0,0
0.879696,39,0,317,1,0,TE1A2B0C1D000X,0,0
0.891022,41,0,316,1,0,TE1A2B0C1D000X,0,0
0.902249,44,1,316,1,0,TE1A2B0C1D000X,0,0
0.913903,46,1,315,1,0,TE1A2B0C1D000X,0,0
0.925279,49,1,314,1,0,TE1A2B0C1D000X,0,0
0.936972,52,1,313,1,0,TE1A2B0C1D000X,0,0
0.949216,54,1,312,1,0,TE1A2B0C1D000X,0,0
0.961409,56,1,312,1,0,TE1A3B0C1D000X,0,0
0.974877,58,1,311,1,0,TE1A3B0C1D000X,0,0
0.986857,60,1,310,1,0,TE1A3B0C1D000X,0,0
0.999654,61,2,310,1,0,TE1A3B0C1D000X,0,0
1.01177,62,2,309,1,0,TE1A3B0C1D000X,0,0
0.0118307,63,2,309,1,0,TE1A3B0C1D000X,0,0
0.0237969,63,2,308,1,0,TE1A3B0C1D000X,0,0
0.0358971,64,2,308,1,0,TE1A3B0C1D000X,0,0
0.0502525,65,2,307,1,0,TE1A3B0C1D000X,0,0
0.0645902,65,2,307,1,0,TE1A3B0C1D000X,0,0
0.0763653,66,2,307,1,0,TE1A3B0C1D000X,0,0
0.0883401,66,2,307,1,0,TE1A3B0C1D000X,0,0
0.0999393,66,1,306,1,0,TE1A3B0C1D000X,0,0
0.11145,66,1,306,1,0,TE1A3B0C1D000X,0,0
0.123055,65,1,306,1,0,TE1A3B0C1D000X,0,0
0.135178,64,1,305,1,0,TE1A3B0C1D000X,0,0
0.147155,63,1,305,1,0,TE1A3B0C1D000X,0,0
0.158753,63,0,305,1,0,TE1A3B0C1D000X,0,0
0.170599,62,0,305,1,0,TE1A3B0C1D000X,0,0
0.182257,61,0,304,1,0,TE1A3B0C1D000X,0,0
0.194179,60,0,304,1,0,TE1A3B0C1D000X,0,0
0.206106,59,-1,305,1,0,TE1A3B0C1D000X,0,0
0.218196,58,-2,305,1,0,TE1A3B0C1D000X,0,0
0.230179,57,-2,305,1,0,TE1A3B0C1D000X,0,0
0.241937,56,-3,305,1,0,TE1A3B0C1D000X,0,0
0.254713,54,-5,306,1,0,TE1A3B0C1D000X,0,0
0.26656,53,-6,306,1,0,TE1A2B0C1D000X,0,0
0.278121,52,-7,307,1,0,TE1A2B0C1D000X,0,0
0.289916,50,-9,308,1,0,TE1A2B0C1D000X,0,0
0.302003,48,-10,307,1,0,TE1A2B0C1D000X,0,0
0.314124,47,-12,307,1,0,TE1A2B0C1D000X,0,0
0.32624,45,-14,308,1,0,TE1A2B0C1D000X,0,0
0.338388,43,-16,309,1,0,TE1A2B0C1D000X,0,0
0.350273,42,-17,310,1,0,TE1A2B0C1D000X,0,0
0.362012,40,-19,310,1,0,TE1A2B0C1D000X,0,0
0.374285,38,-21,310,1,0,TE1A2B0C1D000X,0,0
0.386384,36,-23,311,1,0,TE1A2B0C1D000X,0,0
0.398373,34,-25,311,1,0,TE1A1B0C2D000X,0,0
0.410543,32,-27,313,1,0,TE1A1B0C2D000X,0,0
0.42269,30,-29,313,1,0,TE1A1B0C2D000X,0,0
0.435186,28,-31,313,1,0,TE1A1B0C2D000X,0,0
0.447862,26,-33,314,1,0,TE1A1B0C2D000X,0,0
0.460823,24,-35,314,1,0,TE1A1B0C2D000X,0,0
0.473001,22,-37,315,1,0,TE1A1B0C2D000X,0,0
0.485322,20,-39,316,1,0,TE1A1B0C2D000X,0,0
0.497387,18,-41,317,1,0,TE1A1B0C2D000X,0,0
0.509696,16,-43,318,1,0,TE1A1B0C2D000X,0,0
0.522174,14,-45,318,1,0,TE1A1B0C2D000X,0,0
0.53501,12,-47,319,1,0,TE1A0B0C3D000X,0,0
0.547683,10,-49,319,1,0,TE1A0B0C3D000X,0,0
0.560083,9,-51,320,1,0,TE1A0B0C3D000X,0,0
0.572801,7,-53,320,1,0,TE1A0B0C3D000X,0,0
0.585146,5,-55,321,1,0,TE1A0B0C3D000X,0,0
0.597539,3,-57,321,1,0,TE1A0B0C3D000X,0,0
0.609897,1,-59,322,1,0,TE1A0B0C4D000X,0,0
0.622159,0,-61,322,1,0,TE1A0B0C4D000X,0,0
0.634395,-2,-63,322,1,0,TE1A0B0C4D000X,0,0
0.646317,-5,-65,323,1,0,TE1A0B0C4D000X,0,0
0.657952,-7,-67,323,1,0,TE1A0B0C4D000X,0,0
0.669795,-9,-69,324,1,0,TE1A0B0C4D000X,0,0
0.682778,-11,-71,325,1,0,TE1A0B0C4D000X,0,0
0.694756,-14,-73,325,1,0,TE1A0B0C4D000X,0,0
0.707012,-17,-75,326,1,0,TE1A0B0C4D000X,0,0
0.721754,-19,-77,327,1,0,TE1A0B0C4D000X,0,0
0.734972,-22,-79,328,1,0,TE1A0B1C4D000X,0,0
0.747211,-25,-81,328,1,0,TE1A0B1C4D000X,0,0
0.75923,-27,-83,329,1,0,TE1A0B1C5D000X,0,0
0.771848,-30,-85,329,1,0,TE1A0B1C5D000X,0,0
0.783992,-32,-87,330,1,0,TE1A0B1C5D000X,0,0
0.796184,-35,-88,330,1,0,TE1A0B1C5D000X,0,0
0.808515,-37,-90,331,1,0,TE1A0B1C5D000X,0,0
0.821019,-40,-91,331,1,0,TE1A0B1C5D000X,0,0
0.83367,-42,-92,330,1,0,TE1A0B1C5D000X,0,0
0.84606,-45,-93,330,1,0,TE1A0B1C5D000X,0,0
0.858237,-47,-94,330,1,0,TE1A0B1C5D000X,0,0
0.870853,-49,-95,330,1,0,TE1A0B1C5D000X,0,0
0.883213,-52,-96,330,1,0,TE1A0B1C5D000X,0,0
0.895365,-54,-96,330,1,0,TE1A0B1C5D000X,0,0
0.907388,-56,-96,330,1,0,TE1A0B2C5D000X,0,0
0.919578,-59,-96,330,1,0,TE1A0B2C5D000X,0,0
0.931794,-61,-96,330,1,0,TE1A0B2C5D000X,0,0
0.943963,-63,-95,330,1,0,TE1A0B2C5D000X,0,0
0.955964,-65,-94,330,1,0,TE1A0B2C5D000X,0,0
0.968055,-68,-93,330,1,0,TE1A0B2C5D000X,0,0
0.979999,-69,-92,329,1,0,TE1A0B2C5D000X,0,0
0.991909,-72,-90,329,1,0,TE1A0B2C5D000X,0,0
1.00406,-74,-89,330,1,0,TE1A0B2C5D000X,0,0
0.0121441,-75,-87,330,1,0,TE1A0B2C5D000X,0,0
0.0240398,-77,-84,329,1,0,TE1A0B2C5D000X,0,0
0.0358632,-78,-82,329,0,0,TE1A0B2C5D000X,0,0
0.0476056,-78,-82,329,1,0,TE1A0B2C4D000X,0,0
0.0595504,-80,-80,329,1,0,TE1A0B2C4D000X,0,0
0.0715086,-82,-77,329,1,0,TE1A0B2C4D000X,0,0
0.0839322,-83,-75,328,1,0,TE1A0B2C4D000X,0,0
0.096211,-84,-72,327,1,0,TE1A0B3C4D000X,0,0
0.108101,-85,-69,326,1,0,TE1A0B3C4D000X,0,0
0.11986,-86,-66,326,1,0,TE1A0B3C4D000X,0,0
0.131733,-86,-63,325,1,0,TE1A0B3C4D000X,0,0
0.143768,-87,-59,325,1,0,TE1A0B3C4D000X,0,0
0.155891,-88,-56,324,1,0,TE1A0B3C4D000X,0,0
0.167883,-88,-53,323,1,0,TE1A0B3C4D000X,0,0
0.179832,-89,-49,323,1,0,TE1A0B3C3D000X,0,0
0.191549,-90,-46,322,1,0,TE1A0B3C3D000X,0,0
0.203476,-90,-42,321,1,0,TE1A0B3C3D000X,0,0
0.215344,-90,-39,320,1,0,TE1A0B3C3D000X,0,0
0.227249,-90,-36,320,1,0,TE1A0B3C3D000X,0,0
0.238976,-91,-32,319,1,0,TE1A0B3C3D000X,0,0
0.251031,-91,-29,319,1,0,TE1A0B3C3D000X,0,0
0.263223,-91,-26,318,1,0,TE1A0B3C3D000X,0,0
0.276409,-91,-23,317,1,0,TE1A0B4C2D000X,0,0
0.289402,-91,-20,316,1,0,TE1A0B4C2D000X,0,0
0.301935,-91,-18,316,1,0,TE1A0B4C2D000X,0,0
0.314361,-91,-15,315,1,0,TE1A0B4C2D000X,0,0
0.326499,-91,-13,315,1,0,TE1A0B4C2D000X,0,0
0.339189,-91,-10,315,1,0,TE1A0B4C2D000X,0,0
0.351639,-91,-8,315,1,0,TE1A0B4C2D000X,0,0
0.367288,-91,-5,315,1,0,TE1A0B4C2D000X,0,0
0.379195,-92,-2,315,1,0,TE1A0B4C2D000X,0,0
0.391057,-92,0,315,1,0,TE1A0B4C2D000X,0,0
0.402991,-91,1,314,1,0,TE1A0B4C2D000X,0,0
0.414956,-92,4,315,1,0,TE1A0B4C2D000X,0,0
0.426581,-92,7,315,1,0,TE1A0B4C2D000X,0,0
0.43871,-92,9,314,1,0,TE1A0B4C1D000X,0,0
0.451113,-92,12,313,1,0,TE1A0B4C1D000X,0,0
0.462937,-92,15,313,1,0,TE1A0B5C1D000X,0,0
0.475136,-92,17,312,1,0,TE1A0B5C1D000X,0,0
0.487023,-92,20,311,1,0,TE1A0B5C1D000X,0,0
0.49864,-92,22,310,1,0,TE1A0B5C1D000X,0,0
0.510179,-92,25,310,1,0,TE1A0B5C1D000X,0,0
0.521622,-91,27,308,1,0,TE1A0B5C1D000X,0,0
0.533375,-91,29,307,1,0,TE1A0B5C1D000X,0,0
0.545031,-91,32,306,1,0,TE1A0B5C1D000X,0,0
0.55682,-90,34,305,1,0,TE1A0B6C1D000X,0,0
0.568368,-90,36,305,1,0,TE1A0B6C1D000X,0,0
0.580057,-89,38,304,1,0,TE1A0B6C1D000X,0,0
0.591701,-89,40,304,1,0,TE1A0B6C1D000X,0,0
0.603547,-88,42,303,1,0,TE1A0B6C1D000X,0,0
0.615104,-87,44,302,1,0,TE1A0B6C1D000X,0,0
0.626925,-86,46,301,1,0,TE1A0B6C0D000X,0,0
0.638349,-85,48,301,1,0,TE1A0B6C0D000X,0,0
0.650989,-84,50,300,1,0,TE1A0B6C0D000X,0,0
0.662984,-82,52,300,1,0,TE1A0B6C0D000X,0,0
0.674344,-81,54,299,1,0,TE1A0B6C0D000X,0,0
0.686035,-79,55,299,1,0,TE1A0B6C0D000X,0,0
0.700346,-78,57,299,1,0,TE1A0B6C0D000X,0,0
0.712142,-76,59,299,1,0,TE1A0B6C0D000X,0,0
0.723753,-75,60,298,1,0,TE1A0B6C0D000X,0,0
0.735735,-73,62,298,1,0,TE1A0B6C0D000X,0,0
0.747488,-71,63,297,1,0,TE1A0B6C0D000X,0,0
0.759095,-69,64,297,1,0,TE1A0B6C0D000X,0,0
0.770715,-67,66,296,1,0,TE1A0B6C0D000X,0,0
0.782184,-64,67,296,1,0,TE1A0B6C0D000X,0,0
0.793871,-62,68,296,1,0,TE1A1B6C0D000X,0,0
0.805525,-60,69,295,1,0,TE1A1B6C0D000X,0,0
0.817122,-58,69,295,1,0,TE1A1B6C0D000X,0,0
0.828761,-55,70,294,1,0,TE1A1B5C0D000X,0,0
0.840104,-53,70,294,1,0,TE1A1B5C0D000X,0,0
0.851407,-50,70,294,1,0,TE1A1B5C0D000X,0,0
0.863091,-47,71,293,1,0,TE1A1B5C0D000X,0,0
0.874514,-45,71,293,1,0,TE1A1B5C0D000X,0,0
0.886195,-43,71,293,1,0,TE1A1B5C0D000X,0,0
0.899895,-40,71,293,1,0,TE1A1B5C0D000X,0,0
0.911141,-37,71,293,1,0,TE1A1B4C0D000X,0,0
0.922892,-35,70,293,1,0,TE1A1B4C0D000X,0,0
0.934682,-32,70,293,1,0,TE1A1B4C0D000X,0,0
0.946329,-30,69,293,1,0,TE1A1B4C0D000X,0,0
0.958064,-27,69,293,1,0,TE1A2B4C0D000X,0,0
0.969544,-25,68,293,1,0,TE1A2B4C0D000X,0,0
0.981029,-23,67,293,1,0,TE1A2B4C0D000X,0,0
0.992216,-21,67,292,1,0,TE1A2B3C0D000X,0,0
1.00384,-18,66,292,1,0,TE1A2B3C0D000X,0,0
0.0116789,-16,65,292,1,0,TE1A2B3C0D000X,0,0
0.0233186,-14,63,292,1,0,TE1A2B3C0D000X,0,0
0.0350729,-12,62,292,1,0,TE1A2B3C0D000X,0,0
0.0470701,-10,61,292,1,0,TE1A2B3C0D000X,0,0
0.0586195,-8,60,292,1,0,TE1A2B3C0D000X,0,0
0.0700617,-6,59,292,1,0,TE1A2B2C0D000X,0,0
0.0817053,-4,57,292,1,0,TE1A2B2C0D000X,0,0
0.0933116,-2,56,292,1,0,TE1A2B2C0D000X,0,0
0.104673,0,55,292,1,0,TE1A2B2C0D000X,0,0
0.115984,2,54,292,1,0,TE1A2B2C0D000X,0,0
0.127327,4,52,292,1,0,TE1A2B2C0D000X,0,0
0.139013,6,51,292,1,0,TE1A2B2C0D000X,0,0
0.150597,8,49,292,1,0,TE1A2B2C0D000X,0,0
0.16253,10,47,291,1,0,TE1A2B2C0D000X,0,0
0.174208,12,46,292,1,0,TE1A2B1C0D000X,0,0
0.185788,13,44,292,1,0,TE1A2B1C0D000X,0,0
0.197657,15,43,291,1,0,TE1A2B1C0D000X,0,0
0.209571,16,41,291,1,0,TE1A2B1C0D000X,0,0
0.221331,17,39,291,1,0,TE1A2B1C0D000X,0,0
0.232952,18,38,291,1,0,TE1A2B1C0D000X,0,0
0.244485,19,36,291,1,0,TE1A2B1C0D000X,0,0
0.256524,19,35,291,1,0,TE1A2B1C0D000X,0,0
0.26825,20,33,291,1,0,TE1A2B1C0D000X,0,0
0.280214,20,32,290,1,0,TE1A2B1C0D000X,0,0
0.292073,20,31,291,1,0,TE1A2B1C0D000X,0,0
0.303915,20,29,291,1,0,TE1A2B1C0D000X,0,0
0.315436,19,28,291,1,0,TE1A2B1C0D000X,0,0
0.327314,19,27,292,1,0,TE1A2B0C0D000X,0,0
0.339014,18,25,291,1,0,TE1A2B0C0D000X,0,0
0.350914,18,24,292,1,0,TE1A2B0C0D000X,0,0
0.362593,17,23,292,1,0,TE1A2B0C0D000X,0,0
0.374238,16,22,291,1,0,TE1A2B0C0D000X,0,0
0.385747,15,21,292,1,0,TE1A2B0C0D000X,0,0
0.397552,14,20,292,1,0,TE1A2B0C0D000X,0,0
0.409422,12,19,292,1,0,TE1A1B0C0D000X,0,0
0.421178,11,18,292,1,0,TE1A1B0C0D000X,0,0
0.43316,10,17,292,1,0,TE1A1B0C0D000X,0,0
0.445099,8,17,293,1,0,TE1A1B0C0D000X,0,0
0.45698,7,16,293,1,0,TE1A1B0C0D000X,0,0
0.46908,5,15,294,1,0,TE1A1B0C0D000X,0,0
0.480978,3,15,295,1,0,TE1A1B0C0D000X,0,0
0.493311,1,14,295,1,0,TE1A1B0C0D000X,0,0
0.505322,0,14,296,1,0,TE1A1B0C0D000X,0,0
0.517078,-2,14,296,1,0,TE1A0B1C0D000X,0,0
0.52906,-4,13,297,1,0,TE1A0B1C0D000X,0,0
0.5411,-5,13,298,1,0,TE1A0B1C0D000X,0,0
0.55304,-7,13,298,1,0,TE1A0B1C0D000X,0,0
0.565246,-9,13,298,1,0,TE1A0B1C0D000X,0,0
0.577156,-11,13,299,1,0,TE1A0B1C0D000X,0,0
0.588921,-13,13,300,1,0,TE1A0B1C0D000X,0,0
0.600629,-15,13,300,1,0,TE1A0B1C0D000X,0,0
0.61259,-17,14,301,1,0,TE1A0B1C0D000X,0,0
0.62467,-19,14,301,1,0,TE1A0B1C0D000X,0,0
0.636559,-21,14,301,1,0,TE1A0B2C0D000X,0,0
0.648671,-22,14,301,1,0,TE1A0B2C0D000X,0,0
0.660456,-24,14,301,1,0,TE1A0B2C0D000X,0,0
0.672247,-26,15,302,1,0,TE1A0B2C0D000X,0,0
0.684347,-27,15,302,1,0,TE1A0B2C0D000X,0,0
0.696411,-28,15,302,1,0,TE1A0B2C0D000X,0,0
0.708354,-30,15,302,1,0,TE1A0B2C0D000X,0,0
0.720473,-31,15,302,1,0,TE1A0B2C0D000X,0,0
0.732754,-32,15,303,1,0,TE1A0B2C0D000X,0,0
0.74482,-33,15,303,1,0,TE1A0B2C0D000X,0,0
0.756861,-33,16,303,1,0,TE1A0B2C0D000X,0,0
0.769323,-34,16,304,1,0,TE1A0B2C0D000X,0,0
0.781422,-35,16,304,1,0,TE1A0B2C0D000X,0,0
0.794098,-35,16,304,1,0,TE1A0B2C0D000X,0,0
0.806246,-35,16,304,1,0,TE1A0B2C0D000X,0,0
0.818357,-36,16,305,1,0,TE1A0B2C0D000X,0,0
0.830669,-36,16,305,1,0,TE1A0B2C0D000X,0,0
0.84295,-36,16,305,1,0,TE1A0B2C0D000X,0,0
0.854956,-36,16,305,1,0,TE1A0B2C0D000X,0,0
0.867387,-36,16,305,1,0,TE1A0B2C0D000X,0,0
0.879798,-36,16,305,1,0,TE1A0B2C0D000X,0,0
0.891956,-36,17,305,1,0,TE1A0B2C0D000X,0,0
0.904159,-35,17,305,1,0,TE1A0B2C0D000X,0,0
0.916092,-35,17,305,1,0,TE1A0B2C0D000X,0,0
0.92829,-35,17,305,1,0,TE1A0B2C0D000X,0,0
0.941548,-35,17,305,1,0,TE1A0B2C0D000X,0,0
0.953349,-35,17,305,1,0,TE1A0B2C0D000X,0,0
0.965256,-34,17,304,1,0,TE1A0B2C0D000X,0,0
0.977205,-34,17,305,1,0,TE1A0B2C0D000X,0,0
0.989164,-34,17,305,1,0,TE1A0B2C0D000X,0,0
1.00123,-34,17,305,1,0,TE1A0B2C0D000X,0,0
0.0118768,-34,17,305,1,0,TE1A0B2C0D000X,0,0
0.0240126,-34,17,305,1,0,TE1A0B2C0D000X,0,0
0.0360146,-34,17,305,1,0,TE1A0B2C0D000X,0,0
0.0483494,-35,17,304,1,0,TE1A0B2C0D000X,0,0
0.0607021,-35,16,304,1,0,TE1A0B2C0D000X,0,0
0.0737257,-35,16,304,1,0,TE1A0B2C0D000X,0,0
0.0846266,-35,16,304,1,0,TE1A0B2C0D000X,0,0
0.0988365,-35,16,304,1,0,TE1A0B2C0D000X,0,0
0.11132,-35,16,304,1,0,TE1A0B2C0D000X,0,0
0.12357,-35,16,303,1,0,TE1A0B2C0D000X,0,0
0.135827,-35,17,303,1,0,TE1A0B2C0D000X,0,0
0.151763,-35,17,303,1,0,TE1A0B2C0D000X,0,0
0.163933,-35,17,303,1,0,TE1A0B2C0D000X,0,0
0.175669,-35,17,303,1,0,TE1A0B2C0D000X,0,0
0.187857,-36,17,303,1,0,TE1A0B2C0D000X,0,0
0.200043,-36,17,303,1,0,TE1A0B3C0D000X,0,0
0.212709,-36,17,303,1,0,TE1A0B3C0D000X,0,0
0.226041,-36,17,304,1,0,TE1A0B3C0D000X,0,0
0.238266,-36,17,304,1,0,TE1A0B3C0D000X,0,0
0.250343,-28,27,303,1,0,TE1A0B3C0D000X,0,0
0.262356,-21,35,302,1,0,TE1A0B3C0D000X,0,0
0.274566,-15,43,302,1,0,TE1A1B2C0D000X,0,0
0.286646,-9,49,302,1,0,TE1A1B2C0D000X,0,0
0.298961,-4,55,301,1,0,TE1A1B2C0D000X,0,0
0.311115,0,61,301,1,0,TE1A1B2C0D000X,0,0
0.323396,4,66,301,1,0,TE1A2B2C0D000X,0,0
0.335374,8,71,301,1,0,TE1A2B2C0D000X,0,0
0.347461,11,74,300,1,0,TE1A2B2C0D000X,0,0
0.35938,14,78,300,1,0,TE1A3B2C0D000X,0,0
0.371077,17,81,300,1,0,TE1A3B2C0D000X,0,0
0.382614,20,84,300,1,0,TE1A3B2C0D000X,0,0
0.394965,23,87,300,1,0,TE1A3B2C0D000X,0,0
0.407183,26,89,300,1,0,TE1A4B2C0D000X,0,0
0.41912,28,91,300,1,0,TE1A4B2C0D000X,0,0
0.431598,31,92,300,1,0,TE1A4B2C0D000X,0,0
0.443727,33,94,300,1,0,TE1A4B2C0D000X,0,0
0.455265,35,95,300,1,0,TE1A4B2C0D000X,0,0
0.467143,37,96,300,1,0,TE1A5B2C0D000X,0,0
0.479216,39,97,300,1,0,TE1A5B2C0D000X,0,0
0.491417,41,98,300,1,0,TE1A5B2C0D000X,0,0
0.504601,42,99,300,1,0,TE1A5B2C0D000X,0,0
0.516903,44,100,300,1,0,TE1A5B2C0D000X,0,0
0.529046,45,100,300,1,0,TE1A5B2C0D000X,0,0
0.541101,47,101,300,1,0,TE1A5B2C0D000X,0,0
0.55302,48,101,300,1,0,TE1A5B2C0D000X,0,0
0.564983,50,101,300,1,0,TE1A5B2C0D000X,0,0
0.577019,51,102,300,1,0,TE1A5B2C0D000X,0,0
0.589032,52,102,300,1,0,TE1A6B2C0D000X,0,0
0.600993,53,102,299,1,0,TE1A6B2C0D000X,0,0
0.612959,54,102,300,1,0,TE1A6B2C0D000X,0,0
0.624936,54,102,299,1,0,TE1A6B2C0D000X,0,0
0.636645,55,102,299,1,0,TE1A6B2C0D000X,0,0
0.648219,56,102,299,1,0,TE1A6B2C0D000X,0,0
0.659953,56,102,300,1,0,TE1A6B2C0D000X,0,0
0.671476,57,102,300,1,0,TE1A6B2C0D000X,0,0
0.682968,57,102,300,1,0,TE1A6B2C0D000X,0,0
0.694935,57,102,301,1,0,TE1A6B2C0D000X,0,0
0.70629,57,101,302,1,0,TE1A6B2C0D000X,0,0
0.718233,57,101,302,1,0,TE1A6B2C0D000X,0,0
0.73035,57,100,303,1,0,TE1A6B2C0D000X,0,0
0.742202,57,99,304,1,0,TE1A6B2C0D000X,0,0
0.754131,56,99,305,1,0,TE1A6B2C0D000X,0,0
0.766164,55,98,305,1,0,TE1A6B2C0D000X,0,0
0.777913,54,97,306,1,0,TE1A6B2C0D000X,0,0
0.790219,52,96,306,0,0,TE1A5B2C0D000X,0,0
0.80202,52,96,306,1,0,TE1A5B2C0D000X,0,0
0.814268,51,95,307,1,0,TE1A5B2C0D000X,0,0
0.826661,48,93,308,1,0,TE1A5B2C0D000X,0,0
0.838125,45,91,309,1,0,TE1A5B2C0D000X,0,0
0.849733,43,90,310,1,0,TE1A5B2C0D000X,0,0
0.862678,40,88,311,1,0,TE1A5B2C0D000X,0,0
0.874732,37,86,311,1,0,TE1A5B2C0D000X,0,0
0.886401,34,85,312,1,0,TE1A4B2C0D000X,0,0
0.89818,31,83,313,1,0,TE1A4B2C0D000X,0,0
0.910038,28,81,314,1,0,TE1A4B2C0D000X,0,0
0.921907,25,79,315,1,0,TE1A4B2C0D000X,0,0
0.934002,22,78,315,1,0,TE1A4B2C0D000X,0,0
0.948726,18,76,316,1,0,TE1A3B2C0D000X,0,0
0.960608,15,75,317,1,0,TE1A3B2C0D000X,0,0
0.972106,12,73,318,1,0,TE1A3B2C0D000X,0,0
0.98372,9,72,318,1,0,TE1A3B2C0D000X,0,0
0.99556,6,70,319,1,0,TE1A3B2C0D000X,0,0
1.00746,3,68,319,1,0,TE1A2B2C0D000X,0,0
0.0117744,0,67,320,1,0,TE1A2B2C0D000X,0,0
0.0236148,-2,65,320,1,0,TE1A2B2C0D000X,0,0
0.0355687,-5,64,320,1,0,TE1A2B2C0D000X,0,0
0.0473559,-8,62,321,1,0,TE1A2B2C0D000X,0,0
0.0592504,-11,61,322,1,0,TE1A2B2C0D000X,0,0
0.071136,-14,60,322,1,0,TE1A2B2C0D000X,0,0
0.0828331,-17,58,322,1,0,TE1A1B2C0D000X,0,0
0.0946337,-19,57,323,1,0,TE1A1B2C0D000X,0,0
0.106155,-22,55,324,1,0,TE1A1B2C0D000X,0,0
0.117709,-25,54,325,1,0,TE1A1B3C0D000X,0,0
0.129249,-27,52,326,1,0,TE1A1B3C0D000X,0,0
0.141073,-30,51,326,1,0,TE1A1B3C0D000X,0,0
0.152926,-33,49,326,1,0,TE1A1B3C0D000X,0,0
0.164511,-36,47,327,1,0,TE1A1B3C0D000X,0,0
0.176518,-39,46,327,1,0,TE1A1B3C0D000X,0,0
0.188472,-42,44,327,1,0,TE1A1B3C0D000X,0,0
0.200271,-44,42,327,1,0,TE1A0B3C0D000X,0,0
0.212011,-47,40,327,1,0,TE1A0B4C0D000X,0,0
0.223691,-50,39,328,1,0,TE1A0B4C0D000X,0,0
0.235223,-53,37,328,1,0,TE1A0B4C0D000X,0,0
0.246878,-56,35,329,1,0,TE1A0B4C0D000X,0,0
0.258618,-59,34,330,1,0,TE1A0B4C0D000X,0,0
0.270381,-62,32,330,1,0,TE1A0B4C0D000X,0,0
0.282722,-65,31,330,1,0,TE1A0B4C0D000X,0,0
0.294694,-68,29,330,1,0,TE1A0B4C0D000X,0,0
0.306367,-70,28,331,1,0,TE1A0B4C0D000X,0,0
0.319082,-73,27,331,1,0,TE1A0B4C0D000X,0,0
0.331223,-76,25,331,1,0,TE1A0B4C1D000X,0,0
0.343208,-78,24,331,1,0,TE1A0B4C1D000X,0,0
0.355366,-80,23,331,1,0,TE1A0B4C1D000X,0,0
0.367624,-83,22,333,1,0,TE1A0B4C1D000X,0,0
0.37975,-85,21,332,1,0,TE1A0B4C1D000X,0,0
0.391831,-86,20,333,1,0,TE1A0B4C1D000X,0,0
0.404307,-88,19,332,1,0,TE1A0B4C1D000X,0,0
0.416552,-89,18,332,1,0,TE1A0B4C1D000X,0,0
0.42876,-90,17,332,1,0,TE1A0B4C1D000X,0,0
0.440896,-90,16,332,1,0,TE1A0B4C1D000X,0,0
0.452922,-91,16,332,1,0,TE1A0B4C1D000X,0,0
0.464665,-91,15,332,1,0,TE1A0B5C1D000X,0,0
0.476628,-92,15,332,1,0,TE1A0B4C1D000X,0,0
0.488749,-92,14,332,1,0,TE1A0B4C1D000X,0,0
0.500795,-92,14,332,1,0,TE1A0B4C1D000X,0,0
0.512812,-91,13,331,1,0,TE1A0B4C1D000X,0,0
0.524964,-91,13,331,1,0,TE1A0B4C1D000X,0,0
0.537346,-90,12,332,1,0,TE1A0B4C1D000X,0,0
0.549688,-90,12,331,1,0,TE1A0B4C1D000X,0,0
0.561617,-89,11,331,1,0,TE1A0B4C1D000X,0,0
0.573484,-88,11,331,1,0,TE1A0B4C1D000X,0,0
0.585475,-87,11,330,1,0,TE1A0B4C1D000X,0,0
0.597642,-85,10,330,1,0,TE1A0B4C1D000X,0,0
0.609603,-84,10,330,1,0,TE1A0B4C1D000X,0,0
0.621884,-83,9,330,1,0,TE1A0B4C1D000X,0,0
0.633785,-81,9,330,1,0,TE1A0B4C1D000X,0,0
0.645908,-80,8,330,1,0,TE1A0B4C1D000X,0,0
0.658303,-79,8,330,1,0,TE1A0B4C1D000X,0,0
0.670414,-77,8,330,1,0,TE1A0B4C1D000X,0,0
0.68341,-76,7,330,1,0,TE1A0B4C1D000X,0,0
0.695322,-74,7,330,1,0,TE1A0B4C1D000X,0,0
0.707626,-73,7,330,1,0,TE1A0B4C1D000X,0,0
0.720014,-71,6,330,1,0,TE1A0B4C1D000X,0,0
0.73276,-70,6,330,1,0,TE1A0B3C1D000X,0,0
0.744805,-68,6,329,1,0,TE1A0B3C1D000X,0,0
0.756922,-67,6,329,1,0,TE1A0B3C1D000X,0,0
0.769302,-65,6,330,1,0,TE1A0B3C1D000X,0,0
0.78156,-64,6,329,1,0,TE1A0B3C1D000X,0,0
0.793996,-62,6,329,1,0,TE1A0B3C1D000X,0,0
0.80622,-61,6,329,1,0,TE1A0B3C1D000X,0,0
0.818699,-60,6,329,1,0,TE1A0B3C1D000X,0,0
0.830671,-59,7,329,1,0,TE1A0B3C1D000X,0,0
0.843069,-58,7,329,1,0,TE1A0B3C1D000X,0,0
0.854792,-56,7,327,1,0,TE1A0B3C1D000X,0,0
0.867111,-55,8,327,1,0,TE1A0B3C1D000X,0,0
0.879162,-54,9,327,1,0,TE1A0B3C1D000X,0,0
0.891107,-53,9,327,1,0,TE1A0B3C1D000X,0,0
0.902881,-52,10,327,1,0,TE1A0B3C1D000X,0,0
0.914988,-52,11,327,1,0,TE1A0B3C1D000X,0,0
0.927043,-51,12,327,1,0,TE1A0B3C1D000X,0,0
0.939296,-50,13,327,1,0,TE1A0B3C1D000X,0,0
0.951608,-49,14,326,1,0,TE1A0B3C1D000X,0,0
0.963716,-49,14,326,1,0,TE1A0B3C0D000X,0,0
0.975876,-48,15,327,1,0,TE1A0B3C0D000X,0,0
0.987944,-48,16,327,1,0,TE1A0B3C0D000X,0,0
1.00011,-47,17,327,1,0,TE1A0B3C0D000X,0,0
0.0121817,-47,18,327,1,0,TE1A0B3C0D000X,0,0
0.0242166,-47,20,326,1,0,TE1A0B3C0D000X,0,0
0.0361001,-46,21,326,1,0,TE1A0B3C0D000X,0,0
0.0481405,-46,22,326,1,0,TE1A0B3C0D000X,0,0
0.0602114,-46,23,327,1,0,TE1A0B3C0D000X,0,0
0.0721325,-46,24,327,1,0,TE1A0B3C0D000X,0,0
0.0840996,-46,25,326,1,0,TE1A0B3C0D000X,0,0
0.0961276,-46,27,326,1,0,TE1A0B3C0D000X,0,0
0.108133,-45,28,324,1,0,TE1A0B3C0D000X,0,0
0.120303,-45,29,324,1,0,TE1A0B3C0D000X,0,0
0.132876,-45,31,325,1,0,TE1A0B3C0D000X,0,0
0.144781,-45,32,325,1,0,TE1A0B3C0D000X,0,0
0.15655,-45,33,324,1,0,TE1A0B3C0D000X,0,0
0.168419,-45,35,324,1,0,TE1A0B4C0D000X,0,0
0.18015,-45,36,324,1,0,TE1A0B4C0D000X,0,0
0.192212,-46,37,323,1,0,TE1A0B4C0D000X,0,0
0.204253,-46,39,323,1,0,TE1A0B4C0D000X,0,0
0.216142,-46,40,323,1,0,TE1A0B4C0D000X,0,0
0.227848,-46,42,322,1,0,TE1A0B4C0D000X,0,0
0.239787,-46,43,322,1,0,TE1A0B4C0D000X,0,0
0.251563,-46,45,321,1,0,TE1A0B4C0D000X,0,0
0.263501,-47,46,321,1,0,TE1A0B4C0D000X,0,0
0.275487,-47,47,321,1,0,TE1A0B4C0D000X,0,0
0.287613,-47,49,320,1,0,TE1A0B4C0D000X,0,0
0.299441,-47,50,320,1,0,TE1A0B4C0D000X,0,0
0.311633,-47,51,319,1,0,TE1A0B4C0D000X,0,0
0.323945,-48,52,319,1,0,TE1A0B4C0D000X,0,0
0.335987,-48,54,319,1,0,TE1A0B4C0D000X,0,0
0.347935,-48,55,318,1,0,TE1A1B4C0D000X,0,0
0.359859,-48,56,318,1,0,TE1A1B4C0D000X,0,0
0.371586,-49,57,318,1,0,TE1A1B4C0D000X,0,0
0.383742,-49,58,317,1,0,TE1A1B4C0D000X,0,0
0.395789,-49,58,317,1,0,TE1A1B4C0D000X,0,0
0.409467,-49,59,317,1,0,TE1A1B4C0D000X,0,0
0.421672,-49,60,316,1,0,TE1A1B4C0D000X,0,0
0.433952,-50,61,316,1,0,TE1A1B4C0D000X,0,0
0.446092,-50,62,316,1,0,TE1A1B4C0D000X,0,0
0.457916,-50,62,314,1,0,TE1A1B4C0D000X,0,0
0.469695,-50,63,314,1,0,TE1A1B4C0D000X,0,0
0.482481,-50,64,314,1,0,TE1A1B4C0D000X,0,0
0.494478,-51,65,314,1,0,TE1A1B4C0D000X,0,0
0.506367,-51,66,313,1,0,TE1A1B4C0D000X,0,0
0.519444,-51,67,313,1,0,TE1A1B5C0D000X,0,0
0.531448,-51,68,313,1,0,TE1A1B5C0D000X,0,0
0.543313,-51,69,313,1,0,TE1A1B5C0D000X,0,0
0.555121,-51,70,312,1,0,TE1A1B5C0D000X,0,0
0.56724,-51,71,312,1,0,TE1A1B5C0D000X,0,0
0.579195,-51,72,311,1,0,TE1A1B5C0D000X,0,0
0.591382,-51,73,311,1,0,TE1A1B5C0D000X,0,0
0.603259,-51,74,311,1,0,TE1A1B5C0D000X,0,0
0.615996,-51,74,310,1,0,TE1A1B5C0D000X,0,0
0.628297,-50,75,310,1,0,TE1A1B5C0D000X,0,0
0.640125,-50,76,310,1,0,TE1A1B5C0D000X,0,0
0.652713,-50,77,310,1,0,TE1A1B5C0D000X,0,0
0.664529,-50,77,310,1,0,TE1A1B5C0D000X,0,0
0.676308,-49,78,310,1,0,TE1A1B5C0D000X,0,0
0.688561,-49,78,310,1,0,TE1A1B5C0D000X,0,0
0.700725,-49,79,309,1,0,TE1A1B5C0D000X,0,0
0.712995,-48,79,310,1,0,TE1A1B5C0D000X,0,0
0.724861,-48,79,309,1,0,TE1A1B5C0D000X,0,0
0.737063,-48,80,309,1,0,TE1A1B5C0D000X,0,0
0.749254,-48,80,309,1,0,TE1A1B5C0D000X,0,0
0.760801,-48,80,309,1,0,TE1A1B5C0D000X,0,0
0.774444,-48,80,309,1,0,TE1A1B5C0D000X,0,0
0.787142,-48,80,309,1,0,TE1A1B5C0D000X,0,0
0.799841,-48,80,309,1,0,TE1A1B5C0D000X,0,0
0.811746,-48,81,309,1,0,TE1A1B5C0D000X,0,0
0.823962,-48,81,310,1,0,TE1A1B5C0D000X,0,0
0.835813,-48,81,310,1,0,TE1A1B5C0D000X,0,0
0.847789,-49,81,310,1,0,TE1A1B5C0D000X,0,0
0.859989,-49,81,310,1,0,TE1A1B5C0D000X,0,0
0.873942,-49,81,310,1,0,TE1A1B5C0D000X,0,0
0.888311,-49,81,310,1,0,TE1A1B5C0D000X,0,0
0.902583,-50,81,311,1,0,TE1A1B5C0D000X,0,0
0.914669,-50,81,311,1,0,TE1A1B5C0D000X,0,0
0.926706,-50,81,311,1,0,TE1A1B5C0D000X,0,0
0.938668,-50,81,311,1,0,TE1A1B5C0D000X,0,0
0.950696,-49,81,311,1,0,TE1A1B5C0D000X,0,0
0.962434,-49,81,311,1,0,TE1A1B5C0D000X,0,0
0.976029,-48,81,311,1,0,TE1A1B5C0D000X,0,0
0.98812,-48,81,311,1,0,TE1A1B5C0D000X,0,0
1.00002,-47,81,310,1,0,TE1A1B5C0D000X,0,0
0.0115268,-45,81,310,1,0,TE1A1B5C0D000X,0,0
0.0230554,-44,81,310,1,0,TE1A1B5C0D000X,0,0
0.035349,-43,81,310,1,0,TE1A1B5C0D000X,0,0
0.0470895,-41,81,311,1,0,TE1A1B4C0D000X,0,0
0.0588972,-40,81,312,1,0,TE1A1B4C0D000X,0,0
0.0707177,-38,81,312,1,0,TE1A1B4C0D000X,0,0
0.0828565,-36,81,312,1,0,TE1A2B4C0D000X,0,0
0.094627,-34,81,312,1,0,TE1A2B4C0D000X,0,0
0.106384,-32,80,312,1,0,TE1A2B4C0D000X,0,0
0.118144,-30,80,312,1,0,TE1A2B4C0D000X,0,0
0.130028,-28,80,312,1,0,TE1A2B4C0D000X,0,0
0.142261,-26,79,311,1,0,TE1A2B4C0D000X,0,0
0.154254,-24,79,311,1,0,TE1A2B4C0D000X,0,0
0.166163,-22,79,311,1,0,TE1A2B4C0D000X,0,0
0.178124,-19,78,312,1,0,TE1A2B3C0D000X,0,0
0.190125,-17,78,312,1,0,TE1A2B3C0D000X,0,0
0.201963,-14,77,312,1,0,TE1A2B3C0D000X,0,0
0.213495,-12,77,312,1,0,TE1A2B3C0D000X,0,0
0.225271,-9,76,312,1,0,TE1A2B3C0D000X,0,0
0.237046,-7,76,313,1,0,TE1A2B3C0D000X,0,0
0.248759,-4,75,313,1,0,TE1A2B3C0D000X,0,0
0.260715,-2,75,313,1,0,TE1A2B3C0D000X,0,0
0.27291,0,74,314,1,0,TE1A2B3C0D000X,0,0
0.28494,2,74,313,1,0,TE1A2B2C0D000X,0,0
0.297035,5,73,313,1,0,TE1A2B2C0D000X,0,0
0.308993,7,73,313,1,0,TE1A3B2C0D000X,0,0
0.32096,10,72,313,1,0,TE1A3B2C0D000X,0,0
0.334368,12,72,313,1,0,TE1A3B2C0D000X,0,0
0.346737,15,71,314,1,0,TE1A3B2C0D000X,0,0
0.358725,18,70,314,1,0,TE1A3B2C0D000X,0,0
0.370925,20,70,314,1,0,TE1A3B2C0D000X,0,0
0.382949,23,69,314,1,0,TE1A3B2C0D000X,0,0
0.395392,25,68,315,1,0,TE1A3B2C0D000X,0,0
0.407355,27,67,315,1,0,TE1A3B1C0D000X,0,0
0.419535,30,66,315,1,0,TE1A3B1C0D000X,0,0
0.431694,32,65,315,1,0,TE1A3B1C0D000X,0,0
0.443788,34,65,315,1,0,TE1A3B1C0D000X,0,0
0.456564,36,64,315,1,0,TE1A3B1C0D000X,0,0
0.468498,38,63,315,1,0,TE1A4B1C0D000X,0,0
0.480146,39,62,315,1,0,TE1A4B1C0D000X,0,0
0.492167,41,61,316,1,0,TE1A4B1C0D000X,0,0
0.50434,42,60,316,1,0,TE1A4B1C0D000X,0,0
0.516789,43,59,316,1,0,TE1A4B1C0D000X,0,0
0.529025,44,59,316,1,0,TE1A4B1C0D000X,0,0
0.540954,45,58,317,1,0,TE1A4B1C0D000X,0,0
0.553039,45,57,317,1,0,TE1A4B1C0D000X,0,0
0.565317,45,56,316,1,0,TE1A4B1C0D000X,0,0
0.577608,44,56,317,1,0,TE1A4B1C0D000X,0,0
0.589927,44,55,317,1,0,TE1A4B1C0D000X,0,0
0.602199,44,54,317,1,0,TE1A4B1C0D000X,0,0
0.614486,43,54,317,1,0,TE1A4B1C0D000X,0,0
0.626626,43,53,318,1,0,TE1A4B1C0D000X,0,0
0.639595,42,53,318,1,0,TE1A4B1C0D000X,0,0
0.653078,41,52,318,1,0,TE1A4B1C0D000X,0,0
0.66657,40,51,318,1,0,TE1A4B1C0D000X,0,0
0.678634,39,51,319,1,0,TE1A4B1C0D000X,0,0
0.690874,38,50,319,1,0,TE1A3B1C0D000X,0,0
0.702777,36,49,319,1,0,TE1A3B1C0D000X,0,0
0.714791,35,49,320,1,0,TE1A3B1C0D000X,0,0
0.726887,33,48,320,1,0,TE1A3B1C0D000X,0,0
0.738892,32,47,320,1,0,TE1A3B1C0D000X,0,0
0.750562,30,46,320,1,0,TE1A3B1C0D000X,0,0
0.763631,29,45,321,1,0,TE1A3B1C0D000X,0,0
0.776077,28,44,321,1,0,TE1A3B1C0D000X,0,0
0.78842,26,43,322,1,0,TE1A3B1C0D000X,0,0
0.800612,24,42,323,1,0,TE1A3B1C0D000X,0,0
0.812752,23,41,323,1,0,TE1A2B1C0D000X,0,0
0.824904,21,40,324,1,0,TE1A2B1C0D000X,0,0
0.837183,19,38,325,1,0,TE1A2B1C0D000X,0,0
0.849378,18,37,325,1,0,TE1A2B1C0D000X,0,0
0.861821,16,36,325,1,0,TE1A2B1C0D000X,0,0
0.873855,14,35,326,1,0,TE1A2B1C0D000X,0,0
0.886011,13,34,326,1,0,TE1A2B1C0D000X,0,0
0.898148,11,33,326,1,0,TE1A2B1C0D000X,0,0
0.909965,9,32,326,1,0,TE1A1B1C0D000X,0,0
0.922374,7,31,327,1,0,TE1A1B1C0D000X,0,0
0.934823,5,30,327,1,0,TE1A1B1C0D000X,0,0
0.947097,3,29,327,1,0,TE1A1B1C0D000X,0,0
0.961044,2,28,327,1,0,TE1A1B1C0D000X,0,0
0.973384,0,27,327,1,0,TE1A1B1C0D000X,0,0
0.986312,-1,26,328,1,0,TE1A1B1C0D000X,0,0
0.998551,-3,26,329,1,0,TE1A1B1C0D000X,0,0
1.01055,-5,25,329,1,0,TE1A1B1C0D000X,0,0
0.0124598,-7,24,329,1,0,TE1A1B1C0D000X,0,0
0.0248962,-8,24,329,1,0,TE1A1B1C0D000X,0,0
0.0370098,-10,24,330,1,0,TE1A1B1C0D000X,0,0
0.0491995,-12,23,330,1,0,TE1A0B1C0D000X,0,0
0.06118,-14,23,329,1,0,TE1A0B1C0D000X,0,0
0.0739936,-15,22,329,1,0,TE1A0B1C0D000X,0,0
0.0862508,-17,22,330,1,0,TE1A0B1C0D000X,0,0
0.0987825,-18,21,329,1,0,TE1A0B1C0D000X,0,0
0.111239,-20,21,329,1,0,TE1A0B1C0D000X,0,0
0.123901,-21,20,329,1,0,TE1A0B2C0D000X,0,0
0.137268,-23,20,330,1,0,TE1A0B2C0D000X,0,0
0.14951,-24,20,330,1,0,TE1A0B2C0D000X,0,0
0.162551,-25,19,330,1,0,TE1A0B2C0D000X,0,0
0.175983,-26,19,330,1,0,TE1A0B2C0D000X,0,0
0.189481,-28,19,330,1,0,TE1A0B2C0D000X,0,0
0.203111,-29,18,330,1,0,TE1A0B2C0D000X,0,0
0.215544,-30,18,330,1,0,TE1A0B2C0D000X,0,0
0.227625,-31,18,330,1,0,TE1A0B2C0D000X,0,0
0.239316,-32,17,331,1,0,TE1A0B2C0D000X,0,0
0.251491,-33,17,330,1,0,TE1A0B2C0D000X,0,0
0.264126,-34,17,330,1,0,TE1A0B2C0D000X,0,0
0.276413,-36,17,330,1,0,TE1A0B2C0D000X,0,0
0.289313,-36,16,330,1,0,TE1A0B2C0D000X,0,0
0.301822,-37,16,330,1,0,TE1A0B2C0D000X,0,0
0.314199,-38,16,330,1,0,TE1A0B2C0D000X,0,0
0.326523,-38,16,330,1,0,TE1A0B2C0D000X,0,0
0.338972,-39,16,330,1,0,TE1A0B2C0D000X,0,0
0.351041,-39,16,330,1,0,TE1A0B2C0D000X,0,0
0.363209,-39,16,330,1,0,TE1A0B2C0D000X,0,0
0.375791,-39,16,330,1,0,TE1A0B2C0D000X,0,0
0.389504,-39,15,330,1,0,TE1A0B2C0D000X,0,0
0.401779,-40,15,330,1,0,TE1A0B2C0D000X,0,0
0.41642,-40,15,330,1,0,TE1A0B2C0D000X,0,0
0.430416,-40,15,331,1,0,TE1A0B2C0D000X,0,0
0.442949,-40,15,330,1,0,TE1A0B2C0D000X,0,0
0.456162,-40,15,330,1,0,TE1A0B2C0D000X,0,0
0.468723,-40,14,330,1,0,TE1A0B2C0D000X,0,0
0.480963,-40,14,330,1,0,TE1A0B2C0D000X,0,0
0.493335,-40,14,330,1,0,TE1A0B2C0D000X,0,0
0.505655,-39,14,330,1,0,TE1A0B2C0D000X,0,0
0.517993,-39,13,331,1,0,TE1A0B2C0D000X,0,0
0.53032,-39,13,331,1,0,TE1A0B2C0D000X,0,0
0.542717,-39,13,331,1,0,TE1A0B2C0D000X,0,0
0.555099,-39,12,331,1,0,TE1A0B2C0D000X,0,0
0.567609,-38,12,330,1,0,TE1A0B2C0D000X,0,0
0.580404,-38,12,330,1,0,TE1A0B2C0D000X,0,0
0.592761,-38,11,330,1,0,TE1A0B2C0D000X,0,0
0.60518,-37,11,330,1,0,TE1A0B2C0D000X,0,0
0.617589,-37,10,330,1,0,TE1A0B2C0D000X,0,0
0.630001,-36,10,330,1,0,TE1A0B2C0D000X,0,0
0.642117,-36,10,330,1,0,TE1A0B2C0D000X,0,0
0.654365,-35,9,330,1,0,TE1A0B2C0D000X,0,0
0.666538,-35,9,330,1,0,TE1A0B2C0D000X,0,0
0.678977,-34,9,330,1,0,TE1A0B2C0D000X,0,0
0.691241,-33,8,330,1,0,TE1A0B2C0D000X,0,0
0.703801,-32,8,330,1,0,TE1A0B2C0D000X,0,0
0.716512,-31,7,330,1,0,TE1A0B2C0D000X,0,0
0.729054,-31,7,330,1,0,TE1A0B2C0D000X,0,0
0.74176,-30,7,330,1,0,TE1A0B2C0D000X,0,0
0.754105,-29,6,329,1,0,TE1A0B2C0D000X,0,0
0.76637,-28,6,329,1,0,TE1A0B2C0D000X,0,0
0.778901,-27,6,328,1,0,TE1A0B2C0D000X,0,0
0.791545,-27,5,328,1,0,TE1A0B1C0D000X,0,0
0.803919,-26,5,328,1,0,TE1A0B1C0D000X,0,0
0.816446,-25,5,328,1,0,TE1A0B1C0D000X,0,0
0.828816,-24,5,328,1,0,TE1A0B1C0D000X,0,0
0.840942,-24,5,328,1,0,TE1A0B1C0D000X,0,0
0.85345,-23,4,328,1,0,TE1A0B1C0D000X,0,0
0.866067,-23,4,328,1,0,TE1A0B1C0D000X,0,0
0.878446,-22,4,328,1,0,TE1A0B1C0D000X,0,0
0.890655,-22,4,328,1,0,TE1A0B1C0D000X,0,0
0.902986,-22,4,328,1,0,TE1A0B1C0D000X,0,0
0.915506,-22,3,328,1,0,TE1A0B1C0D000X,0,0
0.927982,-21,3,327,1,0,TE1A0B1C0D000X,0,0
0.940515,-21,3,327,1,0,TE1A0B1C0D000X,0,0
0.952884,-21,3,326,1,0,TE1A0B1C0D000X,0,0
0.965325,-21,3,326,1,0,TE1A0B1C0D000X,0,0
0.977798,-21,2,326,1,0,TE1A0B1C0D000X,0,0
0.990442,-21,2,326,1,0,TE1A0B1C0D000X,0,0
1.00291,-22,2,326,1,0,TE1A0B1C0D000X,0,0
0.0122288,-22,2,326,1,0,TE1A0B1C0D000X,0,0
0.0249604,-22,2,326,1,0,TE1A0B1C0D000X,0,0
0.0374529,-22,2,326,1,0,TE1A0B1C0D000X,0,0
0.0497706,-22,2,326,1,0,TE1A0B1C0D000X,0,0
0.0620442,-22,2,326,1,0,TE1A0B1C0D000X,0,0
0.0743864,-22,2,326,1,0,TE1A0B1C0D000X,0,0
0.0868737,-22,2,325,1,0,TE1A0B1C0D000X,0,0
0.0993217,-23,2,326,1,0,TE1A0B1C0D000X,0,0
0.111869,-23,2,325,1,0,TE1A0B1C0D000X,0,0
0.124635,-23,2,326,1,0,TE1A0B1C0D000X,0,0
0.137123,-23,2,327,1,0,TE1A0B1C0D000X,0,0
0.149421,-23,2,327,1,0,TE1A0B1C0D000X,0,0
0.161616,-23,2,327,1,0,TE1A0B1C0D000X,0,0
0.174621,-23,2,328,1,0,TE1A0B1C0D000X,0,0
0.186934,-23,2,328,1,0,TE1A0B1C0D000X,0,0
0.199408,-23,2,328,1,0,TE1A0B1C0D000X,0,0
0.211949,-23,2,328,1,0,TE1A0B1C0D000X,0,0
0.224667,-23,2,328,1,0,TE1A0B1C0D000X,0,0
0.23717,-23,2,328,1,0,TE1A0B1C0D000X,0,0
0.249628,-24,2,328,1,0,TE1A0B1C0D000X,0,0
0.262386,-24,2,328,1,0,TE1A0B1C0D000X,0,0
0.275025,-24,2,329,1,0,TE1A0B1C0D000X,0,0
0.287444,-24,2,328,1,0,TE1A0B1C0D000X,0,0
0.300001,-24,3,328,1,0,TE1A0B1C0D000X,0,0
0.312523,-24,3,328,1,0,TE1A0B1C0D000X,0,0
0.325219,-24,3,328,1,0,TE1A0B1C0D000X,0,0
0.337714,-24,3,328,1,0,TE1A0B1C0D000X,0,0
0.350382,-24,3,328,1,0,TE1A0B1C0D000X,0,0
0.363063,-24,3,328,1,0,TE1A0B1C0D000X,0,0
0.37432,-24,3,327,1,1,TE1A0B1C0D000X,0,0
