timestamp,errXmm,errYmm,errZmm,MarkerPresent,Touched,Heading3,Heading4,Heading5
0.00205211,-6,-16,335,0,0,0,0,0
0.014888,-6,-16,335,0,0,0,0,0
0.027455,-6,-16,335,0,0,0,0,0
0.0429396,-6,-16,335,0,0,0,0,0
0.0558028,-6,-16,335,0,0,0,0,0
0.0686056,-6,-16,335,0,0,0,0,0
0.0816157,-6,-16,335,0,0,0,0,0
0.0948652,-6,-16,335,0,0,0,0,0
0.107596,-6,-16,335,1,0,0,0,0
0.120105,12,-30,336,1,0,0,0,0
0.132462,31,-43,335,1,0,0,0,0
0.145172,47,-55,336,1,0,0,0,0
0.157928,62,-65,336,1,0,0,0,0
0.170625,74,-74,336,1,0,0,0,0
0.18319,84,-81,336,1,0,0,0,0
0.196069,92,-87,336,1,0,0,0,0
0.208758,98,-91,336,1,0,0,0,0
0.221837,103,-94,336,1,0,0,0,0
0.233734,108,-96,337,1,0,0,0,0
0.245658,111,-97,338,1,0,0,0,0
0.25802,114,-98,338,1,0,0,0,0
0.272266,116,-99,338,1,0,0,0,0
0.285834,117,-99,337,1,0,0,0,0
0.297992,117,-99,337,1,0,0,0,0
0.310918,116,-98,336,1,0,0,0,0
0.323298,116,-97,336,1,0,0,0,0
0.335775,115,-97,336,1,0,0,0,0
0.348469,114,-96,335,1,0,0,0,0
0.36111,113,-95,335,1,0,0,0,0
0.376001,112,-94,334,1,0,0,0,0
0.389709,110,-93,332,1,0,0,0,0
0.401984,110,-92,333,1,0,0,0,0
0.414919,109,-92,333,1,0,0,0,0
0.427981,108,-91,334,1,0,0,0,0
0.440484,107,-90,333,1,0,0,0,0
0.45294,107,-89,333,1,0,0,0,0
0.465307,106,-88,332,1,0,0,0,0
0.478492,105,-87,332,1,0,0,0,0
0.491059,104,-86,331,1,0,0,0,0
0.503536,104,-85,331,1,0,0,0,0
0.51608,104,-84,332,1,0,0,0,0
0.528163,103,-83,332,1,0,0,0,0
0.540924,103,-82,332,1,0,0,0,0
0.55333,102,-81,332,1,0,0,0,0
0.567055,102,-79,331,1,0,0,0,0
0.581861,102,-79,332,1,0,0,0,0
0.594833,102,-78,333,1,0,0,0,0
0.607765,102,-77,333,1,0,0,0,0
0.621775,101,-75,332,1,0,0,0,0
0.634219,101,-75,332,1,0,0,0,0
0.646538,101,-73,333,1,0,0,0,0
0.658663,101,-72,333,1,0,0,0,0
0.670887,100,-71,333,1,0,0,0,0
0.683944,99,-70,332,1,0,0,0,0
0.695946,99,-69,333,1,0,0,0,0
0.708044,99,-67,334,1,0,0,0,0
0.719939,98,-65,334,1,0,0,0,0
0.73145,97,-64,336,1,0,0,0,0
0.743598,96,-62,335,1,0,0,0,0
0.755087,95,-60,336,1,0,0,0,0
0.766896,94,-58,336,1,0,0,0,0
0.778698,92,-55,337,1,0,0,0,0
0.790232,91,-53,338,1,0,0,0,0
0.80151,90,-51,338,1,0,0,0,0
0.813033,88,-48,336,1,0,0,0,0
0.824452,85,-45,334,1,0,0,0,0
0.840422,84,-42,334,1,0,0,0,0
0.860656,82,-40,333,1,0,0,0,0
0.879542,80,-37,332,1,0,0,0,0
0.894093,78,-34,330,1,0,0,0,0
0.908349,76,-32,328,1,0,0,0,0
0.922536,73,-28,329,1,0,0,0,0
0.934994,70,-25,328,1,0,0,0,0
0.946921,67,-22,327,1,0,0,0,0
0.960698,65,-19,326,1,0,0,0,0
0.973306,63,-17,325,1,0,0,0,0
0.984863,61,-15,326,1,0,0,0,0
0.996088,58,-13,324,1,0,0,0,0
1.0079,56,-11,323,1,0,0,0,0
1.02162,55,-9,322,1,0,0,0,0
1.03405,53,-8,323,1,0,0,0,0
1.047,51,-6,323,1,0,0,0,0
1.05865,50,-5,324,1,0,0,0,0
1.07286,49,-4,324,1,0,0,0,0
1.08471,48,-3,325,1,0,0,0,0
1.09613,47,-2,327,1,0,0,0,0
1.11065,46,-1,327,1,0,0,0,0
1.12208,44,0,327,1,0,0,0,0
1.13326,43,0,326,1,0,0,0,0
1.14476,41,1,326,1,0,0,0,0
1.15628,40,2,326,1,0,0,0,0
1.16803,38,3,327,1,0,0,0,0
1.1796,37,4,326,1,0,0,0,0
1.19091,35,5,327,1,0,0,0,0
1.20204,34,6,327,1,0,0,0,0
1.21354,32,7,328,1,0,0,0,0
1.22503,30,8,326,1,0,0,0,0
1.23654,29,9,326,1,0,0,0,0
1.24795,27,10,325,1,0,0,0,0
1.25982,26,11,325,1,0,0,0,0
1.27152,24,11,324,1,0,0,0,0
1.28509,23,12,323,1,0,0,0,0
1.29756,21,13,323,1,0,0,0,0
1.31119,20,13,321,1,0,0,0,0
1.32294,18,14,318,1,0,0,0,0
1.33421,17,14,317,1,0,0,0,0
1.34748,15,15,318,1,0,0,0,0
1.3593,14,15,316,1,0,0,0,0
1.37149,12,16,317,1,0,0,0,0
1.38976,11,16,316,1,0,0,0,0
1.4012,9,16,313,1,0,0,0,0
1.41294,7,17,314,1,0,0,0,0
1.42475,6,17,314,1,0,0,0,0
1.43656,5,17,314,1,0,0,0,0
1.44818,3,17,314,1,0,0,0,0
1.46073,2,16,313,1,0,0,0,0
1.47242,1,16,314,1,0,0,0,0
1.48495,0,16,314,1,0,0,0,0
1.49664,0,16,314,1,0,0,0,0
1.50818,0,16,315,1,0,0,0,0
1.52003,-1,15,314,1,0,0,0,0
1.53187,-2,15,314,1,0,0,0,0
1.54371,-2,15,314,1,0,0,0,0
1.55602,-3,15,313,1,0,0,0,0
1.56812,-4,15,314,1,0,0,0,0
1.58007,-4,15,313,1,0,0,0,0
1.59213,-4,15,314,1,0,0,0,0
1.60405,-5,15,313,1,0,0,0,0
1.61582,-5,15,314,1,0,0,0,0
1.62784,-5,15,314,1,0,0,0,0
1.63989,-5,15,314,1,0,0,0,0
1.65241,-5,15,315,1,0,0,0,0
1.6695,-5,15,314,1,0,0,0,0
1.68106,-5,15,314,1,0,0,0,0
1.69367,-5,14,314,1,0,0,0,0
1.70586,-4,14,315,1,0,0,0,0
1.71859,-4,14,314,1,0,0,0,0
1.73043,-4,14,315,1,0,0,0,0
1.74267,-3,14,315,1,0,0,0,0
1.7546,-3,13,315,1,0,0,0,0
1.76941,-2,13,315,1,0,0,0,0
1.78281,-1,12,314,1,0,0,0,0
1.79477,0,12,313,1,0,0,0,0
1.80675,0,11,314,1,0,0,0,0
1.81861,0,10,314,1,0,0,0,0
1.83013,1,8,317,1,0,0,0,0
1.84143,2,6,319,1,0,0,0,0
1.85347,3,4,320,1,0,0,0,0
1.86492,4,2,321,1,0,0,0,0
1.87674,5,0,323,1,0,0,0,0
1.88903,6,-1,325,1,0,0,0,0
1.90287,7,-3,327,1,0,0,0,0
1.91436,8,-5,328,1,0,0,0,0
1.92719,9,-7,328,1,0,0,0,0
1.93878,10,-9,330,1,0,0,0,0
1.94991,11,-11,329,1,0,0,0,0
1.96125,11,-13,330,1,0,0,0,0
1.97281,12,-15,330,1,0,0,0,0
1.98481,12,-17,330,1,0,0,0,0
1.99732,13,-19,330,1,0,0,0,0
2.00898,13,-21,330,1,0,0,0,0
2.02095,13,-22,329,1,0,0,0,0
2.03235,13,-24,328,1,0,0,0,0
2.04412,12,-26,329,1,0,0,0,0
2.05815,11,-28,329,1,0,0,0,0
2.07062,11,-29,331,1,0,0,0,0
2.08524,10,-30,331,1,0,0,0,0
2.09716,8,-31,331,1,0,0,0,0
2.10894,7,-32,332,1,0,0,0,0
2.12122,6,-32,331,1,0,0,0,0
2.13299,5,-33,332,1,0,0,0,0
2.14482,3,-33,332,1,0,0,0,0
2.15744,2,-33,332,1,0,0,0,0
2.16925,1,-33,332,1,0,0,0,0
2.18084,0,-33,332,1,0,0,0,0
2.1929,-1,-33,332,1,0,0,0,0
2.20496,-2,-32,332,1,0,0,0,0
2.21653,-3,-32,332,1,0,0,0,0
2.2287,-4,-32,332,1,0,0,0,0
2.24059,-5,-32,330,1,0,0,0,0
2.25375,-6,-31,330,1,0,0,0,0
2.26563,-7,-31,331,1,0,0,0,0
2.27749,-8,-31,330,1,0,0,0,0
2.29006,-9,-31,330,1,0,0,0,0
2.3021,-9,-31,329,1,0,0,0,0
2.31393,-10,-31,330,1,0,0,0,0
2.32636,-10,-31,331,1,0,0,0,0
2.33848,-10,-31,331,1,0,0,0,0
2.35183,-10,-31,332,1,0,0,0,0
2.36361,-10,-31,331,1,0,0,0,0
2.3756,-10,-32,331,1,0,0,0,0
2.38768,-9,-32,331,1,0,0,0,0
2.39965,-9,-32,331,1,0,0,0,0
2.41145,-8,-32,331,1,0,0,0,0
2.42377,-7,-32,332,1,0,0,0,0
2.43592,-6,-32,331,1,0,0,0,0
2.44815,-5,-32,330,1,0,0,0,0
2.46046,-4,-32,330,1,0,0,0,0
2.47252,-3,-32,331,1,0,0,0,0
2.48531,-3,-32,331,1,0,0,0,0
2.49723,-2,-32,331,1,0,0,0,0
2.50892,-1,-32,331,1,0,0,0,0
2.52116,0,-32,331,1,0,0,0,0
2.53292,0,-32,331,1,0,0,0,0
2.54479,0,-32,330,1,0,0,0,0
2.55704,0,-32,330,1,0,0,0,0
2.56903,1,-32,330,1,0,0,0,0
2.58093,1,-32,330,1,0,0,0,0
2.59316,1,-32,331,1,0,0,0,0
2.60527,1,-32,331,1,0,0,0,0
2.61871,1,-32,331,1,0,0,0,0
2.63083,1,-32,331,1,0,0,0,0
2.64357,1,-32,332,1,0,0,0,0
2.65596,1,-33,333,1,0,0,0,0
2.66799,1,-33,333,1,0,0,0,0
2.67986,1,-33,332,1,0,0,0,0
2.69248,0,-33,332,1,0,0,0,0
2.70589,0,-33,332,1,0,0,0,0
2.71807,0,-33,332,1,0,0,0,0
2.73021,0,-33,330,1,0,0,0,0
2.74479,0,-33,331,1,0,0,0,0
2.75727,0,-33,331,1,0,0,0,0
2.77008,0,-33,331,1,0,0,0,0
2.78364,0,-34,332,1,0,0,0,0
2.7958,0,-34,332,1,0,0,0,0
2.80793,0,-34,332,1,0,0,0,0
2.82033,1,-34,332,1,0,0,0,0
2.83235,1,-34,332,1,0,0,0,0
2.84424,1,-33,331,1,0,0,0,0
2.85674,1,-33,330,1,0,0,0,0
2.86899,1,-33,330,1,0,0,0,0
2.88088,2,-33,330,1,0,0,0,0
2.89319,2,-33,330,1,0,0,0,0
2.90589,2,-32,330,1,0,0,0,0
2.91937,2,-32,330,1,0,0,0,0
2.93132,2,-32,330,1,0,0,0,0
2.94347,2,-31,328,1,0,0,0,0
2.95597,2,-31,327,1,0,0,0,0
2.96822,2,-31,328,1,0,0,0,0
2.97998,2,-31,328,1,0,0,0,0
2.99286,2,-30,329,1,0,0,0,0
3.00516,2,-30,329,1,0,0,0,0
3.017,1,-30,329,1,0,0,0,0
3.03136,1,-29,330,1,0,0,0,0
3.04336,1,-29,329,1,0,0,0,0
3.05574,1,-29,330,1,0,0,0,0
3.06788,1,-29,329,1,0,0,0,0
3.08002,1,-29,329,1,0,0,0,0
3.09104,1,-29,329,1,0,0,0,0
3.10711,1,-29,328,1,0,0,0,0
3.12014,1,-29,329,1,0,0,0,0
3.13197,1,-29,329,1,0,0,0,0
3.14443,1,-29,329,1,0,0,0,0
3.15691,1,-29,329,1,0,0,0,0
3.16917,1,-29,329,1,0,0,0,0
3.18104,1,-28,330,1,0,0,0,0
3.19315,1,-28,330,1,0,0,0,0
3.20622,1,-28,329,1,0,0,0,0
3.21813,1,-28,330,1,0,0,0,0
3.23006,1,-28,329,1,0,0,0,0
3.2425,1,-27,329,1,0,0,0,0
3.25493,-12,0,328,1,0,0,0,0
3.26657,-25,23,327,1,0,0,0,0
3.27876,-35,43,326,1,0,0,0,0
3.29101,-44,60,325,1,0,0,0,0
3.30321,-51,74,324,1,0,0,0,0
3.31517,-56,84,324,1,0,0,0,0
3.32704,-61,93,323,1,0,0,0,0
3.33877,-65,100,325,0,0,0,0,0
3.34956,-65,100,325,1,0,0,0,0
3.36066,-68,107,324,1,0,0,0,0
3.37476,-71,112,324,1,0,0,0,0
3.38769,-74,115,323,1,0,0,0,0
3.40557,-75,117,323,1,0,0,0,0
3.41691,-76,118,323,1,0,0,0,0
3.4283,-76,118,324,1,0,0,0,0
3.44084,-75,117,324,1,0,0,0,0
3.45263,-74,116,325,1,0,0,0,0
3.46419,-73,113,325,1,0,0,0,0
3.47626,-72,111,324,1,0,0,0,0
3.48791,-70,108,323,1,0,0,0,0
3.50023,-69,105,323,1,0,0,0,0
3.51181,-68,102,323,1,0,0,0,0
3.52316,-66,99,326,1,0,0,0,0
3.53466,-64,96,329,1,0,0,0,0
3.54596,-62,93,329,1,0,0,0,0
3.55715,-59,89,329,1,0,0,0,0
3.56834,-56,86,330,1,0,0,0,0
3.57932,-53,83,330,1,0,0,0,0
3.59037,-50,81,332,1,0,0,0,0
3.60106,-47,78,333,1,0,0,0,0
3.6123,-44,76,334,0,0,0,0,0
3.6231,-44,76,334,1,0,0,0,0
3.63443,-40,74,335,1,0,0,0,0
3.64546,-35,71,335,0,0,0,0,0
3.6562,-35,71,335,0,0,0,0,0
3.66657,-35,71,335,0,0,0,0,0
3.67749,-35,71,335,0,0,0,0,0
3.68864,-35,71,335,0,0,0,0,0
3.70013,-35,71,335,0,0,0,0,0
3.71091,-35,71,335,0,0,0,0,0
3.72203,-35,71,335,0,0,0,0,0
3.73257,-35,71,335,0,0,0,0,0
3.74365,-35,71,335,0,0,0,0,0
3.7547,-35,71,335,0,0,0,0,0
3.76563,-35,71,335,0,0,0,0,0
3.77682,-35,71,335,0,0,0,0,0
3.78809,-35,71,335,0,0,0,0,0
3.79919,-35,71,335,0,0,0,0,0
3.81071,-35,71,335,1,0,0,0,0
3.8224,-15,65,337,1,0,0,0,0
3.83407,2,59,336,0,0,0,0,0
3.84538,2,59,336,1,0,0,0,0
3.85714,18,53,336,0,0,0,0,0
3.86836,18,53,336,1,0,0,0,0
3.87979,33,48,337,0,0,0,0,0
3.8913,33,48,337,0,0,0,0,0
3.90248,33,48,337,0,0,0,0,0
3.9146,33,48,337,0,0,0,0,0
3.92604,33,48,337,0,0,0,0,0
3.93706,33,48,337,0,0,0,0,0
3.94787,33,48,337,0,0,0,0,0
3.95929,33,48,337,1,0,0,0,0
3.971,57,41,337,1,0,0,0,0
3.98369,77,36,338,1,0,0,0,0
3.99578,94,31,338,1,0,0,0,0
4.00798,108,28,339,0,0,0,0,0
4.01976,108,28,339,1,0,0,0,0
4.03156,120,24,339,0,0,0,0,0
4.043,120,24,339,0,0,0,0,0
4.05553,120,24,339,0,0,0,0,0
4.06704,120,24,339,0,0,0,0,0
4.0781,120,24,339,1,0,0,0,0
4.09006,133,21,338,1,0,0,0,0
4.10223,143,18,337,1,0,0,0,0
4.11464,152,15,337,1,0,0,0,0
4.12732,158,13,336,1,0,0,0,0
4.13986,162,12,336,1,0,0,0,0
4.15257,165,10,336,1,0,0,0,0
4.16534,168,9,336,1,0,0,0,0
4.17791,168,8,336,1,0,0,0,0
4.19096,169,8,339,1,0,0,0,0
4.20371,169,7,340,1,0,0,0,0
4.21613,168,6,341,1,0,0,0,0
4.22902,168,6,344,1,0,0,0,0
4.24172,166,5,345,1,0,0,0,0
4.25438,163,5,345,1,0,0,0,0
4.2667,160,4,346,1,0,0,0,0
4.27873,157,4,347,1,0,0,0,0
4.29169,154,4,348,1,0,0,0,0
4.30389,150,4,349,1,0,0,0,0
4.31707,145,3,349,1,0,0,0,0
4.32896,141,3,350,1,0,0,0,0
4.34573,137,3,350,1,0,0,0,0
4.35796,133,3,353,1,0,0,0,0
4.36985,128,3,353,1,0,0,0,0
4.38177,124,3,352,1,0,0,0,0
4.39389,120,3,352,1,0,0,0,0
4.40607,115,3,352,0,0,0,0,0
4.41839,115,3,352,1,0,0,0,0
4.43037,110,3,354,0,0,0,0,0
4.44184,110,3,354,1,0,0,0,0
4.45465,105,3,355,0,0,0,0,0
4.46834,105,3,355,0,0,0,0,0
4.48058,105,3,355,1,0,0,0,0
4.49284,97,3,356,1,0,0,0,0
4.50529,91,3,358,1,0,0,0,0
4.51754,85,4,358,1,0,0,0,0
4.52959,80,4,358,1,0,0,0,0
4.54156,75,4,360,0,0,0,0,0
4.55325,75,4,360,0,0,0,0,0
4.56493,75,4,360,0,0,0,0,0
4.57703,75,4,360,0,0,0,0,0
4.58921,75,4,360,0,0,0,0,0
4.6013,75,4,360,0,0,0,0,0
4.61274,75,4,360,0,0,0,0,0
4.62445,75,4,360,1,0,0,0,0
4.63632,64,6,359,1,0,0,0,0
4.6481,54,7,359,1,0,0,0,0
4.66051,46,8,357,1,0,0,0,0
4.67264,39,9,355,1,0,0,0,0
4.68541,34,10,355,1,0,0,0,0
4.69757,29,11,353,1,0,0,0,0
4.70945,25,12,351,1,0,0,0,0
4.72209,22,12,351,1,0,0,0,0
4.73433,20,13,351,1,0,0,0,0
4.74677,19,13,350,1,0,0,0,0
4.75979,18,14,349,1,0,0,0,0
4.77334,17,14,349,1,0,0,0,0
4.78626,18,14,349,1,0,0,0,0
4.79871,18,13,350,1,0,0,0,0
4.81088,19,13,350,1,0,0,0,0
4.82425,20,13,350,1,0,0,0,0
4.83635,21,13,353,1,0,0,0,0
4.84827,22,13,353,1,0,0,0,0
4.86533,23,12,354,1,0,0,0,0
4.8781,25,11,356,1,0,0,0,0
4.89119,26,10,356,1,0,0,0,0
4.90379,28,10,357,1,0,0,0,0
4.91702,29,9,357,1,0,0,0,0
4.92974,30,8,357,1,0,0,0,0
4.94537,31,8,357,1,0,0,0,0
4.9587,32,7,356,1,0,0,0,0
4.97316,33,6,356,1,0,0,0,0
4.9862,34,6,357,1,0,0,0,0
4.99899,35,5,357,1,0,0,0,0
5.01228,35,5,357,1,0,0,0,0
5.0254,36,5,357,1,0,0,0,0
5.0392,37,4,357,1,0,0,0,0
5.05208,37,4,357,1,0,0,0,0
5.0646,38,3,358,1,0,0,0,0
5.07883,38,3,358,1,0,0,0,0
5.0919,39,2,357,1,0,0,0,0
5.10478,39,1,358,1,0,0,0,0
5.11862,40,0,359,1,0,0,0,0
5.13334,41,0,359,1,0,0,0,0
5.14626,42,-1,360,1,0,0,0,0
5.15899,42,-2,360,1,0,0,0,0
5.17359,43,-3,360,1,0,0,0,0
5.18626,44,-5,360,1,0,0,0,0
5.19873,45,-6,360,1,0,0,0,0
5.21112,46,-7,359,1,0,0,0,0
5.22414,47,-8,359,1,0,0,0,0
5.23667,48,-10,359,1,0,0,0,0
5.25033,48,-11,358,1,0,0,0,0
5.26287,49,-12,357,1,0,0,0,0
5.27538,50,-13,358,1,0,0,0,0
5.28846,51,-14,357,1,0,0,0,0
5.3011,52,-15,356,1,0,0,0,0
5.31369,53,-17,357,1,0,0,0,0
5.32666,53,-18,357,1,0,0,0,0
5.33962,54,-19,358,1,0,0,0,0
5.35258,54,-20,356,1,0,0,0,0
5.36543,55,-20,357,1,0,0,0,0
5.37831,55,-21,358,1,0,0,0,0
5.39138,56,-22,358,1,0,0,0,0
5.40417,56,-22,359,1,0,0,0,0
5.41691,57,-23,359,1,0,0,0,0
5.43011,57,-24,359,1,0,0,0,0
5.44302,57,-24,360,1,0,0,0,0
5.45625,58,-25,360,1,0,0,0,0
5.46916,58,-25,361,1,0,0,0,0
5.48193,58,-26,361,1,0,0,0,0
5.49737,58,-26,362,1,0,0,0,0
5.51053,58,-27,360,1,0,0,0,0
5.5239,58,-27,359,1,0,0,0,0
5.53693,58,-27,359,1,0,0,0,0
5.54975,58,-27,360,1,0,0,0,0
5.56287,58,-27,358,1,0,0,0,0
5.57589,58,-27,357,1,0,0,0,0
5.5896,58,-27,358,1,0,0,0,0
5.60249,58,-27,357,1,0,0,0,0
5.61519,58,-27,357,1,0,0,0,0
5.62815,57,-26,357,1,0,0,0,0
5.64111,58,-26,358,1,0,0,0,0
5.65404,57,-25,357,1,0,0,0,0
5.66693,57,-25,357,1,0,0,0,0
5.67963,57,-25,358,1,0,0,0,0
5.69282,57,-24,358,1,0,0,0,0
5.70629,57,-24,358,1,0,0,0,0
5.71932,57,-23,359,1,0,0,0,0
5.73221,57,-23,360,1,0,0,0,0
5.74503,57,-23,359,1,0,0,0,0
5.75836,57,-23,357,1,0,0,0,0
5.77152,57,-22,356,1,0,0,0,0
5.78457,57,-22,357,1,0,0,0,0
5.79748,57,-22,357,1,0,0,0,0
5.81027,57,-22,358,1,0,0,0,0
5.82366,57,-23,358,1,0,0,0,0
5.83651,57,-23,359,1,0,0,0,0
5.85073,57,-23,360,1,0,0,0,0
5.86382,57,-23,361,1,0,0,0,0
5.87932,57,-23,361,1,0,0,0,0
5.89269,57,-23,361,1,0,0,0,0
5.90621,57,-23,360,1,0,0,0,0
5.91943,56,-23,358,1,0,0,0,0
5.93239,56,-23,359,1,0,0,0,0
5.94513,56,-23,358,1,0,0,0,0
5.95855,56,-23,358,1,0,0,0,0
5.97189,56,-23,357,1,0,0,0,0
5.98638,55,-22,356,1,0,0,0,0
6.00161,55,-22,357,1,0,0,0,0
6.01433,55,-22,357,1,0,0,0,0
6.02768,55,-22,358,1,0,0,0,0
6.04107,54,-21,358,1,0,0,0,0
6.05523,54,-21,358,1,0,0,0,0
6.06855,53,-21,356,1,0,0,0,0
6.08149,53,-20,357,1,0,0,0,0
6.09592,53,-20,357,1,0,0,0,0
6.10941,53,-20,357,1,0,0,0,0
6.123,52,-20,356,1,0,0,0,0
6.13582,52,-19,355,1,0,0,0,0
6.14857,52,-19,354,1,0,0,0,0
6.16515,51,-19,353,1,0,0,0,0
6.17806,51,-19,353,1,0,0,0,0
6.1915,51,-19,353,1,0,0,0,0
6.20571,51,-19,353,1,0,0,0,0
6.21859,51,-19,354,1,0,0,0,0
6.2312,52,-19,356,1,0,0,0,0
6.24433,52,-18,357,1,0,0,0,0
6.2575,52,-18,357,1,0,0,0,0
6.27036,52,-18,358,1,0,0,0,0
6.28396,52,-17,357,1,0,0,0,0
6.29694,53,-17,358,1,0,0,0,0
6.30966,53,-16,357,1,0,0,0,0
6.32325,53,-15,357,1,0,0,0,0
6.33615,53,-14,358,1,0,0,0,0
6.34874,54,-13,359,1,0,0,0,0
6.36149,54,-11,359,1,0,0,0,0
6.37422,55,-10,360,1,0,0,0,0
6.38733,55,-8,361,1,0,0,0,0
6.39957,56,-6,361,1,0,0,0,0
6.41191,56,-3,361,1,0,0,0,0
6.4274,57,-1,361,1,0,0,0,0
6.44019,57,1,360,1,0,0,0,0
6.4526,57,3,359,1,0,0,0,0
6.46483,57,6,357,1,0,0,0,0
6.47718,58,8,357,1,0,0,0,0
6.48985,58,11,355,1,0,0,0,0
6.50564,58,13,354,1,0,0,0,0
6.5198,58,16,352,1,0,0,0,0
6.53307,58,18,349,1,0,0,0,0
6.54544,59,20,350,1,0,0,0,0
6.55819,60,22,350,1,0,0,0,0
6.5705,60,25,347,1,0,0,0,0
6.58391,60,27,346,1,0,0,0,0
6.59606,61,29,346,1,0,0,0,0
6.60836,61,30,344,1,0,0,0,0
6.62115,62,32,343,1,0,0,0,0
6.63491,62,33,342,1,0,0,0,0
6.6472,62,35,342,1,0,0,0,0
6.66284,63,36,341,1,0,0,0,0
6.67558,63,37,339,1,0,0,0,0
6.69307,64,38,340,1,0,0,0,0
6.70595,64,39,338,1,0,0,0,0
6.71891,64,40,337,1,0,0,0,0
6.73144,65,41,338,1,0,0,0,0
6.74408,65,42,337,1,0,0,0,0
6.75717,65,43,337,1,0,0,0,0
6.76975,64,43,336,1,0,0,0,0
6.78204,64,44,336,1,0,0,0,0
6.7944,64,45,337,1,0,0,0,0
6.80733,65,46,338,1,0,0,0,0
6.82033,65,46,338,1,0,0,0,0
6.8327,65,46,338,1,0,0,0,0
6.84506,64,47,338,1,0,0,0,0
6.85784,64,47,339,1,0,0,0,0
6.87041,64,47,339,1,0,0,0,0
6.88326,64,46,339,1,0,0,0,0
6.89594,63,46,339,1,0,0,0,0
6.90839,63,46,338,1,0,0,0,0
6.92218,63,45,339,1,0,0,0,0
6.9349,62,45,340,1,0,0,0,0
6.94694,61,44,339,1,0,0,0,0
6.95938,61,43,339,1,0,0,0,0
6.97229,60,42,340,1,0,0,0,0
6.9849,59,41,340,1,0,0,0,0
6.99706,58,40,341,1,0,0,0,0
7.00957,57,39,341,1,0,0,0,0
7.02223,56,38,343,1,0,0,0,0
7.03468,55,37,344,1,0,0,0,0
7.04699,54,35,344,1,0,0,0,0
7.05951,53,34,343,1,0,0,0,0
7.07198,52,33,345,1,0,0,0,0
7.084,51,32,346,1,0,0,0,0
7.09623,50,31,347,1,0,0,0,0
7.10881,49,29,347,1,0,0,0,0
7.1214,48,28,349,1,0,0,0,0
7.1338,47,27,349,1,0,0,0,0
7.14599,45,26,349,1,0,0,0,0
7.15845,44,25,350,1,0,0,0,0
7.17089,42,24,349,1,0,0,0,0
7.18389,41,23,350,1,0,0,0,0
7.19601,40,22,350,1,0,0,0,0
7.20813,38,22,349,1,0,0,0,0
7.22039,36,21,350,1,0,0,0,0
7.23271,34,21,349,1,0,0,0,0
7.24448,32,20,349,1,0,0,0,0
7.25694,29,20,350,1,0,0,0,0
7.26908,27,20,350,1,0,0,0,0
7.28121,25,20,351,1,0,0,0,0
7.29366,23,19,349,1,0,0,0,0
7.30598,21,19,349,1,0,0,0,0
7.31832,19,19,350,1,0,0,0,0
7.33073,17,19,352,1,0,0,0,0
7.34265,15,19,352,1,0,0,0,0
7.35495,13,18,352,1,0,0,0,0
7.36723,11,18,352,1,0,0,0,0
7.37978,10,17,351,1,0,0,0,0
7.39263,8,17,353,1,0,0,0,0
7.4053,8,16,351,1,0,0,0,0
7.41763,7,15,352,1,0,0,0,0
7.43019,7,14,351,1,0,0,0,0
7.4427,7,13,353,1,0,0,0,0
7.45587,7,12,352,1,0,0,0,0
7.46814,8,11,353,1,0,0,0,0
7.48036,9,10,355,1,0,0,0,0
7.49297,10,9,355,1,0,0,0,0
7.50556,11,7,356,1,0,0,0,0
7.51791,13,6,358,1,0,0,0,0
7.5301,14,5,358,1,0,0,0,0
7.54287,16,3,358,1,0,0,0,0
7.55566,17,2,358,1,0,0,0,0
7.56901,19,1,357,1,0,0,0,0
7.58134,20,0,358,1,0,0,0,0
7.59433,22,0,357,1,0,0,0,0
7.60688,23,-1,359,1,0,0,0,0
7.62079,24,-2,358,1,0,0,0,0
7.6333,25,-3,358,1,0,0,0,0
7.64577,27,-4,358,1,0,0,0,0
7.6586,28,-5,360,1,0,0,0,0
7.67158,28,-5,360,1,0,0,0,0
7.68413,29,-6,360,1,0,0,0,0
7.69696,30,-7,361,1,0,0,0,0
7.7099,30,-8,361,1,0,0,0,0
7.72298,30,-8,359,1,0,0,0,0
7.73563,30,-9,359,1,0,0,0,0
7.74816,30,-10,359,1,0,0,0,0
7.76101,30,-11,358,1,0,0,0,0
7.77371,30,-12,358,1,0,0,0,0
7.78632,30,-13,359,1,0,0,0,0
7.79903,30,-14,360,1,0,0,0,0
7.81178,30,-15,359,1,0,0,0,0
7.82508,30,-16,359,1,0,0,0,0
7.83802,29,-17,360,1,0,0,0,0
7.85075,29,-19,361,1,0,0,0,0
7.86308,29,-21,362,1,0,0,0,0
7.8757,29,-23,361,1,0,0,0,0
7.88849,29,-24,362,1,0,0,0,0
7.90092,29,-27,363,1,0,0,0,0
7.91328,29,-29,364,1,0,0,0,0
7.92636,29,-31,364,1,0,0,0,0
7.93918,29,-32,362,1,0,0,0,0
7.9529,29,-34,363,1,0,0,0,0
7.9655,29,-36,362,1,0,0,0,0
7.97785,29,-38,364,1,0,0,0,0
7.99081,29,-39,363,1,0,0,0,0
8.00353,30,-41,364,1,0,0,0,0
8.01594,30,-42,364,1,0,0,0,0
8.02882,30,-44,366,1,0,0,0,0
8.04178,31,-45,366,1,0,0,0,0
8.05499,31,-46,366,1,0,0,0,0
8.06784,31,-47,366,1,0,0,0,0
8.08054,32,-48,368,1,0,0,0,0
8.09357,32,-49,368,1,0,0,0,0
8.1066,33,-50,368,1,0,0,0,0
8.11955,33,-51,368,1,0,0,0,0
8.13252,33,-52,368,1,0,0,0,0
8.14542,34,-53,368,1,0,0,0,0
8.15869,34,-53,368,1,0,0,0,0
8.17189,34,-54,368,1,0,0,0,0
8.18513,34,-54,368,1,0,0,0,0
8.19807,35,-55,367,1,0,0,0,0
8.21119,35,-55,367,1,0,0,0,0
8.22448,35,-56,368,1,0,0,0,0
8.23754,35,-56,368,1,0,0,0,0
8.2508,35,-57,368,1,0,0,0,0
8.2639,35,-57,368,1,0,0,0,0
8.27685,35,-57,369,1,0,0,0,0
8.29012,35,-57,369,1,0,0,0,0
8.30293,35,-57,369,1,0,0,0,0
8.31551,35,-57,369,1,0,0,0,0
8.3284,35,-56,368,1,0,0,0,0
8.34119,35,-56,369,1,0,0,0,0
8.35413,34,-55,369,1,0,0,0,0
8.36693,34,-54,369,1,0,0,0,0
8.37966,34,-52,370,1,0,0,0,0
8.39505,34,-51,370,1,0,0,0,0
8.40791,34,-49,365,1,0,0,0,0
8.42076,33,-48,365,1,0,0,0,0
8.43325,33,-46,365,1,0,0,0,0
8.4457,34,-44,366,1,0,0,0,0
8.45852,34,-42,365,1,0,0,0,0
8.47145,34,-40,365,1,0,0,0,0
8.48388,34,-38,363,1,0,0,0,0
8.49662,34,-36,361,1,0,0,0,0
8.511,34,-35,362,1,0,0,0,0
8.52402,34,-33,361,1,0,0,0,0
8.5369,35,-31,360,1,0,0,0,0
8.55,35,-30,360,1,0,0,0,0
8.56291,35,-28,361,1,0,0,0,0
8.57562,36,-27,362,1,0,0,0,0
8.58857,36,-25,361,1,0,0,0,0
8.6013,36,-23,361,1,0,0,0,0
8.61382,36,-22,360,1,0,0,0,0
8.62677,36,-20,361,1,0,0,0,0
8.6396,36,-18,360,1,0,0,0,0
8.65246,37,-17,360,1,0,0,0,0
8.66504,37,-15,360,1,0,0,0,0
8.68002,37,-14,359,1,0,0,0,0
8.69266,37,-12,360,1,0,0,0,0
8.70557,37,-11,359,1,0,0,0,0
8.71799,37,-9,359,1,0,0,0,0
8.73259,38,-8,359,1,0,0,0,0
8.74494,38,-6,360,1,0,0,0,0
8.75782,38,-4,359,1,0,0,0,0
8.7703,39,-2,359,1,0,0,0,0
8.78407,39,0,358,1,0,0,0,0
8.79654,39,1,357,1,0,0,0,0
8.80901,40,2,357,1,0,0,0,0
8.82215,40,4,356,1,0,0,0,0
8.83492,40,5,356,1,0,0,0,0
8.84732,40,6,356,1,0,0,0,0
8.86252,40,7,356,1,0,0,0,0
8.87524,40,7,356,1,0,0,0,0
8.88834,40,8,356,1,0,0,0,0
8.90093,40,8,356,1,0,0,0,0
8.91334,40,8,355,1,0,0,0,0
8.92664,40,8,356,1,0,0,0,0
8.93963,40,7,356,1,0,0,0,0
8.95316,40,7,356,1,0,0,0,0
8.96582,39,7,356,1,0,0,0,0
8.9786,39,6,357,1,0,0,0,0
8.99143,39,5,356,1,0,0,0,0
9.00407,38,5,356,1,0,0,0,0
9.01647,38,4,356,1,0,0,0,0
9.02915,38,3,356,1,0,0,0,0
9.04188,37,3,357,1,0,0,0,0
9.05509,37,2,357,1,0,0,0,0
9.06787,37,2,357,1,0,0,0,0
9.08042,37,1,357,1,0,0,0,0
9.09335,36,1,357,1,0,0,0,0
9.10615,36,1,357,1,0,0,0,0
9.11889,36,0,358,1,0,0,0,0
9.13157,36,0,357,1,0,0,0,0
9.14414,37,0,357,1,0,0,0,0
9.15714,37,0,358,1,0,0,0,0
9.16994,37,0,358,1,0,0,0,0
9.18453,37,0,356,1,0,0,0,0
9.19724,37,0,355,1,0,0,0,0
9.21033,37,0,355,1,0,0,0,0
9.22348,37,0,355,1,0,0,0,0
9.23625,37,0,355,1,0,0,0,0
9.25184,37,0,356,1,0,0,0,0
9.26519,38,0,356,1,0,0,0,0
9.27807,38,1,356,1,0,0,0,0
9.29131,38,1,356,1,0,0,0,0
9.30449,38,1,356,1,0,0,0,0
9.31964,38,1,356,1,0,0,0,0
9.33264,38,1,356,1,0,0,0,0
9.34589,38,1,356,1,0,0,0,0
9.35884,38,1,356,1,0,0,0,0
9.37173,38,1,356,1,0,0,0,0
9.38468,38,1,357,1,0,0,0,0
9.39755,37,0,357,1,0,0,0,0
9.41026,37,0,358,1,0,0,0,0
9.42318,37,0,358,1,0,0,0,0
9.43593,37,0,357,1,0,0,0,0
9.4485,37,0,357,1,0,0,0,0
9.46142,36,0,357,1,0,0,0,0
9.47411,36,0,358,1,0,0,0,0
9.48687,36,0,357,1,0,0,0,0
9.49943,36,0,358,1,0,0,0,0
9.51195,36,-1,358,1,0,0,0,0
9.52505,36,-1,358,1,0,0,0,0
9.538,36,-1,357,1,0,0,0,0
9.55053,36,-1,358,1,0,0,0,0
9.56327,36,-1,357,1,0,0,0,0
9.57591,36,-1,357,1,0,0,0,0
9.58928,36,-1,357,1,0,0,0,0
9.60187,36,-2,357,1,0,0,0,0
9.61424,37,-2,358,1,0,0,0,0
9.62712,37,-2,358,1,0,0,0,0
9.63998,37,-2,357,1,0,0,0,0
9.65265,37,-2,357,1,0,0,0,0
9.66529,37,-2,359,1,0,0,0,0
9.6779,37,-2,360,1,0,0,0,0
9.69081,37,-2,360,1,0,0,0,0
9.70339,37,-1,360,1,0,0,0,0
9.71726,37,-1,360,1,0,0,0,0
9.72983,37,-1,361,1,0,0,0,0
9.74233,37,-1,361,1,0,0,0,0
9.75517,37,-1,360,1,0,0,0,0
9.76795,38,-1,361,1,0,0,0,0
9.78046,38,-1,362,1,0,0,0,0
9.79326,38,-1,360,1,0,0,0,0
9.80593,37,-1,360,1,0,0,0,0
9.81911,38,-1,360,1,0,0,0,0
9.83324,37,-1,359,1,0,0,0,0
9.8459,37,-1,358,1,0,0,0,0
9.85886,37,-1,358,1,0,0,0,0
9.87131,37,-1,358,1,0,0,0,0
9.88426,37,-1,357,1,0,0,0,0
9.89694,37,-1,356,1,0,0,0,0
9.90939,37,-1,356,1,0,0,0,0
9.92297,37,-1,357,1,0,0,0,0
9.93565,37,-1,357,1,0,0,0,0
9.94822,37,0,357,1,0,0,0,0
9.96115,37,0,356,1,0,0,0,0
9.9742,37,0,357,1,0,0,0,0
9.98726,37,0,357,1,0,0,0,0
10.0002,37,0,357,1,0,0,0,0
10.0129,37,0,357,1,0,0,0,0
10.026,37,0,357,1,0,0,0,0
10.0393,37,0,357,1,0,0,0,0
10.052,37,0,357,1,0,0,0,0
10.0648,37,0,357,1,0,0,0,0
10.0774,37,0,357,1,0,0,0,0
10.0903,37,0,357,1,0,0,0,0
10.1029,37,0,357,1,0,0,0,0
10.1155,37,0,357,1,0,0,0,0
10.1283,37,0,357,1,0,0,0,0
10.1411,37,0,357,1,0,0,0,0
10.154,37,0,357,1,0,0,0,0
10.1669,37,0,357,1,0,0,0,0
10.1796,37,0,358,1,0,0,0,0
10.1925,37,0,358,1,0,0,0,0
10.2056,37,-1,357,1,0,0,0,0
10.2182,37,-1,356,1,0,0,0,0
10.2312,37,-1,356,1,0,0,0,0
10.244,37,-1,356,1,0,0,0,0
10.257,37,-1,356,1,0,0,0,0
10.2694,37,-1,356,1,0,0,0,0
10.2824,37,-1,356,1,0,0,0,0
10.2951,37,-1,358,1,0,0,0,0
10.3082,38,-1,358,1,0,0,0,0
10.3209,38,-1,360,1,0,0,0,0
10.3336,38,-1,361,1,0,0,0,0
10.3467,38,-1,362,1,0,0,0,0
10.3594,38,0,362,1,0,0,0,0
10.3727,38,0,363,1,0,0,0,0
10.3853,38,0,362,1,0,0,0,0
10.3979,38,0,361,1,0,0,0,0
10.4108,38,0,360,1,0,0,0,0
10.4236,38,0,360,1,0,0,0,0
10.4366,38,0,358,1,0,0,0,0
10.4503,38,0,358,1,0,0,0,0
10.4628,38,0,358,1,0,0,0,0
10.4784,38,0,358,1,0,0,0,0
10.4913,38,0,357,1,0,0,0,0
10.5044,37,0,357,1,0,0,0,0
10.5171,37,0,356,1,0,0,0,0
10.5301,37,0,356,1,0,0,0,0
10.5432,37,0,356,1,0,0,0,0
10.5563,37,0,357,1,0,0,0,0
10.5705,37,0,356,1,0,0,0,0
10.5838,37,0,356,1,1,0,0,0
