timestamp,errXmm,errYmm,errZmm,MarkerPresent,Touched,Heading3,Heading4,Heading5
0.00252123,39,3,356,1,0,0,0,0
0.0157026,39,3,356,0,0,0,0,0
0.0286363,39,3,356,1,0,0,0,0
0.0416878,39,3,357,0,0,0,0,0
0.0544251,39,3,357,0,0,0,0,0
0.0674761,39,3,357,0,0,0,0,0
0.0801284,39,3,357,0,0,0,0,0
0.0929625,39,3,357,0,0,0,0,0
0.106462,39,3,357,1,0,0,0,0
0.119587,0,-27,349,1,0,0,0,0
0.13318,-38,-56,342,1,0,0,0,0
0.145973,-71,-81,336,1,0,0,0,0
0.160024,-98,-102,331,1,0,0,0,0
0.174192,-121,-120,327,1,0,0,0,0
0.186588,-139,-134,324,1,0,0,0,0
0.199294,-153,-144,319,1,0,0,0,0
0.211202,-164,-152,318,1,0,0,0,0
0.222529,-173,-157,317,0,0,0,0,0
0.234065,-173,-157,317,0,0,0,0,0
0.245568,-173,-157,317,1,0,0,0,0
0.257678,-181,-161,315,1,0,0,0,0
0.270131,-186,-163,313,1,0,0,0,0
0.28176,-189,-165,312,1,0,0,0,0
0.294396,-190,-165,311,1,0,0,0,0
0.307089,-190,-165,311,1,0,0,0,0
0.319715,-189,-164,311,1,0,0,0,0
0.332448,-188,-163,312,1,0,0,0,0
0.344794,-187,-162,312,1,0,0,0,0
0.356822,-185,-160,313,1,0,0,0,0
0.369401,-182,-158,312,1,0,0,0,0
0.386359,-180,-157,312,1,0,0,0,0
0.398969,-178,-155,313,1,0,0,0,0
0.411337,-176,-154,314,1,0,0,0,0
0.423538,-175,-153,315,1,0,0,0,0
0.435865,-173,-152,315,1,0,0,0,0
0.448179,-172,-151,315,1,0,0,0,0
0.46098,-170,-150,314,1,0,0,0,0
0.473633,-169,-150,314,1,0,0,0,0
0.486256,-168,-150,315,1,0,0,0,0
0.499133,-167,-150,315,1,0,0,0,0
0.511905,-166,-150,317,1,0,0,0,0
0.524529,-165,-149,317,1,0,0,0,0
0.536796,-163,-149,317,1,0,0,0,0
0.549086,-161,-149,318,1,0,0,0,0
0.561561,-160,-148,318,1,0,0,0,0
0.573418,-159,-149,321,1,0,0,0,0
0.585355,-157,-148,322,1,0,0,0,0
0.597696,-155,-148,322,1,0,0,0,0
0.609405,-153,-148,324,1,0,0,0,0
0.621317,-150,-146,323,1,0,0,0,0
0.633598,-148,-146,325,1,0,0,0,0
0.645531,-144,-145,324,1,0,0,0,0
0.657597,-141,-144,324,1,0,0,0,0
0.669644,-139,-145,327,1,0,0,0,0
0.681486,-136,-145,328,1,0,0,0,0
0.693497,-134,-144,328,0,0,0,0,0
0.705007,-134,-144,328,1,0,0,0,0
0.716599,-131,-144,330,1,0,0,0,0
0.728539,-128,-144,331,1,0,0,0,0
0.74049,-125,-144,332,1,0,0,0,0
0.752535,-122,-144,333,1,0,0,0,0
0.764921,-119,-143,333,0,0,0,0,0
0.776963,-119,-143,333,1,0,0,0,0
0.78977,-115,-143,334,1,0,0,0,0
0.801606,-112,-143,337,1,0,0,0,0
0.813511,-108,-143,338,0,0,0,0,0
0.824933,-108,-143,338,0,0,0,0,0
0.836626,-108,-143,338,1,0,0,0,0
0.848443,-102,-142,339,0,0,0,0,0
0.860309,-102,-142,339,1,0,0,0,0
0.872246,-96,-141,340,0,0,0,0,0
0.884304,-96,-141,340,1,0,0,0,0
0.896207,-89,-139,341,1,0,0,0,0
0.909097,-83,-137,341,1,0,0,0,0
0.920779,-77,-135,340,1,0,0,0,0
0.932487,-73,-133,342,1,0,0,0,0
0.944067,-68,-132,342,1,0,0,0,0
0.956091,-64,-130,342,1,0,0,0,0
0.96796,-61,-129,344,1,0,0,0,0
0.980029,-57,-127,343,1,0,0,0,0
0.991956,-54,-126,343,1,0,0,0,0
1.00358,-51,-124,343,1,0,0,0,0
1.01561,-48,-123,343,1,0,0,0,0
1.02798,-45,-122,342,1,0,0,0,0
1.0425,-43,-121,343,1,0,0,0,0
1.05458,-40,-120,344,1,0,0,0,0
1.06892,-38,-118,342,1,0,0,0,0
1.08257,-35,-117,341,1,0,0,0,0
1.09495,-33,-115,339,1,0,0,0,0
1.10738,-30,-114,339,1,0,0,0,0
1.11967,-28,-114,338,1,0,0,0,0
1.13435,-25,-112,337,1,0,0,0,0
1.14706,-23,-111,335,1,0,0,0,0
1.15928,-21,-110,333,1,0,0,0,0
1.17185,-18,-109,332,1,0,0,0,0
1.18565,-16,-108,331,1,0,0,0,0
1.19919,-14,-107,330,1,0,0,0,0
1.21323,-12,-107,329,1,0,0,0,0
1.22589,-11,-106,329,1,0,0,0,0
1.23829,-9,-105,328,1,0,0,0,0
1.25095,-8,-105,328,1,0,0,0,0
1.26356,-6,-105,328,1,0,0,0,0
1.27594,-4,-104,327,1,0,0,0,0
1.28875,-3,-104,328,1,0,0,0,0
1.30146,-2,-104,328,1,0,0,0,0
1.3142,-1,-104,329,1,0,0,0,0
1.3267,-1,-103,328,1,0,0,0,0
1.33911,0,-103,327,1,0,0,0,0
1.35263,0,-103,330,1,0,0,0,0
1.36543,0,-102,330,1,0,0,0,0
1.37986,0,-101,329,1,0,0,0,0
1.39236,1,-100,329,1,0,0,0,0
1.40491,1,-99,328,1,0,0,0,0
1.41774,2,-98,329,1,0,0,0,0
1.43041,3,-97,329,1,0,0,0,0
1.44322,4,-96,329,1,0,0,0,0
1.45582,4,-94,328,1,0,0,0,0
1.46852,5,-93,327,1,0,0,0,0
1.4815,6,-92,327,1,0,0,0,0
1.49451,7,-90,326,1,0,0,0,0
1.50724,8,-89,326,1,0,0,0,0
1.52007,9,-88,325,1,0,0,0,0
1.53304,10,-87,326,1,0,0,0,0
1.54653,11,-86,326,1,0,0,0,0
1.5594,12,-84,325,1,0,0,0,0
1.57388,13,-83,324,1,0,0,0,0
1.58655,14,-82,323,1,0,0,0,0
1.5992,15,-81,324,1,0,0,0,0
1.61328,16,-80,323,1,0,0,0,0
1.62623,17,-78,322,1,0,0,0,0
1.64008,18,-77,322,1,0,0,0,0
1.65305,19,-76,321,1,0,0,0,0
1.66586,20,-75,321,1,0,0,0,0
1.68003,21,-75,320,1,0,0,0,0
1.69295,22,-74,320,1,0,0,0,0
1.70835,23,-73,320,1,0,0,0,0
1.72689,23,-73,320,1,0,0,0,0
1.73958,24,-72,319,1,0,0,0,0
1.75264,25,-72,319,1,0,0,0,0
1.76561,26,-71,319,1,0,0,0,0
1.77911,27,-71,319,1,0,0,0,0
1.79195,27,-70,318,1,0,0,0,0
1.80458,28,-70,319,1,0,0,0,0
1.81769,29,-70,319,1,0,0,0,0
1.83071,30,-69,319,1,0,0,0,0
1.84382,30,-69,318,1,0,0,0,0
1.85662,31,-68,317,1,0,0,0,0
1.86975,31,-68,318,1,0,0,0,0
1.883,32,-67,317,1,0,0,0,0
1.89624,32,-67,316,1,0,0,0,0
1.90961,32,-66,317,1,0,0,0,0
1.92246,33,-66,317,1,0,0,0,0
1.93537,33,-66,317,1,0,0,0,0
1.94878,33,-66,318,1,0,0,0,0
1.96227,33,-65,317,1,0,0,0,0
1.97558,33,-65,318,1,0,0,0,0
1.98862,33,-65,318,1,0,0,0,0
2.00151,33,-65,318,1,0,0,0,0
2.01479,33,-65,319,1,0,0,0,0
2.028,32,-64,318,1,0,0,0,0
2.04113,32,-64,317,1,0,0,0,0
2.05409,32,-64,316,1,0,0,0,0
2.06696,32,-64,317,1,0,0,0,0
2.08023,32,-64,317,1,0,0,0,0
2.09323,32,-65,317,1,0,0,0,0
2.10651,32,-65,318,1,0,0,0,0
2.1196,31,-65,318,1,0,0,0,0
2.13244,31,-65,318,1,0,0,0,0
2.14665,31,-65,318,1,0,0,0,0
2.15961,31,-65,318,1,0,0,0,0
2.1735,31,-65,319,1,0,0,0,0
2.18655,30,-65,318,1,0,0,0,0
2.19942,30,-65,318,1,0,0,0,0
2.21329,30,-65,318,1,0,0,0,0
2.22625,30,-65,318,1,0,0,0,0
2.24001,29,-65,317,1,0,0,0,0
2.25295,29,-65,317,1,0,0,0,0
2.26601,29,-65,317,1,0,0,0,0
2.28001,28,-65,317,1,0,0,0,0
2.29307,28,-65,317,1,0,0,0,0
2.30695,28,-65,317,1,0,0,0,0
2.31992,28,-65,317,1,0,0,0,0
2.33283,27,-65,317,1,0,0,0,0
2.34873,27,-65,317,1,0,0,0,0
2.362,27,-65,317,1,0,0,0,0
2.37558,27,-65,317,1,0,0,0,0
2.38854,27,-65,316,1,0,0,0,0
2.40145,27,-65,316,1,0,0,0,0
2.41518,27,-65,316,1,0,0,0,0
2.42842,27,-65,316,1,0,0,0,0
2.44151,27,-66,316,1,0,0,0,0
2.45442,27,-66,316,1,0,0,0,0
2.46738,27,-66,316,1,0,0,0,0
2.48064,27,-66,317,1,0,0,0,0
2.49356,26,-67,316,1,0,0,0,0
2.50676,26,-67,316,1,0,0,0,0
2.51961,26,-67,316,1,0,0,0,0
2.53244,26,-67,317,1,0,0,0,0
2.54687,26,-68,317,1,0,0,0,0
2.55993,26,-68,316,1,0,0,0,0
2.57506,26,-68,316,1,0,0,0,0
2.59006,26,-68,317,1,0,0,0,0
2.60338,26,-68,317,1,0,0,0,0
2.61677,26,-68,318,1,0,0,0,0
2.63001,26,-68,318,1,0,0,0,0
2.64318,26,-68,318,1,0,0,0,0
2.65626,26,-68,318,1,0,0,0,0
2.66923,26,-68,318,1,0,0,0,0
2.68248,26,-68,318,1,0,0,0,0
2.69569,26,-68,319,1,0,0,0,0
2.70893,26,-68,320,1,0,0,0,0
2.72189,26,-68,320,1,0,0,0,0
2.73576,26,-68,319,1,0,0,0,0
2.74906,26,-68,319,1,0,0,0,0
2.76229,26,-67,319,1,0,0,0,0
2.77544,26,-67,318,1,0,0,0,0
2.78851,26,-67,319,1,0,0,0,0
2.80131,26,-67,319,1,0,0,0,0
2.81447,26,-67,319,1,0,0,0,0
2.82765,25,-67,319,1,0,0,0,0
2.84096,25,-67,318,1,0,0,0,0
2.85416,25,-67,319,1,0,0,0,0
2.86745,25,-68,319,1,0,0,0,0
2.88094,25,-68,319,1,0,0,0,0
2.89407,25,-68,319,1,0,0,0,0
2.90733,25,-68,320,1,0,0,0,0
2.92056,25,-68,320,1,0,0,0,0
2.93366,25,-68,320,1,0,0,0,0
2.94741,25,-68,320,1,0,0,0,0
2.96048,26,-69,321,1,0,0,0,0
2.97495,26,-69,321,1,0,0,0,0
2.99123,25,-69,320,1,0,0,0,0
3.00697,25,-69,319,1,0,0,0,0
3.02342,25,-69,318,1,0,0,0,0
3.0376,25,-69,318,1,0,0,0,0
3.05319,25,-69,317,1,0,0,0,0
3.0664,25,-69,318,1,0,0,0,0
3.08024,25,-69,318,1,0,0,0,0
3.09361,25,-69,317,1,0,0,0,0
3.10726,25,-69,317,1,0,0,0,0
3.12047,25,-69,316,1,0,0,0,0
3.13345,25,-69,318,1,0,0,0,0
3.14676,25,-69,317,1,0,0,0,0
3.15978,25,-69,317,1,0,0,0,0
3.17376,25,-69,317,1,0,0,0,0
3.1867,88,-53,303,1,0,0,0,0
3.19959,142,-40,291,1,0,0,0,0
3.21365,188,-28,282,1,0,0,0,0
3.22658,226,-19,274,1,0,0,0,0
3.24049,258,-11,269,1,0,0,0,0
3.25317,283,-6,264,0,0,0,0,0
3.26434,283,-6,264,0,0,0,0,0
3.2748,283,-6,264,0,0,0,0,0
3.28641,283,-6,264,0,0,0,0,0
3.29807,283,-6,264,0,0,0,0,0
3.31001,283,-6,264,0,0,0,0,0
3.32246,283,-6,264,1,0,0,0,0
3.3341,308,-2,257,1,0,0,0,0
3.34857,329,0,253,1,0,0,0,0
3.36051,344,3,249,1,0,0,0,0
3.37417,354,5,246,1,0,0,0,0
3.3875,359,6,243,1,0,0,0,0
3.39998,363,7,241,1,0,0,0,0
3.41481,364,6,240,1,0,0,0,0
3.42776,363,5,240,1,0,0,0,0
3.44098,361,4,240,1,0,0,0,0
3.45361,357,2,240,1,0,0,0,0
3.46641,352,0,240,1,0,0,0,0
3.48186,346,-1,240,1,0,0,0,0
3.49512,343,-3,242,1,0,0,0,0
3.5082,339,-5,245,1,0,0,0,0
3.52023,336,-7,248,1,0,0,0,0
3.53236,332,-10,252,1,0,0,0,0
3.54491,327,-13,254,0,0,0,0,0
3.55671,327,-13,254,1,0,0,0,0
3.56879,323,-16,258,1,0,0,0,0
3.58118,319,-20,262,1,0,0,0,0
3.59453,315,-23,266,1,0,0,0,0
3.60639,311,-27,269,0,0,0,0,0
3.61841,311,-27,269,0,0,0,0,0
3.63045,311,-27,269,0,0,0,0,0
3.6424,311,-27,269,0,0,0,0,0
3.65404,311,-27,269,0,0,0,0,0
3.66552,311,-27,269,0,0,0,0,0
3.67698,311,-27,269,0,0,0,0,0
3.68866,311,-27,269,1,0,0,0,0
3.70078,302,-35,276,0,0,0,0,0
3.7127,302,-35,276,0,0,0,0,0
3.72456,302,-35,276,0,0,0,0,0
3.73621,302,-35,276,0,0,0,0,0
3.748,302,-35,276,0,0,0,0,0
3.76122,302,-35,276,0,0,0,0,0
3.77497,302,-35,276,0,0,0,0,0
3.78973,302,-35,276,0,0,0,0,0
3.80175,302,-35,276,0,0,0,0,0
3.81383,302,-35,276,0,0,0,0,0
3.8254,302,-35,276,0,0,0,0,0
3.83763,302,-35,276,0,0,0,0,0
3.84966,302,-35,276,0,0,0,0,0
3.86171,302,-35,276,0,0,0,0,0
3.8741,302,-35,276,0,0,0,0,0
3.88558,302,-35,276,0,0,0,0,0
3.89725,302,-35,276,0,0,0,0,0
3.90907,302,-35,276,0,0,0,0,0
3.92103,302,-35,276,0,0,0,0,0
3.93295,302,-35,276,0,0,0,0,0
3.94463,302,-35,276,0,0,0,0,0
3.95631,302,-35,276,0,0,0,0,0
3.96801,302,-35,276,1,0,0,0,0
3.98042,269,-50,291,1,0,0,0,0
3.99273,242,-62,305,0,0,0,0,0
4.00455,242,-62,305,1,0,0,0,0
4.01697,218,-74,318,1,0,0,0,0
4.02949,196,-83,328,1,0,0,0,0
4.04149,177,-91,337,0,0,0,0,0
4.05404,177,-91,337,1,0,0,0,0
4.06663,160,-98,344,0,0,0,0,0
4.0783,160,-98,344,0,0,0,0,0
4.08979,160,-98,344,0,0,0,0,0
4.10122,160,-98,344,0,0,0,0,0
4.11333,160,-98,344,0,0,0,0,0
4.12638,160,-98,344,0,0,0,0,0
4.13761,160,-98,344,1,0,0,0,0
4.14988,140,-104,351,1,0,0,0,0
4.16344,124,-109,357,1,0,0,0,0
4.17612,111,-112,361,0,0,0,0,0
4.1879,111,-112,361,1,0,0,0,0
4.19995,100,-115,364,1,0,0,0,0
4.21268,91,-117,367,1,0,0,0,0
4.22469,84,-119,368,1,0,0,0,0
4.23648,78,-120,368,1,0,0,0,0
4.24847,74,-120,367,1,0,0,0,0
4.26046,70,-121,368,1,0,0,0,0
4.27246,68,-122,367,1,0,0,0,0
4.28467,66,-122,368,1,0,0,0,0
4.29722,65,-123,368,1,0,0,0,0
4.3093,64,-123,367,1,0,0,0,0
4.3216,63,-123,366,1,0,0,0,0
4.3338,63,-123,365,1,0,0,0,0
4.34663,64,-123,365,1,0,0,0,0
4.35943,64,-123,364,1,0,0,0,0
4.37168,65,-123,363,1,0,0,0,0
4.38436,65,-124,363,1,0,0,0,0
4.39696,66,-124,363,1,0,0,0,0
4.40951,67,-125,363,1,0,0,0,0
4.42198,68,-125,362,1,0,0,0,0
4.43441,69,-125,361,1,0,0,0,0
4.4474,70,-126,361,1,0,0,0,0
4.46017,71,-126,361,1,0,0,0,0
4.47254,71,-126,359,1,0,0,0,0
4.48521,72,-126,358,1,0,0,0,0
4.49793,72,-126,357,1,0,0,0,0
4.51078,73,-126,358,1,0,0,0,0
4.52328,74,-126,358,1,0,0,0,0
4.53555,74,-125,358,1,0,0,0,0
4.54828,74,-124,357,1,0,0,0,0
4.56068,75,-122,356,1,0,0,0,0
4.57274,75,-121,357,1,0,0,0,0
4.58542,76,-119,356,1,0,0,0,0
4.59773,76,-118,357,1,0,0,0,0
4.60994,77,-117,358,1,0,0,0,0
4.62208,77,-115,358,1,0,0,0,0
4.63435,77,-113,358,1,0,0,0,0
4.64687,77,-112,359,1,0,0,0,0
4.65933,77,-110,357,1,0,0,0,0
4.67145,77,-108,357,1,0,0,0,0
4.68396,77,-106,356,1,0,0,0,0
4.69656,78,-104,355,1,0,0,0,0
4.70927,78,-103,355,1,0,0,0,0
4.72186,78,-101,355,1,0,0,0,0
4.7344,78,-100,354,1,0,0,0,0
4.74895,79,-99,356,1,0,0,0,0
4.76148,79,-98,355,1,0,0,0,0
4.77445,79,-97,356,1,0,0,0,0
4.78701,79,-96,356,1,0,0,0,0
4.79938,79,-95,356,1,0,0,0,0
4.81335,79,-95,355,1,0,0,0,0
4.82565,79,-93,356,1,0,0,0,0
4.83762,79,-92,354,1,0,0,0,0
4.84995,79,-91,355,1,0,0,0,0
4.8624,78,-90,354,1,0,0,0,0
4.87573,78,-88,353,1,0,0,0,0
4.88792,77,-86,353,1,0,0,0,0
4.89999,77,-84,353,1,0,0,0,0
4.91281,77,-83,353,1,0,0,0,0
4.925,77,-82,354,1,0,0,0,0
4.93862,77,-80,353,1,0,0,0,0
4.95107,77,-79,353,1,0,0,0,0
4.96335,77,-78,352,1,0,0,0,0
4.97603,76,-77,351,1,0,0,0,0
4.98845,76,-76,351,1,0,0,0,0
5.00087,76,-75,350,1,0,0,0,0
5.01562,76,-75,350,1,0,0,0,0
5.02823,76,-75,351,1,0,0,0,0
5.0427,76,-75,351,1,0,0,0,0
5.05497,76,-75,351,1,0,0,0,0
5.06732,76,-75,352,1,0,0,0,0
5.08061,75,-75,351,1,0,0,0,0
5.0931,75,-75,351,1,0,0,0,0
5.10556,74,-76,352,1,0,0,0,0
5.11775,74,-77,352,1,0,0,0,0
5.12989,73,-78,352,1,0,0,0,0
5.14199,72,-79,352,1,0,0,0,0
5.15368,71,-80,351,1,0,0,0,0
5.1654,70,-81,352,1,0,0,0,0
5.17748,69,-82,352,1,0,0,0,0
5.18925,68,-83,352,1,0,0,0,0
5.20096,66,-85,352,1,0,0,0,0
5.21295,65,-86,353,1,0,0,0,0
5.22462,64,-88,354,1,0,0,0,0
5.23785,63,-90,356,1,0,0,0,0
5.24979,61,-92,355,1,0,0,0,0
5.26176,60,-93,356,1,0,0,0,0
5.27583,59,-96,357,1,0,0,0,0
5.29532,57,-97,358,1,0,0,0,0
5.3103,56,-100,359,1,0,0,0,0
5.32396,55,-101,358,1,0,0,0,0
5.33556,54,-103,358,1,0,0,0,0
5.34754,53,-106,360,1,0,0,0,0
5.35936,51,-109,360,1,0,0,0,0
5.3707,50,-111,362,1,0,0,0,0
5.38243,49,-114,363,1,0,0,0,0
5.39454,48,-117,364,1,0,0,0,0
5.40605,47,-120,364,1,0,0,0,0
5.41798,45,-123,365,1,0,0,0,0
5.42981,44,-125,365,1,0,0,0,0
5.44167,43,-128,366,1,0,0,0,0
5.4556,42,-130,366,1,0,0,0,0
5.46727,40,-132,366,1,0,0,0,0
5.47933,39,-134,365,1,0,0,0,0
5.49095,37,-136,366,1,0,0,0,0
5.50263,36,-138,366,1,0,0,0,0
5.51467,35,-140,367,1,0,0,0,0
5.52692,34,-141,367,1,0,0,0,0
5.53879,32,-143,367,1,0,0,0,0
5.55757,31,-144,368,1,0,0,0,0
5.56944,29,-146,368,1,0,0,0,0
5.58143,28,-147,368,1,0,0,0,0
5.59367,27,-148,368,1,0,0,0,0
5.60539,25,-149,367,1,0,0,0,0
5.61793,24,-150,367,1,0,0,0,0
5.62998,22,-151,367,1,0,0,0,0
5.64271,21,-152,367,1,0,0,0,0
5.65457,19,-152,367,1,0,0,0,0
5.66653,18,-153,367,1,0,0,0,0
5.67923,16,-154,368,1,0,0,0,0
5.69156,14,-154,368,1,0,0,0,0
5.7045,13,-154,367,1,0,0,0,0
5.71774,12,-156,370,1,0,0,0,0
5.7305,11,-157,371,1,0,0,0,0
5.74304,10,-156,370,1,0,0,0,0
5.75518,9,-156,369,1,0,0,0,0
5.76748,8,-157,369,1,0,0,0,0
5.78441,7,-157,369,1,0,0,0,0
5.79667,6,-156,368,1,0,0,0,0
5.809,6,-157,368,1,0,0,0,0
5.82383,5,-156,368,1,0,0,0,0
5.83639,5,-156,367,1,0,0,0,0
5.84956,4,-155,367,1,0,0,0,0
5.86245,4,-154,366,1,0,0,0,0
5.87491,4,-154,367,1,0,0,0,0
5.88729,4,-153,366,1,0,0,0,0
5.8995,5,-151,366,1,0,0,0,0
5.91208,5,-150,365,1,0,0,0,0
5.92412,6,-148,364,1,0,0,0,0
5.93591,6,-146,363,1,0,0,0,0
5.94799,7,-145,364,1,0,0,0,0
5.9611,8,-143,364,1,0,0,0,0
5.97441,9,-142,364,1,0,0,0,0
5.98624,10,-140,363,1,0,0,0,0
5.99857,11,-137,364,1,0,0,0,0
6.01089,12,-136,366,1,0,0,0,0
6.02248,13,-132,363,1,0,0,0,0
6.03425,14,-129,361,1,0,0,0,0
6.04664,14,-125,356,1,0,0,0,0
6.0592,15,-123,357,1,0,0,0,0
6.07567,16,-121,358,1,0,0,0,0
6.08748,17,-119,359,1,0,0,0,0
6.0995,18,-119,365,1,0,0,0,0
6.11152,19,-117,366,1,0,0,0,0
6.12324,19,-114,366,1,0,0,0,0
6.1353,20,-112,366,1,0,0,0,0
6.14723,21,-109,365,1,0,0,0,0
6.15883,21,-107,364,1,0,0,0,0
6.17047,22,-105,365,1,0,0,0,0
6.18252,22,-102,363,1,0,0,0,0
6.19476,22,-100,364,1,0,0,0,0
6.20664,23,-98,364,1,0,0,0,0
6.21844,23,-96,361,1,0,0,0,0
6.23039,23,-94,359,1,0,0,0,0
6.24246,24,-92,359,1,0,0,0,0
6.2541,24,-90,358,1,0,0,0,0
6.26828,25,-88,359,1,0,0,0,0
6.28054,26,-87,360,1,0,0,0,0
6.29251,26,-85,360,1,0,0,0,0
6.30938,27,-84,359,1,0,0,0,0
6.32213,27,-82,359,1,0,0,0,0
6.33409,28,-81,358,1,0,0,0,0
6.34707,29,-81,363,1,0,0,0,0
6.35934,29,-79,361,1,0,0,0,0
6.37493,30,-78,360,1,0,0,0,0
6.38822,31,-76,360,1,0,0,0,0
6.40043,31,-75,358,1,0,0,0,0
6.41299,32,-73,358,1,0,0,0,0
6.42774,32,-72,357,1,0,0,0,0
6.4422,32,-71,356,1,0,0,0,0
6.4555,33,-70,355,1,0,0,0,0
6.46985,33,-69,354,1,0,0,0,0
6.48397,33,-68,352,1,0,0,0,0
6.50425,33,-67,351,1,0,0,0,0
6.51757,34,-66,352,1,0,0,0,0
6.5294,34,-66,352,1,0,0,0,0
6.54125,34,-65,350,1,0,0,0,0
6.55318,35,-64,352,1,0,0,0,0
6.56481,35,-64,351,1,0,0,0,0
6.57744,35,-63,352,1,0,0,0,0
6.58954,35,-62,351,1,0,0,0,0
6.60144,36,-62,352,1,0,0,0,0
6.61409,36,-62,353,1,0,0,0,0
6.62596,36,-61,351,1,0,0,0,0
6.63843,36,-61,351,1,0,0,0,0
6.65072,36,-61,352,1,0,0,0,0
6.66273,36,-60,351,1,0,0,0,0
6.67465,37,-60,351,1,0,0,0,0
6.68655,37,-60,352,1,0,0,0,0
6.69842,37,-60,352,1,0,0,0,0
6.7107,37,-59,351,1,0,0,0,0
6.72272,37,-59,350,1,0,0,0,0
6.7345,37,-59,350,1,0,0,0,0
6.74676,37,-59,351,1,0,0,0,0
6.7586,37,-59,350,1,0,0,0,0
6.77048,37,-59,350,1,0,0,0,0
6.78288,37,-59,351,1,0,0,0,0
6.79523,37,-59,351,1,0,0,0,0
6.80753,37,-59,351,1,0,0,0,0
6.82343,37,-60,353,1,0,0,0,0
6.83527,37,-60,352,1,0,0,0,0
6.84748,37,-60,353,1,0,0,0,0
6.86048,37,-61,354,1,0,0,0,0
6.87454,37,-61,353,1,0,0,0,0
6.89251,37,-61,352,1,0,0,0,0
6.90569,37,-61,353,1,0,0,0,0
6.92107,37,-61,352,1,0,0,0,0
6.93376,37,-62,353,1,0,0,0,0
6.94889,37,-62,353,1,0,0,0,0
6.96149,37,-62,352,1,0,0,0,0
6.97314,37,-62,353,1,0,0,0,0
6.98554,37,-62,354,1,0,0,0,0
6.99763,37,-62,351,1,0,0,0,0
7.00979,37,-62,351,1,0,0,0,0
7.02165,37,-62,352,1,0,0,0,0
7.03341,37,-62,352,1,0,0,0,0
7.04567,37,-62,352,1,0,0,0,0
7.05747,37,-62,352,1,0,0,0,0
7.06935,37,-62,351,1,0,0,0,0
7.08161,37,-62,351,1,0,0,0,0
7.09564,38,-62,352,1,0,0,0,0
7.10818,37,-62,351,1,0,0,0,0
7.12002,38,-62,352,1,0,0,0,0
7.13208,38,-62,352,1,0,0,0,0
7.14526,38,-62,352,1,0,0,0,0
7.15711,38,-62,352,1,0,0,0,0
7.16878,38,-63,353,1,0,0,0,0
7.18124,37,-62,353,1,0,0,0,0
7.1934,37,-62,352,1,0,0,0,0
7.20669,37,-62,351,1,0,0,0,0
7.21866,37,-63,352,1,0,0,0,0
7.23055,37,-63,352,1,0,0,0,0
7.24263,37,-63,351,1,0,0,0,0
7.25463,37,-62,350,1,0,0,0,0
7.27494,37,-63,351,1,0,0,0,0
7.28922,37,-63,351,1,0,0,0,0
7.30145,37,-63,352,1,0,0,0,0
7.31543,37,-63,353,1,0,0,0,0
7.32783,37,-63,353,1,0,0,0,0
7.34048,37,-63,353,1,0,0,0,0
7.35362,37,-63,352,1,0,0,0,0
7.36592,37,-64,353,1,0,0,0,0
7.37869,37,-64,354,1,0,0,0,0
7.39093,37,-64,354,1,0,0,0,0
7.40267,37,-64,355,1,0,0,0,0
7.41508,37,-64,355,1,0,0,0,0
7.42716,37,-64,354,1,0,0,0,0
7.43899,37,-64,355,1,0,0,0,0
7.45116,37,-64,355,1,0,0,0,0
7.46371,37,-64,354,1,0,0,0,0
7.477,37,-64,353,1,0,0,0,0
7.48879,37,-64,353,1,0,0,0,0
7.50055,37,-64,353,1,0,0,0,0
7.51515,37,-64,354,1,0,0,0,0
7.52731,37,-64,353,1,0,0,0,0
7.54157,37,-65,354,1,0,0,0,0
7.55587,37,-65,353,1,0,0,0,0
7.57132,37,-65,352,1,0,0,0,0
7.58348,37,-65,352,1,0,0,0,0
7.59601,37,-65,351,1,0,0,0,0
7.60835,37,-65,352,1,0,0,0,0
7.62031,37,-66,353,1,0,0,0,0
7.63245,37,-66,353,1,0,0,0,0
7.64509,37,-66,353,1,0,0,0,0
7.65695,37,-66,354,1,0,0,0,0
7.66874,37,-66,354,1,0,0,0,0
7.68086,37,-66,354,1,0,0,0,0
7.69271,37,-66,355,1,0,0,0,0
7.70444,37,-66,355,1,0,0,0,0
7.71659,38,-66,355,1,0,0,0,0
7.7287,37,-66,354,1,0,0,0,0
7.74066,37,-66,352,1,0,0,0,0
7.75246,37,-65,351,1,0,0,0,0
7.76448,37,-65,350,1,0,0,0,0
7.7767,37,-65,350,1,0,0,0,0
7.78873,37,-65,351,1,0,0,0,0
7.80063,37,-65,352,1,0,0,0,0
7.81314,37,-65,351,1,0,0,0,0
7.825,37,-65,352,1,0,0,0,0
7.8367,37,-65,353,1,0,0,0,0
7.84885,37,-65,354,1,0,0,0,0
7.86147,37,-65,354,1,0,0,0,0
7.87564,37,-65,355,1,0,0,0,0
7.88798,37,-65,354,1,0,0,0,0
7.90176,37,-65,353,1,0,0,0,0
7.91433,37,-65,354,1,0,0,0,0
7.92657,38,-65,354,1,0,0,0,0
7.93831,38,-65,354,1,0,0,0,0
7.95071,37,-64,352,1,0,0,0,0
7.96311,38,-64,353,1,0,0,0,0
7.97578,38,-64,353,1,0,0,0,0
7.99008,38,-64,354,1,0,0,0,0
8.00383,38,-64,354,1,0,0,0,0
8.01598,38,-64,354,1,0,0,0,0
8.02794,38,-64,354,1,0,0,0,0
8.03988,38,-64,354,1,0,0,0,0
8.05211,38,-64,356,1,0,0,0,0
8.06403,38,-63,354,1,0,0,0,0
8.07606,38,-63,352,1,0,0,0,0
8.08794,38,-62,352,1,0,0,0,0
8.09971,37,-62,353,1,0,0,0,0
8.11454,37,-63,353,1,0,0,0,0
8.12674,37,-63,354,1,0,0,0,0
8.14132,37,-63,355,1,0,0,0,0
8.15951,37,-63,355,1,0,0,0,0
8.17169,37,-63,355,1,0,0,0,0
8.18375,37,-63,355,1,0,0,0,0
8.19597,37,-63,355,1,0,0,0,0
8.20798,37,-63,354,1,0,0,0,0
8.21988,37,-62,353,1,0,0,0,0
8.23169,36,-63,353,1,0,0,0,0
8.24661,36,-63,354,1,0,0,0,0
8.26,36,-63,354,1,0,0,0,0
8.27236,36,-63,352,1,0,0,0,0
8.28924,36,-64,354,1,0,0,0,0
8.30121,36,-64,354,1,0,0,0,0
8.31332,36,-65,353,1,0,0,0,0
8.32534,36,-65,352,1,0,0,0,0
8.33718,36,-66,353,1,0,0,0,0
8.34926,35,-66,353,1,0,0,0,0
8.36154,35,-66,354,1,0,0,0,0
8.37341,35,-66,354,1,0,0,0,0
8.38549,35,-66,354,1,0,0,0,0
8.39747,34,-66,354,1,0,0,0,0
8.40946,34,-65,352,1,0,0,0,0
8.42165,34,-65,354,1,0,0,0,0
8.43339,34,-65,353,1,0,0,0,0
8.44574,33,-64,354,1,0,0,0,0
8.45765,33,-63,352,1,0,0,0,0
8.46942,33,-63,353,1,0,0,0,0
8.48154,32,-62,352,1,0,0,0,0
8.49357,32,-61,353,1,0,0,0,0
8.50517,31,-61,353,1,0,0,0,0
8.51713,31,-60,353,1,0,0,0,0
8.52912,30,-60,353,1,0,0,0,0
8.54119,30,-59,354,1,0,0,0,0
8.55291,29,-58,352,1,0,0,0,0
8.56462,29,-58,352,1,0,0,0,0
8.57675,28,-58,353,1,0,0,0,0
8.58871,28,-57,352,1,0,0,0,0
8.60047,27,-57,352,1,0,0,0,0
8.6126,27,-56,352,1,0,0,0,0
8.62441,26,-56,353,1,0,0,0,0
8.63631,26,-56,353,1,0,0,0,0
8.64846,26,-55,354,1,0,0,0,0
8.66093,25,-55,353,1,0,0,0,0
8.67352,25,-54,352,1,0,0,0,0
8.68544,24,-53,351,1,0,0,0,0
8.69733,24,-52,350,1,0,0,0,0
8.7096,23,-51,350,1,0,0,0,0
8.72127,23,-51,351,1,0,0,0,0
8.73283,22,-49,351,1,0,0,0,0
8.74537,22,-48,351,1,0,0,0,0
8.75746,21,-47,349,1,0,0,0,0
8.7691,21,-46,350,1,0,0,0,0
8.78156,21,-44,348,1,0,0,0,0
8.79358,20,-44,350,1,0,0,0,0
8.80675,20,-43,350,1,0,0,0,0
8.81847,20,-41,349,1,0,0,0,0
8.8305,20,-41,350,1,0,0,0,0
8.84251,19,-40,349,1,0,0,0,0
8.85435,19,-39,348,1,0,0,0,0
8.86624,19,-38,348,1,0,0,0,0
8.87876,19,-36,346,1,0,0,0,0
8.8906,19,-36,347,1,0,0,0,0
8.90211,18,-35,346,1,0,0,0,0
8.91422,18,-34,347,1,0,0,0,0
8.92604,18,-33,348,1,0,0,0,0
8.93759,18,-33,347,1,0,0,0,0
8.94974,18,-32,348,1,0,0,0,0
8.96469,17,-31,348,1,0,0,0,0
8.9773,17,-31,348,1,0,0,0,0
8.98918,17,-30,347,1,0,0,0,0
9.00091,17,-30,346,1,0,0,0,0
9.01314,17,-29,347,1,0,0,0,0
9.02507,17,-29,346,1,0,0,0,0
9.03697,17,-29,347,1,0,0,0,0
9.04915,17,-28,345,1,0,0,0,0
9.06146,17,-28,345,1,0,0,0,0
9.07344,17,-28,345,1,0,0,0,0
9.08528,17,-27,345,1,0,0,0,0
9.09726,17,-27,345,1,0,0,0,0
9.10928,17,-27,345,1,0,0,0,0
9.12267,17,-26,346,1,0,0,0,0
9.13474,17,-26,347,1,0,0,0,0
9.14703,17,-26,346,1,0,0,0,0
9.15875,16,-25,346,1,0,0,0,0
9.17052,16,-25,345,1,0,0,0,0
9.18275,16,-25,344,1,0,0,0,0
9.19516,16,-24,344,1,0,0,0,0
9.20797,16,-24,345,1,0,0,0,0
9.22075,16,-24,345,1,0,0,0,0
9.2331,16,-24,347,1,0,0,0,0
9.24838,16,-24,345,1,0,0,0,0
9.26341,16,-23,344,1,0,0,0,0
9.27547,16,-23,345,1,0,0,0,0
9.28746,16,-23,345,1,0,0,0,0
9.29973,15,-23,344,1,0,0,0,0
9.31188,15,-23,344,1,0,0,0,0
9.32619,15,-23,345,1,0,0,0,0
9.33818,15,-23,344,1,0,0,0,0
9.35025,15,-23,344,1,0,0,0,0
9.36241,15,-22,343,1,0,0,0,0
9.37684,15,-22,344,1,0,0,0,0
9.39522,15,-23,344,1,0,0,0,0
9.40738,15,-23,345,1,0,0,0,0
9.41953,15,-23,345,1,0,0,0,0
9.43144,15,-24,345,1,0,0,0,0
9.44412,15,-24,346,1,0,0,0,0
9.45605,15,-25,346,1,0,0,0,0
9.46793,15,-25,345,1,0,0,0,0
9.4805,15,-26,344,1,0,0,0,0
9.49328,15,-27,344,1,0,0,0,0
9.50501,15,-27,344,1,0,0,0,0
9.51755,15,-28,344,1,0,0,0,0
9.52965,15,-29,344,1,0,0,0,0
9.54159,15,-29,345,1,0,0,0,0
9.55425,16,-30,346,1,0,0,0,0
9.56628,16,-31,346,1,0,0,0,0
9.57954,16,-32,345,1,0,0,0,0
9.59177,16,-32,345,1,0,0,0,0
9.60371,17,-33,344,1,0,0,0,0
9.61775,17,-34,344,1,0,0,0,0
9.62964,17,-35,345,1,0,0,0,0
9.64221,18,-37,345,1,0,0,0,0
9.65379,18,-37,343,1,0,0,0,0
9.66546,19,-39,345,1,0,0,0,0
9.67746,19,-40,347,1,0,0,0,0
9.69085,20,-41,347,1,0,0,0,0
9.70453,21,-43,349,1,0,0,0,0
9.7185,22,-45,349,1,0,0,0,0
9.73077,23,-47,351,1,0,0,0,0
9.74412,24,-49,352,1,0,0,0,0
9.756,25,-51,353,1,0,0,0,0
9.76992,26,-53,354,1,0,0,0,0
9.7841,27,-56,355,1,0,0,0,0
9.79599,28,-58,356,1,0,0,0,0
9.80817,28,-60,354,1,0,0,0,0
9.82043,29,-62,355,1,0,0,0,0
9.83426,30,-65,355,1,0,0,0,0
9.84868,32,-68,357,1,0,0,0,0
9.86082,33,-71,357,1,0,0,0,0
9.8735,33,-73,356,1,0,0,0,0
9.88603,34,-75,356,1,0,0,0,0
9.90007,35,-78,357,1,0,0,0,0
9.91455,35,-80,357,1,0,0,0,0
9.92645,36,-82,357,1,0,0,0,0
9.93831,37,-85,358,1,0,0,0,0
9.95028,37,-86,358,1,0,0,0,0
9.96264,37,-88,358,1,0,0,0,0
9.97626,37,-89,357,1,0,0,0,0
9.98848,38,-91,357,1,0,0,0,0
10.0014,37,-91,356,1,0,0,0,0
10.0136,37,-91,353,1,0,0,0,0
10.0254,37,-92,353,1,0,0,0,0
10.0372,37,-92,354,1,0,0,0,0
10.0492,37,-92,355,1,0,0,0,0
10.0617,36,-91,356,1,0,0,0,0
10.0736,36,-91,355,1,0,0,0,0
10.0854,36,-90,355,1,0,0,0,0
10.0974,35,-89,356,1,0,0,0,0
10.1095,35,-88,356,1,0,0,0,0
10.1214,34,-87,357,1,0,0,0,0
10.133,34,-85,355,1,0,0,0,0
10.1455,34,-84,357,1,0,0,0,0
10.1573,33,-82,357,1,0,0,0,0
10.1689,33,-81,357,1,0,0,0,0
10.1809,32,-80,356,1,0,0,0,0
10.1932,32,-78,355,1,0,0,0,0
10.205,31,-77,355,1,0,0,0,0
10.2171,31,-75,354,1,0,0,0,0
10.2294,31,-74,354,1,0,0,0,0
10.2422,31,-73,355,1,0,0,0,0
10.254,31,-72,355,1,0,0,0,0
10.2656,31,-71,355,1,0,0,0,0
10.2783,31,-70,354,1,0,0,0,0
10.2901,32,-69,354,1,0,0,0,0
10.3017,32,-68,353,1,0,0,0,0
10.3143,32,-66,352,1,0,0,0,0
10.3262,32,-65,351,1,0,0,0,0
10.3379,33,-64,351,1,0,0,0,0
10.3499,33,-64,352,1,0,0,0,0
10.3619,33,-63,352,1,0,0,0,0
10.3744,34,-63,351,1,0,0,0,0
10.3873,34,-62,352,1,0,0,0,0
10.3992,35,-62,353,1,0,0,0,0
10.412,35,-62,353,1,0,0,0,0
10.4239,35,-62,354,1,0,0,0,0
10.4356,35,-61,353,1,0,0,0,0
10.4478,36,-61,353,1,0,0,0,0
10.4617,36,-61,352,1,0,0,0,0
10.4742,36,-61,352,1,0,0,0,0
10.4862,36,-60,352,1,0,0,0,0
10.4987,36,-60,353,1,0,0,0,0
10.5109,36,-60,352,1,0,0,0,0
10.5229,36,-60,352,1,0,0,0,0
10.536,36,-59,352,1,0,0,0,0
10.5481,36,-59,351,1,0,0,0,0
10.5605,36,-58,351,1,0,0,0,0
10.5723,36,-58,351,1,0,0,0,0
10.5844,37,-57,351,1,0,0,0,0
10.5964,37,-57,351,1,0,0,0,0
10.6086,37,-56,350,1,0,0,0,0
10.6206,37,-56,350,1,0,0,0,0
10.6328,37,-55,348,1,0,0,0,0
10.6452,37,-55,349,1,0,0,0,0
10.6573,37,-55,350,1,0,0,0,0
10.6695,37,-55,351,1,0,0,0,0
10.6824,37,-54,351,1,0,0,0,0
10.6945,37,-54,350,1,0,0,0,0
10.7064,38,-54,350,1,0,0,0,0
10.7186,38,-55,351,1,0,0,0,0
10.7306,38,-55,351,1,0,0,0,0
10.7427,38,-55,351,1,0,0,0,0
10.7549,38,-55,351,1,0,0,0,0
10.767,38,-56,351,1,0,0,0,0
10.7795,38,-56,351,1,0,0,0,0
10.7915,38,-57,350,1,0,0,0,0
10.8067,38,-57,349,1,0,0,0,0
10.8185,38,-57,348,1,0,0,0,0
10.8305,38,-57,348,1,0,0,0,0
10.8427,38,-57,347,1,0,0,0,0
10.855,38,-57,346,1,0,0,0,0
10.867,38,-58,347,1,0,0,0,0
10.8798,38,-58,348,1,0,0,0,0
10.892,38,-58,348,1,0,0,0,0
10.9061,38,-58,350,1,0,0,0,0
10.9183,38,-58,349,1,0,0,0,0
10.9305,38,-58,348,1,0,0,0,0
10.9431,38,-58,348,1,0,0,0,0
10.9548,38,-58,350,1,0,0,0,0
10.9669,39,-57,351,1,0,0,0,0
10.9793,39,-56,351,1,0,0,0,0
10.9915,39,-55,349,1,0,0,0,0
11.0034,40,-55,350,1,0,0,0,0
11.0181,40,-54,349,1,0,0,0,0
11.0303,40,-52,348,1,0,0,0,0
11.0425,41,-51,348,1,0,0,0,0
11.0545,41,-51,348,1,0,0,0,0
11.0662,41,-50,349,1,0,0,0,0
11.0786,41,-49,348,1,0,0,0,0
11.0907,42,-48,348,1,0,0,0,0
11.1024,42,-48,347,1,0,0,0,0
11.1147,42,-48,347,1,0,0,0,0
11.1271,42,-48,347,1,0,0,0,0
11.1399,42,-47,347,1,0,0,0,0
11.152,43,-47,346,1,0,0,0,0
11.1644,44,-47,347,1,0,0,0,0
11.1767,44,-47,346,1,0,0,0,0
11.1889,45,-47,345,1,0,0,0,0
11.202,46,-47,345,1,0,0,0,0
11.2142,46,-47,345,1,0,0,0,0
11.2264,46,-47,345,1,0,0,0,0
11.2383,47,-47,345,1,0,0,0,0
11.2505,47,-47,347,1,0,0,0,0
11.2626,47,-48,348,1,0,0,0,0
11.2748,47,-48,348,1,0,0,0,0
11.2868,47,-48,347,1,0,0,0,0
11.2986,47,-48,347,1,0,0,0,0
11.311,47,-48,349,1,0,0,0,0
11.3229,47,-48,349,1,0,0,0,0
11.3348,47,-49,349,1,0,0,0,0
11.3469,47,-49,349,1,0,0,0,0
11.3588,47,-48,348,1,0,0,0,0
11.3706,47,-48,347,1,0,0,0,0
11.3827,48,-48,348,1,0,0,0,0
11.395,49,-48,348,1,0,0,0,0
11.407,49,-48,347,1,0,0,0,0
11.4187,50,-48,348,1,0,0,0,0
11.4307,51,-48,349,1,0,0,0,0
11.4427,52,-48,349,1,0,0,0,0
11.4563,52,-48,349,1,0,0,0,0
11.4682,53,-47,348,1,0,0,0,0
11.4805,54,-47,348,1,0,0,0,0
11.4924,54,-47,348,1,0,0,0,0
11.504,55,-46,348,1,0,0,0,0
11.5164,56,-46,348,1,0,0,0,0
11.5285,56,-45,348,1,0,0,0,0
11.5407,57,-45,347,1,0,0,0,0
11.5524,58,-44,346,1,0,0,0,0
11.5642,59,-44,346,1,0,0,0,0
11.5762,59,-43,345,1,0,0,0,0
11.5877,61,-42,344,1,0,0,0,0
11.5994,62,-42,344,1,0,0,0,0
11.6136,63,-41,344,1,0,0,0,0
11.6266,65,-41,345,1,0,0,0,0
11.6383,66,-40,343,1,0,0,0,0
11.6502,67,-39,342,1,0,0,0,0
11.6623,68,-38,342,1,0,0,0,0
11.6742,69,-37,341,1,0,0,0,0
11.6862,70,-36,342,1,0,0,0,0
11.6982,70,-36,341,1,0,0,0,0
11.7104,71,-35,342,1,0,0,0,0
11.7224,72,-34,341,1,0,0,0,0
11.7344,72,-34,340,1,0,0,0,0
11.7485,72,-33,340,1,0,0,0,0
11.761,72,-33,340,1,0,0,0,0
11.7729,73,-33,341,1,0,0,0,0
11.7852,73,-33,341,1,0,0,0,0
11.7976,73,-34,341,1,0,0,0,0
11.8098,73,-34,341,1,0,0,0,0
11.822,73,-35,343,1,0,0,0,0
11.8339,73,-36,343,1,0,0,0,0
11.8464,73,-36,342,1,0,0,0,0
11.8586,73,-37,342,1,0,0,0,0
11.8704,73,-38,343,1,0,0,0,0
11.8829,72,-38,341,1,0,0,0,0
11.8953,72,-39,343,1,0,0,0,0
11.9075,72,-40,343,1,0,0,0,0
11.9198,72,-40,343,1,0,0,0,0
11.9325,72,-40,343,1,0,0,0,0
11.9453,72,-41,343,1,0,0,0,0
11.9574,72,-41,343,1,0,0,0,0
11.9694,72,-41,343,1,0,0,0,0
11.9818,72,-41,343,1,0,0,0,0
11.9939,71,-41,342,1,0,0,0,0
12.0065,71,-41,342,1,0,0,0,0
12.0186,71,-41,342,1,0,0,0,0
12.0305,71,-41,341,1,0,0,0,0
12.0428,71,-41,341,1,0,0,0,0
12.0559,72,-40,342,1,0,0,0,0
12.068,72,-40,342,1,0,0,0,0
12.0807,72,-40,342,1,0,0,0,0
12.0931,72,-40,342,1,0,0,0,0
12.1054,73,-40,341,1,0,0,0,0
12.1182,73,-40,342,1,0,0,0,0
12.1306,73,-39,342,1,0,0,0,0
12.143,74,-40,343,1,0,0,0,0
12.1551,74,-40,343,1,0,0,0,0
12.1678,74,-40,344,1,0,0,0,0
12.1813,74,-40,343,1,0,0,0,0
12.194,74,-40,344,1,0,0,0,0
12.208,74,-40,343,1,0,0,0,0
12.2201,74,-40,343,1,0,0,0,0
12.2324,74,-41,343,1,0,0,0,0
12.2471,74,-41,342,1,0,0,0,0
12.2593,74,-41,343,1,0,0,0,0
12.2713,74,-41,343,1,0,0,0,0
12.2837,74,-41,343,1,0,0,0,0
12.2958,74,-41,343,1,0,0,0,0
12.3076,74,-41,343,1,0,0,0,0
12.3197,73,-41,343,1,0,0,0,0
12.3317,73,-41,343,1,0,0,0,0
12.3443,73,-41,343,1,0,0,0,0
12.3565,72,-41,342,1,0,0,0,0
12.3686,72,-41,342,1,0,0,0,0
12.3811,72,-40,343,1,0,0,0,0
12.3934,71,-40,343,1,0,0,0,0
12.4074,71,-40,343,1,0,0,0,0
12.4194,70,-40,343,1,0,0,0,0
12.4317,69,-39,342,1,0,0,0,0
12.444,68,-39,341,1,0,0,0,0
12.4559,67,-39,342,1,0,0,0,0
12.4678,66,-39,342,1,0,0,0,0
12.4814,66,-39,343,1,0,0,0,0
12.4937,65,-39,344,1,0,0,0,0
12.5056,64,-39,343,1,0,0,0,0
12.5178,64,-39,345,1,0,0,0,0
12.5301,64,-38,345,1,0,0,0,0
12.5422,64,-38,345,1,0,0,0,0
12.5545,63,-38,344,1,0,0,0,0
12.5665,63,-38,344,1,0,0,0,0
12.579,63,-37,343,1,0,0,0,0
12.5917,63,-37,342,1,0,0,0,0
12.6035,63,-37,342,1,0,0,0,0
12.6158,63,-37,341,1,0,0,0,0
12.6283,63,-37,342,1,0,0,0,0
12.6428,64,-37,343,1,0,0,0,0
12.6596,64,-37,343,1,0,0,0,0
12.6735,64,-37,343,1,0,0,0,0
12.6866,64,-38,343,1,0,0,0,0
12.6987,64,-38,342,1,0,0,0,0
12.7111,64,-38,342,1,0,0,0,0
12.7231,65,-38,342,1,0,0,0,0
12.7361,65,-38,342,1,0,0,0,0
12.7486,65,-38,342,1,0,0,0,0
12.7607,66,-38,341,1,0,0,0,0
12.7727,66,-38,342,1,0,0,0,0
12.7851,66,-37,343,1,0,0,0,0
12.7974,66,-37,343,1,0,0,0,0
12.81,67,-37,342,1,0,0,0,0
12.8237,67,-36,343,1,0,0,0,0
12.8363,67,-36,342,1,0,0,0,0
12.8488,68,-36,342,1,0,0,0,0
12.8616,68,-35,342,1,0,0,0,0
12.8743,68,-34,340,1,0,0,0,0
12.8887,69,-34,340,1,0,0,0,0
12.9012,69,-34,340,1,0,0,0,0
12.9135,69,-33,340,1,0,0,0,0
12.9257,69,-33,339,1,0,0,0,0
12.9376,70,-32,339,1,0,0,0,0
12.95,70,-32,339,1,0,0,0,0
12.9623,70,-31,340,1,0,0,0,0
12.9744,71,-31,340,1,0,0,0,0
12.9866,71,-31,340,1,0,0,0,0
12.9988,71,-30,339,1,0,0,0,0
13.0118,71,-30,339,1,0,0,0,0
13.0241,72,-30,340,1,0,0,0,0
13.0362,72,-30,340,1,0,0,0,0
13.0486,72,-30,340,1,0,0,0,0
13.0611,72,-30,340,1,0,0,0,0
13.0733,72,-29,338,1,0,0,0,0
13.0854,72,-29,338,1,0,0,0,0
13.0975,72,-29,338,1,0,0,0,0
13.1099,72,-29,339,1,0,0,0,0
13.1221,72,-29,338,1,0,0,0,0
13.1344,72,-29,338,1,0,0,0,0
13.1472,72,-29,339,1,0,0,0,0
13.1595,72,-29,339,1,0,0,0,0
13.1714,72,-29,339,1,0,0,0,0
13.1864,72,-29,338,1,0,0,0,0
13.1985,73,-29,338,1,0,0,0,0
13.211,73,-29,338,1,0,0,0,0
13.2251,73,-30,338,1,0,0,0,0
13.2372,73,-30,338,1,0,0,0,0
13.2497,73,-30,339,1,0,0,0,0
13.2648,73,-30,338,1,0,0,0,0
13.2776,73,-30,339,1,0,0,0,0
13.2903,73,-30,338,1,0,0,0,0
13.3026,73,-30,338,1,0,0,0,0
13.3169,73,-30,338,1,0,0,0,0
13.33,74,-30,339,1,0,0,0,0
13.3423,74,-30,339,1,0,0,0,0
13.3547,74,-30,339,1,0,0,0,0
13.3699,74,-30,339,1,0,0,0,0
13.3843,74,-30,339,1,0,0,0,0
13.3977,74,-30,339,1,0,0,0,0
13.4127,74,-30,339,1,0,0,0,0
13.4251,75,-30,339,1,0,0,0,0
13.4372,75,-30,340,1,0,0,0,0
13.452,75,-30,340,1,0,0,0,0
13.4645,76,-30,339,1,0,0,0,0
13.4771,76,-30,340,1,0,0,0,0
13.4892,76,-29,339,1,0,0,0,0
13.5014,76,-29,340,1,0,0,0,0
13.5139,76,-29,340,1,0,0,0,0
13.5262,77,-29,340,1,0,0,0,0
13.5381,77,-29,340,1,0,0,0,0
13.5507,77,-29,340,1,0,0,0,0
13.563,77,-29,340,1,0,0,0,0
13.5764,77,-29,340,1,0,0,0,0
13.5885,77,-29,340,1,0,0,0,0
13.6005,77,-29,339,1,0,0,0,0
13.613,77,-30,339,1,0,0,0,0
13.6253,78,-30,339,1,0,0,0,0
13.6375,78,-30,340,1,0,0,0,0
13.6507,78,-31,340,1,0,0,0,0
13.6634,78,-31,340,1,0,0,0,0
13.6759,78,-31,340,1,0,0,0,0
13.6883,78,-32,341,1,0,0,0,0
13.7012,78,-32,341,1,0,0,0,0
13.7139,78,-32,340,1,0,0,0,0
13.7263,78,-33,340,1,0,0,0,0
13.7384,78,-33,340,1,0,0,0,0
13.7509,78,-33,341,1,0,0,0,0
13.7643,78,-33,341,1,0,0,0,0
13.7767,78,-33,341,1,0,0,0,0
13.789,78,-33,341,1,0,0,0,0
13.8011,78,-33,341,1,0,0,0,0
13.8153,77,-33,341,1,0,0,0,0
13.8276,77,-33,340,1,0,0,0,0
13.8397,77,-33,340,1,0,0,0,0
13.852,77,-32,340,1,0,0,0,0
13.8657,76,-32,339,1,0,0,0,0
13.8787,76,-31,340,1,0,0,0,0
13.8908,76,-31,340,1,0,0,0,0
13.903,76,-30,340,1,0,0,0,0
13.9155,76,-30,340,1,0,0,0,0
13.9283,76,-29,339,1,0,0,0,0
13.9406,76,-28,337,1,0,0,0,0
13.9528,76,-28,337,1,0,0,0,0
13.9648,76,-27,337,1,0,0,0,0
13.9774,75,-27,336,1,0,0,0,0
13.9895,75,-26,335,1,0,0,0,0
14.0015,75,-26,334,1,0,0,0,0
14.0139,75,-26,334,1,0,0,0,0
14.026,75,-26,334,1,0,0,0,0
14.0386,76,-26,335,1,0,0,0,0
14.0509,76,-26,336,1,0,0,0,0
14.0632,76,-26,335,1,0,0,0,0
14.0756,76,-27,336,1,0,0,0,0
14.0878,76,-27,337,1,0,0,0,0
14.0999,77,-27,338,1,0,0,0,0
14.1123,77,-27,338,1,0,0,0,0
14.1245,77,-28,338,1,0,0,0,0
14.1365,77,-28,338,1,0,0,0,0
14.1489,77,-28,339,1,0,0,0,0
14.1615,77,-28,338,1,0,0,0,0
14.1735,76,-28,338,1,0,0,0,0
14.1859,76,-29,338,1,0,0,0,0
14.1982,76,-29,337,1,0,0,0,0
14.2108,76,-29,339,1,0,0,0,0
14.2229,76,-29,338,1,0,0,0,0
14.235,75,-29,338,1,0,0,0,0
14.2474,75,-29,337,1,0,0,0,0
14.2596,75,-28,336,1,0,0,0,0
14.2715,74,-28,335,1,0,0,0,0
14.2838,74,-28,335,1,0,0,0,0
14.2961,74,-28,335,1,0,0,0,0
14.3079,74,-28,335,1,0,0,0,0
14.3203,75,-28,337,1,0,0,0,0
14.3324,75,-28,338,1,0,0,0,0
14.3452,75,-28,338,1,0,0,0,0
14.3573,75,-27,337,1,0,0,0,0
14.3693,75,-27,338,1,0,0,0,0
14.3817,75,-27,338,1,0,0,0,0
14.3939,75,-27,338,1,0,0,0,0
14.4066,75,-27,338,1,0,0,0,0
14.4187,75,-27,338,1,0,0,0,0
14.4318,75,-27,339,1,0,0,0,0
14.4443,75,-27,338,1,0,0,0,0
14.4566,75,-27,339,1,0,0,0,0
14.4686,75,-27,339,1,0,0,0,0
14.4795,75,-27,339,1,0,0,0,0
14.4941,75,-27,338,1,0,0,0,0
14.5066,75,-27,338,1,0,0,0,0
14.5191,75,-27,338,1,0,0,0,0
14.5316,75,-27,337,1,0,0,0,0
14.5444,75,-27,337,1,0,0,0,0
14.5571,75,-28,337,1,0,0,0,0
14.5717,75,-28,338,1,0,0,0,0
14.584,75,-28,338,1,0,0,0,0
14.5964,75,-28,337,1,0,0,0,0
14.6086,75,-28,337,1,0,0,0,0
14.621,75,-28,337,1,0,0,0,0
14.6341,-25,-21,327,1,0,0,0,0
14.6466,-110,-15,317,1,0,0,0,0
14.659,-182,-10,310,1,0,0,0,0
14.671,-242,-5,304,1,0,0,0,0
14.6834,-290,-2,298,1,0,0,0,0
14.696,-329,0,295,1,0,0,0,0
14.7074,-358,2,291,0,0,0,0,0
14.724,-358,2,291,0,0,0,0,0
14.7357,-358,2,291,0,0,0,0,0
14.7462,-358,2,291,0,0,0,0,0
14.7577,-358,2,291,0,0,0,0,0
14.769,-358,2,291,0,0,0,0,0
14.7798,-358,2,291,0,0,0,0,0
14.7911,-358,2,291,0,0,0,0,0
14.8025,-358,2,291,0,0,0,0,0
14.8136,-358,2,291,0,0,0,0,0
14.8251,-358,2,291,0,0,0,0,0
14.8367,-358,2,291,0,0,0,0,0
14.8485,-358,2,291,0,0,0,0,0
14.8603,-358,2,291,0,0,0,0,0
14.8718,-358,2,291,0,0,0,0,0
14.8841,-358,2,291,0,0,0,0,0
14.8968,-358,2,291,0,0,0,0,0
14.9087,-358,2,291,0,0,0,0,0
14.9205,-358,2,291,0,0,0,0,0
14.9324,-358,2,291,0,0,0,0,0
14.9445,-358,2,291,0,0,0,0,0
14.9563,-358,2,291,0,0,0,0,0
14.9682,-358,2,291,0,0,0,0,0
14.9807,-358,2,291,0,0,0,0,0
14.9926,-358,2,291,0,0,0,0,0
15.0047,-358,2,291,0,0,0,0,0
15.0166,-358,2,291,0,0,0,0,0
15.03,-358,2,291,0,0,0,0,0
15.0417,-358,2,291,0,0,0,0,0
15.0535,-358,2,291,0,0,0,0,0
15.0655,-358,2,291,0,0,0,0,0
15.0773,-358,2,291,0,0,0,0,0
15.089,-358,2,291,0,0,0,0,0
15.1007,-358,2,291,0,0,0,0,0
15.1128,-358,2,291,0,0,0,0,0
15.1244,-358,2,291,0,0,0,0,0
15.1358,-358,2,291,0,0,0,0,0
15.1475,-358,2,291,0,0,0,0,0
15.1593,-358,2,291,0,0,0,0,0
15.1709,-358,2,291,0,0,0,0,0
15.1827,-358,2,291,0,0,0,0,0
15.1949,-358,2,291,0,0,0,0,0
15.2068,-358,2,291,0,0,0,0,0
15.2185,-358,2,291,0,0,0,0,0
15.2303,-358,2,291,0,0,0,0,0
15.2432,-358,2,291,0,0,0,0,0
15.2554,-358,2,291,0,0,0,0,0
15.2673,-358,2,291,0,0,0,0,0
15.28,-358,2,291,0,0,0,0,0
15.2919,-358,2,291,0,0,0,0,0
15.3042,-358,2,291,0,0,0,0,0
15.3165,-358,2,291,0,0,0,0,0
15.3288,-358,2,291,0,0,0,0,0
15.3421,-358,2,291,0,0,0,0,0
15.3539,-358,2,291,0,0,0,0,0
15.366,-358,2,291,0,0,0,0,0
15.3786,-358,2,291,0,0,0,0,0
15.3904,-358,2,291,0,0,0,0,0
15.4023,-358,2,291,0,0,0,0,0
15.4141,-358,2,291,0,0,0,0,0
15.4268,-358,2,291,0,0,0,0,0
15.4387,-358,2,291,0,0,0,0,0
15.4505,-358,2,291,1,0,0,0,0
15.4622,-384,6,283,1,0,0,0,0
15.4757,-401,10,275,1,0,0,0,0
15.4884,-414,13,269,1,0,0,0,0
15.5009,-424,16,266,1,0,0,0,0
15.5131,-430,18,263,1,0,0,0,0
15.5255,-431,19,261,1,0,0,0,0
15.5376,-433,20,261,1,0,0,0,0
15.5496,-429,21,260,1,0,0,0,0
15.5644,-423,21,257,1,0,0,0,0
15.5792,-418,21,257,1,0,0,0,0
15.594,-414,21,258,1,0,0,0,0
15.6064,-406,21,257,1,0,0,0,0
15.6184,-400,20,257,0,0,0,0,0
15.6313,-400,20,257,0,0,0,0,0
15.645,-400,20,257,1,0,0,0,0
15.6576,-395,20,258,1,0,0,0,0
15.6696,-391,20,260,1,0,0,0,0
15.6816,-384,19,259,1,0,0,0,0
15.6941,-381,19,261,1,0,0,0,0
15.7064,-377,19,262,0,0,0,0,0
15.7182,-377,19,262,1,0,0,0,0
15.7306,-372,19,263,1,0,0,0,0
15.7425,-368,19,263,1,0,0,0,0
15.7543,-366,18,265,1,0,0,0,0
15.7666,-363,18,266,1,0,0,0,0
15.7788,-361,18,268,1,0,0,0,0
15.7908,-359,17,269,1,0,0,0,0
15.8027,-356,17,270,1,0,0,0,0
15.8147,-355,17,272,1,0,0,0,0
15.8262,-354,16,274,1,0,0,0,0
15.838,-352,16,276,1,0,0,0,0
15.8495,-350,16,277,1,0,0,0,0
15.862,-347,16,278,0,0,0,0,0
15.8734,-347,16,278,1,0,0,0,0
15.8849,-346,15,281,1,0,0,0,0
15.897,-342,15,282,1,0,0,0,0
15.9085,-341,14,286,1,0,0,0,0
15.9199,-339,14,288,0,0,0,0,0
15.9327,-339,14,288,0,0,0,0,0
15.9448,-339,14,288,0,0,0,0,0
15.9559,-339,14,288,0,0,0,0,0
15.9675,-339,14,288,0,0,0,0,0
15.9797,-339,14,288,0,0,0,0,0
15.9913,-339,14,288,0,0,0,0,0
16.0025,-339,14,288,0,0,0,0,0
16.0135,-339,14,288,0,0,0,0,0
16.0244,-339,14,288,0,0,0,0,0
16.0358,-339,14,288,0,0,0,0,0
16.0475,-339,14,288,0,0,0,0,0
16.059,-339,14,288,0,0,0,0,0
16.0704,-339,14,288,0,0,0,0,0
16.0821,-339,14,288,0,0,0,0,0
16.0937,-339,14,288,0,0,0,0,0
16.1054,-339,14,288,0,0,0,0,0
16.1167,-339,14,288,0,0,0,0,0
16.1284,-339,14,288,0,0,0,0,0
16.14,-339,14,288,0,0,0,0,0
16.1516,-339,14,288,0,0,0,0,0
16.1635,-339,14,288,0,0,0,0,0
16.1752,-339,14,288,0,0,0,0,0
16.1868,-339,14,288,0,0,0,0,0
16.1982,-339,14,288,0,0,0,0,0
16.2102,-339,14,288,0,0,0,0,0
16.2217,-339,14,288,0,0,0,0,0
16.2334,-339,14,288,0,0,0,0,0
16.2453,-339,14,288,0,0,0,0,0
16.2569,-339,14,288,0,0,0,0,0
16.2684,-339,14,288,0,0,0,0,0
16.28,-339,14,288,0,0,0,0,0
16.2915,-339,14,288,0,0,0,0,0
16.3033,-339,14,288,0,0,0,0,0
16.315,-339,14,288,1,0,0,0,0
16.3267,-310,10,303,0,0,0,0,0
16.3384,-310,10,303,0,0,0,0,0
16.3504,-310,10,303,0,0,0,0,0
16.3618,-310,10,303,0,0,0,0,0
16.3733,-310,10,303,0,0,0,0,0
16.3852,-310,10,303,0,0,0,0,0
16.3971,-310,10,303,0,0,0,0,0
16.4089,-310,10,303,0,0,0,0,0
16.4205,-310,10,303,0,0,0,0,0
16.4319,-310,10,303,0,0,0,0,0
16.4437,-310,10,303,0,0,0,0,0
16.4566,-310,10,303,0,0,0,0,0
16.4685,-310,10,303,0,0,0,0,0
16.4805,-310,10,303,0,0,0,0,0
16.4925,-310,10,303,0,0,0,0,0
16.5044,-310,10,303,1,0,0,0,0
16.5164,-270,4,321,0,0,0,0,0
16.5287,-270,4,321,0,0,0,0,0
16.5408,-270,4,321,0,0,0,0,0
16.5527,-270,4,321,0,0,0,0,0
16.5647,-270,4,321,0,0,0,0,0
16.5765,-270,4,321,0,0,0,0,0
16.5885,-270,4,321,0,0,0,0,0
16.6007,-270,4,321,0,0,0,0,0
16.6128,-270,4,321,1,0,0,0,0
16.6253,-230,-2,337,0,0,0,0,0
16.6374,-230,-2,337,0,0,0,0,0
16.6495,-230,-2,337,0,0,0,0,0
16.662,-230,-2,337,0,0,0,0,0
16.674,-230,-2,337,0,0,0,0,0
16.6861,-230,-2,337,0,0,0,0,0
16.6977,-230,-2,337,0,0,0,0,0
16.71,-230,-2,337,0,0,0,0,0
16.7218,-230,-2,337,0,0,0,0,0
16.7334,-230,-2,337,1,0,0,0,0
16.7462,-186,-11,351,1,0,0,0,0
16.7589,-150,-18,362,1,0,0,0,0
16.7717,-120,-24,370,1,0,0,0,0
16.7844,-95,-29,377,1,0,0,0,0
16.7974,-74,-33,383,1,0,0,0,0
16.81,-58,-36,387,0,0,0,0,0
16.8217,-58,-36,387,1,0,0,0,0
16.8344,-45,-39,391,0,0,0,0,0
16.8467,-45,-39,391,1,0,0,0,0
16.8595,-34,-42,394,0,0,0,0,0
16.8723,-34,-42,394,1,0,0,0,0
16.8852,-26,-44,394,1,0,0,0,0
16.8982,-20,-46,396,1,0,0,0,0
16.9116,-15,-47,396,1,0,0,0,0
16.9252,-12,-48,395,1,0,0,0,0
16.9386,-11,-48,395,1,0,0,0,0
16.9519,-11,-48,393,1,0,0,0,0
16.9655,-12,-48,391,1,0,0,0,0
16.9789,-13,-47,389,1,0,0,0,0
16.9924,-15,-47,389,1,0,0,0,0
17.006,-17,-46,387,1,0,0,0,0
17.0194,-19,-46,386,1,0,0,0,0
17.0329,-21,-46,386,1,0,0,0,0
17.0465,-23,-45,384,1,0,0,0,0
17.0601,-25,-44,381,1,0,0,0,0
17.0735,-27,-44,381,1,0,0,0,0
17.0865,-29,-43,379,1,0,0,0,0
17.1,-32,-43,379,1,0,0,0,0
17.113,-34,-42,378,1,0,0,0,0
17.1261,-36,-42,378,1,0,0,0,0
17.1393,-37,-42,377,1,0,0,0,0
17.1525,-38,-42,377,1,0,0,0,0
17.166,-39,-42,376,1,0,0,0,0
17.1795,-39,-42,376,1,0,0,0,0
17.1929,-40,-42,378,1,0,0,0,0
17.2061,-41,-41,379,1,0,0,0,0
17.2193,-42,-41,380,1,0,0,0,0
17.2328,-43,-40,379,1,0,0,0,0
17.2461,-44,-39,380,1,0,0,0,0
17.2595,-45,-38,380,1,0,0,0,0
17.2726,-46,-38,382,1,0,0,0,0
17.2856,-47,-37,382,1,0,0,0,0
17.299,-48,-36,382,1,0,0,0,0
17.3123,-50,-35,381,1,0,0,0,0
17.3256,-51,-35,380,1,0,0,0,0
17.3388,-53,-34,378,1,0,0,0,0
17.3519,-54,-33,377,1,0,0,0,0
17.3653,-55,-32,377,1,0,0,0,0
17.3785,-57,-31,375,1,0,0,0,0
17.3919,-58,-31,374,1,0,0,0,0
17.405,-60,-30,374,1,0,0,0,0
17.418,-61,-30,374,1,0,0,0,0
17.4314,-62,-29,374,1,0,0,0,0
17.4451,-64,-29,375,1,0,0,0,0
17.4585,-66,-29,375,1,0,0,0,0
17.4716,-67,-28,376,1,0,0,0,0
17.4848,-68,-28,374,1,0,0,0,0
17.5006,-70,-28,376,1,0,0,0,0
17.5141,-72,-28,377,1,0,0,0,0
17.5281,-74,-28,377,1,0,0,0,0
17.5414,-75,-28,378,1,0,0,0,0
17.5544,-77,-27,378,1,0,0,0,0
17.568,-78,-27,377,1,0,0,0,0
17.5811,-80,-27,377,1,0,0,0,0
17.5944,-81,-27,376,1,0,0,0,0
17.6074,-82,-27,375,1,0,0,0,0
17.6203,-84,-26,376,1,0,0,0,0
17.6334,-85,-26,375,1,0,0,0,0
17.6464,-86,-26,377,1,0,0,0,0
17.6594,-88,-26,376,1,0,0,0,0
17.6725,-89,-25,376,1,0,0,0,0
17.6855,-89,-25,374,1,0,0,0,0
17.699,-90,-25,373,1,0,0,0,0
17.7124,-91,-25,373,1,0,0,0,0
17.7261,-92,-24,373,1,0,0,0,0
17.7391,-93,-24,373,1,0,0,0,0
17.752,-93,-24,373,1,0,0,0,0
17.7654,-94,-24,372,1,0,0,0,0
17.7788,-94,-24,372,1,0,0,0,0
17.7923,-95,-24,372,1,0,0,0,0
17.8055,-95,-24,374,1,0,0,0,0
17.8186,-94,-24,372,1,0,0,0,0
17.8321,-94,-24,373,1,0,0,0,0
17.8454,-94,-24,374,1,0,0,0,0
17.8586,-92,-25,372,1,0,0,0,0
17.8715,-91,-25,372,1,0,0,0,0
17.884,-90,-26,374,1,0,0,0,0
17.897,-88,-26,376,1,0,0,0,0
17.9097,-86,-27,377,1,0,0,0,0
17.9222,-84,-27,378,1,0,0,0,0
17.9352,-81,-28,376,1,0,0,0,0
17.948,-79,-28,378,1,0,0,0,0
17.9606,-77,-29,377,1,0,0,0,0
17.9735,-74,-29,377,1,0,0,0,0
17.9862,-71,-30,379,1,0,0,0,0
17.9991,-69,-31,380,1,0,0,0,0
18.0122,-65,-31,379,1,0,0,0,0
18.0246,-63,-32,380,1,0,0,0,0
18.0379,-60,-32,378,1,0,0,0,0
18.0505,-57,-32,379,1,0,0,0,0
18.0635,-54,-33,378,1,0,0,0,0
18.0759,-52,-33,380,1,0,0,0,0
18.0883,-49,-34,381,0,0,0,0,0
18.101,-49,-34,381,0,0,0,0,0
18.1135,-49,-34,381,1,0,0,0,0
18.1266,-44,-35,380,1,0,0,0,0
18.1396,-40,-35,382,1,0,0,0,0
18.1525,-36,-36,382,1,0,0,0,0
18.1659,-33,-37,382,1,0,0,0,0
18.1798,-29,-37,382,1,0,0,0,0
18.1936,-26,-37,382,1,0,0,0,0
18.2067,-24,-38,383,1,0,0,0,0
18.2196,-21,-38,385,1,0,0,0,0
18.2329,-19,-38,384,1,0,0,0,0
18.2464,-17,-39,383,1,0,0,0,0
18.2597,-15,-39,381,1,0,0,0,0
18.2726,-12,-39,381,1,0,0,0,0
18.2857,-10,-39,379,1,0,0,0,0
18.2994,-9,-39,378,1,0,0,0,0
18.3128,-7,-39,379,1,0,0,0,0
18.3265,-6,-39,378,1,0,0,0,0
18.3398,-4,-39,376,1,0,0,0,0
18.353,-3,-39,377,1,0,0,0,0
18.3666,-2,-38,376,1,0,0,0,0
18.3803,0,-38,376,1,0,0,0,0
18.394,0,-39,379,1,0,0,0,0
18.4074,1,-38,378,1,0,0,0,0
18.4206,3,-38,376,1,0,0,0,0
18.4354,4,-38,376,1,0,0,0,0
18.4489,5,-38,377,1,0,0,0,0
18.4639,7,-38,378,1,0,0,0,0
18.4795,8,-38,379,1,0,0,0,0
18.4928,9,-38,380,1,0,0,0,0
18.5081,11,-38,380,1,0,0,0,0
18.5218,12,-38,379,1,0,0,0,0
18.536,13,-37,378,1,0,0,0,0
18.5517,14,-37,377,1,0,0,0,0
18.5661,15,-37,371,1,0,0,0,0
18.5807,16,-37,371,1,0,0,0,0
18.595,17,-37,372,1,0,0,0,0
18.6095,17,-37,372,1,0,0,0,0
18.6244,17,-37,373,1,0,0,0,0
18.639,18,-37,373,1,0,0,0,0
18.6547,18,-36,373,1,0,0,0,0
18.6688,18,-36,374,1,0,0,0,0
18.6829,18,-36,374,1,0,0,0,0
18.6968,18,-36,375,1,0,0,0,0
18.711,18,-36,376,1,0,0,0,0
18.7248,18,-36,376,1,0,0,0,0
18.7384,18,-35,376,1,0,0,0,0
18.7548,18,-35,376,1,0,0,0,0
18.7684,18,-35,376,1,0,0,0,0
18.7824,18,-35,377,1,0,0,0,0
18.7963,18,-35,376,1,0,0,0,0
18.8104,18,-34,377,1,0,0,0,0
18.8244,18,-34,375,1,0,0,0,0
18.838,17,-34,374,1,0,0,0,0
18.8518,17,-34,374,1,0,0,0,0
18.867,17,-33,373,1,0,0,0,0
18.8841,17,-34,376,1,0,0,0,0
18.8992,17,-34,376,1,0,0,0,0
18.9153,16,-33,375,1,0,0,0,0
18.9301,16,-33,374,1,0,0,0,0
18.9443,16,-33,376,1,0,0,0,0
18.9585,15,-33,376,1,0,0,0,0
18.9722,15,-33,374,1,0,0,0,0
18.9861,15,-33,375,1,0,0,0,0
18.9998,15,-33,375,1,0,0,0,0
19.0139,14,-33,374,1,0,0,0,0
19.0276,14,-32,373,1,0,0,0,0
19.041,14,-32,374,1,0,0,0,0
19.0547,13,-32,374,1,0,0,0,0
19.0684,13,-32,374,1,0,0,0,0
19.0821,13,-32,374,1,0,0,0,0
19.0961,13,-31,373,1,0,0,0,0
19.1098,12,-31,371,1,0,0,0,0
19.124,12,-31,375,1,0,0,0,0
19.139,12,-31,375,1,0,0,0,0
19.1528,12,-30,374,1,0,0,0,0
19.1675,12,-30,374,1,0,0,0,0
19.1813,12,-30,373,1,0,0,0,0
19.1954,12,-30,373,1,0,0,0,0
19.2094,12,-30,374,1,0,0,0,0
19.2232,12,-30,374,1,0,0,0,0
19.2374,12,-30,375,1,0,0,0,0
19.2518,12,-30,375,1,0,0,0,0
19.2657,12,-30,375,1,0,0,0,0
19.28,12,-30,375,1,0,0,0,0
19.2939,13,-30,376,1,0,0,0,0
19.3075,13,-30,376,1,0,0,0,0
19.321,13,-30,377,1,0,0,0,0
19.3349,13,-30,376,1,0,0,0,0
19.3488,13,-30,376,1,0,0,0,0
19.3631,13,-30,373,1,0,0,0,0
19.3771,13,-30,375,1,0,0,0,0
19.391,13,-30,376,1,0,0,0,0
19.405,12,-30,374,1,0,0,0,0
19.4239,12,-30,373,1,0,0,0,0
19.4386,12,-30,374,1,0,0,0,0
19.4524,11,-30,375,1,0,0,0,0
19.4664,11,-30,375,1,0,0,0,0
19.4805,11,-30,375,1,0,0,0,0
19.4942,11,-29,376,1,0,0,0,0
19.5081,11,-29,376,1,0,0,0,0
19.5217,11,-29,377,1,0,0,0,0
19.5355,11,-28,376,1,0,0,0,0
19.5493,11,-28,376,1,0,0,0,0
19.5634,11,-27,376,1,0,0,0,0
19.5771,11,-26,374,1,0,0,0,0
19.5909,11,-26,374,1,0,0,0,0
19.6046,10,-25,373,1,0,0,0,0
19.6181,11,-25,374,1,0,0,0,0
19.6327,10,-25,375,1,0,0,0,0
19.6478,10,-24,369,1,0,0,0,0
19.6621,10,-24,369,1,0,0,0,0
19.6757,10,-24,370,1,0,0,0,0
19.6894,10,-24,369,1,0,0,0,0
19.7034,10,-24,369,1,0,0,0,0
19.7172,10,-24,368,1,0,0,0,0
19.7312,9,-24,369,1,0,0,0,0
19.746,9,-24,370,1,0,0,0,0
19.7601,9,-24,371,1,0,0,0,0
19.7738,9,-24,371,1,0,0,0,0
19.7874,9,-25,372,1,0,0,0,0
19.8017,9,-25,371,1,0,0,0,0
19.816,9,-25,372,1,0,0,0,0
19.8307,9,-25,372,1,0,0,0,0
19.8468,9,-25,373,1,0,0,0,0
19.8625,9,-25,372,1,0,0,0,0
19.8773,9,-25,372,1,0,0,0,0
19.892,9,-25,371,1,0,0,0,0
19.9062,9,-25,370,1,0,0,0,0
19.92,9,-25,371,1,0,0,0,0
19.9365,9,-25,372,1,0,0,0,0
19.9503,9,-25,373,1,0,0,0,0
19.9647,9,-25,372,1,0,0,0,0
19.979,10,-25,374,1,0,0,0,0
19.9931,10,-25,374,1,0,0,0,0
20.0089,10,-25,373,1,0,0,0,0
20.0224,10,-25,372,1,0,0,0,0
20.0367,10,-25,372,1,0,0,0,0
20.0511,10,-26,374,1,0,0,0,0
20.0652,10,-26,373,1,0,0,0,0
20.0793,10,-26,373,1,0,0,0,0
20.0933,10,-26,372,1,0,0,0,0
20.1069,10,-26,371,1,0,0,0,0
20.1225,10,-26,370,1,0,0,0,0
20.1363,10,-26,370,1,0,0,0,0
20.1517,10,-26,370,1,0,0,0,0
20.1657,10,-26,369,1,0,0,0,0
20.1797,10,-26,369,1,0,0,0,0
20.1934,10,-26,368,1,0,0,0,0
20.2074,10,-26,370,1,0,0,0,0
20.2229,10,-26,372,1,0,0,0,0
20.2369,10,-26,372,1,0,0,0,0
20.2505,10,-26,372,1,0,0,0,0
20.2647,10,-26,372,1,0,0,0,0
20.2785,10,-26,373,1,0,0,0,0
20.2923,10,-26,373,1,0,0,0,0
20.3059,10,-26,372,1,0,0,0,0
20.3195,10,-26,372,1,0,0,0,0
20.3336,10,-26,372,1,0,0,0,0
20.3476,10,-26,373,1,0,0,0,0
20.3614,10,-26,374,1,0,0,0,0
20.3752,10,-26,373,1,0,0,0,0
20.3892,10,-26,373,1,0,0,0,0
20.4031,10,-27,374,1,0,0,0,0
20.4169,10,-27,376,1,0,0,0,0
20.4311,10,-27,377,1,0,0,0,0
20.4454,10,-27,378,1,0,0,0,0
20.4595,10,-27,376,1,0,0,0,0
20.4735,10,-27,375,1,0,0,0,0
20.4871,10,-27,375,1,0,0,0,0
20.5031,10,-26,374,1,0,0,0,0
20.5175,9,-26,373,1,0,0,0,0
20.5317,9,-26,372,1,0,0,0,0
20.5456,9,-26,371,1,0,0,0,0
20.5595,9,-26,372,1,0,0,0,0
20.5735,9,-26,372,1,0,0,0,0
20.5871,9,-26,374,1,0,0,0,0
20.601,9,-26,375,1,0,0,0,0
20.615,9,-25,375,1,0,0,0,0
20.629,9,-25,374,1,0,0,0,0
20.6425,9,-25,373,1,0,0,0,0
20.6559,9,-25,371,1,0,0,0,0
20.6696,9,-25,371,1,0,0,0,0
20.6833,9,-25,370,1,0,0,0,0
20.6976,9,-25,369,1,0,0,0,0
20.7128,9,-25,367,1,0,0,0,0
20.7268,9,-25,369,1,0,0,0,0
20.7405,9,-25,370,1,0,0,0,0
20.7542,9,-25,369,1,0,0,0,0
20.7705,9,-25,370,1,0,0,0,0
20.7844,9,-25,370,1,0,0,0,0
20.7986,9,-25,371,1,0,0,0,0
20.8123,9,-25,372,1,0,0,0,0
20.8262,9,-25,373,1,0,0,0,0
20.84,9,-25,374,1,0,0,0,0
20.8536,9,-25,376,1,0,0,0,0
20.8685,9,-25,375,1,0,0,0,0
20.8824,9,-25,376,1,0,0,0,0
20.8966,9,-25,376,1,0,0,0,0
20.9092,8,-25,374,1,0,0,0,0
20.9245,8,-24,373,1,0,0,0,0
20.9384,8,-24,372,1,0,0,0,0
20.9524,8,-24,372,1,0,0,0,0
20.966,8,-24,372,1,0,0,0,0
20.98,8,-24,372,1,0,0,0,0
20.9937,8,-24,372,1,0,0,0,0
21.0077,8,-24,373,1,0,0,0,0
21.0215,8,-24,372,1,0,0,0,0
21.0349,8,-24,374,1,0,0,0,0
21.0489,8,-24,375,1,0,0,0,0
21.063,8,-24,375,1,0,0,0,0
21.077,8,-24,375,1,0,0,0,0
21.0904,23,-20,371,1,0,0,0,0
21.1037,35,-16,367,1,0,0,0,0
21.1176,46,-12,363,1,0,0,0,0
21.1314,54,-10,358,1,0,0,0,0
21.1456,61,-7,356,1,0,0,0,0
21.1592,67,-6,356,1,0,0,0,0
21.1727,71,-4,355,1,0,0,0,0
21.1864,75,-3,354,1,0,0,0,0
21.1995,78,-2,354,1,0,0,0,0
21.2124,81,-1,354,1,0,0,0,0
21.2253,83,0,353,1,0,0,0,0
21.2381,86,0,353,1,0,0,0,0
21.2521,87,0,353,1,0,0,0,0
21.266,88,1,351,1,0,0,0,0
21.2798,88,1,351,1,0,0,0,0
21.2932,88,1,352,1,0,0,0,0
21.3067,88,1,353,1,0,0,0,0
21.3206,87,1,353,1,0,0,0,0
21.3341,86,1,354,1,0,0,0,0
21.3478,85,1,355,1,0,0,0,0
21.3614,83,0,355,1,0,0,0,0
21.3745,81,0,356,1,0,0,0,0
21.3875,78,0,357,1,0,0,0,0
21.4004,76,0,359,1,0,0,0,0
21.4137,73,0,360,1,0,0,0,0
21.4269,70,0,360,1,0,0,0,0
21.4401,67,0,360,1,0,0,0,0
21.4534,64,0,360,1,0,0,0,0
21.4666,60,0,358,1,0,0,0,0
21.4799,58,0,360,1,0,0,0,0
21.493,54,-1,360,1,0,0,0,0
21.5075,51,-1,360,1,0,0,0,0
21.5204,48,-1,361,1,0,0,0,0
21.5337,45,-2,363,1,0,0,0,0
21.5471,42,-2,364,1,0,0,0,0
21.5599,39,-3,363,1,0,0,0,0
21.5726,36,-3,364,1,0,0,0,0
21.5855,32,-4,364,1,0,0,0,0
21.5985,29,-4,364,1,0,0,0,0
21.6117,26,-5,366,1,0,0,0,0
21.6245,23,-5,367,0,0,0,0,0
21.6378,23,-5,367,1,0,0,0,0
21.6534,19,-6,368,1,0,0,0,0
21.6665,15,-6,368,0,0,0,0,0
21.6791,15,-6,368,1,0,0,0,0
21.6917,10,-6,367,1,0,0,0,0
21.7046,6,-7,369,1,0,0,0,0
21.7177,2,-7,369,1,0,0,0,0
21.7307,-1,-8,368,1,0,0,0,0
21.7436,-5,-8,366,0,0,0,0,0
21.7561,-5,-8,366,1,0,0,0,0
21.7686,-9,-9,363,1,0,0,0,0
21.7816,-13,-9,362,0,0,0,0,0
21.7943,-13,-9,362,0,0,0,0,0
21.8065,-13,-9,362,1,0,0,0,0
21.8189,-18,-9,360,1,0,0,0,0
21.8311,-23,-9,359,1,0,0,0,0
21.8445,-28,-10,359,1,0,0,0,0
21.8567,-32,-10,360,1,0,0,0,0
21.8714,-36,-10,360,1,0,0,0,0
21.8865,-39,-10,360,1,0,0,0,0
21.8998,-42,-10,360,1,0,0,0,0
21.9128,-44,-10,361,1,0,0,0,0
21.9254,-47,-10,361,1,0,0,0,0
21.9389,-49,-10,361,1,0,0,0,0
21.9524,-51,-9,361,1,0,0,0,0
21.9656,-52,-9,360,1,0,0,0,0
21.9791,-53,-9,359,1,0,0,0,0
21.9924,-53,-8,358,1,0,0,0,0
22.0067,-54,-8,358,1,0,0,0,0
22.0199,-54,-8,356,1,0,0,0,0
22.033,-53,-8,353,1,0,0,0,0
22.0469,-53,-8,353,1,0,0,0,0
22.0611,-53,-8,354,1,0,0,0,0
22.0752,-52,-8,352,1,0,0,0,0
22.0885,-51,-8,352,1,0,0,0,0
22.1021,-50,-8,353,1,0,0,0,0
22.1157,-50,-8,353,1,0,0,0,0
22.1294,-49,-8,353,1,0,0,0,0
22.143,-48,-7,354,1,0,0,0,0
22.156,-48,-7,354,1,0,0,0,0
22.169,-47,-7,355,1,0,0,0,0
22.1824,-47,-7,355,1,0,0,0,0
22.1958,-47,-7,356,1,0,0,0,0
22.2101,-46,-7,357,1,0,0,0,0
22.2242,-46,-7,357,1,0,0,0,0
22.2373,-46,-7,358,1,0,0,0,0
22.2516,-46,-7,358,1,0,0,0,0
22.2648,-45,-7,358,1,0,0,0,0
22.2784,-45,-6,358,1,0,0,0,0
22.2917,-45,-6,358,1,0,0,0,0
22.3045,-45,-6,357,1,0,0,0,0
22.318,-45,-6,357,1,0,0,0,0
22.3301,-44,-6,357,1,0,0,0,0
22.3451,-44,-5,357,1,0,0,0,0
22.3584,-44,-5,356,1,0,0,0,0
22.3714,-44,-5,355,1,0,0,0,0
22.3847,-43,-5,356,1,0,0,0,0
22.398,-43,-5,358,1,0,0,0,0
22.4112,-43,-5,358,1,0,0,0,0
22.4244,-43,-5,357,1,0,0,0,0
22.4374,-43,-5,356,1,0,0,0,0
22.4508,-43,-5,356,1,0,0,0,0
22.4641,-42,-6,356,1,0,0,0,0
22.4774,-42,-6,355,1,0,0,0,0
22.4905,-16,-18,350,1,0,0,0,0
22.5035,5,-29,345,1,0,0,0,0
22.5174,23,-37,341,1,0,0,0,0
22.531,38,-44,337,1,0,0,0,0
22.5443,50,-50,334,1,0,0,0,0
22.5584,60,-55,332,1,0,0,0,0
22.5707,68,-59,331,1,0,0,0,0
22.5838,74,-62,331,1,0,0,0,0
22.5966,79,-64,331,1,0,0,0,0
22.6091,83,-65,330,1,0,0,0,0
22.6214,86,-65,330,1,0,0,0,0
22.6344,89,-65,329,1,0,0,0,0
22.6499,91,-65,328,1,0,0,0,0
22.6635,92,-64,327,1,0,0,0,0
22.6767,92,-63,327,1,0,0,0,0
22.6897,91,-62,326,1,0,0,0,0
22.7026,90,-61,326,1,0,0,0,0
22.716,89,-61,326,1,0,0,0,0
22.7293,88,-60,327,1,0,0,0,0
22.7433,86,-59,327,1,0,0,0,0
22.7563,84,-58,326,1,0,0,0,0
22.7692,83,-58,326,1,0,0,0,0
22.7824,81,-58,328,1,0,0,0,0
22.796,79,-57,329,1,0,0,0,0
22.8097,77,-57,329,1,0,0,0,0
22.8227,75,-56,330,1,0,0,0,0
22.8355,73,-56,330,1,0,0,0,0
22.8487,71,-55,331,1,0,0,0,0
22.8617,69,-55,331,1,0,0,0,0
22.875,66,-54,331,1,0,0,0,0
22.8897,64,-53,331,1,0,0,0,0
22.9032,62,-52,331,1,0,0,0,0
22.9167,60,-51,332,1,0,0,0,0
22.9301,59,-50,332,1,0,0,0,0
22.9437,57,-49,331,1,0,0,0,0
22.9568,55,-47,330,1,0,0,0,0
22.9703,54,-46,329,1,0,0,0,0
22.9844,52,-45,329,1,0,0,0,0
22.9998,51,-43,329,1,0,0,0,0
23.014,50,-42,329,1,0,0,0,0
23.0269,49,-40,328,1,0,0,0,0
23.0395,48,-39,329,1,0,0,0,0
23.0525,48,-38,330,1,0,0,0,0
23.0656,46,-36,329,1,0,0,0,0
23.0791,45,-34,328,1,0,0,0,0
23.0925,44,-32,328,1,0,0,0,0
23.1051,43,-31,327,1,0,0,0,0
23.1182,42,-29,327,1,0,0,0,0
23.1312,40,-27,327,1,0,0,0,0
23.1443,39,-26,328,1,0,0,0,0
23.1587,37,-24,328,1,0,0,0,0
23.1713,36,-23,327,1,0,0,0,0
23.1844,35,-21,326,1,0,0,0,0
23.1974,33,-20,325,1,0,0,0,0
23.2103,32,-18,324,1,0,0,0,0
23.2227,31,-17,324,1,0,0,0,0
23.2354,30,-16,323,1,0,0,0,0
23.2483,28,-14,323,1,0,0,0,0
23.2613,27,-13,323,1,0,0,0,0
23.2743,27,-12,323,1,0,0,0,0
23.2871,26,-11,324,1,0,0,0,0
23.2998,25,-10,324,1,0,0,0,0
23.3134,25,-9,324,1,0,0,0,0
23.3264,24,-8,324,1,0,0,0,0
23.3404,24,-7,324,1,0,0,0,0
23.3534,23,-6,323,1,0,0,0,0
23.366,22,-5,323,1,0,0,0,0
23.3793,21,-4,324,1,0,0,0,0
23.3925,20,-4,324,1,0,0,0,0
23.4051,18,-3,326,1,0,0,0,0
23.4181,17,-2,327,1,0,0,0,0
23.4312,16,-1,325,1,0,0,0,0
23.4457,14,0,325,1,0,0,0,0
23.4582,13,0,325,1,0,0,0,0
23.4706,11,0,324,1,0,0,0,0
23.4835,10,1,324,1,0,0,0,0
23.4964,8,2,323,1,0,0,0,0
23.5086,7,3,322,1,0,0,0,0
23.5214,5,4,322,1,0,0,0,0
23.535,4,5,322,1,0,0,0,0
23.548,2,5,323,1,0,0,0,0
23.5607,1,6,322,1,0,0,0,0
23.573,0,7,320,1,0,0,0,0
23.5856,-1,8,320,1,0,0,0,0
23.5986,-2,8,320,1,0,0,0,0
23.6201,-4,9,320,1,0,0,0,0
23.6326,-5,10,320,1,0,0,0,0
23.6455,-7,10,319,1,0,0,0,0
23.6585,-8,11,320,1,0,0,0,0
23.6711,-10,11,319,1,0,0,0,0
23.6836,-11,12,320,1,0,0,0,0
23.6965,-12,12,320,1,0,0,0,0
23.7087,-14,13,320,1,0,0,0,0
23.7236,-15,13,318,1,0,0,0,0
23.736,-17,13,319,1,0,0,0,0
23.7482,-18,14,318,1,0,0,0,0
23.7607,-20,14,318,1,0,0,0,0
23.773,-21,14,319,1,0,0,0,0
23.7852,-23,15,319,1,0,0,0,0
23.7976,-25,15,318,1,0,0,0,0
23.8098,-27,15,319,1,0,0,0,0
23.8218,-28,15,320,1,0,0,0,0
23.8339,-30,16,320,1,0,0,0,0
23.8464,-32,16,319,1,0,0,0,0
23.8589,-33,16,319,1,0,0,0,0
23.8718,-35,16,320,1,0,0,0,0
23.8917,-36,16,319,1,0,0,0,0
23.9041,-37,17,318,1,0,0,0,0
23.9167,-38,17,317,1,0,0,0,0
23.9295,-39,17,317,1,0,0,0,0
23.9418,-41,18,317,1,0,0,0,0
23.9541,-41,18,317,1,0,0,0,0
23.9667,-42,18,317,1,0,0,0,0
23.9794,-42,18,316,1,0,0,0,0
23.992,-43,19,315,1,0,0,0,0
24.0044,-43,19,316,1,0,0,0,0
24.0167,-43,19,315,1,0,0,0,0
24.0296,-43,19,316,1,0,0,0,0
24.042,-43,19,315,1,0,0,0,0
24.0547,-43,20,315,1,0,0,0,0
24.0672,-43,20,316,1,0,0,0,0
24.0799,-42,20,315,1,0,0,0,0
24.0924,-42,20,316,1,0,0,0,0
24.1047,-41,20,315,1,0,0,0,0
24.117,-41,20,316,1,0,0,0,0
24.1295,-41,21,315,1,0,0,0,0
24.1419,-41,21,316,1,0,0,0,0
24.1541,-40,21,315,1,0,0,0,0
24.1668,-40,21,315,1,0,0,0,0
24.1808,-40,22,315,1,0,0,0,0
24.1934,-40,22,315,1,0,0,0,0
24.2058,-40,22,314,1,0,0,0,0
24.2179,-39,22,315,1,0,0,0,0
24.2305,-39,22,316,1,0,0,0,0
24.2429,-39,22,315,1,0,0,0,0
24.2553,-39,22,315,1,0,0,0,0
24.2684,-38,21,314,1,0,0,0,0
24.2809,-38,21,314,1,0,0,0,0
24.294,-38,21,315,1,0,0,0,0
24.3064,-38,20,315,1,0,0,0,0
24.3186,-38,20,316,1,0,0,0,0
24.3311,-37,19,316,1,0,0,0,0
24.3435,-37,18,317,1,0,0,0,0
24.3582,-36,17,317,1,0,0,0,0
24.3719,-36,17,317,1,0,0,0,0
24.3844,-35,16,317,1,0,0,0,0
24.3973,-34,15,316,1,0,0,0,0
24.4105,-33,13,318,1,0,0,0,0
24.4232,-32,12,319,1,0,0,0,0
24.4354,-31,11,320,1,0,0,0,0
24.4474,-30,9,320,1,0,0,0,0
24.4596,-28,7,320,1,0,0,0,0
24.4718,-27,6,318,1,0,0,0,0
24.4841,-26,4,317,1,0,0,0,0
24.497,-24,2,317,1,0,0,0,0
24.5093,-22,1,317,1,0,0,0,0
24.5215,-21,0,318,1,0,0,0,0
24.534,-19,-2,318,1,0,0,0,0
24.5468,-18,-3,319,1,0,0,0,0
24.5592,-17,-4,320,1,0,0,0,0
24.5715,-15,-6,320,1,0,0,0,0
24.5836,-14,-7,321,1,0,0,0,0
24.596,-13,-8,321,1,0,0,0,0
24.6084,-12,-9,321,1,0,0,0,0
24.6207,-11,-10,322,1,0,0,0,0
24.6336,-9,-11,322,1,0,0,0,0
24.6461,-8,-13,325,1,0,0,0,0
24.6589,-7,-14,325,1,0,0,0,0
24.6714,-6,-15,326,1,0,0,0,0
24.6839,-5,-16,327,1,0,0,0,0
24.6969,-4,-16,327,1,0,0,0,0
24.7095,-3,-17,328,1,0,0,0,0
24.722,-2,-18,328,1,0,0,0,0
24.7348,-2,-18,328,1,0,0,0,0
24.7474,-1,-19,329,1,0,0,0,0
24.7603,0,-19,328,1,0,0,0,0
24.7729,0,-20,329,1,0,0,0,0
24.7855,0,-20,329,1,0,0,0,0
24.7985,1,-20,328,1,0,0,0,0
24.8114,1,-21,328,1,0,0,0,0
24.8245,1,-21,327,1,0,0,0,0
24.8374,2,-21,326,1,0,0,0,0
24.8503,2,-21,327,1,0,0,0,0
24.8634,2,-21,327,1,0,0,0,0
24.8764,2,-21,327,1,0,0,0,0
24.8902,2,-21,327,1,0,0,0,0
24.903,2,-21,327,1,0,0,0,0
24.9156,2,-21,327,1,0,0,0,0
24.9287,2,-21,326,1,0,0,0,0
24.9414,2,-21,326,1,0,0,0,0
24.954,1,-21,327,1,0,0,0,0
24.9671,1,-21,327,1,0,0,0,0
24.9802,1,-21,326,1,0,0,0,0
24.9933,1,-21,326,1,0,0,0,0
25.0061,0,-21,327,1,0,0,0,0
25.0187,0,-21,328,1,0,0,0,0
25.0316,0,-21,328,1,0,0,0,0
25.0446,0,-21,329,1,0,0,0,0
25.0589,0,-21,328,1,0,0,0,0
25.0722,0,-21,327,1,0,0,0,0
25.0853,0,-21,327,1,0,0,0,0
25.0986,-1,-21,327,1,0,0,0,0
25.1116,-1,-21,327,1,0,0,0,0
25.1255,-1,-21,327,1,0,0,0,0
25.1383,-1,-21,328,1,0,0,0,0
25.1509,-1,-21,327,1,0,0,0,0
25.1641,-1,-20,327,1,0,0,0,0
25.177,-1,-20,327,1,0,0,0,0
25.1896,-1,-20,327,1,0,0,0,0
25.2028,-2,-20,327,1,0,0,0,0
25.2156,-2,-20,327,1,0,0,0,0
25.2291,-2,-19,326,1,0,0,0,0
25.2419,-2,-19,326,1,0,0,0,0
25.2544,-3,-19,326,1,0,0,0,0
25.2675,-3,-19,326,1,0,0,0,0
25.2803,-3,-19,327,1,0,0,0,0
25.2932,-3,-18,327,1,0,0,0,0
25.3059,-3,-18,327,1,0,0,0,0
25.3185,-4,-18,326,1,0,0,0,0
25.3316,-4,-18,325,1,0,0,0,0
25.3444,-4,-18,325,1,0,0,0,0
25.3586,-4,-18,326,1,0,0,0,0
25.3714,-4,-18,326,1,0,0,0,0
25.3843,-4,-18,326,1,0,0,0,0
25.3977,-4,-18,326,1,0,0,0,0
25.4105,-5,-18,326,1,0,0,0,0
25.4235,-5,-18,327,1,0,0,0,0
25.4363,-5,-19,327,1,0,0,0,0
25.4491,-5,-19,327,1,0,0,0,0
25.4624,-5,-19,327,1,0,0,0,0
25.4753,-5,-19,327,1,0,0,0,0
25.4878,-5,-19,328,1,0,0,0,0
25.5008,-5,-19,328,1,0,0,0,0
25.5138,-5,-19,328,1,0,0,0,0
25.5268,-5,-19,327,1,0,0,0,0
25.5395,-5,-19,327,1,0,0,0,0
25.5522,-5,-19,328,1,0,0,0,0
25.5652,-4,-19,328,1,0,0,0,0
25.5783,-4,-19,327,1,0,0,0,0
25.5923,-4,-19,327,1,0,0,0,0
25.605,-4,-19,328,1,0,0,0,0
25.6175,-3,-19,328,1,0,0,0,0
25.6307,-3,-19,328,1,0,0,0,0
25.6435,-3,-18,327,1,0,0,0,0
25.6561,-3,-18,327,1,0,0,0,0
25.6691,-3,-18,327,1,0,0,0,0
25.682,-2,-18,327,1,0,0,0,0
25.6951,-2,-18,326,1,0,0,0,0
25.708,-2,-18,326,1,0,0,0,0
25.7215,-2,-18,326,1,0,0,0,0
25.7347,-2,-18,326,1,0,0,0,0
25.7474,-2,-18,326,1,0,0,0,0
25.7605,-2,-18,326,1,0,0,0,0
25.7735,-2,-18,326,1,0,0,0,0
25.7861,-2,-18,326,1,0,0,0,0
25.7991,-2,-18,326,1,0,0,0,0
25.8124,-2,-18,326,1,0,0,0,0
25.8251,-2,-18,326,1,0,0,0,0
25.838,-2,-18,326,1,0,0,0,0
25.8509,-2,-18,326,1,0,0,0,0
25.8643,-2,-18,326,1,0,0,0,0
25.8781,-2,-18,326,1,0,0,0,0
25.8898,-2,-18,326,1,1,0,0,0
