timestamp,errXmm,errYmm,errZmm,MarkerPresent,Touched,Heading3,Heading4,Heading5
0.00229001,8,-23,377,0,0,0,0,0
0.0148657,8,-23,377,1,0,0,0,0
0.0281273,8,-23,376,1,0,0,0,0
0.0416276,8,-23,376,0,0,0,0,0
0.0548453,8,-23,376,0,0,0,0,0
0.0675741,8,-23,376,1,0,0,0,0
0.0803574,8,-23,376,1,0,0,0,0
0.0935454,8,-23,375,1,0,0,0,0
0.106518,7,-23,374,0,0,0,0,0
0.119369,7,-23,374,1,0,0,0,0
0.132683,44,-21,363,1,0,0,0,0
0.145332,76,-20,353,1,0,0,0,0
0.159052,103,-18,345,1,0,0,0,0
0.172117,126,-17,339,1,0,0,0,0
0.185077,144,-16,333,1,0,0,0,0
0.198193,159,-16,329,1,0,0,0,0
0.210828,169,-15,324,0,0,0,0,0
0.222445,169,-15,324,0,0,0,0,0
0.233457,169,-15,324,0,0,0,0,0
0.244414,169,-15,324,0,0,0,0,0
0.256242,169,-15,324,1,0,0,0,0
0.26858,189,-17,318,1,0,0,0,0
0.281189,205,-18,313,1,0,0,0,0
0.29309,217,-20,310,1,0,0,0,0
0.304836,225,-21,308,1,0,0,0,0
0.317057,230,-22,306,1,0,0,0,0
0.329571,233,-23,305,1,0,0,0,0
0.341719,234,-25,306,1,0,0,0,0
0.354198,233,-26,306,1,0,0,0,0
0.367173,231,-28,307,1,0,0,0,0
0.379883,229,-29,308,1,0,0,0,0
0.393056,225,-31,309,1,0,0,0,0
0.405835,222,-33,311,1,0,0,0,0
0.418501,217,-35,311,0,0,0,0,0
0.430091,217,-35,311,0,0,0,0,0
0.441544,217,-35,311,0,0,0,0,0
0.453162,217,-35,311,0,0,0,0,0
0.464095,217,-35,311,0,0,0,0,0
0.475487,217,-35,311,0,0,0,0,0
0.487188,217,-35,311,0,0,0,0,0
0.498849,217,-35,311,0,0,0,0,0
0.510331,217,-35,311,0,0,0,0,0
0.522026,217,-35,311,0,0,0,0,0
0.533972,217,-35,311,0,0,0,0,0
0.54601,217,-35,311,0,0,0,0,0
0.558074,217,-35,311,0,0,0,0,0
0.569803,217,-35,311,0,0,0,0,0
0.582203,217,-35,311,0,0,0,0,0
0.593934,217,-35,311,0,0,0,0,0
0.605412,217,-35,311,0,0,0,0,0
0.61718,217,-35,311,0,0,0,0,0
0.628961,217,-35,311,0,0,0,0,0
0.640633,217,-35,311,0,0,0,0,0
0.652319,217,-35,311,0,0,0,0,0
0.665021,217,-35,311,0,0,0,0,0
0.676629,217,-35,311,0,0,0,0,0
0.688191,217,-35,311,0,0,0,0,0
0.699623,217,-35,311,0,0,0,0,0
0.711181,217,-35,311,0,0,0,0,0
0.722677,217,-35,311,0,0,0,0,0
0.734241,217,-35,311,0,0,0,0,0
0.745872,217,-35,311,0,0,0,0,0
0.757861,217,-35,311,0,0,0,0,0
0.769761,217,-35,311,0,0,0,0,0
0.781162,217,-35,311,0,0,0,0,0
0.792823,217,-35,311,0,0,0,0,0
0.804348,217,-35,311,0,0,0,0,0
0.815408,217,-35,311,0,0,0,0,0
0.827053,217,-35,311,0,0,0,0,0
0.838655,217,-35,311,0,0,0,0,0
0.850727,217,-35,311,0,0,0,0,0
0.862463,217,-35,311,0,0,0,0,0
0.874281,217,-35,311,0,0,0,0,0
0.885832,217,-35,311,0,0,0,0,0
0.897475,217,-35,311,0,0,0,0,0
0.909483,217,-35,311,0,0,0,0,0
0.923657,217,-35,311,0,0,0,0,0
0.935977,217,-35,311,0,0,0,0,0
0.947289,217,-35,311,0,0,0,0,0
0.95852,217,-35,311,0,0,0,0,0
0.969641,217,-35,311,0,0,0,0,0
0.980429,217,-35,311,0,0,0,0,0
0.991675,217,-35,311,0,0,0,0,0
1.00283,217,-35,311,0,0,0,0,0
1.01376,217,-35,311,0,0,0,0,0
1.02472,217,-35,311,0,0,0,0,0
1.03609,217,-35,311,0,0,0,0,0
1.04673,217,-35,311,0,0,0,0,0
1.05739,217,-35,311,0,0,0,0,0
1.06839,217,-35,311,0,0,0,0,0
1.07915,217,-35,311,0,0,0,0,0
1.09,217,-35,311,0,0,0,0,0
1.10081,217,-35,311,0,0,0,0,0
1.11167,217,-35,311,0,0,0,0,0
1.12274,217,-35,311,0,0,0,0,0
1.13448,217,-35,311,0,0,0,0,0
1.1475,217,-35,311,0,0,0,0,0
1.1587,217,-35,311,0,0,0,0,0
1.17143,217,-35,311,0,0,0,0,0
1.18265,217,-35,311,0,0,0,0,0
1.19359,217,-35,311,0,0,0,0,0
1.2042,217,-35,311,0,0,0,0,0
1.21568,217,-35,311,0,0,0,0,0
1.22657,217,-35,311,0,0,0,0,0
1.23792,217,-35,311,0,0,0,0,0
1.24953,217,-35,311,0,0,0,0,0
1.26046,217,-35,311,0,0,0,0,0
1.27138,217,-35,311,0,0,0,0,0
1.28257,217,-35,311,0,0,0,0,0
1.29363,217,-35,311,0,0,0,0,0
1.30485,217,-35,311,0,0,0,0,0
1.31595,217,-35,311,0,0,0,0,0
1.32686,217,-35,311,0,0,0,0,0
1.33801,217,-35,311,0,0,0,0,0
1.34903,217,-35,311,0,0,0,0,0
1.35969,217,-35,311,0,0,0,0,0
1.37077,217,-35,311,0,0,0,0,0
1.3817,217,-35,311,0,0,0,0,0
1.39246,217,-35,311,0,0,0,0,0
1.40349,217,-35,311,0,0,0,0,0
1.41538,217,-35,311,0,0,0,0,0
1.42635,217,-35,311,0,0,0,0,0
1.43766,217,-35,311,0,0,0,0,0
1.44956,217,-35,311,0,0,0,0,0
1.46058,217,-35,311,0,0,0,0,0
1.47182,217,-35,311,0,0,0,0,0
1.48292,217,-35,311,0,0,0,0,0
1.49401,217,-35,311,0,0,0,0,0
1.50502,217,-35,311,0,0,0,0,0
1.51607,217,-35,311,0,0,0,0,0
1.52733,217,-35,311,0,0,0,0,0
1.53837,217,-35,311,0,0,0,0,0
1.54972,217,-35,311,0,0,0,0,0
1.56082,217,-35,311,0,0,0,0,0
1.57211,217,-35,311,0,0,0,0,0
1.58321,217,-35,311,0,0,0,0,0
1.59456,217,-35,311,0,0,0,0,0
1.6058,217,-35,311,0,0,0,0,0
1.61758,217,-35,311,0,0,0,0,0
1.62871,217,-35,311,0,0,0,0,0
1.64023,217,-35,311,0,0,0,0,0
1.65173,217,-35,311,0,0,0,0,0
1.66276,217,-35,311,0,0,0,0,0
1.67397,217,-35,311,0,0,0,0,0
1.6852,217,-35,311,0,0,0,0,0
1.6964,217,-35,311,0,0,0,0,0
1.70808,217,-35,311,0,0,0,0,0
1.71954,217,-35,311,0,0,0,0,0
1.73309,217,-35,311,0,0,0,0,0
1.74534,217,-35,311,0,0,0,0,0
1.7564,217,-35,311,0,0,0,0,0
1.76758,217,-35,311,0,0,0,0,0
1.77887,217,-35,311,0,0,0,0,0
1.79038,217,-35,311,0,0,0,0,0
1.80165,217,-35,311,0,0,0,0,0
1.81292,217,-35,311,0,0,0,0,0
1.82458,217,-35,311,0,0,0,0,0
1.83608,217,-35,311,0,0,0,0,0
1.84771,217,-35,311,0,0,0,0,0
1.85909,217,-35,311,0,0,0,0,0
1.8708,217,-35,311,0,0,0,0,0
1.88243,217,-35,311,0,0,0,0,0
1.89382,217,-35,311,0,0,0,0,0
1.90519,217,-35,311,0,0,0,0,0
1.91675,217,-35,311,0,0,0,0,0
1.92847,217,-35,311,0,0,0,0,0
1.93985,217,-35,311,0,0,0,0,0
1.95163,217,-35,311,0,0,0,0,0
1.96338,217,-35,311,0,0,0,0,0
1.97523,217,-35,311,0,0,0,0,0
1.98701,217,-35,311,0,0,0,0,0
1.99869,217,-35,311,0,0,0,0,0
2.01053,217,-35,311,0,0,0,0,0
2.02233,217,-35,311,0,0,0,0,0
2.03429,217,-35,311,0,0,0,0,0
2.04614,217,-35,311,0,0,0,0,0
2.05816,217,-35,311,0,0,0,0,0
2.0699,217,-35,311,0,0,0,0,0
2.0816,217,-35,311,0,0,0,0,0
2.0931,217,-35,311,0,0,0,0,0
2.1045,217,-35,311,0,0,0,0,0
2.11654,217,-35,311,0,0,0,0,0
2.12822,217,-35,311,0,0,0,0,0
2.14026,217,-35,311,0,0,0,0,0
2.15213,217,-35,311,0,0,0,0,0
2.16376,217,-35,311,0,0,0,0,0
2.1759,217,-35,311,0,0,0,0,0
2.18816,217,-35,311,0,0,0,0,0
2.20061,217,-35,311,0,0,0,0,0
2.21277,217,-35,311,0,0,0,0,0
2.22486,217,-35,311,0,0,0,0,0
2.23722,217,-35,311,0,0,0,0,0
2.24996,217,-35,311,0,0,0,0,0
2.26247,217,-35,311,0,0,0,0,0
2.27503,217,-35,311,0,0,0,0,0
2.28773,217,-35,311,0,0,0,0,0
2.3004,217,-35,311,0,0,0,0,0
2.31324,217,-35,311,0,0,0,0,0
2.3256,217,-35,311,0,0,0,0,0
2.33799,217,-35,311,0,0,0,0,0
2.35076,217,-35,311,0,0,0,0,0
2.36363,217,-35,311,0,0,0,0,0
2.37676,217,-35,311,0,0,0,0,0
2.39022,217,-35,311,0,0,0,0,0
2.40341,217,-35,311,0,0,0,0,0
2.41642,217,-35,311,0,0,0,0,0
2.42919,217,-35,311,0,0,0,0,0
2.44241,217,-35,311,0,0,0,0,0
2.45583,217,-35,311,0,0,0,0,0
2.4691,217,-35,311,0,0,0,0,0
2.48221,217,-35,311,0,0,0,0,0
2.49514,217,-35,311,0,0,0,0,0
2.50795,217,-35,311,0,0,0,0,0
2.52092,217,-35,311,0,0,0,0,0
2.53416,217,-35,311,0,0,0,0,0
2.54841,217,-35,311,0,0,0,0,0
2.56158,217,-35,311,0,0,0,0,0
2.57436,217,-35,311,0,0,0,0,0
2.58684,217,-35,311,0,0,0,0,0
2.59958,217,-35,311,0,0,0,0,0
2.61265,217,-35,311,0,0,0,0,0
2.62744,217,-35,311,0,0,0,0,0
2.64085,217,-35,311,0,0,0,0,0
2.65451,217,-35,311,0,0,0,0,0
2.6675,217,-35,311,0,0,0,0,0
2.68037,217,-35,311,0,0,0,0,0
2.69325,217,-35,311,0,0,0,0,0
2.70634,217,-35,311,0,0,0,0,0
2.71928,217,-35,311,0,0,0,0,0
2.73242,217,-35,311,0,0,0,0,0
2.74573,217,-35,311,0,0,0,0,0
2.75964,217,-35,311,0,0,0,0,0
2.77306,217,-35,311,0,0,0,0,0
2.78618,217,-35,311,0,0,0,0,0
2.79937,217,-35,311,0,0,0,0,0
2.81261,217,-35,311,0,0,0,0,0
2.82518,217,-35,311,0,0,0,0,0
2.83801,217,-35,311,0,0,0,0,0
2.85061,217,-35,311,0,0,0,0,0
2.86296,217,-35,311,0,0,0,0,0
2.87512,217,-35,311,0,0,0,0,0
2.88725,217,-35,311,0,0,0,0,0
2.89893,217,-35,311,0,0,0,0,0
2.91056,217,-35,311,0,0,0,0,0
2.92256,217,-35,311,0,0,0,0,0
2.93424,217,-35,311,0,0,0,0,0
2.9453,217,-35,311,0,0,0,0,0
2.95618,217,-35,311,0,0,0,0,0
2.96757,217,-35,311,0,0,0,0,0
2.97884,217,-35,311,0,0,0,0,0
2.99005,217,-35,311,0,0,0,0,0
3.00121,217,-35,311,0,0,0,0,0
3.01236,217,-35,311,0,0,0,0,0
3.02347,217,-35,311,0,0,0,0,0
3.03732,217,-35,311,0,0,0,0,0
3.0485,217,-35,311,0,0,0,0,0
3.05986,217,-35,311,0,0,0,0,0
3.07172,217,-35,311,0,0,0,0,0
3.0829,217,-35,311,0,0,0,0,0
3.09374,217,-35,311,0,0,0,0,0
3.10492,217,-35,311,0,0,0,0,0
3.11669,217,-35,311,0,0,0,0,0
3.12958,217,-35,311,0,0,0,0,0
3.14069,217,-35,311,0,0,0,0,0
3.15162,217,-35,311,0,0,0,0,0
3.16262,217,-35,311,0,0,0,0,0
3.17466,217,-35,311,0,0,0,0,0
3.18557,217,-35,311,0,0,0,0,0
3.19861,217,-35,311,0,0,0,0,0
3.21066,217,-35,311,0,0,0,0,0
3.22167,217,-35,311,0,0,0,0,0
3.23658,217,-35,311,0,0,0,0,0
3.24841,217,-35,311,0,0,0,0,0
3.25941,217,-35,311,0,0,0,0,0
3.27097,217,-35,311,0,0,0,0,0
3.28198,217,-35,311,0,0,0,0,0
3.29347,217,-35,311,0,0,0,0,0
3.30483,217,-35,311,0,0,0,0,0
3.31647,217,-35,311,1,0,0,0,0
3.3283,96,-38,306,1,0,0,0,0
3.3406,-7,-40,303,1,0,0,0,0
3.35316,-92,-41,299,1,0,0,0,0
3.3656,-164,-43,297,1,0,0,0,0
3.37835,-222,-44,297,1,0,0,0,0
3.39089,-268,-45,296,1,0,0,0,0
3.40393,-304,-45,296,0,0,0,0,0
3.41526,-304,-45,296,0,0,0,0,0
3.42566,-304,-45,296,0,0,0,0,0
3.43676,-304,-45,296,0,0,0,0,0
3.44774,-304,-45,296,0,0,0,0,0
3.45867,-304,-45,296,0,0,0,0,0
3.46956,-304,-45,296,0,0,0,0,0
3.48043,-304,-45,296,0,0,0,0,0
3.49196,-304,-45,296,1,0,0,0,0
3.50396,-331,-43,298,1,0,0,0,0
3.51729,-350,-41,301,0,0,0,0,0
3.52858,-350,-41,301,0,0,0,0,0
3.53971,-350,-41,301,0,0,0,0,0
3.55095,-350,-41,301,1,0,0,0,0
3.56283,-358,-41,304,1,0,0,0,0
3.575,-362,-41,307,1,0,0,0,0
3.58738,-361,-41,310,1,0,0,0,0
3.59951,-357,-41,311,1,0,0,0,0
3.61157,-352,-41,314,1,0,0,0,0
3.62373,-344,-41,317,1,0,0,0,0
3.63555,-334,-41,317,1,0,0,0,0
3.64764,-325,-41,319,1,0,0,0,0
3.66013,-315,-41,320,1,0,0,0,0
3.67256,-305,-40,320,1,0,0,0,0
3.68512,-294,-40,319,1,0,0,0,0
3.70161,-285,-40,320,1,0,0,0,0
3.71423,-278,-40,322,1,0,0,0,0
3.72724,-271,-40,323,1,0,0,0,0
3.74011,-265,-40,324,1,0,0,0,0
3.75296,-260,-41,327,1,0,0,0,0
3.76619,-254,-41,327,1,0,0,0,0
3.77895,-248,-41,327,1,0,0,0,0
3.79169,-246,-42,330,1,0,0,0,0
3.80458,-241,-42,329,1,0,0,0,0
3.81722,-237,-43,329,1,0,0,0,0
3.82975,-234,-43,330,1,0,0,0,0
3.84231,-231,-43,330,1,0,0,0,0
3.85516,-228,-44,330,1,0,0,0,0
3.8676,-225,-44,330,1,0,0,0,0
3.87953,-221,-44,329,1,0,0,0,0
3.89148,-219,-44,330,0,0,0,0,0
3.90295,-219,-44,330,1,0,0,0,0
3.91674,-214,-43,329,0,0,0,0,0
3.92803,-214,-43,329,0,0,0,0,0
3.93961,-214,-43,329,0,0,0,0,0
3.95242,-214,-43,329,0,0,0,0,0
3.96515,-214,-43,329,0,0,0,0,0
3.97642,-214,-43,329,0,0,0,0,0
3.99023,-214,-43,329,0,0,0,0,0
4.00401,-214,-43,329,0,0,0,0,0
4.01528,-214,-43,329,0,0,0,0,0
4.02656,-214,-43,329,0,0,0,0,0
4.03829,-214,-43,329,0,0,0,0,0
4.05178,-214,-43,329,0,0,0,0,0
4.06341,-214,-43,329,0,0,0,0,0
4.07492,-214,-43,329,0,0,0,0,0
4.08655,-214,-43,329,0,0,0,0,0
4.09811,-214,-43,329,0,0,0,0,0
4.10974,-214,-43,329,0,0,0,0,0
4.12363,-214,-43,329,0,0,0,0,0
4.13586,-214,-43,329,0,0,0,0,0
4.14859,-214,-43,329,0,0,0,0,0
4.16003,-214,-43,329,0,0,0,0,0
4.17191,-214,-43,329,0,0,0,0,0
4.18372,-214,-43,329,0,0,0,0,0
4.19548,-214,-43,329,0,0,0,0,0
4.20705,-214,-43,329,0,0,0,0,0
4.21879,-214,-43,329,0,0,0,0,0
4.23283,-214,-43,329,0,0,0,0,0
4.24489,-214,-43,329,0,0,0,0,0
4.25679,-214,-43,329,0,0,0,0,0
4.26885,-214,-43,329,0,0,0,0,0
4.28172,-214,-43,329,0,0,0,0,0
4.29538,-214,-43,329,0,0,0,0,0
4.30743,-214,-43,329,0,0,0,0,0
4.31955,-214,-43,329,0,0,0,0,0
4.33173,-214,-43,329,0,0,0,0,0
4.34369,-214,-43,329,0,0,0,0,0
4.35597,-214,-43,329,0,0,0,0,0
4.37065,-214,-43,329,0,0,0,0,0
4.38358,-214,-43,329,1,0,0,0,0
4.39608,-158,-40,335,1,0,0,0,0
4.40916,-110,-36,340,1,0,0,0,0
4.42192,-69,-34,345,1,0,0,0,0
4.43472,-33,-31,349,1,0,0,0,0
4.44773,-4,-29,353,0,0,0,0,0
4.45949,-4,-29,353,0,0,0,0,0
4.4715,-4,-29,353,0,0,0,0,0
4.48278,-4,-29,353,0,0,0,0,0
4.49461,-4,-29,353,0,0,0,0,0
4.50664,-4,-29,353,0,0,0,0,0
4.51854,-4,-29,353,0,0,0,0,0
4.53019,-4,-29,353,1,0,0,0,0
4.54255,25,-28,355,0,0,0,0,0
4.55702,25,-28,355,1,0,0,0,0
4.57078,49,-26,356,1,0,0,0,0
4.58428,68,-25,356,1,0,0,0,0
4.59852,83,-24,356,1,0,0,0,0
4.61207,93,-23,355,1,0,0,0,0
4.62541,101,-23,355,1,0,0,0,0
4.63923,106,-23,355,1,0,0,0,0
4.65316,109,-23,354,1,0,0,0,0
4.66729,110,-23,354,1,0,0,0,0
4.67984,111,-23,354,1,0,0,0,0
4.69272,110,-23,354,1,0,0,0,0
4.70644,109,-24,354,1,0,0,0,0
4.72045,107,-24,353,1,0,0,0,0
4.73415,105,-24,353,1,0,0,0,0
4.7478,103,-25,353,1,0,0,0,0
4.76117,100,-25,352,1,0,0,0,0
4.7749,97,-25,351,1,0,0,0,0
4.78864,94,-25,351,1,0,0,0,0
4.80242,92,-25,350,1,0,0,0,0
4.81629,89,-25,349,1,0,0,0,0
4.82968,86,-25,348,1,0,0,0,0
4.84369,84,-24,348,1,0,0,0,0
4.85709,82,-24,348,1,0,0,0,0
4.87109,80,-24,348,1,0,0,0,0
4.88467,78,-24,349,1,0,0,0,0
4.89801,77,-24,348,1,0,0,0,0
4.9116,76,-24,349,1,0,0,0,0
4.92519,75,-24,349,1,0,0,0,0
4.93907,74,-23,349,1,0,0,0,0
4.95275,74,-23,348,1,0,0,0,0
4.966,73,-22,347,1,0,0,0,0
4.97971,73,-22,348,1,0,0,0,0
4.99338,72,-21,347,1,0,0,0,0
5.00725,72,-21,347,1,0,0,0,0
5.02187,71,-20,347,1,0,0,0,0
5.03538,71,-20,346,1,0,0,0,0
5.04921,72,-19,347,1,0,0,0,0
5.06261,72,-19,346,1,0,0,0,0
5.07643,72,-19,346,1,0,0,0,0
5.09047,72,-19,345,1,0,0,0,0
5.10414,73,-18,345,1,0,0,0,0
5.1178,73,-18,346,1,0,0,0,0
5.13108,74,-18,347,1,0,0,0,0
5.14438,74,-18,346,1,0,0,0,0
5.15835,74,-18,346,1,0,0,0,0
5.17202,75,-17,347,1,0,0,0,0
5.18586,76,-17,346,1,0,0,0,0
5.20042,76,-17,347,1,0,0,0,0
5.21357,77,-17,348,1,0,0,0,0
5.23065,77,-17,347,1,0,0,0,0
5.24423,78,-17,348,1,0,0,0,0
5.25897,79,-17,347,1,0,0,0,0
5.27252,79,-17,348,1,0,0,0,0
5.28628,80,-17,346,1,0,0,0,0
5.30036,80,-17,346,1,0,0,0,0
5.31419,81,-17,347,1,0,0,0,0
5.32802,82,-17,347,1,0,0,0,0
5.34151,82,-17,347,1,0,0,0,0
5.35546,83,-17,347,1,0,0,0,0
5.36926,83,-17,348,1,0,0,0,0
5.38415,84,-17,348,1,0,0,0,0
5.39778,84,-17,347,1,0,0,0,0
5.41163,85,-17,347,1,0,0,0,0
5.4255,85,-17,347,1,0,0,0,0
5.43918,85,-17,346,1,0,0,0,0
5.45282,85,-16,346,1,0,0,0,0
5.46622,84,-16,346,1,0,0,0,0
5.47937,84,-16,344,1,0,0,0,0
5.49305,84,-16,345,1,0,0,0,0
5.50698,83,-15,345,1,0,0,0,0
5.52105,83,-15,344,1,0,0,0,0
5.53463,82,-14,346,1,0,0,0,0
5.54882,82,-14,346,1,0,0,0,0
5.56219,81,-13,345,1,0,0,0,0
5.5759,81,-13,345,1,0,0,0,0
5.59,80,-12,344,1,0,0,0,0
5.60401,80,-12,344,1,0,0,0,0
5.61774,80,-12,344,1,0,0,0,0
5.63117,79,-11,343,1,0,0,0,0
5.64474,79,-11,343,1,0,0,0,0
5.65868,79,-11,345,1,0,0,0,0
5.67243,79,-11,344,1,0,0,0,0
5.68603,79,-10,344,1,0,0,0,0
5.69952,78,-10,344,1,0,0,0,0
5.71277,78,-10,344,1,0,0,0,0
5.72648,77,-9,344,1,0,0,0,0
5.74009,76,-9,345,1,0,0,0,0
5.75399,76,-9,346,1,0,0,0,0
5.76741,74,-8,346,1,0,0,0,0
5.78082,74,-8,347,1,0,0,0,0
5.79458,72,-7,347,1,0,0,0,0
5.80817,71,-7,347,1,0,0,0,0
5.82201,71,-6,348,1,0,0,0,0
5.8354,70,-6,348,1,0,0,0,0
5.85101,68,-5,348,1,0,0,0,0
5.86395,67,-5,347,1,0,0,0,0
5.87717,65,-4,347,1,0,0,0,0
5.89017,63,-3,347,1,0,0,0,0
5.90365,61,-3,348,1,0,0,0,0
5.9179,59,-2,348,1,0,0,0,0
5.93101,57,-1,348,1,0,0,0,0
5.94413,55,0,349,1,0,0,0,0
5.95803,53,0,350,1,0,0,0,0
5.971,51,0,352,1,0,0,0,0
5.98509,47,1,353,1,0,0,0,0
5.99778,44,1,354,1,0,0,0,0
6.01169,40,2,355,0,0,0,0,0
6.02479,40,2,355,1,0,0,0,0
6.03807,36,3,355,1,0,0,0,0
6.05134,33,4,356,1,0,0,0,0
6.06409,29,5,356,1,0,0,0,0
6.07669,26,5,356,1,0,0,0,0
6.08976,23,6,354,1,0,0,0,0
6.10251,19,7,354,0,0,0,0,0
6.11444,19,7,354,1,0,0,0,0
6.12786,15,7,354,0,0,0,0,0
6.14036,15,7,354,0,0,0,0,0
6.1531,15,7,354,0,0,0,0,0
6.16526,15,7,354,0,0,0,0,0
6.1769,15,7,354,0,0,0,0,0
6.18889,15,7,354,0,0,0,0,0
6.20551,15,7,354,0,0,0,0,0
6.21881,15,7,354,1,0,0,0,0
6.23151,4,10,353,1,0,0,0,0
6.24449,-5,13,352,1,0,0,0,0
6.2578,-12,15,351,1,0,0,0,0
6.27103,-19,17,351,1,0,0,0,0
6.28439,-24,18,349,1,0,0,0,0
6.29766,-29,20,348,1,0,0,0,0
6.31042,-32,21,347,1,0,0,0,0
6.32294,-34,22,346,1,0,0,0,0
6.33573,-37,23,346,1,0,0,0,0
6.34975,-39,24,346,1,0,0,0,0
6.36235,-40,24,345,1,0,0,0,0
6.37512,-42,25,346,1,0,0,0,0
6.38864,-43,25,345,1,0,0,0,0
6.40201,-44,25,345,1,0,0,0,0
6.41561,-44,24,345,1,0,0,0,0
6.42895,-44,24,345,1,0,0,0,0
6.44237,-44,24,343,1,0,0,0,0
6.46056,-43,23,343,1,0,0,0,0
6.4744,-43,23,342,1,0,0,0,0
6.49292,-42,22,343,1,0,0,0,0
6.50835,-40,22,342,1,0,0,0,0
6.5262,-39,22,342,1,0,0,0,0
6.54053,-38,22,342,1,0,0,0,0
6.55499,-37,21,342,1,0,0,0,0
6.56846,-36,21,343,1,0,0,0,0
6.58436,-34,21,343,1,0,0,0,0
6.59769,-33,21,343,1,0,0,0,0
6.61094,-32,21,343,1,0,0,0,0
6.6247,-31,21,343,1,0,0,0,0
6.63822,-30,21,343,1,0,0,0,0
6.65195,-29,21,344,1,0,0,0,0
6.6656,-28,21,343,1,0,0,0,0
6.67886,-28,21,343,1,0,0,0,0
6.69267,-27,21,345,1,0,0,0,0
6.70752,-27,21,344,1,0,0,0,0
6.72298,-26,20,343,1,0,0,0,0
6.73652,-26,20,345,1,0,0,0,0
6.75022,-25,20,344,1,0,0,0,0
6.76385,-25,20,344,1,0,0,0,0
6.77745,-25,20,344,1,0,0,0,0
6.79144,-24,19,345,1,0,0,0,0
6.80642,-24,19,345,1,0,0,0,0
6.8212,-23,19,345,1,0,0,0,0
6.83568,-23,19,345,1,0,0,0,0
6.84926,-22,18,347,1,0,0,0,0
6.86703,-21,18,346,1,0,0,0,0
6.88049,-20,18,347,1,0,0,0,0
6.8938,-19,17,348,1,0,0,0,0
6.9076,-18,17,347,1,0,0,0,0
6.92124,-17,16,347,1,0,0,0,0
6.93715,-16,16,345,1,0,0,0,0
6.95073,-15,16,346,1,0,0,0,0
6.96414,-15,15,346,1,0,0,0,0
6.97801,-14,15,347,1,0,0,0,0
6.99205,-14,15,346,1,0,0,0,0
7.00591,-14,15,346,1,0,0,0,0
7.01954,-14,15,345,1,0,0,0,0
7.03296,-14,15,345,1,0,0,0,0
7.04658,-14,15,344,1,0,0,0,0
7.06005,-14,15,344,1,0,0,0,0
7.0739,-14,15,343,1,0,0,0,0
7.08798,-15,15,343,1,0,0,0,0
7.1025,-15,15,343,1,0,0,0,0
7.11616,-15,15,342,1,0,0,0,0
7.12969,-15,15,343,1,0,0,0,0
7.14308,-16,15,343,1,0,0,0,0
7.15684,-16,15,343,1,0,0,0,0
7.17061,-16,15,343,1,0,0,0,0
7.18482,-17,15,343,1,0,0,0,0
7.19855,-17,15,343,1,0,0,0,0
7.21188,-17,15,343,1,0,0,0,0
7.22572,-17,14,345,1,0,0,0,0
7.24126,-17,14,345,1,0,0,0,0
7.25537,-18,14,345,1,0,0,0,0
7.26924,-18,14,345,1,0,0,0,0
7.28317,-18,14,346,1,0,0,0,0
7.29774,-18,14,347,1,0,0,0,0
7.31404,-18,14,348,1,0,0,0,0
7.32831,-19,14,347,1,0,0,0,0
7.34372,-19,14,346,1,0,0,0,0
7.35839,-19,14,346,1,0,0,0,0
7.37305,-19,14,345,1,0,0,0,0
7.38694,-19,14,345,1,0,0,0,0
7.40062,-20,14,346,1,0,0,0,0
7.41587,-20,14,347,1,0,0,0,0
7.42961,-20,14,346,1,0,0,0,0
7.4432,-20,14,346,1,0,0,0,0
7.45719,-20,14,346,1,0,0,0,0
7.47123,-20,14,347,1,0,0,0,0
7.48486,-20,14,348,1,0,0,0,0
7.49858,-20,14,348,1,0,0,0,0
7.51218,-20,14,348,1,0,0,0,0
7.52618,-20,14,347,1,0,0,0,0
7.53998,-19,14,346,1,0,0,0,0
7.55417,-19,13,346,1,0,0,0,0
7.56794,-19,13,345,1,0,0,0,0
7.58153,-19,13,345,1,0,0,0,0
7.5969,-19,13,345,1,0,0,0,0
7.61049,-19,13,344,1,0,0,0,0
7.6239,-19,13,344,1,0,0,0,0
7.63873,-19,13,344,1,0,0,0,0
7.65536,-19,13,344,1,0,0,0,0
7.67093,-19,13,345,1,0,0,0,0
7.68697,-19,13,346,1,0,0,0,0
7.70035,-19,13,347,1,0,0,0,0
7.71412,-19,13,347,1,0,0,0,0
7.72781,-19,13,346,1,0,0,0,0
7.74169,-19,13,346,1,0,0,0,0
7.75598,-19,13,345,1,0,0,0,0
7.76975,-19,13,344,1,0,0,0,0
7.78353,-19,13,343,1,0,0,0,0
7.79958,-19,13,343,1,0,0,0,0
7.81506,-19,13,343,1,0,0,0,0
7.82862,-19,13,344,1,0,0,0,0
7.84231,-19,14,344,1,0,0,0,0
7.85768,-19,14,344,1,0,0,0,0
7.87365,-19,14,344,1,0,0,0,0
7.8882,-19,14,346,1,0,0,0,0
7.90171,-19,14,346,1,0,0,0,0
7.91507,-20,14,345,1,0,0,0,0
7.93047,-20,14,346,1,0,0,0,0
7.94442,-20,14,345,1,0,0,0,0
7.95802,-20,14,345,1,0,0,0,0
7.97181,21,-5,344,1,0,0,0,0
7.98541,56,-22,342,1,0,0,0,0
7.99911,85,-36,340,1,0,0,0,0
8.01264,110,-48,339,1,0,0,0,0
8.0259,129,-57,337,1,0,0,0,0
8.03971,145,-64,335,1,0,0,0,0
8.05283,157,-70,335,0,0,0,0,0
8.06501,157,-70,335,0,0,0,0,0
8.07635,157,-70,335,0,0,0,0,0
8.08995,157,-70,335,0,0,0,0,0
8.10482,157,-70,335,1,0,0,0,0
8.11893,173,-76,332,1,0,0,0,0
8.13234,186,-82,330,1,0,0,0,0
8.14665,196,-86,330,1,0,0,0,0
8.16135,202,-89,328,1,0,0,0,0
8.17577,206,-91,327,1,0,0,0,0
8.18927,208,-92,326,1,0,0,0,0
8.20245,208,-93,327,1,0,0,0,0
8.21558,207,-94,328,1,0,0,0,0
8.22865,206,-94,328,1,0,0,0,0
8.2424,202,-94,327,1,0,0,0,0
8.25598,200,-95,328,1,0,0,0,0
8.26947,197,-96,330,0,0,0,0,0
8.28143,197,-96,330,1,0,0,0,0
8.29724,192,-97,331,0,0,0,0,0
8.31012,192,-97,331,0,0,0,0,0
8.3224,192,-97,331,1,0,0,0,0
8.33455,184,-98,332,0,0,0,0,0
8.3463,184,-98,332,0,0,0,0,0
8.35823,184,-98,332,0,0,0,0,0
8.37133,184,-98,332,0,0,0,0,0
8.38336,184,-98,332,0,0,0,0,0
8.39481,184,-98,332,0,0,0,0,0
8.40672,184,-98,332,0,0,0,0,0
8.41864,184,-98,332,0,0,0,0,0
8.43027,184,-98,332,0,0,0,0,0
8.4416,184,-98,332,0,0,0,0,0
8.45301,184,-98,332,0,0,0,0,0
8.46478,184,-98,332,0,0,0,0,0
8.47641,184,-98,332,0,0,0,0,0
8.48816,184,-98,332,0,0,0,0,0
8.49967,184,-98,332,0,0,0,0,0
8.51124,184,-98,332,0,0,0,0,0
8.52291,184,-98,332,0,0,0,0,0
8.53473,184,-98,332,0,0,0,0,0
8.54672,184,-98,332,0,0,0,0,0
8.55829,184,-98,332,0,0,0,0,0
8.56961,184,-98,332,0,0,0,0,0
8.58173,184,-98,332,0,0,0,0,0
8.59328,184,-98,332,0,0,0,0,0
8.60483,184,-98,332,0,0,0,0,0
8.61658,184,-98,332,0,0,0,0,0
8.62773,184,-98,332,0,0,0,0,0
8.63894,184,-98,332,0,0,0,0,0
8.65149,184,-98,332,0,0,0,0,0
8.66281,184,-98,332,0,0,0,0,0
8.67423,184,-98,332,1,0,0,0,0
8.68611,143,-99,339,1,0,0,0,0
8.69816,108,-100,345,1,0,0,0,0
8.71018,77,-100,347,1,0,0,0,0
8.72488,51,-100,350,0,0,0,0,0
8.73696,51,-100,350,1,0,0,0,0
8.74883,28,-100,352,1,0,0,0,0
8.76025,9,-99,353,0,0,0,0,0
8.77078,9,-99,353,0,0,0,0,0
8.78132,9,-99,353,0,0,0,0,0
8.79207,9,-99,353,0,0,0,0,0
8.80307,9,-99,353,0,0,0,0,0
8.81355,9,-99,353,0,0,0,0,0
8.82449,9,-99,353,0,0,0,0,0
8.83533,9,-99,353,0,0,0,0,0
8.84638,9,-99,353,1,0,0,0,0
8.858,-18,-99,356,1,0,0,0,0
8.87027,-42,-97,357,1,0,0,0,0
8.88214,-62,-96,358,1,0,0,0,0
8.89382,-77,-95,358,0,0,0,0,0
8.90633,-77,-95,358,1,0,0,0,0
8.91812,-91,-94,359,1,0,0,0,0
8.92962,-102,-94,359,0,0,0,0,0
8.94125,-102,-94,359,0,0,0,0,0
8.95317,-102,-94,359,0,0,0,0,0
8.96457,-102,-94,359,1,0,0,0,0
8.97623,-113,-92,357,1,0,0,0,0
8.98765,-122,-92,356,1,0,0,0,0
8.99944,-130,-92,357,1,0,0,0,0
9.01183,-135,-92,356,1,0,0,0,0
9.02423,-138,-92,353,1,0,0,0,0
9.03652,-140,-92,351,1,0,0,0,0
9.04922,-141,-92,351,1,0,0,0,0
9.0616,-141,-92,350,1,0,0,0,0
9.07414,-141,-93,350,1,0,0,0,0
9.08712,-140,-93,350,1,0,0,0,0
9.09953,-138,-94,350,1,0,0,0,0
9.11204,-136,-95,350,1,0,0,0,0
9.12437,-134,-96,350,1,0,0,0,0
9.13693,-131,-97,351,1,0,0,0,0
9.1484,-128,-98,352,1,0,0,0,0
9.15976,-124,-98,352,0,0,0,0,0
9.17144,-124,-98,352,1,0,0,0,0
9.18283,-119,-99,353,1,0,0,0,0
9.19419,-114,-100,355,0,0,0,0,0
9.20554,-114,-100,355,0,0,0,0,0
9.21688,-114,-100,355,0,0,0,0,0
9.22796,-114,-100,355,0,0,0,0,0
9.23949,-114,-100,355,0,0,0,0,0
9.25077,-114,-100,355,0,0,0,0,0
9.26166,-114,-100,355,0,0,0,0,0
9.27319,-114,-100,355,0,0,0,0,0
9.28441,-114,-100,355,0,0,0,0,0
9.2951,-114,-100,355,0,0,0,0,0
9.30639,-114,-100,355,0,0,0,0,0
9.31748,-114,-100,355,0,0,0,0,0
9.32831,-114,-100,355,0,0,0,0,0
9.33942,-114,-100,355,0,0,0,0,0
9.35097,-114,-100,355,0,0,0,0,0
9.36176,-114,-100,355,0,0,0,0,0
9.37383,-114,-100,355,0,0,0,0,0
9.38514,-114,-100,355,0,0,0,0,0
9.3963,-114,-100,355,0,0,0,0,0
9.40998,-114,-100,355,1,0,0,0,0
9.42167,-89,-101,356,0,0,0,0,0
9.43562,-89,-101,356,1,0,0,0,0
9.44944,-67,-102,356,1,0,0,0,0
9.4611,-47,-103,358,0,0,0,0,0
9.47301,-47,-103,358,1,0,0,0,0
9.48484,-28,-104,359,0,0,0,0,0
9.49642,-28,-104,359,1,0,0,0,0
9.50834,-11,-106,361,0,0,0,0,0
9.52009,-11,-106,361,0,0,0,0,0
9.53226,-11,-106,361,1,0,0,0,0
9.54453,4,-106,360,1,0,0,0,0
9.55674,18,-107,359,1,0,0,0,0
9.5689,29,-107,359,1,0,0,0,0
9.58277,38,-107,357,0,0,0,0,0
9.59422,38,-107,357,0,0,0,0,0
9.6058,38,-107,357,1,0,0,0,0
9.61788,48,-107,357,1,0,0,0,0
9.62954,56,-107,357,1,0,0,0,0
9.64364,63,-108,358,1,0,0,0,0
9.65597,68,-108,359,1,0,0,0,0
9.66793,73,-109,359,1,0,0,0,0
9.68189,76,-109,358,1,0,0,0,0
9.69506,78,-109,356,1,0,0,0,0
9.70815,79,-109,357,1,0,0,0,0
9.72152,80,-109,355,1,0,0,0,0
9.73475,80,-109,354,1,0,0,0,0
9.75003,79,-110,355,1,0,0,0,0
9.76394,77,-110,354,1,0,0,0,0
9.77696,75,-109,354,1,0,0,0,0
9.79046,73,-109,352,1,0,0,0,0
9.8033,70,-109,351,1,0,0,0,0
9.81673,66,-109,352,1,0,0,0,0
9.82912,63,-110,354,1,0,0,0,0
9.8412,59,-110,355,1,0,0,0,0
9.85371,55,-109,355,1,0,0,0,0
9.8664,51,-109,355,1,0,0,0,0
9.87814,47,-110,356,1,0,0,0,0
9.89013,42,-110,357,1,0,0,0,0
9.9024,38,-110,358,1,0,0,0,0
9.91403,34,-111,360,1,0,0,0,0
9.92621,29,-111,361,1,0,0,0,0
9.93802,25,-111,361,0,0,0,0,0
9.94952,25,-111,361,0,0,0,0,0
9.96107,25,-111,361,0,0,0,0,0
9.97253,25,-111,361,0,0,0,0,0
9.98494,25,-111,361,1,0,0,0,0
9.99641,18,-110,362,0,0,0,0,0
10.0075,18,-110,362,0,0,0,0,0
10.0193,18,-110,362,0,0,0,0,0
10.0304,18,-110,362,1,0,0,0,0
10.0417,9,-109,362,1,0,0,0,0
10.0539,1,-108,361,1,0,0,0,0
10.0657,-4,-106,360,1,0,0,0,0
10.0776,-10,-106,360,1,0,0,0,0
10.0897,-15,-105,361,1,0,0,0,0
10.1019,-19,-104,360,1,0,0,0,0
10.114,-22,-103,358,1,0,0,0,0
10.1265,-24,-103,357,1,0,0,0,0
10.1392,-26,-102,357,1,0,0,0,0
10.1516,-28,-102,357,1,0,0,0,0
10.1639,-28,-102,357,1,0,0,0,0
10.1761,-29,-102,356,1,0,0,0,0
10.1886,-28,-102,356,1,0,0,0,0
10.2005,-28,-102,356,1,0,0,0,0
10.2125,-27,-102,356,1,0,0,0,0
10.2248,-25,-102,356,1,0,0,0,0
10.2366,-23,-102,356,1,0,0,0,0
10.2484,-22,-102,356,1,0,0,0,0
10.2606,-20,-103,356,1,0,0,0,0
10.2727,-17,-103,357,1,0,0,0,0
10.2857,-15,-102,355,1,0,0,0,0
10.298,-13,-102,355,1,0,0,0,0
10.31,-11,-102,355,1,0,0,0,0
10.3225,-8,-102,356,1,0,0,0,0
10.3346,-7,-102,356,1,0,0,0,0
10.3468,-5,-102,355,1,0,0,0,0
10.3594,-3,-102,355,1,0,0,0,0
10.3716,-1,-102,354,1,0,0,0,0
10.3849,0,-102,355,1,0,0,0,0
10.399,1,-101,354,1,0,0,0,0
10.4114,2,-102,355,1,0,0,0,0
10.4244,3,-101,354,1,0,0,0,0
10.437,4,-102,355,1,0,0,0,0
10.4495,5,-102,355,1,0,0,0,0
10.4623,6,-102,356,1,0,0,0,0
10.4749,7,-102,356,1,0,0,0,0
10.488,8,-101,355,1,0,0,0,0
10.5014,9,-102,355,1,0,0,0,0
10.5144,9,-102,356,1,0,0,0,0
10.5274,10,-102,356,1,0,0,0,0
10.54,10,-102,356,1,0,0,0,0
10.5541,11,-102,355,1,0,0,0,0
10.5734,11,-102,355,1,0,0,0,0
10.5867,11,-103,356,1,0,0,0,0
10.5993,12,-103,355,1,0,0,0,0
10.6118,12,-103,354,1,0,0,0,0
10.6246,12,-103,355,1,0,0,0,0
10.6374,12,-103,355,1,0,0,0,0
10.6498,12,-103,355,1,0,0,0,0
10.6626,12,-103,355,1,0,0,0,0
10.6754,12,-103,356,1,0,0,0,0
10.6885,12,-103,356,1,0,0,0,0
10.7015,12,-103,356,1,0,0,0,0
10.7145,12,-103,356,1,0,0,0,0
10.729,12,-103,356,1,0,0,0,0
10.7425,12,-103,356,1,0,0,0,0
10.7558,12,-103,356,1,0,0,0,0
10.7685,12,-103,356,1,0,0,0,0
10.7813,12,-103,356,1,0,0,0,0
10.7943,13,-103,357,1,0,0,0,0
10.807,13,-103,357,1,0,0,0,0
10.8203,13,-103,357,1,0,0,0,0
10.8337,13,-103,356,1,0,0,0,0
10.8465,13,-103,356,1,0,0,0,0
10.8597,13,-103,356,1,0,0,0,0
10.8728,13,-102,356,1,0,0,0,0
10.8858,13,-102,356,1,0,0,0,0
10.8986,13,-102,356,1,0,0,0,0
10.9113,13,-102,356,1,0,0,0,0
10.9311,13,-102,355,1,0,0,0,0
10.9443,13,-102,354,1,0,0,0,0
10.9575,13,-102,354,1,0,0,0,0
10.9719,13,-102,354,1,0,0,0,0
10.9847,13,-102,353,1,0,0,0,0
10.9973,13,-101,351,1,0,0,0,0
11.0104,13,-102,352,1,0,0,0,0
11.0262,13,-102,353,1,0,0,0,0
11.0422,13,-102,354,1,0,0,0,0
11.0552,13,-102,354,1,0,0,0,0
11.0682,13,-102,355,1,0,0,0,0
11.0809,13,-103,355,1,0,0,0,0
11.0935,13,-102,354,1,0,0,0,0
11.1067,13,-102,354,1,0,0,0,0
11.1197,13,-103,354,1,0,0,0,0
11.1326,13,-103,354,1,0,0,0,0
11.1455,13,-102,353,1,0,0,0,0
11.1582,13,-102,353,1,0,0,0,0
11.1734,13,-102,352,1,0,0,0,0
11.1893,13,-102,352,1,0,0,0,0
11.2023,12,-102,353,1,0,0,0,0
11.2153,12,-103,354,1,0,0,0,0
11.2283,13,-103,354,1,0,0,0,0
11.2412,13,-103,355,1,0,0,0,0
11.2543,13,-103,355,1,0,0,0,0
11.2673,13,-103,356,1,0,0,0,0
11.2809,13,-104,356,1,0,0,0,0
11.2938,13,-104,357,1,0,0,0,0
11.3068,13,-103,356,1,0,0,0,0
11.3196,13,-103,355,1,0,0,0,0
11.3332,13,-103,355,1,0,0,0,0
11.3458,13,-103,355,1,0,0,0,0
11.3585,13,-103,355,1,0,0,0,0
11.3722,13,-103,356,1,0,0,0,0
11.3854,13,-103,356,1,0,0,0,0
11.3996,13,-103,357,1,0,0,0,0
11.413,13,-103,357,1,0,0,0,0
11.4261,13,-103,355,1,0,0,0,0
11.4392,13,-103,356,1,0,0,0,0
11.452,13,-103,356,1,0,0,0,0
11.4656,13,-103,355,1,0,0,0,0
11.4784,13,-102,354,1,0,0,0,0
11.4911,13,-103,354,1,0,0,0,0
11.5053,13,-103,355,1,0,0,0,0
11.5181,13,-103,354,1,0,0,0,0
11.5322,13,-102,353,1,0,0,0,0
11.5449,14,-103,354,1,0,0,0,0
11.5581,14,-103,354,1,0,0,0,0
11.5721,14,-103,353,1,0,0,0,0
11.5855,14,-102,353,1,0,0,0,0
11.5995,15,-102,353,1,0,0,0,0
11.6129,15,-102,353,1,0,0,0,0
11.6255,15,-103,354,1,0,0,0,0
11.6388,15,-102,353,1,0,0,0,0
11.6529,15,-102,353,1,0,0,0,0
11.6658,15,-102,354,1,0,0,0,0
11.6786,16,-103,354,1,0,0,0,0
11.6916,16,-103,355,1,0,0,0,0
11.7056,16,-103,355,1,0,0,0,0
11.7186,16,-103,356,1,0,0,0,0
11.7338,16,-103,356,1,0,0,0,0
11.7481,16,-103,356,1,0,0,0,0
11.7608,16,-103,356,1,0,0,0,0
11.7742,16,-103,357,1,0,0,0,0
11.7873,16,-103,356,1,0,0,0,0
11.8003,16,-103,356,1,0,0,0,0
11.8132,16,-103,357,1,0,0,0,0
11.826,16,-103,357,1,0,0,0,0
11.8397,16,-102,357,1,0,0,0,0
11.8525,16,-103,358,1,0,0,0,0
11.8662,16,-103,358,1,0,0,0,0
11.8792,17,-103,359,1,0,0,0,0
11.892,17,-103,357,1,0,0,0,0
11.9053,17,-103,357,1,0,0,0,0
11.9185,17,-103,357,1,0,0,0,0
11.9322,17,-103,356,1,0,0,0,0
11.9448,17,-103,356,1,0,0,0,0
11.9576,17,-102,356,1,0,0,0,0
11.9704,16,-102,355,1,0,0,0,0
11.9835,16,-102,355,1,0,0,0,0
11.9964,16,-102,355,1,0,0,0,0
12.0091,16,-101,355,1,0,0,0,0
12.0223,15,-100,354,1,0,0,0,0
12.0351,15,-100,354,1,0,0,0,0
12.0478,15,-99,354,1,0,0,0,0
12.0622,15,-99,353,1,0,0,0,0
12.0753,15,-98,353,1,0,0,0,0
12.089,15,-98,354,1,0,0,0,0
12.1016,15,-97,355,1,0,0,0,0
12.1149,14,-96,356,1,0,0,0,0
12.1275,14,-95,355,1,0,0,0,0
12.1408,14,-94,356,1,0,0,0,0
12.1541,14,-92,356,1,0,0,0,0
12.1702,13,-90,355,1,0,0,0,0
12.1825,13,-89,355,1,0,0,0,0
12.1953,14,-87,355,1,0,0,0,0
12.2079,14,-85,355,1,0,0,0,0
12.2208,14,-83,355,1,0,0,0,0
12.2331,14,-81,354,1,0,0,0,0
12.2453,14,-79,354,1,0,0,0,0
12.258,14,-77,354,1,0,0,0,0
12.2708,15,-75,353,1,0,0,0,0
12.2834,15,-73,353,1,0,0,0,0
12.2957,15,-71,353,1,0,0,0,0
12.3087,16,-70,354,1,0,0,0,0
12.3217,16,-69,354,1,0,0,0,0
12.3342,16,-67,354,1,0,0,0,0
12.3489,16,-66,354,1,0,0,0,0
12.3615,17,-64,353,1,0,0,0,0
12.3742,17,-63,352,1,0,0,0,0
12.3878,17,-61,352,1,0,0,0,0
12.4007,18,-60,352,1,0,0,0,0
12.4132,18,-59,351,1,0,0,0,0
12.4271,19,-58,352,1,0,0,0,0
12.4402,19,-57,353,1,0,0,0,0
12.4535,20,-56,352,1,0,0,0,0
12.4672,20,-54,350,1,0,0,0,0
12.4798,20,-54,350,1,0,0,0,0
12.4928,21,-53,351,1,0,0,0,0
12.5056,21,-51,351,1,0,0,0,0
12.5193,22,-50,351,1,0,0,0,0
12.5319,22,-49,351,1,0,0,0,0
12.5443,23,-48,351,1,0,0,0,0
12.5574,23,-47,351,1,0,0,0,0
12.5708,23,-46,353,1,0,0,0,0
12.5834,24,-45,352,1,0,0,0,0
12.5963,24,-44,352,1,0,0,0,0
12.6091,24,-43,352,1,0,0,0,0
12.6222,25,-41,351,1,0,0,0,0
12.6353,25,-40,350,1,0,0,0,0
12.6481,25,-40,350,1,0,0,0,0
12.6616,26,-39,350,1,0,0,0,0
12.6751,26,-39,349,1,0,0,0,0
12.6888,26,-38,348,1,0,0,0,0
12.7018,26,-38,348,1,0,0,0,0
12.7148,26,-39,348,1,0,0,0,0
12.7277,26,-39,349,1,0,0,0,0
12.7403,26,-40,350,1,0,0,0,0
12.7533,26,-41,349,1,0,0,0,0
12.7656,26,-42,351,1,0,0,0,0
12.7777,26,-43,352,1,0,0,0,0
12.79,26,-45,351,1,0,0,0,0
12.8018,26,-46,351,1,0,0,0,0
12.8134,26,-47,349,1,0,0,0,0
12.8254,26,-49,350,1,0,0,0,0
12.8375,26,-51,352,1,0,0,0,0
12.8495,26,-53,352,1,0,0,0,0
12.8615,26,-55,352,1,0,0,0,0
12.8734,25,-57,352,1,0,0,0,0
12.885,25,-60,354,1,0,0,0,0
12.8963,25,-63,354,0,0,0,0,0
12.9075,25,-63,354,0,0,0,0,0
12.9202,25,-63,354,0,0,0,0,0
12.9334,25,-63,354,0,0,0,0,0
12.9445,25,-63,354,0,0,0,0,0
12.9598,25,-63,354,0,0,0,0,0
12.974,25,-63,354,0,0,0,0,0
12.9862,25,-63,354,0,0,0,0,0
12.9975,25,-63,354,0,0,0,0,0
13.0087,25,-63,354,0,0,0,0,0
13.0202,25,-63,354,0,0,0,0,0
13.0317,25,-63,354,0,0,0,0,0
13.0433,25,-63,354,0,0,0,0,0
13.0546,25,-63,354,0,0,0,0,0
13.0661,25,-63,354,0,0,0,0,0
13.0777,25,-63,354,0,0,0,0,0
13.0894,25,-63,354,0,0,0,0,0
13.1014,25,-63,354,0,0,0,0,0
13.1132,25,-63,354,0,0,0,0,0
13.1257,25,-63,354,0,0,0,0,0
13.1381,25,-63,354,0,0,0,0,0
13.1499,25,-63,354,0,0,0,0,0
13.1615,25,-63,354,0,0,0,0,0
13.1736,25,-63,354,0,0,0,0,0
13.1856,25,-63,354,0,0,0,0,0
13.1977,25,-63,354,0,0,0,0,0
13.2097,25,-63,354,0,0,0,0,0
13.2215,25,-63,354,0,0,0,0,0
13.2336,25,-63,354,0,0,0,0,0
13.2457,25,-63,354,0,0,0,0,0
13.2577,25,-63,354,0,0,0,0,0
13.2696,25,-63,354,0,0,0,0,0
13.2819,25,-63,354,0,0,0,0,0
13.2936,25,-63,354,0,0,0,0,0
13.3058,25,-63,354,0,0,0,0,0
13.3175,25,-63,354,0,0,0,0,0
13.3298,25,-63,354,0,0,0,0,0
13.3423,25,-63,354,0,0,0,0,0
13.354,25,-63,354,0,0,0,0,0
13.3661,25,-63,354,0,0,0,0,0
13.3779,25,-63,354,0,0,0,0,0
13.3902,25,-63,354,0,0,0,0,0
13.4023,25,-63,354,0,0,0,0,0
13.4151,25,-63,354,0,0,0,0,0
13.4274,25,-63,354,0,0,0,0,0
13.4399,25,-63,354,0,0,0,0,0
13.452,25,-63,354,1,0,0,0,0
13.4643,38,-121,347,1,0,0,0,0
13.4768,51,-171,340,1,0,0,0,0
13.4892,61,-214,333,1,0,0,0,0
13.5016,70,-248,325,1,0,0,0,0
13.5143,78,-276,318,1,0,0,0,0
13.5269,84,-298,312,1,0,0,0,0
13.5399,89,-314,305,0,0,0,0,0
13.5521,89,-314,305,0,0,0,0,0
13.5641,89,-314,305,0,0,0,0,0
13.5762,89,-314,305,0,0,0,0,0
13.5876,89,-314,305,0,0,0,0,0
13.5994,89,-314,305,0,0,0,0,0
13.6112,89,-314,305,0,0,0,0,0
13.6228,89,-314,305,0,0,0,0,0
13.6346,89,-314,305,0,0,0,0,0
13.6472,89,-314,305,0,0,0,0,0
13.6596,89,-314,305,0,0,0,0,0
13.672,89,-314,305,0,0,0,0,0
13.6849,89,-314,305,0,0,0,0,0
13.6971,89,-314,305,0,0,0,0,0
13.7097,89,-314,305,0,0,0,0,0
13.722,89,-314,305,0,0,0,0,0
13.7343,89,-314,305,0,0,0,0,0
13.746,89,-314,305,0,0,0,0,0
13.7578,89,-314,305,0,0,0,0,0
13.7697,89,-314,305,0,0,0,0,0
13.782,89,-314,305,0,0,0,0,0
13.7944,89,-314,305,0,0,0,0,0
13.8067,89,-314,305,0,0,0,0,0
13.819,89,-314,305,0,0,0,0,0
13.8313,89,-314,305,0,0,0,0,0
13.8434,89,-314,305,0,0,0,0,0
13.8554,89,-314,305,0,0,0,0,0
13.8672,89,-314,305,0,0,0,0,0
13.879,89,-314,305,0,0,0,0,0
13.8907,89,-314,305,0,0,0,0,0
13.9025,89,-314,305,0,0,0,0,0
13.9147,89,-314,305,0,0,0,0,0
13.9268,89,-314,305,0,0,0,0,0
13.939,89,-314,305,0,0,0,0,0
13.9508,89,-314,305,0,0,0,0,0
13.9625,89,-314,305,0,0,0,0,0
13.9742,89,-314,305,0,0,0,0,0
13.9873,89,-314,305,0,0,0,0,0
13.9989,89,-314,305,0,0,0,0,0
14.0105,89,-314,305,0,0,0,0,0
14.0224,89,-314,305,0,0,0,0,0
14.0342,89,-314,305,0,0,0,0,0
14.0457,89,-314,305,0,0,0,0,0
14.0576,89,-314,305,0,0,0,0,0
14.0697,89,-314,305,0,0,0,0,0
14.0818,89,-314,305,0,0,0,0,0
14.0938,89,-314,305,0,0,0,0,0
14.1055,89,-314,305,0,0,0,0,0
14.1174,89,-314,305,0,0,0,0,0
14.1289,89,-314,305,0,0,0,0,0
14.1404,89,-314,305,0,0,0,0,0
14.1531,89,-314,305,0,0,0,0,0
14.1656,89,-314,305,0,0,0,0,0
14.1769,89,-314,305,0,0,0,0,0
14.1896,89,-314,305,0,0,0,0,0
14.2008,89,-314,305,0,0,0,0,0
14.2118,89,-314,305,0,0,0,0,0
14.2229,89,-314,305,0,0,0,0,0
14.2341,89,-314,305,0,0,0,0,0
14.2452,89,-314,305,0,0,0,0,0
14.2565,89,-314,305,0,0,0,0,0
14.2679,89,-314,305,0,0,0,0,0
14.2797,89,-314,305,0,0,0,0,0
14.291,89,-314,305,0,0,0,0,0
14.3022,89,-314,305,0,0,0,0,0
14.3132,89,-314,305,0,0,0,0,0
14.3243,89,-314,305,0,0,0,0,0
14.3355,89,-314,305,0,0,0,0,0
14.3466,89,-314,305,0,0,0,0,0
14.3575,89,-314,305,0,0,0,0,0
14.3685,89,-314,305,0,0,0,0,0
14.3794,89,-314,305,0,0,0,0,0
14.3905,89,-314,305,0,0,0,0,0
14.4014,89,-314,305,0,0,0,0,0
14.4131,89,-314,305,0,0,0,0,0
14.4237,89,-314,305,0,0,0,0,0
14.4396,89,-314,305,0,0,0,0,0
14.4518,89,-314,305,0,0,0,0,0
14.4626,89,-314,305,0,0,0,0,0
14.473,89,-314,305,0,0,0,0,0
14.4835,89,-314,305,0,0,0,0,0
14.4939,89,-314,305,0,0,0,0,0
14.5053,89,-314,305,0,0,0,0,0
14.5157,89,-314,305,0,0,0,0,0
14.5268,89,-314,305,0,0,0,0,0
14.5381,89,-314,305,0,0,0,0,0
14.5493,89,-314,305,0,0,0,0,0
14.5604,89,-314,305,0,0,0,0,0
14.5706,89,-314,305,0,0,0,0,0
14.5817,89,-314,305,0,0,0,0,0
14.5928,89,-314,305,0,0,0,0,0
14.6037,89,-314,305,0,0,0,0,0
14.6151,89,-314,305,0,0,0,0,0
14.6257,89,-314,305,0,0,0,0,0
14.6362,89,-314,305,0,0,0,0,0
14.6484,89,-314,305,0,0,0,0,0
14.6605,89,-314,305,0,0,0,0,0
14.6733,89,-314,305,0,0,0,0,0
14.6852,89,-314,305,0,0,0,0,0
14.702,89,-314,305,0,0,0,0,0
14.7131,89,-314,305,0,0,0,0,0
14.7242,89,-314,305,0,0,0,0,0
14.7355,89,-314,305,0,0,0,0,0
14.7466,89,-314,305,0,0,0,0,0
14.7578,89,-314,305,1,0,0,0,0
14.7694,84,-301,275,1,0,0,0,0
14.7814,80,-288,251,1,0,0,0,0
14.7929,75,-275,232,1,0,0,0,0
14.8045,71,-263,217,1,0,0,0,0
14.8163,67,-251,205,1,0,0,0,0
14.8277,64,-241,196,1,0,0,0,0
14.8408,61,-231,191,1,0,0,0,0
14.8524,59,-223,188,1,0,0,0,0
14.8639,57,-215,186,1,0,0,0,0
14.8752,55,-208,187,1,0,0,0,0
14.8873,54,-202,188,1,0,0,0,0
14.8986,53,-196,189,1,0,0,0,0
14.9101,53,-192,194,1,0,0,0,0
14.9215,53,-187,196,1,0,0,0,0
14.9326,52,-183,200,1,0,0,0,0
14.9436,52,-179,203,1,0,0,0,0
14.9551,52,-176,206,1,0,0,0,0
14.9664,52,-174,210,1,0,0,0,0
14.9774,52,-170,212,1,0,0,0,0
14.9889,53,-168,214,1,0,0,0,0
15.0001,53,-166,216,1,0,0,0,0
15.0111,53,-165,218,1,0,0,0,0
15.0229,53,-164,220,1,0,0,0,0
15.0346,53,-163,221,1,0,0,0,0
15.0456,53,-163,221,1,0,0,0,0
15.057,53,-163,222,1,0,0,0,0
15.0686,53,-163,223,1,0,0,0,0
15.0799,53,-163,223,1,0,0,0,0
15.0914,53,-163,223,1,0,0,0,0
15.1026,53,-162,223,1,0,0,0,0
15.1136,54,-163,223,1,0,0,0,0
15.1249,54,-163,223,1,0,0,0,0
15.1366,54,-163,222,1,0,0,0,0
15.1489,54,-164,222,1,0,0,0,0
15.1615,55,-166,224,1,0,0,0,0
15.1725,56,-166,224,1,0,0,0,0
15.1837,57,-167,223,1,0,0,0,0
15.1955,58,-168,224,1,0,0,0,0
15.2068,59,-168,223,1,0,0,0,0
15.2189,59,-168,222,1,0,0,0,0
15.2318,60,-168,221,1,0,0,0,0
15.2432,61,-168,221,1,0,0,0,0
15.255,62,-168,220,1,0,0,0,0
15.2665,63,-169,221,1,0,0,0,0
15.2778,63,-169,220,1,0,0,0,0
15.2897,64,-169,220,1,0,0,0,0
15.3011,65,-169,220,1,0,0,0,0
15.3121,66,-169,220,1,0,0,0,0
15.3236,67,-168,220,1,0,0,0,0
15.3349,68,-168,221,1,0,0,0,0
15.3458,69,-166,221,1,0,0,0,0
15.3572,70,-165,220,1,0,0,0,0
15.3684,71,-163,220,1,0,0,0,0
15.379,72,-162,220,1,0,0,0,0
15.3902,74,-161,219,1,0,0,0,0
15.4007,75,-160,219,1,0,0,0,0
15.4112,77,-159,219,1,0,0,0,0
15.4221,78,-157,218,1,0,0,0,0
15.4325,80,-156,218,1,0,0,0,0
15.445,82,-156,217,1,0,0,0,0
15.4559,85,-156,218,1,0,0,0,0
15.4661,88,-156,218,1,0,0,0,0
15.4784,90,-156,217,1,0,0,0,0
15.4896,93,-156,217,1,0,0,0,0
15.5007,97,-156,216,1,0,0,0,0
15.5112,100,-157,215,0,0,0,0,0
15.5231,100,-157,215,1,0,0,0,0
15.5338,104,-158,215,0,0,0,0,0
15.5441,104,-158,215,0,0,0,0,0
15.5549,104,-158,215,0,0,0,0,0
15.5656,104,-158,215,0,0,0,0,0
15.5766,104,-158,215,0,0,0,0,0
15.5901,104,-158,215,0,0,0,0,0
15.6009,104,-158,215,1,0,0,0,0
15.6117,110,-160,212,1,0,0,0,0
15.6242,115,-162,209,0,0,0,0,0
15.6354,115,-162,209,0,0,0,0,0
15.6461,115,-162,209,0,0,0,0,0
15.6573,115,-162,209,0,0,0,0,0
15.6685,115,-162,209,0,0,0,0,0
15.6795,115,-162,209,0,0,0,0,0
15.6908,115,-162,209,0,0,0,0,0
15.7017,115,-162,209,0,0,0,0,0
15.7124,115,-162,209,0,0,0,0,0
15.7236,115,-162,209,0,0,0,0,0
15.735,115,-162,209,0,0,0,0,0
15.7461,115,-162,209,0,0,0,0,0
15.7574,115,-162,209,0,0,0,0,0
15.7687,115,-162,209,0,0,0,0,0
15.7796,115,-162,209,0,0,0,0,0
15.7903,115,-162,209,0,0,0,0,0
15.8013,115,-162,209,0,0,0,0,0
15.8122,115,-162,209,0,0,0,0,0
15.8229,115,-162,209,0,0,0,0,0
15.8336,115,-162,209,0,0,0,0,0
15.844,115,-162,209,0,0,0,0,0
15.8544,115,-162,209,0,0,0,0,0
15.8645,115,-162,209,1,0,0,0,0
15.875,121,-163,206,0,0,0,0,0
15.8851,121,-163,206,0,0,0,0,0
15.8949,121,-163,206,1,0,0,0,0
15.9058,124,-163,204,1,0,0,0,0
15.9162,128,-163,203,1,0,0,0,0
15.9265,130,-162,202,1,0,0,0,0
15.9369,132,-161,201,1,0,0,0,0
15.9472,133,-160,200,1,0,0,0,0
15.9575,133,-160,200,1,0,0,0,0
15.9703,134,-159,200,1,0,0,0,0
15.9804,135,-159,200,0,0,0,0,0
15.9904,135,-159,200,1,0,0,0,0
16.0024,136,-157,200,0,0,0,0,0
16.0132,136,-157,200,0,0,0,0,0
16.0251,136,-157,200,0,0,0,0,0
16.0377,136,-157,200,1,0,0,0,0
16.0479,137,-156,199,1,0,0,0,0
16.0581,138,-155,198,1,0,0,0,0
16.0698,138,-153,197,1,0,0,0,0
16.0825,139,-153,197,1,0,0,0,0
16.0936,139,-153,196,1,0,0,0,0
16.1043,139,-153,197,1,0,0,0,0
16.115,139,-153,197,1,0,0,0,0
16.1273,138,-154,197,0,0,0,0,0
16.1374,138,-154,197,0,0,0,0,0
16.1493,138,-154,197,1,0,0,0,0
16.1613,138,-154,197,1,0,0,0,0
16.1739,137,-154,197,1,0,0,0,0
16.1843,137,-155,198,1,0,0,0,0
16.1945,136,-155,198,1,0,0,0,0
16.2064,136,-155,198,1,0,0,0,0
16.2183,136,-155,198,0,0,0,0,0
16.2309,136,-155,198,0,0,0,0,0
16.2442,136,-155,198,0,0,0,0,0
16.2545,136,-155,198,0,0,0,0,0
16.2661,136,-155,198,1,0,0,0,0
16.2763,136,-155,197,0,0,0,0,0
16.2866,136,-155,197,0,0,0,0,0
16.2962,136,-155,197,0,0,0,0,0
16.3067,136,-155,197,1,0,0,0,0
16.3181,135,-155,197,1,0,0,0,0
16.331,135,-156,197,1,0,0,0,0
16.3426,135,-157,196,1,0,0,0,0
16.354,135,-157,196,1,0,0,0,0
16.3654,136,-157,196,1,0,0,0,0
16.3757,136,-157,196,0,0,0,0,0
16.3869,136,-157,196,0,0,0,0,0
16.3975,136,-157,196,1,0,0,0,0
16.4103,138,-156,197,1,0,0,0,0
16.4216,138,-156,196,1,0,0,0,0
16.4322,138,-156,196,1,0,0,0,0
16.4422,139,-158,195,1,0,0,0,0
16.4537,138,-158,193,1,0,0,0,0
16.4667,138,-159,191,0,0,0,0,0
16.4772,138,-159,191,0,0,0,0,0
16.4891,138,-159,191,0,0,0,0,0
16.4995,138,-159,191,1,0,0,0,0
16.5114,138,-159,191,0,0,0,0,0
16.5214,138,-159,191,0,0,0,0,0
16.5355,138,-159,191,0,0,0,0,0
16.5452,138,-159,191,0,0,0,0,0
16.5548,138,-159,191,1,0,0,0,0
16.5654,139,-154,194,1,0,0,0,0
16.5775,141,-150,197,0,0,0,0,0
16.5892,141,-150,197,1,0,0,0,0
16.6022,142,-147,201,1,0,0,0,0
16.6123,143,-144,203,1,0,0,0,0
16.6224,144,-142,204,1,0,0,0,0
16.6337,145,-140,207,1,0,0,0,0
16.6454,144,-137,208,0,0,0,0,0
16.657,144,-137,208,0,0,0,0,0
16.6695,144,-137,208,0,0,0,0,0
16.6792,144,-137,208,0,0,0,0,0
16.6884,144,-137,208,0,0,0,0,0
16.7014,144,-137,208,0,0,0,0,0
16.7128,144,-137,208,0,0,0,0,0
16.7249,144,-137,208,0,0,0,0,0
16.7371,144,-137,208,1,0,0,0,0
16.7472,146,-120,217,1,0,0,0,0
16.7577,147,-106,225,1,0,0,0,0
16.7696,148,-93,231,1,0,0,0,0
16.7815,149,-82,237,1,0,0,0,0
16.7937,149,-72,242,1,0,0,0,0
16.8038,149,-64,245,0,0,0,0,0
16.8133,149,-64,245,0,0,0,0,0
16.8254,149,-64,245,0,0,0,0,0
16.837,149,-64,245,0,0,0,0,0
16.8487,149,-64,245,0,0,0,0,0
16.8609,149,-64,245,0,0,0,0,0
16.8705,149,-64,245,0,0,0,0,0
16.8818,149,-64,245,1,0,0,0,0
16.8938,149,-43,250,1,0,0,0,0
16.9063,149,-25,256,1,0,0,0,0
16.9193,148,-11,260,1,0,0,0,0
16.9296,148,0,264,1,0,0,0,0
16.9401,147,7,267,1,0,0,0,0
16.9501,146,13,271,1,0,0,0,0
16.9611,146,16,273,0,0,0,0,0
16.9733,146,16,273,0,0,0,0,0
16.9853,146,16,273,1,0,0,0,0
16.9973,144,16,273,1,0,0,0,0
17.0079,142,14,273,1,0,0,0,0
17.0188,140,12,271,1,0,0,0,0
17.0295,139,10,270,1,0,0,0,0
17.0426,138,7,269,1,0,0,0,0
17.0538,137,5,267,1,0,0,0,0
17.0638,136,2,265,1,0,0,0,0
17.0756,135,0,264,1,0,0,0,0
17.0861,135,-2,263,1,0,0,0,0
17.0986,134,-4,261,1,0,0,0,0
17.1098,134,-6,260,1,0,0,0,0
17.1215,135,-9,261,1,0,0,0,0
17.1313,135,-11,260,1,0,0,0,0
17.1417,135,-14,259,0,0,0,0,0
17.1535,135,-14,259,0,0,0,0,0
17.1673,135,-14,259,0,0,0,0,0
17.1775,135,-14,259,0,0,0,0,0
17.1895,135,-14,259,0,0,0,0,0
17.2015,135,-14,259,1,0,0,0,0
17.2116,135,-22,259,1,0,0,0,0
17.2218,135,-30,260,1,0,0,0,0
17.2341,134,-36,258,1,0,0,0,0
17.2456,134,-41,258,1,0,0,0,0
17.2576,133,-46,259,1,0,0,0,0
17.2685,132,-49,259,1,0,0,0,0
17.2787,132,-50,259,1,0,0,0,0
17.2895,131,-52,259,1,0,0,0,0
17.3028,130,-52,258,1,0,0,0,0
17.3139,129,-52,258,1,0,0,0,0
17.326,129,-52,258,1,0,0,0,0
17.3373,128,-52,258,1,0,0,0,0
17.3477,128,-51,258,1,0,0,0,0
17.3581,128,-50,258,1,0,0,0,0
17.3701,128,-49,258,1,0,0,0,0
17.3823,128,-47,257,1,0,0,0,0
17.3924,128,-46,256,1,0,0,0,0
17.4032,129,-45,256,1,0,0,0,0
17.4135,130,-43,256,1,0,0,0,0
17.4254,131,-43,256,1,0,0,0,0
17.438,132,-43,256,1,0,0,0,0
17.4495,133,-43,255,1,0,0,0,0
17.4595,133,-42,254,1,0,0,0,0
17.4702,133,-42,254,1,0,0,0,0
17.4815,134,-42,255,1,0,0,0,0
17.4936,134,-43,255,1,0,0,0,0
17.5061,134,-43,256,1,0,0,0,0
17.5179,134,-44,256,1,0,0,0,0
17.5281,134,-44,257,1,0,0,0,0
17.5386,134,-44,257,1,0,0,0,0
17.5498,134,-45,257,1,0,0,0,0
17.562,134,-46,257,1,0,0,0,0
17.5739,133,-46,256,1,0,0,0,0
17.5864,133,-46,256,1,0,0,0,0
17.597,133,-46,257,1,0,0,0,0
17.6184,133,-46,257,1,0,0,0,0
17.6299,132,-45,256,1,0,0,0,0
17.6416,132,-45,256,1,0,0,0,0
17.6533,132,-44,256,1,0,0,0,0
17.6637,131,-44,256,1,0,0,0,0
17.6742,131,-44,256,1,0,0,0,0
17.6865,131,-43,256,1,0,0,0,0
17.6982,130,-43,255,1,0,0,0,0
17.71,130,-43,256,1,0,0,0,0
17.7215,130,-42,255,1,0,0,0,0
17.7326,129,-42,255,1,0,0,0,0
17.7434,129,-42,254,1,0,0,0,0
17.7545,129,-42,254,1,0,0,0,0
17.7659,130,-43,255,1,0,0,0,0
17.7789,129,-43,255,1,0,0,0,0
17.79,129,-43,255,1,0,0,0,0
17.8008,129,-43,255,1,0,0,0,0
17.8115,129,-44,255,1,0,0,0,0
17.8226,129,-44,255,1,0,0,0,0
17.8345,129,-44,255,1,0,0,0,0
17.8461,129,-44,255,1,0,0,0,0
17.8576,129,-44,254,1,0,0,0,0
17.8687,129,-44,255,1,0,0,0,0
17.8795,129,-45,255,1,0,0,0,0
17.8908,129,-45,255,1,0,0,0,0
17.903,129,-45,255,1,0,0,0,0
17.9141,129,-45,255,1,0,0,0,0
17.9253,129,-44,255,1,0,0,0,0
17.9365,129,-44,255,1,0,0,0,0
17.9485,129,-44,255,1,0,0,0,0
17.9595,129,-44,256,1,0,0,0,0
17.9705,129,-44,255,1,0,0,0,0
17.9813,129,-44,255,1,0,0,0,0
17.9926,128,-43,255,1,0,0,0,0
18.0042,128,-43,255,1,0,0,0,0
18.0154,128,-43,255,1,0,0,0,0
18.0266,128,-43,255,1,0,0,0,0
18.0385,128,-43,256,1,0,0,0,0
18.0493,129,-43,257,1,0,0,0,0
18.0607,128,-43,257,1,0,0,0,0
18.0718,128,-43,257,1,0,0,0,0
18.0831,128,-43,258,1,0,0,0,0
18.0946,128,-43,257,1,0,0,0,0
18.1065,127,-43,256,1,0,0,0,0
18.118,127,-42,256,1,0,0,0,0
18.1294,127,-42,255,1,0,0,0,0
18.1416,127,-42,256,1,0,0,0,0
18.1537,127,-42,256,1,0,0,0,0
18.1655,127,-42,256,1,0,0,0,0
18.177,127,-42,257,1,0,0,0,0
18.1888,127,-42,257,1,0,0,0,0
18.2005,127,-42,257,1,0,0,0,0
18.212,127,-42,257,1,0,0,0,0
18.2241,127,-41,256,1,0,0,0,0
18.236,127,-41,255,1,0,0,0,0
18.2476,126,-41,255,1,0,0,0,0
18.2597,127,-42,255,1,0,0,0,0
18.2717,126,-42,255,1,0,0,0,0
18.2842,127,-42,255,1,0,0,0,0
18.2958,127,-42,255,1,0,0,0,0
18.3075,127,-42,256,1,0,0,0,0
18.3203,127,-43,256,1,0,0,0,0
18.3321,127,-43,255,1,0,0,0,0
18.3437,127,-43,255,1,0,0,0,0
18.3564,127,-43,255,1,0,0,0,0
18.3682,127,-43,255,1,0,0,0,0
18.3817,128,-43,255,1,0,0,0,0
18.3958,128,-43,255,1,0,0,0,0
18.4076,128,-43,256,1,0,0,0,0
18.4202,129,-43,256,1,0,0,0,0
18.4319,129,-44,257,1,0,0,0,0
18.4435,129,-44,257,1,0,0,0,0
18.4555,129,-44,257,1,0,0,0,0
18.4673,129,-44,257,1,0,0,0,0
18.4788,129,-44,257,1,0,0,0,0
18.4909,128,-44,257,1,0,0,0,0
18.5028,128,-44,257,1,0,0,0,0
18.5144,128,-44,256,1,0,0,0,0
18.5263,128,-44,257,1,0,0,0,0
18.5384,128,-44,257,1,0,0,0,0
18.5502,127,-44,257,1,0,0,0,0
18.5619,127,-44,258,1,0,0,0,0
18.5735,126,-44,256,1,0,0,0,0
18.587,126,-44,257,1,0,0,0,0
18.5987,126,-43,257,1,0,0,0,0
18.6104,125,-43,256,1,0,0,0,0
18.6224,125,-43,256,1,0,0,0,0
18.6342,125,-42,256,1,0,0,0,0
18.6456,125,-42,256,1,0,0,0,0
18.6574,125,-42,256,1,0,0,0,0
18.6692,125,-41,256,1,0,0,0,0
18.6823,125,-41,256,1,0,0,0,0
18.6941,125,-41,256,1,0,0,0,0
18.7059,125,-41,256,1,0,0,0,0
18.7175,125,-41,256,1,0,0,0,0
18.7296,125,-41,256,1,0,0,0,0
18.7412,124,-41,256,1,0,0,0,0
18.7534,124,-41,257,1,0,0,0,0
18.7651,123,-42,258,1,0,0,0,0
18.7764,122,-43,259,1,0,0,0,0
18.7905,121,-43,259,1,0,0,0,0
18.8021,120,-44,259,1,0,0,0,0
18.8167,119,-44,259,1,0,0,0,0
18.8318,118,-44,261,1,0,0,0,0
18.8435,117,-44,261,1,0,0,0,0
18.8559,115,-44,261,1,0,0,0,0
18.8681,114,-44,261,1,0,0,0,0
18.8793,112,-44,262,1,0,0,0,0
18.8949,110,-43,262,1,0,0,0,0
18.9072,108,-43,262,1,0,0,0,0
18.9203,107,-42,262,1,0,0,0,0
18.9328,105,-42,262,1,0,0,0,0
18.9442,104,-41,262,1,0,0,0,0
18.9558,103,-40,261,1,0,0,0,0
18.9671,103,-40,262,1,0,0,0,0
18.9784,102,-40,263,1,0,0,0,0
18.99,101,-40,262,1,0,0,0,0
19.0015,101,-39,262,1,0,0,0,0
19.0127,100,-39,262,1,0,0,0,0
19.0244,99,-39,262,1,0,0,0,0
19.0364,98,-38,263,1,0,0,0,0
19.0475,98,-38,262,1,0,0,0,0
19.0589,97,-37,262,1,0,0,0,0
19.0706,96,-37,262,1,0,0,0,0
19.0818,96,-36,261,1,0,0,0,0
19.0928,95,-36,262,1,0,0,0,0
19.104,94,-36,261,1,0,0,0,0
19.1151,93,-36,262,1,0,0,0,0
19.1268,91,-36,263,1,0,0,0,0
19.1392,90,-36,263,1,0,0,0,0
19.1507,89,-36,263,1,0,0,0,0
19.1621,88,-36,263,1,0,0,0,0
19.1735,87,-36,262,1,0,0,0,0
19.1849,86,-36,261,1,0,0,0,0
19.1979,86,-37,261,1,0,0,0,0
19.2096,86,-37,261,1,0,0,0,0
19.2214,85,-37,261,1,0,0,0,0
19.2329,85,-38,261,1,0,0,0,0
19.2444,85,-38,262,1,0,0,0,0
19.2561,86,-38,262,1,0,0,0,0
19.2675,86,-39,262,1,0,0,0,0
19.2793,86,-39,262,1,0,0,0,0
19.2909,87,-39,262,1,0,0,0,0
19.3025,88,-39,263,1,0,0,0,0
19.314,89,-39,263,1,0,0,0,0
19.3255,89,-39,263,1,0,0,0,0
19.3372,90,-39,262,1,0,0,0,0
19.3486,91,-39,262,1,0,0,0,0
19.3598,93,-40,262,1,0,0,0,0
19.371,94,-40,263,1,0,0,0,0
19.3824,95,-41,262,1,0,0,0,0
19.3939,96,-41,262,1,0,0,0,0
19.4052,98,-42,262,1,0,0,0,0
19.4167,99,-43,263,1,0,0,0,0
19.4281,100,-43,262,1,0,0,0,0
19.4395,101,-44,262,1,0,0,0,0
19.4508,102,-46,262,1,0,0,0,0
19.4622,103,-47,262,1,0,0,0,0
19.4735,105,-48,262,1,0,0,0,0
19.485,106,-49,262,1,0,0,0,0
19.4961,106,-51,261,1,0,0,0,0
19.5075,107,-52,261,1,0,0,0,0
19.5189,108,-54,262,1,0,0,0,0
19.5308,109,-56,261,1,0,0,0,0
19.5423,111,-58,263,1,0,0,0,0
19.5543,111,-60,263,1,0,0,0,0
19.5667,112,-62,264,1,0,0,0,0
19.5779,113,-64,264,1,0,0,0,0
19.5906,113,-66,265,1,0,0,0,0
19.602,114,-68,265,1,0,0,0,0
19.6136,114,-70,265,1,0,0,0,0
19.6256,114,-71,265,1,0,0,0,0
19.6375,114,-73,266,1,0,0,0,0
19.6491,114,-74,266,1,0,0,0,0
19.6608,113,-75,266,1,0,0,0,0
19.6724,113,-75,266,1,0,0,0,0
19.6844,113,-76,265,1,0,0,0,0
19.696,112,-76,265,1,0,0,0,0
19.7083,112,-76,266,1,0,0,0,0
19.7204,111,-76,265,1,0,0,0,0
19.7335,111,-76,265,1,0,0,0,0
19.7452,111,-76,266,1,0,0,0,0
19.7595,110,-76,266,1,0,0,0,0
19.7726,110,-75,266,1,0,0,0,0
19.7844,110,-75,265,1,0,0,0,0
19.7966,109,-75,265,1,0,0,0,0
19.8082,109,-75,265,1,0,0,0,0
19.8206,109,-74,264,1,0,0,0,0
19.8324,109,-74,264,1,0,0,0,0
19.8439,109,-74,264,1,0,0,0,0
19.8558,109,-74,264,1,0,0,0,0
19.8676,110,-74,264,1,0,0,0,0
19.8789,110,-74,263,1,0,0,0,0
19.8907,111,-74,263,1,0,0,0,0
19.9024,112,-74,263,1,0,0,0,0
19.9138,112,-74,263,1,0,0,0,0
19.9255,113,-74,263,1,0,0,0,0
19.9374,113,-74,262,1,0,0,0,0
19.9494,114,-75,262,1,0,0,0,0
19.9612,115,-75,262,1,0,0,0,0
19.9729,115,-75,263,1,0,0,0,0
19.9845,116,-75,263,1,0,0,0,0
19.9972,116,-75,262,1,0,0,0,0
20.0099,116,-75,263,1,0,0,0,0
20.0222,116,-75,262,1,0,0,0,0
20.0343,116,-75,263,1,0,0,0,0
20.0465,116,-75,262,1,0,0,0,0
20.0586,116,-74,261,1,0,0,0,0
20.0706,116,-74,262,1,0,0,0,0
20.0825,116,-74,262,1,0,0,0,0
20.0945,116,-74,262,1,0,0,0,0
20.1052,115,-73,262,1,0,0,0,0
20.1176,115,-73,262,1,0,0,0,0
20.1297,114,-72,262,1,0,0,0,0
20.1417,114,-72,262,1,0,0,0,0
20.1537,114,-71,262,1,0,0,0,0
20.1669,114,-71,263,1,0,0,0,0
20.1785,114,-71,263,1,0,0,0,0
20.1904,114,-70,263,1,0,0,0,0
20.2024,114,-70,264,1,0,0,0,0
20.2153,114,-70,265,1,0,0,0,0
20.2269,114,-70,264,1,0,0,0,0
20.2388,123,-48,268,1,0,0,0,0
20.2502,131,-30,271,1,0,0,0,0
20.262,138,-15,274,1,0,0,0,0
20.2737,144,-3,276,1,0,0,0,0
20.286,148,7,276,1,0,0,0,0
20.2978,152,15,278,1,0,0,0,0
20.3094,154,22,279,1,0,0,0,0
20.3209,158,27,281,0,0,0,0,0
20.3319,158,27,281,0,0,0,0,0
20.3424,158,27,281,0,0,0,0,0
20.354,158,27,281,0,0,0,0,0
20.365,158,27,281,1,0,0,0,0
20.3761,165,33,278,0,0,0,0,0
20.3874,165,33,278,1,0,0,0,0
20.3983,169,37,276,1,0,0,0,0
20.4094,171,39,273,1,0,0,0,0
20.4212,173,41,272,1,0,0,0,0
20.4326,174,43,270,1,0,0,0,0
20.4437,175,43,269,1,0,0,0,0
20.4553,175,43,269,1,0,0,0,0
20.4667,174,43,268,1,0,0,0,0
20.4784,173,42,268,1,0,0,0,0
20.4925,172,41,268,1,0,0,0,0
20.506,171,40,267,1,0,0,0,0
20.5174,169,39,267,1,0,0,0,0
20.5288,168,38,267,0,0,0,0,0
20.5399,168,38,267,1,0,0,0,0
20.5516,166,36,269,1,0,0,0,0
20.563,164,35,271,1,0,0,0,0
20.5745,161,34,272,1,0,0,0,0
20.5874,159,32,273,1,0,0,0,0
20.5986,157,31,274,1,0,0,0,0
20.6097,155,29,276,1,0,0,0,0
20.6212,153,27,278,1,0,0,0,0
20.6324,151,25,280,1,0,0,0,0
20.6438,149,23,282,1,0,0,0,0
20.6555,147,21,283,1,0,0,0,0
20.6671,145,19,283,1,0,0,0,0
20.6785,145,17,287,0,0,0,0,0
20.69,145,17,287,1,0,0,0,0
20.7015,145,14,292,1,0,0,0,0
20.7127,145,11,297,1,0,0,0,0
20.7244,144,8,300,1,0,0,0,0
20.7359,143,5,303,1,0,0,0,0
20.747,142,2,306,1,0,0,0,0
20.7609,140,-1,309,1,0,0,0,0
20.7723,137,-5,310,1,0,0,0,0
20.7836,135,-9,312,0,0,0,0,0
20.795,135,-9,312,1,0,0,0,0
20.8066,133,-14,314,1,0,0,0,0
20.8177,129,-18,315,1,0,0,0,0
20.8287,125,-22,313,1,0,0,0,0
20.8395,122,-26,315,1,0,0,0,0
20.8504,117,-30,312,1,0,0,0,0
20.8614,114,-33,312,1,0,0,0,0
20.8724,110,-36,312,1,0,0,0,0
20.8835,107,-39,312,1,0,0,0,0
20.8945,104,-42,312,1,0,0,0,0
20.9055,101,-45,313,1,0,0,0,0
20.9162,98,-47,313,1,0,0,0,0
20.9271,95,-49,313,1,0,0,0,0
20.938,92,-51,314,1,0,0,0,0
20.9488,89,-53,314,1,0,0,0,0
20.9595,86,-55,316,1,0,0,0,0
20.9705,82,-57,316,1,0,0,0,0
20.981,79,-59,317,1,0,0,0,0
20.9921,75,-60,316,1,0,0,0,0
21.0032,72,-62,317,1,0,0,0,0
21.0162,69,-63,317,1,0,0,0,0
21.028,66,-64,318,1,0,0,0,0
21.0388,63,-65,318,1,0,0,0,0
21.0495,61,-67,320,1,0,0,0,0
21.0605,58,-68,320,1,0,0,0,0
21.0715,56,-69,320,1,0,0,0,0
21.0846,54,-70,322,1,0,0,0,0
21.0961,52,-71,322,1,0,0,0,0
21.109,50,-72,323,1,0,0,0,0
21.1205,48,-74,326,1,0,0,0,0
21.1315,46,-74,325,1,0,0,0,0
21.1427,45,-75,324,1,0,0,0,0
21.1542,43,-76,325,1,0,0,0,0
21.1655,42,-76,325,1,0,0,0,0
21.1765,41,-77,325,1,0,0,0,0
21.188,40,-77,324,1,0,0,0,0
21.2004,40,-78,325,1,0,0,0,0
21.2114,39,-78,324,1,0,0,0,0
21.223,39,-79,324,1,0,0,0,0
21.2342,39,-80,324,1,0,0,0,0
21.2455,39,-81,323,1,0,0,0,0
21.2573,39,-82,326,1,0,0,0,0
21.2696,39,-83,328,1,0,0,0,0
21.282,39,-84,327,1,0,0,0,0
21.2954,39,-84,325,1,0,0,0,0
21.3075,39,-85,325,1,0,0,0,0
21.3189,39,-86,325,1,0,0,0,0
21.3327,39,-86,323,1,0,0,0,0
21.3443,39,-87,323,1,0,0,0,0
21.3555,39,-87,324,1,0,0,0,0
21.3668,39,-88,323,1,0,0,0,0
21.3781,39,-89,326,1,0,0,0,0
21.3892,39,-89,326,1,0,0,0,0
21.4008,39,-89,326,1,0,0,0,0
21.4118,40,-90,326,1,0,0,0,0
21.423,40,-90,326,1,0,0,0,0
21.4346,40,-90,328,1,0,0,0,0
21.4457,41,-90,327,1,0,0,0,0
21.4567,41,-89,326,1,0,0,0,0
21.468,41,-89,326,1,0,0,0,0
21.4792,41,-89,326,1,0,0,0,0
21.4905,42,-89,326,1,0,0,0,0
21.5026,42,-89,327,1,0,0,0,0
21.5142,42,-89,328,1,0,0,0,0
21.5256,42,-88,327,1,0,0,0,0
21.5377,43,-88,326,1,0,0,0,0
21.5492,43,-88,325,1,0,0,0,0
21.5625,43,-88,325,1,0,0,0,0
21.5739,43,-88,324,1,0,0,0,0
21.5855,43,-88,324,1,0,0,0,0
21.597,43,-88,325,1,0,0,0,0
21.6089,42,-88,324,1,0,0,0,0
21.6206,43,-89,326,1,0,0,0,0
21.632,43,-89,326,1,0,0,0,0
21.6431,43,-89,325,1,0,0,0,0
21.6542,42,-89,325,1,0,0,0,0
21.6652,42,-89,325,1,0,0,0,0
21.6765,42,-89,326,1,0,0,0,0
21.6878,42,-89,326,1,0,0,0,0
21.6993,42,-89,326,1,0,0,0,0
21.7165,42,-90,326,1,0,0,0,0
21.728,42,-90,327,1,0,0,0,0
21.7402,42,-90,326,1,0,0,0,0
21.7516,42,-89,326,1,0,0,0,0
21.7624,42,-89,325,1,0,0,0,0
21.7737,42,-89,325,1,0,0,0,0
21.7848,42,-88,324,1,0,0,0,0
21.7957,42,-88,324,1,0,0,0,0
21.807,41,-88,323,1,0,0,0,0
21.8185,42,-88,325,1,0,0,0,0
21.8295,42,-88,324,1,0,0,0,0
21.8408,41,-87,323,1,0,0,0,0
21.8522,41,-87,323,1,0,0,0,0
21.869,41,-87,324,1,0,0,0,0
21.8829,42,-87,326,1,0,0,0,0
21.9005,42,-87,325,1,0,0,0,0
21.9124,42,-87,327,1,0,0,0,0
21.9258,42,-88,328,1,0,0,0,0
21.9393,42,-88,330,1,0,0,0,0
21.9517,42,-87,328,1,0,0,0,0
21.9682,42,-87,327,1,0,0,0,0
21.9793,41,-86,326,1,0,0,0,0
21.9903,42,-86,326,1,0,0,0,0
22.002,42,-87,327,1,0,0,0,0
22.0132,42,-86,327,1,0,0,0,0
22.0245,42,-86,326,1,0,0,0,0
22.0363,41,-86,325,1,0,0,0,0
22.0514,41,-85,324,1,0,0,0,0
22.0645,41,-85,322,1,0,0,0,0
22.076,41,-84,321,1,0,0,0,0
22.0903,41,-84,320,1,0,0,0,0
22.1046,42,-84,321,1,0,0,0,0
22.1181,42,-84,322,1,0,0,0,0
22.1298,42,-85,325,1,0,0,0,0
22.1419,42,-84,324,1,0,0,0,0
22.1537,43,-85,324,1,0,0,0,0
22.1655,43,-84,324,1,0,0,0,0
22.177,43,-84,324,1,0,0,0,0
22.1882,43,-84,323,1,0,0,0,0
22.1992,43,-84,323,1,0,0,0,0
22.2119,43,-84,322,1,0,0,0,0
22.2233,43,-84,323,1,0,0,0,0
22.235,43,-85,325,1,0,0,0,0
22.2463,43,-84,324,1,0,0,0,0
22.2575,43,-84,324,1,0,0,0,0
22.2712,43,-84,324,1,0,0,0,0
22.2825,43,-85,325,1,0,0,0,0
22.2936,43,-85,324,1,0,0,0,0
22.3079,43,-84,323,1,0,0,0,0
22.3194,42,-85,323,1,0,0,0,0
22.3307,42,-85,324,1,0,0,0,0
22.3421,42,-85,323,1,0,0,0,0
22.354,42,-85,324,1,0,0,0,0
22.3654,42,-85,323,1,0,0,0,0
22.3768,42,-86,324,1,0,0,0,0
22.3882,42,-86,324,1,0,0,0,0
22.4009,42,-87,325,1,0,0,0,0
22.4128,41,-86,323,1,0,0,0,0
22.4249,41,-87,324,1,0,0,0,0
22.4367,41,-87,325,1,0,0,0,0
22.4479,41,-88,325,1,0,0,0,0
22.459,41,-87,324,1,0,0,0,0
22.471,41,-88,326,1,0,0,0,0
22.4821,40,-88,325,1,0,0,0,0
22.4931,40,-88,324,1,0,0,0,0
22.5047,40,-88,324,1,0,0,0,0
22.5158,40,-89,324,1,0,0,0,0
22.5267,40,-89,325,1,0,0,0,0
22.5386,39,-89,324,1,0,0,0,0
22.5498,39,-90,325,1,0,0,0,0
22.5609,39,-90,325,1,0,0,0,0
22.5725,38,-91,326,1,0,0,0,0
22.5837,38,-91,326,1,0,0,0,0
22.5945,37,-91,326,1,0,0,0,0
22.6059,37,-92,326,1,0,0,0,0
22.6176,36,-92,325,1,0,0,0,0
22.6287,36,-93,325,1,0,0,0,0
22.6403,35,-94,326,1,0,0,0,0
22.6521,35,-95,328,1,0,0,0,0
22.6635,34,-95,327,1,0,0,0,0
22.6749,33,-96,327,1,0,0,0,0
22.6867,33,-97,329,1,0,0,0,0
22.6993,32,-98,330,1,0,0,0,0
22.7119,31,-98,329,1,0,0,0,0
22.7278,31,-99,330,1,0,0,0,0
22.7396,30,-99,328,1,0,0,0,0
22.7526,30,-100,329,1,0,0,0,0
22.764,29,-100,328,1,0,0,0,0
22.7758,29,-100,328,1,0,0,0,0
22.7875,28,-101,328,1,0,0,0,0
22.7989,28,-101,328,1,0,0,0,0
22.8111,27,-102,328,1,0,0,0,0
22.8225,27,-102,329,1,0,0,0,0
22.8338,27,-102,329,1,0,0,0,0
22.8456,27,-102,329,1,0,0,0,0
22.8567,27,-102,328,1,0,0,0,0
22.8682,27,-103,328,1,0,0,0,0
22.8795,27,-103,328,1,0,0,0,0
22.8907,27,-102,327,1,0,0,0,0
22.9024,27,-103,328,1,0,0,0,0
22.9205,27,-102,327,1,0,0,0,0
22.9317,27,-103,328,1,0,0,0,0
22.943,27,-102,327,1,0,0,0,0
22.9544,28,-102,327,1,0,0,0,0
22.9655,28,-102,327,1,0,0,0,0
22.9772,28,-101,326,1,0,0,0,0
22.9881,28,-101,326,1,0,0,0,0
22.999,29,-101,326,1,0,0,0,0
23.0104,29,-101,327,1,0,0,0,0
23.0223,29,-100,328,1,0,0,0,0
23.0337,30,-100,329,1,0,0,0,0
23.0448,30,-100,328,1,0,0,0,0
23.0558,30,-99,328,1,0,0,0,0
23.0675,31,-99,329,1,0,0,0,0
23.0785,31,-98,329,1,0,0,0,0
23.0896,31,-98,329,1,0,0,0,0
23.101,32,-97,329,1,0,0,0,0
23.1124,32,-97,330,1,0,0,0,0
23.1235,32,-96,330,1,0,0,0,0
23.1347,33,-95,328,1,0,0,0,0
23.1485,33,-95,329,1,0,0,0,0
23.1603,33,-94,328,1,0,0,0,0
23.1718,33,-93,328,1,0,0,0,0
23.1834,34,-93,329,1,0,0,0,0
23.1945,34,-93,329,1,0,0,0,0
23.2076,34,-92,329,1,0,0,0,0
23.221,34,-92,328,1,0,0,0,0
23.2321,34,-91,327,1,0,0,0,0
23.2431,34,-90,326,1,0,0,0,0
23.2541,34,-90,325,1,0,0,0,0
23.2654,35,-90,327,1,0,0,0,0
23.2769,35,-90,326,1,0,0,0,0
23.2899,35,-89,326,1,0,0,0,0
23.3011,35,-89,325,1,0,0,0,0
23.3125,35,-89,325,1,0,0,0,0
23.3239,35,-88,324,1,0,0,0,0
23.3357,35,-88,325,1,0,0,0,0
23.3468,35,-88,324,1,0,0,0,0
23.3581,36,-88,326,1,0,0,0,0
23.3699,36,-88,327,1,0,0,0,0
23.3811,36,-88,326,1,0,0,0,0
23.392,36,-88,326,1,0,0,0,0
23.4036,36,-88,326,1,0,0,0,0
23.4146,36,-87,325,1,0,0,0,0
23.4255,36,-87,325,1,0,0,0,0
23.4373,36,-87,325,1,0,0,0,0
23.4485,36,-87,324,1,0,0,0,0
23.4595,36,-87,323,1,0,0,0,0
23.4711,36,-87,323,1,0,0,0,0
23.4824,36,-87,323,1,0,0,0,0
23.4934,36,-87,324,1,0,0,0,0
23.505,36,-87,323,1,0,0,0,0
23.5166,36,-87,323,1,0,0,0,0
23.5277,35,-87,323,1,0,0,0,0
23.5392,35,-88,325,1,0,0,0,0
23.5506,35,-88,326,1,0,0,0,0
23.5638,35,-88,325,1,0,0,0,0
23.575,35,-87,324,1,0,0,0,0
23.5865,35,-88,326,1,0,0,0,0
23.5978,35,-88,328,1,0,0,0,0
23.6091,35,-88,328,1,0,0,0,0
23.6205,35,-88,328,1,0,0,0,0
23.6316,35,-88,328,1,0,0,0,0
23.6425,35,-88,328,1,0,0,0,0
23.6536,35,-87,327,1,0,0,0,0
23.6645,35,-87,326,1,0,0,0,0
23.6765,35,-87,327,1,0,0,0,0
23.6875,36,-87,327,1,0,0,0,0
23.6986,36,-86,325,1,0,0,0,0
23.71,36,-87,327,1,0,0,0,0
23.7218,36,-86,327,1,0,0,0,0
23.7326,36,-86,326,1,0,0,0,0
23.7438,37,-86,325,1,0,0,0,0
23.7551,37,-85,325,1,0,0,0,0
23.7663,37,-85,324,1,0,0,0,0
23.7774,37,-84,323,1,0,0,0,0
23.7885,37,-84,323,1,0,0,0,0
23.7995,37,-84,322,1,0,0,0,0
23.8107,37,-83,322,1,0,0,0,0
23.8221,37,-84,324,1,0,0,0,0
23.8325,37,-84,326,1,0,0,0,0
23.8458,37,-84,325,1,0,0,0,0
23.8575,37,-84,325,1,0,0,0,0
23.8706,37,-84,326,1,0,0,0,0
23.8828,37,-84,327,1,0,0,0,0
23.8939,36,-84,326,1,0,0,0,0
23.9058,36,-84,326,1,0,0,0,0
23.9174,36,-83,326,1,0,0,0,0
23.9288,36,-83,326,1,0,0,0,0
23.9408,36,-84,328,1,0,0,0,0
23.9524,36,-84,328,0,0,0,0,0
23.9634,36,-84,328,0,0,0,0,0
23.976,36,-84,328,0,0,0,0,0
23.9885,36,-84,328,0,0,0,0,0
24,36,-84,328,0,0,0,0,0
24.0111,36,-84,328,0,0,0,0,0
24.0222,36,-84,328,0,0,0,0,0
24.0334,36,-84,328,0,0,0,0,0
24.0442,36,-84,328,0,0,0,0,0
24.0547,36,-84,328,0,0,0,0,0
24.0653,36,-84,328,0,0,0,0,0
24.0762,36,-84,328,0,0,0,0,0
24.0872,36,-84,328,0,0,0,0,0
24.0985,36,-84,328,0,0,0,0,0
24.1097,36,-84,328,0,0,0,0,0
24.1213,36,-84,328,0,0,0,0,0
24.1326,36,-84,328,0,0,0,0,0
24.1436,36,-84,328,0,0,0,0,0
24.1548,36,-84,328,0,0,0,0,0
24.1662,36,-84,328,0,0,0,0,0
24.177,36,-84,328,0,0,0,0,0
24.1877,36,-84,328,0,0,0,0,0
24.1987,36,-84,328,0,0,0,0,0
24.2099,36,-84,328,0,0,0,0,0
24.221,36,-84,328,0,0,0,0,0
24.2325,36,-84,328,0,0,0,0,0
24.2436,36,-84,328,0,0,0,0,0
24.2546,36,-84,328,0,0,0,0,0
24.2657,36,-84,328,0,0,0,0,0
24.2767,36,-84,328,0,0,0,0,0
24.2876,36,-84,328,0,0,0,0,0
24.2987,36,-84,328,0,0,0,0,0
24.3097,36,-84,328,0,0,0,0,0
24.3214,36,-84,328,0,0,0,0,0
24.3324,36,-84,328,0,0,0,0,0
24.3434,36,-84,328,0,0,0,0,0
24.3548,36,-84,328,0,0,0,0,0
24.366,36,-84,328,0,0,0,0,0
24.3768,36,-84,328,0,0,0,0,0
24.3878,36,-84,328,0,0,0,0,0
24.3986,36,-84,328,0,0,0,0,0
24.4096,36,-84,328,0,0,0,0,0
24.4209,36,-84,328,0,0,0,0,0
24.4321,36,-84,328,0,0,0,0,0
24.4431,36,-84,328,0,0,0,0,0
24.4555,36,-84,328,0,0,0,0,0
24.4679,36,-84,328,0,0,0,0,0
24.479,36,-84,328,0,0,0,0,0
24.4901,36,-84,328,0,0,0,0,0
24.5013,36,-84,328,0,0,0,0,0
24.5125,36,-84,328,0,0,0,0,0
24.5238,36,-84,328,0,0,0,0,0
24.5354,36,-84,328,0,0,0,0,0
24.5466,36,-84,328,0,0,0,0,0
24.5578,36,-84,328,0,0,0,0,0
24.5691,36,-84,328,0,0,0,0,0
24.5819,36,-84,328,0,0,0,0,0
24.5929,36,-84,328,0,0,0,0,0
24.6041,36,-84,328,0,0,0,0,0
24.6152,36,-84,328,0,0,0,0,0
24.6262,36,-84,328,0,0,0,0,0
24.6373,36,-84,328,0,0,0,0,0
24.6483,36,-84,328,0,0,0,0,0
24.6593,36,-84,328,0,0,0,0,0
24.6707,36,-84,328,0,0,0,0,0
24.6818,36,-84,328,0,0,0,0,0
24.6927,36,-84,328,0,0,0,0,0
24.7042,36,-84,328,0,0,0,0,0
24.7154,36,-84,328,0,0,0,0,0
24.7268,36,-84,328,0,0,0,0,0
24.7406,36,-84,328,0,0,0,0,0
24.7518,36,-84,328,0,0,0,0,0
24.7628,36,-84,328,0,0,0,0,0
24.774,36,-84,328,0,0,0,0,0
24.7855,36,-84,328,0,0,0,0,0
24.7971,36,-84,328,0,0,0,0,0
24.808,36,-84,328,0,0,0,0,0
24.8195,36,-84,328,0,0,0,0,0
24.8305,36,-84,328,0,0,0,0,0
24.8415,36,-84,328,0,0,0,0,0
24.8525,36,-84,328,0,0,0,0,0
24.8635,36,-84,328,0,0,0,0,0
24.8746,36,-84,328,0,0,0,0,0
24.8857,36,-84,328,0,0,0,0,0
24.8967,36,-84,328,0,0,0,0,0
24.9075,36,-84,328,0,0,0,0,0
24.9186,36,-84,328,0,0,0,0,0
24.9295,36,-84,328,0,0,0,0,0
24.9408,36,-84,328,0,0,0,0,0
24.9522,36,-84,328,0,0,0,0,0
24.9633,36,-84,328,0,0,0,0,0
24.9744,36,-84,328,0,0,0,0,0
24.9855,36,-84,328,0,0,0,0,0
24.9966,36,-84,328,0,0,0,0,0
25.0076,36,-84,328,0,0,0,0,0
25.0188,36,-84,328,0,0,0,0,0
25.0297,36,-84,328,0,0,0,0,0
25.0404,36,-84,328,0,0,0,0,0
25.0514,36,-84,328,0,0,0,0,0
25.0625,36,-84,328,0,0,0,0,0
25.0736,36,-84,328,0,0,0,0,0
25.0848,36,-84,328,0,0,0,0,0
25.0957,36,-84,328,0,0,0,0,0
25.1067,36,-84,328,0,0,0,0,0
25.1179,36,-84,328,0,0,0,0,0
25.1288,36,-84,328,0,0,0,0,0
25.1398,36,-84,328,0,0,0,0,0
25.1506,36,-84,328,0,0,0,0,0
25.1616,36,-84,328,0,0,0,0,0
25.1726,36,-84,328,0,0,0,0,0
25.1836,36,-84,328,0,0,0,0,0
25.1943,36,-84,328,0,0,0,0,0
25.2056,36,-84,328,0,0,0,0,0
25.2167,36,-84,328,0,0,0,0,0
25.2275,36,-84,328,0,0,0,0,0
25.2387,36,-84,328,0,0,0,0,0
25.2496,36,-84,328,0,0,0,0,0
25.2607,36,-84,328,0,0,0,0,0
25.2721,36,-84,328,0,0,0,0,0
25.2836,36,-84,328,0,0,0,0,0
25.2946,36,-84,328,0,0,0,0,0
25.3054,36,-84,328,0,0,0,0,0
25.3164,36,-84,328,0,0,0,0,0
25.3274,36,-84,328,0,0,0,0,0
25.3385,36,-84,328,0,0,0,0,0
25.3496,36,-84,328,0,0,0,0,0
25.3605,36,-84,328,0,0,0,0,0
25.3717,36,-84,328,0,0,0,0,0
25.3827,36,-84,328,0,0,0,0,0
25.3936,36,-84,328,0,0,0,0,0
25.4047,36,-84,328,0,0,0,0,0
25.4156,36,-84,328,0,0,0,0,0
25.4266,36,-84,328,0,0,0,0,0
25.4386,36,-84,328,0,0,0,0,0
25.4497,36,-84,328,0,0,0,0,0
25.4607,36,-84,328,0,0,0,0,0
25.472,36,-84,328,0,0,0,0,0
25.4832,36,-84,328,0,0,0,0,0
25.4945,36,-84,328,0,0,0,0,0
25.5064,36,-84,328,0,0,0,0,0
25.5175,36,-84,328,0,0,0,0,0
25.5286,36,-84,328,0,0,0,0,0
25.5399,36,-84,328,0,0,0,0,0
25.5516,36,-84,328,0,0,0,0,0
25.5627,36,-84,328,0,0,0,0,0
25.5737,36,-84,328,0,0,0,0,0
25.5845,36,-84,328,0,0,0,0,0
25.5954,36,-84,328,0,0,0,0,0
25.6065,36,-84,328,0,0,0,0,0
25.6209,36,-84,328,0,0,0,0,0
25.6318,36,-84,328,0,0,0,0,0
25.6427,36,-84,328,0,0,0,0,0
25.6547,36,-84,328,0,0,0,0,0
25.6658,36,-84,328,0,0,0,0,0
25.6769,36,-84,328,0,0,0,0,0
25.6879,36,-84,328,0,0,0,0,0
25.6992,36,-84,328,0,0,0,0,0
25.7102,36,-84,328,0,0,0,0,0
25.7215,36,-84,328,0,0,0,0,0
25.7326,36,-84,328,0,0,0,0,0
25.7436,36,-84,328,0,0,0,0,0
25.7549,36,-84,328,0,0,0,0,0
25.7664,36,-84,328,0,0,0,0,0
25.7776,36,-84,328,0,0,0,0,0
25.7888,36,-84,328,0,0,0,0,0
25.7999,36,-84,328,0,0,0,0,0
25.8111,36,-84,328,0,0,0,0,0
25.8244,36,-84,328,0,0,0,0,0
25.8355,36,-84,328,0,0,0,0,0
25.8466,36,-84,328,0,0,0,0,0
25.8575,36,-84,328,0,0,0,0,0
25.8688,36,-84,328,0,0,0,0,0
25.8799,36,-84,328,0,0,0,0,0
25.891,36,-84,328,0,0,0,0,0
25.9024,36,-84,328,0,0,0,0,0
25.9136,36,-84,328,0,0,0,0,0
25.9248,36,-84,328,0,0,0,0,0
25.9359,36,-84,328,0,0,0,0,0
25.9469,36,-84,328,0,0,0,0,0
25.958,36,-84,328,0,0,0,0,0
25.9693,36,-84,328,0,0,0,0,0
25.9799,36,-84,328,0,0,0,0,0
25.9907,36,-84,328,0,0,0,0,0
26.0028,36,-84,328,0,0,0,0,0
26.0153,36,-84,328,0,0,0,0,0
26.0278,36,-84,328,0,0,0,0,0
26.0389,36,-84,328,0,0,0,0,0
26.0495,36,-84,328,0,0,0,0,0
26.06,36,-84,328,0,0,0,0,0
26.0705,36,-84,328,0,0,0,0,0
26.0817,36,-84,328,0,0,0,0,0
26.0926,36,-84,328,0,0,0,0,0
26.1033,36,-84,328,0,0,0,0,0
26.1145,36,-84,328,0,0,0,0,0
26.1261,36,-84,328,0,0,0,0,0
26.14,36,-84,328,0,0,0,0,0
26.1511,36,-84,328,1,0,0,0,0
26.162,-23,-104,310,0,0,0,0,0
26.1734,-23,-104,310,0,0,0,0,0
26.1853,-23,-104,310,0,0,0,0,0
26.2001,-23,-104,310,1,0,0,0,0
26.2131,-73,-119,297,0,0,0,0,0
26.2247,-73,-119,297,0,0,0,0,0
26.2357,-73,-119,297,0,0,0,0,0
26.2468,-73,-119,297,1,0,0,0,0
26.2583,-114,-128,284,0,0,0,0,0
26.2702,-114,-128,284,1,0,0,0,0
26.2822,-149,-135,274,1,0,0,0,0
26.2935,-177,-138,265,1,0,0,0,0
26.3047,-199,-141,258,1,0,0,0,0
26.3165,-217,-144,254,1,0,0,0,0
26.3285,-229,-145,249,1,0,0,0,0
26.3399,-237,-145,246,1,0,0,0,0
26.3521,-243,-146,245,1,0,0,0,0
26.3635,-247,-146,244,1,0,0,0,0
26.3761,-248,-146,244,1,0,0,0,0
26.3888,-248,-146,244,1,0,0,0,0
26.4006,-246,-145,243,1,0,0,0,0
26.4121,-243,-144,244,1,0,0,0,0
26.424,-241,-144,245,1,0,0,0,0
26.4357,-238,-144,246,1,0,0,0,0
26.4472,-235,-144,247,1,0,0,0,0
26.459,-233,-144,249,1,0,0,0,0
26.4705,-230,-144,250,1,0,0,0,0
26.4833,-227,-144,252,1,0,0,0,0
26.4982,-225,-145,254,1,0,0,0,0
26.5133,-223,-145,256,1,0,0,0,0
26.5274,-221,-145,256,1,0,0,0,0
26.5405,-218,-144,257,1,0,0,0,0
26.5526,-217,-145,258,1,0,0,0,0
26.5661,-216,-145,259,1,0,0,0,0
26.5774,-215,-145,260,1,0,0,0,0
26.589,-215,-145,261,1,0,0,0,0
26.6005,-214,-145,260,1,0,0,0,0
26.6117,-213,-144,259,1,0,0,0,0
26.6233,-212,-144,259,1,0,0,0,0
26.635,-212,-144,259,1,0,0,0,0
26.6482,-211,-144,257,1,0,0,0,0
26.6613,-212,-144,258,0,0,0,0,0
26.6729,-212,-144,258,1,0,0,0,0
26.6845,-213,-145,259,1,0,0,0,0
26.6959,-214,-145,259,1,0,0,0,0
26.7075,-215,-145,258,1,0,0,0,0
26.7193,-217,-146,259,1,0,0,0,0
26.7312,-217,-146,258,1,0,0,0,0
26.7435,-218,-146,257,1,0,0,0,0
26.7553,-219,-146,256,1,0,0,0,0
26.767,-220,-147,256,1,0,0,0,0
26.7801,-222,-148,256,1,0,0,0,0
26.792,-222,-149,255,0,0,0,0,0
26.8035,-222,-149,255,1,0,0,0,0
26.8161,-223,-149,254,1,0,0,0,0
26.8278,-224,-150,254,1,0,0,0,0
26.8416,-224,-150,253,1,0,0,0,0
26.8532,-224,-150,252,1,0,0,0,0
26.865,-224,-150,252,1,0,0,0,0
26.8777,-224,-149,251,1,0,0,0,0
26.8898,-228,-151,254,1,0,0,0,0
26.9018,-228,-151,255,1,0,0,0,0
26.9143,-228,-150,255,1,0,0,0,0
26.9263,-229,-151,256,0,0,0,0,0
26.9383,-229,-151,256,1,0,0,0,0
26.9506,-228,-149,255,1,0,0,0,0
26.9622,-227,-148,255,1,0,0,0,0
26.9745,-226,-146,254,0,0,0,0,0
26.9859,-226,-146,254,1,0,0,0,0
26.9978,-224,-145,254,1,0,0,0,0
27.0095,-223,-143,254,1,0,0,0,0
27.0216,-222,-142,254,1,0,0,0,0
27.033,-221,-141,254,1,0,0,0,0
27.044,-220,-140,254,1,0,0,0,0
27.0558,-219,-138,254,1,0,0,0,0
27.0672,-218,-137,254,1,0,0,0,0
27.0785,-217,-135,254,1,0,0,0,0
27.0903,-216,-134,254,1,0,0,0,0
27.102,-216,-133,254,1,0,0,0,0
27.1134,-216,-132,255,1,0,0,0,0
27.1254,-214,-130,254,1,0,0,0,0
27.1371,-214,-130,254,1,0,0,0,0
27.1493,-214,-129,255,1,0,0,0,0
27.1608,-213,-128,254,1,0,0,0,0
27.172,-213,-128,254,1,0,0,0,0
27.1831,-212,-127,254,1,0,0,0,0
27.1947,-211,-126,253,1,0,0,0,0
27.2062,-211,-126,253,1,0,0,0,0
27.2174,-210,-125,253,1,0,0,0,0
27.2286,-209,-125,252,1,0,0,0,0
27.2395,-208,-124,252,1,0,0,0,0
27.2503,-207,-124,253,1,0,0,0,0
27.2613,-206,-124,254,1,0,0,0,0
27.2725,-204,-123,254,1,0,0,0,0
27.2836,-202,-122,256,1,0,0,0,0
27.2943,-200,-121,255,1,0,0,0,0
27.3049,-199,-120,257,1,0,0,0,0
27.3154,-196,-118,257,1,0,0,0,0
27.3264,-194,-117,257,1,0,0,0,0
27.3376,-191,-115,257,1,0,0,0,0
27.3492,-188,-113,256,1,0,0,0,0
27.3602,-186,-112,256,1,0,0,0,0
27.3721,-184,-110,255,1,0,0,0,0
27.383,-182,-109,253,1,0,0,0,0
27.3942,-181,-108,252,1,0,0,0,0
27.4054,-179,-107,251,1,0,0,0,0
27.4165,-179,-107,251,1,0,0,0,0
27.4289,-179,-107,250,1,0,0,0,0
27.4398,-179,-107,250,1,0,0,0,0
27.4505,-180,-108,250,1,0,0,0,0
27.4619,-182,-108,251,1,0,0,0,0
27.4726,-183,-109,251,1,0,0,0,0
27.4832,-185,-109,251,1,0,0,0,0
27.4938,-186,-109,251,1,0,0,0,0
27.5044,-188,-109,252,1,0,0,0,0
27.5147,-190,-108,254,0,0,0,0,0
27.5256,-190,-108,254,1,0,0,0,0
27.5365,-192,-107,255,1,0,0,0,0
27.5472,-195,-105,257,1,0,0,0,0
27.558,-198,-103,259,1,0,0,0,0
27.569,-200,-100,261,0,0,0,0,0
27.5793,-200,-100,261,1,0,0,0,0
27.59,-204,-97,265,1,0,0,0,0
27.6008,-207,-94,268,0,0,0,0,0
27.6113,-207,-94,268,1,0,0,0,0
27.6222,-210,-90,269,1,0,0,0,0
27.6332,-212,-86,271,1,0,0,0,0
27.644,-216,-83,274,1,0,0,0,0
27.6556,-220,-80,277,1,0,0,0,0
27.6666,-223,-77,279,1,0,0,0,0
27.6776,-225,-75,280,1,0,0,0,0
27.6891,-228,-72,281,1,0,0,0,0
27.7003,-231,-70,283,1,0,0,0,0
27.7115,-234,-69,284,1,0,0,0,0
27.723,-237,-67,287,1,0,0,0,0
27.735,-239,-66,287,1,0,0,0,0
27.7468,-240,-65,287,1,0,0,0,0
27.7582,-242,-64,288,1,0,0,0,0
27.7702,-245,-64,290,1,0,0,0,0
27.7814,-247,-63,291,1,0,0,0,0
27.7929,-248,-64,292,1,0,0,0,0
27.8054,-250,-64,292,1,0,0,0,0
27.8173,-251,-64,292,1,0,0,0,0
27.8291,-253,-65,293,1,0,0,0,0
27.8407,-253,-66,292,1,0,0,0,0
27.8527,-255,-67,293,1,0,0,0,0
27.8647,-257,-69,294,1,0,0,0,0
27.8765,-258,-70,295,1,0,0,0,0
27.8884,-257,-71,294,1,0,0,0,0
27.9001,-257,-72,295,1,0,0,0,0
27.9125,-257,-73,294,1,0,0,0,0
27.9244,-254,-74,292,1,0,0,0,0
27.9359,-252,-74,292,1,0,0,0,0
27.9471,-250,-74,291,1,0,0,0,0
27.9588,-249,-73,291,1,0,0,0,0
27.9708,-247,-73,292,1,0,0,0,0
27.9821,-246,-72,292,1,0,0,0,0
27.9938,-246,-72,295,1,0,0,0,0
28.0056,-246,-71,297,1,0,0,0,0
28.0176,-244,-69,296,1,0,0,0,0
28.0292,-242,-67,295,1,0,0,0,0
28.0408,-242,-66,298,1,0,0,0,0
28.0524,-241,-64,298,1,0,0,0,0
28.0643,-241,-62,298,1,0,0,0,0
28.0758,-239,-59,297,1,0,0,0,0
28.0877,-239,-57,297,1,0,0,0,0
28.1,-238,-55,296,1,0,0,0,0
28.1114,-238,-53,295,1,0,0,0,0
28.1233,-238,-51,293,1,0,0,0,0
28.1353,-240,-49,294,1,0,0,0,0
28.1467,-240,-47,294,1,0,0,0,0
28.1586,-241,-45,292,1,0,0,0,0
28.1705,-243,-43,293,1,0,0,0,0
28.182,-243,-41,291,1,0,0,0,0
28.1942,-244,-39,291,1,0,0,0,0
28.206,-245,-38,291,1,0,0,0,0
28.2178,-247,-36,290,1,0,0,0,0
28.2292,-247,-35,289,1,0,0,0,0
28.2409,-248,-34,288,1,0,0,0,0
28.2526,-250,-33,288,1,0,0,0,0
28.2648,-251,-32,287,1,0,0,0,0
28.2761,-252,-32,287,1,0,0,0,0
28.2882,-252,-32,286,1,0,0,0,0
28.2996,-254,-32,286,1,0,0,0,0
28.313,-256,-32,285,1,0,0,0,0
28.3246,-257,-31,284,1,0,0,0,0
28.3359,-259,-31,284,1,0,0,0,0
28.3469,-262,-32,285,1,0,0,0,0
28.3582,-265,-32,285,1,0,0,0,0
28.37,-266,-32,283,1,0,0,0,0
28.381,-268,-32,281,1,0,0,0,0
28.3924,-271,-32,281,1,0,0,0,0
28.4037,-273,-32,279,1,0,0,0,0
28.4159,-273,-32,276,1,0,0,0,0
28.4274,-273,-32,274,1,0,0,0,0
28.4388,-273,-32,270,1,0,0,0,0
28.4501,-276,-32,270,1,0,0,0,0
28.4618,-278,-32,270,1,0,0,0,0
28.4738,-280,-32,269,1,0,0,0,0
28.4861,-281,-32,268,1,0,0,0,0
28.4977,-281,-31,267,1,0,0,0,0
28.5096,-281,-31,266,1,0,0,0,0
28.5229,-282,-31,266,1,0,0,0,0
28.5348,-282,-31,265,1,0,0,0,0
28.5464,-282,-31,265,1,0,0,0,0
28.5585,-282,-31,264,1,0,0,0,0
28.5705,-282,-31,265,1,0,0,0,0
28.5821,-283,-31,266,1,0,0,0,0
28.5944,-282,-32,266,1,0,0,0,0
28.6062,-281,-32,266,1,0,0,0,0
28.618,-280,-32,266,1,0,0,0,0
28.6299,-280,-32,266,1,0,0,0,0
28.6415,-280,-32,267,1,0,0,0,0
28.6534,-279,-32,268,1,0,0,0,0
28.6656,-277,-32,267,1,0,0,0,0
28.6775,-277,-32,267,1,0,0,0,0
28.6894,-276,-32,266,1,0,0,0,0
28.7013,-277,-32,268,1,0,0,0,0
28.7128,-277,-32,269,1,0,0,0,0
28.7247,-278,-33,270,1,0,0,0,0
28.7368,-276,-32,268,1,0,0,0,0
28.7474,-276,-33,268,1,0,0,0,0
28.7614,-277,-33,269,1,0,0,0,0
28.7734,-277,-33,269,1,0,0,0,0
28.785,-277,-32,268,1,0,0,0,0
28.7973,-278,-32,268,1,0,0,0,0
28.81,-278,-32,268,1,0,0,0,0
28.8224,-278,-32,268,1,0,0,0,0
28.8344,-278,-32,267,1,0,0,0,0
28.8461,-278,-32,267,1,0,0,0,0
28.8583,-277,-32,266,1,0,0,0,0
28.8704,-277,-32,266,1,0,0,0,0
28.8845,-277,-31,265,1,0,0,0,0
28.8987,-253,-1,269,1,0,0,0,0
28.9131,-233,24,273,1,0,0,0,0
28.9298,-216,45,277,1,0,0,0,0
28.9436,-203,63,281,1,0,0,0,0
28.9563,-192,78,283,1,0,0,0,0
28.9683,-183,89,285,1,0,0,0,0
28.9805,-177,99,288,1,0,0,0,0
28.9925,-172,106,290,1,0,0,0,0
29.0042,-169,112,291,1,0,0,0,0
29.0164,-167,115,291,1,0,0,0,0
29.0277,-165,118,292,1,0,0,0,0
29.0435,-164,119,292,1,0,0,0,0
29.0578,-162,120,292,1,0,0,0,0
29.0696,-161,119,292,1,0,0,0,0
29.0815,-160,119,292,1,0,0,0,0
29.0935,-160,118,292,1,0,0,0,0
29.1102,-159,116,292,1,0,0,0,0
29.124,-160,115,292,1,0,0,0,0
29.1357,-161,113,292,1,0,0,0,0
29.1475,-163,111,293,1,0,0,0,0
29.1598,-164,109,295,1,0,0,0,0
29.1725,-166,106,296,1,0,0,0,0
29.1841,-167,104,296,1,0,0,0,0
29.1961,-169,102,297,1,0,0,0,0
29.2077,-170,100,297,1,0,0,0,0
29.2197,-172,98,297,1,0,0,0,0
29.2308,-173,96,298,1,0,0,0,0
29.242,-175,94,299,1,0,0,0,0
29.2534,-176,92,298,1,0,0,0,0
29.2651,-178,90,299,1,0,0,0,0
29.2765,-179,88,299,1,0,0,0,0
29.2882,-181,86,300,1,0,0,0,0
29.2999,-182,84,301,1,0,0,0,0
29.3112,-183,83,304,1,0,0,0,0
29.3231,-184,81,305,1,0,0,0,0
29.3345,-185,79,307,1,0,0,0,0
29.3457,-186,77,309,1,0,0,0,0
29.3573,-186,75,312,1,0,0,0,0
29.3687,-185,73,312,1,0,0,0,0
29.3799,-185,71,315,1,0,0,0,0
29.3916,-184,69,317,0,0,0,0,0
29.4028,-184,69,317,1,0,0,0,0
29.4139,-182,66,318,1,0,0,0,0
29.4253,-181,63,320,1,0,0,0,0
29.4369,-179,60,323,1,0,0,0,0
29.4477,-176,58,324,0,0,0,0,0
29.4587,-176,58,324,0,0,0,0,0
29.4714,-176,58,324,0,0,0,0,0
29.4829,-176,58,324,0,0,0,0,0
29.4938,-176,58,324,0,0,0,0,0
29.5045,-176,58,324,0,0,0,0,0
29.5155,-176,58,324,0,0,0,0,0
29.527,-176,58,324,0,0,0,0,0
29.5383,-176,58,324,0,0,0,0,0
29.5501,-176,58,324,0,0,0,0,0
29.561,-176,58,324,0,0,0,0,0
29.5722,-176,58,324,0,0,0,0,0
29.583,-176,58,324,0,0,0,0,0
29.5942,-176,58,324,0,0,0,0,0
29.6056,-176,58,324,0,0,0,0,0
29.617,-176,58,324,0,0,0,0,0
29.6285,-176,58,324,0,0,0,0,0
29.6399,-176,58,324,0,0,0,0,0
29.6515,-176,58,324,0,0,0,0,0
29.6628,-176,58,324,0,0,0,0,0
29.6747,-176,58,324,0,0,0,0,0
29.6861,-176,58,324,0,0,0,0,0
29.6973,-176,58,324,0,0,0,0,0
29.7086,-176,58,324,0,0,0,0,0
29.7201,-176,58,324,0,0,0,0,0
29.7315,-176,58,324,0,0,0,0,0
29.7431,-176,58,324,0,0,0,0,0
29.7545,-176,58,324,0,0,0,0,0
29.7666,-176,58,324,0,0,0,0,0
29.7783,-176,58,324,0,0,0,0,0
29.7903,-176,58,324,0,0,0,0,0
29.8016,-176,58,324,0,0,0,0,0
29.8132,-176,58,324,0,0,0,0,0
29.8249,-176,58,324,1,0,0,0,0
29.8369,-141,47,328,0,0,0,0,0
29.8487,-141,47,328,1,0,0,0,0
29.861,-110,38,333,0,0,0,0,0
29.8726,-110,38,333,1,0,0,0,0
29.8845,-83,30,336,0,0,0,0,0
29.8962,-83,30,336,0,0,0,0,0
29.9075,-83,30,336,1,0,0,0,0
29.9198,-58,22,339,0,0,0,0,0
29.9307,-58,22,339,0,0,0,0,0
29.9421,-58,22,339,0,0,0,0,0
29.954,-58,22,339,0,0,0,0,0
29.9655,-58,22,339,1,0,0,0,0
29.9775,-32,15,340,1,0,0,0,0
29.99,-11,9,339,0,0,0,0,0
30.0014,-11,9,339,0,0,0,0,0
30.0128,-11,9,339,0,0,0,0,0
30.0242,-11,9,339,0,0,0,0,0
30.0359,-11,9,339,1,0,0,0,0
30.0476,10,5,339,0,0,0,0,0
30.0586,10,5,339,0,0,0,0,0
30.07,10,5,339,1,0,0,0,0
30.0815,31,1,340,1,0,0,0,0
30.0936,48,-1,340,1,0,0,0,0
30.1067,61,-2,340,1,0,0,0,0
30.1198,71,-4,340,1,0,0,0,0
30.1323,78,-5,341,1,0,0,0,0
30.1455,83,-5,341,1,0,0,0,0
30.1578,87,-5,340,1,0,0,0,0
30.1703,89,-5,341,1,0,0,0,0
30.1826,91,-5,341,1,0,0,0,0
30.1954,91,-5,341,1,0,0,0,0
30.209,90,-5,341,1,0,0,0,0
30.2215,88,-5,341,1,0,0,0,0
30.2347,86,-5,340,1,0,0,0,0
30.2475,83,-5,340,1,0,0,0,0
30.2604,80,-6,340,1,0,0,0,0
30.2737,76,-6,339,1,0,0,0,0
30.2864,73,-6,339,1,0,0,0,0
30.2991,69,-7,339,1,0,0,0,0
30.3117,65,-7,339,1,0,0,0,0
30.3238,61,-8,340,1,0,0,0,0
30.3367,57,-8,339,1,0,0,0,0
30.3515,53,-9,339,0,0,0,0,0
30.3636,53,-9,339,1,0,0,0,0
30.3777,48,-11,340,1,0,0,0,0
30.3897,44,-12,341,1,0,0,0,0
30.4015,39,-14,340,1,0,0,0,0
30.4136,35,-15,342,1,0,0,0,0
30.4253,30,-17,341,0,0,0,0,0
30.4372,30,-17,341,0,0,0,0,0
30.4485,30,-17,341,0,0,0,0,0
30.4598,30,-17,341,0,0,0,0,0
30.472,30,-17,341,0,0,0,0,0
30.4834,30,-17,341,0,0,0,0,0
30.4947,30,-17,341,0,0,0,0,0
30.5064,30,-17,341,0,0,0,0,0
30.5184,30,-17,341,0,0,0,0,0
30.5296,30,-17,341,0,0,0,0,0
30.5412,30,-17,341,0,0,0,0,0
30.5529,30,-17,341,1,0,0,0,0
30.5653,12,-20,346,0,0,0,0,0
30.577,12,-20,346,1,0,0,0,0
30.5892,-4,-24,349,1,0,0,0,0
30.601,-18,-26,351,1,0,0,0,0
30.6127,-31,-28,352,1,0,0,0,0
30.6249,-42,-30,354,1,0,0,0,0
30.6373,-51,-31,354,1,0,0,0,0
30.6504,-58,-32,352,1,0,0,0,0
30.6627,-65,-33,353,1,0,0,0,0
30.675,-70,-33,353,1,0,0,0,0
30.6873,-74,-33,352,1,0,0,0,0
30.6997,-77,-34,351,1,0,0,0,0
30.7124,-80,-34,352,1,0,0,0,0
30.7253,-82,-34,352,1,0,0,0,0
30.7385,-83,-35,353,1,0,0,0,0
30.7516,-83,-35,353,1,0,0,0,0
30.7643,-83,-36,353,1,0,0,0,0
30.7768,-82,-37,353,1,0,0,0,0
30.7897,-81,-38,352,1,0,0,0,0
30.802,-80,-39,354,1,0,0,0,0
30.8144,-78,-40,355,1,0,0,0,0
30.8295,-76,-41,355,1,0,0,0,0
30.8433,-74,-42,354,1,0,0,0,0
30.8562,-71,-44,355,1,0,0,0,0
30.8692,-69,-45,356,1,0,0,0,0
30.8813,-67,-46,356,1,0,0,0,0
30.8939,-64,-47,356,1,0,0,0,0
30.9064,-60,-49,355,1,0,0,0,0
30.9191,-57,-50,354,1,0,0,0,0
30.9316,-55,-51,354,1,0,0,0,0
30.944,-52,-52,355,1,0,0,0,0
30.957,-50,-53,356,1,0,0,0,0
30.9701,-47,-54,356,1,0,0,0,0
30.9828,-44,-55,357,1,0,0,0,0
30.9955,-41,-56,357,1,0,0,0,0
31.0094,-39,-57,357,1,0,0,0,0
31.0224,-36,-57,357,1,0,0,0,0
31.0353,-33,-58,358,1,0,0,0,0
31.049,-31,-58,357,1,0,0,0,0
31.0616,-28,-58,358,1,0,0,0,0
31.0745,-25,-58,359,1,0,0,0,0
31.0877,-22,-57,357,1,0,0,0,0
31.1005,-20,-57,358,1,0,0,0,0
31.1128,-17,-56,357,1,0,0,0,0
31.1269,-14,-54,357,1,0,0,0,0
31.1395,-12,-53,357,1,0,0,0,0
31.1521,-9,-52,358,1,0,0,0,0
31.1669,-6,-50,356,1,0,0,0,0
31.1806,-4,-48,355,1,0,0,0,0
31.1936,-1,-46,354,1,0,0,0,0
31.2064,0,-44,353,1,0,0,0,0
31.2192,2,-42,353,1,0,0,0,0
31.2326,4,-40,351,1,0,0,0,0
31.2455,5,-38,350,1,0,0,0,0
31.2598,7,-36,349,1,0,0,0,0
31.273,8,-34,349,1,0,0,0,0
31.2865,9,-33,348,1,0,0,0,0
31.3004,10,-32,347,1,0,0,0,0
31.3135,10,-31,346,1,0,0,0,0
31.3302,10,-30,346,1,0,0,0,0
31.344,11,-30,344,1,0,0,0,0
31.3583,11,-30,345,1,0,0,0,0
31.3726,10,-30,346,1,0,0,0,0
31.386,10,-31,346,1,0,0,0,0
31.3996,9,-32,347,1,0,0,0,0
31.4125,8,-33,346,1,0,0,0,0
31.4257,8,-34,346,1,0,0,0,0
31.4391,7,-36,348,1,0,0,0,0
31.4523,6,-38,348,1,0,0,0,0
31.4655,5,-39,349,1,0,0,0,0
31.4792,4,-41,349,1,0,0,0,0
31.4932,3,-43,350,1,0,0,0,0
31.5065,3,-45,350,1,0,0,0,0
31.5198,2,-46,350,1,0,0,0,0
31.5329,2,-48,351,1,0,0,0,0
31.5479,2,-50,352,1,0,0,0,0
31.5612,2,-53,353,1,0,0,0,0
31.5745,2,-55,354,1,0,0,0,0
31.5882,2,-56,354,1,0,0,0,0
31.6016,3,-58,354,1,0,0,0,0
31.6145,3,-60,354,1,0,0,0,0
31.628,4,-61,353,1,0,0,0,0
31.6416,5,-63,355,1,0,0,0,0
31.6552,6,-65,356,1,0,0,0,0
31.6686,7,-66,356,1,0,0,0,0
31.6818,8,-67,356,1,0,0,0,0
31.6954,10,-68,357,1,0,0,0,0
31.7086,11,-70,358,1,0,0,0,0
31.7227,13,-71,358,1,0,0,0,0
31.7361,14,-71,357,1,0,0,0,0
31.7502,15,-72,356,1,0,0,0,0
31.7678,17,-73,356,1,0,0,0,0
31.7825,18,-73,356,1,0,0,0,0
31.7963,19,-74,355,1,0,0,0,0
31.8099,20,-74,356,1,0,0,0,0
31.8261,21,-74,355,1,0,0,0,0
31.8405,22,-75,355,1,0,0,0,0
31.8547,23,-75,355,1,0,0,0,0
31.8684,24,-75,356,1,0,0,0,0
31.8815,25,-74,356,1,0,0,0,0
31.8948,25,-73,356,1,0,0,0,0
31.908,26,-72,356,1,0,0,0,0
31.922,26,-71,356,1,0,0,0,0
31.9354,26,-70,356,1,0,0,0,0
31.9482,27,-68,355,1,0,0,0,0
31.9614,27,-66,354,1,0,0,0,0
31.9752,27,-64,355,1,0,0,0,0
31.9887,27,-62,353,1,0,0,0,0
32.0016,26,-60,353,1,0,0,0,0
32.0171,26,-57,351,1,0,0,0,0
32.031,26,-55,351,1,0,0,0,0
32.0457,25,-53,350,1,0,0,0,0
32.0592,24,-50,351,1,0,0,0,0
32.0731,24,-48,349,1,0,0,0,0
32.0864,23,-46,349,1,0,0,0,0
32.0996,22,-44,348,1,0,0,0,0
32.1126,21,-42,349,1,0,0,0,0
32.126,20,-41,347,1,0,0,0,0
32.1447,19,-39,347,1,0,0,0,0
32.1588,18,-38,346,1,0,0,0,0
32.1728,17,-37,346,1,0,0,0,0
32.1861,16,-36,346,1,0,0,0,0
32.2008,15,-35,346,1,0,0,0,0
32.2137,14,-34,347,1,0,0,0,0
32.227,13,-34,347,1,0,0,0,0
32.2403,12,-33,346,1,0,0,0,0
32.2544,12,-32,346,1,0,0,0,0
32.268,11,-32,346,1,0,0,0,0
32.2812,10,-31,346,1,0,0,0,0
32.2947,10,-31,346,1,0,0,0,0
32.3083,10,-31,347,1,0,0,0,0
32.3221,10,-31,348,1,0,0,0,0
32.3356,10,-30,347,1,0,0,0,0
32.3486,10,-30,348,1,0,0,0,0
32.3621,10,-30,348,1,0,0,0,0
32.3755,10,-30,348,1,0,0,0,0
32.3893,10,-30,348,1,0,0,0,0
32.4025,10,-29,346,1,0,0,0,0
32.417,10,-29,346,1,0,0,0,0
32.4301,10,-29,346,1,0,0,0,0
32.4433,10,-29,346,1,0,0,0,0
32.4571,10,-28,346,1,0,0,0,0
32.4706,10,-28,346,1,0,0,0,0
32.4843,11,-28,346,1,0,0,0,0
32.4989,11,-28,346,1,0,0,0,0
32.5122,11,-28,346,1,0,0,0,0
32.527,11,-28,346,1,0,0,0,0
32.5413,11,-28,346,1,0,0,0,0
32.5553,11,-28,345,1,0,0,0,0
32.5688,11,-29,344,1,0,0,0,0
32.5828,10,-29,346,1,0,0,0,0
32.5998,10,-30,346,1,0,0,0,0
32.6136,10,-30,346,1,0,0,0,0
32.6278,10,-30,346,1,0,0,0,0
32.6411,10,-31,346,1,0,0,0,0
32.655,9,-31,346,1,0,0,0,0
32.6685,9,-32,346,1,0,0,0,0
32.6817,9,-32,346,1,0,0,0,0
32.6952,9,-32,346,1,0,0,0,0
32.7085,8,-33,346,1,0,0,0,0
32.7223,8,-33,346,1,0,0,0,0
32.7359,8,-33,345,1,0,0,0,0
32.7502,8,-33,344,1,0,0,0,0
32.7647,8,-33,344,1,0,0,0,0
32.7779,8,-33,344,1,0,0,0,0
32.7914,7,-33,344,1,0,0,0,0
32.8049,7,-33,344,1,0,0,0,0
32.8185,7,-33,344,1,0,0,0,0
32.8318,7,-33,344,1,0,0,0,0
32.8449,7,-32,344,1,0,0,0,0
32.8586,7,-32,345,1,0,0,0,0
32.8724,7,-32,345,1,0,0,0,0
32.8877,7,-32,345,1,0,0,0,0
32.901,7,-32,346,1,0,0,0,0
32.9155,7,-32,346,1,0,0,0,0
32.9287,7,-32,346,1,0,0,0,0
32.9423,7,-31,346,1,0,0,0,0
32.9564,7,-31,346,1,0,0,0,0
32.9707,7,-31,346,1,0,0,0,0
32.9843,7,-31,346,1,0,0,0,0
32.9975,7,-31,346,1,0,0,0,0
33.0107,7,-31,346,1,0,0,0,0
33.0247,7,-31,346,1,0,0,0,0
33.0406,7,-31,346,1,0,0,0,0
33.0542,7,-31,346,1,0,0,0,0
33.0682,7,-31,345,1,0,0,0,0
33.0813,7,-31,344,1,0,0,0,0
33.0948,7,-31,344,1,0,0,0,0
33.1082,7,-30,344,1,0,0,0,0
33.122,7,-30,344,1,0,0,0,0
33.1356,7,-30,344,1,0,0,0,0
33.1487,7,-30,344,1,0,0,0,0
33.1621,7,-30,344,1,0,0,0,0
33.1755,7,-30,345,1,0,0,0,0
33.1892,7,-30,345,1,0,0,0,0
33.2025,7,-30,345,1,0,0,0,0
33.2184,7,-30,345,1,0,0,0,0
33.2337,7,-30,346,1,0,0,0,0
33.2489,7,-30,346,1,0,0,0,0
33.2623,7,-30,345,1,0,0,0,0
33.2756,7,-30,345,1,0,0,0,0
33.2905,7,-30,345,1,0,0,0,0
33.304,7,-30,346,1,0,0,0,0
33.3178,8,-31,346,1,0,0,0,0
33.3312,8,-31,345,1,0,0,0,0
33.3444,8,-31,345,1,0,0,0,0
33.3582,8,-31,345,1,0,0,0,0
33.3722,8,-31,345,1,0,0,0,0
33.3858,8,-31,347,1,0,0,0,0
33.3998,8,-31,348,1,0,0,0,0
33.4129,8,-31,349,1,0,0,0,0
33.4264,8,-31,350,1,0,0,0,0
33.44,8,-31,349,1,0,0,0,0
33.4537,8,-31,349,1,0,0,0,0
33.4672,8,-31,348,1,0,0,0,0
33.4806,8,-31,347,1,0,0,0,0
33.4944,8,-31,347,1,0,0,0,0
33.5077,7,-30,346,1,0,0,0,0
33.5227,7,-30,346,1,0,0,0,0
33.5362,7,-30,345,1,0,0,0,0
33.5525,7,-30,345,1,0,0,0,0
33.5663,7,-30,345,1,0,0,0,0
33.5798,7,-30,345,1,0,0,0,0
33.5959,7,-30,345,1,0,0,0,0
33.6096,7,-29,345,1,0,0,0,0
33.6234,7,-29,345,1,0,0,0,0
33.6372,7,-29,345,1,0,0,0,0
33.6508,7,-29,345,1,0,0,0,0
33.6642,7,-29,345,1,0,0,0,0
33.6774,7,-29,345,1,0,0,0,0
33.6909,7,-29,345,1,0,0,0,0
33.7045,8,-29,347,1,0,0,0,0
33.718,8,-29,346,1,0,0,0,0
33.7314,8,-29,346,1,0,0,0,0
33.7444,8,-28,346,1,0,0,0,0
33.758,8,-28,346,1,0,0,0,0
33.772,8,-28,345,1,0,0,0,0
33.7855,8,-28,344,1,0,0,0,0
33.7986,8,-28,344,1,0,0,0,0
33.8139,8,-27,345,1,0,0,0,0
33.8275,8,-27,346,1,0,0,0,0
33.8414,8,-27,348,1,0,0,0,0
33.8553,8,-27,347,1,0,0,0,0
33.8702,8,-27,348,1,0,0,0,0
33.8836,8,-27,348,1,0,0,0,0
33.897,8,-26,347,1,0,0,0,0
33.9103,8,-26,345,1,0,0,0,0
33.924,8,-26,345,1,0,0,0,0
33.9384,8,-26,347,1,0,0,0,0
33.9505,8,-26,346,1,1,0,0,0
