timestamp,errXmm,errYmm,errZmm,MarkerPresent,Touched,Encoder,Heading4,Heading5
0.264489,-110,141,320,1,1,TE1A0B3C0D000X,0,0
0.277606,-110,141,320,0,0,TE1A2B9C0D000X,0,0
0.290921,-110,141,320,0,0,TE1A2B9C0D000X,0,0
0.304069,-110,141,320,0,0,TE1A2B9C0D000X,0,0
0.317295,-110,141,320,0,0,TE1A2B9C0D000X,0,0
0.330624,-110,141,320,0,0,TE1A2B9C0D000X,0,0
0.343466,-110,141,320,0,0,TE1A2B9C0D000X,0,0
0.355956,-110,141,320,0,0,TE1A2B9C0D000X,0,0
0.368934,-110,141,320,1,0,TE1A2B9C0D000X,0,0
0.381945,-113,137,317,1,0,TE1A2B9C0D000X,0,0
0.39529,-117,134,314,1,0,TE1A2B9C0D000X,0,0
0.408045,-120,132,311,1,0,TE1A2B9C0D000X,0,0
0.420774,-122,130,309,1,0,TE1A2B9C0D000X,0,0
0.433626,-125,129,307,1,0,TE1A1B9C0D000X,0,0
0.44643,-127,127,305,1,0,TE1A1B9C0D000X,0,0
0.459263,-129,126,304,1,0,TE1A1B9C0D000X,0,0
0.472044,-131,125,302,1,0,TE1A1B9C0D000X,0,0
0.484972,-133,124,302,1,0,TE1A1B9C0D000X,0,0
0.497804,-134,123,301,1,0,TE1A1B9C0D000X,0,0
0.510671,-135,122,299,1,0,TE1A1B9C0D000X,0,0
0.523562,-137,122,299,1,0,TE1A1B9C0D000X,0,0
0.536319,-137,121,298,1,0,TE1A1B9C0D000X,0,0
0.548992,-138,120,297,1,0,TE1A1B9C0D000X,0,0
0.561899,-139,120,296,1,0,TE1A1B9C0D000X,0,0
0.574729,-140,119,295,1,0,TE1A1B9C0D000X,0,0
0.587724,-140,119,295,1,0,TE1A1B9C0D000X,0,0
0.600697,-141,118,294,1,0,TE1A1B9C0D000X,0,0
0.613597,-142,118,294,1,0,TE1A1B9C0D000X,0,0
0.62677,-142,117,294,1,0,TE1A1B9C0D000X,0,0
0.642007,-143,117,294,1,0,TE1A1B9C0D000X,0,0
0.654795,-144,117,294,1,0,TE1A1B9C0D000X,0,0
0.667846,-144,117,294,1,0,TE1A1B9C0D000X,0,0
0.681042,-145,116,293,1,0,TE1A1B9C0D000X,0,0
0.693877,-145,116,293,1,0,TE1A1B9C0D000X,0,0
0.706755,-145,116,293,1,0,TE1A0B9C0D000X,0,0
0.71981,-146,116,294,1,0,TE1A0B9C0D000X,0,0
0.732773,-147,116,294,1,0,TE1A0B9C0D000X,0,0
0.745282,-147,116,295,1,0,TE1A0B9C0D000X,0,0
0.7573,-148,116,295,1,0,TE1A0B9C0D000X,0,0
0.769315,-148,115,295,1,0,TE1A0B9C0D000X,0,0
0.781897,-148,115,295,1,0,TE1A0B9C0D000X,0,0
0.795312,-149,114,294,1,0,TE1A0B9C0D000X,0,0
0.80783,-149,114,293,1,0,TE1A0B9C0D000X,0,0
0.820453,-150,114,294,1,0,TE1A0B9C0D000X,0,0
0.83312,-150,114,293,1,0,TE1A0B9C0D000X,0,0
0.845613,-150,114,293,1,0,TE1A0B9C0D000X,0,0
0.858272,-150,113,293,1,0,TE1A0B9C0D000X,0,0
0.870754,-151,113,293,1,0,TE1A0B9C0D000X,0,0
0.883558,-151,113,293,1,0,TE1A0B9C0D000X,0,0
0.896387,-151,113,293,1,0,TE1A0B9C0D000X,0,0
0.909299,-152,113,293,1,0,TE1A0B9C0D000X,0,0
0.922382,-152,113,293,1,0,TE1A0B9C0D000X,0,0
0.935253,-152,113,293,1,0,TE1A0B9C0D000X,0,0
0.948174,-152,112,292,1,0,TE1A0B9C0D000X,0,0
0.961025,-152,112,292,1,0,TE1A0B9C0D000X,0,0
0.973697,-152,112,292,1,0,TE1A0B9C0D000X,0,0
0.986628,-152,112,292,1,0,TE1A0B9C0D000X,0,0
0.999647,-152,112,292,1,0,TE1A0B9C0D000X,0,0
1.01268,-152,112,292,1,0,TE1A0B9C0D000X,0,0
0.0129963,-152,112,292,1,0,TE1A0B9C0D000X,0,0
0.0256942,-151,111,292,1,0,TE1A0B9C0D000X,0,0
0.038621,-151,111,292,1,0,TE1A0B9C0D000X,0,0
0.0516837,-152,111,292,1,0,TE1A0B9C0D000X,0,0
0.06518,-152,111,292,1,0,TE1A0B9C0D000X,0,0
0.0780146,-152,111,292,1,0,TE1A0B9C0D000X,0,0
0.0905526,-152,111,293,1,0,TE1A0B9C0D000X,0,0
0.103383,-152,111,293,1,0,TE1A0B9C0D000X,0,0
0.115898,-152,111,293,1,0,TE1A0B9C0D000X,0,0
0.128426,-152,111,293,1,0,TE1A0B9C0D000X,0,0
0.141539,-152,111,293,1,0,TE1A0B9C0D000X,0,0
0.154276,-152,111,293,1,0,TE1A0B9C0D000X,0,0
0.166991,-152,111,293,1,0,TE1A0B9C0D000X,0,0
0.179858,-152,111,293,1,0,TE1A0B9C0D000X,0,0
0.192571,-152,111,293,1,0,TE1A0B9C0D000X,0,0
0.205418,-152,111,293,1,0,TE1A0B9C0D000X,0,0
0.218146,-152,111,293,1,0,TE1A0B9C0D000X,0,0
0.230907,-152,111,293,1,0,TE1A0B9C0D000X,0,0
0.243724,-152,111,293,1,0,TE1A0B9C0D000X,0,0
0.256463,-152,111,293,1,0,TE1A0B9C0D000X,0,0
0.269375,-152,111,293,1,0,TE1A0B9C0D000X,0,0
0.282099,-152,111,293,1,0,TE1A0B9C0D000X,0,0
0.295107,-152,111,293,1,0,TE1A0B9C0D000X,0,0
0.308042,-152,111,293,1,0,TE1A0B9C0D000X,0,0
0.320963,-152,111,293,1,0,TE1A0B9C0D000X,0,0
0.333974,-151,111,293,1,0,TE1A0B9C0D000X,0,0
0.346657,-151,111,292,1,0,TE1A0B9C0D000X,0,0
0.360037,-151,111,292,1,0,TE1A0B9C0D000X,0,0
0.374398,-151,112,292,1,0,TE1A0B9C0D000X,0,0
0.387327,-151,112,293,1,0,TE1A0B9C0D000X,0,0
0.400232,-151,112,293,1,0,TE1A0B9C0D000X,0,0
0.413134,-151,112,292,1,0,TE1A0B9C0D000X,0,0
0.42576,-151,112,292,1,0,TE1A0B9C0D000X,0,0
0.438697,-151,112,292,1,0,TE1A0B9C0D000X,0,0
0.451694,-151,112,292,1,0,TE1A0B9C0D000X,0,0
0.465079,-151,112,292,1,0,TE1A0B9C0D000X,0,0
0.477803,-151,112,292,1,0,TE1A0B9C0D000X,0,0
0.49046,-151,112,292,1,0,TE1A0B9C0D000X,0,0
0.503247,-150,111,292,1,0,TE1A0B9C0D000X,0,0
0.516023,-150,111,292,1,0,TE1A0B9C0D000X,0,0
0.528611,-150,111,292,1,0,TE1A0B9C0D000X,0,0
0.541304,-150,111,292,1,0,TE1A0B9C0D000X,0,0
0.554099,-150,111,292,1,0,TE1A0B9C0D000X,0,0
0.566523,-150,111,292,1,0,TE1A0B9C0D000X,0,0
0.579137,-150,111,292,1,0,TE1A0B9C0D000X,0,0
0.592064,-150,111,292,1,0,TE1A0B9C0D000X,0,0
0.604876,-150,111,292,1,0,TE1A0B9C0D000X,0,0
0.617974,-150,111,293,1,0,TE1A0B9C0D000X,0,0
0.630903,-150,111,293,1,0,TE1A0B9C0D000X,0,0
0.643836,-150,111,293,1,0,TE1A0B9C0D000X,0,0
0.656632,-150,111,293,1,0,TE1A0B9C0D000X,0,0
0.66962,-150,111,293,1,0,TE1A0B9C0D000X,0,0
0.682302,-150,111,294,1,0,TE1A0B9C0D000X,0,0
0.695291,-150,111,294,1,0,TE1A0B9C0D000X,0,0
0.708182,-150,111,294,1,0,TE1A0B9C0D000X,0,0
0.720959,-150,110,294,1,0,TE1A0B9C0D000X,0,0
0.733838,-150,110,294,1,0,TE1A0B9C0D000X,0,0
0.746794,-150,110,294,1,0,TE1A0B9C0D000X,0,0
0.759421,-150,110,294,1,0,TE1A0B9C0D000X,0,0
0.772075,-150,110,294,1,0,TE1A0B9C0D000X,0,0
0.784984,-150,110,294,1,0,TE1A0B9C0D000X,0,0
0.798518,-150,110,294,1,0,TE1A0B9C0D000X,0,0
0.811239,-150,110,294,1,0,TE1A0B9C0D000X,0,0
0.823789,-150,110,294,1,0,TE1A0B9C0D000X,0,0
0.836695,-150,110,295,1,0,TE1A0B9C0D000X,0,0
0.849537,-150,110,294,1,0,TE1A0B9C0D000X,0,0
0.862334,-150,110,294,1,0,TE1A0B9C0D000X,0,0
0.87502,-150,110,294,1,0,TE1A0B9C0D000X,0,0
0.887711,-150,110,294,1,0,TE1A0B9C0D000X,0,0
0.900807,-150,110,294,1,0,TE1A0B9C0D000X,0,0
0.913686,-150,110,294,1,0,TE1A0B9C0D000X,0,0
0.926462,-150,110,294,1,0,TE1A0B9C0D000X,0,0
0.939213,-150,110,294,1,0,TE1A0B9C0D000X,0,0
0.951756,-150,110,294,1,0,TE1A0B9C0D000X,0,0
0.964494,-150,110,295,1,0,TE1A0B9C0D000X,0,0
0.977169,-150,110,295,1,0,TE1A0B9C0D000X,0,0
0.990135,-150,110,295,1,0,TE1A0B9C0D000X,0,0
1.00324,-150,110,295,1,0,TE1A0B9C0D000X,0,0
0.0128231,-149,110,295,1,0,TE1A0B9C0D000X,0,0
0.0256589,-149,110,295,1,0,TE1A0B9C0D000X,0,0
0.0384511,-149,110,295,1,0,TE1A0B9C0D000X,0,0
0.0502659,-149,110,295,1,0,TE1A0B9C0D000X,0,0
0.0652978,-149,110,295,1,0,TE1A0B9C0D000X,0,0
0.0784321,-149,110,295,1,0,TE1A0B9C0D000X,0,0
0.0917568,-149,110,295,1,0,TE1A0B9C0D000X,0,0
0.104927,-148,110,294,1,0,TE1A0B9C0D000X,0,0
0.118141,-148,110,294,1,0,TE1A0B9C0D000X,0,0
0.13184,-148,110,294,1,0,TE1A0B9C0D000X,0,0
0.144628,-148,110,293,1,0,TE1A0B9C0D000X,0,0
0.159629,-148,110,293,1,0,TE1A0B9C0D000X,0,0
0.172649,-148,110,293,1,0,TE1A0B9C0D000X,0,0
0.18569,-148,110,293,1,0,TE1A0B9C0D000X,0,0
0.198374,-142,106,294,1,0,TE1A0B9C0D000X,0,0
0.210878,-137,102,294,1,0,TE1A0B9C0D000X,0,0
0.223489,-133,99,295,1,0,TE1A0B9C0D000X,0,0
0.236598,-128,96,295,1,0,TE1A0B9C0D000X,0,0
0.249466,-124,94,296,1,0,TE1A0B9C0D000X,0,0
0.262266,-121,91,296,1,0,TE1A0B9C0D000X,0,0
0.274917,-118,89,297,1,0,TE1A0B9C0D000X,0,0
0.287669,-115,87,297,1,0,TE1A0B9C0D000X,0,0
0.300337,-113,85,297,1,0,TE1A0B9C0D000X,0,0
0.313177,-110,84,297,1,0,TE1A0B9C0D000X,0,0
0.325894,-108,82,298,1,0,TE1A0B9C0D000X,0,0
0.338767,-106,81,298,1,0,TE1A0B9C0D000X,0,0
0.351447,-105,80,298,1,0,TE1A0B9C0D000X,0,0
0.36433,-103,79,299,1,0,TE1A0B9C0D000X,0,0
0.377357,-102,78,299,1,0,TE1A0B9C0D000X,0,0
0.390126,-100,77,299,1,0,TE1A0B9C0D000X,0,0
0.403011,-99,76,298,1,0,TE1A0B9C0D000X,0,0
0.415905,-98,75,298,1,0,TE1A0B9C0D000X,0,0
0.428577,-97,74,299,1,0,TE1A0B9C0D000X,0,0
0.44158,-96,74,299,1,0,TE1A0B9C0D000X,0,0
0.454301,-96,73,299,1,0,TE1A0B9C0D000X,0,0
0.467293,-95,73,299,1,0,TE1A0B9C0D000X,0,0
0.479984,-94,72,299,1,0,TE1A0B9C0D000X,0,0
0.492852,-94,72,299,1,0,TE1A0B9C0D000X,0,0
0.505843,-93,71,300,1,0,TE1A0B9C0D000X,0,0
0.518837,-93,71,300,1,0,TE1A0B9C0D000X,0,0
0.531831,-92,71,300,1,0,TE1A0B9C0D000X,0,0
0.544695,-92,71,300,1,0,TE1A0B9C0D000X,0,0
0.559923,-91,70,301,1,0,TE1A0B9C0D000X,0,0
0.57272,-91,70,301,1,0,TE1A0B9C0D000X,0,0
0.585701,-91,70,301,1,0,TE1A0B9C0D000X,0,0
0.598333,-90,70,301,1,0,TE1A0B9C0D000X,0,0
0.610971,-90,70,301,1,0,TE1A0B9C0D000X,0,0
0.623669,-90,69,301,1,0,TE1A0B9C0D000X,0,0
0.63653,-89,69,300,1,0,TE1A0B9C0D000X,0,0
0.64932,-89,69,301,1,0,TE1A0B9C0D000X,0,0
0.662202,-89,69,301,1,0,TE1A0B9C0D000X,0,0
0.67496,-88,69,300,1,0,TE1A0B9C0D000X,0,0
0.687566,-88,69,300,1,0,TE1A0B9C0D000X,0,0
0.700339,-88,69,301,1,0,TE1A0B9C0D000X,0,0
0.713071,-88,69,301,1,0,TE1A0B9C0D000X,0,0
0.72588,-87,69,300,1,0,TE1A0B9C0D000X,0,0
0.738486,-87,69,300,1,0,TE1A0B9C0D000X,0,0
0.751085,-87,69,300,1,0,TE1A0B9C0D000X,0,0
0.763731,-87,69,300,1,0,TE1A0B9C0D000X,0,0
0.776517,-86,69,300,1,0,TE1A0B9C0D000X,0,0
0.789399,-86,69,300,1,0,TE1A0B9C0D000X,0,0
0.802129,-86,70,300,1,0,TE1A0B9C0D000X,0,0
0.814908,-85,70,300,1,0,TE1A0B9C0D000X,0,0
0.827652,-85,70,300,1,0,TE1A0B9C0D000X,0,0
0.840308,-85,70,300,1,0,TE1A0B9C0D000X,0,0
0.853078,-84,70,300,1,0,TE1A0B9C0D000X,0,0
0.86593,-84,70,299,1,0,TE1A0B9C0D000X,0,0
0.878519,-83,70,299,1,0,TE1A0B9C0D000X,0,0
0.891172,-83,70,298,1,0,TE1A0B9C0D000X,0,0
0.903922,-82,70,298,1,0,TE1A0B9C0D000X,0,0
0.916782,-82,70,298,1,0,TE1A0B9C0D000X,0,0
0.929278,-81,70,298,1,0,TE1A0B9C0D000X,0,0
0.941857,-81,70,298,1,0,TE1A0B9C0D000X,0,0
0.954502,-80,70,297,1,0,TE1A0B8C0D000X,0,0
0.967197,-79,70,297,1,0,TE1A1B8C0D000X,0,0
0.979889,-79,70,297,1,0,TE1A1B8C0D000X,0,0
0.992289,-78,70,297,1,0,TE1A1B8C0D000X,0,0
1.00482,-77,70,297,1,0,TE1A1B8C0D000X,0,0
0.012394,-77,71,297,1,0,TE1A1B8C0D000X,0,0
0.0244611,-76,71,297,1,0,TE1A1B8C0D000X,0,0
0.0367865,-75,71,297,1,0,TE1A1B8C0D000X,0,0
0.0492013,-74,71,297,1,0,TE1A1B8C0D000X,0,0
0.0614642,-73,72,297,1,0,TE1A1B8C0D000X,0,0
0.0734433,-72,72,297,1,0,TE1A1B8C0D000X,0,0
0.0855466,-71,72,297,1,0,TE1A1B8C0D000X,0,0
0.0976615,-70,73,297,1,0,TE1A1B8C0D000X,0,0
0.109908,-68,73,297,1,0,TE1A1B8C0D000X,0,0
0.122113,-67,74,297,1,0,TE1A1B8C0D000X,0,0
0.134556,-66,74,297,1,0,TE1A1B7C0D000X,0,0
0.146773,-64,75,296,1,0,TE1A1B7C0D000X,0,0
0.15904,-62,75,296,1,0,TE1A1B7C0D000X,0,0
0.171225,-60,76,297,1,0,TE1A1B7C0D000X,0,0
0.183548,-58,76,297,1,0,TE1A1B7C0D000X,0,0
0.195664,-56,77,297,1,0,TE1A1B7C0D000X,0,0
0.207834,-54,78,297,1,0,TE1A1B7C0D000X,0,0
0.219755,-52,78,297,1,0,TE1A1B7C0D000X,0,0
0.231721,-50,79,298,1,0,TE1A2B6C0D000X,0,0
0.243854,-48,79,298,1,0,TE1A2B6C0D000X,0,0
0.256943,-46,80,298,1,0,TE1A2B6C0D000X,0,0
0.269134,-43,80,298,1,0,TE1A2B6C0D000X,0,0
0.281443,-41,81,298,1,0,TE1A2B6C0D000X,0,0
0.294539,-38,81,298,1,0,TE1A2B6C0D000X,0,0
0.306268,-36,82,298,1,0,TE1A2B6C0D000X,0,0
0.318424,-34,82,298,1,0,TE1A2B5C0D000X,0,0
0.330613,-32,83,298,1,0,TE1A2B5C0D000X,0,0
0.342602,-29,83,299,1,0,TE1A2B5C0D000X,0,0
0.354432,-27,83,298,1,0,TE1A2B5C0D000X,0,0
0.366655,-25,84,298,1,0,TE1A2B5C0D000X,0,0
0.379202,-23,84,298,1,0,TE1A3B5C0D000X,0,0
0.391116,-20,84,298,1,0,TE1A3B5C0D000X,0,0
0.403055,-18,85,297,1,0,TE1A3B5C0D000X,0,0
0.415156,-16,85,298,1,0,TE1A3B5C0D000X,0,0
0.427846,-14,86,298,1,0,TE1A3B4C0D000X,0,0
0.439819,-11,86,298,1,0,TE1A3B4C0D000X,0,0
0.451781,-9,86,298,1,0,TE1A3B4C0D000X,0,0
0.463402,-7,86,298,1,0,TE1A3B4C0D000X,0,0
0.476078,-4,87,298,1,0,TE1A3B4C0D000X,0,0
0.488223,-2,87,298,1,0,TE1A3B4C0D000X,0,0
0.500127,0,87,298,1,0,TE1A4B4C0D000X,0,0
0.512208,1,87,298,1,0,TE1A4B4C0D000X,0,0
0.524135,3,87,298,1,0,TE1A4B4C0D000X,0,0
0.536061,5,87,298,1,0,TE1A4B4C0D000X,0,0
0.548293,7,86,298,1,0,TE1A4B3C0D000X,0,0
0.561174,9,86,297,1,0,TE1A4B3C0D000X,0,0
0.573239,11,86,298,1,0,TE1A4B3C0D000X,0,0
0.585343,13,86,298,1,0,TE1A4B3C0D000X,0,0
0.597491,14,86,297,1,0,TE1A4B3C0D000X,0,0
0.610074,16,86,297,1,0,TE1A4B3C0D000X,0,0
0.622392,18,85,297,1,0,TE1A4B3C0D000X,0,0
0.63482,19,85,297,1,0,TE1A4B3C0D000X,0,0
0.64733,20,85,296,1,0,TE1A5B3C0D000X,0,0
0.659774,21,85,296,1,0,TE1A5B3C0D000X,0,0
0.672031,22,85,296,1,0,TE1A5B3C0D000X,0,0
0.684192,23,85,296,1,0,TE1A5B3C0D000X,0,0
0.696346,24,85,296,1,0,TE1A5B3C0D000X,0,0
0.709078,25,85,296,1,0,TE1A5B3C0D000X,0,0
0.721639,25,85,296,1,0,TE1A5B3C0D000X,0,0
0.733752,26,85,296,1,0,TE1A5B3C0D000X,0,0
0.747613,26,85,296,1,0,TE1A5B3C0D000X,0,0
0.759716,26,85,296,1,0,TE1A5B3C0D000X,0,0
0.772099,27,85,296,1,0,TE1A5B3C0D000X,0,0
0.785025,27,85,296,1,0,TE1A5B3C0D000X,0,0
0.800658,27,85,296,1,0,TE1A5B3C0D000X,0,0
0.814,27,85,296,1,0,TE1A5B3C0D000X,0,0
0.826059,27,85,296,1,0,TE1A5B3C0D000X,0,0
0.838244,27,85,295,1,0,TE1A5B3C0D000X,0,0
0.849937,26,85,296,1,0,TE1A5B3C0D000X,0,0
0.861912,26,85,296,1,0,TE1A5B3C0D000X,0,0
0.875066,26,85,296,1,0,TE1A5B3C0D000X,0,0
0.887116,26,85,296,1,0,TE1A5B3C0D000X,0,0
0.899074,26,85,296,1,0,TE1A5B3C0D000X,0,0
0.911199,25,85,296,1,0,TE1A5B3C0D000X,0,0
0.923735,25,85,297,1,0,TE1A5B3C0D000X,0,0
0.940332,24,85,297,1,0,TE1A5B3C0D000X,0,0
0.952847,24,85,297,1,0,TE1A5B3C0D000X,0,0
0.965073,23,85,297,1,0,TE1A5B3C0D000X,0,0
0.977378,23,85,297,1,0,TE1A5B3C0D000X,0,0
0.990379,22,85,297,1,0,TE1A5B3C0D000X,0,0
1.00224,21,85,297,1,0,TE1A5B3C0D000X,0,0
0.012056,20,85,298,1,0,TE1A5B3C0D000X,0,0
0.0241121,19,85,299,1,0,TE1A5B3C0D000X,0,0
0.0361709,18,85,299,1,0,TE1A5B3C0D000X,0,0
0.0484621,17,85,299,1,0,TE1A4B3C0D000X,0,0
0.0607156,16,85,299,1,0,TE1A4B3C0D000X,0,0
0.0727751,14,86,300,1,0,TE1A4B3C0D000X,0,0
0.0847539,13,86,300,1,0,TE1A4B3C0D000X,0,0
0.0968257,12,86,301,1,0,TE1A4B3C0D000X,0,0
0.108837,10,86,301,1,0,TE1A4B3C0D000X,0,0
0.121436,9,86,302,1,0,TE1A4B3C0D000X,0,0
0.133184,8,86,303,1,0,TE1A4B3C0D000X,0,0
0.145207,6,86,303,1,0,TE1A4B3C0D000X,0,0
0.156966,4,86,303,1,0,TE1A4B3C0D000X,0,0
0.168664,3,86,303,1,0,TE1A4B3C0D000X,0,0
0.18063,1,86,303,1,0,TE1A4B3C0D000X,0,0
0.192908,0,86,303,1,0,TE1A4B4C0D000X,0,0
0.205288,-2,85,304,1,0,TE1A4B4C0D000X,0,0
0.217266,-3,85,304,1,0,TE1A4B4C0D000X,0,0
0.229112,-5,85,305,1,0,TE1A3B4C0D000X,0,0
0.24146,-7,85,305,1,0,TE1A3B4C0D000X,0,0
0.254653,-9,85,306,1,0,TE1A3B4C0D000X,0,0
0.266651,-11,84,306,1,0,TE1A3B4C0D000X,0,0
0.279086,-12,84,306,1,0,TE1A3B4C0D000X,0,0
0.29105,-14,84,306,1,0,TE1A3B4C0D000X,0,0
0.302789,-16,83,306,1,0,TE1A3B4C0D000X,0,0
0.314976,-18,83,307,1,0,TE1A3B4C0D000X,0,0
0.327178,-19,83,307,1,0,TE1A3B4C0D000X,0,0
0.339567,-21,82,307,1,0,TE1A3B4C0D000X,0,0
0.351804,-23,82,308,1,0,TE1A3B4C0D000X,0,0
0.363905,-25,82,308,1,0,TE1A2B5C0D000X,0,0
0.376261,-27,82,308,1,0,TE1A2B5C0D000X,0,0
0.388887,-29,82,308,1,0,TE1A2B5C0D000X,0,0
0.400837,-30,82,308,1,0,TE1A2B5C0D000X,0,0
0.412667,-32,81,308,1,0,TE1A2B5C0D000X,0,0
0.424675,-34,81,308,1,0,TE1A2B5C0D000X,0,0
0.43677,-35,81,307,1,0,TE1A2B5C0D000X,0,0
0.44886,-37,81,308,1,0,TE1A2B5C0D000X,0,0
0.461104,-38,81,307,1,0,TE1A2B5C0D000X,0,0
0.473394,-40,81,307,1,0,TE1A2B5C0D000X,0,0
0.485108,-41,81,307,1,0,TE1A2B5C0D000X,0,0
0.497097,-43,81,307,1,0,TE1A2B6C0D000X,0,0
0.509436,-45,81,307,1,0,TE1A2B6C0D000X,0,0
0.52268,-46,81,307,1,0,TE1A2B6C0D000X,0,0
0.535094,-48,81,308,1,0,TE1A2B6C0D000X,0,0
0.547778,-50,81,307,1,0,TE1A2B6C0D000X,0,0
0.560188,-52,81,308,1,0,TE1A2B6C0D000X,0,0
0.572988,-53,82,308,1,0,TE1A2B6C0D000X,0,0
0.585924,-55,82,308,1,0,TE1A2B6C0D000X,0,0
0.597937,-57,82,308,1,0,TE1A2B6C0D000X,0,0
0.610314,-58,82,308,1,0,TE1A1B7C0D000X,0,0
0.622796,-60,82,308,1,0,TE1A1B7C0D000X,0,0
0.634753,-62,83,308,1,0,TE1A1B7C0D000X,0,0
0.64727,-64,83,308,1,0,TE1A1B7C0D000X,0,0
0.660122,-65,83,308,1,0,TE1A1B7C0D000X,0,0
0.672579,-67,83,308,1,0,TE1A1B7C0D000X,0,0
0.684646,-69,84,309,1,0,TE1A1B7C0D000X,0,0
0.696559,-71,84,310,1,0,TE1A1B7C0D000X,0,0
0.708565,-72,85,310,1,0,TE1A1B8C0D000X,0,0
0.721443,-74,85,310,1,0,TE1A1B8C0D000X,0,0
0.733595,-76,85,310,1,0,TE1A1B8C0D000X,0,0
0.745938,-78,86,310,1,0,TE1A1B8C0D000X,0,0
0.759616,-80,86,309,1,0,TE1A1B8C0D000X,0,0
0.773031,-81,86,309,1,0,TE1A1B8C0D000X,0,0
0.78545,-83,86,309,1,0,TE1A1B8C0D000X,0,0
0.797796,-85,86,309,1,0,TE1A1B9C0D000X,0,0
0.811837,-86,87,309,1,0,TE1A1B9C0D000X,0,0
0.823867,-87,87,309,1,0,TE1A1B9C0D000X,0,0
0.836434,-89,87,309,1,0,TE1A1B9C0D000X,0,0
0.848914,-90,87,308,1,0,TE1A1B9C0D000X,0,0
0.861125,-91,87,308,1,0,TE1A1B9C0D000X,0,0
0.873208,-93,88,309,1,0,TE1A1B9C0D000X,0,0
0.885645,-94,88,309,1,0,TE1A1B9C0D000X,0,0
0.898247,-95,88,309,1,0,TE1A1B9C0D000X,0,0
0.910587,-96,88,310,1,0,TE1A1B9C0D000X,0,0
0.922814,-97,88,310,1,0,TE1A1B9C0D000X,0,0
0.934734,-98,88,310,1,0,TE1A1B9C0D000X,0,0
0.946885,-99,88,310,1,0,TE1A1B9C0D000X,0,0
0.959889,-99,88,310,1,0,TE1A1B9C0D000X,0,0
0.97323,-100,88,310,1,0,TE1A1B9C0D000X,0,0
0.985818,-100,88,310,1,0,TE1A1B9C0D000X,0,0
0.998078,-100,89,310,1,0,TE1A1B9C0D000X,0,0
1.01064,-100,89,311,1,0,TE1A1B9C0D000X,0,0
0.0123476,-100,89,310,1,0,TE1A1B9C0D000X,0,0
0.025013,-99,89,310,1,0,TE1A1B9C0D000X,0,0
0.037508,-99,89,310,1,0,TE1A1B9C0D000X,0,0
0.0498657,-99,89,310,1,0,TE1A1B9C0D000X,0,0
0.0623992,-98,89,311,1,0,TE1A1B9C0D000X,0,0
0.0749752,-98,89,311,1,0,TE1A1B9C0D000X,0,0
0.0875417,-97,90,312,1,0,TE1A1B9C0D000X,0,0
0.100047,-97,90,313,1,0,TE1A1B9C0D000X,0,0
0.11299,-95,90,313,1,0,TE1A1B9C0D000X,0,0
0.125287,-94,90,313,1,0,TE1A1B9C0D000X,0,0
0.137791,-93,90,313,1,0,TE1A1B9C0D000X,0,0
0.150239,-92,91,314,1,0,TE1A1B9C0D000X,0,0
0.162682,-90,91,314,1,0,TE1A1B9C0D000X,0,0
0.175209,-89,91,313,1,0,TE1A1B9C0D000X,0,0
0.187638,-87,92,314,1,0,TE1A1B9C0D000X,0,0
0.200338,-86,92,313,1,0,TE1A1B9C0D000X,0,0
0.212988,-84,92,313,1,0,TE1A1B9C0D000X,0,0
0.225465,-82,92,313,1,0,TE1A1B9C0D000X,0,0
0.237917,-80,93,313,1,0,TE1A1B9C0D000X,0,0
0.2504,-79,93,313,1,0,TE1A1B8C0D000X,0,0
0.262949,-77,93,313,1,0,TE1A1B8C0D000X,0,0
0.275418,-76,94,313,1,0,TE1A1B8C0D000X,0,0
0.287896,-74,94,313,1,0,TE1A1B8C0D000X,0,0
0.300662,-72,94,313,1,0,TE1A1B8C0D000X,0,0
0.313142,-70,95,313,1,0,TE1A1B8C0D000X,0,0
0.325518,-69,95,313,1,0,TE1A1B8C0D000X,0,0
0.337768,-67,96,313,1,0,TE1A2B8C0D000X,0,0
0.350385,-65,96,313,1,0,TE1A2B8C0D000X,0,0
0.363105,-64,96,313,1,0,TE1A2B7C0D000X,0,0
0.37544,-62,97,313,1,0,TE1A2B7C0D000X,0,0
0.38782,-61,97,313,1,0,TE1A2B7C0D000X,0,0
0.400592,-59,97,312,1,0,TE1A2B7C0D000X,0,0
0.413133,-58,97,312,1,0,TE1A2B7C0D000X,0,0
0.425514,-56,97,312,1,0,TE1A2B7C0D000X,0,0
0.438099,-55,98,312,1,0,TE1A2B7C0D000X,0,0
0.453579,-53,98,311,1,0,TE1A2B7C0D000X,0,0
0.466633,-52,98,312,1,0,TE1A2B7C0D000X,0,0
0.484067,-50,98,312,1,0,TE1A2B7C0D000X,0,0
0.497093,-49,98,312,1,0,TE1A2B7C0D000X,0,0
0.510988,-48,98,312,1,0,TE1A2B6C0D000X,0,0
0.523272,-46,98,312,1,0,TE1A2B6C0D000X,0,0
0.535921,-45,99,312,1,0,TE1A2B6C0D000X,0,0
0.549105,-44,99,312,1,0,TE1A2B6C0D000X,0,0
0.562746,-43,99,312,1,0,TE1A2B6C0D000X,0,0
0.585186,-42,99,312,1,0,TE1A2B6C0D000X,0,0
0.598781,-40,100,312,1,0,TE1A3B6C0D000X,0,0
0.611141,-39,100,312,1,0,TE1A3B6C0D000X,0,0
0.623769,-38,100,312,1,0,TE1A3B6C0D000X,0,0
0.636303,-37,100,312,1,0,TE1A3B6C0D000X,0,0
0.649014,-36,100,311,1,0,TE1A3B6C0D000X,0,0
0.661626,-36,100,311,1,0,TE1A3B6C0D000X,0,0
0.674079,-35,100,311,1,0,TE1A3B6C0D000X,0,0
0.686295,-34,101,311,1,0,TE1A3B6C0D000X,0,0
0.698936,-33,101,310,1,0,TE1A3B6C0D000X,0,0
0.711488,-32,101,310,1,0,TE1A3B6C0D000X,0,0
0.723577,-32,101,310,1,0,TE1A3B6C0D000X,0,0
0.735923,-31,101,310,1,0,TE1A3B6C0D000X,0,0
0.749187,-31,101,310,1,0,TE1A3B6C0D000X,0,0
0.762637,-30,101,310,1,0,TE1A3B6C0D000X,0,0
0.775314,-30,101,310,1,0,TE1A3B6C0D000X,0,0
0.790423,-29,101,310,1,0,TE1A3B6C0D000X,0,0
0.802503,-29,101,310,1,0,TE1A3B6C0D000X,0,0
0.815688,-28,102,310,1,0,TE1A3B5C0D000X,0,0
0.829325,-28,102,310,1,0,TE1A3B5C0D000X,0,0
0.84153,-28,102,309,1,0,TE1A3B5C0D000X,0,0
0.853815,-27,102,309,1,0,TE1A3B5C0D000X,0,0
0.86608,-27,102,309,1,0,TE1A3B5C0D000X,0,0
0.878318,-27,102,309,1,0,TE1A3B5C0D000X,0,0
0.890903,-27,102,309,1,0,TE1A3B5C0D000X,0,0
0.90322,-26,102,308,1,0,TE1A3B5C0D000X,0,0
0.915748,-26,103,308,1,0,TE1A3B5C0D000X,0,0
0.928043,-26,103,308,1,0,TE1A3B5C0D000X,0,0
0.940237,-26,103,307,1,0,TE1A3B5C0D000X,0,0
0.952524,-26,103,307,1,0,TE1A3B5C0D000X,0,0
0.964764,-26,103,307,1,0,TE1A3B5C0D000X,0,0
0.97735,-26,103,308,1,0,TE1A3B5C0D000X,0,0
0.989527,-26,103,308,1,0,TE1A3B5C0D000X,0,0
1.00201,-26,103,308,1,0,TE1A3B5C0D000X,0,0
0.0124294,-26,103,308,1,0,TE1A3B5C0D000X,0,0
0.0245326,-26,103,308,1,0,TE1A3B5C0D000X,0,0
0.0367607,-26,103,308,1,0,TE1A3B5C0D000X,0,0
0.0491674,-26,103,308,1,0,TE1A3B5C0D000X,0,0
0.0615177,-26,103,308,1,0,TE1A3B5C0D000X,0,0
0.0740364,-26,103,308,1,0,TE1A3B5C0D000X,0,0
0.0863566,-26,103,308,1,0,TE1A3B5C0D000X,0,0
0.0989931,-26,103,308,1,0,TE1A3B5C0D000X,0,0
0.111325,-26,103,308,1,0,TE1A3B5C0D000X,0,0
0.123885,-26,103,308,1,0,TE1A3B5C0D000X,0,0
0.136339,-26,103,308,1,0,TE1A3B5C0D000X,0,0
0.148844,-26,103,309,1,0,TE1A3B5C0D000X,0,0
0.161287,-26,103,308,1,0,TE1A3B5C0D000X,0,0
0.173808,-25,103,308,1,0,TE1A3B5C0D000X,0,0
0.186279,-25,103,309,1,0,TE1A3B5C0D000X,0,0
0.198818,-25,103,309,1,0,TE1A3B5C0D000X,0,0
0.211161,-25,103,309,1,0,TE1A3B5C0D000X,0,0
0.223603,-25,103,309,1,0,TE1A3B5C0D000X,0,0
0.235998,-25,103,308,1,0,TE1A3B5C0D000X,0,0
0.248356,-25,103,308,1,0,TE1A3B5C0D000X,0,0
0.260692,-25,103,308,1,0,TE1A3B5C0D000X,0,0
0.273036,-25,103,308,1,0,TE1A3B5C0D000X,0,0
0.285515,-25,103,309,1,0,TE1A3B5C0D000X,0,0
0.298121,-25,103,309,1,0,TE1A3B5C0D000X,0,0
0.311737,-25,103,309,1,0,TE1A3B5C0D000X,0,0
0.324059,-25,103,309,1,0,TE1A3B5C0D000X,0,0
0.336264,-24,103,309,1,0,TE1A3B5C0D000X,0,0
0.34845,-24,103,309,1,0,TE1A3B5C0D000X,0,0
0.360811,-24,102,309,1,0,TE1A3B5C0D000X,0,0
0.373604,-24,102,308,1,0,TE1A3B5C0D000X,0,0
0.385649,-24,102,309,1,0,TE1A3B5C0D000X,0,0
0.398098,-24,102,309,1,0,TE1A3B5C0D000X,0,0
0.410199,-24,103,310,1,0,TE1A3B5C0D000X,0,0
0.422599,-24,103,310,1,0,TE1A3B5C0D000X,0,0
0.434691,-24,103,310,1,0,TE1A3B5C0D000X,0,0
0.447025,-24,103,310,1,0,TE1A3B5C0D000X,0,0
0.459322,-24,103,310,1,0,TE1A3B5C0D000X,0,0
0.471416,-24,103,310,1,0,TE1A3B5C0D000X,0,0
0.48353,-24,103,310,1,0,TE1A3B5C0D000X,0,0
0.495907,-24,103,309,1,0,TE1A3B5C0D000X,0,0
0.508779,-24,103,310,1,0,TE1A3B5C0D000X,0,0
0.521189,-25,103,309,1,0,TE1A3B5C0D000X,0,0
0.533369,-25,103,310,1,0,TE1A3B5C0D000X,0,0
0.54723,-25,103,310,1,0,TE1A3B5C0D000X,0,0
0.56074,-25,103,310,1,0,TE1A3B5C0D000X,0,0
0.580097,-25,103,309,1,0,TE1A3B5C0D000X,0,0
0.593177,-26,103,309,1,0,TE1A3B5C0D000X,0,0
0.605279,-26,103,309,1,0,TE1A3B5C0D000X,0,0
0.618019,-26,103,309,1,0,TE1A3B5C0D000X,0,0
0.636415,-27,102,309,1,0,TE1A3B5C0D000X,0,0
0.649782,-27,102,309,1,0,TE1A3B5C0D000X,0,0
0.662172,-27,102,309,1,0,TE1A3B5C0D000X,0,0
0.674365,-28,102,309,1,0,TE1A3B5C0D000X,0,0
0.686828,-28,102,309,1,0,TE1A3B5C0D000X,0,0
0.699199,-29,102,309,1,0,TE1A3B6C0D000X,0,0
0.711682,-29,102,309,1,0,TE1A3B6C0D000X,0,0
0.723954,-30,102,309,1,0,TE1A3B6C0D000X,0,0
0.736194,-30,102,309,1,0,TE1A3B6C0D000X,0,0
0.748866,-31,102,309,1,0,TE1A3B6C0D000X,0,0
0.761312,-31,102,309,1,0,TE1A3B6C0D000X,0,0
0.773538,-31,102,309,1,0,TE1A3B6C0D000X,0,0
0.785775,-32,102,309,1,0,TE1A3B6C0D000X,0,0
0.798287,-32,102,309,1,0,TE1A3B6C0D000X,0,0
0.810523,-33,102,309,1,0,TE1A3B6C0D000X,0,0
0.822841,-34,102,309,1,0,TE1A3B6C0D000X,0,0
0.835183,-34,102,309,1,0,TE1A3B6C0D000X,0,0
0.847603,-35,102,309,1,0,TE1A3B6C0D000X,0,0
0.85992,-36,102,310,1,0,TE1A3B6C0D000X,0,0
0.87224,-36,102,310,1,0,TE1A3B6C0D000X,0,0
0.884484,-37,102,310,1,0,TE1A3B6C0D000X,0,0
0.89676,-38,102,309,1,0,TE1A3B6C0D000X,0,0
0.909165,-39,102,310,1,0,TE1A3B6C0D000X,0,0
0.92136,-39,102,310,1,0,TE1A3B6C0D000X,0,0
0.933457,-40,102,310,1,0,TE1A3B6C0D000X,0,0
0.947452,-41,101,310,1,0,TE1A3B6C0D000X,0,0
0.960743,-42,101,310,1,0,TE1A3B6C0D000X,0,0
0.973226,-42,101,310,1,0,TE1A3B6C0D000X,0,0
0.98566,-43,101,311,1,0,TE1A3B6C0D000X,0,0
0.998197,-44,101,311,1,0,TE1A3B6C0D000X,0,0
1.01058,-44,101,311,1,0,TE1A3B6C0D000X,0,0
0.0125204,-45,101,311,1,0,TE1A3B6C0D000X,0,0
0.025171,-45,101,311,1,0,TE1A2B6C0D000X,0,0
0.0378003,-46,101,311,1,0,TE1A2B6C0D000X,0,0
0.0503706,-46,101,310,1,0,TE1A2B6C0D000X,0,0
0.0627594,-47,101,311,1,0,TE1A2B6C0D000X,0,0
0.0757326,-47,101,311,1,0,TE1A2B6C0D000X,0,0
0.0884293,-48,101,311,1,0,TE1A2B7C0D000X,0,0
0.101238,-48,101,311,1,0,TE1A2B7C0D000X,0,0
0.113527,-49,101,311,1,0,TE1A2B7C0D000X,0,0
0.125953,-49,101,311,1,0,TE1A2B7C0D000X,0,0
0.138579,-49,101,311,1,0,TE1A2B7C0D000X,0,0
0.151285,-50,101,311,1,0,TE1A2B7C0D000X,0,0
0.163533,-50,102,311,1,0,TE1A2B7C0D000X,0,0
0.176044,-51,102,311,1,0,TE1A2B7C0D000X,0,0
0.188617,-52,102,312,1,0,TE1A2B7C0D000X,0,0
0.200805,-52,102,312,1,0,TE1A2B7C0D000X,0,0
0.21317,-53,102,311,1,0,TE1A2B7C0D000X,0,0
0.225643,-53,102,311,1,0,TE1A2B7C0D000X,0,0
0.238215,-54,103,311,1,0,TE1A2B7C0D000X,0,0
0.250932,-54,103,311,1,0,TE1A2B7C0D000X,0,0
0.263574,-55,103,311,1,0,TE1A2B7C0D000X,0,0
0.276182,-55,103,310,1,0,TE1A2B7C0D000X,0,0
0.288899,-56,103,310,1,0,TE1A2B7C0D000X,0,0
0.301498,-56,103,310,1,0,TE1A2B7C0D000X,0,0
0.314954,-57,103,310,1,0,TE1A2B7C0D000X,0,0
0.327516,-57,103,310,1,0,TE1A2B7C0D000X,0,0
0.339856,-58,103,310,1,0,TE1A2B7C0D000X,0,0
0.352327,-58,103,310,1,0,TE1A2B7C0D000X,0,0
0.364997,-59,103,310,1,0,TE1A2B7C0D000X,0,0
0.377513,-59,103,310,1,0,TE1A2B7C0D000X,0,0
0.389967,-59,103,310,1,0,TE1A2B7C0D000X,0,0
0.403691,-60,104,310,1,0,TE1A2B7C0D000X,0,0
0.417054,-60,104,309,1,0,TE1A2B7C0D000X,0,0
0.429721,-60,104,309,1,0,TE1A2B7C0D000X,0,0
0.442094,-60,104,309,1,0,TE1A2B7C0D000X,0,0
0.454635,-61,104,309,1,0,TE1A2B7C0D000X,0,0
0.470121,-61,104,309,1,0,TE1A2B7C0D000X,0,0
0.483589,-61,104,308,1,0,TE1A2B7C0D000X,0,0
0.495932,-61,105,308,1,0,TE1A2B7C0D000X,0,0
0.508278,-62,105,308,1,0,TE1A2B8C0D000X,0,0
0.520989,-62,105,308,1,0,TE1A2B8C0D000X,0,0
0.532842,-62,105,307,1,0,TE1A2B8C0D000X,0,0
0.545006,-62,106,307,1,0,TE1A2B8C0D000X,0,0
0.557349,-62,106,306,1,0,TE1A2B8C0D000X,0,0
0.570028,-63,106,306,1,0,TE1A2B8C0D000X,0,0
0.582752,-63,106,306,1,0,TE1A2B8C0D000X,0,0
0.595071,-63,107,306,1,0,TE1A2B8C0D000X,0,0
0.607245,-63,107,306,1,0,TE1A2B8C0D000X,0,0
0.619797,-64,107,306,1,0,TE1A2B8C0D000X,0,0
0.632088,-64,108,306,1,0,TE1A2B8C0D000X,0,0
0.644496,-64,108,306,1,0,TE1A2B8C0D000X,0,0
0.657157,-64,108,305,1,0,TE1A2B8C0D000X,0,0
0.670366,-64,108,305,1,0,TE1A2B8C0D000X,0,0
0.683786,-64,108,305,1,0,TE1A2B8C0D000X,0,0
0.696436,-64,109,305,1,0,TE1A2B8C0D000X,0,0
0.708724,-64,109,305,1,0,TE1A2B8C0D000X,0,0
0.721165,-64,109,305,1,0,TE1A2B8C0D000X,0,0
0.733609,-64,109,305,1,0,TE1A2B8C0D000X,0,0
0.746209,-64,109,305,1,0,TE1A2B8C0D000X,0,0
0.758904,-64,109,305,1,0,TE1A2B8C0D000X,0,0
0.771585,-64,109,305,1,0,TE1A2B8C0D000X,0,0
0.784486,-64,109,305,1,0,TE1A2B8C0D000X,0,0
0.796769,-64,109,306,1,0,TE1A2B8C0D000X,0,0
0.809247,-64,109,306,1,0,TE1A2B8C0D000X,0,0
0.821828,-64,109,305,1,0,TE1A2B8C0D000X,0,0
0.834314,-64,109,305,1,0,TE1A2B8C0D000X,0,0
0.846688,-64,109,306,1,0,TE1A2B8C0D000X,0,0
0.859153,-64,109,306,1,0,TE1A2B8C0D000X,0,0
0.871927,-64,109,306,1,0,TE1A2B8C0D000X,0,0
0.884613,-64,109,306,1,0,TE1A2B8C0D000X,0,0
0.896955,-64,109,306,1,0,TE1A2B8C0D000X,0,0
0.90929,-64,109,306,1,0,TE1A2B8C0D000X,0,0
0.92176,-64,109,306,1,0,TE1A2B8C0D000X,0,0
0.934186,-64,108,306,1,0,TE1A2B8C0D000X,0,0
0.946692,-64,108,306,1,0,TE1A2B8C0D000X,0,0
0.959347,-64,108,306,1,0,TE1A2B8C0D000X,0,0
0.971848,-64,108,306,1,0,TE1A2B8C0D000X,0,0
0.984391,-64,108,306,1,0,TE1A2B8C0D000X,0,0
0.996684,-64,108,305,1,0,TE1A2B8C0D000X,0,0
1.00909,-64,108,305,1,0,TE1A2B8C0D000X,0,0
0.0128059,-64,108,306,1,0,TE1A2B8C0D000X,0,0
0.025432,-64,108,306,1,0,TE1A2B8C0D000X,0,0
0.0377391,-64,108,306,1,0,TE1A2B8C0D000X,0,0
0.0501875,-64,108,306,1,0,TE1A2B8C0D000X,0,0
0.0627452,-64,108,306,1,0,TE1A2B8C0D000X,0,0
0.0753142,-64,108,306,1,0,TE1A2B8C0D000X,0,0
0.0877967,-64,108,306,1,0,TE1A2B8C0D000X,0,0
0.100195,-64,109,307,1,0,TE1A2B8C0D000X,0,0
0.112837,-64,109,307,1,0,TE1A2B8C0D000X,0,0
0.12529,-65,109,307,1,0,TE1A2B8C0D000X,0,0
0.137684,-65,109,307,1,0,TE1A2B8C0D000X,0,0
0.15005,-65,109,308,1,0,TE1A2B8C0D000X,0,0
0.16264,-66,110,309,1,0,TE1A2B8C0D000X,0,0
0.174806,-66,110,309,1,0,TE1A2B8C0D000X,0,0
0.186981,-66,110,309,1,0,TE1A2B8C0D000X,0,0
0.19927,-67,111,309,1,0,TE1A2B8C0D000X,0,0
0.211606,-67,111,310,1,0,TE1A2B8C0D000X,0,0
0.224008,-68,112,309,1,0,TE1A2B8C0D000X,0,0
0.236537,-69,112,310,1,0,TE1A2B8C0D000X,0,0
0.248915,-69,113,309,1,0,TE1A2B8C0D000X,0,0
0.261228,-69,113,309,1,0,TE1A2B8C0D000X,0,0
0.274052,-70,113,309,1,0,TE1A2B8C0D000X,0,0
0.28729,-71,114,308,1,0,TE1A2B8C0D000X,0,0
0.300997,-71,114,308,1,0,TE1A2B8C0D000X,0,0
0.313417,-71,114,308,1,0,TE1A2B8C0D000X,0,0
0.325835,-72,114,307,1,0,TE1A2B8C0D000X,0,0
0.338289,-72,115,307,1,0,TE1A2B8C0D000X,0,0
0.350632,-73,115,307,1,0,TE1A2B9C0D000X,0,0
0.362971,-73,115,307,1,0,TE1A2B9C0D000X,0,0
0.375532,-73,116,307,1,0,TE1A2B9C0D000X,0,0
0.387783,-73,116,306,1,0,TE1A2B9C0D000X,0,0
0.400057,-73,116,306,1,0,TE1A2B9C0D000X,0,0
0.412712,-72,116,306,1,0,TE1A2B9C0D000X,0,0
0.425262,-72,116,305,1,0,TE1A2B9C0D000X,0,0
0.437513,-72,116,305,1,0,TE1A2B9C0D000X,0,0
0.449783,-72,116,306,1,0,TE1A2B9C0D000X,0,0
0.462274,-72,116,305,1,0,TE1A2B9C0D000X,0,0
0.475104,-71,116,305,1,0,TE1A2B9C0D000X,0,0
0.487624,-71,116,304,1,0,TE1A2B9C0D000X,0,0
0.499799,-70,116,305,1,0,TE1A2B9C0D000X,0,0
0.512214,-70,115,304,1,0,TE1A2B9C0D000X,0,0
0.52457,-70,115,304,1,0,TE1A2B8C0D000X,0,0
0.536779,-69,115,303,1,0,TE1A2B8C0D000X,0,0
0.54937,-69,115,303,1,0,TE1A2B8C0D000X,0,0
0.562766,-69,115,303,1,0,TE1A2B8C0D000X,0,0
0.577902,-68,115,303,1,0,TE1A2B8C0D000X,0,0
0.5905,-68,116,303,1,0,TE1A2B8C0D000X,0,0
0.602698,-69,116,303,1,0,TE1A2B8C0D000X,0,0
0.61497,-69,116,303,1,0,TE1A2B8C0D000X,0,0
0.627153,-69,117,303,1,0,TE1A2B8C0D000X,0,0
0.639658,-69,117,302,1,0,TE1A2B8C0D000X,0,0
0.651737,-69,117,302,1,0,TE1A2B8C0D000X,0,0
0.663918,-69,118,302,1,0,TE1A2B9C0D000X,0,0
0.67608,-70,118,302,1,0,TE1A2B9C0D000X,0,0
0.689222,-70,119,301,1,0,TE1A2B9C0D000X,0,0
0.702284,-70,119,301,1,0,TE1A2B9C0D000X,0,0
0.714903,-71,120,300,1,0,TE1A2B9C0D000X,0,0
0.726765,-71,120,300,1,0,TE1A2B9C0D000X,0,0
0.738881,-72,120,299,1,0,TE1A2B9C0D000X,0,0
0.751279,-72,121,298,1,0,TE1A2B9C0D000X,0,0
0.763491,-72,121,298,1,0,TE1A2B9C0D000X,0,0
0.77594,-72,121,297,1,0,TE1A3B9C0D000X,0,0
0.787955,-73,122,297,1,0,TE1A3B9C0D000X,0,0
0.800144,-73,122,297,1,0,TE1A3B9C0D000X,0,0
0.812349,-73,122,297,1,0,TE1A3B9C0D000X,0,0
0.82453,-73,122,296,1,0,TE1A3B9C0D000X,0,0
0.836629,-73,123,296,1,0,TE1A3B9C0D000X,0,0
0.848841,-73,123,296,1,0,TE1A3B9C0D000X,0,0
0.861816,-73,123,295,1,0,TE1A3B9C0D000X,0,0
0.87503,-73,123,295,1,0,TE1A3B9C0D000X,0,0
0.887425,-73,123,294,1,0,TE1A3B9C0D000X,0,0
0.899617,-73,123,294,1,0,TE1A3B9C0D000X,0,0
0.911919,-73,123,294,1,0,TE1A3B9C0D000X,0,0
0.924784,-73,123,293,1,0,TE1A3B9C0D000X,0,0
0.936886,-73,123,294,1,0,TE1A3B9C0D000X,0,0
0.948952,-73,122,293,1,0,TE1A3B9C0D000X,0,0
0.961339,-73,122,293,1,0,TE1A3B9C0D000X,0,0
0.973637,-73,122,292,1,0,TE1A3B9C0D000X,0,0
0.985623,-73,122,292,1,0,TE1A3B9C0D000X,0,0
0.997718,-73,122,292,1,0,TE1A3B9C0D000X,0,0
1.01006,-73,122,292,1,0,TE1A3B9C0D000X,0,0
0.0122035,-73,122,292,1,0,TE1A3B9C0D000X,0,0
0.0242853,-73,122,292,1,0,TE1A3B9C0D000X,0,0
0.0361853,-73,122,292,1,0,TE1A3B9C0D000X,0,0
0.0483708,-73,122,292,1,0,TE1A3B9C0D000X,0,0
0.0602268,-73,122,292,1,0,TE1A3B9C0D000X,0,0
0.0723132,-73,122,291,1,0,TE1A3B9C0D000X,0,0
0.0844813,-73,122,291,1,0,TE1A3B9C0D000X,0,0
0.0965134,-73,122,291,1,0,TE1A3B9C0D000X,0,0
0.108556,-73,122,291,1,0,TE1A3B9C0D000X,0,0
0.120573,-73,122,290,1,0,TE1A3B9C0D000X,0,0
0.132547,-73,122,291,1,0,TE1A3B9C0D000X,0,0
0.144555,-73,122,290,1,0,TE1A3B9C0D000X,0,0
0.156593,-73,122,290,1,0,TE1A3B9C0D000X,0,0
0.168653,-73,123,290,1,0,TE1A3B9C0D000X,0,0
0.18082,-73,123,290,1,0,TE1A3B9C0D000X,0,0
0.192862,-73,123,290,1,0,TE1A3B9C0D000X,0,0
0.204976,-73,123,289,1,0,TE1A3B9C0D000X,0,0
0.216973,-73,123,289,1,0,TE1A3B9C0D000X,0,0
0.229237,-73,123,289,1,0,TE1A3B9C0D000X,0,0
0.242017,-73,123,290,1,0,TE1A3B9C0D000X,0,0
0.254091,-73,123,289,1,0,TE1A3B9C0D000X,0,0
0.266119,-73,123,289,1,0,TE1A3B9C0D000X,0,0
0.279219,-73,123,290,1,0,TE1A3B9C0D000X,0,0
0.291824,-73,123,289,1,0,TE1A3B9C0D000X,0,0
0.304044,-73,123,290,1,0,TE1A3B9C0D000X,0,0
0.31628,-73,122,290,1,0,TE1A3B9C0D000X,0,0
0.328428,-73,122,290,1,0,TE1A3B9C0D000X,0,0
0.340762,-72,122,290,1,0,TE1A3B9C0D000X,0,0
0.352992,-72,122,290,1,0,TE1A3B9C0D000X,0,0
0.365281,-72,122,290,1,0,TE1A3B9C0D000X,0,0
0.377218,-72,122,290,1,0,TE1A3B9C0D000X,0,0
0.389371,-72,121,290,1,0,TE1A3B9C0D000X,0,0
0.401485,-72,121,291,1,0,TE1A3B9C0D000X,0,0
0.41378,-72,121,291,1,0,TE1A3B9C0D000X,0,0
0.425552,-72,121,291,1,0,TE1A3B9C0D000X,0,0
0.437543,-72,121,292,1,0,TE1A3B9C0D000X,0,0
0.449851,-72,121,292,1,0,TE1A3B9C0D000X,0,0
0.461855,-72,121,292,1,0,TE1A3B9C0D000X,0,0
0.474141,-72,121,292,1,0,TE1A3B9C0D000X,0,0
0.486308,-72,121,293,1,0,TE1A3B9C0D000X,0,0
0.498575,-72,121,293,1,0,TE1A3B9C0D000X,0,0
0.510522,-72,121,292,1,0,TE1A3B9C0D000X,0,0
0.522669,-72,121,292,1,0,TE1A3B9C0D000X,0,0
0.534976,-72,121,292,1,0,TE1A3B9C0D000X,0,0
0.547397,-72,121,292,1,0,TE1A3B9C0D000X,0,0
0.559546,-72,121,293,1,0,TE1A3B9C0D000X,0,0
0.571886,-72,121,293,1,0,TE1A3B9C0D000X,0,0
0.585002,-73,121,293,1,0,TE1A3B9C0D000X,0,0
0.598355,-73,121,293,1,0,TE1A3B9C0D000X,0,0
0.610502,-73,121,293,1,0,TE1A3B9C0D000X,0,0
0.622585,-73,121,293,1,0,TE1A3B9C0D000X,0,0
0.63486,-73,121,293,1,0,TE1A3B9C0D000X,0,0
0.646672,-73,121,293,1,0,TE1A3B9C0D000X,0,0
0.658694,-73,121,292,1,0,TE1A3B9C0D000X,0,0
0.671025,-73,121,292,1,0,TE1A3B9C0D000X,0,0
0.683481,-73,121,292,1,0,TE1A3B9C0D000X,0,0
0.695905,-73,121,293,1,0,TE1A3B9C0D000X,0,0
0.707879,-73,121,293,1,0,TE1A3B9C0D000X,0,0
0.718763,-73,121,293,1,0,TE1A3B9C0D000X,0,0
0.73187,-73,121,293,1,0,TE1A3B9C0D000X,0,0
0.743802,-73,121,293,1,0,TE1A3B9C0D000X,0,0
0.755947,-73,121,292,1,0,TE1A2B8C0D000X,0,0
0.767903,-73,121,292,1,0,TE1A2B8C0D000X,0,0
0.779503,-73,121,292,1,0,TE1A2B8C0D000X,0,0
0.791417,-73,121,292,1,0,TE1A2B8C0D000X,0,0
0.803901,-73,121,292,1,0,TE1A2B8C0D000X,0,0
0.816184,-73,122,292,1,0,TE1A2B8C0D000X,0,0
0.829271,-73,122,292,1,0,TE1A2B8C0D000X,0,0
0.841425,-74,122,292,1,0,TE1A2B8C0D000X,0,0
0.853233,-74,122,293,1,0,TE1A2B8C0D000X,0,0
0.86534,-74,122,292,1,0,TE1A2B8C0D000X,0,0
0.877332,-74,122,292,1,0,TE1A2B8C0D000X,0,0
0.889231,-74,122,292,1,0,TE1A2B8C0D000X,0,0
0.901505,-74,122,292,1,0,TE1A2B8C0D000X,0,0
0.913446,-74,122,292,1,0,TE1A2B8C0D000X,0,0
0.925568,-74,122,292,1,0,TE1A2B8C0D000X,0,0
0.937783,-74,122,292,1,0,TE1A2B8C0D000X,0,0
0.950177,-74,122,292,1,0,TE1A2B8C0D000X,0,0
0.962331,-74,122,291,1,0,TE1A2B8C0D000X,0,0
0.974392,-74,122,291,1,0,TE1A2B8C0D000X,0,0
0.986654,-74,122,291,1,0,TE1A2B8C0D000X,0,0
0.998976,-74,122,291,1,0,TE1A2B8C0D000X,0,0
1.01088,-74,122,291,1,0,TE1A2B8C0D000X,0,0
0.0120791,-74,122,291,1,0,TE1A2B8C0D000X,0,0
0.0244886,-74,122,291,1,0,TE1A2B8C0D000X,0,0
0.0364941,-74,122,291,1,0,TE1A2B8C0D000X,0,0
0.048546,-74,122,291,1,0,TE1A2B8C0D000X,0,0
0.0607301,-75,122,291,1,0,TE1A2B8C0D000X,0,0
0.0730925,-75,122,291,1,0,TE1A2B8C0D000X,0,0
0.0907332,-75,122,290,1,0,TE1A2B8C0D000X,0,0
0.102887,-75,122,290,1,0,TE1A2B8C0D000X,0,0
0.114977,-75,122,290,1,0,TE1A2B8C0D000X,0,0
0.126853,-75,122,291,1,0,TE1A2B8C0D000X,0,0
0.139047,-75,123,291,1,0,TE1A2B8C0D000X,0,0
0.151515,-75,123,291,1,0,TE1A2B8C0D000X,0,0
0.163552,-76,123,291,1,0,TE1A2B8C0D000X,0,0
0.174161,-76,123,291,1,0,TE1A2B8C0D000X,0,0
0.186439,-76,123,291,1,0,TE1A2B8C0D000X,0,0
0.199359,-76,123,291,1,0,TE1A2B8C0D000X,0,0
0.218211,-76,123,291,1,0,TE1A2B8C0D000X,0,0
0.230585,-76,123,291,1,0,TE1A2B8C0D000X,0,0
0.242676,-76,123,291,1,0,TE1A2B8C0D000X,0,0
0.254875,-76,123,291,1,0,TE1A2B8C0D000X,0,0
0.268143,-76,123,291,1,0,TE1A2B8C0D000X,0,0
0.280363,-76,123,291,1,0,TE1A2B8C0D000X,0,0
0.292507,-76,122,291,1,0,TE1A2B7C0D000X,0,0
0.304938,-76,123,292,1,0,TE1A2B7C0D000X,0,0
0.317141,-76,122,292,1,0,TE1A2B7C0D000X,0,0
0.329591,-76,122,292,1,0,TE1A2B7C0D000X,0,0
0.341751,-76,122,292,1,0,TE1A2B7C0D000X,0,0
0.353898,-76,122,292,1,0,TE1A2B7C0D000X,0,0
0.365847,-76,122,292,1,0,TE1A2B7C0D000X,0,0
0.377763,-77,122,293,1,0,TE1A2B7C0D000X,0,0
0.389993,-77,122,293,1,0,TE1A2B8C0D000X,0,0
0.402581,-77,122,293,1,0,TE1A2B8C0D000X,0,0
0.414627,-77,122,293,1,0,TE1A2B8C0D000X,0,0
0.426872,-77,122,293,1,0,TE1A2B8C0D000X,0,0
0.439316,-77,122,293,1,0,TE1A2B8C0D000X,0,0
0.451551,-77,122,293,1,0,TE1A2B8C0D000X,0,0
0.463729,-77,122,293,1,0,TE1A2B8C0D000X,0,0
0.476172,-77,122,293,1,0,TE1A2B8C0D000X,0,0
0.488397,-77,122,293,1,0,TE1A2B8C0D000X,0,0
0.500619,-77,122,293,1,0,TE1A2B8C0D000X,0,0
0.512647,-77,122,293,1,0,TE1A2B8C0D000X,0,0
0.524939,-77,122,293,1,0,TE1A2B8C0D000X,0,0
0.537229,-77,122,292,1,0,TE1A2B8C0D000X,0,0
0.549479,-77,122,293,1,0,TE1A2B8C0D000X,0,0
0.561624,-77,122,293,1,0,TE1A2B8C0D000X,0,0
0.57435,-77,122,293,1,0,TE1A2B8C0D000X,0,0
0.588779,-77,122,293,1,0,TE1A2B8C0D000X,0,0
0.602161,-77,122,294,1,0,TE1A2B8C0D000X,0,0
0.616657,-77,122,293,1,0,TE1A2B8C0D000X,0,0
0.628581,-77,122,293,1,0,TE1A2B8C0D000X,0,0
0.640887,-77,122,292,1,0,TE1A2B8C0D000X,0,0
0.652935,-77,122,293,1,0,TE1A2B8C0D000X,0,0
0.665037,-77,122,292,1,0,TE1A2B8C0D000X,0,0
0.677192,-77,122,292,1,0,TE1A2B8C0D000X,0,0
0.689289,-77,122,293,1,0,TE1A2B8C0D000X,0,0
0.701474,-77,122,293,1,0,TE1A2B8C0D000X,0,0
0.713686,-77,122,293,1,0,TE1A2B8C0D000X,0,0
0.725865,-77,121,293,1,0,TE1A2B8C0D000X,0,0
0.738256,-77,121,293,1,0,TE1A2B8C0D000X,0,0
0.750214,-77,121,293,1,0,TE1A2B8C0D000X,0,0
0.762312,-77,121,294,1,0,TE1A2B8C0D000X,0,0
0.774465,-77,121,293,1,0,TE1A2B8C0D000X,0,0
0.786379,-77,121,293,1,0,TE1A2B8C0D000X,0,0
0.798311,-77,121,294,1,0,TE1A2B8C0D000X,0,0
0.810377,-77,121,294,1,0,TE1A2B7C0D000X,0,0
0.822558,-77,120,294,1,0,TE1A2B7C0D000X,0,0
0.834536,-77,120,295,1,0,TE1A2B7C0D000X,0,0
0.84651,-77,120,295,1,0,TE1A2B7C0D000X,0,0
0.858758,-77,120,295,1,0,TE1A2B7C0D000X,0,0
0.870468,-77,120,296,1,0,TE1A2B7C0D000X,0,0
0.882374,-77,120,296,1,0,TE1A2B7C0D000X,0,0
0.894282,-77,119,296,1,0,TE1A2B7C0D000X,0,0
0.90638,-76,119,296,1,0,TE1A2B7C0D000X,0,0
0.918397,-76,119,296,1,0,TE1A2B7C0D000X,0,0
0.930341,-76,118,296,1,0,TE1A2B7C0D000X,0,0
0.942912,-76,118,296,1,0,TE1A2B7C0D000X,0,0
0.955409,-75,118,296,1,0,TE1A2B7C0D000X,0,0
0.967713,-75,117,296,1,0,TE1A2B7C0D000X,0,0
0.979973,-75,117,297,1,0,TE1A2B7C0D000X,0,0
0.992392,-75,117,297,1,0,TE1A2B7C0D000X,0,0
1.00466,-75,116,297,1,0,TE1A2B7C0D000X,0,0
0.0120367,-75,116,297,1,0,TE1A2B7C0D000X,0,0
0.0241958,-75,116,297,1,0,TE1A2B7C0D000X,0,0
0.0364689,-75,116,297,1,0,TE1A2B7C0D000X,0,0
0.048569,-75,115,298,1,0,TE1A2B7C0D000X,0,0
0.0608521,-76,115,298,1,0,TE1A2B7C0D000X,0,0
0.0730492,-76,115,299,1,0,TE1A2B7C0D000X,0,0
0.085367,-76,115,299,1,0,TE1A2B7C0D000X,0,0
0.0976417,-77,115,299,1,0,TE1A2B7C0D000X,0,0
0.109803,-77,115,299,1,0,TE1A2B7C0D000X,0,0
0.121952,-77,115,299,1,0,TE1A2B7C0D000X,0,0
0.134286,-78,115,299,1,0,TE1A2B7C0D000X,0,0
0.146862,-78,115,300,1,0,TE1A2B7C0D000X,0,0
0.158859,-78,115,300,1,0,TE1A2B7C0D000X,0,0
0.171203,-79,115,299,1,0,TE1A2B7C0D000X,0,0
0.183187,-79,115,299,1,0,TE1A2B7C0D000X,0,0
0.195027,-79,116,299,1,0,TE1A2B7C0D000X,0,0
0.207062,-80,116,299,1,0,TE1A2B7C0D000X,0,0
0.219477,-80,117,299,1,0,TE1A2B7C0D000X,0,0
0.232403,-81,117,299,1,0,TE1A2B7C0D000X,0,0
0.244179,-81,118,299,1,0,TE1A2B7C0D000X,0,0
0.25596,-82,118,299,1,0,TE1A2B8C0D000X,0,0
0.267909,-82,118,298,1,0,TE1A2B8C0D000X,0,0
0.280125,-83,119,298,1,0,TE1A2B8C0D000X,0,0
0.291967,-83,119,298,1,0,TE1A2B8C0D000X,0,0
0.303722,-84,119,297,1,0,TE1A2B8C0D000X,0,0
0.316718,-84,120,297,1,0,TE1A2B8C0D000X,0,0
0.328778,-85,120,296,1,0,TE1A2B8C0D000X,0,0
0.34089,-85,121,296,1,0,TE1A2B8C0D000X,0,0
0.353094,-86,121,296,1,0,TE1A2B8C0D000X,0,0
0.364983,-86,121,296,1,0,TE1A2B8C0D000X,0,0
0.37697,-86,122,296,1,0,TE1A2B8C0D000X,0,0
0.389152,-87,122,295,1,0,TE1A2B8C0D000X,0,0
0.401356,-87,122,295,1,0,TE1A2B8C0D000X,0,0
0.413459,-88,122,294,1,0,TE1A2B8C0D000X,0,0
0.425597,-88,122,294,1,0,TE1A2B8C0D000X,0,0
0.43774,-88,123,294,1,0,TE1A2B8C0D000X,0,0
0.449841,-89,123,294,1,0,TE1A2B8C0D000X,0,0
0.461718,-89,123,294,1,0,TE1A2B8C0D000X,0,0
0.473375,-90,123,293,1,0,TE1A2B8C0D000X,0,0
0.485519,-90,123,292,1,0,TE1A2B8C0D000X,0,0
0.497513,-90,123,292,1,0,TE1A2B8C0D000X,0,0
0.509391,-90,124,291,1,0,TE1A2B8C0D000X,0,0
0.521245,-90,124,291,1,0,TE1A2B8C0D000X,0,0
0.533393,-91,124,291,1,0,TE1A2B8C0D000X,0,0
0.545272,-91,124,291,1,0,TE1A2B8C0D000X,0,0
0.557429,-91,124,291,1,0,TE1A2B8C0D000X,0,0
0.569387,-91,124,291,1,0,TE1A2B8C0D000X,0,0
0.581038,-91,125,290,1,0,TE1A2B8C0D000X,0,0
0.593144,-91,125,291,1,0,TE1A2B8C0D000X,0,0
0.605356,-91,125,290,1,0,TE1A2B8C0D000X,0,0
0.617562,-91,125,290,1,0,TE1A2B8C0D000X,0,0
0.629821,-91,125,290,1,0,TE1A2B8C0D000X,0,0
0.641701,-91,125,290,1,0,TE1A2B8C0D000X,0,0
0.655825,-91,125,291,1,0,TE1A2B8C0D000X,0,0
0.66801,-90,125,290,1,0,TE1A2B8C0D000X,0,0
0.680251,-90,124,291,1,0,TE1A2B8C0D000X,0,0
0.692016,-90,124,291,1,0,TE1A2B8C0D000X,0,0
0.704182,-90,124,291,1,0,TE1A2B8C0D000X,0,0
0.71605,-90,124,291,1,0,TE1A2B8C0D000X,0,0
0.727885,-90,124,291,1,0,TE1A2B8C0D000X,0,0
0.740288,-90,124,291,1,0,TE1A2B8C0D000X,0,0
0.752491,-90,124,292,1,0,TE1A2B8C0D000X,0,0
0.766864,-90,124,291,1,0,TE1A2B8C0D000X,0,0
0.779041,-90,124,291,1,0,TE1A2B8C0D000X,0,0
0.79129,-89,123,291,1,0,TE1A2B8C0D000X,0,0
0.80331,-89,123,291,1,0,TE1A2B8C0D000X,0,0
0.81547,-89,123,291,1,0,TE1A2B8C0D000X,0,0
0.827096,-89,123,291,1,0,TE1A2B8C0D000X,0,0
0.839128,-89,123,291,1,0,TE1A2B8C0D000X,0,0
0.851111,-89,123,291,1,0,TE1A2B8C0D000X,0,0
0.864136,-89,123,291,1,0,TE1A2B8C0D000X,0,0
0.876179,-89,123,291,1,0,TE1A2B8C0D000X,0,0
0.888642,-90,123,291,1,0,TE1A2B8C0D000X,0,0
0.900875,-90,123,291,1,0,TE1A2B8C0D000X,0,0
0.913111,-90,123,291,1,0,TE1A2B8C0D000X,0,0
0.929855,-90,123,291,1,0,TE1A2B8C0D000X,0,0
0.942249,-90,123,291,1,0,TE1A2B8C0D000X,0,0
0.954419,-90,123,292,1,0,TE1A2B8C0D000X,0,0
0.966201,-91,123,292,1,0,TE1A2B8C0D000X,0,0
0.97839,-91,123,292,1,0,TE1A2B8C0D000X,0,0
0.990509,-91,123,293,1,0,TE1A2B8C0D000X,0,0
1.00353,-91,123,293,1,0,TE1A2B8C0D000X,0,0
0.0123779,-91,122,293,1,0,TE1A2B8C0D000X,0,0
0.0243262,-91,122,293,1,0,TE1A2B8C0D000X,0,0
0.0364292,-90,122,293,1,0,TE1A2B8C0D000X,0,0
0.0484735,-90,122,293,1,0,TE1A2B8C0D000X,0,0
0.0617325,-90,122,293,1,0,TE1A2B8C0D000X,0,0
0.0734942,-89,122,293,1,0,TE1A2B8C0D000X,0,0
0.0856243,-88,122,294,1,0,TE1A2B8C0D000X,0,0
0.097401,-87,122,294,1,0,TE1A2B8C0D000X,0,0
0.109145,-86,122,295,1,0,TE1A2B8C0D000X,0,0
0.121007,-85,122,295,1,0,TE1A2B8C0D000X,0,0
0.132851,-84,122,296,1,0,TE1A2B8C0D000X,0,0
0.144383,-82,122,295,1,0,TE1A2B8C0D000X,0,0
0.156,-80,122,296,1,0,TE1A2B8C0D000X,0,0
0.167484,-78,122,296,1,0,TE1A2B8C0D000X,0,0
0.179631,-75,122,297,0,0,TE1A2B7C0D000X,0,0
0.190759,-75,122,297,1,0,TE1A2B7C0D000X,0,0
0.202565,-72,121,298,0,0,TE1A2B7C0D000X,0,0
0.214282,-72,121,298,1,0,TE1A2B7C0D000X,0,0
0.225593,-68,120,298,1,0,TE1A2B7C0D000X,0,0
0.237174,-64,119,299,1,0,TE1A2B7C0D000X,0,0
0.248899,-60,118,300,1,0,TE1A2B7C0D000X,0,0
0.260557,-56,117,301,0,0,TE1A2B6C0D000X,0,0
0.27169,-56,117,301,1,0,TE1A2B6C0D000X,0,0
0.283456,-51,115,301,1,0,TE1A2B6C0D000X,0,0
0.294612,-47,113,302,1,0,TE1A2B6C0D000X,0,0
0.305816,-43,111,302,1,0,TE1A2B6C0D000X,0,0
0.317711,-39,109,302,0,0,TE1A2B5C0D000X,0,0
0.329136,-39,109,302,1,0,TE1A2B5C0D000X,0,0
0.340459,-34,106,302,0,0,TE1A2B5C0D000X,0,0
0.351573,-34,106,302,1,0,TE1A2B5C0D000X,0,0
0.362798,-29,103,304,0,0,TE1A2B5C0D000X,0,0
0.374324,-29,103,304,1,0,TE1A2B5C0D000X,0,0
0.386103,-24,99,304,0,0,TE1A2B5C0D000X,0,0
0.39759,-24,99,304,0,0,TE1A2B4C0D000X,0,0
0.408492,-24,99,304,0,0,TE1A2B4C0D000X,0,0
0.419488,-24,99,304,0,0,TE1A2B4C0D000X,0,0
0.430481,-24,99,304,0,0,TE1A2B4C0D000X,0,0
0.441356,-24,99,304,0,0,TE1A2B4C0D000X,0,0
0.452589,-24,99,304,0,0,TE1A2B4C0D000X,0,0
0.463785,-24,99,304,1,0,TE1A2B4C0D000X,0,0
0.475131,-16,90,303,0,0,TE1A2B4C0D000X,0,0
0.486172,-16,90,303,0,0,TE1A2B4C0D000X,0,0
0.497512,-16,90,303,0,0,TE1A2B4C0D000X,0,0
0.508822,-16,90,303,1,0,TE1A2B4C0D000X,0,0
0.520464,-8,80,304,1,0,TE1A2B4C0D000X,0,0
0.532489,-2,72,305,0,0,TE1A2B3C0D000X,0,0
0.543771,-2,72,305,0,0,TE1A2B2C0D000X,0,0
0.555075,-2,72,305,1,0,TE1A2B2C0D000X,0,0
0.566822,4,62,308,1,0,TE1A2B2C0D000X,0,0
0.579652,9,54,308,1,0,TE1A2B2C0D000X,0,0
0.591399,13,47,309,1,0,TE1A2B2C0D000X,0,0
0.602726,16,40,310,1,0,TE1A2B1C0D000X,0,0
0.614464,20,34,311,1,0,TE1A2B1C0D000X,0,0
0.626304,22,29,312,1,0,TE1A2B1C0D000X,0,0
0.638022,25,23,313,1,0,TE1A2B1C0D000X,0,0
0.649914,27,19,314,1,0,TE1A2B0C0D000X,0,0
0.66138,30,14,315,1,0,TE1A2B0C0D000X,0,0
0.672984,32,10,315,1,0,TE1A2B0C0D000X,0,0
0.684948,33,6,315,1,0,TE1A2B0C0D000X,0,0
0.697384,35,2,315,1,0,TE1A2B0C0D000X,0,0
0.709113,36,0,315,1,0,TE1A2B0C0D000X,0,0
0.720807,37,-3,315,1,0,TE1A2B0C1D000X,0,0
0.732795,39,-6,316,1,0,TE1A2B0C1D000X,0,0
0.745446,40,-8,316,1,0,TE1A2B0C1D000X,0,0
0.757654,41,-11,317,1,0,TE1A2B0C1D000X,0,0
0.769597,42,-13,317,1,0,TE1A2B0C1D000X,0,0
0.78202,43,-15,317,1,0,TE1A2B0C1D000X,0,0
0.794174,43,-16,317,1,0,TE1A2B0C1D000X,0,0
0.806483,44,-17,317,1,0,TE1A2B0C1D000X,0,0
0.818905,44,-19,317,1,0,TE1A2B0C1D000X,0,0
0.831442,44,-20,318,1,0,TE1A2B0C1D000X,0,0
0.843839,44,-20,318,1,0,TE1A2B0C1D000X,0,0
0.856311,44,-21,318,1,0,TE1A2B0C1D000X,0,0
0.871757,44,-22,318,1,0,TE1A2B0C2D000X,0,0
0.884177,45,-22,318,1,0,TE1A2B0C2D000X,0,0
0.896372,45,-22,318,1,0,TE1A2B0C2D000X,0,0
0.908469,44,-22,319,1,0,TE1A2B0C2D000X,0,0
0.920713,44,-22,318,1,0,TE1A2B0C2D000X,0,0
0.933287,44,-21,319,1,0,TE1A2B0C2D000X,0,0
0.945443,44,-20,319,1,0,TE1A2B0C2D000X,0,0
0.957482,44,-20,319,1,0,TE1A2B0C2D000X,0,0
0.969865,43,-19,319,1,0,TE1A2B0C1D000X,0,0
0.981929,43,-18,319,1,0,TE1A2B0C1D000X,0,0
0.994214,42,-17,320,1,0,TE1A2B0C1D000X,0,0
1.00638,42,-16,320,1,0,TE1A2B0C1D000X,0,0
0.0122608,41,-15,320,1,0,TE1A2B0C1D000X,0,0
0.0243432,39,-13,321,1,0,TE1A2B0C1D000X,0,0
0.0365467,38,-12,321,1,0,TE1A2B0C1D000X,0,0
0.0490026,38,-11,321,1,0,TE1A2B0C1D000X,0,0
0.0616903,37,-10,321,1,0,TE1A1B0C1D000X,0,0
0.0744596,36,-10,321,1,0,TE1A1B0C1D000X,0,0
0.0868998,36,-9,321,1,0,TE1A1B0C1D000X,0,0
0.0992418,35,-8,321,1,0,TE1A1B0C1D000X,0,0
0.111835,34,-8,321,1,0,TE1A1B0C1D000X,0,0
0.124544,34,-7,322,1,0,TE1A1B0C1D000X,0,0
0.137049,33,-7,322,1,0,TE1A1B0C1D000X,0,0
0.149265,32,-6,323,1,0,TE1A1B0C1D000X,0,0
0.161674,31,-6,324,1,0,TE1A1B0C1D000X,0,0
0.174288,30,-6,324,1,0,TE1A1B0C1D000X,0,0
0.186982,30,-5,324,1,0,TE1A1B0C1D000X,0,0
0.199119,29,-5,325,1,0,TE1A1B0C1D000X,0,0
0.211407,28,-5,325,1,0,TE1A1B0C1D000X,0,0
0.223871,27,-5,326,1,0,TE1A1B0C1D000X,0,0
0.236393,26,-5,326,1,0,TE1A1B0C1D000X,0,0
0.249053,25,-5,327,1,0,TE1A1B0C1D000X,0,0
0.261777,24,-5,327,1,0,TE1A1B0C1D000X,0,0
0.274416,23,-5,328,1,0,TE1A1B0C1D000X,0,0
0.286886,23,-5,329,1,0,TE1A1B0C1D000X,0,0
0.299426,22,-5,329,1,0,TE1A1B0C1D000X,0,0
0.31206,21,-6,330,1,0,TE1A1B0C1D000X,0,0
0.324852,20,-6,331,1,0,TE1A1B0C1D000X,0,0
0.337352,19,-6,332,1,0,TE1A1B0C1D000X,0,0
0.350085,18,-6,333,1,0,TE1A1B0C1D000X,0,0
0.362565,17,-7,334,1,0,TE1A1B0C1D000X,0,0
0.375429,17,-7,334,1,0,TE1A1B0C1D000X,0,0
0.388247,16,-7,335,1,0,TE1A1B0C1D000X,0,0
0.40086,15,-8,336,1,0,TE1A1B0C1D000X,0,0
0.413471,14,-8,337,1,0,TE1A1B0C1D000X,0,0
0.427062,14,-8,337,1,0,TE1A1B0C1D000X,0,0
0.440793,13,-9,338,1,0,TE1A0B0C1D000X,0,0
0.453921,12,-9,338,1,0,TE1A0B0C1D000X,0,0
0.466805,12,-9,339,1,0,TE1A0B0C1D000X,0,0
0.479439,11,-9,339,1,0,TE1A0B0C1D000X,0,0
0.49211,10,-9,340,1,0,TE1A0B0C1D000X,0,0
0.504852,10,-9,340,1,0,TE1A0B0C1D000X,0,0
0.517475,9,-9,340,1,0,TE1A0B0C1D000X,0,0
0.530089,8,-9,340,1,0,TE1A0B0C1D000X,0,0
0.542916,7,-9,340,1,0,TE1A0B0C1D000X,0,0
0.555856,6,-9,340,1,0,TE1A0B0C1D000X,0,0
0.568703,6,-9,340,1,0,TE1A0B0C1D000X,0,0
0.581609,5,-8,339,1,0,TE1A0B0C0D000X,0,0
0.594247,4,-8,339,1,0,TE1A0B0C0D000X,0,0
0.607211,4,-8,339,1,0,TE1A0B0C0D000X,0,0
0.619864,3,-8,339,1,0,TE1A0B0C0D000X,0,0
0.632944,3,-7,339,1,0,TE1A0B0C0D000X,0,0
0.646051,2,-7,339,1,0,TE1A0B0C0D000X,0,0
0.659253,2,-7,339,1,0,TE1A0B0C0D000X,0,0
0.672051,1,-7,338,1,0,TE1A0B0C0D000X,0,0
0.684926,1,-6,338,1,0,TE1A0B0C0D000X,0,0
0.697557,0,-6,338,1,0,TE1A0B0C0D000X,0,0
0.710551,0,-6,338,1,0,TE1A0B0C0D000X,0,0
0.723548,0,-6,338,1,0,TE1A0B0C0D000X,0,0
0.737075,0,-5,337,1,0,TE1A0B0C0D000X,0,0
0.749878,0,-5,337,1,0,TE1A0B0C0D000X,0,0
0.762574,-1,-5,337,1,0,TE1A0B0C0D000X,0,0
0.775447,-1,-5,337,1,0,TE1A0B0C0D000X,0,0
0.788353,-2,-4,337,1,0,TE1A0B0C0D000X,0,0
0.801076,-2,-4,337,1,0,TE1A0B0C0D000X,0,0
0.813949,-2,-4,337,1,0,TE1A0B0C0D000X,0,0
0.826967,-3,-4,337,1,0,TE1A0B0C0D000X,0,0
0.840549,-3,-3,336,1,0,TE1A0B0C0D000X,0,0
0.854042,-4,-3,335,1,0,TE1A0B0C0D000X,0,0
0.86692,-4,-3,335,1,0,TE1A0B0C0D000X,0,0
0.879501,-4,-2,334,1,0,TE1A0B0C0D000X,0,0
0.891991,-5,-2,334,1,0,TE1A0B0C0D000X,0,0
0.904649,-5,-1,333,1,0,TE1A0B0C0D000X,0,0
0.917365,-5,-1,333,1,0,TE1A0B0C0D000X,0,0
0.930277,-6,-1,333,1,0,TE1A0B0C0D000X,0,0
0.943136,-6,0,332,1,0,TE1A0B0C0D000X,0,0
0.955955,-6,0,333,1,0,TE1A0B0C0D000X,0,0
0.968857,-7,0,332,1,0,TE1A0B0C0D000X,0,0
0.981639,-7,0,332,1,0,TE1A0B0C0D000X,0,0
0.994611,-7,0,332,1,0,TE1A0B0C0D000X,0,0
1.00738,-7,0,332,1,0,TE1A0B0C0D000X,0,0
0.0125287,-8,1,332,1,0,TE1A0B0C0D000X,0,0
0.025222,-8,1,331,1,0,TE1A0B0C0D000X,0,0
0.0380163,-8,1,331,1,0,TE1A0B0C0D000X,0,0
0.0508785,-8,1,331,1,0,TE1A0B0C0D000X,0,0
0.0642124,-8,1,332,1,0,TE1A0B0C0D000X,0,0
0.0768242,-8,1,331,1,0,TE1A0B0C0D000X,0,0
0.0895566,-7,1,332,1,0,TE1A0B0C0D000X,0,0
0.10242,-7,1,332,1,0,TE1A0B0C0D000X,0,0
0.11566,-7,1,332,1,0,TE1A0B0C0D000X,0,0
0.129693,-7,1,333,1,0,TE1A0B0C0D000X,0,0
0.142617,-7,1,332,1,0,TE1A0B0C0D000X,0,0
0.155567,-6,1,333,1,0,TE1A0B0C0D000X,0,0
0.16854,-6,1,333,1,0,TE1A0B0C0D000X,0,0
0.181458,-6,1,333,1,0,TE1A0B0C0D000X,0,0
0.193962,-6,1,333,1,0,TE1A0B0C0D000X,0,0
0.206634,-5,1,333,1,0,TE1A0B0C0D000X,0,0
0.219859,-5,1,333,1,0,TE1A0B0C0D000X,0,0
0.233284,-5,1,333,1,0,TE1A0B0C0D000X,0,0
0.246856,-5,1,332,1,0,TE1A0B0C0D000X,0,0
0.259691,-5,1,333,1,0,TE1A0B0C0D000X,0,0
0.272226,-5,1,333,1,0,TE1A0B0C0D000X,0,0
0.284808,-5,1,332,1,0,TE1A0B0C0D000X,0,0
0.297466,-5,1,333,1,0,TE1A0B0C0D000X,0,0
0.310399,-5,1,333,1,0,TE1A0B0C0D000X,0,0
0.323239,-5,1,333,1,0,TE1A0B0C0D000X,0,0
0.336147,-5,1,333,1,0,TE1A0B0C0D000X,0,0
0.34892,-5,1,333,1,0,TE1A0B0C0D000X,0,0
0.361855,-5,1,333,1,0,TE1A0B0C0D000X,0,0
0.374852,-5,1,333,1,0,TE1A0B0C0D000X,0,0
0.387805,-5,1,333,1,0,TE1A0B0C0D000X,0,0
0.400623,-5,1,332,1,0,TE1A0B0C0D000X,0,0
0.413516,-5,1,333,1,0,TE1A0B0C0D000X,0,0
0.42652,-5,1,333,1,0,TE1A0B0C0D000X,0,0
0.440888,-5,1,333,1,0,TE1A0B0C0D000X,0,0
0.453676,-5,1,333,1,0,TE1A0B0C0D000X,0,0
0.466421,-5,1,333,1,0,TE1A0B0C0D000X,0,0
0.478995,-5,1,333,1,0,TE1A0B0C0D000X,0,0
0.492002,-5,1,333,1,0,TE1A0B0C0D000X,0,0
0.504934,-5,1,333,1,0,TE1A0B0C0D000X,0,0
0.517869,-5,1,333,1,0,TE1A0B0C0D000X,0,0
0.531111,-5,1,333,1,0,TE1A0B0C0D000X,0,0
0.543721,-6,1,333,1,0,TE1A0B0C0D000X,0,0
0.556397,-6,1,332,1,0,TE1A0B0C0D000X,0,0
0.56937,-6,1,333,1,0,TE1A0B0C0D000X,0,0
0.584647,-6,1,332,1,0,TE1A0B0C0D000X,0,0
0.597547,-6,1,332,1,0,TE1A0B0C0D000X,0,0
0.610142,-7,1,331,1,0,TE1A0B0C0D000X,0,0
0.622796,-7,1,331,1,0,TE1A0B0C0D000X,0,0
0.63566,-7,2,330,1,0,TE1A0B0C0D000X,0,0
0.648425,-7,2,330,1,0,TE1A0B0C0D000X,0,0
0.661073,-8,2,329,1,0,TE1A0B0C0D000X,0,0
0.673613,-8,2,329,1,0,TE1A0B0C0D000X,0,0
0.686477,-8,2,329,1,0,TE1A0B0C0D000X,0,0
0.699923,-8,2,329,1,0,TE1A0B0C0D000X,0,0
0.713536,-8,2,328,1,0,TE1A0B0C0D000X,0,0
0.726119,-8,3,328,1,0,TE1A0B0C0D000X,0,0
0.738717,-9,3,328,1,0,TE1A0B1C0D000X,0,0
0.751155,-9,3,328,1,0,TE1A0B1C0D000X,0,0
0.763609,-9,3,328,1,0,TE1A0B1C0D000X,0,0
0.77659,-9,3,327,1,0,TE1A0B1C0D000X,0,0
0.789429,-8,3,327,1,0,TE1A0B1C0D000X,0,0
0.802402,-8,3,328,1,0,TE1A0B1C0D000X,0,0
0.815146,-8,3,328,1,0,TE1A0B1C0D000X,0,0
0.828323,-8,3,329,1,0,TE1A0B1C0D000X,0,0
0.841244,-8,3,329,1,0,TE1A0B1C0D000X,0,0
0.854094,-8,3,329,1,0,TE1A0B1C0D000X,0,0
0.866997,-8,3,329,1,0,TE1A0B1C0D000X,0,0
0.8798,-8,3,329,1,0,TE1A0B0C0D000X,0,0
0.892707,-8,3,329,1,0,TE1A0B0C0D000X,0,0
0.905558,-8,3,330,1,0,TE1A0B0C0D000X,0,0
0.918417,-8,3,329,1,0,TE1A0B0C0D000X,0,0
0.931444,-8,3,330,1,0,TE1A0B0C0D000X,0,0
0.944022,-7,3,330,1,0,TE1A0B0C0D000X,0,0
0.956701,-7,3,330,1,0,TE1A0B0C0D000X,0,0
0.969592,-7,3,330,1,0,TE1A0B0C0D000X,0,0
0.982507,-7,3,331,1,0,TE1A0B0C0D000X,0,0
0.995114,-7,3,331,1,0,TE1A0B0C0D000X,0,0
1.00792,-7,3,331,1,0,TE1A0B0C0D000X,0,0
0.013087,-8,3,331,1,0,TE1A0B0C0D000X,0,0
0.0264822,-8,3,331,1,0,TE1A0B0C0D000X,0,0
0.0421041,-8,3,331,1,0,TE1A0B0C0D000X,0,0
0.0552888,-8,3,331,1,0,TE1A0B0C0D000X,0,0
0.0682366,-8,3,331,1,0,TE1A0B0C0D000X,0,0
0.0812293,-8,3,331,1,0,TE1A0B1C0D000X,0,0
0.0942787,-8,3,330,1,0,TE1A0B1C0D000X,0,0
0.107368,-8,3,330,1,0,TE1A0B1C0D000X,0,0
0.120199,-8,3,330,1,0,TE1A0B1C0D000X,0,0
0.132821,-8,3,330,1,0,TE1A0B1C0D000X,0,0
0.145692,-8,4,330,1,0,TE1A0B1C0D000X,0,0
0.158723,-8,4,330,1,0,TE1A0B1C0D000X,0,0
0.172427,-8,-5,329,1,0,TE1A0B1C0D000X,0,0
0.185204,-8,-13,329,1,0,TE1A0B1C0D000X,0,0
0.198268,-9,-21,329,1,0,TE1A0B0C1D000X,0,0
0.215881,-9,-28,328,1,0,TE1A0B0C1D000X,0,0
0.231808,-9,-35,328,1,0,TE1A0B0C2D000X,0,0
0.247781,-9,-41,328,1,0,TE1A0B0C2D000X,0,0
0.260631,-9,-46,327,1,0,TE1A0B0C2D000X,0,0
0.273477,-9,-51,327,1,0,TE1A0B0C3D000X,0,0
0.286202,-9,-55,327,1,0,TE1A0B0C3D000X,0,0
0.299163,-9,-59,327,1,0,TE1A0B0C3D000X,0,0
0.311973,-9,-62,327,1,0,TE1A0B0C3D000X,0,0
0.324741,-10,-65,327,1,0,TE1A0B0C4D000X,0,0
0.337318,-10,-68,327,1,0,TE1A0B0C4D000X,0,0
0.349995,-10,-70,327,1,0,TE1A0B0C4D000X,0,0
0.362637,-10,-73,327,1,0,TE1A0B0C4D000X,0,0
0.375276,-10,-74,327,1,0,TE1A0B0C4D000X,0,0
0.388412,-10,-76,327,1,0,TE1A0B0C4D000X,0,0
0.401044,-10,-78,326,1,0,TE1A0B0C4D000X,0,0
0.413936,-10,-79,327,1,0,TE1A0B0C5D000X,0,0
0.426797,-11,-80,327,1,0,TE1A0B0C5D000X,0,0
0.439716,-11,-81,326,1,0,TE1A0B0C5D000X,0,0
0.452629,-11,-82,328,1,0,TE1A0B0C5D000X,0,0
0.465387,-11,-83,328,1,0,TE1A0B0C5D000X,0,0
0.478905,-11,-84,327,1,0,TE1A0B0C5D000X,0,0
0.49227,-12,-84,327,1,0,TE1A0B0C5D000X,0,0
0.505917,-12,-85,327,1,0,TE1A0B0C5D000X,0,0
0.518809,-12,-85,327,1,0,TE1A0B0C5D000X,0,0
0.531618,-12,-85,327,1,0,TE1A0B0C5D000X,0,0
0.545645,-13,-85,327,1,0,TE1A0B0C5D000X,0,0
0.558703,-13,-85,327,1,0,TE1A0B0C5D000X,0,0
0.570954,-13,-85,327,1,0,TE1A0B0C5D000X,0,0
0.583247,-14,-85,327,1,0,TE1A0B0C5D000X,0,0
0.59599,-14,-85,327,1,0,TE1A0B0C5D000X,0,0
0.60873,-15,-84,327,1,0,TE1A0B0C5D000X,0,0
0.621354,-15,-84,327,1,0,TE1A0B0C5D000X,0,0
0.633956,-16,-83,327,1,0,TE1A0B0C5D000X,0,0
0.646735,-16,-82,327,1,0,TE1A0B0C5D000X,0,0
0.65965,-17,-81,328,1,0,TE1A0B0C5D000X,0,0
0.67249,-17,-81,327,1,0,TE1A0B0C5D000X,0,0
0.685259,-18,-80,328,1,0,TE1A0B0C5D000X,0,0
0.698565,-19,-79,328,1,0,TE1A0B1C5D000X,0,0
0.7116,-19,-78,328,1,0,TE1A0B1C4D000X,0,0
0.724285,-20,-77,329,1,0,TE1A0B1C4D000X,0,0
0.736721,-21,-76,328,1,0,TE1A0B1C4D000X,0,0
0.749195,-22,-74,328,1,0,TE1A0B1C4D000X,0,0
0.76168,-22,-73,328,1,0,TE1A0B1C4D000X,0,0
0.774369,-23,-71,328,1,0,TE1A0B1C4D000X,0,0
0.7867,-24,-70,328,1,0,TE1A0B1C4D000X,0,0
0.799062,-25,-68,328,1,0,TE1A0B1C4D000X,0,0
0.812441,-25,-67,328,1,0,TE1A0B1C4D000X,0,0
0.825797,-26,-65,329,1,0,TE1A0B1C4D000X,0,0
0.839479,-27,-64,328,1,0,TE1A0B1C4D000X,0,0
0.851856,-28,-62,328,1,0,TE1A0B1C4D000X,0,0
0.864517,-29,-60,329,1,0,TE1A0B1C3D000X,0,0
0.877061,-29,-59,329,1,0,TE1A0B1C3D000X,0,0
0.889651,-30,-57,329,1,0,TE1A0B1C3D000X,0,0
0.902167,-31,-55,328,1,0,TE1A0B1C3D000X,0,0
0.914804,-31,-53,328,1,0,TE1A0B1C3D000X,0,0
0.927375,-32,-51,328,1,0,TE1A0B1C3D000X,0,0
0.93979,-33,-49,328,1,0,TE1A0B1C3D000X,0,0
0.952043,-33,-47,328,1,0,TE1A0B1C3D000X,0,0
0.964751,-34,-45,329,1,0,TE1A0B1C3D000X,0,0
0.977527,-34,-43,329,1,0,TE1A0B1C2D000X,0,0
0.990129,-34,-40,329,1,0,TE1A0B1C2D000X,0,0
1.00233,-35,-38,329,1,0,TE1A0B1C2D000X,0,0
0.0121071,-35,-35,329,1,0,TE1A0B1C2D000X,0,0
0.0246739,-35,-33,328,1,0,TE1A0B1C2D000X,0,0
0.0370894,-35,-31,327,1,0,TE1A0B1C2D000X,0,0
0.0493642,-35,-28,326,1,0,TE1A0B1C2D000X,0,0
0.0618119,-35,-26,325,1,0,TE1A0B1C2D000X,0,0
0.0742672,-36,-24,325,1,0,TE1A0B1C2D000X,0,0
0.086389,-36,-22,325,1,0,TE1A0B1C2D000X,0,0
0.0986475,-36,-19,324,1,0,TE1A0B1C2D000X,0,0
0.110969,-36,-17,323,1,0,TE1A0B1C1D000X,0,0
0.12597,-36,-15,322,1,0,TE1A0B1C1D000X,0,0
0.138429,-36,-12,323,1,0,TE1A0B1C1D000X,0,0
0.150856,-36,-10,322,1,0,TE1A0B1C1D000X,0,0
0.163225,-37,-8,322,1,0,TE1A0B1C1D000X,0,0
0.17581,-37,-6,322,1,0,TE1A0B1C1D000X,0,0
0.188187,-37,-4,321,1,0,TE1A0B2C1D000X,0,0
0.200566,-37,-2,321,1,0,TE1A0B2C1D000X,0,0
0.212758,-38,0,321,1,0,TE1A0B2C1D000X,0,0
0.225134,-38,1,321,1,0,TE1A0B2C1D000X,0,0
0.237402,-39,3,321,1,0,TE1A0B2C1D000X,0,0
0.249592,-40,5,321,1,0,TE1A0B2C1D000X,0,0
0.262021,-40,6,322,1,0,TE1A0B2C1D000X,0,0
0.274268,-41,8,322,1,0,TE1A0B2C1D000X,0,0
0.286261,-42,10,322,1,0,TE1A0B2C0D000X,0,0
0.298819,-43,12,322,1,0,TE1A0B2C0D000X,0,0
0.311124,-44,14,322,1,0,TE1A0B2C0D000X,0,0
0.323124,-45,16,323,1,0,TE1A0B3C0D000X,0,0
0.335334,-46,18,323,1,0,TE1A0B3C0D000X,0,0
0.347264,-46,19,323,1,0,TE1A0B3C0D000X,0,0
0.359753,-47,21,323,1,0,TE1A0B3C0D000X,0,0
0.372873,-49,23,324,1,0,TE1A0B3C0D000X,0,0
0.386108,-50,25,324,1,0,TE1A0B3C0D000X,0,0
0.398282,-51,27,324,1,0,TE1A0B3C0D000X,0,0
0.410247,-53,29,323,1,0,TE1A0B3C0D000X,0,0
0.423425,-54,30,323,1,0,TE1A0B4C0D000X,0,0
0.435458,-56,32,322,1,0,TE1A0B4C0D000X,0,0
0.447532,-57,34,322,1,0,TE1A0B4C0D000X,0,0
0.459722,-58,35,321,1,0,TE1A0B4C0D000X,0,0
0.471649,-59,37,320,1,0,TE1A0B4C0D000X,0,0
0.483653,-61,39,320,1,0,TE1A0B4C0D000X,0,0
0.495752,-62,41,319,1,0,TE1A0B5C0D000X,0,0
0.507797,-64,43,319,1,0,TE1A0B5C0D000X,0,0
0.520175,-65,44,316,1,0,TE1A0B5C0D000X,0,0
0.532281,-66,46,316,1,0,TE1A0B5C0D000X,0,0
0.544278,-67,48,316,1,0,TE1A0B5C0D000X,0,0
0.556897,-69,49,315,1,0,TE1A0B5C0D000X,0,0
0.570403,-70,51,314,1,0,TE1A0B5C0D000X,0,0
0.582372,-71,52,314,1,0,TE1A0B5C0D000X,0,0
0.594552,-72,53,313,1,0,TE1A0B6C0D000X,0,0
0.606501,-73,55,313,1,0,TE1A0B6C0D000X,0,0
0.618533,-74,56,312,1,0,TE1A0B6C0D000X,0,0
0.630649,-75,57,312,1,0,TE1A0B6C0D000X,0,0
0.642914,-76,58,311,1,0,TE1A0B6C0D000X,0,0
0.65512,-77,59,310,1,0,TE1A0B6C0D000X,0,0
0.667282,-78,60,310,1,0,TE1A0B6C0D000X,0,0
0.679246,-78,61,310,1,0,TE1A0B6C0D000X,0,0
0.691671,-79,61,310,1,0,TE1A0B6C0D000X,0,0
0.703997,-80,62,310,1,0,TE1A0B6C0D000X,0,0
0.716182,-80,63,310,1,0,TE1A0B6C0D000X,0,0
0.728244,-80,63,309,1,0,TE1A0B6C0D000X,0,0
0.740077,-81,64,310,1,0,TE1A0B6C0D000X,0,0
0.751749,-80,64,310,1,0,TE1A0B6C0D000X,0,0
0.763838,-80,64,310,1,0,TE1A0B6C0D000X,0,0
0.775819,-79,65,310,1,0,TE1A0B6C0D000X,0,0
0.787794,-79,65,310,1,0,TE1A0B6C0D000X,0,0
0.799477,-78,65,310,1,0,TE1A0B6C0D000X,0,0
0.811329,-77,65,310,1,0,TE1A0B6C0D000X,0,0
0.823365,-76,66,311,1,0,TE1A0B6C0D000X,0,0
0.835191,-74,66,311,1,0,TE1A0B6C0D000X,0,0
0.846946,-73,66,310,1,0,TE1A0B6C0D000X,0,0
0.858899,-71,66,311,1,0,TE1A0B6C0D000X,0,0
0.870741,-70,66,311,1,0,TE1A0B6C0D000X,0,0
0.882713,-68,66,311,1,0,TE1A0B6C0D000X,0,0
0.894886,-66,66,311,1,0,TE1A1B6C0D000X,0,0
0.906828,-64,66,312,1,0,TE1A1B5C0D000X,0,0
0.919605,-62,66,312,1,0,TE1A1B5C0D000X,0,0
0.931417,-60,66,312,1,0,TE1A1B5C0D000X,0,0
0.943797,-58,66,312,1,0,TE1A1B5C0D000X,0,0
0.956891,-56,66,312,1,0,TE1A1B5C0D000X,0,0
0.969005,-53,66,312,1,0,TE1A1B5C0D000X,0,0
0.980971,-51,65,312,1,0,TE1A1B5C0D000X,0,0
0.99308,-48,65,312,1,0,TE1A1B5C0D000X,0,0
1.00511,-46,65,312,1,0,TE1A1B4C0D000X,0,0
0.0117329,-44,64,312,1,0,TE1A1B4C0D000X,0,0
0.0238696,-41,63,312,1,0,TE1A1B4C0D000X,0,0
0.0378497,-39,63,312,1,0,TE1A1B4C0D000X,0,0
0.0500659,-37,62,312,1,0,TE1A1B4C0D000X,0,0
0.0618834,-34,62,313,1,0,TE1A1B4C0D000X,0,0
0.0736373,-32,61,313,1,0,TE1A1B4C0D000X,0,0
0.0855346,-30,60,313,1,0,TE1A1B3C0D000X,0,0
0.098607,-27,59,313,1,0,TE1A1B3C0D000X,0,0
0.110548,-25,59,312,1,0,TE1A1B3C0D000X,0,0
0.122596,-23,58,312,1,0,TE1A1B3C0D000X,0,0
0.13434,-20,57,312,1,0,TE1A1B3C0D000X,0,0
0.146053,-18,57,312,1,0,TE1A1B3C0D000X,0,0
0.158292,-16,56,312,1,0,TE1A1B3C0D000X,0,0
0.170265,-13,55,312,1,0,TE1A1B2C0D000X,0,0
0.182239,-11,55,312,1,0,TE1A1B2C0D000X,0,0
0.194264,-9,54,312,1,0,TE1A1B2C0D000X,0,0
0.205733,-7,54,312,1,0,TE1A1B2C0D000X,0,0
0.217232,-4,53,312,1,0,TE1A2B2C0D000X,0,0
0.22918,-2,53,312,1,0,TE1A2B2C0D000X,0,0
0.241139,0,53,311,1,0,TE1A2B2C0D000X,0,0
0.253336,2,53,311,1,0,TE1A2B2C0D000X,0,0
0.265302,4,52,311,1,0,TE1A2B2C0D000X,0,0
0.277224,7,52,311,1,0,TE1A2B2C0D000X,0,0
0.289458,9,52,310,1,0,TE1A2B1C0D000X,0,0
0.301707,11,52,310,1,0,TE1A2B1C0D000X,0,0
0.314199,13,52,309,1,0,TE1A2B1C0D000X,0,0
0.326274,15,52,309,1,0,TE1A2B1C0D000X,0,0
0.338233,18,52,309,1,0,TE1A2B1C0D000X,0,0
0.350302,20,51,309,1,0,TE1A2B1C0D000X,0,0
0.362284,23,51,309,1,0,TE1A2B1C0D000X,0,0
0.374478,25,51,308,1,0,TE1A3B1C0D000X,0,0
0.387184,27,51,308,1,0,TE1A3B1C0D000X,0,0
0.399374,30,50,308,1,0,TE1A3B1C0D000X,0,0
0.411652,32,50,307,1,0,TE1A3B1C0D000X,0,0
0.424236,34,50,307,1,0,TE1A3B1C0D000X,0,0
0.436704,36,49,307,1,0,TE1A3B1C0D000X,0,0
0.448992,38,49,307,1,0,TE1A3B1C0D000X,0,0
0.461086,40,49,306,1,0,TE1A3B1C0D000X,0,0
0.472994,42,48,305,1,0,TE1A4B1C0D000X,0,0
0.485085,44,48,305,1,0,TE1A4B1C0D000X,0,0
0.498582,46,47,305,1,0,TE1A4B0C0D000X,0,0
0.510957,47,47,305,1,0,TE1A4B0C0D000X,0,0
0.523451,49,46,304,1,0,TE1A4B0C0D000X,0,0
0.536032,51,46,304,1,0,TE1A4B0C0D000X,0,0
0.548358,52,45,304,1,0,TE1A4B0C0D000X,0,0
0.560538,54,44,303,1,0,TE1A4B0C0D000X,0,0
0.572614,55,44,303,1,0,TE1A5B0C0D000X,0,0
0.585193,56,43,303,1,0,TE1A5B0C0D000X,0,0
0.597855,57,43,303,1,0,TE1A5B0C0D000X,0,0
0.609681,57,42,304,1,0,TE1A5B0C0D000X,0,0
0.622097,58,42,304,1,0,TE1A5B0C0D000X,0,0
0.634746,58,41,304,1,0,TE1A5B0C0D000X,0,0
0.64763,58,40,304,1,0,TE1A5B0C0D000X,0,0
0.660219,59,40,304,1,0,TE1A5B0C0D000X,0,0
0.672447,59,39,303,1,0,TE1A5B0C0D000X,0,0
0.685134,58,39,303,1,0,TE1A5B0C0D000X,0,0
0.698784,58,38,304,1,0,TE1A5B0C0D000X,0,0
0.711322,58,37,304,1,0,TE1A5B0C0D000X,0,0
0.723285,58,37,304,1,0,TE1A5B0C0D000X,0,0
0.735651,57,36,304,1,0,TE1A5B0C0D000X,0,0
0.747511,57,36,305,1,0,TE1A4B0C0D000X,0,0
0.759838,56,35,306,1,0,TE1A4B0C0D000X,0,0
0.7721,55,34,306,1,0,TE1A4B0C0D000X,0,0
0.784266,54,34,306,1,0,TE1A4B0C0D000X,0,0
0.79633,53,33,307,1,0,TE1A4B0C0D000X,0,0
0.808774,52,33,307,1,0,TE1A4B0C0D000X,0,0
0.820931,50,32,308,1,0,TE1A4B0C0D000X,0,0
0.833056,49,32,308,1,0,TE1A4B0C0D000X,0,0
0.845242,47,31,309,1,0,TE1A4B0C0D000X,0,0
0.857325,46,31,310,1,0,TE1A4B0C0D000X,0,0
0.869675,44,30,310,1,0,TE1A4B0C0D000X,0,0
0.88165,42,30,310,1,0,TE1A4B0C0D000X,0,0
0.893745,40,29,311,1,0,TE1A4B0C0D000X,0,0
0.906094,38,29,311,1,0,TE1A3B0C0D000X,0,0
0.920108,36,28,311,1,0,TE1A3B0C0D000X,0,0
0.932117,35,28,312,1,0,TE1A3B0C0D000X,0,0
0.944121,33,28,313,1,0,TE1A3B0C0D000X,0,0
0.956657,31,28,313,1,0,TE1A3B0C0D000X,0,0
0.968769,29,27,313,1,0,TE1A3B0C0D000X,0,0
0.980963,27,27,314,1,0,TE1A2B0C0D000X,0,0
0.993232,25,27,315,1,0,TE1A2B0C0D000X,0,0
1.00531,22,27,315,1,0,TE1A2B0C0D000X,0,0
0.0132664,20,27,316,1,0,TE1A2B0C0D000X,0,0
0.0252741,18,27,316,1,0,TE1A2B0C0D000X,0,0
0.0373913,16,27,317,1,0,TE1A2B0C0D000X,0,0
0.0504234,14,27,317,1,0,TE1A2B0C0D000X,0,0
0.062964,12,27,318,1,0,TE1A1B0C0D000X,0,0
0.0748841,9,27,318,1,0,TE1A1B1C0D000X,0,0
0.0869642,7,27,319,1,0,TE1A1B1C0D000X,0,0
0.0991442,4,27,319,1,0,TE1A1B1C0D000X,0,0
0.11131,2,27,319,1,0,TE1A1B1C0D000X,0,0
0.123483,0,27,318,1,0,TE1A1B1C0D000X,0,0
0.135689,-2,27,319,1,0,TE1A1B1C0D000X,0,0
0.147923,-4,27,319,1,0,TE1A1B1C0D000X,0,0
0.16015,-7,27,320,1,0,TE1A1B1C0D000X,0,0
0.172221,-9,27,321,1,0,TE1A1B1C0D000X,0,0
0.184225,-12,27,321,1,0,TE1A1B1C0D000X,0,0
0.196496,-14,27,322,1,0,TE1A1B1C0D000X,0,0
0.208619,-17,27,322,1,0,TE1A0B2C0D000X,0,0
0.220728,-19,27,323,1,0,TE1A0B2C0D000X,0,0
0.233042,-22,27,324,1,0,TE1A0B2C0D000X,0,0
0.245448,-24,27,324,1,0,TE1A0B2C0D000X,0,0
0.257531,-27,27,324,1,0,TE1A0B2C0D000X,0,0
0.26965,-29,27,325,1,0,TE1A0B2C0D000X,0,0
0.282068,-32,27,325,1,0,TE1A0B2C0D000X,0,0
0.294493,-34,27,326,1,0,TE1A0B3C0D000X,0,0
0.307077,-37,26,326,1,0,TE1A0B3C0D000X,0,0
0.319155,-39,26,327,1,0,TE1A0B3C0D000X,0,0
0.331315,-42,26,327,1,0,TE1A0B3C0D000X,0,0
0.343199,-44,26,328,1,0,TE1A0B3C0D000X,0,0
0.35506,-47,26,328,1,0,TE1A0B3C0D000X,0,0
0.367149,-49,26,328,1,0,TE1A0B3C0D000X,0,0
0.37925,-52,26,328,1,0,TE1A0B3C0D000X,0,0
0.391357,-54,25,328,1,0,TE1A0B3C0D000X,0,0
0.403603,-56,25,328,1,0,TE1A0B3C0D000X,0,0
0.415998,-59,25,328,1,0,TE1A0B4C0D000X,0,0
0.428334,-60,25,327,1,0,TE1A0B4C0D000X,0,0
0.440632,-62,25,328,1,0,TE1A0B4C0D000X,0,0
0.452999,-64,25,328,1,0,TE1A0B4C0D000X,0,0
0.465649,-65,24,328,1,0,TE1A0B4C0D000X,0,0
0.478114,-66,24,328,1,0,TE1A0B4C0D000X,0,0
0.490427,-67,24,328,1,0,TE1A0B4C0D000X,0,0
0.502971,-68,24,327,1,0,TE1A0B4C1D000X,0,0
0.515468,-69,24,327,1,0,TE1A0B4C1D000X,0,0
0.528088,-70,24,328,1,0,TE1A0B4C1D000X,0,0
0.540268,-70,24,327,1,0,TE1A0B4C1D000X,0,0
0.552695,-70,24,328,1,0,TE1A0B4C1D000X,0,0
0.565113,-71,24,328,1,0,TE1A0B4C1D000X,0,0
0.577977,-71,24,327,1,0,TE1A0B4C1D000X,0,0
0.590469,-71,24,328,1,0,TE1A0B4C1D000X,0,0
0.602776,-71,23,327,1,0,TE1A0B4C1D000X,0,0
0.615614,-71,23,327,1,0,TE1A0B4C1D000X,0,0
0.628181,-71,23,327,1,0,TE1A0B4C1D000X,0,0
0.642253,-71,23,327,1,0,TE1A0B4C1D000X,0,0
0.654467,-70,23,327,1,0,TE1A0B4C1D000X,0,0
0.666816,-70,22,326,1,0,TE1A0B4C1D000X,0,0
0.678842,-69,22,326,1,0,TE1A0B4C1D000X,0,0
0.690931,-69,22,325,1,0,TE1A0B4C1D000X,0,0
0.703404,-68,21,325,1,0,TE1A0B4C1D000X,0,0
0.715933,-67,21,324,1,0,TE1A0B4C1D000X,0,0
0.7284,-66,21,324,1,0,TE1A0B4C1D000X,0,0
0.740542,-66,20,324,1,0,TE1A0B4C1D000X,0,0
0.75288,-65,20,323,1,0,TE1A0B4C1D000X,0,0
0.765456,-64,20,323,1,0,TE1A0B4C1D000X,0,0
0.777976,-63,19,323,1,0,TE1A0B4C1D000X,0,0
0.790125,-62,19,323,1,0,TE1A0B4C1D000X,0,0
0.802406,-61,19,323,1,0,TE1A0B4C1D000X,0,0
0.814889,-60,18,323,1,0,TE1A0B3C1D000X,0,0
0.827758,-59,18,323,1,0,TE1A0B3C1D000X,0,0
0.840266,-57,17,323,1,0,TE1A0B3C1D000X,0,0
0.85247,-56,17,323,1,0,TE1A0B3C1D000X,0,0
0.865197,-55,16,322,1,0,TE1A0B3C1D000X,0,0
0.877413,-54,16,323,1,0,TE1A0B3C1D000X,0,0
0.889684,-52,15,322,1,0,TE1A0B3C1D000X,0,0
0.902106,-51,15,322,1,0,TE1A0B3C1D000X,0,0
0.914976,-49,14,321,1,0,TE1A0B3C1D000X,0,0
0.927418,-48,13,322,1,0,TE1A0B3C0D000X,0,0
0.939842,-46,13,322,1,0,TE1A0B3C0D000X,0,0
0.952385,-45,12,322,1,0,TE1A0B3C0D000X,0,0
0.964796,-44,12,322,1,0,TE1A0B3C0D000X,0,0
0.977361,-42,11,321,1,0,TE1A0B2C0D000X,0,0
0.989614,-41,10,321,1,0,TE1A0B2C0D000X,0,0
1.00246,-40,10,321,1,0,TE1A0B2C0D000X,0,0
0.0123032,-38,9,320,1,0,TE1A0B2C0D000X,0,0
0.0251589,-37,8,319,1,0,TE1A0B2C0D000X,0,0
0.0375676,-36,7,318,1,0,TE1A0B2C0D000X,0,0
0.0501078,-34,7,317,1,0,TE1A0B2C0D000X,0,0
0.0625566,-33,6,317,1,0,TE1A0B2C0D000X,0,0
0.0747955,-32,5,316,1,0,TE1A0B2C0D000X,0,0
0.0871457,-31,5,315,1,0,TE1A0B2C0D000X,0,0
0.0996398,-30,4,314,1,0,TE1A0B2C0D000X,0,0
0.11209,-29,3,314,1,0,TE1A0B2C0D000X,0,0
0.124462,-28,2,314,1,0,TE1A0B2C0D000X,0,0
0.13672,-27,2,314,1,0,TE1A0B2C0D000X,0,0
0.148875,-26,1,313,1,0,TE1A0B1C0D000X,0,0
0.161356,-25,0,313,1,0,TE1A0B1C0D000X,0,0
0.173864,-25,0,311,1,0,TE1A0B1C0D000X,0,0
0.186552,-24,0,311,1,0,TE1A0B1C0D000X,0,0
0.198993,-23,-1,311,1,0,TE1A0B1C0D000X,0,0
0.211488,-22,-2,311,1,0,TE1A0B1C0D000X,0,0
0.22489,-22,-2,312,1,0,TE1A0B1C0D000X,0,0
0.237282,-21,-3,313,1,0,TE1A0B1C0D000X,0,0
0.249573,-21,-4,314,1,0,TE1A0B1C1D000X,0,0
0.262279,-20,-5,314,1,0,TE1A0B1C1D000X,0,0
0.274583,-19,-5,315,1,0,TE1A0B1C1D000X,0,0
0.286908,-19,-6,315,1,0,TE1A0B1C1D000X,0,0
0.299509,-18,-7,315,1,0,TE1A0B1C1D000X,0,0
0.312349,-18,-8,316,1,0,TE1A0B1C1D000X,0,0
0.324944,-17,-9,316,1,0,TE1A0B1C1D000X,0,0
0.337358,-17,-10,317,1,0,TE1A0B1C1D000X,0,0
0.350034,-16,-11,318,1,0,TE1A0B1C1D000X,0,0
0.362832,-16,-11,319,1,0,TE1A0B1C1D000X,0,0
0.375474,-15,-12,319,1,0,TE1A0B1C1D000X,0,0
0.388141,-15,-13,320,1,0,TE1A0B1C1D000X,0,0
0.400655,-14,-14,320,1,0,TE1A0B1C1D000X,0,0
0.413291,-14,-15,321,1,0,TE1A0B0C1D000X,0,0
0.425999,-14,-16,322,1,0,TE1A0B0C1D000X,0,0
0.438433,-14,-17,322,1,0,TE1A0B0C1D000X,0,0
0.450883,-13,-18,322,1,0,TE1A0B0C1D000X,0,0
0.463459,-13,-18,323,1,0,TE1A0B0C1D000X,0,0
0.475848,-13,-19,323,1,0,TE1A0B0C1D000X,0,0
0.488429,-13,-20,324,1,0,TE1A0B0C1D000X,0,0
0.501218,-13,-21,325,1,0,TE1A0B0C1D000X,0,0
0.514107,-13,-22,325,1,0,TE1A0B0C1D000X,0,0
0.527162,-14,-23,326,1,0,TE1A0B0C1D000X,0,0
0.539735,-14,-23,326,1,0,TE1A0B0C1D000X,0,0
0.55225,-14,-24,326,1,0,TE1A0B0C1D000X,0,0
0.565076,-14,-25,326,1,0,TE1A0B0C1D000X,0,0
0.577933,-14,-25,327,1,0,TE1A0B0C1D000X,0,0
0.590659,-15,-26,326,1,0,TE1A0B0C1D000X,0,0
0.603202,-15,-26,326,1,0,TE1A0B0C1D000X,0,0
0.615737,-15,-27,327,1,0,TE1A0B0C1D000X,0,0
0.628424,-15,-27,327,1,0,TE1A0B0C2D000X,0,0
0.641234,-15,-28,327,1,0,TE1A0B0C2D000X,0,0
0.653884,-15,-28,327,1,0,TE1A0B0C2D000X,0,0
0.66656,-15,-29,327,1,0,TE1A0B0C2D000X,0,0
0.679383,-16,-29,327,1,0,TE1A0B0C2D000X,0,0
0.692158,-16,-29,327,1,0,TE1A0B0C2D000X,0,0
0.705105,-16,-30,326,1,0,TE1A0B0C2D000X,0,0
0.717969,-16,-30,326,1,0,TE1A0B0C2D000X,0,0
0.730852,-16,-30,325,1,0,TE1A0B0C2D000X,0,0
0.744889,-16,-31,325,1,0,TE1A0B0C2D000X,0,0
0.758335,-16,-31,325,1,0,TE1A0B0C2D000X,0,0
0.771197,-16,-31,324,1,0,TE1A0B0C2D000X,0,0
0.783781,-16,-31,324,1,0,TE1A0B0C2D000X,0,0
0.796622,-16,-32,325,1,0,TE1A0B0C2D000X,0,0
0.809483,-16,-32,325,1,0,TE1A0B1C2D000X,0,0
0.822271,-17,-32,324,1,0,TE1A0B1C2D000X,0,0
0.835212,-17,-32,324,1,0,TE1A0B1C2D000X,0,0
0.848098,-17,-32,324,1,0,TE1A0B1C2D000X,0,0
0.861051,-17,-33,324,1,0,TE1A0B1C2D000X,0,0
0.873686,-18,-33,323,1,0,TE1A0B1C2D000X,0,0
0.886797,-18,-33,324,1,0,TE1A0B1C2D000X,0,0
0.899631,-18,-33,324,1,0,TE1A0B1C2D000X,0,0
0.912614,-18,-34,324,1,0,TE1A0B1C2D000X,0,0
0.925563,-19,-34,324,1,0,TE1A0B1C2D000X,0,0
0.938281,-19,-34,324,1,0,TE1A0B1C2D000X,0,0
0.951211,-19,-34,324,1,0,TE1A0B1C2D000X,0,0
0.96422,-20,-35,324,1,0,TE1A0B1C2D000X,0,0
0.976999,-20,-35,324,1,0,TE1A0B1C2D000X,0,0
0.989978,-21,-35,324,1,0,TE1A0B1C2D000X,0,0
1.0028,-21,-35,325,1,0,TE1A0B1C2D000X,0,0
0.0127072,-21,-35,324,1,0,TE1A0B1C2D000X,0,0
0.0255148,-22,-35,324,1,0,TE1A0B1C2D000X,0,0
0.0385215,-22,-36,324,1,0,TE1A0B1C2D000X,0,0
0.0512465,-23,-36,324,1,0,TE1A0B1C2D000X,0,0
0.063901,-23,-36,325,1,0,TE1A0B1C2D000X,0,0
0.0767292,-23,-36,325,1,0,TE1A0B1C2D000X,0,0
0.0895229,-24,-36,326,1,0,TE1A0B1C2D000X,0,0
0.10201,-24,-36,326,1,0,TE1A0B1C2D000X,0,0
0.11466,-25,-36,326,1,0,TE1A0B1C2D000X,0,0
0.127441,-25,-36,327,1,0,TE1A0B1C2D000X,0,0
0.139693,-25,-35,327,1,0,TE1A0B1C2D000X,0,0
0.152435,-26,-35,327,1,0,TE1A0B1C2D000X,0,0
0.164791,-26,-34,327,1,0,TE1A0B1C2D000X,0,0
0.17768,-26,-33,327,1,0,TE1A0B1C2D000X,0,0
0.19163,-26,-33,327,1,0,TE1A0B1C2D000X,0,0
0.203941,-27,-32,327,1,0,TE1A0B1C2D000X,0,0
0.216393,-27,-31,327,1,0,TE1A0B1C2D000X,0,0
0.231543,-27,-30,328,1,0,TE1A0B1C2D000X,0,0
0.246651,-27,-28,328,1,0,TE1A0B1C2D000X,0,0
0.25931,-28,-27,327,1,0,TE1A0B1C2D000X,0,0
0.271704,-28,-26,326,1,0,TE1A0B1C2D000X,0,0
0.284264,-28,-24,325,1,0,TE1A0B1C2D000X,0,0
0.296717,-28,-22,325,1,0,TE1A0B1C1D000X,0,0
0.309205,-28,-21,324,1,0,TE1A0B1C1D000X,0,0
0.321833,-28,-19,323,1,0,TE1A0B1C1D000X,0,0
0.333989,-29,-17,323,1,0,TE1A0B1C1D000X,0,0
0.346355,-29,-16,322,1,0,TE1A0B1C1D000X,0,0
0.35906,-29,-14,322,1,0,TE1A0B1C1D000X,0,0
0.371724,-29,-13,321,1,0,TE1A0B1C1D000X,0,0
0.384253,-30,-11,321,1,0,TE1A0B1C1D000X,0,0
0.396823,-30,-10,320,1,0,TE1A0B1C1D000X,0,0
0.409459,-30,-9,320,1,0,TE1A0B1C1D000X,0,0
0.423314,-31,-7,320,1,0,TE1A0B1C1D000X,0,0
0.438361,-31,-6,319,1,0,TE1A0B1C1D000X,0,0
0.450895,-31,-5,318,1,0,TE1A0B1C1D000X,0,0
0.464088,-31,-4,319,1,0,TE1A0B1C1D000X,0,0
0.479455,-32,-3,319,1,0,TE1A0B1C1D000X,0,0
0.4928,-32,-2,319,1,0,TE1A0B1C1D000X,0,0
0.509804,-32,-1,320,1,0,TE1A0B1C1D000X,0,0
0.522903,-33,0,320,1,0,TE1A0B1C1D000X,0,0
0.539891,-33,0,320,1,0,TE1A0B2C1D000X,0,0
0.552553,-33,1,320,1,0,TE1A0B2C1D000X,0,0
0.565253,-34,2,320,1,0,TE1A0B2C1D000X,0,0
0.577956,-34,3,320,1,0,TE1A0B2C1D000X,0,0
0.590703,-34,4,320,1,0,TE1A0B2C1D000X,0,0
0.602926,-35,5,320,1,0,TE1A0B2C0D000X,0,0
0.62115,-35,6,320,1,0,TE1A0B2C0D000X,0,0
0.633723,-35,8,321,1,0,TE1A0B2C0D000X,0,0
0.646396,-36,9,321,1,0,TE1A0B2C0D000X,0,0
0.658994,-36,10,321,1,0,TE1A0B2C0D000X,0,0
0.671713,-36,10,320,1,0,TE1A0B2C0D000X,0,0
0.684575,-36,11,320,1,0,TE1A0B2C0D000X,0,0
0.698085,-36,12,320,1,0,TE1A0B2C0D000X,0,0
0.710673,-36,13,319,1,0,TE1A0B2C0D000X,0,0
0.723359,-36,14,319,1,0,TE1A0B2C0D000X,0,0
0.735746,-37,15,319,1,0,TE1A0B2C0D000X,0,0
0.748258,-37,15,319,1,0,TE1A0B2C0D000X,0,0
0.760817,-37,16,319,1,0,TE1A0B2C0D000X,0,0
0.773449,-37,17,318,1,0,TE1A0B2C0D000X,0,0
0.78576,-37,17,318,1,0,TE1A0B2C0D000X,0,0
0.798373,-38,18,319,1,0,TE1A0B2C0D000X,0,0
0.810903,-38,18,318,1,0,TE1A0B3C0D000X,0,0
0.823554,-38,19,318,1,0,TE1A0B3C0D000X,0,0
0.837036,-38,19,318,1,0,TE1A0B3C0D000X,0,0
0.849494,-38,19,318,1,0,TE1A0B3C0D000X,0,0
0.861998,-38,20,318,1,0,TE1A0B3C0D000X,0,0
0.874515,-39,20,318,1,0,TE1A0B3C0D000X,0,0
0.887014,-39,21,318,1,0,TE1A0B3C0D000X,0,0
0.899733,-39,21,317,1,0,TE1A0B3C0D000X,0,0
0.91251,-39,21,317,1,0,TE1A0B3C0D000X,0,0
0.925838,-39,21,317,1,0,TE1A0B3C0D000X,0,0
0.938291,-39,22,317,1,0,TE1A0B3C0D000X,0,0
0.950695,-39,22,318,1,0,TE1A0B3C0D000X,0,0
0.962995,-39,22,318,1,0,TE1A0B3C0D000X,0,0
0.976702,-40,22,318,1,0,TE1A0B3C0D000X,0,0
0.989429,-40,22,318,1,0,TE1A0B3C0D000X,0,0
1.00162,-40,22,319,1,0,TE1A0B3C0D000X,0,0
0.0126992,-40,22,319,1,0,TE1A0B3C0D000X,0,0
0.0252149,-41,22,319,1,0,TE1A0B3C0D000X,0,0
0.0375181,-41,22,320,1,0,TE1A0B3C0D000X,0,0
0.0502009,-41,22,319,1,0,TE1A0B3C0D000X,0,0
0.0626792,-42,22,319,1,0,TE1A0B3C0D000X,0,0
0.0753116,-42,22,320,1,0,TE1A0B3C0D000X,0,0
0.0879995,-42,21,319,1,0,TE1A0B3C0D000X,0,0
0.100328,-43,21,319,1,0,TE1A0B3C0D000X,0,0
0.112649,-43,21,320,1,0,TE1A0B3C0D000X,0,0
0.12511,-43,21,320,1,0,TE1A0B3C0D000X,0,0
0.137278,-44,20,320,1,0,TE1A0B3C0D000X,0,0
0.150013,-44,20,320,1,0,TE1A0B3C0D000X,0,0
0.162341,-45,19,320,1,0,TE1A0B3C0D000X,0,0
0.174871,-45,19,320,1,0,TE1A0B3C0D000X,0,0
0.187787,-45,19,320,1,0,TE1A0B3C0D000X,0,0
0.200114,-46,18,321,1,0,TE1A0B3C0D000X,0,0
0.212555,-46,18,321,1,0,TE1A0B3C0D000X,0,0
0.225236,-46,17,321,1,0,TE1A0B3C0D000X,0,0
0.237795,-46,16,321,1,0,TE1A0B3C0D000X,0,0
0.250209,-46,16,321,1,0,TE1A0B3C0D000X,0,0
0.262509,-47,15,321,1,0,TE1A0B3C0D000X,0,0
0.274889,-47,15,321,1,0,TE1A0B3C0D000X,0,0
0.288768,-47,14,321,1,0,TE1A0B3C0D000X,0,0
0.302216,-47,14,322,1,0,TE1A0B3C0D000X,0,0
0.314894,-47,13,322,1,0,TE1A0B3C0D000X,0,0
0.327529,-47,13,322,1,0,TE1A0B3C0D000X,0,0
0.34072,-46,12,322,1,0,TE1A0B3C0D000X,0,0
0.35422,-46,11,322,1,0,TE1A0B3C0D000X,0,0
0.366527,-46,11,322,1,0,TE1A0B3C0D000X,0,0
0.378875,-46,10,322,1,0,TE1A0B3C1D000X,0,0
0.391347,-46,10,322,1,0,TE1A0B2C1D000X,0,0
0.404062,-45,9,323,1,0,TE1A0B2C1D000X,0,0
0.416693,-45,8,323,1,0,TE1A0B2C1D000X,0,0
0.430092,-45,8,322,1,0,TE1A0B2C1D000X,0,0
0.444512,-44,7,322,1,0,TE1A0B2C1D000X,0,0
0.457584,-44,6,322,1,0,TE1A0B2C1D000X,0,0
0.470031,-43,5,321,1,0,TE1A0B2C1D000X,0,0
0.482402,-43,5,321,1,0,TE1A0B2C1D000X,0,0
0.494786,-43,4,321,1,0,TE1A0B2C1D000X,0,0
0.507718,-42,3,320,1,0,TE1A0B2C1D000X,0,0
0.520356,-42,2,320,1,0,TE1A0B2C1D000X,0,0
0.532955,-41,2,319,1,0,TE1A0B2C1D000X,0,0
0.545529,-41,1,320,1,0,TE1A0B2C1D000X,0,0
0.558207,-40,0,320,1,0,TE1A0B2C1D000X,0,0
0.570824,-40,0,320,1,0,TE1A0B2C1D000X,0,0
0.583755,-40,-1,320,1,0,TE1A0B2C1D000X,0,0
0.596342,-39,-1,320,1,0,TE1A0B2C1D000X,0,0
0.609156,-39,-2,320,1,0,TE1A0B2C1D000X,0,0
0.622003,-38,-3,320,1,0,TE1A0B2C1D000X,0,0
0.635584,-38,-3,320,1,0,TE1A0B2C1D000X,0,0
0.648212,-37,-4,320,1,0,TE1A0B2C1D000X,0,0
0.660835,-36,-4,320,1,0,TE1A0B2C1D000X,0,0
0.674281,-36,-5,319,1,0,TE1A0B2C1D000X,0,0
0.687928,-35,-5,319,1,0,TE1A0B2C1D000X,0,0
0.700576,-35,-6,320,1,0,TE1A0B2C1D000X,0,0
0.713477,-34,-6,320,1,0,TE1A0B1C1D000X,0,0
0.726157,-33,-6,319,1,0,TE1A0B1C1D000X,0,0
0.73845,-33,-7,319,1,0,TE1A0B1C1D000X,0,0
0.750769,-32,-7,319,1,0,TE1A0B1C1D000X,0,0
0.763296,-31,-7,320,1,0,TE1A0B1C1D000X,0,0
0.775709,-30,-7,319,1,0,TE1A0B1C1D000X,0,0
0.788439,-30,-7,319,1,0,TE1A0B1C1D000X,0,0
0.801165,-29,-7,319,1,0,TE1A0B1C1D000X,0,0
0.813709,-28,-7,318,1,0,TE1A0B1C1D000X,0,0
0.826572,-28,-7,317,1,0,TE1A0B1C1D000X,0,0
0.83926,-27,-7,317,1,0,TE1A0B1C1D000X,0,0
0.853499,-26,-7,316,1,0,TE1A0B1C1D000X,0,0
0.87226,-26,-6,316,1,0,TE1A0B1C1D000X,0,0
0.885244,-25,-6,316,1,0,TE1A0B1C1D000X,0,0
0.898915,-25,-6,316,1,0,TE1A0B1C1D000X,0,0
0.911972,-24,-6,316,1,0,TE1A0B1C1D000X,0,0
0.92501,-24,-6,315,1,0,TE1A0B1C1D000X,0,0
0.937801,-24,-6,315,1,0,TE1A0B1C1D000X,0,0
0.950218,-23,-5,315,1,0,TE1A0B1C1D000X,0,0
0.962857,-23,-5,315,1,0,TE1A0B1C1D000X,0,0
0.975735,-23,-5,314,1,0,TE1A0B1C1D000X,0,0
0.988624,-22,-5,314,1,0,TE1A0B1C1D000X,0,0
1.00122,-22,-5,314,1,0,TE1A0B1C1D000X,0,0
0.0127726,-22,-6,314,1,0,TE1A0B1C1D000X,0,0
0.0257222,-22,-6,315,1,0,TE1A0B1C1D000X,0,0
0.0385658,-22,-6,315,1,0,TE1A0B1C1D000X,0,0
0.0515029,-22,-6,315,1,0,TE1A0B1C1D000X,0,0
0.0639149,-22,-6,315,1,0,TE1A0B1C1D000X,0,0
0.0764312,-22,-6,316,1,0,TE1A0B1C1D000X,0,0
0.0891287,-22,-6,316,1,0,TE1A0B1C1D000X,0,0
0.101669,-22,-6,317,1,0,TE1A0B1C1D000X,0,0
0.114207,-22,-7,317,1,0,TE1A0B1C1D000X,0,0
0.126814,-22,-7,316,1,0,TE1A0B1C1D000X,0,0
0.140002,-22,-7,316,1,0,TE1A0B1C1D000X,0,0
0.15321,-22,-7,316,1,0,TE1A0B1C1D000X,0,0
0.167615,-22,-7,316,1,0,TE1A0B1C1D000X,0,0
0.181685,-22,-7,316,1,0,TE1A0B1C1D000X,0,0
0.194663,-22,-7,316,1,0,TE1A0B1C1D000X,0,0
0.207134,-22,-7,316,1,0,TE1A0B1C1D000X,0,0
0.219897,-22,-7,316,1,0,TE1A0B1C1D000X,0,0
0.232543,-22,-7,315,1,0,TE1A0B1C1D000X,0,0
0.245198,-22,-6,315,1,0,TE1A0B1C1D000X,0,0
0.257966,-22,-6,314,1,0,TE1A0B1C1D000X,0,0
0.270653,-22,-6,314,1,0,TE1A0B1C1D000X,0,0
0.2832,-22,-6,313,1,0,TE1A0B1C1D000X,0,0
0.295895,-22,-6,313,1,0,TE1A0B1C1D000X,0,0
0.308403,-22,-6,313,1,0,TE1A0B1C1D000X,0,0
0.321211,-22,-6,313,1,0,TE1A0B1C1D000X,0,0
0.332704,-22,-6,312,1,1,TE1A0B1C1D000X,0,0
