timestamp,errXmm,errYmm,errZmm,MarkerPresent,Touched,Encoder,Heading4,Heading5
0.246371,-15,-17,344,1,1,TE1A0B0C1D000X,0,0
0.261298,-15,-17,344,0,0,TE1A0B0C1D000X,0,0
0.276656,-15,-17,344,0,0,TE1A0B0C1D000X,0,0
0.29058,-15,-17,344,0,0,TE1A0B0C1D000X,0,0
0.304009,-15,-17,344,0,0,TE1A0B0C1D000X,0,0
0.317419,-15,-17,344,0,0,TE1A0B0C1D000X,0,0
0.33389,-15,-17,344,0,0,TE1A0B0C1D000X,0,0
0.34988,-15,-17,344,0,0,TE1A0B0C1D000X,0,0
0.363463,-15,-17,344,1,0,TE1A0B0C1D000X,0,0
0.376691,-35,-44,340,1,0,TE1A0B0C1D000X,0,0
0.389609,-53,-68,337,1,0,TE1A0B1C2D000X,0,0
0.403095,-68,-88,333,1,0,TE1A0B1C3D000X,0,0
0.41928,-82,-106,330,1,0,TE1A0B2C3D000X,0,0
0.43327,-95,-123,328,1,0,TE1A0B2C4D000X,0,0
0.446411,-106,-138,326,1,0,TE1A0B2C5D000X,0,0
0.459833,-116,-151,324,1,0,TE1A0B2C5D000X,0,0
0.473783,-125,-163,322,1,0,TE1A0B2C6D000X,0,0
0.486469,-134,-173,320,1,0,TE1A0B3C6D000X,0,0
0.49943,-142,-183,320,1,0,TE1A0B3C6D000X,0,0
0.512704,-149,-191,318,1,0,TE1A0B3C7D000X,0,0
0.526043,-155,-198,317,1,0,TE1A0B3C7D000X,0,0
0.539045,-162,-205,316,1,0,TE1A0B3C7D000X,0,0
0.551975,-167,-211,315,1,0,TE1A0B3C7D000X,0,0
0.56537,-172,-216,314,1,0,TE1A0B3C7D000X,0,0
0.578969,-176,-221,313,1,0,TE1A0B3C7D000X,0,0
0.591949,-180,-225,312,1,0,TE1A0B3C7D000X,0,0
0.604515,-184,-228,310,1,0,TE1A0B3C7D000X,0,0
0.616509,-188,-232,310,1,0,TE1A0B3C7D000X,0,0
0.630294,-191,-235,310,1,0,TE1A0B3C7D000X,0,0
0.643059,-195,-239,309,1,0,TE1A0B3C7D000X,0,0
0.655716,-198,-241,308,1,0,TE1A0B3C7D000X,0,0
0.668766,-200,-243,308,1,0,TE1A0B3C7D000X,0,0
0.6821,-203,-246,308,1,0,TE1A0B3C7D000X,0,0
0.694823,-205,-248,307,1,0,TE1A0B3C7D000X,0,0
0.707891,-207,-249,306,1,0,TE1A0B3C7D000X,0,0
0.720998,-208,-251,305,1,0,TE1A0B3C7D000X,0,0
0.733938,-209,-252,305,1,0,TE1A0B3C7D000X,0,0
0.747388,-210,-254,304,1,0,TE1A0B3C7D000X,0,0
0.760589,-211,-255,304,1,0,TE1A0B3C7D000X,0,0
0.775339,-211,-257,304,1,0,TE1A0B3C7D000X,0,0
0.788414,-212,-260,304,1,0,TE1A0B3C7D000X,0,0
0.801517,-212,-261,304,1,0,TE1A0B3C7D000X,0,0
0.814658,-212,-263,304,1,0,TE1A0B3C7D000X,0,0
0.827529,-212,-264,305,1,0,TE1A0B3C7D000X,0,0
0.84003,-212,-266,305,1,0,TE1A0B3C7D000X,0,0
0.852998,-211,-267,305,1,0,TE1A0B3C7D000X,0,0
0.866084,-210,-269,306,1,0,TE1A0B3C7D000X,0,0
0.879288,-210,-271,306,1,0,TE1A0B3C8D000X,0,0
0.892189,-209,-272,306,1,0,TE1A0B3C8D000X,0,0
0.905038,-208,-275,308,1,0,TE1A0B3C8D000X,0,0
0.918126,-207,-277,308,1,0,TE1A0B3C8D000X,0,0
0.93118,-206,-278,308,1,0,TE1A0B3C8D000X,0,0
0.944029,-205,-279,309,1,0,TE1A0B3C8D000X,0,0
0.956892,-203,-280,309,1,0,TE1A0B3C8D000X,0,0
0.969816,-202,-281,309,1,0,TE1A0B3C8D000X,0,0
0.982961,-201,-282,310,1,0,TE1A0B3C8D000X,0,0
0.996447,-200,-284,311,1,0,TE1A0B3C8D000X,0,0
1.00938,-199,-285,313,1,0,TE1A0B3C8D000X,0,0
0.0129003,-197,-286,313,1,0,TE1A0B3C8D000X,0,0
0.0252892,-194,-284,315,1,0,TE1A0B3C8D000X,0,0
0.0382057,-193,-285,316,1,0,TE1A0B3C8D000X,0,0
0.0515496,-192,-286,318,1,0,TE1A0B3C8D000X,0,0
0.0650491,-190,-286,319,1,0,TE1A0B3C8D000X,0,0
0.0776337,-189,-287,321,1,0,TE1A0B3C8D000X,0,0
0.0899526,-188,-287,323,1,0,TE1A0B3C8D000X,0,0
0.103103,-186,-287,325,1,0,TE1A0B3C8D000X,0,0
0.117021,-185,-288,328,1,0,TE1A0B3C8D000X,0,0
0.12942,-184,-287,329,0,0,TE1A0B3C8D000X,0,0
0.145007,-184,-287,329,1,0,TE1A0B3C8D000X,0,0
0.157896,-183,-289,332,1,0,TE1A0B3C8D000X,0,0
0.170476,-181,-288,334,1,0,TE1A0B3C8D000X,0,0
0.182698,-179,-287,338,0,0,TE1A0B3C8D000X,0,0
0.194465,-179,-287,338,1,0,TE1A0B3C8D000X,0,0
0.206863,-177,-287,341,0,0,TE1A0B3C8D000X,0,0
0.219013,-177,-287,341,0,0,TE1A0B3C8D000X,0,0
0.231006,-177,-287,341,1,0,TE1A0B3C8D000X,0,0
0.243519,-175,-286,344,1,0,TE1A0B3C8D000X,0,0
0.255922,-172,-284,348,0,0,TE1A0B3C8D000X,0,0
0.268182,-172,-284,348,1,0,TE1A0B3C8D000X,0,0
0.281072,-169,-281,351,1,0,TE1A0B3C8D000X,0,0
0.293719,-166,-278,355,1,0,TE1A0B3C8D000X,0,0
0.30678,-162,-273,358,0,0,TE1A0B3C8D000X,0,0
0.319784,-162,-273,358,0,0,TE1A0B3C8D000X,0,0
0.332518,-162,-273,358,1,0,TE1A0B3C8D000X,0,0
0.345516,-160,-271,362,0,0,TE1A0B3C8D000X,0,0
0.357531,-160,-271,362,1,0,TE1A0B3C8D000X,0,0
0.371234,-156,-267,367,1,0,TE1A0B3C8D000X,0,0
0.383834,-152,-261,370,1,0,TE1A0B3C8D000X,0,0
0.396308,-148,-256,373,0,0,TE1A0B3C8D000X,0,0
0.409487,-148,-256,373,1,0,TE1A0B3C8D000X,0,0
0.422548,-145,-251,376,1,0,TE1A0B3C8D000X,0,0
0.435759,-140,-245,378,0,0,TE1A0B2C8D000X,0,0
0.448643,-140,-245,378,0,0,TE1A0B2C8D000X,0,0
0.460855,-140,-245,378,1,0,TE1A0B2C8D000X,0,0
0.473939,-137,-240,383,1,0,TE1A0B2C8D000X,0,0
0.486454,-132,-233,386,1,0,TE1A0B2C7D000X,0,0
0.499327,-127,-226,388,1,0,TE1A0B2C7D000X,0,0
0.512081,-123,-219,389,1,0,TE1A0B2C7D000X,0,0
0.524497,-119,-213,391,0,0,TE1A0B2C7D000X,0,0
0.537314,-119,-213,391,1,0,TE1A0B2C7D000X,0,0
0.549875,-115,-207,393,1,0,TE1A0B2C7D000X,0,0
0.56229,-111,-200,394,1,0,TE1A0B2C6D000X,0,0
0.575002,-107,-195,395,0,0,TE1A0B2C6D000X,0,0
0.587746,-107,-195,395,1,0,TE1A0B2C6D000X,0,0
0.600182,-104,-189,399,0,0,TE1A0B2C6D000X,0,0
0.612621,-104,-189,399,0,0,TE1A0B2C6D000X,0,0
0.625291,-104,-189,399,0,0,TE1A0B2C6D000X,0,0
0.638513,-104,-189,399,1,0,TE1A0B2C6D000X,0,0
0.651518,-98,-182,402,1,0,TE1A0B2C6D000X,0,0
0.664826,-94,-175,404,0,0,TE1A0B2C6D000X,0,0
0.67722,-94,-175,404,1,0,TE1A0B2C5D000X,0,0
0.689883,-89,-168,406,0,0,TE1A0B2C5D000X,0,0
0.702443,-89,-168,406,1,0,TE1A0B2C5D000X,0,0
0.715473,-83,-160,407,1,0,TE1A0B2C5D000X,0,0
0.728141,-78,-153,406,1,0,TE1A0B1C5D000X,0,0
0.741033,-74,-146,406,1,0,TE1A0B1C5D000X,0,0
0.753573,-70,-141,408,1,0,TE1A0B1C5D000X,0,0
0.765942,-66,-135,408,1,0,TE1A0B1C5D000X,0,0
0.778394,-62,-130,408,1,0,TE1A0B1C4D000X,0,0
0.790813,-59,-124,408,1,0,TE1A0B1C4D000X,0,0
0.803632,-55,-119,408,1,0,TE1A0B1C4D000X,0,0
0.81643,-52,-115,408,1,0,TE1A0B1C4D000X,0,0
0.83031,-49,-110,408,1,0,TE1A0B1C4D000X,0,0
0.843253,-45,-105,407,1,0,TE1A0B1C4D000X,0,0
0.856005,-42,-101,407,1,0,TE1A0B1C3D000X,0,0
0.868884,-39,-97,407,1,0,TE1A0B1C3D000X,0,0
0.881781,-36,-93,406,1,0,TE1A0B1C3D000X,0,0
0.894591,-34,-89,406,1,0,TE1A0B1C3D000X,0,0
0.907306,-31,-85,406,1,0,TE1A0B1C3D000X,0,0
0.92079,-28,-82,406,1,0,TE1A0B1C3D000X,0,0
0.934095,-26,-78,405,1,0,TE1A0B1C3D000X,0,0
0.947361,-23,-75,404,1,0,TE1A0B0C3D000X,0,0
0.960259,-21,-72,404,1,0,TE1A0B0C3D000X,0,0
0.973075,-19,-69,404,1,0,TE1A0B0C2D000X,0,0
0.985993,-17,-66,404,1,0,TE1A0B0C2D000X,0,0
0.99895,-14,-63,404,1,0,TE1A0B0C2D000X,0,0
1.01211,-12,-61,405,1,0,TE1A0B0C2D000X,0,0
0.0126227,-10,-58,404,1,0,TE1A0B0C2D000X,0,0
0.0254243,-9,-56,403,1,0,TE1A0B0C2D000X,0,0
0.0382836,-7,-54,403,1,0,TE1A0B0C2D000X,0,0
0.0510888,-5,-51,401,1,0,TE1A0B0C2D000X,0,0
0.0648361,-4,-49,401,1,0,TE1A0B0C2D000X,0,0
0.078117,-2,-46,401,1,0,TE1A0B0C2D000X,0,0
0.0910235,-1,-44,400,1,0,TE1A0B0C2D000X,0,0
0.10405,0,-42,400,1,0,TE1A0B0C2D000X,0,0
0.117182,1,-39,399,1,0,TE1A0B0C2D000X,0,0
0.130425,2,-37,398,1,0,TE1A0B0C2D000X,0,0
0.143652,3,-35,398,1,0,TE1A0B0C1D000X,0,0
0.157169,4,-33,398,1,0,TE1A0B0C1D000X,0,0
0.170207,5,-31,397,1,0,TE1A0B0C1D000X,0,0
0.183176,6,-29,396,1,0,TE1A0B0C1D000X,0,0
0.196569,7,-27,396,1,0,TE1A0B0C1D000X,0,0
0.210082,8,-26,396,1,0,TE1A0B0C1D000X,0,0
0.223507,8,-24,396,1,0,TE1A0B0C1D000X,0,0
0.236804,9,-22,396,1,0,TE1A0B0C1D000X,0,0
0.250008,10,-20,395,1,0,TE1A0B0C1D000X,0,0
0.263193,10,-19,395,1,0,TE1A0B0C1D000X,0,0
0.276475,10,-17,394,1,0,TE1A0B0C1D000X,0,0
0.289784,11,-16,394,1,0,TE1A0B0C1D000X,0,0
0.303371,11,-14,394,1,0,TE1A0B0C1D000X,0,0
0.316746,11,-13,395,1,0,TE1A0B0C1D000X,0,0
0.329763,11,-11,395,1,0,TE1A0B0C0D000X,0,0
0.343055,11,-10,394,1,0,TE1A0B0C0D000X,0,0
0.356307,11,-8,394,1,0,TE1A0B0C0D000X,0,0
0.370001,11,-7,393,1,0,TE1A0B0C0D000X,0,0
0.383137,11,-6,393,1,0,TE1A0B0C0D000X,0,0
0.396485,11,-4,392,1,0,TE1A0B0C0D000X,0,0
0.409816,11,-3,392,1,0,TE1A0B0C0D000X,0,0
0.422982,10,-2,393,1,0,TE1A0B0C0D000X,0,0
0.436708,10,0,393,1,0,TE1A0B0C0D000X,0,0
0.449907,10,0,392,1,0,TE1A0B0C0D000X,0,0
0.463205,10,1,391,1,0,TE1A0B0C0D000X,0,0
0.47676,10,2,392,1,0,TE1A0B0C0D000X,0,0
0.490031,10,4,391,1,0,TE1A0B0C0D000X,0,0
0.503203,10,5,391,1,0,TE1A0B0C0D000X,0,0
0.516598,10,6,389,1,0,TE1A0B0C0D000X,0,0
0.529863,10,7,389,1,0,TE1A0B0C0D000X,0,0
0.543092,10,8,389,1,0,TE1A0B0C0D000X,0,0
0.556181,10,9,389,1,0,TE1A0B0C0D000X,0,0
0.569955,10,10,388,1,0,TE1A0B0C0D000X,0,0
0.583149,9,11,388,1,0,TE1A1B0C0D000X,0,0
0.596016,9,12,387,1,0,TE1A1B0C0D000X,0,0
0.609658,9,12,386,1,0,TE1A1B0C0D000X,0,0
0.622904,9,13,386,1,0,TE1A1B0C0D000X,0,0
0.636649,9,14,386,1,0,TE1A1B0C0D000X,0,0
0.649677,9,15,385,1,0,TE1A1B0C0D000X,0,0
0.66265,9,16,385,1,0,TE1A1B0C0D000X,0,0
0.676459,9,16,385,1,0,TE1A1B0C0D000X,0,0
0.689852,9,17,385,1,0,TE1A1B0C0D000X,0,0
0.703266,9,18,385,1,0,TE1A1B0C0D000X,0,0
0.716188,9,19,385,1,0,TE1A1B0C0D000X,0,0
0.729389,9,19,385,1,0,TE1A1B0C0D000X,0,0
0.743073,9,20,385,1,0,TE1A1B0C0D000X,0,0
0.756318,9,21,385,1,0,TE1A1B0C0D000X,0,0
0.769936,9,22,385,1,0,TE1A1B0C0D000X,0,0
0.783073,9,22,384,1,0,TE1A1B0C0D000X,0,0
0.796559,9,23,383,1,0,TE1A1B0C0D000X,0,0
0.809647,8,24,383,1,0,TE1A1B0C0D000X,0,0
0.823014,8,24,383,1,0,TE1A1B0C0D000X,0,0
0.836383,8,25,382,1,0,TE1A1B0C0D000X,0,0
0.849332,8,26,382,1,0,TE1A1B0C0D000X,0,0
0.862426,7,26,382,1,0,TE1A1B0C0D000X,0,0
0.876437,7,27,381,1,0,TE1A1B0C0D000X,0,0
0.88912,7,28,381,1,0,TE1A1B0C0D000X,0,0
0.901827,7,28,381,1,0,TE1A1B0C0D000X,0,0
0.914785,6,29,381,1,0,TE1A1B0C0D000X,0,0
0.927782,6,30,381,1,0,TE1A1B0C0D000X,0,0
0.940983,5,31,381,1,0,TE1A1B1C0D000X,0,0
0.953918,4,32,381,1,0,TE1A1B1C0D000X,0,0
0.96688,4,33,381,1,0,TE1A1B1C0D000X,0,0
0.98004,3,34,381,1,0,TE1A1B1C0D000X,0,0
0.993159,3,35,381,1,0,TE1A1B1C0D000X,0,0
1.00624,2,35,381,1,0,TE1A1B1C0D000X,0,0
0.0132184,2,36,381,1,0,TE1A1B1C0D000X,0,0
0.0264364,1,36,380,1,0,TE1A1B1C0D000X,0,0
0.0394899,1,37,380,1,0,TE1A1B1C0D000X,0,0
0.0526819,0,37,379,1,0,TE1A1B1C0D000X,0,0
0.065693,0,38,379,1,0,TE1A1B1C0D000X,0,0
0.0786875,0,39,379,1,0,TE1A1B1C0D000X,0,0
0.0916176,0,39,379,1,0,TE1A1B1C0D000X,0,0
0.104748,0,40,379,1,0,TE1A1B1C0D000X,0,0
0.117775,0,40,379,1,0,TE1A1B1C0D000X,0,0
0.130918,0,41,379,1,0,TE1A1B1C0D000X,0,0
0.144171,0,41,378,1,0,TE1A1B1C0D000X,0,0
0.157477,-1,42,378,1,0,TE1A1B1C0D000X,0,0
0.170715,-1,42,378,1,0,TE1A1B1C0D000X,0,0
0.183942,-1,42,377,1,0,TE1A1B1C0D000X,0,0
0.196851,-1,43,377,1,0,TE1A1B1C0D000X,0,0
0.209989,-1,43,378,1,0,TE1A1B1C0D000X,0,0
0.223232,-1,44,378,1,0,TE1A1B1C0D000X,0,0
0.236217,-1,45,377,1,0,TE1A1B1C0D000X,0,0
0.249399,-2,45,377,1,0,TE1A1B1C0D000X,0,0
0.262464,-2,46,377,1,0,TE1A1B1C0D000X,0,0
0.275624,-2,47,377,1,0,TE1A1B1C0D000X,0,0
0.288626,-2,48,377,1,0,TE1A1B1C0D000X,0,0
0.301503,-2,49,377,1,0,TE1A1B1C0D000X,0,0
0.314465,-3,50,377,1,0,TE1A1B1C0D000X,0,0
0.327445,-3,51,377,1,0,TE1A1B1C0D000X,0,0
0.340382,-4,52,376,1,0,TE1A1B1C0D000X,0,0
0.353299,-4,53,375,1,0,TE1A1B1C0D000X,0,0
0.36633,-4,55,375,1,0,TE1A1B1C0D000X,0,0
0.379515,-5,56,374,1,0,TE1A1B1C0D000X,0,0
0.392262,-5,57,374,1,0,TE1A1B1C0D000X,0,0
0.405212,-6,58,374,1,0,TE1A1B1C0D000X,0,0
0.418329,-6,59,374,1,0,TE1A1B1C0D000X,0,0
0.431435,-6,60,373,1,0,TE1A1B1C0D000X,0,0
0.444304,-7,61,373,1,0,TE1A1B1C0D000X,0,0
0.457195,-7,62,372,1,0,TE1A1B1C0D000X,0,0
0.4703,-7,64,372,1,0,TE1A1B1C0D000X,0,0
0.483887,-8,65,371,1,0,TE1A1B1C0D000X,0,0
0.49744,-8,66,371,1,0,TE1A1B1C0D000X,0,0
0.510627,-9,67,371,1,0,TE1A1B2C0D000X,0,0
0.523545,-9,68,370,1,0,TE1A1B2C0D000X,0,0
0.537089,-10,69,370,1,0,TE1A1B2C0D000X,0,0
0.550456,-10,70,371,1,0,TE1A1B2C0D000X,0,0
0.564102,-10,70,370,1,0,TE1A1B2C0D000X,0,0
0.576877,-10,71,370,1,0,TE1A1B2C0D000X,0,0
0.589797,-11,72,369,1,0,TE1A1B2C0D000X,0,0
0.603703,-11,72,369,1,0,TE1A1B2C0D000X,0,0
0.617185,-11,73,369,1,0,TE1A1B2C0D000X,0,0
0.630061,-11,73,369,1,0,TE1A1B2C0D000X,0,0
0.642858,-11,74,368,1,0,TE1A1B2C0D000X,0,0
0.655776,-11,74,368,1,0,TE1A1B2C0D000X,0,0
0.668944,-11,74,368,1,0,TE1A1B2C0D000X,0,0
0.681713,-11,75,367,1,0,TE1A1B2C0D000X,0,0
0.694667,-11,75,367,1,0,TE1A1B2C0D000X,0,0
0.707492,-11,75,368,1,0,TE1A1B2C0D000X,0,0
0.72048,-11,74,368,1,0,TE1A1B2C0D000X,0,0
0.733034,-11,74,368,1,0,TE1A1B2C0D000X,0,0
0.745788,-10,74,368,1,0,TE1A1B2C0D000X,0,0
0.758657,-10,73,368,1,0,TE1A1B2C0D000X,0,0
0.771643,-10,72,369,1,0,TE1A1B2C0D000X,0,0
0.784466,-9,72,369,1,0,TE1A1B2C0D000X,0,0
0.797392,-9,71,369,1,0,TE1A1B2C0D000X,0,0
0.810199,-8,70,370,1,0,TE1A1B2C0D000X,0,0
0.823031,-8,69,370,1,0,TE1A1B2C0D000X,0,0
0.83596,-7,67,370,1,0,TE1A1B2C0D000X,0,0
0.848531,-7,66,371,1,0,TE1A1B2C0D000X,0,0
0.860943,-6,64,371,1,0,TE1A1B2C0D000X,0,0
0.873627,-6,62,372,1,0,TE1A1B1C0D000X,0,0
0.886268,-5,61,372,1,0,TE1A1B1C0D000X,0,0
0.898942,-4,59,373,1,0,TE1A1B1C0D000X,0,0
0.911517,-4,57,374,1,0,TE1A1B1C0D000X,0,0
0.924026,-3,55,375,1,0,TE1A1B1C0D000X,0,0
0.936906,-3,53,376,1,0,TE1A1B1C0D000X,0,0
0.950492,-2,51,376,1,0,TE1A1B1C0D000X,0,0
0.964011,-2,49,376,1,0,TE1A1B1C0D000X,0,0
0.976957,-2,47,376,1,0,TE1A1B1C0D000X,0,0
0.989868,-1,45,375,1,0,TE1A1B1C0D000X,0,0
1.00382,-1,43,376,1,0,TE1A1B1C0D000X,0,0
0.0134546,-1,41,376,1,0,TE1A1B1C0D000X,0,0
0.0268176,-1,39,376,1,0,TE1A1B1C0D000X,0,0
0.0395537,0,37,376,1,0,TE1A1B1C0D000X,0,0
0.0520922,0,36,376,1,0,TE1A1B1C0D000X,0,0
0.0648899,0,34,376,1,0,TE1A1B1C0D000X,0,0
0.0776839,0,32,376,1,0,TE1A1B1C0D000X,0,0
0.0907365,0,31,376,1,0,TE1A1B1C0D000X,0,0
0.104027,0,29,376,1,0,TE1A1B1C0D000X,0,0
0.11716,0,27,375,1,0,TE1A1B1C0D000X,0,0
0.130138,0,26,376,1,0,TE1A1B1C0D000X,0,0
0.143038,1,24,375,1,0,TE1A1B1C0D000X,0,0
0.15595,1,23,375,1,0,TE1A1B0C0D000X,0,0
0.169072,2,21,375,1,0,TE1A1B0C0D000X,0,0
0.182173,2,19,376,1,0,TE1A0B0C0D000X,0,0
0.195129,3,18,377,1,0,TE1A0B0C0D000X,0,0
0.210768,3,17,377,1,0,TE1A0B0C0D000X,0,0
0.223883,4,15,378,1,0,TE1A0B0C0D000X,0,0
0.237587,4,14,379,1,0,TE1A0B0C0D000X,0,0
0.250809,5,12,380,1,0,TE1A0B0C0D000X,0,0
0.263849,5,11,379,1,0,TE1A0B0C0D000X,0,0
0.276864,6,10,380,1,0,TE1A0B0C0D000X,0,0
0.289883,7,8,380,1,0,TE1A0B0C0D000X,0,0
0.302844,7,7,381,1,0,TE1A0B0C0D000X,0,0
0.31594,8,6,381,1,0,TE1A0B0C0D000X,0,0
0.328898,9,5,381,1,0,TE1A0B0C0D000X,0,0
0.342065,9,4,381,1,0,TE1A0B0C0D000X,0,0
0.35509,10,3,381,1,0,TE1A0B0C0D000X,0,0
0.368001,10,2,381,1,0,TE1A0B0C0D000X,0,0
0.383813,11,1,381,1,0,TE1A0B0C0D000X,0,0
0.396733,12,0,381,1,0,TE1A0B0C0D000X,0,0
0.409953,12,0,381,1,0,TE1A0B0C0D000X,0,0
0.42334,13,-1,381,1,0,TE1A0B0C0D000X,0,0
0.436397,14,-1,382,1,0,TE1A0B0C0D000X,0,0
0.449649,14,-2,381,1,0,TE1A0B0C0D000X,0,0
0.462799,15,-3,381,1,0,TE1A0B0C0D000X,0,0
0.475855,15,-3,381,1,0,TE1A0B0C0D000X,0,0
0.489099,16,-4,382,1,0,TE1A0B0C0D000X,0,0
0.502539,16,-5,382,1,0,TE1A0B0C0D000X,0,0
0.515817,17,-5,383,1,0,TE1A0B0C0D000X,0,0
0.529089,17,-5,382,1,0,TE1A0B0C0D000X,0,0
0.542375,18,-6,383,1,0,TE1A0B0C0D000X,0,0
0.55619,18,-6,384,1,0,TE1A0B0C0D000X,0,0
0.569642,19,-6,384,1,0,TE1A0B0C0D000X,0,0
0.58274,19,-6,385,1,0,TE1A0B0C0D000X,0,0
0.595807,20,-6,384,1,0,TE1A0B0C0D000X,0,0
0.609117,20,-6,384,1,0,TE1A0B0C0D000X,0,0
0.622592,20,-6,384,1,0,TE1A0B0C0D000X,0,0
0.635925,21,-6,383,1,0,TE1A1B0C0D000X,0,0
0.649142,21,-6,383,1,0,TE1A1B0C0D000X,0,0
0.661938,21,-6,384,1,0,TE1A1B0C0D000X,0,0
0.675184,22,-5,384,1,0,TE1A1B0C0D000X,0,0
0.68824,22,-5,383,1,0,TE1A1B0C0D000X,0,0
0.701601,22,-5,383,1,0,TE1A1B0C0D000X,0,0
0.715025,23,-4,383,1,0,TE1A1B0C0D000X,0,0
0.727857,23,-4,383,1,0,TE1A1B0C0D000X,0,0
0.740942,23,-4,382,1,0,TE1A1B0C0D000X,0,0
0.754052,23,-3,383,1,0,TE1A1B0C0D000X,0,0
0.767265,24,-2,383,1,0,TE1A1B0C0D000X,0,0
0.780311,24,-2,384,1,0,TE1A1B0C0D000X,0,0
0.793335,24,-1,384,1,0,TE1A1B0C0D000X,0,0
0.806513,23,0,384,1,0,TE1A1B0C0D000X,0,0
0.819607,23,0,383,1,0,TE1A1B0C0D000X,0,0
0.832756,23,0,384,1,0,TE1A1B0C0D000X,0,0
0.845932,23,1,383,1,0,TE1A1B0C0D000X,0,0
0.859008,23,2,383,1,0,TE1A1B0C0D000X,0,0
0.872085,22,3,383,1,0,TE1A1B0C0D000X,0,0
0.885461,22,3,382,1,0,TE1A1B0C0D000X,0,0
0.89995,22,4,382,1,0,TE1A1B0C0D000X,0,0
0.913112,22,5,382,1,0,TE1A1B0C0D000X,0,0
0.926177,21,6,382,1,0,TE1A1B0C0D000X,0,0
0.939623,21,7,382,1,0,TE1A1B0C0D000X,0,0
0.95291,21,8,382,1,0,TE1A1B0C0D000X,0,0
0.966277,21,8,381,1,0,TE1A1B0C0D000X,0,0
0.979404,21,9,382,1,0,TE1A1B0C0D000X,0,0
0.99233,21,10,381,1,0,TE1A1B0C0D000X,0,0
1.00811,21,10,382,1,0,TE1A1B0C0D000X,0,0
0.013184,21,11,382,1,0,TE1A1B0C0D000X,0,0
0.0263283,20,11,381,1,0,TE1A1B0C0D000X,0,0
0.0394375,20,12,381,1,0,TE1A1B0C0D000X,0,0
0.0527297,20,12,381,1,0,TE1A1B0C0D000X,0,0
0.0658645,20,13,381,1,0,TE1A1B0C0D000X,0,0
0.0790525,20,13,380,1,0,TE1A1B0C0D000X,0,0
0.0924309,20,14,380,1,0,TE1A1B0C0D000X,0,0
0.105667,20,14,380,1,0,TE1A1B0C0D000X,0,0
0.118706,20,14,380,1,0,TE1A1B0C0D000X,0,0
0.131707,20,15,380,1,0,TE1A1B0C0D000X,0,0
0.144744,20,15,381,1,0,TE1A1B0C0D000X,0,0
0.157972,20,15,380,1,0,TE1A1B0C0D000X,0,0
0.17133,20,16,380,1,0,TE1A1B0C0D000X,0,0
0.184281,20,16,380,1,0,TE1A1B0C0D000X,0,0
0.197241,20,16,380,1,0,TE1A1B0C0D000X,0,0
0.210477,20,16,380,1,0,TE1A1B0C0D000X,0,0
0.223845,20,16,380,1,0,TE1A1B0C0D000X,0,0
0.236903,20,17,381,1,0,TE1A1B0C0D000X,0,0
0.249804,20,17,381,1,0,TE1A1B0C0D000X,0,0
0.262663,20,17,381,1,0,TE1A1B0C0D000X,0,0
0.275724,20,17,381,1,0,TE1A1B0C0D000X,0,0
0.289198,19,17,382,1,0,TE1A1B0C0D000X,0,0
0.302859,19,17,382,1,0,TE1A1B0C0D000X,0,0
0.315818,19,17,383,1,0,TE1A1B0C0D000X,0,0
0.32859,19,17,383,1,0,TE1A1B0C0D000X,0,0
0.341382,19,17,383,1,0,TE1A1B0C0D000X,0,0
0.354615,19,17,382,1,0,TE1A1B0C0D000X,0,0
0.367805,19,17,382,1,0,TE1A1B0C0D000X,0,0
0.380749,19,17,382,1,0,TE1A1B0C0D000X,0,0
0.393922,19,17,382,1,0,TE1A1B0C0D000X,0,0
0.40679,19,17,382,1,0,TE1A1B0C0D000X,0,0
0.419916,19,17,381,1,0,TE1A1B0C0D000X,0,0
0.433029,19,17,382,1,0,TE1A1B0C0D000X,0,0
0.446325,19,17,382,1,0,TE1A1B0C0D000X,0,0
0.45945,19,17,383,1,0,TE1A1B0C0D000X,0,0
0.472764,19,17,383,1,0,TE1A1B0C0D000X,0,0
0.486016,19,17,382,1,0,TE1A1B0C0D000X,0,0
0.499035,18,16,382,1,0,TE1A1B0C0D000X,0,0
0.512234,18,16,381,1,0,TE1A1B0C0D000X,0,0
0.52559,18,16,381,1,0,TE1A1B0C0D000X,0,0
0.538908,18,16,382,1,0,TE1A1B0C0D000X,0,0
0.552357,18,16,381,1,0,TE1A1B0C0D000X,0,0
0.565423,18,16,380,1,0,TE1A1B0C0D000X,0,0
0.578717,18,16,381,1,0,TE1A1B0C0D000X,0,0
0.591783,18,15,381,1,0,TE1A1B0C0D000X,0,0
0.607143,18,15,380,1,0,TE1A1B0C0D000X,0,0
0.623004,18,15,380,1,0,TE1A1B0C0D000X,0,0
0.636164,18,15,380,1,0,TE1A1B0C0D000X,0,0
0.648994,17,15,379,1,0,TE1A1B0C0D000X,0,0
0.661883,17,15,379,1,0,TE1A1B0C0D000X,0,0
0.67518,17,14,379,1,0,TE1A1B0C0D000X,0,0
0.688399,17,14,380,1,0,TE1A1B0C0D000X,0,0
0.701517,17,14,380,1,0,TE1A1B0C0D000X,0,0
0.714856,17,14,380,1,0,TE1A1B0C0D000X,0,0
0.72778,17,14,380,1,0,TE1A1B0C0D000X,0,0
0.740904,16,14,380,1,0,TE1A1B0C0D000X,0,0
0.754204,16,13,381,1,0,TE1A1B0C0D000X,0,0
0.767896,16,13,381,1,0,TE1A1B0C0D000X,0,0
0.781589,16,13,381,1,0,TE1A1B0C0D000X,0,0
0.793251,16,13,381,1,1,TE1A1B0C0D000X,0,0
