timestamp,errXmm,errYmm,errZmm,MarkerPresent,Touched,Encoder,Heading4,Heading5
1.00069,-17,-18,402,1,1,TE1A0B1C1D000X,0,0
0.0133822,-17,-18,402,0,0,TE1A0B1C1D000X,0,0
0.0263874,-17,-18,402,0,0,TE1A0B1C1D000X,0,0
0.0397816,-17,-18,402,0,0,TE1A0B1C1D000X,0,0
0.0531237,-17,-18,402,0,0,TE1A0B1C1D000X,0,0
0.066388,-17,-18,402,0,0,TE1A0B1C1D000X,0,0
0.0795205,-17,-18,402,0,0,TE1A0B1C1D000X,0,0
0.0927129,-17,-18,402,0,0,TE1A0B1C1D000X,0,0
0.105991,-17,-18,402,0,0,TE1A0B1C1D000X,0,0
0.11935,-17,-18,402,1,0,TE1A0B1C1D000X,0,0
0.133234,-18,-15,402,1,0,TE1A0B1C1D000X,0,0
0.147857,-18,-18,401,1,0,TE1A0B1C1D000X,0,0
0.161269,-17,-21,400,1,0,TE1A0B1C1D000X,0,0
0.176109,-17,-23,399,1,0,TE1A0B1C1D000X,0,0
0.189224,-17,-26,398,1,0,TE1A0B1C1D000X,0,0
0.202442,-17,-27,398,1,0,TE1A0B1C1D000X,0,0
0.215574,-16,-29,397,1,0,TE1A0B1C2D000X,0,0
0.228776,-16,-30,396,1,0,TE1A0B1C2D000X,0,0
0.241861,-16,-31,396,1,0,TE1A0B1C2D000X,0,0
0.255175,-16,-32,395,1,0,TE1A0B1C2D000X,0,0
0.268312,-17,-33,395,1,0,TE1A0B1C2D000X,0,0
0.281364,-17,-34,395,1,0,TE1A0B1C2D000X,0,0
0.294557,-17,-34,395,1,0,TE1A0B1C2D000X,0,0
0.307445,-17,-34,394,1,0,TE1A0B1C2D000X,0,0
0.320009,-17,-34,394,1,0,TE1A0B1C2D000X,0,0
0.332703,-18,-34,393,1,0,TE1A0B1C2D000X,0,0
0.345287,-18,-34,394,1,0,TE1A0B1C2D000X,0,0
0.357911,-18,-33,394,1,0,TE1A0B1C2D000X,0,0
0.370508,-19,-33,394,1,0,TE1A0B1C2D000X,0,0
0.383464,-19,-32,393,0,0,TE1A0B1C2D000X,0,0
0.395781,-19,-32,393,1,0,TE1A0B1C2D000X,0,0
0.407977,-20,-31,395,1,0,TE1A0B1C2D000X,0,0
0.420748,-20,-29,395,0,0,TE1A0B1C2D000X,0,0
0.433257,-20,-29,395,1,0,TE1A0B1C2D000X,0,0
0.445763,-21,-27,394,0,0,TE1A0B1C2D000X,0,0
0.457787,-21,-27,394,1,0,TE1A0B1C2D000X,0,0
0.469865,-21,-25,391,1,0,TE1A0B1C2D000X,0,0
0.482324,-21,-22,390,1,0,TE1A0B1C1D000X,0,0
0.494778,-22,-19,389,1,0,TE1A0B1C1D000X,0,0
0.507033,-22,-16,390,1,0,TE1A0B1C1D000X,0,0
0.519673,-23,-12,390,1,0,TE1A0B1C1D000X,0,0
0.532137,-23,-9,389,1,0,TE1A0B1C1D000X,0,0
0.544232,-23,-6,390,1,0,TE1A0B1C1D000X,0,0
0.556965,-23,-2,390,1,0,TE1A0B1C1D000X,0,0
0.569777,-24,0,390,1,0,TE1A0B1C1D000X,0,0
0.58224,-24,3,390,1,0,TE1A0B1C0D000X,0,0
0.594744,-24,6,390,1,0,TE1A0B1C0D000X,0,0
0.607,-24,9,390,1,0,TE1A0B1C0D000X,0,0
0.619729,-24,13,390,1,0,TE1A0B2C0D000X,0,0
0.632401,-24,16,391,1,0,TE1A0B2C0D000X,0,0
0.645208,-24,19,391,1,0,TE1A0B2C0D000X,0,0
0.65745,-24,22,391,1,0,TE1A0B2C0D000X,0,0
0.669718,-24,25,391,1,0,TE1A0B2C0D000X,0,0
0.682134,-24,28,391,1,0,TE1A0B2C0D000X,0,0
0.694763,-24,31,390,1,0,TE1A0B2C0D000X,0,0
0.707142,-24,33,388,1,0,TE1A0B2C0D000X,0,0
0.719762,-24,36,389,1,0,TE1A0B2C0D000X,0,0
0.732401,-24,39,389,1,0,TE1A1B2C0D000X,0,0
0.744928,-23,42,388,1,0,TE1A1B2C0D000X,0,0
0.757345,-23,44,387,1,0,TE1A1B2C0D000X,0,0
0.769876,-23,47,387,1,0,TE1A1B3C0D000X,0,0
0.782775,-23,49,386,1,0,TE1A1B3C0D000X,0,0
0.795955,-23,51,386,1,0,TE1A1B3C0D000X,0,0
0.808464,-23,54,386,1,0,TE1A1B3C0D000X,0,0
0.82115,-22,56,386,1,0,TE1A1B3C0D000X,0,0
0.83368,-22,59,386,1,0,TE1A1B3C0D000X,0,0
0.846168,-21,61,386,1,0,TE1A1B3C0D000X,0,0
0.858133,-20,63,386,1,0,TE1A1B3C0D000X,0,0
0.870079,-19,65,385,1,0,TE1A1B3C0D000X,0,0
0.882273,-18,67,385,1,0,TE1A2B3C0D000X,0,0
0.894901,-17,69,385,1,0,TE1A2B3C0D000X,0,0
0.907738,-16,71,385,0,0,TE1A2B3C0D000X,0,0
0.919818,-16,71,385,1,0,TE1A2B3C0D000X,0,0
0.93312,-13,74,385,1,0,TE1A2B3C0D000X,0,0
0.946148,-11,76,385,1,0,TE1A2B3C0D000X,0,0
0.958627,-9,79,386,1,0,TE1A2B3C0D000X,0,0
0.971481,-8,81,386,1,0,TE1A2B3C0D000X,0,0
0.984357,-6,83,385,1,0,TE1A2B3C0D000X,0,0
0.996549,-4,85,385,1,0,TE1A3B3C0D000X,0,0
1.00871,-2,87,385,1,0,TE1A3B3C0D000X,0,0
0.0124565,-1,89,384,1,0,TE1A3B3C0D000X,0,0
0.0251085,0,90,384,1,0,TE1A3B3C0D000X,0,0
0.0375508,1,93,384,1,0,TE1A3B3C0D000X,0,0
0.0494924,2,95,383,1,0,TE1A3B3C0D000X,0,0
0.0614676,3,97,382,1,0,TE1A3B3C0D000X,0,0
0.0740391,4,99,382,1,0,TE1A3B3C0D000X,0,0
0.0866301,5,101,380,1,0,TE1A3B3C0D000X,0,0
0.0991771,5,103,380,1,0,TE1A4B3C0D000X,0,0
0.111409,6,105,379,1,0,TE1A4B3C0D000X,0,0
0.124252,6,107,378,1,0,TE1A4B3C0D000X,0,0
0.13629,7,109,378,1,0,TE1A4B3C0D000X,0,0
0.148852,7,111,377,1,0,TE1A4B3C0D000X,0,0
0.162104,7,113,376,1,0,TE1A4B3C0D000X,0,0
0.17479,8,115,375,1,0,TE1A4B4C0D000X,0,0
0.187392,8,116,375,1,0,TE1A4B4C0D000X,0,0
0.201321,8,118,375,1,0,TE1A4B4C0D000X,0,0
0.213725,8,119,374,1,0,TE1A4B4C0D000X,0,0
0.226176,9,121,375,1,0,TE1A4B4C0D000X,0,0
0.23852,9,122,374,1,0,TE1A4B4C0D000X,0,0
0.250975,10,123,373,1,0,TE1A4B4C0D000X,0,0
0.263348,10,124,373,1,0,TE1A4B4C0D000X,0,0
0.275908,10,125,372,1,0,TE1A5B4C0D000X,0,0
0.289444,10,126,372,1,0,TE1A5B4C0D000X,0,0
0.301601,11,127,372,1,0,TE1A5B4C0D000X,0,0
0.31374,11,128,372,1,0,TE1A5B4C0D000X,0,0
0.325883,11,128,372,1,0,TE1A5B4C0D000X,0,0
0.338296,11,129,372,1,0,TE1A5B4C0D000X,0,0
0.350752,12,128,369,1,0,TE1A5B4C0D000X,0,0
0.363,12,129,370,1,0,TE1A5B4C0D000X,0,0
0.375746,12,129,370,1,0,TE1A5B4C0D000X,0,0
0.388273,12,129,370,1,0,TE1A5B4C0D000X,0,0
0.400506,12,130,371,1,0,TE1A5B4C0D000X,0,0
0.412558,12,130,371,1,0,TE1A5B4C0D000X,0,0
0.425201,11,130,372,1,0,TE1A5B4C0D000X,0,0
0.437699,11,130,372,1,0,TE1A5B4C0D000X,0,0
0.45,10,130,372,1,0,TE1A5B4C0D000X,0,0
0.46226,9,130,373,1,0,TE1A5B4C0D000X,0,0
0.474498,8,130,373,1,0,TE1A5B4C0D000X,0,0
0.487167,7,130,373,1,0,TE1A5B4C0D000X,0,0
0.504373,6,129,373,1,0,TE1A5B4C0D000X,0,0
0.517031,5,129,373,1,0,TE1A5B4C0D000X,0,0
0.529632,4,129,373,1,0,TE1A4B4C0D000X,0,0
0.543,2,129,374,1,0,TE1A4B4C0D000X,0,0
0.556251,1,129,375,1,0,TE1A4B4C0D000X,0,0
0.56979,0,129,376,1,0,TE1A4B4C0D000X,0,0
0.58231,0,129,376,1,0,TE1A4B4C0D000X,0,0
0.595073,-1,129,376,1,0,TE1A4B4C0D000X,0,0
0.607807,-2,128,377,1,0,TE1A4B4C0D000X,0,0
0.620562,-3,128,376,1,0,TE1A4B4C0D000X,0,0
0.633459,-4,128,376,1,0,TE1A4B4C0D000X,0,0
0.646273,-5,128,377,1,0,TE1A4B4C0D000X,0,0
0.65919,-6,128,377,1,0,TE1A4B4C0D000X,0,0
0.672095,-6,127,376,1,0,TE1A4B4C0D000X,0,0
0.684976,-7,127,376,1,0,TE1A4B4C0D000X,0,0
0.697909,-7,127,377,1,0,TE1A4B4C0D000X,0,0
0.710833,-7,126,376,1,0,TE1A4B4C0D000X,0,0
0.723624,-8,126,376,1,0,TE1A4B4C0D000X,0,0
0.736372,-8,126,376,1,0,TE1A4B4C0D000X,0,0
0.749134,-8,126,377,1,0,TE1A4B4C0D000X,0,0
0.760956,-8,126,377,1,0,TE1A4B4C0D000X,0,0
0.775882,-8,125,377,1,0,TE1A4B4C0D000X,0,0
0.789054,-9,125,378,1,0,TE1A4B4C0D000X,0,0
0.802113,-9,125,379,1,0,TE1A4B4C0D000X,0,0
0.815046,-9,125,379,1,0,TE1A4B4C0D000X,0,0
0.827961,-9,125,379,1,0,TE1A4B4C0D000X,0,0
0.840459,-9,125,379,1,0,TE1A4B4C0D000X,0,0
0.853243,-9,125,379,1,0,TE1A4B4C0D000X,0,0
0.866026,-9,125,380,1,0,TE1A4B4C0D000X,0,0
0.878617,-9,125,380,1,0,TE1A4B4C0D000X,0,0
0.891575,-9,126,380,1,0,TE1A4B4C0D000X,0,0
0.904356,-9,126,379,1,0,TE1A4B4C0D000X,0,0
0.917092,-29,129,377,1,0,TE1A4B4C0D000X,0,0
0.930315,-48,132,375,1,0,TE1A3B5C0D000X,0,0
0.943411,-65,134,372,1,0,TE1A3B6C0D000X,0,0
0.956222,-80,137,370,1,0,TE1A3B7C0D000X,0,0
0.969897,-94,139,368,1,0,TE1A3B7C0D000X,0,0
0.982447,-106,141,366,1,0,TE1A2B9C0D000X,0,0
0.995087,-118,142,365,1,0,TE1A2B9C0D000X,0,0
1.00727,-129,145,365,1,0,TE1A2B9C0D000X,0,0
0.0117982,-139,147,365,1,0,TE1A2B9C0D000X,0,0
0.0237403,-147,148,364,1,0,TE1A1B9C0D000X,0,0
0.0362834,-155,149,362,1,0,TE1A1B9C0D000X,0,0
0.048431,-163,149,360,1,0,TE1A1B9C0D000X,0,0
0.0604009,-171,150,359,1,0,TE1A1B9C0D000X,0,0
0.0727793,-178,151,358,1,0,TE1A1B9C0D000X,0,0
0.0855736,-184,151,358,1,0,TE1A1B9C0D000X,0,0
0.0982876,-190,152,357,1,0,TE1A1B9C0D000X,0,0
0.110982,-195,152,356,1,0,TE1A1B9C0D000X,0,0
0.124016,-200,152,356,1,0,TE1A0B9C0D000X,0,0
0.136986,-204,153,355,1,0,TE1A0B9C0D000X,0,0
0.149739,-207,153,354,1,0,TE1A0B9C0D000X,0,0
0.162329,-211,153,355,1,0,TE1A0B9C0D000X,0,0
0.175151,-214,153,354,1,0,TE1A0B9C0D000X,0,0
0.187641,-216,153,353,1,0,TE1A0B9C0D000X,0,0
0.200151,-218,153,353,1,0,TE1A0B9C0D000X,0,0
0.212739,-221,153,353,1,0,TE1A0B9C0D000X,0,0
0.225409,-223,153,353,1,0,TE1A0B9C0D000X,0,0
0.237948,-224,153,352,1,0,TE1A0B9C0D000X,0,0
0.250205,-225,152,352,1,0,TE1A0B9C0D000X,0,0
0.26247,-227,152,353,1,0,TE1A0B9C0D000X,0,0
0.275152,-227,152,353,1,0,TE1A0B9C0D000X,0,0
0.287961,-228,152,353,1,0,TE1A0B9C0D000X,0,0
0.300742,-228,152,353,1,0,TE1A0B9C0D000X,0,0
0.313595,-227,151,353,1,0,TE1A0B9C0D000X,0,0
0.325732,-227,151,352,1,0,TE1A0B9C0D000X,0,0
0.337964,-226,151,353,1,0,TE1A0B9C0D000X,0,0
0.353306,-226,151,353,1,0,TE1A0B9C0D000X,0,0
0.36607,-225,151,353,1,0,TE1A0B9C0D000X,0,0
0.378885,-224,150,353,1,0,TE1A0B9C0D000X,0,0
0.391266,-222,150,354,1,0,TE1A0B9C0D000X,0,0
0.403672,-221,150,355,1,0,TE1A0B9C0D000X,0,0
0.41631,-220,150,356,1,0,TE1A0B9C0D000X,0,0
0.429465,-219,150,357,1,0,TE1A0B9C0D000X,0,0
0.441727,-218,150,358,1,0,TE1A0B9C0D000X,0,0
0.453971,-216,149,359,1,0,TE1A0B9C0D000X,0,0
0.466456,-215,149,360,1,0,TE1A0B9C0D000X,0,0
0.479028,-213,149,361,1,0,TE1A0B9C0D000X,0,0
0.49136,-211,148,362,1,0,TE1A0B9C0D000X,0,0
0.503906,-209,148,363,1,0,TE1A0B9C0D000X,0,0
0.51673,-207,147,364,1,0,TE1A0B9C0D000X,0,0
0.529018,-205,147,365,1,0,TE1A0B9C0D000X,0,0
0.541441,-203,146,365,1,0,TE1A0B9C0D000X,0,0
0.554112,-200,146,366,1,0,TE1A0B9C0D000X,0,0
0.566583,-198,145,367,1,0,TE1A0B9C0D000X,0,0
0.579091,-195,144,367,1,0,TE1A0B9C0D000X,0,0
0.591534,-192,143,367,1,0,TE1A0B9C0D000X,0,0
0.603739,-190,143,368,1,0,TE1A0B9C0D000X,0,0
0.616215,-187,142,370,1,0,TE1A0B9C0D000X,0,0
0.629368,-185,142,370,1,0,TE1A0B9C0D000X,0,0
0.641807,-181,141,370,1,0,TE1A0B9C0D000X,0,0
0.65433,-178,140,370,1,0,TE1A0B9C0D000X,0,0
0.667059,-176,139,371,1,0,TE1A0B9C0D000X,0,0
0.679546,-173,139,372,1,0,TE1A0B9C0D000X,0,0
0.692093,-169,138,372,1,0,TE1A0B9C0D000X,0,0
0.704498,-165,137,372,1,0,TE1A1B9C0D000X,0,0
0.717309,-162,135,371,1,0,TE1A1B9C0D000X,0,0
0.729717,-158,134,370,1,0,TE1A1B9C0D000X,0,0
0.742494,-155,134,371,1,0,TE1A1B9C0D000X,0,0
0.755277,-151,133,372,1,0,TE1A1B9C0D000X,0,0
0.768008,-148,132,373,1,0,TE1A1B9C0D000X,0,0
0.780892,-145,132,373,1,0,TE1A1B9C0D000X,0,0
0.793594,-142,131,374,1,0,TE1A1B9C0D000X,0,0
0.806191,-139,130,375,0,0,TE1A1B9C0D000X,0,0
0.818892,-139,130,375,1,0,TE1A1B9C0D000X,0,0
0.831702,-135,130,376,1,0,TE1A1B9C0D000X,0,0
0.844141,-132,129,377,1,0,TE1A1B9C0D000X,0,0
0.856517,-128,128,377,1,0,TE1A1B9C0D000X,0,0
0.869335,-125,127,378,1,0,TE1A1B9C0D000X,0,0
0.882633,-122,126,379,1,0,TE1A1B9C0D000X,0,0
0.8959,-118,125,378,1,0,TE1A1B9C0D000X,0,0
0.908736,-114,123,378,1,0,TE1A1B9C0D000X,0,0
0.921302,-111,122,378,1,0,TE1A1B9C0D000X,0,0
0.933994,-108,121,378,1,0,TE1A1B9C0D000X,0,0
0.946984,-105,120,378,1,0,TE1A1B9C0D000X,0,0
0.960067,-102,118,377,1,0,TE1A1B9C0D000X,0,0
0.972967,-98,117,376,1,0,TE1A1B9C0D000X,0,0
0.986374,-95,116,376,1,0,TE1A1B9C0D000X,0,0
0.999038,-92,114,376,1,0,TE1A1B8C0D000X,0,0
1.01176,-89,113,376,1,0,TE1A1B8C0D000X,0,0
0.0129049,-85,112,375,1,0,TE1A1B8C0D000X,0,0
0.0256555,-83,110,374,1,0,TE1A1B8C0D000X,0,0
0.0382284,-79,109,373,1,0,TE1A2B8C0D000X,0,0
0.0508453,-76,108,373,1,0,TE1A2B8C0D000X,0,0
0.0635409,-74,107,373,1,0,TE1A2B7C0D000X,0,0
0.0764105,-71,105,372,1,0,TE1A2B7C0D000X,0,0
0.0892943,-68,104,372,1,0,TE1A2B7C0D000X,0,0
0.102576,-65,103,372,1,0,TE1A2B7C0D000X,0,0
0.115274,-62,101,371,1,0,TE1A2B7C0D000X,0,0
0.128207,-59,100,371,1,0,TE1A2B6C0D000X,0,0
0.141211,-56,98,371,1,0,TE1A2B6C0D000X,0,0
0.153833,-54,97,371,1,0,TE1A2B6C0D000X,0,0
0.167174,-51,96,373,1,0,TE1A2B6C0D000X,0,0
0.180039,-49,94,374,1,0,TE1A2B6C0D000X,0,0
0.192772,-46,93,373,1,0,TE1A2B5C0D000X,0,0
0.20551,-44,91,373,1,0,TE1A2B5C0D000X,0,0
0.218107,-41,89,373,1,0,TE1A2B5C0D000X,0,0
0.231088,-39,87,372,1,0,TE1A2B5C0D000X,0,0
0.244269,-37,85,371,1,0,TE1A2B5C0D000X,0,0
0.257596,-35,83,370,1,0,TE1A2B5C0D000X,0,0
0.270846,-33,82,370,1,0,TE1A2B4C0D000X,0,0
0.284435,-31,80,370,1,0,TE1A2B4C0D000X,0,0
0.297522,-29,78,370,1,0,TE1A2B4C0D000X,0,0
0.310697,-27,77,370,1,0,TE1A2B4C0D000X,0,0
0.324272,-26,75,370,1,0,TE1A2B4C0D000X,0,0
0.337644,-24,74,370,1,0,TE1A2B4C0D000X,0,0
0.351262,-22,72,369,1,0,TE1A2B4C0D000X,0,0
0.364143,-20,70,369,1,0,TE1A2B4C0D000X,0,0
0.377248,-19,69,369,1,0,TE1A2B3C0D000X,0,0
0.390847,-17,67,369,1,0,TE1A2B3C0D000X,0,0
0.404236,-15,66,368,1,0,TE1A2B3C0D000X,0,0
0.417801,-13,65,368,1,0,TE1A2B3C0D000X,0,0
0.430168,-11,63,368,1,0,TE1A2B3C0D000X,0,0
0.442766,-10,62,368,1,0,TE1A2B3C0D000X,0,0
0.455192,-8,61,368,1,0,TE1A2B3C0D000X,0,0
0.468138,-6,60,368,1,0,TE1A2B2C0D000X,0,0
0.480684,-4,59,368,1,0,TE1A2B2C0D000X,0,0
0.493374,-2,58,367,1,0,TE1A2B2C0D000X,0,0
0.506217,0,57,367,1,0,TE1A2B2C0D000X,0,0
0.51872,1,56,367,1,0,TE1A2B2C0D000X,0,0
0.53137,3,55,367,1,0,TE1A2B2C0D000X,0,0
0.544177,5,54,367,1,0,TE1A2B2C0D000X,0,0
0.556962,6,54,367,1,0,TE1A2B2C0D000X,0,0
0.569772,8,53,366,1,0,TE1A2B2C0D000X,0,0
0.582171,10,52,366,1,0,TE1A2B2C0D000X,0,0
0.594319,12,51,366,1,0,TE1A2B1C0D000X,0,0
0.606982,14,50,366,1,0,TE1A2B1C0D000X,0,0
0.619405,16,49,364,1,0,TE1A2B1C0D000X,0,0
0.632142,18,49,365,1,0,TE1A2B1C0D000X,0,0
0.644634,20,48,365,1,0,TE1A3B1C0D000X,0,0
0.657459,21,47,364,1,0,TE1A3B1C0D000X,0,0
0.670713,23,46,364,1,0,TE1A3B1C0D000X,0,0
0.684265,25,45,363,1,0,TE1A3B1C0D000X,0,0
0.696633,26,44,363,1,0,TE1A3B1C0D000X,0,0
0.709429,28,43,363,1,0,TE1A3B1C0D000X,0,0
0.722139,29,43,362,1,0,TE1A3B1C0D000X,0,0
0.734813,30,42,362,1,0,TE1A3B1C0D000X,0,0
0.747541,32,41,362,1,0,TE1A3B1C0D000X,0,0
0.759785,33,40,362,1,0,TE1A3B1C0D000X,0,0
0.772407,34,39,362,1,0,TE1A3B1C0D000X,0,0
0.784683,35,38,362,1,0,TE1A3B0C0D000X,0,0
0.797234,36,37,361,1,0,TE1A3B0C0D000X,0,0
0.809919,37,35,361,1,0,TE1A3B0C0D000X,0,0
0.824923,38,34,360,1,0,TE1A3B0C0D000X,0,0
0.837575,38,33,360,1,0,TE1A3B0C0D000X,0,0
0.850001,39,32,360,1,0,TE1A3B0C0D000X,0,0
0.862709,39,31,359,1,0,TE1A3B0C0D000X,0,0
0.875138,39,30,359,1,0,TE1A3B0C0D000X,0,0
0.887318,39,30,359,1,0,TE1A3B0C0D000X,0,0
0.899292,40,29,358,1,0,TE1A3B0C0D000X,0,0
0.91174,40,28,358,1,0,TE1A4B0C0D000X,0,0
0.924166,40,27,358,1,0,TE1A4B0C0D000X,0,0
0.937262,40,27,358,1,0,TE1A3B0C0D000X,0,0
0.949445,40,26,358,1,0,TE1A3B0C0D000X,0,0
0.961678,40,25,358,1,0,TE1A3B0C0D000X,0,0
0.973999,40,25,359,1,0,TE1A3B0C0D000X,0,0
0.986132,39,24,359,1,0,TE1A3B0C0D000X,0,0
0.998391,39,24,359,1,0,TE1A3B0C0D000X,0,0
1.01063,38,23,359,1,0,TE1A3B0C0D000X,0,0
0.0123109,37,23,360,1,0,TE1A3B0C0D000X,0,0
0.0247339,35,23,360,1,0,TE1A3B0C0D000X,0,0
0.0368978,34,22,360,1,0,TE1A3B0C0D000X,0,0
0.0493581,33,22,359,1,0,TE1A3B0C0D000X,0,0
0.0616854,32,22,359,1,0,TE1A3B0C0D000X,0,0
0.0744174,31,21,360,1,0,TE1A3B0C0D000X,0,0
0.086704,30,21,361,1,0,TE1A3B0C0D000X,0,0
0.0988443,29,20,361,1,0,TE1A3B0C0D000X,0,0
0.111244,27,20,361,1,0,TE1A3B0C0D000X,0,0
0.12373,26,19,361,1,0,TE1A3B0C0D000X,0,0
0.136147,25,19,362,1,0,TE1A2B0C0D000X,0,0
0.148507,23,19,363,1,0,TE1A2B0C0D000X,0,0
0.163445,22,18,363,1,0,TE1A2B0C0D000X,0,0
0.175777,20,17,364,1,0,TE1A2B0C0D000X,0,0
0.187909,19,17,365,1,0,TE1A2B0C0D000X,0,0
0.200261,17,16,365,1,0,TE1A2B0C0D000X,0,0
0.212818,15,15,365,1,0,TE1A2B0C0D000X,0,0
0.225173,13,15,366,1,0,TE1A1B0C0D000X,0,0
0.237624,11,14,366,1,0,TE1A1B0C0D000X,0,0
0.249997,9,13,367,1,0,TE1A1B0C0D000X,0,0
0.262361,7,12,367,1,0,TE1A1B0C0D000X,0,0
0.274682,5,11,366,1,0,TE1A1B0C0D000X,0,0
0.286862,3,11,366,1,0,TE1A1B0C0D000X,0,0
0.299166,1,10,365,1,0,TE1A1B0C0D000X,0,0
0.311526,0,9,365,1,0,TE1A0B0C0D000X,0,0
0.32405,-2,8,365,1,0,TE1A0B0C0D000X,0,0
0.336513,-4,7,364,1,0,TE1A0B0C0D000X,0,0
0.349089,-5,6,364,1,0,TE1A0B0C0D000X,0,0
0.361723,-8,5,364,1,0,TE1A0B1C0D000X,0,0
0.374387,-10,4,364,1,0,TE1A0B1C0D000X,0,0
0.387089,-12,3,364,1,0,TE1A0B1C0D000X,0,0
0.399579,-14,2,364,1,0,TE1A0B1C0D000X,0,0
0.412097,-15,1,363,1,0,TE1A0B1C0D000X,0,0
0.424178,-18,0,363,1,0,TE1A0B1C0D000X,0,0
0.436177,-20,0,364,1,0,TE1A0B1C0D000X,0,0
0.448653,-22,-1,365,1,0,TE1A0B1C0D000X,0,0
0.461269,-25,-2,366,1,0,TE1A0B1C1D000X,0,0
0.47396,-27,-4,367,1,0,TE1A0B1C1D000X,0,0
0.486668,-29,-5,368,1,0,TE1A0B1C1D000X,0,0
0.499343,-31,-6,368,1,0,TE1A0B1C1D000X,0,0
0.512046,-33,-7,368,1,0,TE1A0B1C1D000X,0,0
0.524773,-35,-8,368,1,0,TE1A0B1C1D000X,0,0
0.537571,-37,-10,368,1,0,TE1A0B1C1D000X,0,0
0.550398,-39,-11,369,1,0,TE1A0B2C1D000X,0,0
0.563238,-40,-12,369,1,0,TE1A0B2C1D000X,0,0
0.575733,-42,-13,369,1,0,TE1A0B2C1D000X,0,0
0.58851,-43,-14,370,1,0,TE1A0B2C1D000X,0,0
0.601578,-44,-15,370,1,0,TE1A0B2C1D000X,0,0
0.614467,-45,-16,371,1,0,TE1A0B2C1D000X,0,0
0.627484,-46,-17,371,1,0,TE1A0B2C1D000X,0,0
0.640426,-47,-18,371,1,0,TE1A0B2C1D000X,0,0
0.653057,-48,-19,372,1,0,TE1A0B2C2D000X,0,0
0.66579,-48,-20,372,1,0,TE1A0B2C2D000X,0,0
0.678465,-48,-20,372,1,0,TE1A0B2C2D000X,0,0
0.69124,-49,-21,372,1,0,TE1A0B2C2D000X,0,0
0.704251,-48,-22,372,1,0,TE1A0B2C2D000X,0,0
0.717045,-48,-22,373,1,0,TE1A0B2C2D000X,0,0
0.729993,-48,-23,374,1,0,TE1A0B2C2D000X,0,0
0.743037,-48,-23,375,1,0,TE1A0B2C2D000X,0,0
0.756732,-47,-24,376,1,0,TE1A0B2C2D000X,0,0
0.769583,-47,-24,376,1,0,TE1A0B2C2D000X,0,0
0.782288,-46,-24,376,1,0,TE1A0B2C2D000X,0,0
0.795033,-46,-24,377,1,0,TE1A0B2C2D000X,0,0
0.807837,-45,-25,377,1,0,TE1A0B2C2D000X,0,0
0.820619,-44,-25,378,1,0,TE1A0B2C2D000X,0,0
0.833686,-43,-25,378,1,0,TE1A0B2C2D000X,0,0
0.846952,-42,-25,378,1,0,TE1A0B2C2D000X,0,0
0.86043,-40,-25,377,1,0,TE1A0B2C2D000X,0,0
0.873911,-39,-25,377,1,0,TE1A0B2C2D000X,0,0
0.886997,-38,-25,377,1,0,TE1A0B2C2D000X,0,0
0.899669,-37,-25,377,1,0,TE1A0B1C2D000X,0,0
0.91216,-36,-24,378,1,0,TE1A0B1C2D000X,0,0
0.924622,-35,-24,378,1,0,TE1A0B1C2D000X,0,0
0.937618,-33,-23,377,1,0,TE1A0B1C2D000X,0,0
0.950003,-32,-22,374,1,0,TE1A0B1C2D000X,0,0
0.962541,-31,-21,373,1,0,TE1A0B1C2D000X,0,0
0.974636,-31,-19,372,1,0,TE1A0B1C1D000X,0,0
0.988282,-30,-17,371,0,0,TE1A0B1C1D000X,0,0
1.00045,-30,-17,371,0,0,TE1A0B1C1D000X,0,0
0.0126596,-30,-17,371,0,0,TE1A0B1C1D000X,0,0
0.0248393,-30,-17,371,0,0,TE1A0B1C1D000X,0,0
0.0365342,-30,-17,371,0,0,TE1A0B1C1D000X,0,0
0.0482914,-30,-17,371,0,0,TE1A0B1C1D000X,0,0
0.0603027,-30,-17,371,0,0,TE1A0B1C1D000X,0,0
0.0720617,-30,-17,371,1,0,TE1A0B1C1D000X,0,0
0.0841723,-30,-11,370,1,0,TE1A0B1C1D000X,0,0
0.0964421,-31,-6,370,1,0,TE1A0B1C1D000X,0,0
0.108944,-31,-1,370,1,0,TE1A0B1C1D000X,0,0
0.122293,-32,3,370,1,0,TE1A0B1C1D000X,0,0
0.138965,-32,8,369,1,0,TE1A0B2C1D000X,0,0
0.151649,-33,12,369,1,0,TE1A0B2C0D000X,0,0
0.1641,-33,16,368,1,0,TE1A0B2C0D000X,0,0
0.176511,-34,21,368,1,0,TE1A0B2C0D000X,0,0
0.189106,-34,24,368,1,0,TE1A0B2C0D000X,0,0
0.201817,-35,28,367,1,0,TE1A0B3C0D000X,0,0
0.214525,-35,31,367,1,0,TE1A0B3C0D000X,0,0
0.227329,-36,34,366,1,0,TE1A0B3C0D000X,0,0
0.240096,-36,36,365,1,0,TE1A0B3C0D000X,0,0
0.252782,-36,39,364,1,0,TE1A0B3C0D000X,0,0
0.265693,-36,41,364,1,0,TE1A0B3C0D000X,0,0
0.278584,-37,43,363,1,0,TE1A0B3C0D000X,0,0
0.291096,-37,45,363,1,0,TE1A1B3C0D000X,0,0
0.303329,-37,47,362,1,0,TE1A1B3C0D000X,0,0
0.315765,-36,48,362,1,0,TE1A1B4C0D000X,0,0
0.328464,-36,50,362,1,0,TE1A1B4C0D000X,0,0
0.341119,-36,51,362,1,0,TE1A1B4C0D000X,0,0
0.353635,-35,52,362,1,0,TE1A1B4C0D000X,0,0
0.366234,-35,53,362,1,0,TE1A1B4C0D000X,0,0
0.378486,-34,55,362,1,0,TE1A1B4C0D000X,0,0
0.390773,-34,56,362,1,0,TE1A1B4C0D000X,0,0
0.403138,-33,57,362,1,0,TE1A1B4C0D000X,0,0
0.415408,-32,57,362,1,0,TE1A1B4C0D000X,0,0
0.428081,-31,58,362,1,0,TE1A1B4C0D000X,0,0
0.440479,-30,59,362,1,0,TE1A1B4C0D000X,0,0
0.452915,-29,59,362,1,0,TE1A1B4C0D000X,0,0
0.465748,-28,60,361,1,0,TE1A1B3C0D000X,0,0
0.478111,-27,60,361,1,0,TE1A1B3C0D000X,0,0
0.490969,-25,61,362,1,0,TE1A1B3C0D000X,0,0
0.503886,-24,61,362,1,0,TE1A1B3C0D000X,0,0
0.51656,-23,61,364,1,0,TE1A1B3C0D000X,0,0
0.529136,-22,61,364,1,0,TE1A1B3C0D000X,0,0
0.541581,-21,61,364,1,0,TE1A1B3C0D000X,0,0
0.553843,-20,60,364,1,0,TE1A1B3C0D000X,0,0
0.566095,-19,60,365,1,0,TE1A1B3C0D000X,0,0
0.578323,-18,59,364,1,0,TE1A1B3C0D000X,0,0
0.590462,-18,59,365,1,0,TE1A1B3C0D000X,0,0
0.602846,-17,58,364,1,0,TE1A1B3C0D000X,0,0
0.615057,-16,57,364,1,0,TE1A1B3C0D000X,0,0
0.627777,-15,55,364,1,0,TE1A1B3C0D000X,0,0
0.640039,-14,54,365,1,0,TE1A1B3C0D000X,0,0
0.652412,-13,53,365,1,0,TE1A1B3C0D000X,0,0
0.664749,-13,52,365,1,0,TE1A1B2C0D000X,0,0
0.677465,-12,51,366,1,0,TE1A1B2C0D000X,0,0
0.690152,-11,49,366,1,0,TE1A1B2C0D000X,0,0
0.70232,-10,48,367,1,0,TE1A1B2C0D000X,0,0
0.714604,-9,47,367,1,0,TE1A1B2C0D000X,0,0
0.727615,-8,45,367,1,0,TE1A1B2C0D000X,0,0
0.740234,-7,44,368,1,0,TE1A1B2C0D000X,0,0
0.752474,-6,42,368,1,0,TE1A1B2C0D000X,0,0
0.764919,-5,41,368,1,0,TE1A1B2C0D000X,0,0
0.777446,-4,40,368,1,0,TE1A1B2C0D000X,0,0
0.790045,-3,38,369,1,0,TE1A1B2C0D000X,0,0
0.802421,-1,37,369,1,0,TE1A1B2C0D000X,0,0
0.81522,0,36,369,1,0,TE1A1B1C0D000X,0,0
0.827777,0,34,369,1,0,TE1A1B1C0D000X,0,0
0.840098,1,33,369,1,0,TE1A1B1C0D000X,0,0
0.852768,3,32,368,1,0,TE1A1B1C0D000X,0,0
0.865589,4,30,367,1,0,TE1A1B1C0D000X,0,0
0.878342,5,29,368,1,0,TE1A1B1C0D000X,0,0
0.89101,7,28,368,1,0,TE1A1B1C0D000X,0,0
0.903616,8,27,367,1,0,TE1A1B1C0D000X,0,0
0.915846,9,25,367,1,0,TE1A1B1C0D000X,0,0
0.928535,10,24,367,1,0,TE1A1B1C0D000X,0,0
0.941129,11,23,367,1,0,TE1A1B1C0D000X,0,0
0.953793,12,22,367,1,0,TE1A1B1C0D000X,0,0
0.96656,14,20,367,1,0,TE1A1B0C0D000X,0,0
0.980217,15,19,367,1,0,TE1A1B0C0D000X,0,0
0.993459,16,18,368,1,0,TE1A1B0C0D000X,0,0
1.00707,17,17,367,1,0,TE1A2B0C0D000X,0,0
0.0126698,18,16,367,1,0,TE1A2B0C0D000X,0,0
0.0254583,18,16,367,1,0,TE1A2B0C0D000X,0,0
0.0381565,19,15,367,1,0,TE1A2B0C0D000X,0,0
0.0507744,20,14,368,1,0,TE1A2B0C0D000X,0,0
0.0634687,21,13,368,1,0,TE1A2B0C0D000X,0,0
0.0761108,22,12,367,1,0,TE1A2B0C0D000X,0,0
0.0889579,22,12,367,1,0,TE1A2B0C0D000X,0,0
0.101535,23,11,367,1,0,TE1A2B0C0D000X,0,0
0.114586,24,11,368,1,0,TE1A2B0C0D000X,0,0
0.127996,24,11,368,1,0,TE1A2B0C0D000X,0,0
0.143792,25,11,368,1,0,TE1A2B0C0D000X,0,0
0.156091,26,10,368,1,0,TE1A2B0C0D000X,0,0
0.168425,26,11,368,1,0,TE1A2B0C0D000X,0,0
0.181039,27,11,367,1,0,TE1A2B0C0D000X,0,0
0.194724,27,11,366,1,0,TE1A2B0C0D000X,0,0
0.207802,28,11,366,1,0,TE1A2B0C0D000X,0,0
0.224169,28,11,365,1,0,TE1A2B0C0D000X,0,0
0.238255,28,12,364,1,0,TE1A2B0C0D000X,0,0
0.250729,29,12,364,1,0,TE1A2B0C0D000X,0,0
0.263232,29,13,363,1,0,TE1A2B0C0D000X,0,0
0.275676,29,14,363,1,0,TE1A2B0C0D000X,0,0
0.28869,29,14,363,1,0,TE1A2B0C0D000X,0,0
0.301231,29,15,363,1,0,TE1A2B0C0D000X,0,0
0.313585,29,16,363,1,0,TE1A2B0C0D000X,0,0
0.326064,29,17,362,1,0,TE1A2B0C0D000X,0,0
0.338787,29,17,362,1,0,TE1A2B0C0D000X,0,0
0.351621,29,18,362,1,0,TE1A2B0C0D000X,0,0
0.364026,28,18,361,1,0,TE1A2B0C0D000X,0,0
0.376523,28,19,361,1,0,TE1A2B0C0D000X,0,0
0.389484,28,19,361,1,0,TE1A2B0C0D000X,0,0
0.402012,27,20,361,1,0,TE1A2B0C0D000X,0,0
0.414109,27,20,360,1,0,TE1A2B0C0D000X,0,0
0.426586,27,20,360,1,0,TE1A2B0C0D000X,0,0
0.441004,26,21,359,1,0,TE1A2B0C0D000X,0,0
0.454553,26,21,359,1,0,TE1A2B0C0D000X,0,0
0.468044,25,21,359,1,0,TE1A2B0C0D000X,0,0
0.480462,25,21,360,1,0,TE1A2B0C0D000X,0,0
0.493083,24,21,360,1,0,TE1A2B0C0D000X,0,0
0.506532,24,21,360,1,0,TE1A2B0C0D000X,0,0
0.520356,23,20,360,1,0,TE1A2B0C0D000X,0,0
0.533522,22,20,360,1,0,TE1A2B0C0D000X,0,0
0.546469,21,20,360,1,0,TE1A2B0C0D000X,0,0
0.558998,21,20,360,1,0,TE1A2B0C0D000X,0,0
0.571744,20,20,360,1,0,TE1A2B0C0D000X,0,0
0.584472,19,20,360,1,0,TE1A2B0C0D000X,0,0
0.597062,19,19,360,1,0,TE1A2B0C0D000X,0,0
0.609737,18,19,360,1,0,TE1A2B0C0D000X,0,0
0.622472,18,19,359,1,0,TE1A2B0C0D000X,0,0
0.635045,17,19,359,1,0,TE1A2B0C0D000X,0,0
0.647562,17,19,359,1,0,TE1A2B0C0D000X,0,0
0.660088,16,18,359,1,0,TE1A2B0C0D000X,0,0
0.67271,15,18,359,1,0,TE1A2B0C0D000X,0,0
0.685496,15,18,359,1,0,TE1A2B0C0D000X,0,0
0.698066,14,18,360,1,0,TE1A2B0C0D000X,0,0
0.710613,14,18,360,1,0,TE1A1B0C0D000X,0,0
0.723366,13,17,361,1,0,TE1A1B0C0D000X,0,0
0.736028,12,17,361,1,0,TE1A1B0C0D000X,0,0
0.74925,12,17,361,1,0,TE1A1B0C0D000X,0,0
0.761933,11,16,362,1,0,TE1A1B0C0D000X,0,0
0.774574,10,16,363,1,0,TE1A1B0C0D000X,0,0
0.787359,9,16,363,1,0,TE1A1B0C0D000X,0,0
0.799858,8,15,364,1,0,TE1A1B0C0D000X,0,0
0.81234,7,15,364,1,0,TE1A1B0C0D000X,0,0
0.824739,6,14,364,1,0,TE1A1B0C0D000X,0,0
0.837226,6,14,364,1,0,TE1A1B0C0D000X,0,0
0.849796,5,13,364,1,0,TE1A1B0C0D000X,0,0
0.862461,4,13,364,1,0,TE1A1B0C0D000X,0,0
0.875102,3,12,364,1,0,TE1A1B0C0D000X,0,0
0.887922,2,11,364,1,0,TE1A1B0C0D000X,0,0
0.900493,1,11,364,1,0,TE1A1B0C0D000X,0,0
0.913213,0,10,364,1,0,TE1A1B0C0D000X,0,0
0.926439,0,10,364,1,0,TE1A0B0C0D000X,0,0
0.939164,-1,9,364,1,0,TE1A0B0C0D000X,0,0
0.951903,-2,8,363,1,0,TE1A0B0C0D000X,0,0
0.964408,-4,7,362,1,0,TE1A0B0C0D000X,0,0
0.976786,-5,7,362,1,0,TE1A0B0C0D000X,0,0
0.989476,-6,6,362,1,0,TE1A0B1C0D000X,0,0
1.00235,-7,5,361,1,0,TE1A0B1C0D000X,0,0
0.0135027,-9,5,361,1,0,TE1A0B1C0D000X,0,0
0.026517,-10,4,361,1,0,TE1A0B1C0D000X,0,0
0.0388735,-11,3,361,1,0,TE1A0B1C0D000X,0,0
0.0515942,-13,3,361,1,0,TE1A0B1C0D000X,0,0
0.0644677,-14,2,361,1,0,TE1A0B1C0D000X,0,0
0.0767745,-16,1,361,1,0,TE1A0B1C0D000X,0,0
0.0892322,-18,1,362,1,0,TE1A0B1C0D000X,0,0
0.101804,-20,0,362,1,0,TE1A0B1C0D000X,0,0
0.114675,-21,0,362,1,0,TE1A0B1C0D000X,0,0
0.127506,-23,0,363,1,0,TE1A0B1C0D000X,0,0
0.140405,-25,0,363,1,0,TE1A0B1C0D000X,0,0
0.153257,-26,-1,363,1,0,TE1A0B1C1D000X,0,0
0.16586,-28,-1,364,1,0,TE1A0B1C1D000X,0,0
0.178529,-30,-2,364,1,0,TE1A0B1C1D000X,0,0
0.191642,-31,-2,364,1,0,TE1A0B1C1D000X,0,0
0.204498,-33,-3,365,1,0,TE1A0B2C1D000X,0,0
0.217376,-34,-3,365,1,0,TE1A0B2C1D000X,0,0
0.230545,-36,-3,366,1,0,TE1A0B2C1D000X,0,0
0.243696,-37,-4,366,1,0,TE1A0B2C1D000X,0,0
0.256574,-38,-4,366,1,0,TE1A0B2C1D000X,0,0
0.269613,-39,-4,366,1,0,TE1A0B2C1D000X,0,0
0.282598,-40,-4,366,1,0,TE1A0B2C1D000X,0,0
0.295669,-41,-4,367,1,0,TE1A0B2C1D000X,0,0
0.308724,-42,-5,367,1,0,TE1A0B2C1D000X,0,0
0.3216,-43,-5,367,1,0,TE1A0B2C1D000X,0,0
0.334417,-43,-5,367,1,0,TE1A0B2C1D000X,0,0
0.347387,-44,-5,366,1,0,TE1A0B2C1D000X,0,0
0.359999,-44,-5,367,1,0,TE1A0B2C1D000X,0,0
0.372671,-44,-5,367,1,0,TE1A0B2C1D000X,0,0
0.385873,-45,-5,367,1,0,TE1A0B2C1D000X,0,0
0.398908,-45,-5,367,1,0,TE1A0B2C1D000X,0,0
0.411771,-45,-6,367,1,0,TE1A0B2C1D000X,0,0
0.424722,-45,-6,367,1,0,TE1A0B2C1D000X,0,0
0.437728,-45,-6,368,1,0,TE1A0B2C1D000X,0,0
0.451035,-45,-6,368,1,0,TE1A0B2C1D000X,0,0
0.464612,-45,-7,368,1,0,TE1A0B2C1D000X,0,0
0.477434,-45,-7,368,1,0,TE1A0B2C1D000X,0,0
0.490069,-44,-7,367,1,0,TE1A0B2C1D000X,0,0
0.502719,-44,-7,367,1,0,TE1A0B2C1D000X,0,0
0.515321,-44,-8,367,1,0,TE1A0B2C1D000X,0,0
0.528032,-43,-8,367,1,0,TE1A0B2C1D000X,0,0
0.540941,-43,-8,367,1,0,TE1A0B2C1D000X,0,0
0.553636,-42,-9,367,1,0,TE1A0B2C1D000X,0,0
0.566546,-42,-9,368,1,0,TE1A0B2C1D000X,0,0
0.579149,-41,-9,368,1,0,TE1A0B2C1D000X,0,0
0.592122,-41,-10,369,1,0,TE1A0B2C1D000X,0,0
0.604805,-40,-10,369,1,0,TE1A0B2C1D000X,0,0
0.617645,-39,-10,368,1,0,TE1A0B2C1D000X,0,0
0.632201,-38,-10,367,1,0,TE1A0B2C1D000X,0,0
0.64492,-37,-10,366,1,0,TE1A0B2C1D000X,0,0
0.657788,-36,-9,366,1,0,TE1A0B2C1D000X,0,0
0.670496,-35,-9,365,1,0,TE1A0B2C1D000X,0,0
0.683356,-35,-8,364,1,0,TE1A0B2C1D000X,0,0
0.695701,-34,-7,364,1,0,TE1A0B2C1D000X,0,0
0.708176,-33,-6,364,1,0,TE1A0B2C1D000X,0,0
0.720827,-33,-5,365,1,0,TE1A0B2C1D000X,0,0
0.73333,-32,-3,364,1,0,TE1A0B2C1D000X,0,0
0.746877,-32,-2,365,1,0,TE1A0B2C1D000X,0,0
0.759404,-31,0,365,1,0,TE1A0B2C1D000X,0,0
0.771891,-31,0,365,1,0,TE1A0B2C1D000X,0,0
0.7845,-31,2,364,1,0,TE1A0B2C1D000X,0,0
0.798005,-31,4,364,1,0,TE1A0B2C1D000X,0,0
0.810741,-30,6,365,1,0,TE1A0B2C1D000X,0,0
0.823365,-30,7,365,1,0,TE1A0B2C0D000X,0,0
0.83597,-30,9,365,1,0,TE1A0B2C0D000X,0,0
0.848813,-30,11,364,1,0,TE1A0B2C0D000X,0,0
0.861578,-30,12,364,1,0,TE1A0B2C0D000X,0,0
0.874348,-30,13,364,1,0,TE1A0B2C0D000X,0,0
0.887177,-30,15,364,1,0,TE1A0B2C0D000X,0,0
0.899734,-30,16,364,1,0,TE1A0B2C0D000X,0,0
0.912275,-31,17,364,1,0,TE1A0B2C0D000X,0,0
0.92459,-31,18,364,1,0,TE1A0B2C0D000X,0,0
0.937343,-31,19,364,1,0,TE1A0B2C0D000X,0,0
0.950221,-31,20,365,1,0,TE1A0B3C0D000X,0,0
0.962822,-31,21,365,1,0,TE1A0B3C0D000X,0,0
0.97541,-31,21,365,1,0,TE1A0B3C0D000X,0,0
0.987991,-32,22,365,1,0,TE1A0B3C0D000X,0,0
1.00099,-32,23,365,1,0,TE1A0B3C0D000X,0,0
0.0129413,-32,24,365,1,0,TE1A0B3C0D000X,0,0
0.0254006,-32,25,366,1,0,TE1A0B3C0D000X,0,0
0.0380659,-32,26,367,1,0,TE1A0B3C0D000X,0,0
0.0508379,-32,27,367,1,0,TE1A0B3C0D000X,0,0
0.063553,-32,28,367,1,0,TE1A0B3C0D000X,0,0
0.076052,-32,29,367,1,0,TE1A0B3C0D000X,0,0
0.0890135,-32,30,368,1,0,TE1A0B3C0D000X,0,0
0.102108,-32,31,370,1,0,TE1A0B3C0D000X,0,0
0.114784,-31,32,370,1,0,TE1A0B3C0D000X,0,0
0.127547,-31,33,370,1,0,TE1A0B3C0D000X,0,0
0.140206,-31,33,369,1,0,TE1A0B3C0D000X,0,0
0.152741,-30,34,368,1,0,TE1A0B3C0D000X,0,0
0.165494,-30,35,368,1,0,TE1A0B3C0D000X,0,0
0.178057,-30,35,368,1,0,TE1A0B3C0D000X,0,0
0.190482,-29,36,367,1,0,TE1A0B3C0D000X,0,0
0.203143,-29,36,367,1,0,TE1A0B3C0D000X,0,0
0.215781,-29,37,368,1,0,TE1A0B3C0D000X,0,0
0.228573,-28,37,367,1,0,TE1A0B3C0D000X,0,0
0.241048,-28,38,367,1,0,TE1A1B3C0D000X,0,0
0.253848,-27,38,367,1,0,TE1A1B3C0D000X,0,0
0.266603,-27,38,367,1,0,TE1A1B3C0D000X,0,0
0.279305,-26,39,366,1,0,TE1A1B3C0D000X,0,0
0.291844,-26,39,366,1,0,TE1A1B3C0D000X,0,0
0.304419,-25,39,366,1,0,TE1A1B3C0D000X,0,0
0.319311,-25,39,367,1,0,TE1A1B3C0D000X,0,0
0.332493,-24,39,366,1,0,TE1A1B3C0D000X,0,0
0.345943,-24,38,366,1,0,TE1A1B3C0D000X,0,0
0.358668,-23,38,365,1,0,TE1A1B3C0D000X,0,0
0.371178,-23,38,365,1,0,TE1A1B3C0D000X,0,0
0.38391,-23,38,365,1,0,TE1A1B2C0D000X,0,0
0.397326,-22,37,365,1,0,TE1A1B2C0D000X,0,0
0.409913,-22,37,365,1,0,TE1A1B2C0D000X,0,0
0.422383,-22,36,365,1,0,TE1A1B2C0D000X,0,0
0.435006,-21,36,366,1,0,TE1A1B2C0D000X,0,0
0.447643,-21,36,366,1,0,TE1A1B2C0D000X,0,0
0.460352,-21,35,366,1,0,TE1A1B2C0D000X,0,0
0.473118,-21,35,367,1,0,TE1A1B2C0D000X,0,0
0.485887,-22,34,368,1,0,TE1A1B2C0D000X,0,0
0.498739,-22,33,368,1,0,TE1A1B2C0D000X,0,0
0.511477,-22,33,368,1,0,TE1A1B2C0D000X,0,0
0.524118,-22,32,368,1,0,TE1A1B2C0D000X,0,0
0.536911,-23,32,368,1,0,TE1A1B2C0D000X,0,0
0.549617,-23,31,367,1,0,TE1A0B2C0D000X,0,0
0.56239,-24,31,367,1,0,TE1A0B2C0D000X,0,0
0.575063,-24,30,366,1,0,TE1A0B2C0D000X,0,0
0.587721,-25,30,365,1,0,TE1A0B2C0D000X,0,0
0.60055,-25,29,365,1,0,TE1A0B2C0D000X,0,0
0.613301,-26,29,365,1,0,TE1A0B2C0D000X,0,0
0.625977,-26,29,365,1,0,TE1A0B2C0D000X,0,0
0.638905,-27,28,366,1,0,TE1A0B2C0D000X,0,0
0.651851,-27,28,366,1,0,TE1A0B2C0D000X,0,0
0.664815,-28,28,366,1,0,TE1A0B3C0D000X,0,0
0.677822,-28,28,367,1,0,TE1A0B3C0D000X,0,0
0.690675,-28,27,366,1,0,TE1A0B3C0D000X,0,0
0.703909,-28,27,366,1,0,TE1A0B3C0D000X,0,0
0.716876,-28,27,365,1,0,TE1A0B3C0D000X,0,0
0.730373,-28,27,365,1,0,TE1A0B3C0D000X,0,0
0.743399,-28,27,365,1,0,TE1A0B3C0D000X,0,0
0.756205,-28,27,365,1,0,TE1A0B3C0D000X,0,0
0.776246,-28,27,366,1,0,TE1A0B3C0D000X,0,0
0.789116,-28,27,366,1,0,TE1A0B3C0D000X,0,0
0.802295,-28,27,365,1,0,TE1A0B3C0D000X,0,0
0.815313,-28,27,365,1,0,TE1A0B3C0D000X,0,0
0.828161,-28,27,365,1,0,TE1A0B3C0D000X,0,0
0.84092,-28,27,365,1,0,TE1A0B3C0D000X,0,0
0.853925,-28,27,366,1,0,TE1A0B3C0D000X,0,0
0.866913,-28,26,365,1,0,TE1A0B3C0D000X,0,0
0.87973,-27,27,365,1,0,TE1A0B3C0D000X,0,0
0.892576,-27,27,366,1,0,TE1A0B3C0D000X,0,0
0.905478,-27,27,367,1,0,TE1A0B2C0D000X,0,0
0.918368,-27,27,367,1,0,TE1A0B2C0D000X,0,0
0.931242,-27,27,367,1,0,TE1A0B2C0D000X,0,0
0.943878,-27,27,367,1,0,TE1A0B2C0D000X,0,0
0.95679,-27,27,367,1,0,TE1A0B2C0D000X,0,0
0.970086,-27,27,367,1,0,TE1A0B3C0D000X,0,0
0.983814,-28,27,367,1,0,TE1A0B3C0D000X,0,0
0.997336,-28,27,367,1,0,TE1A0B3C0D000X,0,0
1.01003,-28,27,367,1,0,TE1A0B3C0D000X,0,0
0.0127325,-28,27,367,1,0,TE1A0B3C0D000X,0,0
0.0281813,-28,27,367,1,0,TE1A0B3C0D000X,0,0
0.0399456,-28,27,367,1,1,TE1A0B3C0D000X,0,0
