timestamp,errXmm,errYmm,errZmm,MarkerPresent,Touched,Heading3,Heading4,Heading5
0.0114158,0,0,0,0,0,0,0,0
0.0279821,0,0,0,0,0,0,0,0
0.044275,0,0,0,0,0,0,0,0
0.0600719,0,0,0,0,0,0,0,0
0.0922658,0,0,0,0,0,0,0,0
0.107491,0,0,0,0,0,0,0,0
0.12246,0,0,0,0,0,0,0,0
0.140932,0,0,0,0,0,0,0,0
0.156316,0,0,0,0,0,0,0,0
0.172015,0,0,0,0,0,0,0,0
0.187276,0,0,0,0,0,0,0,0
0.203017,0,0,0,0,0,0,0,0
0.218221,0,0,0,1,0,0,0,0
0.232494,186,-59,262,1,0,0,0,0
0.246137,186,-59,264,1,0,0,0,0
0.260953,186,-55,261,1,0,0,0,0
0.275846,184,-53,258,1,0,0,0,0
0.288064,183,-52,257,1,0,0,0,0
0.300185,182,-51,255,1,0,0,0,0
0.311773,181,-50,254,1,0,0,0,0
0.323447,181,-49,254,1,0,0,0,0
0.334826,181,-48,254,1,0,0,0,0
0.345264,180,-48,253,1,0,0,0,0
0.356048,180,-47,253,1,0,0,0,0
0.367542,180,-46,253,1,0,0,0,0
0.378432,179,-46,252,1,0,0,0,0
0.3901,179,-45,252,1,0,0,0,0
0.401635,179,-45,252,1,0,0,0,0
0.413582,180,-45,253,1,0,0,0,0
0.425095,180,-45,253,1,0,0,0,0
0.436718,180,-45,254,1,0,0,0,0
0.447863,180,-45,253,1,0,0,0,0
0.459991,180,-45,253,1,0,0,0,0
0.473519,180,-45,253,1,0,0,0,0
0.485699,181,-45,253,1,0,0,0,0
0.497385,181,-45,252,1,0,0,0,0
0.508751,181,-45,252,1,0,0,0,0
0.520578,181,-45,251,1,0,0,0,0
0.532172,182,-45,251,1,0,0,0,0
0.543591,182,-45,251,1,0,0,0,0
0.555427,183,-45,251,1,0,0,0,0
0.567396,183,-45,250,1,0,0,0,0
0.583149,183,-45,250,1,0,0,0,0
0.59518,184,-45,251,1,0,0,0,0
0.606905,185,-44,251,1,0,0,0,0
0.619403,185,-44,251,1,0,0,0,0
0.630989,186,-44,252,1,0,0,0,0
0.642657,186,-44,252,1,0,0,0,0
0.654535,186,-44,252,1,0,0,0,0
0.666163,186,-44,252,1,0,0,0,0
0.677622,186,-44,252,1,0,0,0,0
0.689436,186,-44,252,1,0,0,0,0
0.70181,186,-44,252,1,0,0,0,0
0.713342,186,-44,252,1,0,0,0,0
0.725199,186,-44,252,1,0,0,0,0
0.736814,187,-44,252,1,0,0,0,0
0.748308,186,-44,252,1,0,0,0,0
0.75979,186,-45,252,1,0,0,0,0
0.77176,186,-45,252,1,0,0,0,0
0.783638,185,-45,252,1,0,0,0,0
0.800533,185,-45,252,1,0,0,0,0
0.811918,185,-45,252,1,0,0,0,0
0.823293,184,-45,252,1,0,0,0,0
0.835467,184,-45,251,1,0,0,0,0
0.847439,184,-45,252,1,0,0,0,0
0.858807,184,-45,253,1,0,0,0,0
0.870649,183,-45,252,1,0,0,0,0
0.884468,183,-45,252,1,0,0,0,0
0.89871,183,-45,252,1,0,0,0,0
0.912614,183,-45,252,1,0,0,0,0
0.924185,183,-45,252,1,0,0,0,0
0.936404,182,-44,251,1,0,0,0,0
0.949758,182,-44,252,1,0,0,0,0
0.962079,182,-43,251,1,0,0,0,0
0.975665,182,-43,251,1,0,0,0,0
0.987454,181,-42,251,1,0,0,0,0
0.99969,182,-42,252,1,0,0,0,0
1.01168,182,-41,252,1,0,0,0,0
1.02323,181,-41,251,1,0,0,0,0
1.03539,181,-40,251,1,0,0,0,0
1.04809,180,-39,251,1,0,0,0,0
1.0599,180,-39,251,1,0,0,0,0
1.0719,180,-38,251,1,0,0,0,0
1.08382,180,-38,251,1,0,0,0,0
1.09819,179,-37,251,1,0,0,0,0
1.11103,179,-37,251,1,0,0,0,0
1.12385,179,-37,252,1,0,0,0,0
1.13824,179,-37,251,1,0,0,0,0
1.15072,179,-37,251,1,0,0,0,0
1.16438,178,-37,251,1,0,0,0,0
1.17775,179,-37,252,1,0,0,0,0
1.18943,179,-37,251,1,0,0,0,0
1.20174,179,-38,251,1,0,0,0,0
1.21459,180,-38,251,1,0,0,0,0
1.2259,180,-38,252,1,0,0,0,0
1.23783,181,-39,252,1,0,0,0,0
1.24961,182,-39,252,1,0,0,0,0
1.26351,182,-39,251,1,0,0,0,0
1.27563,182,-40,251,1,0,0,0,0
1.28789,183,-40,251,1,0,0,0,0
1.29953,183,-40,251,1,0,0,0,0
1.31102,183,-40,250,1,0,0,0,0
1.32585,183,-40,249,1,0,0,0,0
1.33773,184,-41,250,1,0,0,0,0
1.34967,185,-41,251,1,0,0,0,0
1.36121,186,-41,251,1,0,0,0,0
1.37258,186,-41,251,1,0,0,0,0
1.38672,187,-40,252,1,0,0,0,0
1.39848,188,-40,252,1,0,0,0,0
1.40988,187,-39,250,1,0,0,0,0
1.42212,187,-39,249,1,0,0,0,0
1.43393,187,-39,249,1,0,0,0,0
1.4456,187,-39,249,1,0,0,0,0
1.45745,187,-38,249,1,0,0,0,0
1.46907,187,-38,250,1,0,0,0,0
1.48079,187,-38,250,1,0,0,0,0
1.4923,187,-38,250,1,0,0,0,0
1.50374,186,-38,249,1,0,0,0,0
1.51533,187,-38,250,1,0,0,0,0
1.52706,186,-38,250,1,0,0,0,0
1.53865,186,-39,251,1,0,0,0,0
1.55298,186,-39,251,1,0,0,0,0
1.56453,185,-39,251,1,0,0,0,0
1.57588,185,-39,251,1,0,0,0,0
1.58789,185,-39,252,1,0,0,0,0
1.59953,185,-38,252,1,0,0,0,0
1.61089,184,-38,251,1,0,0,0,0
1.62302,184,-38,251,1,0,0,0,0
1.6353,183,-38,250,1,0,0,0,0
1.64683,183,-38,250,1,0,0,0,0
1.65868,184,-37,251,1,0,0,0,0
1.67049,183,-37,250,1,0,0,0,0
1.68239,183,-37,251,1,0,0,0,0
1.69428,184,-37,251,1,0,0,0,0
1.70704,184,-36,251,1,0,0,0,0
1.71921,183,-36,250,1,0,0,0,0
1.73068,183,-36,250,1,0,0,0,0
1.74221,183,-35,250,1,0,0,0,0
1.75406,184,-35,250,1,0,0,0,0
1.76579,183,-35,249,1,0,0,0,0
1.77711,183,-35,249,1,0,0,0,0
1.78917,183,-34,249,1,0,0,0,0
1.80104,183,-34,249,1,0,0,0,0
1.81364,184,-34,250,1,0,0,0,0
1.8253,183,-34,250,1,0,0,0,0
1.83674,183,-34,250,1,0,0,0,0
1.84786,183,-34,250,1,0,0,0,0
1.86081,182,-34,250,1,0,0,0,0
1.87244,182,-34,250,1,0,0,0,0
1.88731,181,-33,250,1,0,0,0,0
1.89935,180,-33,249,1,0,0,0,0
1.91078,180,-33,249,1,0,0,0,0
1.9251,180,-33,250,1,0,0,0,0
1.93682,179,-32,249,1,0,0,0,0
1.94905,178,-32,249,1,0,0,0,0
1.96043,178,-32,249,1,0,0,0,0
1.97179,178,-32,249,1,0,0,0,0
1.98355,178,-31,250,1,0,0,0,0
1.99529,177,-31,250,1,0,0,0,0
2.00702,177,-31,250,1,0,0,0,0
2.01892,176,-30,250,1,0,0,0,0
2.03023,176,-30,250,1,0,0,0,0
2.04152,176,-30,250,1,0,0,0,0
2.05369,176,-29,250,1,0,0,0,0
2.06561,176,-29,250,1,0,0,0,0
2.07712,176,-29,250,1,0,0,0,0
2.08909,175,-29,249,1,0,0,0,0
2.1011,176,-28,249,1,0,0,0,0
2.11242,175,-28,248,1,0,0,0,0
2.12416,175,-28,248,1,0,0,0,0
2.13601,175,-28,248,1,0,0,0,0
2.14774,176,-28,248,1,0,0,0,0
2.15936,176,-28,248,1,0,0,0,0
2.17094,176,-28,248,1,0,0,0,0
2.18243,176,-28,248,1,0,0,0,0
2.19423,176,-28,247,1,0,0,0,0
2.20606,177,-28,247,1,0,0,0,0
2.21835,177,-29,247,1,0,0,0,0
2.22995,177,-28,247,1,0,0,0,0
2.24163,177,-29,247,1,0,0,0,0
2.25612,177,-29,248,1,0,0,0,0
2.26798,178,-29,248,1,0,0,0,0
2.28004,179,-29,249,1,0,0,0,0
2.29152,179,-29,249,1,0,0,0,0
2.30296,179,-29,249,1,0,0,0,0
2.31467,178,-28,248,1,0,0,0,0
2.32655,177,-28,247,1,0,0,0,0
2.3383,178,-28,248,1,0,0,0,0
2.35006,178,-28,248,1,0,0,0,0
2.36168,178,-28,248,1,0,0,0,0
2.37349,178,-28,248,1,0,0,0,0
2.38571,178,-28,249,1,0,0,0,0
2.3988,178,-28,249,1,0,0,0,0
2.40993,178,-27,248,1,0,0,0,0
2.42169,178,-27,249,1,0,0,0,0
2.43356,179,-27,249,1,0,0,0,0
2.44484,179,-27,249,1,0,0,0,0
2.459,179,-27,249,1,0,0,0,0
2.47084,179,-27,249,1,0,0,0,0
2.48488,179,-27,250,1,0,0,0,0
2.49779,178,-27,250,1,0,0,0,0
2.50929,178,-27,249,1,0,0,0,0
2.521,177,-27,249,1,0,0,0,0
2.53274,177,-27,249,1,0,0,0,0
2.5467,177,-27,250,1,0,0,0,0
2.558,176,-28,250,1,0,0,0,0
2.56961,176,-28,250,1,0,0,0,0
2.58069,176,-29,250,1,0,0,0,0
2.59251,176,-30,250,1,0,0,0,0
2.6043,176,-30,250,1,0,0,0,0
2.61609,176,-31,250,1,0,0,0,0
2.62779,176,-32,250,1,0,0,0,0
2.64155,177,-33,250,1,0,0,0,0
2.6539,177,-33,250,1,0,0,0,0
2.66561,177,-34,250,1,0,0,0,0
2.67716,178,-34,251,1,0,0,0,0
2.68894,178,-35,250,1,0,0,0,0
2.70094,178,-36,250,1,0,0,0,0
2.71251,178,-37,250,1,0,0,0,0
2.72455,178,-37,250,1,0,0,0,0
2.73627,179,-38,251,1,0,0,0,0
2.74794,179,-39,251,1,0,0,0,0
2.75935,180,-40,252,1,0,0,0,0
2.77067,180,-41,251,1,0,0,0,0
2.78211,180,-42,251,1,0,0,0,0
2.79403,180,-42,252,1,0,0,0,0
2.80583,180,-43,251,1,0,0,0,0
2.81781,180,-43,251,1,0,0,0,0
2.82938,180,-43,252,1,0,0,0,0
2.84105,180,-43,251,1,0,0,0,0
2.85554,180,-43,252,1,0,0,0,0
2.86708,180,-43,252,1,0,0,0,0
2.87846,179,-42,252,1,0,0,0,0
2.89016,178,-42,252,1,0,0,0,0
2.90477,178,-41,252,1,0,0,0,0
2.91687,177,-40,252,1,0,0,0,0
2.92854,177,-39,252,1,0,0,0,0
2.93987,176,-39,252,1,0,0,0,0
2.95219,176,-38,252,1,0,0,0,0
2.96371,175,-37,251,1,0,0,0,0
2.97603,175,-36,251,1,0,0,0,0
2.98799,175,-36,253,1,0,0,0,0
3.00051,175,-35,252,1,0,0,0,0
3.01179,175,-34,252,1,0,0,0,0
3.0236,174,-33,252,1,0,0,0,0
3.03551,174,-32,252,1,0,0,0,0
3.04693,174,-31,251,1,0,0,0,0
3.05875,173,-30,251,1,0,0,0,0
3.07076,173,-28,251,1,0,0,0,0
3.08216,172,-27,250,1,0,0,0,0
3.09366,172,-26,250,1,0,0,0,0
3.10518,172,-25,251,1,0,0,0,0
3.11685,172,-24,251,1,0,0,0,0
3.12852,171,-23,250,1,0,0,0,0
3.14016,171,-23,250,1,0,0,0,0
3.15221,171,-22,250,1,0,0,0,0
3.16379,171,-21,251,1,0,0,0,0
3.17513,171,-21,250,1,0,0,0,0
3.1869,170,-20,249,1,0,0,0,0
3.19853,170,-20,249,1,0,0,0,0
3.20994,170,-20,250,1,0,0,0,0
3.22187,170,-20,249,1,0,0,0,0
3.23365,169,-20,249,1,0,0,0,0
3.245,169,-20,248,1,0,0,0,0
3.25843,170,-20,249,1,0,0,0,0
3.27033,170,-20,248,1,0,0,0,0
3.28205,170,-20,248,1,0,0,0,0
3.2937,171,-21,248,1,0,0,0,0
3.30541,171,-21,248,1,0,0,0,0
3.3195,172,-21,248,1,0,0,0,0
3.33111,172,-21,248,1,0,0,0,0
3.34444,172,-21,249,1,0,0,0,0
3.35686,172,-21,248,1,0,0,0,0
3.3688,173,-21,248,1,0,0,0,0
3.38051,173,-21,249,1,0,0,0,0
3.39235,173,-21,249,1,0,0,0,0
3.40394,173,-21,249,1,0,0,0,0
3.41637,173,-21,249,1,0,0,0,0
3.42791,174,-20,250,1,0,0,0,0
3.43916,174,-20,250,1,0,0,0,0
3.45099,173,-20,249,1,0,0,0,0
3.46313,174,-19,249,1,0,0,0,0
3.47539,173,-19,249,1,0,0,0,0
3.48976,173,-19,249,1,0,0,0,0
3.50154,173,-18,249,1,0,0,0,0
3.51475,172,-18,249,1,0,0,0,0
3.52732,172,-18,249,1,0,0,0,0
3.53874,172,-17,249,1,0,0,0,0
3.55044,171,-17,249,1,0,0,0,0
3.56397,170,-17,249,1,0,0,0,0
3.57555,170,-17,250,1,0,0,0,0
3.58729,169,-16,249,1,0,0,0,0
3.60313,169,-16,249,1,0,0,0,0
3.61617,169,-16,250,1,0,0,0,0
3.6313,168,-16,250,1,0,0,0,0
3.6428,167,-15,250,1,0,0,0,0
3.65437,166,-15,249,1,0,0,0,0
3.66605,165,-15,249,1,0,0,0,0
3.67742,165,-15,249,1,0,0,0,0
3.68908,164,-15,249,1,0,0,0,0
3.70095,164,-15,249,1,0,0,0,0
3.71275,163,-15,249,1,0,0,0,0
3.72474,162,-15,248,1,0,0,0,0
3.73765,163,-15,250,1,0,0,0,0
3.74953,163,-15,250,1,0,0,0,0
3.76097,162,-15,250,1,0,0,0,0
3.77231,162,-16,251,1,0,0,0,0
3.78371,162,-16,250,1,0,0,0,0
3.80038,162,-16,250,1,0,0,0,0
3.81162,162,-17,250,1,0,0,0,0
3.82297,162,-17,250,1,0,0,0,0
3.83509,162,-17,251,1,0,0,0,0
3.84653,163,-18,252,1,0,0,0,0
3.85665,164,-19,252,1,0,0,0,0
3.86827,164,-19,252,1,0,0,0,0
3.87982,164,-20,252,1,0,0,0,0
3.89322,164,-21,253,1,0,0,0,0
3.90738,164,-21,252,1,0,0,0,0
3.92083,164,-22,252,1,0,0,0,0
3.93271,165,-22,252,1,0,0,0,0
3.94406,166,-22,252,1,0,0,0,0
3.95538,166,-22,252,1,0,0,0,0
3.96749,167,-21,252,1,0,0,0,0
3.98226,168,-21,251,1,0,0,0,0
3.99374,168,-21,251,1,0,0,0,0
4.00562,168,-21,250,1,0,0,0,0
4.01703,168,-20,250,1,0,0,0,0
4.02822,168,-20,249,1,0,0,0,0
4.04014,168,-20,249,1,0,0,0,0
4.05196,168,-19,249,1,0,0,0,0
4.06343,168,-19,249,1,0,0,0,0
4.07526,168,-19,249,1,0,0,0,0
4.08677,168,-18,248,1,0,0,0,0
4.09849,167,-18,248,1,0,0,0,0
4.10987,167,-18,248,1,0,0,0,0
4.12056,167,-18,249,1,0,0,0,0
4.13329,167,-18,250,1,0,0,0,0
4.14675,167,-18,250,1,0,0,0,0
4.15805,166,-18,251,1,0,0,0,0
4.17012,165,-18,250,1,0,0,0,0
4.18181,164,-18,250,1,0,0,0,0
4.19284,164,-18,250,1,0,0,0,0
4.20445,164,-18,251,1,0,0,0,0
4.21591,164,-18,250,1,0,0,0,0
4.2279,164,-17,250,1,0,0,0,0
4.23946,164,-17,250,1,0,0,0,0
4.25106,164,-16,249,1,0,0,0,0
4.26239,164,-16,249,1,0,0,0,0
4.2776,164,-16,249,1,0,0,0,0
4.28917,164,-16,248,1,0,0,0,0
4.30153,164,-16,248,1,0,0,0,0
4.31275,164,-16,248,1,0,0,0,0
4.32307,164,-16,248,1,0,0,0,0
4.33503,164,-15,247,1,0,0,0,0
4.34622,164,-15,247,1,0,0,0,0
4.35755,164,-15,247,1,0,0,0,0
4.37058,164,-15,247,1,0,0,0,0
4.38201,164,-15,248,1,0,0,0,0
4.39326,164,-15,248,1,0,0,0,0
4.40489,164,-15,248,1,0,0,0,0
4.41636,165,-15,248,1,0,0,0,0
4.42788,166,-14,249,1,0,0,0,0
4.43943,166,-14,248,1,0,0,0,0
4.4511,166,-14,248,1,0,0,0,0
4.46802,167,-14,248,1,0,0,0,0
4.48086,166,-14,248,1,0,0,0,0
4.49219,166,-14,248,1,0,0,0,0
4.50398,166,-15,248,1,0,0,0,0
4.5153,165,-15,247,1,0,0,0,0
4.52551,164,-15,247,1,0,0,0,0
4.53761,164,-16,247,1,0,0,0,0
4.549,164,-16,247,1,0,0,0,0
4.5604,163,-17,247,1,0,0,0,0
4.57222,163,-18,248,1,0,0,0,0
4.58581,161,-18,247,1,0,0,0,0
4.59735,161,-19,247,1,0,0,0,0
4.60919,161,-19,248,1,0,0,0,0
4.62108,161,-19,248,1,0,0,0,0
4.63462,161,-20,248,1,0,0,0,0
4.64584,161,-20,248,1,0,0,0,0
4.65696,160,-20,248,1,0,0,0,0
4.66889,160,-20,249,1,0,0,0,0
4.67998,160,-21,249,1,0,0,0,0
4.6911,159,-21,250,1,0,0,0,0
4.70273,158,-21,250,1,0,0,0,0
4.71389,158,-22,250,1,0,0,0,0
4.72499,157,-22,251,1,0,0,0,0
4.73664,156,-23,252,1,0,0,0,0
4.74789,155,-23,252,1,0,0,0,0
4.75907,154,-24,252,1,0,0,0,0
4.77066,153,-25,252,1,0,0,0,0
4.78204,152,-26,253,1,0,0,0,0
4.79308,151,-26,254,1,0,0,0,0
4.80468,150,-27,255,1,0,0,0,0
4.81608,149,-28,256,1,0,0,0,0
4.82703,148,-29,257,1,0,0,0,0
4.83846,146,-29,258,1,0,0,0,0
4.85001,145,-30,258,1,0,0,0,0
4.86131,143,-31,259,1,0,0,0,0
4.87274,141,-31,259,1,0,0,0,0
4.8844,140,-32,260,1,0,0,0,0
4.89541,137,-33,260,1,0,0,0,0
4.90675,135,-33,260,1,0,0,0,0
4.91697,133,-33,260,1,0,0,0,0
4.92798,131,-34,260,1,0,0,0,0
4.93945,129,-34,260,1,0,0,0,0
4.95144,128,-34,260,1,0,0,0,0
4.96362,127,-34,261,1,0,0,0,0
4.97504,126,-33,261,1,0,0,0,0
4.98623,125,-33,261,1,0,0,0,0
4.9975,124,-33,261,1,0,0,0,0
5.00899,124,-33,261,1,0,0,0,0
5.02052,124,-32,262,1,0,0,0,0
5.03203,123,-32,262,1,0,0,0,0
5.04363,123,-32,262,1,0,0,0,0
5.05485,123,-31,261,1,0,0,0,0
5.06669,124,-31,262,1,0,0,0,0
5.08299,124,-31,262,1,0,0,0,0
5.09443,125,-31,262,1,0,0,0,0
5.10602,125,-31,261,1,0,0,0,0
5.11889,125,-31,261,1,0,0,0,0
5.13004,126,-30,261,1,0,0,0,0
5.14033,126,-30,261,1,0,0,0,0
5.15216,127,-30,261,1,0,0,0,0
5.166,127,-30,259,1,0,0,0,0
5.18485,127,-30,260,1,0,0,0,0
5.19746,128,-30,259,1,0,0,0,0
5.20953,128,-31,259,1,0,0,0,0
5.22075,129,-30,259,1,0,0,0,0
5.23248,130,-30,259,1,0,0,0,0
5.24393,130,-30,258,1,0,0,0,0
5.25546,131,-30,257,1,0,0,0,0
5.26709,131,-30,258,1,0,0,0,0
5.27839,132,-30,258,1,0,0,0,0
5.28979,132,-29,258,1,0,0,0,0
5.30208,133,-29,257,1,0,0,0,0
5.31377,133,-29,257,1,0,0,0,0
5.32532,133,-29,257,1,0,0,0,0
5.33749,134,-29,257,1,0,0,0,0
5.34759,134,-28,257,1,0,0,0,0
5.35877,133,-28,257,1,0,0,0,0
5.37033,133,-28,257,1,0,0,0,0
5.38166,133,-28,257,1,0,0,0,0
5.3928,132,-28,257,1,0,0,0,0
5.40427,132,-27,256,1,0,0,0,0
5.41562,131,-27,257,1,0,0,0,0
5.42685,131,-27,257,1,0,0,0,0
5.43836,130,-27,256,1,0,0,0,0
5.44973,130,-27,257,1,0,0,0,0
5.46079,129,-27,257,1,0,0,0,0
5.47235,129,-27,258,1,0,0,0,0
5.48402,128,-27,258,1,0,0,0,0
5.49551,127,-27,258,1,0,0,0,0
5.50815,127,-27,258,1,0,0,0,0
5.51991,126,-28,258,1,0,0,0,0
5.5314,126,-28,259,1,0,0,0,0
5.54318,125,-29,258,1,0,0,0,0
5.55689,124,-29,258,1,0,0,0,0
5.56943,124,-29,259,1,0,0,0,0
5.5809,123,-30,260,1,0,0,0,0
5.59251,123,-30,261,1,0,0,0,0
5.60419,122,-31,261,1,0,0,0,0
5.61564,122,-31,261,1,0,0,0,0
5.62688,121,-32,262,1,0,0,0,0
5.63864,120,-32,263,1,0,0,0,0
5.65036,120,-32,263,1,0,0,0,0
5.66156,119,-33,263,1,0,0,0,0
5.67551,118,-33,263,1,0,0,0,0
5.68689,117,-33,262,1,0,0,0,0
5.70201,116,-34,262,1,0,0,0,0
5.7155,115,-34,262,1,0,0,0,0
5.72761,114,-34,263,1,0,0,0,0
5.73906,113,-35,264,1,0,0,0,0
5.75069,112,-36,265,1,0,0,0,0
5.76173,111,-36,266,1,0,0,0,0
5.78181,109,-37,266,1,0,0,0,0
5.79741,107,-37,267,1,0,0,0,0
5.80868,105,-38,267,1,0,0,0,0
5.82003,103,-38,267,1,0,0,0,0
5.83169,101,-38,268,1,0,0,0,0
5.84299,99,-39,269,1,0,0,0,0
5.85401,97,-39,269,1,0,0,0,0
5.86763,95,-40,269,1,0,0,0,0
5.8811,93,-40,269,1,0,0,0,0
5.89209,91,-40,269,1,0,0,0,0
5.90347,89,-40,269,1,0,0,0,0
5.91467,88,-41,270,1,0,0,0,0
5.92567,86,-41,271,1,0,0,0,0
5.93742,85,-42,270,1,0,0,0,0
5.95088,83,-42,270,1,0,0,0,0
5.96179,81,-43,271,1,0,0,0,0
5.97329,80,-44,272,1,0,0,0,0
5.98454,78,-44,272,1,0,0,0,0
5.99536,77,-45,271,1,0,0,0,0
6.00651,75,-46,272,1,0,0,0,0
6.01797,74,-46,272,1,0,0,0,0
6.03024,72,-47,272,1,0,0,0,0
6.04136,71,-47,273,1,0,0,0,0
6.05238,69,-48,273,1,0,0,0,0
6.0631,68,-48,274,1,0,0,0,0
6.07431,67,-49,274,1,0,0,0,0
6.08543,65,-49,275,1,0,0,0,0
6.09702,64,-49,275,1,0,0,0,0
6.11126,62,-50,276,1,0,0,0,0
6.12478,61,-50,275,1,0,0,0,0
6.13734,59,-50,274,1,0,0,0,0
6.14863,58,-50,274,1,0,0,0,0
6.15952,56,-50,275,1,0,0,0,0
6.17116,55,-50,276,1,0,0,0,0
6.18253,54,-50,275,1,0,0,0,0
6.19353,52,-50,276,1,0,0,0,0
6.20477,51,-50,276,1,0,0,0,0
6.21594,50,-49,276,1,0,0,0,0
6.2268,48,-49,275,1,0,0,0,0
6.23812,47,-49,275,1,0,0,0,0
6.25101,46,-48,274,1,0,0,0,0
6.26823,45,-48,274,1,0,0,0,0
6.27951,45,-48,273,1,0,0,0,0
6.29069,44,-48,273,1,0,0,0,0
6.30216,44,-48,272,1,0,0,0,0
6.31322,44,-48,273,1,0,0,0,0
6.32446,44,-48,273,1,0,0,0,0
6.33624,44,-48,273,1,0,0,0,0
6.34745,44,-48,274,1,0,0,0,0
6.35854,44,-48,275,1,0,0,0,0
6.36987,45,-48,276,1,0,0,0,0
6.38099,45,-48,276,1,0,0,0,0
6.39192,46,-48,275,1,0,0,0,0
6.40561,46,-48,275,1,0,0,0,0
6.41694,46,-47,275,1,0,0,0,0
6.42783,47,-47,275,1,0,0,0,0
6.43924,47,-47,275,1,0,0,0,0
6.45058,48,-47,275,1,0,0,0,0
6.46174,48,-47,275,1,0,0,0,0
6.47296,49,-47,276,1,0,0,0,0
6.48463,49,-46,276,1,0,0,0,0
6.49581,49,-46,275,1,0,0,0,0
6.50696,50,-45,275,1,0,0,0,0
6.51847,51,-45,275,1,0,0,0,0
6.52945,51,-45,274,1,0,0,0,0
6.54074,52,-44,275,1,0,0,0,0
6.55193,53,-43,275,1,0,0,0,0
6.56502,53,-42,274,1,0,0,0,0
6.58055,54,-41,273,1,0,0,0,0
6.5914,55,-41,273,1,0,0,0,0
6.60273,57,-40,274,1,0,0,0,0
6.61347,58,-39,273,1,0,0,0,0
6.62394,60,-38,273,1,0,0,0,0
6.63505,62,-37,272,1,0,0,0,0
6.64581,64,-36,272,1,0,0,0,0
6.65665,67,-36,272,1,0,0,0,0
6.66775,70,-35,271,1,0,0,0,0
6.6787,73,-35,270,1,0,0,0,0
6.69141,77,-34,270,1,0,0,0,0
6.70322,80,-34,269,1,0,0,0,0
6.71517,83,-35,269,1,0,0,0,0
6.72571,87,-35,268,1,0,0,0,0
6.73694,91,-37,269,1,0,0,0,0
6.74787,95,-38,268,1,0,0,0,0
6.75849,99,-40,268,1,0,0,0,0
6.76974,103,-42,268,1,0,0,0,0
6.78498,108,-45,269,1,0,0,0,0
6.7964,112,-47,267,1,0,0,0,0
6.80888,115,-50,266,1,0,0,0,0
6.82071,119,-53,267,1,0,0,0,0
6.83219,123,-57,267,1,0,0,0,0
6.84293,126,-60,266,1,0,0,0,0
6.85346,129,-63,267,1,0,0,0,0
6.86478,131,-67,267,1,0,0,0,0
6.87721,133,-70,268,1,0,0,0,0
6.88842,135,-74,268,1,0,0,0,0
6.89968,136,-76,268,1,0,0,0,0
6.91108,138,-79,269,1,0,0,0,0
6.92227,139,-82,270,1,0,0,0,0
6.934,140,-84,272,1,0,0,0,0
6.94513,140,-86,273,1,0,0,0,0
6.95628,140,-87,274,1,0,0,0,0
6.96821,139,-88,275,1,0,0,0,0
6.97982,139,-90,278,1,0,0,0,0
6.99128,139,-91,280,1,0,0,0,0
7.00321,138,-91,283,1,0,0,0,0
7.01485,137,-93,287,1,0,0,0,0
7.02621,137,-94,290,1,0,0,0,0
7.03807,135,-94,293,1,0,0,0,0
7.04969,134,-96,297,1,0,0,0,0
7.06111,133,-96,300,1,0,0,0,0
7.07801,131,-97,303,1,0,0,0,0
7.09151,129,-98,306,1,0,0,0,0
7.10306,127,-99,311,1,0,0,0,0
7.11468,125,-100,315,1,0,0,0,0
7.12667,123,-101,319,1,0,0,0,0
7.13873,121,-102,322,1,0,0,0,0
7.15057,119,-102,326,1,0,0,0,0
7.16245,117,-102,329,1,0,0,0,0
7.17402,115,-103,334,1,0,0,0,0
7.18686,112,-103,337,1,0,0,0,0
7.19882,110,-102,340,1,0,0,0,0
7.21052,108,-102,343,1,0,0,0,0
7.22271,106,-101,346,1,0,0,0,0
7.23512,103,-101,350,1,0,0,0,0
7.24708,102,-101,355,1,0,0,0,0
7.25958,100,-100,357,1,0,0,0,0
7.27236,98,-99,359,1,0,0,0,0
7.28526,96,-98,362,1,0,0,0,0
7.29767,95,-98,365,1,0,0,0,0
7.30993,94,-97,369,1,0,0,0,0
7.32284,92,-96,370,1,0,0,0,0
7.33566,91,-96,372,1,0,0,0,0
7.34854,90,-95,375,1,0,0,0,0
7.36108,89,-94,376,1,0,0,0,0
7.37498,89,-93,379,1,0,0,0,0
7.3892,88,-92,380,1,0,0,0,0
7.40236,88,-91,381,1,0,0,0,0
7.41546,87,-90,382,1,0,0,0,0
7.43067,87,-89,385,1,0,0,0,0
7.44314,87,-88,384,1,0,0,0,0
7.45624,87,-87,385,1,0,0,0,0
7.46921,87,-86,385,1,0,0,0,0
7.48216,87,-85,386,1,0,0,0,0
7.49499,88,-84,387,1,0,0,0,0
7.50774,88,-84,388,1,0,0,0,0
7.52168,89,-83,391,1,0,0,0,0
7.53506,91,-83,394,1,0,0,0,0
7.54851,92,-83,395,1,0,0,0,0
7.5614,93,-82,395,1,0,0,0,0
7.57449,94,-83,396,1,0,0,0,0
7.58803,95,-82,395,1,0,0,0,0
7.60128,96,-82,393,1,0,0,0,0
7.61457,97,-82,393,1,0,0,0,0
7.62748,98,-83,393,1,0,0,0,0
7.64046,99,-84,393,1,0,0,0,0
7.65406,101,-85,394,1,0,0,0,0
7.66755,102,-87,395,1,0,0,0,0
7.68314,103,-88,396,1,0,0,0,0
7.69659,104,-89,396,1,0,0,0,0
7.70975,104,-90,395,1,0,0,0,0
7.7235,104,-90,395,1,0,0,0,0
7.73715,104,-90,393,1,0,0,0,0
7.75059,104,-91,394,1,0,0,0,0
7.76379,104,-91,395,1,0,0,0,0
7.77677,104,-91,395,1,0,0,0,0
7.79002,104,-90,396,1,0,0,0,0
7.80328,104,-89,396,1,0,0,0,0
7.81646,103,-88,395,1,0,0,0,0
7.82948,103,-87,397,1,0,0,0,0
7.84241,102,-85,396,1,0,0,0,0
7.8555,101,-83,395,1,0,0,0,0
7.86872,100,-81,394,1,0,0,0,0
7.88209,100,-79,394,1,0,0,0,0
7.89699,99,-77,394,1,0,0,0,0
7.91013,99,-75,394,1,0,0,0,0
7.9234,99,-73,395,1,0,0,0,0
7.939,98,-72,395,1,0,0,0,0
7.95258,98,-70,396,1,0,0,0,0
7.9659,98,-69,395,1,0,0,0,0
7.97902,97,-67,395,1,0,0,0,0
7.99255,97,-66,394,1,0,0,0,0
8.00621,97,-65,393,1,0,0,0,0
8.02027,97,-63,393,1,0,0,0,0
8.0335,96,-62,391,1,0,0,0,0
8.0466,96,-62,391,1,0,0,0,0
8.0601,96,-61,389,1,0,0,0,0
8.07334,96,-60,390,1,0,0,0,0
8.08726,96,-60,390,1,0,0,0,0
8.10042,96,-60,390,1,0,0,0,0
8.11336,96,-60,388,1,0,0,0,0
8.12687,96,-60,388,1,0,0,0,0
8.14017,96,-60,387,1,0,0,0,0
8.15373,96,-60,386,1,0,0,0,0
8.16687,97,-61,386,1,0,0,0,0
8.17974,98,-61,387,1,0,0,0,0
8.19331,98,-61,386,1,0,0,0,0
8.20655,99,-62,386,1,0,0,0,0
8.22027,100,-62,387,1,0,0,0,0
8.23371,100,-62,385,1,0,0,0,0
8.24672,101,-63,385,1,0,0,0,0
8.26044,101,-63,383,1,0,0,0,0
8.27385,102,-63,382,1,0,0,0,0
8.28811,103,-63,383,1,0,0,0,0
8.30134,104,-64,384,1,0,0,0,0
8.31436,105,-64,384,1,0,0,0,0
8.32813,107,-64,386,1,0,0,0,0
8.34133,108,-64,386,1,0,0,0,0
8.35915,109,-64,386,1,0,0,0,0
8.37268,111,-64,387,1,0,0,0,0
8.38629,112,-64,388,1,0,0,0,0
8.39966,114,-64,389,1,0,0,0,0
8.41272,115,-63,388,1,0,0,0,0
8.42792,116,-62,388,1,0,0,0,0
8.44166,117,-61,386,1,0,0,0,0
8.4563,119,-61,387,1,0,0,0,0
8.47167,120,-60,386,1,0,0,0,0
8.49208,122,-59,386,1,0,0,0,0
8.50799,123,-57,385,1,0,0,0,0
8.52367,124,-56,383,1,0,0,0,0
8.53721,126,-55,383,1,0,0,0,0
8.55378,127,-55,383,1,0,0,0,0
8.5677,129,-54,383,1,0,0,0,0
8.58273,130,-53,383,1,0,0,0,0
8.60133,131,-53,384,1,0,0,0,0
8.61471,132,-53,384,1,0,0,0,0
8.62789,133,-52,384,1,0,0,0,0
8.6417,133,-53,386,1,0,0,0,0
8.65518,133,-53,385,1,0,0,0,0
8.66924,133,-53,385,1,0,0,0,0
8.68334,133,-53,386,1,0,0,0,0
8.69702,132,-54,386,1,0,0,0,0
8.71047,132,-54,387,1,0,0,0,0
8.72372,131,-55,388,1,0,0,0,0
8.73714,130,-55,388,1,0,0,0,0
8.7503,128,-56,388,1,0,0,0,0
8.76358,127,-56,389,1,0,0,0,0
8.77746,125,-57,389,1,0,0,0,0
8.79118,123,-58,390,1,0,0,0,0
8.80445,121,-58,390,1,0,0,0,0
8.81742,119,-59,389,1,0,0,0,0
8.83067,116,-59,390,1,0,0,0,0
8.8438,114,-60,390,1,0,0,0,0
8.85709,113,-61,393,1,0,0,0,0
8.87264,111,-61,393,1,0,0,0,0
8.88692,110,-61,393,1,0,0,0,0
8.90054,108,-61,392,1,0,0,0,0
8.91393,106,-62,392,1,0,0,0,0
8.93005,105,-62,392,1,0,0,0,0
8.94387,104,-62,395,1,0,0,0,0
8.9576,103,-62,394,1,0,0,0,0
8.97187,102,-62,393,1,0,0,0,0
8.98594,102,-61,393,1,0,0,0,0
8.99988,101,-61,392,1,0,0,0,0
9.01416,102,-60,393,1,0,0,0,0
9.02799,102,-60,392,1,0,0,0,0
9.04111,103,-59,393,1,0,0,0,0
9.05443,105,-59,394,1,0,0,0,0
9.06805,107,-58,396,1,0,0,0,0
9.08146,108,-57,394,1,0,0,0,0
9.09447,109,-56,392,1,0,0,0,0
9.10967,111,-56,391,1,0,0,0,0
9.12345,112,-55,391,1,0,0,0,0
9.13765,114,-54,390,1,0,0,0,0
9.15078,116,-53,389,1,0,0,0,0
9.16415,118,-52,389,1,0,0,0,0
9.18026,120,-52,389,1,0,0,0,0
9.19376,123,-51,388,1,0,0,0,0
9.20708,126,-51,388,1,0,0,0,0
9.22094,129,-50,386,1,0,0,0,0
9.23408,132,-50,387,1,0,0,0,0
9.24697,136,-50,388,1,0,0,0,0
9.26112,138,-50,385,1,0,0,0,0
9.2742,140,-50,383,1,0,0,0,0
9.28749,143,-50,382,1,0,0,0,0
9.30015,145,-50,382,1,0,0,0,0
9.31404,148,-49,380,1,0,0,0,0
9.32943,150,-49,378,1,0,0,0,0
9.34275,153,-49,379,1,0,0,0,0
9.35657,155,-48,379,1,0,0,0,0
9.37069,157,-48,379,1,0,0,0,0
9.38398,159,-47,378,1,0,0,0,0
9.39761,160,-47,378,1,0,0,0,0
9.41097,162,-46,378,1,0,0,0,0
9.42425,164,-45,380,1,0,0,0,0
9.4379,165,-44,379,1,0,0,0,0
9.45583,165,-43,378,1,0,0,0,0
9.46956,166,-42,377,1,0,0,0,0
9.4835,167,-41,376,1,0,0,0,0
9.49685,168,-39,377,1,0,0,0,0
9.51001,168,-38,376,1,0,0,0,0
9.52381,169,-37,376,1,0,0,0,0
9.53736,168,-36,374,1,0,0,0,0
9.55102,169,-35,375,1,0,0,0,0
9.5644,169,-35,375,1,0,0,0,0
9.57764,168,-34,374,1,0,0,0,0
9.59243,167,-34,373,1,0,0,0,0
9.60799,167,-34,373,1,0,0,0,0
9.62136,166,-34,375,1,0,0,0,0
9.63429,165,-35,376,1,0,0,0,0
9.64678,164,-36,378,1,0,0,0,0
9.65994,161,-36,376,1,0,0,0,0
9.67284,159,-37,379,1,0,0,0,0
9.68604,158,-39,381,1,0,0,0,0
9.69879,156,-40,383,1,0,0,0,0
9.71121,154,-41,385,1,0,0,0,0
9.72532,151,-42,386,1,0,0,0,0
9.73788,149,-43,388,1,0,0,0,0
9.75056,146,-44,388,1,0,0,0,0
9.76304,142,-45,388,1,0,0,0,0
9.77548,138,-46,388,0,0,0,0,0
9.78797,138,-46,388,0,0,0,0,0
9.80023,138,-46,388,0,0,0,0,0
9.81222,138,-46,388,0,0,0,0,0
9.82463,138,-46,388,0,0,0,0,0
9.83701,138,-46,388,0,0,0,0,0
9.84947,138,-46,388,0,0,0,0,0
9.86219,138,-46,388,0,0,0,0,0
9.87449,138,-46,388,0,0,0,0,0
9.88685,138,-46,388,0,0,0,0,0
9.8993,138,-46,388,0,0,0,0,0
9.91094,138,-46,388,0,0,0,0,0
9.92283,138,-46,388,0,0,0,0,0
9.93503,138,-46,388,0,0,0,0,0
9.948,138,-46,388,0,0,0,0,0
9.95995,138,-46,388,0,0,0,0,0
9.97236,138,-46,388,0,0,0,0,0
9.9863,138,-46,388,0,0,0,0,0
9.99886,138,-46,388,0,0,0,0,0
10.0122,138,-46,388,0,0,0,0,0
10.0241,138,-46,388,0,0,0,0,0
10.0378,138,-46,388,0,0,0,0,0
10.0511,138,-46,388,0,0,0,0,0
10.0634,138,-46,388,0,0,0,0,0
10.0757,138,-46,388,0,0,0,0,0
10.0887,138,-46,388,0,0,0,0,0
10.1005,138,-46,388,0,0,0,0,0
10.112,138,-46,388,0,0,0,0,0
10.1238,138,-46,388,0,0,0,0,0
10.1358,138,-46,388,0,0,0,0,0
10.1479,138,-46,388,0,0,0,0,0
10.1598,138,-46,388,1,0,0,0,0
10.1719,100,-48,394,1,0,0,0,0
10.184,66,-50,400,1,0,0,0,0
10.1965,38,-51,405,0,0,0,0,0
10.2086,38,-51,405,1,0,0,0,0
10.2208,12,-53,409,0,0,0,0,0
10.2327,12,-53,409,0,0,0,0,0
10.2442,12,-53,409,0,0,0,0,0
10.258,12,-53,409,0,0,0,0,0
10.2691,12,-53,409,0,0,0,0,0
10.2817,12,-53,409,1,0,0,0,0
10.2937,-15,-55,413,1,0,0,0,0
10.3061,-39,-57,414,1,0,0,0,0
10.3187,-57,-58,414,1,0,0,0,0
10.3322,-72,-59,415,1,0,0,0,0
10.3446,-83,-59,414,0,0,0,0,0
10.3568,-83,-59,414,1,0,0,0,0
10.3691,-93,-58,415,1,0,0,0,0
10.3815,-100,-57,416,1,0,0,0,0
10.394,-105,-55,415,1,0,0,0,0
10.4067,-107,-53,413,1,0,0,0,0
10.4197,-109,-51,411,1,0,0,0,0
10.432,-109,-49,411,1,0,0,0,0
10.4444,-108,-47,411,1,0,0,0,0
10.4568,-107,-45,410,1,0,0,0,0
10.4688,-105,-42,409,1,0,0,0,0
10.4817,-103,-40,409,1,0,0,0,0
10.4937,-100,-38,407,1,0,0,0,0
10.5057,-97,-35,404,1,0,0,0,0
10.5177,-94,-33,402,1,0,0,0,0
10.5299,-91,-30,403,1,0,0,0,0
10.5421,-88,-28,405,1,0,0,0,0
10.5544,-84,-26,405,1,0,0,0,0
10.5666,-81,-24,407,1,0,0,0,0
10.5794,-78,-23,407,1,0,0,0,0
10.5917,-74,-22,408,1,0,0,0,0
10.6041,-71,-21,410,1,0,0,0,0
10.6166,-68,-20,410,1,0,0,0,0
10.6286,-65,-19,411,1,0,0,0,0
10.6406,-61,-18,411,1,0,0,0,0
10.6535,-58,-18,410,1,0,0,0,0
10.6659,-54,-17,410,1,0,0,0,0
10.6779,-51,-16,408,1,0,0,0,0
10.6904,-49,-16,409,1,0,0,0,0
10.7028,-46,-15,407,1,0,0,0,0
10.7148,-44,-14,407,0,0,0,0,0
10.7269,-44,-14,407,1,0,0,0,0
10.7391,-42,-13,407,1,0,0,0,0
10.7512,-40,-11,404,0,0,0,0,0
10.7628,-40,-11,404,1,0,0,0,0
10.7748,-38,-9,401,1,0,0,0,0
10.7871,-37,-6,401,1,0,0,0,0
10.7991,-35,-3,400,1,0,0,0,0
10.8109,-34,0,402,1,0,0,0,0
10.823,-33,2,401,1,0,0,0,0
10.8352,-32,5,403,1,0,0,0,0
10.8469,-31,8,404,1,0,0,0,0
10.8588,-30,11,405,1,0,0,0,0
10.8711,-29,14,406,1,0,0,0,0
10.8834,-29,17,407,1,0,0,0,0
10.8955,-28,20,406,1,0,0,0,0
10.9087,-27,22,405,1,0,0,0,0
10.9216,-26,24,403,1,0,0,0,0
10.9346,-25,26,402,1,0,0,0,0
10.9484,-25,28,399,1,0,0,0,0
10.9608,-24,29,396,1,0,0,0,0
10.9734,-24,30,397,1,0,0,0,0
10.9866,-24,31,398,1,0,0,0,0
10.9995,-24,32,399,1,0,0,0,0
11.0118,-24,32,400,1,0,0,0,0
11.0245,-24,32,400,1,0,0,0,0
11.0374,-24,32,399,1,0,0,0,0
11.05,-24,31,398,1,0,0,0,0
11.0628,-24,31,396,1,0,0,0,0
11.0753,-24,30,396,1,0,0,0,0
11.0881,-24,30,396,1,0,0,0,0
11.1008,-24,29,396,1,0,0,0,0
11.1131,-24,28,397,1,0,0,0,0
11.1258,-24,27,398,1,0,0,0,0
11.1383,-23,27,398,1,0,0,0,0
11.1511,-23,26,399,1,0,0,0,0
11.1635,-22,25,400,1,0,0,0,0
11.1758,-20,25,399,1,0,0,0,0
11.1885,-19,24,400,1,0,0,0,0
11.2008,-18,24,401,1,0,0,0,0
11.2126,-16,24,400,1,0,0,0,0
11.2248,-15,23,402,1,0,0,0,0
11.2377,-13,23,401,1,0,0,0,0
11.2498,-11,23,402,1,0,0,0,0
11.2616,-8,22,402,1,0,0,0,0
11.2733,-6,22,401,1,0,0,0,0
11.2854,-3,22,400,0,0,0,0,0
11.2976,-3,22,400,0,0,0,0,0
11.3089,-3,22,400,0,0,0,0,0
11.3204,-3,22,400,0,0,0,0,0
11.3318,-3,22,400,0,0,0,0,0
11.343,-3,22,400,0,0,0,0,0
11.3552,-3,22,400,0,0,0,0,0
11.3669,-3,22,400,0,0,0,0,0
11.3784,-3,22,400,0,0,0,0,0
11.3899,-3,22,400,0,0,0,0,0
11.4016,-3,22,400,0,0,0,0,0
11.4133,-3,22,400,0,0,0,0,0
11.4253,-3,22,400,0,0,0,0,0
11.4375,-3,22,400,0,0,0,0,0
11.4495,-3,22,400,0,0,0,0,0
11.4615,-3,22,400,0,0,0,0,0
11.4735,-3,22,400,0,0,0,0,0
11.4856,-3,22,400,0,0,0,0,0
11.4976,-3,22,400,0,0,0,0,0
11.5096,-3,22,400,0,0,0,0,0
11.5216,-3,22,400,0,0,0,0,0
11.5333,-3,22,400,0,0,0,0,0
11.5454,-3,22,400,0,0,0,0,0
11.5571,-3,22,400,0,0,0,0,0
11.5691,-3,22,400,0,0,0,0,0
11.5817,-3,22,400,0,0,0,0,0
11.594,-3,22,400,0,0,0,0,0
11.6062,-3,22,400,0,0,0,0,0
11.6184,-3,22,400,0,0,0,0,0
11.6306,-3,22,400,0,0,0,0,0
11.6425,-3,22,400,0,0,0,0,0
11.6548,-3,22,400,1,0,0,0,0
11.6682,43,16,397,0,0,0,0,0
11.6815,43,16,397,1,0,0,0,0
11.6943,85,10,393,1,0,0,0,0
11.7076,121,5,388,1,0,0,0,0
11.7203,151,1,385,1,0,0,0,0
11.7329,177,-2,382,0,0,0,0,0
11.7452,177,-2,382,0,0,0,0,0
11.7566,177,-2,382,0,0,0,0,0
11.7684,177,-2,382,0,0,0,0,0
11.78,177,-2,382,1,0,0,0,0
11.7938,206,-1,377,1,0,0,0,0
11.8063,230,0,373,0,0,0,0,0
11.818,230,0,373,1,0,0,0,0
11.8305,249,0,372,1,0,0,0,0
11.8434,263,0,370,1,0,0,0,0
11.8564,272,0,368,1,0,0,0,0
11.8696,277,0,363,1,0,0,0,0
11.8828,280,0,360,1,0,0,0,0
11.897,280,-1,357,1,0,0,0,0
11.9101,280,-2,356,1,0,0,0,0
11.9233,278,-2,355,1,0,0,0,0
11.937,274,-3,353,1,0,0,0,0
11.9505,270,-4,352,1,0,0,0,0
11.964,268,-5,354,1,0,0,0,0
11.9773,264,-5,356,1,0,0,0,0
11.9908,261,-6,357,1,0,0,0,0
12.0047,257,-6,357,1,0,0,0,0
12.0181,253,-6,359,1,0,0,0,0
12.0316,250,-5,360,1,0,0,0,0
12.0468,246,-5,360,1,0,0,0,0
12.0598,242,-4,360,1,0,0,0,0
12.0731,238,-4,360,1,0,0,0,0
12.0869,236,-3,362,1,0,0,0,0
12.1003,234,-2,365,1,0,0,0,0
12.1136,232,-2,367,1,0,0,0,0
12.1267,230,-1,368,1,0,0,0,0
12.1403,229,0,371,1,0,0,0,0
12.1538,227,0,371,1,0,0,0,0
12.1718,225,1,374,1,0,0,0,0
12.1848,224,2,377,1,0,0,0,0
12.1975,222,3,379,1,0,0,0,0
12.2104,220,5,381,1,0,0,0,0
12.2229,217,5,382,1,0,0,0,0
12.2363,216,6,386,0,0,0,0,0
12.2487,216,6,386,0,0,0,0,0
12.2621,216,6,386,0,0,0,0,0
12.2769,216,6,386,0,0,0,0,0
12.2888,216,6,386,0,0,0,0,0
12.301,216,6,386,0,0,0,0,0
12.3131,216,6,386,0,0,0,0,0
12.325,216,6,386,0,0,0,0,0
12.3371,216,6,386,0,0,0,0,0
12.3499,216,6,386,0,0,0,0,0
12.3621,216,6,386,0,0,0,0,0
12.374,216,6,386,0,0,0,0,0
12.3864,216,6,386,0,0,0,0,0
12.3987,216,6,386,0,0,0,0,0
12.411,216,6,386,0,0,0,0,0
12.4235,216,6,386,0,0,0,0,0
12.4361,216,6,386,0,0,0,0,0
12.4496,216,6,386,0,0,0,0,0
12.4619,216,6,386,0,0,0,0,0
12.4742,216,6,386,0,0,0,0,0
12.4866,216,6,386,0,0,0,0,0
12.4989,216,6,386,0,0,0,0,0
12.511,216,6,386,0,0,0,0,0
12.5231,216,6,386,0,0,0,0,0
12.5354,216,6,386,0,0,0,0,0
12.5483,216,6,386,0,0,0,0,0
12.5609,216,6,386,0,0,0,0,0
12.573,216,6,386,0,0,0,0,0
12.5856,216,6,386,0,0,0,0,0
12.5978,216,6,386,0,0,0,0,0
12.6101,216,6,386,1,0,0,0,0
12.6226,182,5,395,0,0,0,0,0
12.6353,182,5,395,0,0,0,0,0
12.6475,182,5,395,0,0,0,0,0
12.6595,182,5,395,0,0,0,0,0
12.6717,182,5,395,0,0,0,0,0
12.6837,182,5,395,0,0,0,0,0
12.6969,182,5,395,1,0,0,0,0
12.7094,146,3,402,1,0,0,0,0
12.7219,116,2,406,1,0,0,0,0
12.7352,90,1,411,1,0,0,0,0
12.7485,68,0,413,1,0,0,0,0
12.761,51,0,418,1,0,0,0,0
12.7738,36,-1,421,0,0,0,0,0
12.7856,36,-1,421,0,0,0,0,0
12.7971,36,-1,421,0,0,0,0,0
12.8092,36,-1,421,1,0,0,0,0
12.822,22,-2,424,1,0,0,0,0
12.8348,11,-4,426,1,0,0,0,0
12.8474,3,-5,426,1,0,0,0,0
12.8598,-2,-6,427,1,0,0,0,0
12.8728,-5,-7,426,1,0,0,0,0
12.8858,-7,-8,427,1,0,0,0,0
12.8984,-7,-8,427,1,0,0,0,0
12.911,-6,-8,427,1,0,0,0,0
12.9237,-4,-9,425,1,0,0,0,0
12.9367,-1,-9,422,1,0,0,0,0
12.9495,2,-9,422,1,0,0,0,0
12.962,6,-9,418,1,0,0,0,0
12.9752,11,-10,416,1,0,0,0,0
12.9878,16,-10,414,1,0,0,0,0
13.0003,20,-10,412,1,0,0,0,0
13.0131,24,-11,412,1,0,0,0,0
13.0257,29,-12,411,1,0,0,0,0
13.0385,32,-12,410,1,0,0,0,0
13.0518,36,-13,409,1,0,0,0,0
13.0648,40,-14,409,1,0,0,0,0
13.0778,43,-15,408,1,0,0,0,0
13.0907,46,-15,406,1,0,0,0,0
13.1032,48,-16,406,1,0,0,0,0
13.1162,51,-16,407,1,0,0,0,0
13.1291,53,-16,407,1,0,0,0,0
13.1423,55,-16,407,1,0,0,0,0
13.1556,56,-16,408,1,0,0,0,0
13.1692,57,-16,406,1,0,0,0,0
13.1824,59,-16,407,1,0,0,0,0
13.1955,60,-16,406,1,0,0,0,0
13.2087,60,-16,407,1,0,0,0,0
13.2223,61,-15,407,1,0,0,0,0
13.236,62,-15,408,1,0,0,0,0
13.2494,62,-15,408,1,0,0,0,0
13.2628,63,-14,410,1,0,0,0,0
13.2761,64,-14,410,1,0,0,0,0
13.2898,64,-13,410,1,0,0,0,0
13.3034,64,-13,410,1,0,0,0,0
13.3168,64,-13,410,1,0,0,0,0
13.3301,65,-13,412,1,0,0,0,0
13.3432,65,-13,411,1,0,0,0,0
13.3566,66,-13,411,1,0,0,0,0
13.3704,67,-13,411,1,0,0,0,0
13.3838,67,-12,410,1,0,0,0,0
13.3979,68,-12,410,1,0,0,0,0
13.4137,68,-12,407,1,0,0,0,0
13.4303,68,-12,405,1,0,0,0,0
13.4435,69,-13,406,1,0,0,0,0
13.46,70,-13,407,1,0,0,0,0
13.4744,71,-13,409,1,0,0,0,0
13.4902,72,-13,408,1,0,0,0,0
13.5039,73,-13,409,1,0,0,0,0
13.5173,73,-14,407,1,0,0,0,0
13.5305,74,-14,405,1,0,0,0,0
13.544,74,-14,405,1,0,0,0,0
13.5571,75,-14,403,1,0,0,0,0
13.5706,75,-15,403,1,0,0,0,0
13.5838,76,-15,401,1,0,0,0,0
13.5965,77,-15,402,1,0,0,0,0
13.6097,78,-16,402,1,0,0,0,0
13.6228,79,-17,404,1,0,0,0,0
13.6365,80,-18,404,1,0,0,0,0
13.6497,81,-18,402,1,0,0,0,0
13.6627,82,-19,403,1,0,0,0,0
13.676,84,-20,403,1,0,0,0,0
13.6893,84,-20,402,1,0,0,0,0
13.7033,86,-21,404,1,0,0,0,0
13.7182,87,-22,403,1,0,0,0,0
13.7311,88,-23,402,1,0,0,0,0
13.7455,89,-23,402,1,0,0,0,0
13.7584,91,-23,401,1,0,0,0,0
13.7713,93,-23,404,1,0,0,0,0
13.7841,95,-23,403,1,0,0,0,0
13.7968,97,-23,402,1,0,0,0,0
13.8098,99,-23,401,1,0,0,0,0
13.8227,103,-23,404,1,0,0,0,0
13.8359,105,-23,405,1,0,0,0,0
13.8487,108,-22,406,1,0,0,0,0
13.8612,111,-22,406,1,0,0,0,0
13.8765,113,-22,406,1,0,0,0,0
13.8894,115,-22,404,1,0,0,0,0
13.903,117,-22,403,1,0,0,0,0
13.9163,118,-23,403,1,0,0,0,0
13.9297,120,-23,404,1,0,0,0,0
13.9439,122,-24,403,1,0,0,0,0
13.9577,122,-25,401,1,0,0,0,0
13.972,123,-25,399,1,0,0,0,0
13.9861,125,-26,402,1,0,0,0,0
13.9995,125,-26,402,1,0,0,0,0
14.0134,125,-26,403,1,0,0,0,0
14.0271,125,-27,403,1,0,0,0,0
14.0407,125,-27,404,1,0,0,0,0
14.0559,125,-27,405,1,0,0,0,0
14.0701,125,-27,406,1,0,0,0,0
14.0842,124,-27,405,1,0,0,0,0
14.0978,123,-27,405,1,0,0,0,0
14.1112,123,-27,408,1,0,0,0,0
14.1262,123,-26,410,1,0,0,0,0
14.1399,122,-26,409,1,0,0,0,0
14.1537,120,-25,408,1,0,0,0,0
14.1673,120,-25,409,1,0,0,0,0
14.181,119,-24,409,1,0,0,0,0
14.1947,118,-24,411,1,0,0,0,0
14.2098,118,-23,412,1,0,0,0,0
14.2238,117,-22,411,1,0,0,0,0
14.2378,116,-21,410,1,0,0,0,0
14.2517,115,-21,409,1,0,0,0,0
14.2656,114,-20,407,1,0,0,0,0
14.2791,114,-20,407,1,0,0,0,0
14.2929,113,-19,405,1,0,0,0,0
14.3065,112,-19,404,1,0,0,0,0
14.3206,112,-18,404,1,0,0,0,0
14.3344,113,-18,406,1,0,0,0,0
14.349,112,-18,405,1,0,0,0,0
14.3626,111,-18,403,1,0,0,0,0
14.3757,111,-17,404,1,0,0,0,0
14.3896,111,-17,404,1,0,0,0,0
14.4036,110,-17,405,1,0,0,0,0
14.4174,110,-17,405,1,0,0,0,0
14.4309,109,-17,403,1,0,0,0,0
14.4442,109,-17,404,1,0,0,0,0
14.458,109,-17,404,1,0,0,0,0
14.4719,108,-17,404,1,0,0,0,0
14.4886,108,-16,403,1,0,0,0,0
14.5021,107,-16,402,1,0,0,0,0
14.5158,107,-16,402,1,0,0,0,0
14.5292,107,-16,401,1,0,0,0,0
14.5428,107,-16,402,1,0,0,0,0
14.5566,107,-16,403,1,0,0,0,0
14.5722,107,-16,404,1,0,0,0,0
14.5865,107,-15,404,1,0,0,0,0
14.6004,108,-15,405,1,0,0,0,0
14.6137,108,-15,405,1,0,0,0,0
14.6272,108,-15,406,1,0,0,0,0
14.6416,108,-16,404,1,0,0,0,0
14.6556,109,-16,405,1,0,0,0,0
14.6717,109,-16,405,1,0,0,0,0
14.6858,109,-16,404,1,0,0,0,0
14.6993,110,-17,405,1,0,0,0,0
14.7139,111,-18,407,1,0,0,0,0
14.7278,111,-18,407,1,0,0,0,0
14.7414,111,-19,407,1,0,0,0,0
14.7552,111,-20,407,1,0,0,0,0
14.7688,112,-21,409,1,0,0,0,0
14.7824,112,-22,410,1,0,0,0,0
14.7959,112,-23,410,1,0,0,0,0
14.8092,112,-23,409,1,0,0,0,0
14.8229,112,-24,410,1,0,0,0,0
14.8367,111,-25,410,1,0,0,0,0
14.8503,110,-25,409,1,0,0,0,0
14.8637,109,-26,409,1,0,0,0,0
14.8768,108,-26,408,1,0,0,0,0
14.8902,107,-27,411,1,0,0,0,0
14.9038,106,-27,412,1,0,0,0,0
14.9173,105,-27,413,1,0,0,0,0
14.9308,103,-27,413,1,0,0,0,0
14.9448,102,-28,414,1,0,0,0,0
14.9584,101,-28,414,1,0,0,0,0
14.9719,99,-28,414,1,0,0,0,0
14.9857,98,-29,414,1,0,0,0,0
14.999,97,-29,414,1,0,0,0,0
15.0123,95,-30,415,1,0,0,0,0
15.0259,94,-31,413,1,0,0,0,0
15.0394,92,-31,411,1,0,0,0,0
15.0536,92,-32,412,1,0,0,0,0
15.0671,91,-33,412,1,0,0,0,0
15.0807,90,-33,413,1,0,0,0,0
15.0943,90,-34,413,1,0,0,0,0
15.1079,90,-34,414,1,0,0,0,0
15.1217,89,-34,414,1,0,0,0,0
15.1354,89,-35,414,1,0,0,0,0
15.1509,90,-35,416,1,0,0,0,0
15.1658,89,-35,415,1,0,0,0,0
15.1843,90,-35,415,1,0,0,0,0
15.2004,90,-35,415,1,0,0,0,0
15.2142,90,-35,415,1,0,0,0,0
15.2278,90,-34,413,1,0,0,0,0
15.2415,90,-34,413,1,0,0,0,0
15.2551,90,-33,411,1,0,0,0,0
15.2694,90,-32,412,1,0,0,0,0
15.2852,91,-31,412,1,0,0,0,0
15.2999,91,-30,411,1,0,0,0,0
15.3136,92,-29,411,1,0,0,0,0
15.3268,92,-28,409,1,0,0,0,0
15.343,92,-27,410,1,0,0,0,0
15.3567,92,-27,409,1,0,0,0,0
15.3734,92,-26,407,1,0,0,0,0
15.3873,92,-25,406,1,0,0,0,0
15.4007,93,-25,406,1,0,0,0,0
15.4144,93,-25,407,1,0,0,0,0
15.4278,93,-25,406,1,0,0,0,0
15.4412,93,-25,406,1,0,0,0,0
15.4548,93,-25,406,1,0,0,0,0
15.4683,93,-25,409,1,0,0,0,0
15.484,93,-26,410,1,0,0,0,0
15.4978,93,-27,412,1,0,0,0,0
15.511,92,-27,413,1,0,0,0,0
15.5245,91,-28,413,1,0,0,0,0
15.5379,90,-28,414,1,0,0,0,0
15.5514,89,-29,414,1,0,0,0,0
15.5647,88,-29,414,1,0,0,0,0
15.5779,88,-30,417,1,0,0,0,0
15.5918,86,-30,418,1,0,0,0,0
15.6059,85,-30,419,1,0,0,0,0
15.6197,84,-29,418,1,0,0,0,0
15.6339,83,-29,420,1,0,0,0,0
15.6473,81,-28,420,1,0,0,0,0
15.6606,80,-28,421,1,0,0,0,0
15.6743,79,-27,419,1,0,0,0,0
15.6879,78,-26,419,1,0,0,0,0
15.7018,77,-25,420,1,0,0,0,0
15.7152,76,-24,419,1,0,0,0,0
15.7284,75,-23,419,1,0,0,0,0
15.7419,74,-21,419,1,0,0,0,0
15.7554,73,-20,419,1,0,0,0,0
15.7689,72,-19,419,1,0,0,0,0
15.783,72,-18,418,1,0,0,0,0
15.7982,72,-17,420,1,0,0,0,0
15.8119,71,-16,420,1,0,0,0,0
15.8254,71,-15,421,1,0,0,0,0
15.8389,71,-15,420,1,0,0,0,0
15.8535,71,-14,419,1,0,0,0,0
15.871,71,-14,419,1,0,0,0,0
15.8848,71,-15,420,1,0,0,0,0
15.898,71,-15,418,1,0,0,0,0
15.9111,72,-15,418,1,0,0,0,0
15.9246,72,-15,416,1,0,0,0,0
15.9382,73,-16,417,1,0,0,0,0
15.952,74,-17,417,1,0,0,0,0
15.9652,75,-17,417,1,0,0,0,0
15.9783,76,-18,417,1,0,0,0,0
15.992,77,-18,416,1,0,0,0,0
16.0055,79,-18,416,1,0,0,0,0
16.0201,80,-19,416,1,0,0,0,0
16.0354,82,-19,418,1,0,0,0,0
16.0505,82,-19,417,1,0,0,0,0
16.0641,83,-19,416,1,0,0,0,0
16.0778,84,-19,417,1,0,0,0,0
16.0921,84,-19,416,1,0,0,0,0
16.106,84,-19,417,1,0,0,0,0
16.1203,84,-18,416,1,0,0,0,0
16.1338,84,-18,416,1,0,0,0,0
16.1469,84,-18,417,1,0,0,0,0
16.1602,84,-18,418,1,0,0,0,0
16.1736,82,-17,417,1,0,0,0,0
16.1911,81,-17,416,1,0,0,0,0
16.2053,80,-16,416,1,0,0,0,0
16.2197,78,-16,417,1,0,0,0,0
16.233,77,-15,417,1,0,0,0,0
16.2472,76,-15,417,1,0,0,0,0
16.2609,74,-15,417,1,0,0,0,0
16.274,73,-14,415,1,0,0,0,0
16.2876,71,-14,416,1,0,0,0,0
16.3012,71,-13,418,1,0,0,0,0
16.3194,70,-13,417,1,0,0,0,0
16.3334,69,-12,416,1,0,0,0,0
16.3468,68,-12,416,1,0,0,0,0
16.361,67,-11,416,1,0,0,0,0
16.3746,67,-11,416,1,0,0,0,0
16.3883,67,-11,418,1,0,0,0,0
16.4021,66,-10,416,1,0,0,0,0
16.4164,66,-10,417,1,0,0,0,0
16.4294,65,-10,417,1,0,0,0,0
16.4424,65,-10,418,1,0,0,0,0
16.456,64,-10,420,1,0,0,0,0
16.4695,63,-10,419,1,0,0,0,0
16.483,62,-10,421,1,0,0,0,0
16.496,61,-10,421,1,0,0,0,0
16.509,60,-10,421,1,0,0,0,0
16.5225,59,-10,423,1,0,0,0,0
16.5357,58,-10,422,1,0,0,0,0
16.5494,57,-11,422,1,0,0,0,0
16.5626,56,-11,421,1,0,0,0,0
16.5755,55,-11,421,1,0,0,0,0
16.5888,54,-11,421,1,0,0,0,0
16.6018,53,-12,422,1,0,0,0,0
16.6161,51,-12,421,1,0,0,0,0
16.6294,49,-12,422,1,0,0,0,0
16.6423,48,-12,423,1,0,0,0,0
16.656,47,-13,426,1,0,0,0,0
16.6698,45,-13,425,1,0,0,0,0
16.6834,44,-13,425,1,0,0,0,0
16.6964,42,-13,426,1,0,0,0,0
16.7094,41,-13,424,1,0,0,0,0
16.7232,39,-13,424,1,0,0,0,0
16.7372,37,-13,426,1,0,0,0,0
16.7502,35,-13,423,1,0,0,0,0
16.7631,34,-13,422,1,0,0,0,0
16.7761,31,-13,421,1,0,0,0,0
16.7893,29,-13,421,1,0,0,0,0
16.8021,27,-13,424,1,0,0,0,0
16.8176,25,-13,425,1,0,0,0,0
16.8309,23,-13,425,1,0,0,0,0
16.8435,21,-13,425,1,0,0,0,0
16.8566,19,-13,427,1,0,0,0,0
16.8696,17,-14,428,1,0,0,0,0
16.8839,15,-14,429,1,0,0,0,0
16.8966,13,-13,428,1,0,0,0,0
16.9093,12,-13,429,1,0,0,0,0
16.9224,10,-13,428,1,0,0,0,0
16.9356,8,-13,429,1,0,0,0,0
16.9498,6,-13,429,1,0,0,0,0
16.9628,5,-13,429,1,0,0,0,0
16.9757,3,-12,430,1,0,0,0,0
16.989,2,-12,432,1,0,0,0,0
17.0022,1,-12,435,1,0,0,0,0
17.0165,0,-11,431,1,0,0,0,0
17.0294,0,-10,429,1,0,0,0,0
17.0426,-1,-10,430,1,0,0,0,0
17.0559,-1,-10,428,1,0,0,0,0
17.0693,-2,-9,427,1,0,0,0,0
17.083,-3,-9,428,1,0,0,0,0
17.0959,-4,-9,426,1,0,0,0,0
17.1085,-5,-9,424,1,0,0,0,0
17.1216,-6,-9,425,1,0,0,0,0
17.1345,-7,-9,422,1,0,0,0,0
17.1468,-9,-10,418,1,0,0,0,0
17.1595,-11,-10,421,1,0,0,0,0
17.172,-13,-11,424,1,0,0,0,0
17.1847,-15,-12,425,1,0,0,0,0
17.197,-18,-13,427,1,0,0,0,0
17.2105,-20,-13,428,1,0,0,0,0
17.2234,-22,-14,431,1,0,0,0,0
17.236,-24,-15,428,0,0,0,0,0
17.248,-24,-15,428,1,0,0,0,0
17.263,-28,-16,431,1,0,0,0,0
17.2752,-31,-18,431,0,0,0,0,0
17.2878,-31,-18,431,0,0,0,0,0
17.2998,-31,-18,431,0,0,0,0,0
17.3116,-31,-18,431,1,0,0,0,0
17.3239,-37,-19,431,1,0,0,0,0
17.3366,-42,-20,432,1,0,0,0,0
17.3505,-47,-20,425,1,0,0,0,0
17.3625,-51,-21,424,1,0,0,0,0
17.3743,-56,-22,425,1,0,0,0,0
17.3868,-60,-22,427,0,0,0,0,0
17.3984,-60,-22,427,1,0,0,0,0
17.4102,-64,-23,426,1,0,0,0,0
17.4223,-69,-23,427,1,0,0,0,0
17.4346,-73,-23,427,0,0,0,0,0
17.4469,-73,-23,427,1,0,0,0,0
17.4608,-78,-24,428,1,0,0,0,0
17.4727,-83,-24,429,1,0,0,0,0
17.4851,-86,-25,427,1,0,0,0,0
17.4971,-90,-25,426,1,0,0,0,0
17.5092,-93,-25,426,1,0,0,0,0
17.522,-97,-25,425,1,0,0,0,0
17.5344,-101,-25,425,1,0,0,0,0
17.5545,-104,-25,424,1,0,0,0,0
17.5677,-106,-25,422,1,0,0,0,0
17.5823,-109,-25,422,1,0,0,0,0
17.5947,-112,-25,423,1,0,0,0,0
17.6075,-115,-25,423,1,0,0,0,0
17.6205,-117,-25,422,1,0,0,0,0
17.634,-119,-25,423,1,0,0,0,0
17.6474,-121,-25,424,1,0,0,0,0
17.66,-123,-26,425,1,0,0,0,0
17.6726,-125,-26,425,1,0,0,0,0
17.6889,-126,-26,424,1,0,0,0,0
17.7044,-127,-25,424,1,0,0,0,0
17.7176,-128,-25,423,1,0,0,0,0
17.7309,-129,-25,423,1,0,0,0,0
17.7455,-130,-25,422,1,0,0,0,0
17.7613,-130,-25,420,1,0,0,0,0
17.7775,-131,-25,420,1,0,0,0,0
17.7907,-131,-25,420,1,0,0,0,0
17.8054,-131,-25,420,1,0,0,0,0
17.8188,-131,-25,419,1,0,0,0,0
17.8325,-131,-25,418,1,0,0,0,0
17.8478,-131,-25,417,1,0,0,0,0
17.8624,-131,-25,416,1,0,0,0,0
17.8798,-131,-25,416,1,0,0,0,0
17.8939,-132,-25,417,1,0,0,0,0
17.908,-132,-25,418,1,0,0,0,0
17.9224,-132,-25,418,1,0,0,0,0
17.9382,-133,-25,417,1,0,0,0,0
17.9517,-134,-25,419,1,0,0,0,0
17.9684,-135,-25,421,1,0,0,0,0
17.9817,-136,-25,422,1,0,0,0,0
17.9947,-136,-25,421,1,0,0,0,0
18.0095,-137,-25,422,1,0,0,0,0
18.0227,-137,-25,420,1,0,0,0,0
18.0363,-138,-24,421,1,0,0,0,0
18.0491,-138,-24,420,1,0,0,0,0
18.0618,-139,-24,419,1,0,0,0,0
18.0749,-139,-24,418,1,0,0,0,0
18.0881,-139,-24,417,1,0,0,0,0
18.1013,-140,-24,416,1,0,0,0,0
18.1143,-140,-24,417,1,0,0,0,0
18.1272,-141,-24,418,1,0,0,0,0
18.1405,-141,-24,419,1,0,0,0,0
18.1538,-141,-24,418,1,0,0,0,0
18.1672,-141,-24,417,1,0,0,0,0
18.1803,-141,-24,418,1,0,0,0,0
18.1933,-141,-23,417,1,0,0,0,0
18.2067,-141,-23,417,1,0,0,0,0
18.2201,-141,-23,418,1,0,0,0,0
18.2335,-140,-22,417,1,0,0,0,0
18.2467,-140,-21,417,1,0,0,0,0
18.2596,-140,-21,416,1,0,0,0,0
18.2731,-140,-20,418,1,0,0,0,0
18.2863,-141,-20,419,1,0,0,0,0
18.2995,-140,-19,419,1,0,0,0,0
18.3124,-140,-18,418,1,0,0,0,0
18.3252,-140,-17,417,1,0,0,0,0
18.3386,-141,-17,419,1,0,0,0,0
18.3518,-140,-16,418,1,0,0,0,0
18.365,-140,-16,417,1,0,0,0,0
18.3777,-141,-15,417,1,0,0,0,0
18.3906,-140,-14,417,1,0,0,0,0
18.4038,-140,-14,417,1,0,0,0,0
18.4168,-141,-13,418,1,0,0,0,0
18.4304,-141,-13,418,1,0,0,0,0
18.443,-140,-12,417,1,0,0,0,0
18.4557,-139,-12,415,1,0,0,0,0
18.4682,-138,-11,415,1,0,0,0,0
18.4809,-138,-10,414,1,0,0,0,0
18.4935,-137,-9,414,1,0,0,0,0
18.5062,-137,-8,416,1,0,0,0,0
18.519,-135,-7,415,1,0,0,0,0
18.5312,-134,-6,415,1,0,0,0,0
18.5439,-134,-5,416,1,0,0,0,0
18.5566,-133,-3,416,1,0,0,0,0
18.5695,-132,-2,416,1,0,0,0,0
18.582,-131,0,417,1,0,0,0,0
18.5941,-131,1,419,1,0,0,0,0
18.6071,-129,4,416,1,0,0,0,0
18.6198,-128,7,416,1,0,0,0,0
18.6326,-128,9,416,1,0,0,0,0
18.6451,-128,12,416,1,0,0,0,0
18.6576,-128,14,416,1,0,0,0,0
18.6704,-128,16,416,1,0,0,0,0
18.683,-128,18,416,1,0,0,0,0
18.6953,-128,20,415,1,0,0,0,0
18.7081,-128,21,413,1,0,0,0,0
18.7207,-129,23,412,1,0,0,0,0
18.7331,-130,24,411,1,0,0,0,0
18.7461,-132,25,416,1,0,0,0,0
18.7587,-133,26,417,1,0,0,0,0
18.7715,-135,27,417,1,0,0,0,0
18.7844,-136,28,417,1,0,0,0,0
18.7971,-139,29,418,1,0,0,0,0
18.8103,-141,29,419,1,0,0,0,0
18.8231,-143,30,420,1,0,0,0,0
18.8365,-145,30,421,1,0,0,0,0
18.8491,-147,31,421,1,0,0,0,0
18.8613,-149,31,421,1,0,0,0,0
18.8741,-151,32,420,1,0,0,0,0
18.8867,-152,32,418,1,0,0,0,0
18.8996,-153,32,415,1,0,0,0,0
18.9123,-154,33,413,1,0,0,0,0
18.9258,-155,33,412,1,0,0,0,0
18.9403,-156,34,411,1,0,0,0,0
18.9531,-157,35,409,1,0,0,0,0
18.9673,-157,36,408,1,0,0,0,0
18.9802,-157,36,406,1,0,0,0,0
18.9931,-157,37,404,1,0,0,0,0
19.0065,-157,37,404,1,0,0,0,0
19.0199,-156,38,403,1,0,0,0,0
19.033,-156,38,401,1,0,0,0,0
19.0459,-155,38,401,1,0,0,0,0
19.0587,-155,38,401,1,0,0,0,0
19.0723,-155,38,402,1,0,0,0,0
19.0856,-154,38,401,1,0,0,0,0
19.0988,-154,38,401,1,0,0,0,0
19.1118,-153,38,401,1,0,0,0,0
19.1248,-152,37,400,1,0,0,0,0
19.1381,-152,37,401,1,0,0,0,0
19.1513,-152,37,401,1,0,0,0,0
19.1644,-152,37,402,1,0,0,0,0
19.1775,-151,37,403,1,0,0,0,0
19.1905,-151,37,402,1,0,0,0,0
19.2058,-151,37,402,1,0,0,0,0
19.2194,-151,36,403,1,0,0,0,0
19.2325,-151,36,404,1,0,0,0,0
19.2456,-151,36,405,1,0,0,0,0
19.2584,-151,35,404,1,0,0,0,0
19.2716,-151,35,404,1,0,0,0,0
19.2848,-151,35,404,1,0,0,0,0
19.2979,-151,34,406,1,0,0,0,0
19.3108,-152,34,407,1,0,0,0,0
19.3237,-151,34,406,1,0,0,0,0
19.3371,-151,34,407,1,0,0,0,0
19.3501,-152,34,408,1,0,0,0,0
19.3639,-151,34,408,1,0,0,0,0
19.3767,-150,33,407,1,0,0,0,0
19.3896,-149,33,406,1,0,0,0,0
19.4039,-149,33,407,1,0,0,0,0
19.4176,-148,33,406,1,0,0,0,0
19.4306,-147,33,406,1,0,0,0,0
19.4433,-147,33,407,1,0,0,0,0
19.4563,-146,33,407,1,0,0,0,0
19.4701,-145,33,408,1,0,0,0,0
19.4832,-144,32,407,1,0,0,0,0
19.4971,-142,32,407,1,0,0,0,0
19.5097,-141,32,406,1,0,0,0,0
19.5224,-140,32,408,1,0,0,0,0
19.5353,-138,32,407,1,0,0,0,0
19.5484,-137,32,406,1,0,0,0,0
19.5617,-136,32,406,1,0,0,0,0
19.5755,-136,32,407,1,0,0,0,0
19.5887,-135,32,407,1,0,0,0,0
19.6018,-135,32,408,1,0,0,0,0
19.6147,-134,32,407,1,0,0,0,0
19.628,-135,32,408,1,0,0,0,0
19.6429,-135,32,408,1,0,0,0,0
19.6558,-134,32,407,1,0,0,0,0
19.6687,-134,32,405,1,0,0,0,0
19.6817,-134,32,404,1,0,0,0,0
19.6947,-135,32,406,1,0,0,0,0
19.7076,-135,32,405,1,0,0,0,0
19.7208,-135,32,406,1,0,0,0,0
19.7337,-136,32,408,1,0,0,0,0
19.7466,-136,32,409,1,0,0,0,0
19.7596,-136,32,410,1,0,0,0,0
19.7725,-137,32,413,1,0,0,0,0
19.7857,-136,31,413,1,0,0,0,0
19.798,-135,30,412,1,0,0,0,0
19.81,-134,29,414,1,0,0,0,0
19.8224,-132,28,413,1,0,0,0,0
19.835,-129,27,413,1,0,0,0,0
19.8473,-127,26,414,1,0,0,0,0
19.8592,-125,26,415,1,0,0,0,0
19.8712,-121,24,414,1,0,0,0,0
19.8842,-117,23,414,1,0,0,0,0
19.8962,-112,22,413,0,0,0,0,0
19.9079,-112,22,413,1,0,0,0,0
19.9215,-108,20,417,1,0,0,0,0
19.9336,-103,19,417,0,0,0,0,0
19.9451,-103,19,417,1,0,0,0,0
19.9574,-97,17,416,0,0,0,0,0
19.9711,-97,17,416,0,0,0,0,0
19.9835,-97,17,416,0,0,0,0,0
19.9951,-97,17,416,0,0,0,0,0
20.0068,-97,17,416,0,0,0,0,0
20.0189,-97,17,416,0,0,0,0,0
20.0305,-97,17,416,0,0,0,0,0
20.0418,-97,17,416,0,0,0,0,0
20.0533,-97,17,416,0,0,0,0,0
20.0645,-97,17,416,0,0,0,0,0
20.0757,-97,17,416,0,0,0,0,0
20.0872,-97,17,416,0,0,0,0,0
20.0988,-97,17,416,0,0,0,0,0
20.1103,-97,17,416,0,0,0,0,0
20.1224,-97,17,416,0,0,0,0,0
20.1338,-97,17,416,0,0,0,0,0
20.1457,-97,17,416,0,0,0,0,0
20.1575,-97,17,416,0,0,0,0,0
20.1694,-97,17,416,0,0,0,0,0
20.1816,-97,17,416,0,0,0,0,0
20.1937,-97,17,416,1,0,0,0,0
20.2059,-67,13,420,1,0,0,0,0
20.2191,-41,9,421,1,0,0,0,0
20.2344,-19,6,423,1,0,0,0,0
20.2466,0,4,427,1,0,0,0,0
20.2587,15,2,430,1,0,0,0,0
20.271,29,1,431,1,0,0,0,0
20.2829,40,1,431,0,0,0,0,0
20.294,40,1,431,0,0,0,0,0
20.3062,40,1,431,0,0,0,0,0
20.3184,40,1,431,1,0,0,0,0
20.3311,52,2,428,1,0,0,0,0
20.3441,62,4,426,1,0,0,0,0
20.3568,69,5,423,1,0,0,0,0
20.37,75,6,422,1,0,0,0,0
20.3825,78,7,421,1,0,0,0,0
20.3948,80,9,418,1,0,0,0,0
20.4076,82,10,416,1,0,0,0,0
20.4209,82,11,414,1,0,0,0,0
20.4341,82,12,411,1,0,0,0,0
20.447,80,13,410,1,0,0,0,0
20.46,78,14,405,1,0,0,0,0
20.4734,77,15,406,1,0,0,0,0
20.4867,75,15,406,1,0,0,0,0
20.4998,73,16,404,1,0,0,0,0
20.5127,72,16,402,1,0,0,0,0
20.5264,70,17,402,1,0,0,0,0
20.5405,69,17,400,1,0,0,0,0
20.5538,67,17,400,1,0,0,0,0
20.567,66,17,400,1,0,0,0,0
20.58,65,17,400,1,0,0,0,0
20.5931,64,17,402,1,0,0,0,0
20.6067,63,18,403,1,0,0,0,0
20.62,63,18,406,1,0,0,0,0
20.6334,62,18,407,1,0,0,0,0
20.6463,60,19,404,1,0,0,0,0
20.6591,58,19,402,1,0,0,0,0
20.6723,57,20,401,1,0,0,0,0
20.6853,55,20,401,1,0,0,0,0
20.6983,54,21,401,1,0,0,0,0
20.7111,53,21,401,1,0,0,0,0
20.7239,52,22,403,1,0,0,0,0
20.7372,51,22,403,1,0,0,0,0
20.7501,49,22,403,1,0,0,0,0
20.7639,48,22,402,1,0,0,0,0
20.7768,47,22,404,1,0,0,0,0
20.7893,46,22,405,1,0,0,0,0
20.8019,45,21,407,1,0,0,0,0
20.8149,43,21,408,1,0,0,0,0
20.8275,42,20,408,1,0,0,0,0
20.8401,40,20,409,1,0,0,0,0
20.853,38,19,408,1,0,0,0,0
20.8656,37,18,407,1,0,0,0,0
20.8778,34,17,407,1,0,0,0,0
20.8906,32,16,408,1,0,0,0,0
20.9034,30,16,410,1,0,0,0,0
20.9164,28,15,410,1,0,0,0,0
20.9289,26,14,410,1,0,0,0,0
20.9414,24,14,411,1,0,0,0,0
20.9545,22,14,412,1,0,0,0,0
20.967,20,13,412,1,0,0,0,0
20.9805,19,13,412,1,0,0,0,0
20.9931,17,13,412,1,0,0,0,0
21.0058,16,12,410,1,0,0,0,0
21.0189,14,12,410,1,0,0,0,0
21.0315,13,12,412,1,0,0,0,0
21.0441,12,12,412,1,0,0,0,0
21.057,11,11,410,1,0,0,0,0
21.0699,10,11,410,1,0,0,0,0
21.0852,9,11,412,1,0,0,0,0
21.1004,8,11,413,1,0,0,0,0
21.1139,7,10,416,1,0,0,0,0
21.1276,6,10,415,1,0,0,0,0
21.1403,6,10,414,1,0,0,0,0
21.1538,6,9,413,1,0,0,0,0
21.1667,5,9,413,0,0,0,0,0
21.1808,5,9,413,1,0,0,0,0
21.1943,5,9,412,1,0,0,0,0
21.2075,5,9,412,1,0,0,0,0
21.2211,4,9,410,1,0,0,0,0
21.234,4,9,410,1,0,0,0,0
21.2472,5,9,409,1,0,0,0,0
21.26,6,9,411,1,0,0,0,0
21.2731,7,9,411,1,0,0,0,0
21.2865,8,9,411,1,0,0,0,0
21.3007,9,9,413,1,0,0,0,0
21.3147,10,9,414,1,0,0,0,0
21.3278,11,9,416,1,0,0,0,0
21.3405,12,8,416,1,0,0,0,0
21.3535,13,8,417,1,0,0,0,0
21.3661,13,7,418,1,0,0,0,0
21.3786,13,6,417,1,0,0,0,0
21.3914,12,5,417,1,0,0,0,0
21.404,12,4,415,1,0,0,0,0
21.4181,11,4,413,1,0,0,0,0
21.4307,10,3,413,1,0,0,0,0
21.4432,9,2,414,1,0,0,0,0
21.4583,9,2,416,1,0,0,0,0
21.4714,8,1,415,1,0,0,0,0
21.485,8,1,415,1,0,0,0,0
21.4993,9,1,415,1,0,0,0,0
21.5119,9,1,414,1,0,0,0,0
21.5261,9,1,414,1,0,0,0,0
21.5392,10,1,415,1,0,0,0,0
21.555,10,1,415,1,0,0,0,0
21.5681,10,2,416,1,0,0,0,0
21.5812,10,2,416,1,0,0,0,0
21.5939,10,2,416,0,0,0,0,0
21.6066,10,2,416,1,0,0,0,0
21.6195,10,3,416,1,0,0,0,0
21.6366,10,5,416,1,0,0,0,0
21.6496,9,6,414,1,0,0,0,0
21.6622,9,8,412,1,0,0,0,0
21.6792,9,9,409,1,0,0,0,0
21.6926,10,11,407,1,0,0,0,0
21.7057,10,13,403,1,0,0,0,0
21.7192,10,15,404,1,0,0,0,0
21.7319,10,17,403,1,0,0,0,0
21.7446,10,18,402,1,0,0,0,0
21.7577,10,19,400,1,0,0,0,0
21.7711,10,20,401,1,0,0,0,0
21.7843,10,21,402,1,0,0,0,0
21.7975,10,22,402,1,0,0,0,0
21.819,9,22,402,1,0,0,0,0
21.8326,9,22,403,1,0,0,0,0
21.8452,8,22,405,1,0,0,0,0
21.8582,8,22,406,1,0,0,0,0
21.8713,7,21,406,1,0,0,0,0
21.8856,7,20,407,1,0,0,0,0
21.8985,7,19,407,1,0,0,0,0
21.9111,7,18,406,1,0,0,0,0
21.9254,7,16,404,1,0,0,0,0
21.9385,8,15,403,1,0,0,0,0
21.9533,8,13,403,1,0,0,0,0
21.9666,8,12,404,1,0,0,0,0
21.9813,8,11,405,1,0,0,0,0
21.9944,8,9,407,1,0,0,0,0
22.0107,8,8,408,1,0,0,0,0
22.0241,8,7,408,0,0,0,0,0
22.0372,8,7,408,1,0,0,0,0
22.0502,8,5,408,1,0,0,0,0
22.0632,8,4,410,1,0,0,0,0
22.0786,8,3,410,1,0,0,0,0
22.0923,7,2,411,1,0,0,0,0
22.1054,7,1,411,1,0,0,0,0
22.1214,6,1,411,1,0,0,0,0
22.1347,6,1,412,1,0,0,0,0
22.1482,5,1,409,1,0,0,0,0
22.1613,5,1,407,1,0,0,0,0
22.1744,4,1,407,1,0,0,0,0
22.1894,3,1,404,1,0,0,0,0
22.2028,3,1,405,1,0,0,0,0
22.2177,3,1,405,1,0,0,0,0
22.2304,3,2,405,1,0,0,0,0
22.2429,3,2,406,1,0,0,0,0
22.2566,4,2,406,1,0,0,0,0
22.2695,4,2,408,1,0,0,0,0
22.2818,5,2,407,1,0,0,0,0
22.2944,6,1,408,1,0,0,0,0
22.3086,8,0,410,1,0,0,0,0
22.3212,10,0,412,1,0,0,0,0
22.3338,12,-1,415,1,0,0,0,0
22.3478,13,-2,416,1,0,0,0,0
22.3607,15,-3,417,1,0,0,0,0
22.3734,18,-4,418,1,0,0,0,0
22.3874,20,-6,417,1,0,0,0,0
22.3998,22,-7,415,1,0,0,0,0
22.4121,25,-8,416,1,0,0,0,0
22.4247,27,-9,413,1,0,0,0,0
22.4374,29,-10,413,1,0,0,0,0
22.4504,31,-10,411,1,0,0,0,0
22.4625,34,-11,412,1,0,0,0,0
22.4749,35,-12,408,1,0,0,0,0
22.4875,38,-12,409,0,0,0,0,0
22.4994,38,-12,409,0,0,0,0,0
22.5144,38,-12,409,0,0,0,0,0
22.5264,38,-12,409,1,0,0,0,0
22.5386,43,-13,409,1,0,0,0,0
22.5517,47,-13,407,0,0,0,0,0
22.5635,47,-13,407,0,0,0,0,0
22.575,47,-13,407,1,0,0,0,0
22.5877,54,-15,405,0,0,0,0,0
22.5995,54,-15,405,0,0,0,0,0
22.6115,54,-15,405,1,0,0,0,0
22.6244,61,-18,401,0,0,0,0,0
22.6369,61,-18,401,1,0,0,0,0
22.6493,70,-22,406,1,0,0,0,0
22.6617,76,-26,402,0,0,0,0,0
22.6739,76,-26,402,1,0,0,0,0
22.6867,81,-30,398,1,0,0,0,0
22.6993,85,-34,397,1,0,0,0,0
22.7113,87,-38,394,1,0,0,0,0
22.724,89,-40,392,1,0,0,0,0
22.7364,90,-42,390,1,0,0,0,0
22.7487,91,-44,390,1,0,0,0,0
22.7609,92,-45,390,1,0,0,0,0
22.7736,92,-46,390,1,0,0,0,0
22.7898,91,-45,389,1,0,0,0,0
22.8026,91,-45,389,1,0,0,0,0
22.8177,91,-45,391,1,0,0,0,0
22.8306,91,-43,394,1,0,0,0,0
22.8483,90,-41,395,1,0,0,0,0
22.8632,89,-38,394,1,0,0,0,0
22.8782,88,-35,397,1,0,0,0,0
22.8911,88,-31,397,1,0,0,0,0
22.9042,87,-28,396,1,0,0,0,0
22.9174,86,-25,397,1,0,0,0,0
22.9304,85,-22,397,1,0,0,0,0
22.9433,84,-19,399,1,0,0,0,0
22.9569,82,-17,397,1,0,0,0,0
22.9725,81,-15,398,1,0,0,0,0
22.9864,79,-14,399,1,0,0,0,0
22.9999,77,-14,400,1,0,0,0,0
23.0123,75,-15,403,1,0,0,0,0
23.0249,72,-16,406,1,0,0,0,0
23.0373,69,-17,405,1,0,0,0,0
23.0497,65,-19,405,0,0,0,0,0
23.0618,65,-19,405,0,0,0,0,0
23.0737,65,-19,405,0,0,0,0,0
23.0862,65,-19,405,0,0,0,0,0
23.098,65,-19,405,0,0,0,0,0
23.1099,65,-19,405,0,0,0,0,0
23.122,65,-19,405,0,0,0,0,0
23.1347,65,-19,405,0,0,0,0,0
23.1468,65,-19,405,0,0,0,0,0
23.1589,65,-19,405,0,0,0,0,0
23.1711,65,-19,405,0,0,0,0,0
23.1834,65,-19,405,1,0,0,0,0
23.1958,51,-22,409,1,0,0,0,0
23.2084,38,-24,411,1,0,0,0,0
23.2208,26,-26,414,1,0,0,0,0
23.2362,16,-27,416,1,0,0,0,0
23.2488,7,-28,417,1,0,0,0,0
23.261,0,-29,417,0,0,0,0,0
23.2731,0,-29,417,0,0,0,0,0
23.2868,0,-29,417,1,0,0,0,0
23.2993,-8,-31,420,1,0,0,0,0
23.3119,-15,-33,422,1,0,0,0,0
23.3258,-20,-35,424,1,0,0,0,0
23.339,-24,-36,423,1,0,0,0,0
23.3519,-26,-37,425,1,0,0,0,0
23.3662,-27,-38,425,1,0,0,0,0
23.3789,-27,-39,423,1,0,0,0,0
23.3913,-26,-40,421,1,0,0,0,0
23.4047,-24,-40,421,1,0,0,0,0
23.4173,-21,-41,423,1,0,0,0,0
23.43,-18,-42,425,1,0,0,0,0
23.4429,-15,-43,424,1,0,0,0,0
23.4558,-12,-43,422,1,0,0,0,0
23.4688,-8,-43,422,1,0,0,0,0
23.4821,-4,-43,420,1,0,0,0,0
23.495,-1,-43,422,1,0,0,0,0
23.5079,1,-43,420,1,0,0,0,0
23.521,4,-42,419,1,0,0,0,0
23.5338,7,-42,418,1,0,0,0,0
23.5466,9,-41,417,1,0,0,0,0
23.5594,12,-40,419,1,0,0,0,0
23.5721,15,-39,419,1,0,0,0,0
23.5853,17,-38,419,1,0,0,0,0
23.5981,19,-37,419,1,0,0,0,0
23.6108,22,-35,421,1,0,0,0,0
23.6242,24,-34,420,1,0,0,0,0
23.6373,25,-33,418,1,0,0,0,0
23.6502,27,-32,420,1,0,0,0,0
23.6632,29,-30,422,1,0,0,0,0
23.6757,31,-29,423,1,0,0,0,0
23.6887,32,-28,422,1,0,0,0,0
23.7014,34,-27,423,1,0,0,0,0
23.7145,35,-25,422,1,0,0,0,0
23.7277,36,-24,420,1,0,0,0,0
23.7408,37,-23,418,1,0,0,0,0
23.7546,38,-22,417,1,0,0,0,0
23.7679,38,-22,417,1,0,0,0,0
23.7811,38,-21,414,1,0,0,0,0
23.7945,39,-20,413,1,0,0,0,0
23.8075,38,-20,412,1,0,0,0,0
23.8212,38,-19,410,1,0,0,0,0
23.8354,38,-19,410,1,0,0,0,0
23.8486,37,-19,408,1,0,0,0,0
23.8626,36,-18,406,1,0,0,0,0
23.885,36,-18,407,1,0,0,0,0
23.8999,35,-18,407,1,0,0,0,0
23.9138,35,-18,408,1,0,0,0,0
23.9272,34,-18,408,1,0,0,0,0
23.9407,33,-18,407,1,0,0,0,0
23.9529,33,-17,406,1,0,0,0,0
23.9706,32,-17,405,1,0,0,0,0
23.9839,32,-17,404,1,0,0,0,0
23.9971,32,-17,404,1,0,0,0,0
24.0114,32,-17,405,1,0,0,0,0
24.0273,32,-17,405,1,0,0,0,0
24.041,32,-18,406,1,0,0,0,0
24.0544,33,-18,409,1,0,0,0,0
24.0674,33,-18,410,1,0,0,0,0
24.0806,33,-18,410,1,0,0,0,0
24.0938,34,-19,411,1,0,0,0,0
24.1072,34,-19,411,1,0,0,0,0
24.1205,-44,-30,391,1,0,0,0,0
24.1334,-111,-39,374,1,0,0,0,0
24.1467,-166,-47,359,1,0,0,0,0
24.1598,-213,-54,348,1,0,0,0,0
24.1731,-250,-59,337,1,0,0,0,0
24.1868,-286,-65,337,1,0,0,0,0
24.1997,-308,-67,329,1,0,0,0,0
24.2133,-325,-70,324,1,0,0,0,0
24.2264,-336,-71,318,1,0,0,0,0
24.2443,-344,-73,315,1,0,0,0,0
24.2577,-348,-73,312,1,0,0,0,0
24.272,-351,-73,312,1,0,0,0,0
24.285,-351,-73,311,1,0,0,0,0
24.2982,-349,-73,310,1,0,0,0,0
24.3124,-345,-72,309,1,0,0,0,0
24.3255,-341,-71,309,1,0,0,0,0
24.3395,-339,-71,312,1,0,0,0,0
24.3527,-336,-70,314,1,0,0,0,0
24.3659,-331,-69,314,1,0,0,0,0
24.3788,-328,-69,316,1,0,0,0,0
24.3918,-322,-68,316,1,0,0,0,0
24.4057,-319,-67,318,1,0,0,0,0
24.4188,-315,-66,320,1,0,0,0,0
24.4321,-312,-66,322,1,0,0,0,0
24.4451,-309,-65,323,1,0,0,0,0
24.4604,-306,-64,323,1,0,0,0,0
24.474,-302,-63,322,1,0,0,0,0
24.4879,-299,-63,322,1,0,0,0,0
24.5012,-297,-62,322,1,0,0,0,0
24.5142,-296,-62,324,1,0,0,0,0
24.5271,-295,-62,325,1,0,0,0,0
24.5407,-293,-62,323,1,0,0,0,0
24.5541,-292,-62,323,1,0,0,0,0
24.5674,-293,-62,324,1,0,0,0,0
24.5814,-293,-62,325,1,0,0,0,0
24.5949,-291,-62,324,1,0,0,0,0
24.6177,-291,-62,324,1,0,0,0,0
24.6327,-291,-61,324,1,0,0,0,0
24.6484,-292,-61,325,1,0,0,0,0
24.6637,-291,-61,325,1,0,0,0,0
24.6772,-292,-60,325,1,0,0,0,0
24.6932,-291,-60,325,1,0,0,0,0
24.7068,-291,-59,324,1,0,0,0,0
24.7204,-289,-59,323,1,0,0,0,0
24.7337,-290,-58,324,1,0,0,0,0
24.7467,-290,-58,324,1,0,0,0,0
24.7625,-291,-58,324,1,0,0,0,0
24.7757,-290,-58,323,1,0,0,0,0
24.7891,-290,-59,323,1,0,0,0,0
24.8023,-288,-59,322,1,0,0,0,0
24.8152,-288,-59,322,1,0,0,0,0
24.8284,-289,-60,323,1,0,0,0,0
24.8412,-289,-61,325,1,0,0,0,0
24.8542,-289,-61,326,1,0,0,0,0
24.8674,-288,-61,327,1,0,0,0,0
24.8801,-286,-61,327,1,0,0,0,0
24.8959,-286,-61,329,1,0,0,0,0
24.9084,-284,-61,330,1,0,0,0,0
24.9213,-283,-60,332,1,0,0,0,0
24.9345,-281,-59,333,1,0,0,0,0
24.9472,-278,-59,334,1,0,0,0,0
24.9608,-277,-58,336,1,0,0,0,0
24.9741,-274,-58,338,1,0,0,0,0
24.9873,-271,-57,339,1,0,0,0,0
25.0001,-268,-56,339,1,0,0,0,0
25.013,-266,-56,341,1,0,0,0,0
25.0329,-263,-55,341,1,0,0,0,0
25.0459,-262,-54,343,1,0,0,0,0
25.0587,-259,-54,343,1,0,0,0,0
25.0736,-257,-53,344,1,0,0,0,0
25.0873,-255,-52,344,1,0,0,0,0
25.101,-253,-51,345,1,0,0,0,0
25.1154,-252,-51,345,1,0,0,0,0
25.1326,-251,-50,345,1,0,0,0,0
25.1467,-250,-50,345,1,0,0,0,0
25.1619,-249,-50,345,1,0,0,0,0
25.177,-249,-50,345,1,0,0,0,0
25.1923,-248,-49,344,1,0,0,0,0
25.2083,-247,-49,342,1,0,0,0,0
25.2226,-247,-49,341,1,0,0,0,0
25.2369,-248,-49,342,1,0,0,0,0
25.2506,-249,-49,342,1,0,0,0,0
25.2638,-251,-50,343,1,0,0,0,0
25.2777,-251,-49,342,1,0,0,0,0
25.2914,-252,-49,342,1,0,0,0,0
25.3052,-253,-49,342,1,0,0,0,0
25.319,-253,-49,341,1,0,0,0,0
25.3322,-254,-50,341,1,0,0,0,0
25.346,-254,-49,341,1,0,0,0,0
25.3597,-255,-50,341,1,0,0,0,0
25.3739,-254,-49,339,1,0,0,0,0
25.3876,-254,-49,339,1,0,0,0,0
25.4009,-254,-49,338,1,0,0,0,0
25.4147,-254,-49,339,1,0,0,0,0
25.4292,-255,-49,339,1,0,0,0,0
25.443,-254,-48,339,1,0,0,0,0
25.4578,-255,-48,339,1,0,0,0,0
25.4718,-255,-48,340,1,0,0,0,0
25.4878,-255,-48,339,1,0,0,0,0
25.5016,-255,-48,340,1,0,0,0,0
25.5158,-255,-47,341,1,0,0,0,0
25.5301,-255,-47,340,1,0,0,0,0
25.5442,-254,-47,339,1,0,0,0,0
25.558,-254,-47,338,1,0,0,0,0
25.572,-255,-47,340,1,0,0,0,0
25.5858,-255,-46,340,1,0,0,0,0
25.6008,-254,-46,339,1,0,0,0,0
25.615,-254,-46,338,1,0,0,0,0
25.6289,-254,-46,338,1,0,0,0,0
25.6438,-254,-46,337,1,0,0,0,0
25.6595,-254,-46,337,1,0,0,0,0
25.6744,-254,-46,337,1,0,0,0,0
25.688,-253,-45,336,1,0,0,0,0
25.7028,-254,-46,337,1,0,0,0,0
25.7164,-254,-45,337,1,0,0,0,0
25.7301,-254,-45,337,1,0,0,0,0
25.7438,-255,-45,338,1,0,0,0,0
25.7598,-255,-46,339,1,0,0,0,0
25.7737,-256,-46,340,1,0,0,0,0
25.7873,-255,-45,339,1,0,0,0,0
25.805,-255,-45,339,1,0,0,0,0
25.8192,-255,-45,340,1,0,0,0,0
25.833,-256,-45,340,1,0,0,0,0
25.8465,-256,-45,341,1,0,0,0,0
25.8597,-255,-45,340,1,0,0,0,0
25.8732,-255,-45,340,1,0,0,0,0
25.8867,-254,-45,340,1,0,0,0,0
25.9003,-253,-45,340,1,0,0,0,0
25.9135,-253,-45,341,1,0,0,0,0
25.9269,-252,-45,341,1,0,0,0,0
25.9403,-252,-45,343,1,0,0,0,0
25.9535,-250,-44,343,1,0,0,0,0
25.9667,-248,-44,343,1,0,0,0,0
25.9796,-246,-44,343,1,0,0,0,0
25.9929,-243,-44,343,1,0,0,0,0
26.006,-240,-44,343,0,0,0,0,0
26.019,-240,-44,343,1,0,0,0,0
26.0318,-238,-44,346,1,0,0,0,0
26.0452,-234,-43,347,1,0,0,0,0
26.0579,-231,-43,348,1,0,0,0,0
26.0712,-227,-43,350,1,0,0,0,0
26.0843,-223,-42,351,1,0,0,0,0
26.0975,-219,-42,351,1,0,0,0,0
26.111,-216,-41,353,0,0,0,0,0
26.1234,-216,-41,353,0,0,0,0,0
26.1361,-216,-41,353,0,0,0,0,0
26.1487,-216,-41,353,0,0,0,0,0
26.161,-216,-41,353,1,0,0,0,0
26.174,-209,-41,356,1,0,0,0,0
26.1868,-204,-40,359,1,0,0,0,0
26.1998,-199,-40,361,1,0,0,0,0
26.2125,-194,-39,363,1,0,0,0,0
26.225,-189,-39,364,1,0,0,0,0
26.2381,-184,-38,364,1,0,0,0,0
26.2532,-180,-38,365,1,0,0,0,0
26.266,-176,-38,366,1,0,0,0,0
26.2784,-172,-38,366,1,0,0,0,0
26.2907,-168,-39,368,1,0,0,0,0
26.3035,-165,-39,369,0,0,0,0,0
26.3157,-165,-39,369,0,0,0,0,0
26.3279,-165,-39,369,1,0,0,0,0
26.3409,-160,-40,369,0,0,0,0,0
26.3557,-160,-40,369,1,0,0,0,0
26.3709,-155,-40,371,0,0,0,0,0
26.3858,-155,-40,371,0,0,0,0,0
26.4,-155,-40,371,0,0,0,0,0
26.4138,-155,-40,371,1,0,0,0,0
26.4261,-145,-41,371,0,0,0,0,0
26.4388,-145,-41,371,1,0,0,0,0
26.4513,-135,-41,370,0,0,0,0,0
26.4637,-135,-41,370,0,0,0,0,0
26.476,-135,-41,370,1,0,0,0,0
26.4887,-126,-42,375,1,0,0,0,0
26.5041,-116,-41,376,1,0,0,0,0
26.5166,-107,-41,376,0,0,0,0,0
26.5295,-107,-41,376,1,0,0,0,0
26.5447,-99,-40,378,1,0,0,0,0
26.5575,-92,-40,380,1,0,0,0,0
26.5731,-85,-40,380,1,0,0,0,0
26.586,-80,-39,378,1,0,0,0,0
26.5989,-75,-38,378,1,0,0,0,0
26.6115,-71,-38,377,1,0,0,0,0
26.6245,-68,-37,377,1,0,0,0,0
26.6376,-65,-37,376,1,0,0,0,0
26.6505,-63,-37,376,1,0,0,0,0
26.6646,-61,-36,376,1,0,0,0,0
26.6777,-59,-36,376,1,0,0,0,0
26.6907,-58,-36,377,1,0,0,0,0
26.7045,-56,-36,375,1,0,0,0,0
26.7187,-55,-36,374,1,0,0,0,0
26.7315,-53,-35,374,1,0,0,0,0
26.7442,-50,-35,372,1,0,0,0,0
26.757,-48,-35,371,1,0,0,0,0
26.7704,-46,-34,370,1,0,0,0,0
26.7833,-45,-34,370,1,0,0,0,0
26.7957,-42,-33,371,1,0,0,0,0
26.8084,-40,-33,373,1,0,0,0,0
26.821,-38,-33,373,1,0,0,0,0
26.8338,-36,-32,373,1,0,0,0,0
26.8462,-33,-31,374,1,0,0,0,0
26.8587,-31,-30,376,1,0,0,0,0
26.8714,-28,-30,379,1,0,0,0,0
26.8838,-26,-29,380,1,0,0,0,0
26.8961,-23,-28,382,1,0,0,0,0
26.909,-21,-27,381,1,0,0,0,0
26.9217,-18,-26,381,1,0,0,0,0
26.9344,-16,-25,380,1,0,0,0,0
26.9468,-13,-23,377,1,0,0,0,0
26.9592,-10,-22,377,1,0,0,0,0
26.9719,-8,-21,375,1,0,0,0,0
26.9848,-5,-20,373,1,0,0,0,0
26.9975,-3,-18,371,0,0,0,0,0
27.0099,-3,-18,371,1,0,0,0,0
27.0227,0,-17,371,1,0,0,0,0
27.0369,3,-15,370,1,0,0,0,0
27.051,6,-13,368,1,0,0,0,0
27.0678,9,-12,367,1,0,0,0,0
27.082,12,-10,365,1,0,0,0,0
27.0949,14,-8,364,1,0,0,0,0
27.1077,18,-7,364,1,0,0,0,0
27.1228,21,-5,363,1,0,0,0,0
27.1374,23,-3,361,0,0,0,0,0
27.1493,23,-3,361,0,0,0,0,0
27.1613,23,-3,361,1,0,0,0,0
27.1743,30,0,362,1,0,0,0,0
27.1878,35,2,361,1,0,0,0,0
27.2014,41,5,363,1,0,0,0,0
27.2143,46,7,361,1,0,0,0,0
27.2272,50,9,359,1,0,0,0,0
27.2406,53,11,355,1,0,0,0,0
27.2535,57,13,355,1,0,0,0,0
27.2664,60,14,352,0,0,0,0,0
27.2786,60,14,352,0,0,0,0,0
27.2906,60,14,352,0,0,0,0,0
27.3034,60,14,352,1,0,0,0,0
27.3167,66,16,349,1,0,0,0,0
27.3305,71,18,348,0,0,0,0,0
27.343,71,18,348,1,0,0,0,0
27.3563,77,19,344,1,0,0,0,0
27.3693,82,20,343,0,0,0,0,0
27.3818,82,20,343,0,0,0,0,0
27.3945,82,20,343,1,0,0,0,0
27.4089,89,21,341,1,0,0,0,0
27.4223,95,21,339,1,0,0,0,0
27.4358,101,22,338,0,0,0,0,0
27.4495,101,22,338,1,0,0,0,0
27.4637,107,22,335,1,0,0,0,0
27.4769,112,23,333,1,0,0,0,0
27.4908,116,23,332,1,0,0,0,0
27.5046,119,24,330,1,0,0,0,0
27.5185,122,24,328,1,0,0,0,0
27.5325,124,25,327,1,0,0,0,0
27.5462,125,25,326,1,0,0,0,0
27.5589,127,26,328,1,0,0,0,0
27.5728,128,26,327,1,0,0,0,0
27.5872,129,26,327,1,0,0,0,0
27.6012,129,27,326,1,0,0,0,0
27.6152,129,27,325,1,0,0,0,0
27.6288,129,27,324,1,0,0,0,0
27.6424,128,27,323,1,0,0,0,0
27.6559,127,28,323,1,0,0,0,0
27.67,126,28,324,1,0,0,0,0
27.6835,125,29,325,1,0,0,0,0
27.6981,123,29,326,1,0,0,0,0
27.7114,121,29,327,1,0,0,0,0
27.7248,119,29,327,1,0,0,0,0
27.7388,117,29,328,1,0,0,0,0
27.7523,114,29,328,1,0,0,0,0
27.7658,111,29,329,1,0,0,0,0
27.779,108,29,329,1,0,0,0,0
27.792,105,28,330,1,0,0,0,0
27.8051,101,28,331,1,0,0,0,0
27.8184,98,27,332,1,0,0,0,0
27.8316,94,26,334,1,0,0,0,0
27.8445,91,26,334,0,0,0,0,0
27.8568,91,26,334,0,0,0,0,0
27.8695,91,26,334,1,0,0,0,0
27.882,85,24,337,0,0,0,0,0
27.894,85,24,337,1,0,0,0,0
27.9066,78,22,338,1,0,0,0,0
27.9196,72,20,342,0,0,0,0,0
27.9346,72,20,342,0,0,0,0,0
27.9467,72,20,342,0,0,0,0,0
27.9586,72,20,342,0,0,0,0,0
27.9709,72,20,342,0,0,0,0,0
27.9829,72,20,342,0,0,0,0,0
27.9949,72,20,342,1,0,0,0,0
28.0075,58,14,346,1,0,0,0,0
28.0199,46,10,349,1,0,0,0,0
28.0324,36,5,350,1,0,0,0,0
28.0448,27,2,352,1,0,0,0,0
28.0573,19,-1,357,0,0,0,0,0
28.0694,19,-1,357,0,0,0,0,0
28.0811,19,-1,357,0,0,0,0,0
28.0926,19,-1,357,0,0,0,0,0
28.1045,19,-1,357,1,0,0,0,0
28.1169,8,-6,357,1,0,0,0,0
28.132,-1,-11,359,1,0,0,0,0
28.15,-9,-15,360,1,0,0,0,0
28.1661,-14,-19,363,1,0,0,0,0
28.1838,-17,-22,365,1,0,0,0,0
28.1971,-19,-24,366,1,0,0,0,0
28.2113,-20,-26,367,1,0,0,0,0
28.2241,-19,-27,367,1,0,0,0,0
28.2371,-17,-28,366,1,0,0,0,0
28.2498,-15,-29,366,1,0,0,0,0
28.2621,-12,-30,365,0,0,0,0,0
28.2746,-12,-30,365,1,0,0,0,0
28.2875,-7,-30,365,1,0,0,0,0
28.3004,-3,-30,364,1,0,0,0,0
28.3135,1,-30,359,1,0,0,0,0
28.326,6,-30,359,1,0,0,0,0
28.34,11,-30,358,1,0,0,0,0
28.3528,15,-29,358,1,0,0,0,0
28.3659,20,-29,355,1,0,0,0,0
28.3788,24,-29,355,1,0,0,0,0
28.3915,28,-29,354,1,0,0,0,0
28.4066,32,-29,354,1,0,0,0,0
28.4201,36,-30,353,1,0,0,0,0
28.4331,39,-30,352,1,0,0,0,0
28.4461,42,-31,352,1,0,0,0,0
28.4588,46,-32,351,0,0,0,0,0
28.4716,46,-32,351,0,0,0,0,0
28.4862,46,-32,351,1,0,0,0,0
28.4993,51,-33,350,1,0,0,0,0
28.5121,56,-35,350,1,0,0,0,0
28.5249,60,-36,349,1,0,0,0,0
28.5385,65,-38,348,1,0,0,0,0
28.5518,69,-40,347,1,0,0,0,0
28.5652,72,-42,345,1,0,0,0,0
28.5785,75,-44,343,1,0,0,0,0
28.5915,78,-46,343,1,0,0,0,0
28.6052,81,-49,343,1,0,0,0,0
28.6188,84,-50,343,1,0,0,0,0
28.6323,87,-52,341,1,0,0,0,0
28.6455,90,-53,340,1,0,0,0,0
28.6589,92,-54,339,1,0,0,0,0
28.6728,94,-55,339,1,0,0,0,0
28.6891,96,-57,339,1,0,0,0,0
28.7057,99,-58,337,1,0,0,0,0
28.7201,101,-59,337,1,0,0,0,0
28.7341,103,-59,335,1,0,0,0,0
28.7478,104,-60,334,1,0,0,0,0
28.7617,106,-60,333,1,0,0,0,0
28.7758,106,-60,331,1,0,0,0,0
28.7895,107,-59,330,1,0,0,0,0
28.8038,108,-59,330,1,0,0,0,0
28.8178,109,-59,330,1,0,0,0,0
28.8317,109,-58,328,1,0,0,0,0
28.8457,110,-57,328,1,0,0,0,0
28.8596,110,-57,327,1,0,0,0,0
28.8738,110,-57,328,1,0,0,0,0
28.8879,110,-57,327,1,0,0,0,0
28.902,110,-56,327,1,0,0,0,0
28.9159,109,-57,328,1,0,0,0,0
28.9302,107,-56,326,1,0,0,0,0
28.9438,106,-57,326,1,0,0,0,0
28.9578,104,-57,326,1,0,0,0,0
28.9722,103,-57,325,1,0,0,0,0
28.986,102,-58,327,1,0,0,0,0
29.0001,100,-58,326,1,0,0,0,0
29.0137,97,-58,322,1,0,0,0,0
29.0271,96,-59,323,1,0,0,0,0
29.041,95,-61,325,1,0,0,0,0
29.055,94,-63,328,1,0,0,0,0
29.0687,93,-65,329,1,0,0,0,0
29.0824,92,-68,330,1,0,0,0,0
29.0958,92,-71,333,1,0,0,0,0
29.1094,92,-73,333,1,0,0,0,0
29.1228,92,-76,334,1,0,0,0,0
29.1368,92,-78,334,1,0,0,0,0
29.1505,92,-81,335,1,0,0,0,0
29.1643,92,-84,335,1,0,0,0,0
29.1795,92,-87,335,1,0,0,0,0
29.1932,92,-90,334,1,0,0,0,0
29.2089,92,-92,333,1,0,0,0,0
29.2237,92,-95,332,1,0,0,0,0
29.2381,93,-97,332,1,0,0,0,0
29.2523,93,-99,333,1,0,0,0,0
29.2662,94,-101,332,1,0,0,0,0
29.2802,96,-104,333,1,0,0,0,0
29.2943,97,-105,332,1,0,0,0,0
29.3083,98,-106,331,1,0,0,0,0
29.3224,100,-107,330,1,0,0,0,0
29.337,101,-109,331,1,0,0,0,0
29.3519,102,-109,330,1,0,0,0,0
29.3659,104,-110,329,1,0,0,0,0
29.3807,105,-110,329,1,0,0,0,0
29.3944,107,-110,328,1,0,0,0,0
29.4081,108,-111,328,1,0,0,0,0
29.4225,109,-110,327,1,0,0,0,0
29.4367,111,-110,327,1,0,0,0,0
29.4509,112,-110,326,1,0,0,0,0
29.4698,114,-110,325,1,0,0,0,0
29.4837,115,-110,326,1,0,0,0,0
29.4991,117,-110,325,1,0,0,0,0
29.5129,118,-109,324,1,0,0,0,0
29.5267,119,-109,324,1,0,0,0,0
29.5414,121,-108,323,1,0,0,0,0
29.5557,122,-107,323,1,0,0,0,0
29.5701,124,-107,322,1,0,0,0,0
29.5843,125,-106,322,1,0,0,0,0
29.5986,127,-105,322,1,0,0,0,0
29.6129,128,-105,323,1,0,0,0,0
29.6272,129,-104,323,1,0,0,0,0
29.6417,130,-103,323,1,0,0,0,0
29.6584,131,-101,322,1,0,0,0,0
29.6733,131,-100,322,1,0,0,0,0
29.6871,131,-99,321,1,1,0,0,0
