timestamp,errXmm,errYmm,errZmm,MarkerPresent,Touched,Encoder,Heading4,Heading5
0.166575,32,-9,266,1,1,TE1A1B0C1D000X,0,0
0.179284,32,-9,266,0,0,TE1A1B0C1D000X,0,0
0.192382,32,-9,266,0,0,TE1A1B0C1D000X,0,0
0.205297,32,-9,266,0,0,TE1A1B0C1D000X,0,0
0.217976,32,-9,266,0,0,TE1A1B0C1D000X,0,0
0.23057,32,-9,266,0,0,TE1A1B0C1D000X,0,0
0.243201,32,-9,266,0,0,TE1A1B0C1D000X,0,0
0.255799,32,-9,266,0,0,TE1A1B0C1D000X,0,0
0.268337,32,-9,266,0,0,TE1A1B0C1D000X,0,0
0.280761,32,-9,266,0,0,TE1A1B0C1D000X,0,0
0.293081,32,-9,266,1,0,TE1A1B0C1D000X,0,0
0.305692,26,-10,265,1,0,TE1A1B0C1D000X,0,0
0.318367,20,-12,264,1,0,TE1A1B0C1D000X,0,0
0.330753,15,-13,263,1,0,TE1A1B0C1D000X,0,0
0.343419,10,-14,262,1,0,TE1A0B0C1D000X,0,0
0.356509,6,-15,261,1,0,TE1A0B0C1D000X,0,0
0.369891,2,-16,261,1,0,TE1A0B0C1D000X,0,0
0.382661,-1,-17,261,1,0,TE1A0B0C1D000X,0,0
0.395307,-4,-18,260,1,0,TE1A0B0C1D000X,0,0
0.407947,-7,-19,260,1,0,TE1A0B0C1D000X,0,0
0.420515,-9,-20,260,1,0,TE1A0B0C1D000X,0,0
0.433263,-12,-21,260,1,0,TE1A0B0C1D000X,0,0
0.445594,-14,-21,259,1,0,TE1A0B0C1D000X,0,0
0.45826,-15,-22,259,1,0,TE1A0B0C1D000X,0,0
0.470652,-17,-23,259,1,0,TE1A0B0C1D000X,0,0
0.482735,-18,-23,258,1,0,TE1A0B0C1D000X,0,0
0.495358,-19,-24,258,1,0,TE1A0B1C1D000X,0,0
0.508363,-20,-25,258,1,0,TE1A0B1C1D000X,0,0
0.521023,-21,-26,258,1,0,TE1A0B1C1D000X,0,0
0.533647,-22,-26,258,1,0,TE1A0B1C1D000X,0,0
0.548554,-22,-27,259,1,0,TE1A0B1C1D000X,0,0
0.561515,-22,-28,259,1,0,TE1A0B1C1D000X,0,0
0.577091,-22,-28,260,1,0,TE1A0B1C1D000X,0,0
0.592786,-22,-29,260,1,0,TE1A0B1C2D000X,0,0
0.604865,-22,-30,260,1,0,TE1A0B1C2D000X,0,0
0.61668,-22,-31,260,1,0,TE1A0B1C2D000X,0,0
0.628922,-21,-31,261,1,0,TE1A0B1C2D000X,0,0
0.641519,-20,-32,261,1,0,TE1A0B1C2D000X,0,0
0.653553,-19,-33,262,1,0,TE1A0B1C2D000X,0,0
0.665703,-18,-34,263,1,0,TE1A0B1C2D000X,0,0
0.677754,-17,-35,263,1,0,TE1A0B1C2D000X,0,0
0.690214,-16,-36,264,1,0,TE1A0B0C2D000X,0,0
0.702458,-14,-37,265,1,0,TE1A0B0C2D000X,0,0
0.71404,-12,-38,266,1,0,TE1A0B0C2D000X,0,0
0.726361,-11,-39,267,1,0,TE1A0B0C2D000X,0,0
0.738504,-9,-40,268,1,0,TE1A0B0C2D000X,0,0
0.75017,-7,-42,269,1,0,TE1A0B0C2D000X,0,0
0.762156,-5,-43,269,1,0,TE1A0B0C2D000X,0,0
0.774344,-2,-44,270,1,0,TE1A0B0C2D000X,0,0
0.786442,0,-45,271,1,0,TE1A0B0C2D000X,0,0
0.798558,1,-47,272,1,0,TE1A0B0C2D000X,0,0
0.810293,3,-48,273,1,0,TE1A0B0C3D000X,0,0
0.823444,6,-49,274,1,0,TE1A0B0C3D000X,0,0
0.835664,8,-50,274,1,0,TE1A0B0C3D000X,0,0
0.847539,10,-52,275,1,0,TE1A0B0C3D000X,0,0
0.859659,13,-53,276,1,0,TE1A0B0C3D000X,0,0
0.871736,15,-55,277,1,0,TE1A0B0C3D000X,0,0
0.883564,18,-56,278,1,0,TE1A0B0C3D000X,0,0
0.89578,21,-58,279,1,0,TE1A0B0C3D000X,0,0
0.907955,23,-59,279,1,0,TE1A1B0C3D000X,0,0
0.919753,26,-60,281,1,0,TE1A1B0C3D000X,0,0
0.931804,29,-62,282,1,0,TE1A1B0C3D000X,0,0
0.943512,32,-63,283,1,0,TE1A1B0C3D000X,0,0
0.957031,34,-65,284,1,0,TE1A1B0C3D000X,0,0
0.969163,37,-67,286,1,0,TE1A1B0C3D000X,0,0
0.980801,40,-69,287,1,0,TE1A1B0C3D000X,0,0
0.993414,43,-70,288,1,0,TE1A1B0C3D000X,0,0
1.00575,45,-72,290,1,0,TE1A1B0C3D000X,0,0
0.0117577,48,-74,291,1,0,TE1A1B0C3D000X,0,0
0.0239666,50,-75,292,1,0,TE1A1B0C3D000X,0,0
0.0360456,53,-77,293,1,0,TE1A1B0C3D000X,0,0
0.0482653,56,-79,294,1,0,TE1A1B0C3D000X,0,0
0.0600604,59,-81,295,1,0,TE1A1B0C3D000X,0,0
0.0719981,61,-83,297,1,0,TE1A1B0C4D000X,0,0
0.0841301,64,-85,298,1,0,TE1A2B0C4D000X,0,0
0.0961511,67,-87,298,1,0,TE1A2B0C4D000X,0,0
0.108492,69,-89,299,1,0,TE1A2B0C4D000X,0,0
0.120995,72,-91,300,1,0,TE1A2B0C4D000X,0,0
0.133045,75,-93,301,1,0,TE1A2B0C4D000X,0,0
0.145087,77,-94,302,1,0,TE1A2B0C4D000X,0,0
0.157421,80,-96,302,1,0,TE1A2B0C4D000X,0,0
0.169942,82,-97,303,1,0,TE1A2B0C4D000X,0,0
0.182672,85,-99,304,1,0,TE1A2B0C4D000X,0,0
0.195017,88,-100,305,1,0,TE1A2B0C4D000X,0,0
0.207644,91,-101,306,1,0,TE1A2B0C4D000X,0,0
0.220202,94,-102,306,1,0,TE1A2B0C4D000X,0,0
0.2328,96,-103,307,1,0,TE1A2B0C4D000X,0,0
0.246025,99,-103,307,1,0,TE1A2B0C4D000X,0,0
0.258734,102,-104,308,1,0,TE1A2B0C4D000X,0,0
0.271214,104,-104,309,1,0,TE1A2B0C4D000X,0,0
0.284541,107,-105,310,1,0,TE1A2B0C4D000X,0,0
0.297857,110,-105,311,1,0,TE1A3B0C4D000X,0,0
0.310132,112,-105,311,1,0,TE1A3B0C4D000X,0,0
0.322519,115,-105,312,1,0,TE1A3B0C4D000X,0,0
0.335346,118,-105,313,1,0,TE1A3B0C4D000X,0,0
0.348125,120,-105,313,1,0,TE1A3B0C4D000X,0,0
0.361056,122,-105,313,1,0,TE1A3B0C4D000X,0,0
0.373844,125,-104,314,1,0,TE1A3B0C4D000X,0,0
0.386536,127,-104,314,1,0,TE1A3B0C4D000X,0,0
0.399058,129,-103,314,1,0,TE1A3B0C4D000X,0,0
0.411602,132,-103,315,1,0,TE1A3B0C4D000X,0,0
0.42404,135,-102,315,1,0,TE1A3B0C4D000X,0,0
0.436728,137,-101,315,1,0,TE1A3B0C4D000X,0,0
0.449597,140,-101,316,1,0,TE1A3B0C4D000X,0,0
0.462441,142,-100,316,1,0,TE1A3B0C4D000X,0,0
0.475098,145,-100,316,1,0,TE1A3B0C4D000X,0,0
0.487434,147,-100,316,1,0,TE1A3B0C4D000X,0,0
0.500156,149,-99,316,1,0,TE1A4B0C4D000X,0,0
0.51317,151,-99,316,1,0,TE1A4B0C4D000X,0,0
0.525626,154,-99,317,1,0,TE1A4B0C4D000X,0,0
0.538127,156,-98,316,1,0,TE1A4B0C4D000X,0,0
0.551438,158,-98,315,1,0,TE1A4B0C4D000X,0,0
0.564912,160,-97,315,1,0,TE1A4B0C4D000X,0,0
0.577598,163,-97,315,1,0,TE1A4B0C4D000X,0,0
0.590221,165,-96,316,1,0,TE1A4B0C4D000X,0,0
0.60318,167,-96,315,1,0,TE1A4B0C4D000X,0,0
0.61602,169,-95,315,1,0,TE1A4B0C4D000X,0,0
0.628996,172,-95,316,1,0,TE1A4B0C4D000X,0,0
0.641386,174,-95,316,1,0,TE1A4B0C4D000X,0,0
0.654064,176,-94,316,1,0,TE1A4B0C4D000X,0,0
0.6671,179,-94,316,1,0,TE1A4B0C4D000X,0,0
0.679682,181,-93,316,1,0,TE1A4B0C4D000X,0,0
0.692442,184,-93,317,1,0,TE1A4B0C4D000X,0,0
0.705818,187,-92,317,1,0,TE1A5B0C4D000X,0,0
0.7232,189,-92,317,1,0,TE1A5B0C4D000X,0,0
0.736836,192,-91,317,1,0,TE1A5B0C4D000X,0,0
0.749365,194,-91,317,1,0,TE1A5B0C4D000X,0,0
0.762125,197,-90,318,1,0,TE1A5B0C4D000X,0,0
0.775301,198,-89,317,1,0,TE1A5B0C4D000X,0,0
0.788036,201,-89,318,1,0,TE1A5B0C4D000X,0,0
0.800881,202,-88,317,1,0,TE1A5B0C4D000X,0,0
0.813842,204,-87,317,1,0,TE1A5B0C4D000X,0,0
0.826861,206,-86,317,1,0,TE1A5B0C4D000X,0,0
0.839906,208,-85,317,1,0,TE1A5B0C4D000X,0,0
0.852814,211,-84,317,1,0,TE1A5B0C4D000X,0,0
0.865764,213,-83,317,1,0,TE1A5B0C4D000X,0,0
0.878809,214,-82,317,1,0,TE1A5B0C4D000X,0,0
0.891496,216,-81,317,1,0,TE1A5B0C4D000X,0,0
0.904481,218,-80,317,1,0,TE1A5B0C4D000X,0,0
0.917232,220,-79,316,1,0,TE1A5B0C4D000X,0,0
0.930181,221,-78,316,1,0,TE1A6B0C4D000X,0,0
0.943066,223,-77,315,1,0,TE1A6B0C4D000X,0,0
0.955849,225,-76,315,1,0,TE1A6B0C4D000X,0,0
0.969234,226,-75,314,1,0,TE1A6B0C4D000X,0,0
0.982354,228,-74,315,1,0,TE1A6B0C4D000X,0,0
0.995808,230,-73,315,1,0,TE1A6B0C4D000X,0,0
1.00891,232,-73,315,1,0,TE1A6B0C4D000X,0,0
0.0123974,233,-72,314,1,0,TE1A6B0C4D000X,0,0
0.0254638,233,-71,314,1,0,TE1A6B0C4D000X,0,0
0.0384636,235,-70,314,1,0,TE1A6B0C4D000X,0,0
0.0510709,236,-69,314,1,0,TE1A6B0C4D000X,0,0
0.0637565,238,-68,315,1,0,TE1A6B0C4D000X,0,0
0.076928,239,-67,315,1,0,TE1A6B0C4D000X,0,0
0.0898559,241,-67,315,1,0,TE1A6B0C4D000X,0,0
0.103715,242,-66,316,1,0,TE1A6B0C4D000X,0,0
0.116708,243,-65,316,1,0,TE1A6B0C4D000X,0,0
0.129817,244,-65,316,1,0,TE1A6B0C4D000X,0,0
0.14314,244,-64,316,1,0,TE1A6B0C4D000X,0,0
0.156502,245,-64,316,1,0,TE1A6B0C4D000X,0,0
0.170057,245,-64,316,1,0,TE1A6B0C4D000X,0,0
0.183138,245,-63,317,1,0,TE1A6B0C4D000X,0,0
0.195907,246,-63,317,1,0,TE1A6B0C4D000X,0,0
0.20928,247,-63,318,1,0,TE1A6B0C4D000X,0,0
0.222507,247,-63,318,1,0,TE1A6B0C4D000X,0,0
0.235399,247,-62,318,1,0,TE1A6B0C4D000X,0,0
0.248346,247,-62,317,1,0,TE1A6B0C4D000X,0,0
0.261633,247,-62,317,1,0,TE1A6B0C4D000X,0,0
0.275758,247,-62,317,1,0,TE1A6B0C4D000X,0,0
0.288998,247,-61,317,1,0,TE1A6B0C4D000X,0,0
0.302186,246,-61,317,1,0,TE1A6B0C4D000X,0,0
0.315362,246,-61,317,1,0,TE1A6B0C4D000X,0,0
0.328519,246,-61,317,1,0,TE1A6B0C4D000X,0,0
0.342617,246,-61,317,1,0,TE1A6B0C4D000X,0,0
0.35597,246,-60,317,1,0,TE1A6B0C4D000X,0,0
0.368964,245,-60,316,1,0,TE1A6B0C4D000X,0,0
0.382115,245,-60,316,1,0,TE1A6B0C4D000X,0,0
0.395461,244,-59,316,1,0,TE1A6B0C4D000X,0,0
0.40919,244,-59,316,1,0,TE1A6B0C4D000X,0,0
0.422699,244,-59,316,1,0,TE1A6B0C4D000X,0,0
0.436704,243,-59,316,1,0,TE1A6B0C4D000X,0,0
0.44998,243,-58,316,1,0,TE1A6B0C4D000X,0,0
0.463405,243,-58,315,1,0,TE1A6B0C4D000X,0,0
0.47681,242,-58,315,1,0,TE1A6B0C4D000X,0,0
0.490173,242,-58,315,1,0,TE1A6B0C4D000X,0,0
0.503106,242,-58,315,1,0,TE1A6B0C4D000X,0,0
0.51598,241,-58,315,1,0,TE1A6B0C4D000X,0,0
0.529305,241,-58,315,1,0,TE1A6B0C4D000X,0,0
0.543004,240,-58,315,1,0,TE1A6B0C4D000X,0,0
0.556356,240,-57,315,1,0,TE1A6B0C4D000X,0,0
0.570226,240,-57,315,1,0,TE1A6B0C4D000X,0,0
0.583254,215,-64,323,1,0,TE1A6B0C4D000X,0,0
0.596515,193,-70,330,1,0,TE1A6B0C4D000X,0,0
0.609894,173,-76,336,1,0,TE1A5B0C4D000X,0,0
0.623484,154,-81,342,1,0,TE1A4B0C4D000X,0,0
0.638378,138,-85,347,1,0,TE1A4B0C4D000X,0,0
0.651427,122,-89,352,1,0,TE1A4B0C4D000X,0,0
0.66495,109,-93,356,1,0,TE1A3B0C4D000X,0,0
0.678694,96,-96,360,1,0,TE1A2B0C4D000X,0,0
0.692012,85,-99,364,1,0,TE1A2B0C4D000X,0,0
0.704947,75,-102,367,1,0,TE1A2B0C4D000X,0,0
0.718228,65,-105,370,1,0,TE1A2B0C4D000X,0,0
0.73117,57,-107,372,1,0,TE1A1B0C4D000X,0,0
0.744003,49,-110,375,1,0,TE1A1B0C4D000X,0,0
0.756547,42,-112,377,1,0,TE1A1B0C4D000X,0,0
0.768792,35,-114,379,1,0,TE1A1B0C4D000X,0,0
0.781356,29,-116,381,1,0,TE1A1B0C4D000X,0,0
0.793841,23,-118,382,1,0,TE1A1B0C4D000X,0,0
0.806601,18,-119,384,1,0,TE1A0B0C4D000X,0,0
0.820214,13,-121,385,1,0,TE1A0B0C4D000X,0,0
0.8335,9,-122,385,1,0,TE1A0B0C5D000X,0,0
0.846614,4,-124,386,1,0,TE1A0B0C5D000X,0,0
0.859538,1,-125,387,1,0,TE1A0B0C5D000X,0,0
0.872299,-2,-126,387,1,0,TE1A0B0C5D000X,0,0
0.885517,-5,-127,388,1,0,TE1A0B0C5D000X,0,0
0.898715,-8,-128,388,1,0,TE1A0B0C5D000X,0,0
0.91222,-11,-128,389,1,0,TE1A0B0C5D000X,0,0
0.925587,-13,-129,389,1,0,TE1A0B0C5D000X,0,0
0.938938,-16,-130,389,1,0,TE1A0B0C5D000X,0,0
0.95235,-17,-130,390,1,0,TE1A0B0C5D000X,0,0
0.965634,-19,-131,391,1,0,TE1A0B0C5D000X,0,0
0.979324,-21,-131,392,1,0,TE1A0B0C5D000X,0,0
0.993004,-22,-131,392,1,0,TE1A0B0C5D000X,0,0
1.00797,-23,-132,393,1,0,TE1A0B0C5D000X,0,0
0.0131959,-24,-132,393,1,0,TE1A0B0C5D000X,0,0
0.0266595,-22,-131,393,1,0,TE1A0B0C5D000X,0,0
0.0396936,-23,-131,394,1,0,TE1A0B0C5D000X,0,0
0.0526488,-23,-131,394,1,0,TE1A0B0C5D000X,0,0
0.0655592,-22,-130,394,1,0,TE1A0B0C5D000X,0,0
0.078404,-22,-130,395,1,0,TE1A0B0C5D000X,0,0
0.0917022,-21,-129,395,1,0,TE1A0B0C5D000X,0,0
0.104502,-21,-128,395,1,0,TE1A0B0C5D000X,0,0
0.117722,-20,-128,396,1,0,TE1A0B0C5D000X,0,0
0.130766,-19,-127,396,1,0,TE1A0B0C5D000X,0,0
0.143569,-18,-126,395,1,0,TE1A0B0C5D000X,0,0
0.156275,-17,-124,395,1,0,TE1A0B0C4D000X,0,0
0.169204,-16,-123,396,1,0,TE1A0B0C4D000X,0,0
0.181913,-14,-122,396,1,0,TE1A0B0C4D000X,0,0
0.19466,-13,-121,397,1,0,TE1A0B0C4D000X,0,0
0.207627,-11,-120,397,1,0,TE1A0B0C4D000X,0,0
0.220754,-10,-118,396,1,0,TE1A0B0C4D000X,0,0
0.234084,-8,-117,397,1,0,TE1A0B0C4D000X,0,0
0.247432,-6,-115,397,1,0,TE1A0B0C4D000X,0,0
0.26005,-4,-114,397,1,0,TE1A0B0C4D000X,0,0
0.272761,-2,-112,397,1,0,TE1A0B0C4D000X,0,0
0.28592,0,-111,397,1,0,TE1A0B0C4D000X,0,0
0.298833,1,-109,396,1,0,TE1A0B0C4D000X,0,0
0.31224,3,-108,396,1,0,TE1A0B0C4D000X,0,0
0.324318,5,-107,396,1,0,TE1A0B0C4D000X,0,0
0.336657,7,-105,396,1,0,TE1A0B0C4D000X,0,0
0.349771,10,-104,396,1,0,TE1A0B0C4D000X,0,0
0.36267,12,-103,396,1,0,TE1A0B0C4D000X,0,0
0.375303,14,-101,396,1,0,TE1A0B0C4D000X,0,0
0.387749,17,-100,396,1,0,TE1A0B0C4D000X,0,0
0.40014,20,-99,397,1,0,TE1A0B0C4D000X,0,0
0.412748,22,-97,397,1,0,TE1A0B0C4D000X,0,0
0.42514,25,-96,397,1,0,TE1A0B0C4D000X,0,0
0.43751,28,-94,397,1,0,TE1A0B0C3D000X,0,0
0.450254,31,-93,397,1,0,TE1A1B0C3D000X,0,0
0.462528,34,-92,397,1,0,TE1A1B0C3D000X,0,0
0.474551,37,-90,398,1,0,TE1A1B0C3D000X,0,0
0.486977,40,-89,398,1,0,TE1A1B0C3D000X,0,0
0.499403,43,-87,398,1,0,TE1A1B0C3D000X,0,0
0.512354,46,-86,399,1,0,TE1A1B0C3D000X,0,0
0.524768,49,-84,399,1,0,TE1A1B0C3D000X,0,0
0.537107,52,-83,399,1,0,TE1A1B0C3D000X,0,0
0.549385,56,-81,398,1,0,TE1A1B0C3D000X,0,0
0.562346,59,-79,398,1,0,TE1A1B0C3D000X,0,0
0.574186,62,-77,398,1,0,TE1A1B0C3D000X,0,0
0.58605,65,-75,398,1,0,TE1A1B0C3D000X,0,0
0.597888,68,-74,397,1,0,TE1A1B0C3D000X,0,0
0.609794,72,-72,397,1,0,TE1A1B0C3D000X,0,0
0.621983,75,-70,395,1,0,TE1A1B0C2D000X,0,0
0.636635,78,-69,396,1,0,TE1A1B0C2D000X,0,0
0.648979,82,-67,396,1,0,TE1A2B0C2D000X,0,0
0.661022,85,-65,397,1,0,TE1A2B0C2D000X,0,0
0.673404,89,-63,396,1,0,TE1A2B0C2D000X,0,0
0.685278,92,-61,395,1,0,TE1A2B0C2D000X,0,0
0.697235,95,-58,394,1,0,TE1A2B0C2D000X,0,0
0.709276,100,-57,399,1,0,TE1A2B0C2D000X,0,0
0.72148,103,-55,397,1,0,TE1A2B0C2D000X,0,0
0.734725,106,-52,395,1,0,TE1A2B0C2D000X,0,0
0.753143,109,-50,394,1,0,TE1A2B0C2D000X,0,0
0.76649,112,-48,395,1,0,TE1A2B0C2D000X,0,0
0.778941,115,-46,393,1,0,TE1A2B0C2D000X,0,0
0.791951,118,-44,392,1,0,TE1A3B0C2D000X,0,0
0.804083,121,-42,392,1,0,TE1A3B0C2D000X,0,0
0.816092,124,-40,392,1,0,TE1A3B0C2D000X,0,0
0.82907,127,-38,392,1,0,TE1A3B0C2D000X,0,0
0.841068,131,-36,392,1,0,TE1A3B0C2D000X,0,0
0.853475,132,-34,389,1,0,TE1A3B0C2D000X,0,0
0.866072,135,-32,387,1,0,TE1A3B0C2D000X,0,0
0.878341,137,-30,386,1,0,TE1A3B0C2D000X,0,0
0.891194,140,-28,386,1,0,TE1A3B0C2D000X,0,0
0.903414,143,-26,386,1,0,TE1A3B0C2D000X,0,0
0.91605,146,-25,386,1,0,TE1A4B0C2D000X,0,0
0.9283,148,-23,385,1,0,TE1A4B0C2D000X,0,0
0.941125,150,-21,385,1,0,TE1A4B0C2D000X,0,0
0.954025,152,-20,385,1,0,TE1A4B0C2D000X,0,0
0.967094,155,-19,385,1,0,TE1A4B0C2D000X,0,0
0.979784,157,-17,386,1,0,TE1A4B0C2D000X,0,0
0.992185,159,-16,386,1,0,TE1A4B0C2D000X,0,0
1.0048,161,-14,386,1,0,TE1A4B0C2D000X,0,0
0.0131875,163,-13,386,1,0,TE1A4B0C2D000X,0,0
0.0263746,166,-13,389,1,0,TE1A4B0C2D000X,0,0
0.0392542,167,-12,389,1,0,TE1A4B0C2D000X,0,0
0.0506132,168,-11,388,1,0,TE1A4B0C2D000X,0,0
0.0655386,169,-10,387,1,0,TE1A4B0C2D000X,0,0
0.0788966,170,-9,386,1,0,TE1A4B0C2D000X,0,0
0.0941106,171,-8,385,1,0,TE1A4B0C2D000X,0,0
0.108775,172,-7,385,1,0,TE1A5B0C2D000X,0,0
0.123538,173,-7,385,1,0,TE1A5B0C2D000X,0,0
0.136242,173,-6,385,1,0,TE1A5B0C2D000X,0,0
0.149332,174,-6,385,1,0,TE1A5B0C2D000X,0,0
0.162293,174,-5,384,1,0,TE1A5B0C2D000X,0,0
0.175373,174,-5,384,1,0,TE1A5B0C2D000X,0,0
0.188244,174,-5,383,1,0,TE1A5B0C2D000X,0,0
0.200928,170,1,379,1,0,TE1A5B0C2D000X,0,0
0.213628,167,8,376,1,0,TE1A5B0C2D000X,0,0
0.226162,164,13,374,1,0,TE1A5B0C2D000X,0,0
0.238828,161,18,371,1,0,TE1A5B0C2D000X,0,0
0.251258,158,23,369,1,0,TE1A5B0C1D000X,0,0
0.263852,155,27,366,1,0,TE1A5B0C1D000X,0,0
0.276964,153,30,364,1,0,TE1A5B0C1D000X,0,0
0.29087,150,33,362,1,0,TE1A5B0C1D000X,0,0
0.303723,148,36,361,1,0,TE1A5B0C1D000X,0,0
0.316037,146,38,360,1,0,TE1A5B0C1D000X,0,0
0.328298,143,40,360,1,0,TE1A5B0C1D000X,0,0
0.340712,141,41,358,1,0,TE1A5B0C1D000X,0,0
0.35302,139,42,358,1,0,TE1A5B0C1D000X,0,0
0.36542,136,43,355,1,0,TE1A5B0C1D000X,0,0
0.377825,133,44,355,1,0,TE1A5B0C1D000X,0,0
0.39022,131,44,354,1,0,TE1A5B0C1D000X,0,0
0.4026,129,45,353,1,0,TE1A5B0C1D000X,0,0
0.415381,127,45,354,1,0,TE1A5B0C1D000X,0,0
0.428012,125,45,353,1,0,TE1A5B0C1D000X,0,0
0.440902,123,45,354,1,0,TE1A5B0C1D000X,0,0
0.453078,121,45,354,1,0,TE1A5B0C1D000X,0,0
0.465347,119,44,354,1,0,TE1A5B0C1D000X,0,0
0.47757,117,44,354,1,0,TE1A5B0C1D000X,0,0
0.489398,115,43,355,1,0,TE1A5B0C1D000X,0,0
0.501352,112,42,355,1,0,TE1A5B0C1D000X,0,0
0.513515,110,41,355,1,0,TE1A4B0C1D000X,0,0
0.525813,108,40,356,1,0,TE1A4B0C1D000X,0,0
0.537947,106,39,356,1,0,TE1A4B0C1D000X,0,0
0.550062,104,37,357,1,0,TE1A4B0C1D000X,0,0
0.562186,101,36,358,0,0,TE1A4B0C1D000X,0,0
0.57406,101,36,358,0,0,TE1A4B0C1D000X,0,0
0.585706,101,36,358,1,0,TE1A4B0C1D000X,0,0
0.597508,98,36,358,0,0,TE1A4B0C1D000X,0,0
0.609239,98,36,358,0,0,TE1A4B0C1D000X,0,0
0.620733,98,36,358,0,0,TE1A4B0C1D000X,0,0
0.632685,98,36,358,1,0,TE1A4B0C1D000X,0,0
0.644646,92,35,359,0,0,TE1A4B0C1D000X,0,0
0.656197,92,35,359,0,0,TE1A4B0C1D000X,0,0
0.668253,92,35,359,1,0,TE1A4B0C0D000X,0,0
0.680304,86,32,361,1,0,TE1A4B0C0D000X,0,0
0.692403,80,29,363,1,0,TE1A3B0C0D000X,0,0
0.704485,75,25,364,1,0,TE1A3B0C0D000X,0,0
0.716724,70,22,365,1,0,TE1A3B0C0D000X,0,0
0.728767,65,19,366,0,0,TE1A3B0C0D000X,0,0
0.740681,65,19,366,1,0,TE1A3B0C0D000X,0,0
0.752755,59,15,367,1,0,TE1A2B0C0D000X,0,0
0.76471,55,12,367,1,0,TE1A2B0C0D000X,0,0
0.777192,50,9,367,0,0,TE1A2B0C0D000X,0,0
0.791506,50,9,367,0,0,TE1A2B0C0D000X,0,0
0.803685,50,9,367,0,0,TE1A2B0C0D000X,0,0
0.815955,50,9,367,0,0,TE1A2B0C0D000X,0,0
0.827859,50,9,367,0,0,TE1A2B0C0D000X,0,0
0.840885,50,9,367,0,0,TE1A2B0C0D000X,0,0
0.852806,50,9,367,0,0,TE1A2B0C0D000X,0,0
0.864593,50,9,367,1,0,TE1A2B0C0D000X,0,0
0.877576,40,4,369,1,0,TE1A2B0C0D000X,0,0
0.890903,32,0,369,1,0,TE1A2B0C0D000X,0,0
0.903277,26,-5,370,1,0,TE1A1B0C0D000X,0,0
0.915893,19,-10,371,1,0,TE1A1B0C0D000X,0,0
0.928295,13,-14,371,1,0,TE1A0B0C0D000X,0,0
0.941036,8,-18,372,1,0,TE1A0B0C1D000X,0,0
0.953179,2,-23,372,0,0,TE1A0B0C1D000X,0,0
0.965343,2,-23,372,0,0,TE1A0B0C1D000X,0,0
0.977565,2,-23,372,0,0,TE1A0B0C1D000X,0,0
0.989358,2,-23,372,0,0,TE1A0B0C1D000X,0,0
1.00141,2,-23,372,0,0,TE1A0B0C1D000X,0,0
0.0121689,2,-23,372,0,0,TE1A0B0C1D000X,0,0
0.0243332,2,-23,372,0,0,TE1A0B0C1D000X,0,0
0.0361686,2,-23,372,0,0,TE1A0B0C1D000X,0,0
0.0486373,2,-23,372,0,0,TE1A0B0C1D000X,0,0
0.0608237,2,-23,372,1,0,TE1A0B0C1D000X,0,0
0.0736647,-5,-29,372,1,0,TE1A0B0C1D000X,0,0
0.0867827,-14,-35,373,1,0,TE1A0B0C1D000X,0,0
0.0995193,-22,-40,371,0,0,TE1A0B0C1D000X,0,0
0.112507,-22,-40,371,1,0,TE1A0B0C1D000X,0,0
0.125181,-31,-45,371,1,0,TE1A0B0C1D000X,0,0
0.137934,-39,-49,370,1,0,TE1A0B0C1D000X,0,0
0.150793,-46,-54,369,1,0,TE1A0B1C2D000X,0,0
0.163791,-53,-58,368,1,0,TE1A0B1C2D000X,0,0
0.176903,-59,-61,367,1,0,TE1A0B1C2D000X,0,0
0.189783,-65,-65,367,1,0,TE1A0B1C2D000X,0,0
0.202596,-71,-68,365,1,0,TE1A0B1C2D000X,0,0
0.215644,-77,-70,364,1,0,TE1A0B2C3D000X,0,0
0.228614,-83,-73,363,1,0,TE1A0B2C3D000X,0,0
0.241815,-88,-75,363,0,0,TE1A0B2C3D000X,0,0
0.25419,-88,-75,363,1,0,TE1A0B2C3D000X,0,0
0.268387,-96,-78,362,1,0,TE1A0B2C3D000X,0,0
0.281247,-102,-80,362,1,0,TE1A0B2C3D000X,0,0
0.294307,-107,-82,361,1,0,TE1A0B2C3D000X,0,0
0.307495,-112,-84,360,1,0,TE1A0B2C3D000X,0,0
0.320099,-116,-86,359,1,0,TE1A0B2C3D000X,0,0
0.332799,-121,-87,358,1,0,TE1A0B3C3D000X,0,0
0.34586,-125,-89,357,1,0,TE1A0B3C3D000X,0,0
0.358804,-129,-90,355,1,0,TE1A0B3C4D000X,0,0
0.37268,-133,-91,354,1,0,TE1A0B3C4D000X,0,0
0.385701,-137,-92,353,1,0,TE1A0B3C4D000X,0,0
0.398101,-141,-93,352,1,0,TE1A0B3C4D000X,0,0
0.411379,-144,-94,351,1,0,TE1A0B3C4D000X,0,0
0.424271,-148,-94,349,1,0,TE1A0B3C4D000X,0,0
0.437103,-151,-95,348,1,0,TE1A0B3C4D000X,0,0
0.450283,-155,-96,348,1,0,TE1A0B3C4D000X,0,0
0.463378,-158,-97,347,1,0,TE1A0B3C4D000X,0,0
0.476343,-162,-98,345,1,0,TE1A0B4C4D000X,0,0
0.48935,-165,-99,345,1,0,TE1A0B4C4D000X,0,0
0.501794,-168,-100,344,1,0,TE1A0B4C4D000X,0,0
0.514529,-171,-101,343,1,0,TE1A0B4C4D000X,0,0
0.527337,-175,-102,342,1,0,TE1A0B4C4D000X,0,0
0.539867,-178,-103,342,1,0,TE1A0B4C4D000X,0,0
0.552678,-181,-104,342,1,0,TE1A0B4C4D000X,0,0
0.565384,-184,-105,341,1,0,TE1A0B4C4D000X,0,0
0.578113,-187,-106,340,1,0,TE1A0B4C4D000X,0,0
0.591011,-190,-107,340,1,0,TE1A0B4C5D000X,0,0
0.604016,-193,-108,339,1,0,TE1A0B4C5D000X,0,0
0.617043,-196,-109,338,1,0,TE1A0B4C5D000X,0,0
0.629832,-198,-111,337,1,0,TE1A0B4C5D000X,0,0
0.642651,-201,-112,335,1,0,TE1A0B4C5D000X,0,0
0.655505,-203,-113,333,1,0,TE1A0B4C5D000X,0,0
0.668288,-206,-114,332,1,0,TE1A0B5C5D000X,0,0
0.681246,-208,-116,331,1,0,TE1A0B5C5D000X,0,0
0.69409,-210,-117,330,1,0,TE1A0B5C5D000X,0,0
0.706916,-212,-119,329,1,0,TE1A0B5C5D000X,0,0
0.719754,-215,-120,328,1,0,TE1A0B5C5D000X,0,0
0.73263,-217,-122,327,1,0,TE1A0B5C5D000X,0,0
0.745615,-218,-123,325,1,0,TE1A0B5C5D000X,0,0
0.758271,-220,-125,324,1,0,TE1A0B5C5D000X,0,0
0.77123,-222,-127,323,1,0,TE1A0B5C5D000X,0,0
0.784058,-224,-129,323,1,0,TE1A0B5C5D000X,0,0
0.796895,-226,-130,322,1,0,TE1A0B5C5D000X,0,0
0.810069,-227,-132,320,1,0,TE1A0B5C5D000X,0,0
0.82268,-228,-134,319,1,0,TE1A0B5C5D000X,0,0
0.834853,-229,-135,318,1,0,TE1A0B5C6D000X,0,0
0.847753,-230,-137,318,1,0,TE1A0B5C6D000X,0,0
0.860646,-230,-139,316,1,0,TE1A0B5C6D000X,0,0
0.873215,-231,-141,315,1,0,TE1A0B5C6D000X,0,0
0.886043,-231,-142,315,1,0,TE1A0B5C6D000X,0,0
0.89864,-231,-144,314,1,0,TE1A0B5C6D000X,0,0
0.911439,-231,-146,313,1,0,TE1A0B5C6D000X,0,0
0.924078,-231,-149,313,1,0,TE1A0B5C6D000X,0,0
0.936979,-231,-151,313,1,0,TE1A0B5C6D000X,0,0
0.949589,-230,-153,312,1,0,TE1A0B5C6D000X,0,0
0.962234,-229,-156,312,1,0,TE1A0B5C6D000X,0,0
0.974909,-228,-158,312,1,0,TE1A0B5C6D000X,0,0
0.987248,-226,-161,311,1,0,TE1A0B5C6D000X,0,0
0.999891,-225,-163,312,1,0,TE1A0B5C6D000X,0,0
1.01289,-224,-166,311,1,0,TE1A0B5C6D000X,0,0
0.0128875,-222,-168,311,1,0,TE1A0B5C6D000X,0,0
0.0267089,-218,-170,311,1,0,TE1A0B5C6D000X,0,0
0.0398109,-217,-172,311,1,0,TE1A0B5C6D000X,0,0
0.0522136,-216,-175,312,1,0,TE1A0B4C6D000X,0,0
0.0648506,-214,-178,313,1,0,TE1A0B4C6D000X,0,0
0.0776254,-212,-180,313,1,0,TE1A0B4C6D000X,0,0
0.090194,-210,-182,313,1,0,TE1A0B4C6D000X,0,0
0.102864,-208,-185,313,1,0,TE1A0B4C7D000X,0,0
0.115777,-207,-187,314,1,0,TE1A0B4C7D000X,0,0
0.12944,-205,-190,315,1,0,TE1A0B4C7D000X,0,0
0.143438,-203,-192,316,1,0,TE1A0B4C7D000X,0,0
0.156021,-201,-195,317,1,0,TE1A0B4C7D000X,0,0
0.168715,-199,-197,318,1,0,TE1A0B4C7D000X,0,0
0.181124,-196,-199,319,1,0,TE1A0B4C7D000X,0,0
0.19367,-194,-201,320,1,0,TE1A0B4C7D000X,0,0
0.206498,-192,-203,321,1,0,TE1A0B4C7D000X,0,0
0.21912,-189,-205,322,1,0,TE1A0B4C7D000X,0,0
0.232157,-187,-207,323,1,0,TE1A0B4C7D000X,0,0
0.244917,-184,-208,324,1,0,TE1A0B4C7D000X,0,0
0.257709,-181,-209,324,1,0,TE1A0B4C7D000X,0,0
0.270247,-178,-211,324,1,0,TE1A0B4C7D000X,0,0
0.282891,-175,-212,325,1,0,TE1A0B3C7D000X,0,0
0.295522,-172,-213,325,1,0,TE1A0B3C7D000X,0,0
0.308043,-168,-214,325,1,0,TE1A0B3C7D000X,0,0
0.32333,-165,-216,326,1,0,TE1A0B3C7D000X,0,0
0.335921,-162,-218,327,1,0,TE1A0B3C8D000X,0,0
0.348308,-159,-219,329,1,0,TE1A0B3C8D000X,0,0
0.361173,-156,-221,330,1,0,TE1A0B3C8D000X,0,0
0.373648,-153,-222,331,1,0,TE1A0B3C8D000X,0,0
0.386196,-150,-223,331,1,0,TE1A0B3C8D000X,0,0
0.398828,-146,-224,332,1,0,TE1A0B3C8D000X,0,0
0.411618,-143,-225,332,1,0,TE1A0B3C8D000X,0,0
0.424163,-139,-226,333,1,0,TE1A0B3C8D000X,0,0
0.436569,-136,-228,333,1,0,TE1A0B3C8D000X,0,0
0.449721,-133,-229,334,1,0,TE1A0B3C8D000X,0,0
0.46279,-130,-230,335,1,0,TE1A0B3C8D000X,0,0
0.475048,-126,-231,336,1,0,TE1A0B3C8D000X,0,0
0.48736,-123,-232,336,1,0,TE1A0B2C8D000X,0,0
0.499814,-120,-233,336,1,0,TE1A0B2C8D000X,0,0
0.512242,-117,-233,336,1,0,TE1A0B2C8D000X,0,0
0.524865,-113,-234,336,1,0,TE1A0B2C8D000X,0,0
0.537521,-110,-235,337,1,0,TE1A0B2C8D000X,0,0
0.550247,-107,-236,337,1,0,TE1A0B2C8D000X,0,0
0.562884,-104,-237,338,1,0,TE1A0B2C8D000X,0,0
0.57529,-101,-237,338,1,0,TE1A0B2C8D000X,0,0
0.588072,-98,-238,339,1,0,TE1A0B2C8D000X,0,0
0.600628,-95,-239,340,1,0,TE1A0B2C8D000X,0,0
0.613181,-92,-239,340,1,0,TE1A0B2C8D000X,0,0
0.626527,-89,-240,341,1,0,TE1A0B2C8D000X,0,0
0.638978,-86,-240,341,1,0,TE1A0B2C8D000X,0,0
0.651371,-84,-240,342,1,0,TE1A0B2C8D000X,0,0
0.663888,-81,-240,343,1,0,TE1A0B2C8D000X,0,0
0.676921,-78,-240,343,1,0,TE1A0B1C8D000X,0,0
0.689309,-76,-240,343,1,0,TE1A0B1C8D000X,0,0
0.701478,-73,-240,345,1,0,TE1A0B1C8D000X,0,0
0.713193,-71,-239,346,1,0,TE1A0B1C8D000X,0,0
0.724829,-68,-239,348,1,0,TE1A0B1C8D000X,0,0
0.736492,-66,-238,348,1,0,TE1A0B1C8D000X,0,0
0.748711,-63,-238,350,1,0,TE1A0B1C8D000X,0,0
0.760882,-61,-237,351,1,0,TE1A0B1C8D000X,0,0
0.772761,-58,-236,353,1,0,TE1A0B1C8D000X,0,0
0.784265,-56,-234,354,1,0,TE1A0B1C8D000X,0,0
0.796212,-53,-232,354,1,0,TE1A0B1C8D000X,0,0
0.807997,-51,-230,355,1,0,TE1A0B1C8D000X,0,0
0.819634,-48,-229,356,1,0,TE1A0B1C8D000X,0,0
0.831764,-46,-226,356,1,0,TE1A0B1C8D000X,0,0
0.843531,-44,-224,357,1,0,TE1A0B1C8D000X,0,0
0.855541,-42,-222,358,1,0,TE1A0B1C8D000X,0,0
0.867817,-39,-219,358,1,0,TE1A0B1C8D000X,0,0
0.879723,-37,-217,358,1,0,TE1A0B1C8D000X,0,0
0.89146,-36,-214,359,1,0,TE1A0B1C8D000X,0,0
0.903292,-34,-211,360,1,0,TE1A0B1C8D000X,0,0
0.916177,-33,-208,360,1,0,TE1A0B1C8D000X,0,0
0.928169,-31,-205,361,1,0,TE1A0B1C8D000X,0,0
0.939893,-30,-202,362,1,0,TE1A0B1C8D000X,0,0
0.95175,-29,-199,362,1,0,TE1A0B1C7D000X,0,0
0.963778,-28,-195,362,1,0,TE1A0B1C7D000X,0,0
0.975923,-27,-192,362,1,0,TE1A0B1C7D000X,0,0
0.988142,-26,-188,362,1,0,TE1A0B0C7D000X,0,0
1.00012,-25,-185,362,1,0,TE1A0B0C7D000X,0,0
0.0120123,-25,-181,362,1,0,TE1A0B0C7D000X,0,0
0.0238698,-25,-178,362,1,0,TE1A0B0C7D000X,0,0
0.0364549,-25,-177,368,1,0,TE1A0B0C7D000X,0,0
0.049803,-24,-173,367,1,0,TE1A0B0C7D000X,0,0
0.0629496,-24,-169,366,1,0,TE1A0B0C6D000X,0,0
0.075024,-24,-165,366,1,0,TE1A0B0C6D000X,0,0
0.087007,-24,-162,365,1,0,TE1A0B0C6D000X,0,0
0.0994141,-24,-158,364,1,0,TE1A0B0C6D000X,0,0
0.111678,-24,-154,364,1,0,TE1A0B0C6D000X,0,0
0.124125,-24,-150,363,1,0,TE1A0B0C6D000X,0,0
0.136392,-24,-146,362,1,0,TE1A0B0C6D000X,0,0
0.148795,-25,-143,362,1,0,TE1A0B0C6D000X,0,0
0.161152,-25,-139,361,1,0,TE1A0B0C5D000X,0,0
0.172913,-25,-135,359,1,0,TE1A0B0C5D000X,0,0
0.184957,-26,-132,359,1,0,TE1A0B0C5D000X,0,0
0.197569,-26,-128,358,1,0,TE1A0B1C5D000X,0,0
0.210093,-27,-125,357,1,0,TE1A0B1C5D000X,0,0
0.222401,-27,-121,356,1,0,TE1A0B1C5D000X,0,0
0.234949,-28,-118,355,1,0,TE1A0B1C5D000X,0,0
0.247504,-29,-115,355,1,0,TE1A0B1C5D000X,0,0
0.259786,-29,-111,354,1,0,TE1A0B1C4D000X,0,0
0.272212,-30,-108,354,1,0,TE1A0B1C4D000X,0,0
0.284605,-31,-105,353,1,0,TE1A0B1C4D000X,0,0
0.297048,-32,-102,353,1,0,TE1A0B1C4D000X,0,0
0.309383,-33,-99,352,1,0,TE1A0B1C4D000X,0,0
0.321701,-33,-96,350,1,0,TE1A0B1C4D000X,0,0
0.334392,-34,-93,348,1,0,TE1A0B1C4D000X,0,0
0.347368,-35,-90,347,1,0,TE1A0B1C4D000X,0,0
0.360153,-36,-87,346,1,0,TE1A0B1C4D000X,0,0
0.372702,-36,-85,344,1,0,TE1A0B1C4D000X,0,0
0.385096,-37,-82,343,1,0,TE1A0B1C3D000X,0,0
0.397771,-38,-80,342,1,0,TE1A0B1C3D000X,0,0
0.410479,-39,-77,341,1,0,TE1A0B1C3D000X,0,0
0.423115,-39,-75,339,1,0,TE1A0B1C3D000X,0,0
0.435692,-40,-72,338,1,0,TE1A0B1C3D000X,0,0
0.44857,-40,-70,337,1,0,TE1A0B1C3D000X,0,0
0.46128,-41,-68,335,1,0,TE1A0B1C3D000X,0,0
0.473845,-41,-66,334,1,0,TE1A0B1C3D000X,0,0
0.486407,-42,-64,333,1,0,TE1A0B1C3D000X,0,0
0.499227,-42,-62,332,1,0,TE1A0B1C3D000X,0,0
0.511889,-42,-60,331,1,0,TE1A0B1C3D000X,0,0
0.524404,-42,-58,330,1,0,TE1A0B1C3D000X,0,0
0.536856,-43,-57,329,1,0,TE1A0B1C2D000X,0,0
0.549405,-43,-55,327,1,0,TE1A0B1C2D000X,0,0
0.561986,-43,-53,326,1,0,TE1A0B1C2D000X,0,0
0.574678,-43,-52,325,1,0,TE1A0B1C2D000X,0,0
0.58726,-43,-50,324,1,0,TE1A0B1C2D000X,0,0
0.600095,-43,-49,323,1,0,TE1A0B1C2D000X,0,0
0.61307,-43,-48,322,1,0,TE1A0B1C2D000X,0,0
0.626357,-43,-47,322,1,0,TE1A0B1C2D000X,0,0
0.638834,-43,-45,320,1,0,TE1A0B1C2D000X,0,0
0.651427,-43,-44,319,1,0,TE1A0B1C2D000X,0,0
0.663889,-43,-43,318,1,0,TE1A0B1C2D000X,0,0
0.67686,-43,-42,317,1,0,TE1A0B1C2D000X,0,0
0.689157,-43,-40,317,1,0,TE1A0B1C2D000X,0,0
0.701826,-43,-39,316,1,0,TE1A0B1C2D000X,0,0
0.713977,-43,-38,315,1,0,TE1A0B1C2D000X,0,0
0.726113,-43,-37,314,1,0,TE1A0B1C2D000X,0,0
0.738286,-43,-36,313,1,0,TE1A0B1C2D000X,0,0
0.750579,-43,-34,312,1,0,TE1A0B1C2D000X,0,0
0.76305,-43,-33,312,1,0,TE1A0B1C2D000X,0,0
0.775527,-43,-32,311,1,0,TE1A0B1C2D000X,0,0
0.787919,-43,-31,310,1,0,TE1A0B1C2D000X,0,0
0.800211,-44,-29,309,1,0,TE1A0B1C1D000X,0,0
0.812519,-44,-28,308,1,0,TE1A0B1C1D000X,0,0
0.824538,-44,-27,307,1,0,TE1A0B1C1D000X,0,0
0.83644,-44,-26,306,1,0,TE1A0B1C1D000X,0,0
0.84861,-44,-24,305,1,0,TE1A0B1C1D000X,0,0
0.860706,-44,-23,305,1,0,TE1A0B1C1D000X,0,0
0.872644,-44,-22,304,1,0,TE1A0B1C1D000X,0,0
0.884629,-44,-21,303,1,0,TE1A0B1C1D000X,0,0
0.897145,-44,-19,302,1,0,TE1A0B1C1D000X,0,0
0.908979,-44,-18,302,1,0,TE1A0B1C1D000X,0,0
0.920965,-44,-17,301,1,0,TE1A0B1C1D000X,0,0
0.933097,-44,-15,300,1,0,TE1A0B1C1D000X,0,0
0.945154,-44,-14,299,1,0,TE1A0B1C1D000X,0,0
0.95705,-44,-12,298,1,0,TE1A0B1C1D000X,0,0
0.968937,-44,-11,297,1,0,TE1A0B1C1D000X,0,0
0.981097,-44,-10,297,1,0,TE1A0B1C1D000X,0,0
0.993088,-44,-8,296,1,0,TE1A0B1C1D000X,0,0
1.00514,-43,-7,295,1,0,TE1A0B1C1D000X,0,0
0.0123211,-43,-6,294,1,0,TE1A0B1C1D000X,0,0
0.0243183,-43,-5,294,1,0,TE1A0B2C1D000X,0,0
0.0360438,-43,-4,293,1,0,TE1A0B2C1D000X,0,0
0.0477161,-42,-2,293,1,0,TE1A0B2C1D000X,0,0
0.0594922,-42,-1,293,1,0,TE1A0B2C1D000X,0,0
0.0718341,-41,0,292,1,0,TE1A0B2C1D000X,0,0
0.0837156,-41,1,292,1,0,TE1A0B2C1D000X,0,0
0.0954888,-40,3,291,1,0,TE1A0B2C1D000X,0,0
0.107281,-40,4,291,1,0,TE1A0B2C1D000X,0,0
0.119706,-39,6,291,1,0,TE1A0B2C1D000X,0,0
0.131581,-39,7,291,1,0,TE1A0B2C0D000X,0,0
0.143604,-39,8,290,1,0,TE1A0B2C0D000X,0,0
0.155492,-38,10,290,1,0,TE1A0B2C0D000X,0,0
0.167344,-38,11,289,1,0,TE1A0B2C0D000X,0,0
0.179277,-37,12,289,1,0,TE1A0B2C0D000X,0,0
0.191645,-37,14,288,1,0,TE1A0B2C0D000X,0,0
0.203747,-36,15,288,1,0,TE1A0B2C0D000X,0,0
0.215398,-36,16,288,1,0,TE1A0B2C0D000X,0,0
0.227192,-36,17,288,1,0,TE1A0B2C0D000X,0,0
0.23886,-36,18,287,1,0,TE1A0B2C0D000X,0,0
0.250854,-36,20,287,1,0,TE1A0B2C0D000X,0,0
0.262781,-35,21,286,1,0,TE1A0B2C0D000X,0,0
0.274673,-35,22,286,1,0,TE1A0B2C0D000X,0,0
0.286499,-35,23,286,1,0,TE1A0B2C0D000X,0,0
0.29832,-35,24,286,1,0,TE1A0B2C0D000X,0,0
0.309931,-36,25,285,1,0,TE1A0B2C0D000X,0,0
0.321455,-36,26,285,1,0,TE1A0B2C0D000X,0,0
0.333353,-36,27,285,1,0,TE1A0B2C0D000X,0,0
0.345127,-36,28,285,1,0,TE1A0B2C0D000X,0,0
0.35726,-36,29,286,1,0,TE1A0B2C0D000X,0,0
0.368807,-37,30,286,1,0,TE1A0B2C0D000X,0,0
0.380483,-37,31,286,1,0,TE1A0B2C0D000X,0,0
0.392454,-37,31,285,1,0,TE1A0B3C0D000X,0,0
0.405678,-38,32,286,1,0,TE1A0B3C0D000X,0,0
0.417744,-38,33,285,1,0,TE1A0B3C0D000X,0,0
0.429915,-38,34,286,1,0,TE1A0B3C0D000X,0,0
0.441755,-39,35,285,1,0,TE1A0B3C0D000X,0,0
0.453883,-39,36,286,1,0,TE1A0B3C0D000X,0,0
0.465869,-39,36,286,1,0,TE1A0B3C0D000X,0,0
0.477732,-40,37,286,1,0,TE1A0B3C0D000X,0,0
0.489557,-40,37,286,1,0,TE1A0B3C0D000X,0,0
0.50106,-40,38,286,1,0,TE1A0B3C0D000X,0,0
0.512565,-40,38,286,1,0,TE1A0B3C0D000X,0,0
0.525107,-39,38,286,1,0,TE1A0B3C0D000X,0,0
0.536751,-39,38,286,1,0,TE1A0B3C0D000X,0,0
0.548106,-39,38,287,1,0,TE1A0B3C0D000X,0,0
0.559904,-38,38,287,1,0,TE1A0B3C0D000X,0,0
0.571614,-38,37,288,1,0,TE1A0B3C0D000X,0,0
0.583401,-37,37,288,1,0,TE1A0B3C0D000X,0,0
0.594958,-37,36,288,1,0,TE1A0B3C0D000X,0,0
0.606425,-36,35,289,1,0,TE1A0B3C0D000X,0,0
0.617912,-35,34,288,1,0,TE1A0B3C0D000X,0,0
0.629555,-34,33,289,1,0,TE1A0B2C0D000X,0,0
0.640855,-33,32,289,0,0,TE1A0B2C0D000X,0,0
0.652418,-33,32,289,1,0,TE1A0B2C0D000X,0,0
0.664277,-32,31,290,0,0,TE1A0B2C0D000X,0,0
0.676118,-32,31,290,1,0,TE1A0B2C0D000X,0,0
0.688099,-30,29,289,1,0,TE1A0B2C0D000X,0,0
0.699453,-28,27,290,1,0,TE1A0B2C0D000X,0,0
0.711857,-27,24,290,1,0,TE1A0B2C0D000X,0,0
0.723601,-25,22,290,1,0,TE1A0B2C0D000X,0,0
0.735338,-24,19,291,1,0,TE1A0B2C0D000X,0,0
0.747277,-22,16,292,1,0,TE1A0B2C0D000X,0,0
0.759395,-21,13,293,0,0,TE1A0B1C0D000X,0,0
0.770739,-21,13,293,1,0,TE1A0B1C0D000X,0,0
0.782288,-19,11,294,1,0,TE1A0B1C0D000X,0,0
0.794144,-17,8,295,1,0,TE1A0B1C0D000X,0,0
0.806091,-15,5,296,1,0,TE1A0B1C0D000X,0,0
0.817788,-14,2,296,1,0,TE1A0B1C0D000X,0,0
0.829531,-13,0,297,1,0,TE1A0B1C0D000X,0,0
0.841382,-11,-2,297,1,0,TE1A0B0C0D000X,0,0
0.853037,-10,-4,297,1,0,TE1A0B0C0D000X,0,0
0.864787,-9,-7,298,1,0,TE1A0B0C0D000X,0,0
0.87665,-8,-9,299,1,0,TE1A0B0C0D000X,0,0
0.888567,-6,-11,300,1,0,TE1A0B0C0D000X,0,0
0.900358,-5,-14,300,1,0,TE1A0B0C0D000X,0,0
0.912419,-4,-16,301,1,0,TE1A0B0C1D000X,0,0
0.924895,-3,-18,301,1,0,TE1A0B0C1D000X,0,0
0.938874,-1,-20,301,1,0,TE1A0B0C1D000X,0,0
0.952074,0,-22,302,1,0,TE1A0B0C1D000X,0,0
0.964162,0,-24,302,1,0,TE1A0B0C1D000X,0,0
0.97668,1,-26,302,1,0,TE1A0B0C1D000X,0,0
0.988664,3,-28,302,1,0,TE1A0B0C1D000X,0,0
1.0007,4,-30,302,1,0,TE1A0B0C1D000X,0,0
0.013995,5,-32,302,1,0,TE1A0B0C1D000X,0,0
0.0271164,6,-34,303,1,0,TE1A0B0C2D000X,0,0
0.0392843,7,-36,303,1,0,TE1A0B0C2D000X,0,0
0.0518638,8,-38,304,1,0,TE1A0B0C2D000X,0,0
0.0642587,9,-39,305,1,0,TE1A0B0C2D000X,0,0
0.0765983,10,-40,305,1,0,TE1A0B0C2D000X,0,0
0.0890977,11,-42,305,1,0,TE1A0B0C2D000X,0,0
0.101112,12,-42,305,1,0,TE1A0B0C2D000X,0,0
0.113181,13,-43,305,1,0,TE1A0B0C2D000X,0,0
0.125862,15,-44,305,1,0,TE1A0B0C2D000X,0,0
0.138618,16,-44,306,1,0,TE1A0B0C2D000X,0,0
0.155598,17,-45,306,1,0,TE1A0B0C2D000X,0,0
0.168024,18,-45,306,1,0,TE1A0B0C2D000X,0,0
0.180113,19,-45,307,1,0,TE1A0B0C2D000X,0,0
0.192414,20,-45,307,1,0,TE1A0B0C2D000X,0,0
0.204433,21,-45,308,1,0,TE1A0B0C2D000X,0,0
0.216275,23,-44,309,1,0,TE1A0B0C2D000X,0,0
0.228133,24,-43,309,1,0,TE1A1B0C2D000X,0,0
0.240112,25,-43,309,1,0,TE1A1B0C2D000X,0,0
0.252357,26,-42,309,1,0,TE1A1B0C2D000X,0,0
0.264202,27,-41,308,1,0,TE1A1B0C2D000X,0,0
0.276743,28,-40,310,1,0,TE1A1B0C2D000X,0,0
0.288816,30,-40,310,1,0,TE1A1B0C2D000X,0,0
0.300845,31,-39,310,1,0,TE1A1B0C2D000X,0,0
0.312708,32,-38,310,1,0,TE1A1B0C2D000X,0,0
0.324652,33,-37,310,1,0,TE1A1B0C2D000X,0,0
0.336378,34,-35,310,1,0,TE1A1B0C2D000X,0,0
0.348541,35,-34,310,1,0,TE1A1B0C2D000X,0,0
0.36061,37,-33,310,1,0,TE1A1B0C2D000X,0,0
0.372963,38,-32,310,1,0,TE1A1B0C2D000X,0,0
0.385268,39,-31,310,1,0,TE1A1B0C2D000X,0,0
0.397985,40,-30,310,1,0,TE1A1B0C1D000X,0,0
0.410476,41,-29,309,1,0,TE1A1B0C1D000X,0,0
0.423278,42,-28,309,1,0,TE1A1B0C1D000X,0,0
0.435102,43,-27,309,1,0,TE1A1B0C1D000X,0,0
0.447136,44,-26,310,1,0,TE1A1B0C1D000X,0,0
0.459446,44,-26,310,1,0,TE1A1B0C1D000X,0,0
0.47193,45,-25,310,1,0,TE1A1B0C1D000X,0,0
0.484033,46,-24,310,1,0,TE1A1B0C1D000X,0,0
0.496301,47,-24,310,1,0,TE1A1B0C1D000X,0,0
0.50862,48,-23,310,1,0,TE1A1B0C1D000X,0,0
0.520955,49,-22,310,1,0,TE1A1B0C1D000X,0,0
0.533038,50,-22,310,1,0,TE1A1B0C1D000X,0,0
0.545068,51,-21,310,1,0,TE1A1B0C1D000X,0,0
0.557246,52,-20,310,1,0,TE1A1B0C1D000X,0,0
0.569335,53,-20,310,1,0,TE1A1B0C1D000X,0,0
0.581308,53,-19,310,1,0,TE1A2B0C1D000X,0,0
0.594045,54,-18,310,1,0,TE1A2B0C1D000X,0,0
0.606375,55,-18,310,1,0,TE1A2B0C1D000X,0,0
0.618632,56,-17,310,1,0,TE1A2B0C1D000X,0,0
0.630793,56,-17,310,1,0,TE1A2B0C1D000X,0,0
0.642953,57,-16,311,1,0,TE1A2B0C1D000X,0,0
0.655297,58,-15,310,1,0,TE1A2B0C1D000X,0,0
0.667554,59,-15,310,1,0,TE1A2B0C1D000X,0,0
0.679879,59,-14,310,1,0,TE1A2B0C1D000X,0,0
0.692441,60,-14,310,1,0,TE1A2B0C1D000X,0,0
0.704797,61,-13,310,1,0,TE1A2B0C1D000X,0,0
0.717037,61,-13,310,1,0,TE1A2B0C1D000X,0,0
0.729388,62,-13,310,1,0,TE1A2B0C1D000X,0,0
0.741497,63,-12,310,1,0,TE1A2B0C1D000X,0,0
0.753938,64,-12,311,1,0,TE1A2B0C1D000X,0,0
0.766004,64,-11,310,1,0,TE1A2B0C1D000X,0,0
0.778129,65,-11,310,1,0,TE1A2B0C1D000X,0,0
0.791165,66,-11,310,1,0,TE1A2B0C1D000X,0,0
0.803439,67,-10,310,1,0,TE1A2B0C1D000X,0,0
0.815583,68,-10,310,1,0,TE1A2B0C1D000X,0,0
0.828018,69,-10,310,1,0,TE1A2B0C1D000X,0,0
0.840358,70,-10,311,1,0,TE1A2B0C1D000X,0,0
0.852557,71,-9,310,1,0,TE1A2B0C1D000X,0,0
0.865104,72,-9,310,1,0,TE1A2B0C1D000X,0,0
0.877589,73,-9,310,1,0,TE1A2B0C1D000X,0,0
0.89015,74,-9,309,1,0,TE1A2B0C1D000X,0,0
0.902395,76,-9,309,1,0,TE1A2B0C1D000X,0,0
0.914555,77,-8,308,1,0,TE1A2B0C1D000X,0,0
0.926945,78,-8,308,1,0,TE1A3B0C1D000X,0,0
0.939449,79,-8,308,1,0,TE1A3B0C1D000X,0,0
0.952078,80,-8,308,1,0,TE1A3B0C1D000X,0,0
0.964515,81,-8,307,1,0,TE1A3B0C1D000X,0,0
0.977909,82,-8,307,1,0,TE1A3B0C1D000X,0,0
0.991215,83,-8,307,1,0,TE1A3B0C1D000X,0,0
1.00475,84,-8,307,1,0,TE1A3B0C1D000X,0,0
0.016143,84,-8,307,1,0,TE1A3B0C1D000X,0,0
0.0289767,84,-8,307,1,0,TE1A3B0C1D000X,0,0
0.0419091,85,-8,307,1,0,TE1A3B0C1D000X,0,0
0.0553129,86,-8,307,1,0,TE1A3B0C1D000X,0,0
0.0679546,87,-8,308,1,0,TE1A3B0C1D000X,0,0
0.0802174,87,-7,308,1,0,TE1A3B0C1D000X,0,0
0.0924579,87,-7,308,1,0,TE1A3B0C1D000X,0,0
0.105183,87,-7,308,1,0,TE1A3B0C1D000X,0,0
0.117304,87,-7,308,1,0,TE1A3B0C1D000X,0,0
0.129842,87,-7,308,1,0,TE1A3B0C1D000X,0,0
0.142447,87,-7,308,1,0,TE1A3B0C1D000X,0,0
0.154722,86,-7,308,1,0,TE1A3B0C1D000X,0,0
0.167193,86,-7,309,1,0,TE1A3B0C1D000X,0,0
0.179492,85,-8,309,1,0,TE1A3B0C1D000X,0,0
0.191759,85,-8,310,1,0,TE1A3B0C1D000X,0,0
0.204295,84,-9,310,1,0,TE1A3B0C1D000X,0,0
0.216354,83,-9,311,1,0,TE1A3B0C1D000X,0,0
0.228606,82,-10,311,1,0,TE1A3B0C1D000X,0,0
0.240452,81,-11,312,1,0,TE1A3B0C1D000X,0,0
0.253095,79,-12,312,1,0,TE1A3B0C1D000X,0,0
0.265058,78,-13,312,1,0,TE1A3B0C1D000X,0,0
0.277233,77,-14,312,1,0,TE1A2B0C1D000X,0,0
0.289436,75,-15,312,1,0,TE1A2B0C1D000X,0,0
0.301234,74,-16,313,1,0,TE1A2B0C1D000X,0,0
0.313166,72,-17,313,1,0,TE1A2B0C1D000X,0,0
0.325187,71,-19,313,1,0,TE1A2B0C1D000X,0,0
0.340535,69,-20,314,1,0,TE1A2B0C1D000X,0,0
0.355599,67,-22,314,1,0,TE1A2B0C1D000X,0,0
0.367553,65,-23,314,1,0,TE1A2B0C1D000X,0,0
0.379606,64,-25,314,1,0,TE1A2B0C1D000X,0,0
0.391336,62,-26,315,1,0,TE1A2B0C2D000X,0,0
0.40439,60,-28,314,1,0,TE1A2B0C2D000X,0,0
0.416615,58,-29,314,1,0,TE1A2B0C2D000X,0,0
0.428346,56,-31,315,1,0,TE1A2B0C2D000X,0,0
0.440287,54,-33,315,1,0,TE1A2B0C2D000X,0,0
0.454486,52,-34,315,1,0,TE1A1B0C2D000X,0,0
0.4674,50,-35,315,1,0,TE1A1B0C2D000X,0,0
0.479212,48,-37,315,1,0,TE1A1B0C2D000X,0,0
0.491313,46,-38,315,1,0,TE1A1B0C2D000X,0,0
0.503509,43,-39,315,1,0,TE1A1B0C2D000X,0,0
0.515447,41,-41,315,1,0,TE1A1B0C2D000X,0,0
0.527438,39,-42,315,1,0,TE1A1B0C2D000X,0,0
0.539455,37,-43,315,1,0,TE1A1B0C2D000X,0,0
0.551606,34,-45,315,1,0,TE1A1B0C2D000X,0,0
0.563335,32,-46,315,1,0,TE1A1B0C2D000X,0,0
0.575298,30,-47,315,1,0,TE1A1B0C2D000X,0,0
0.58748,28,-48,315,1,0,TE1A1B0C2D000X,0,0
0.600242,26,-50,315,1,0,TE1A1B0C2D000X,0,0
0.61251,24,-51,315,1,0,TE1A1B0C2D000X,0,0
0.624343,22,-53,316,1,0,TE1A1B0C2D000X,0,0
0.636246,20,-54,316,1,0,TE1A1B0C2D000X,0,0
0.648401,18,-56,316,1,0,TE1A1B0C2D000X,0,0
0.660687,16,-57,316,1,0,TE1A0B0C2D000X,0,0
0.673112,14,-58,316,1,0,TE1A0B0C3D000X,0,0
0.685507,12,-60,317,1,0,TE1A0B0C3D000X,0,0
0.697845,10,-61,316,1,0,TE1A0B0C3D000X,0,0
0.709943,8,-63,316,1,0,TE1A0B0C3D000X,0,0
0.722315,6,-64,316,1,0,TE1A0B0C3D000X,0,0
0.73483,4,-66,317,1,0,TE1A0B0C3D000X,0,0
0.746995,3,-67,316,1,0,TE1A0B0C3D000X,0,0
0.759261,1,-68,317,1,0,TE1A0B0C3D000X,0,0
0.771448,0,-70,316,1,0,TE1A0B0C3D000X,0,0
0.783827,-2,-71,317,1,0,TE1A0B0C3D000X,0,0
0.796284,-4,-72,317,1,0,TE1A0B0C3D000X,0,0
0.808624,-5,-74,317,1,0,TE1A0B0C3D000X,0,0
0.82087,-7,-75,317,1,0,TE1A0B0C3D000X,0,0
0.83311,-9,-76,316,1,0,TE1A0B0C3D000X,0,0
0.845535,-10,-77,315,1,0,TE1A0B0C3D000X,0,0
0.858245,-12,-78,315,1,0,TE1A0B0C4D000X,0,0
0.871638,-14,-79,315,1,0,TE1A0B0C4D000X,0,0
0.884359,-15,-80,315,1,0,TE1A0B0C4D000X,0,0
0.896563,-17,-81,315,1,0,TE1A0B0C4D000X,0,0
0.909107,-18,-81,315,1,0,TE1A0B0C4D000X,0,0
0.921617,-20,-82,314,1,0,TE1A0B0C4D000X,0,0
0.934171,-21,-82,314,1,0,TE1A0B0C4D000X,0,0
0.946859,-22,-82,314,1,0,TE1A0B0C4D000X,0,0
0.959581,-23,-82,314,1,0,TE1A0B1C4D000X,0,0
0.97191,-24,-82,314,1,0,TE1A0B1C4D000X,0,0
0.98423,-25,-81,314,1,0,TE1A0B1C4D000X,0,0
0.996599,-26,-81,314,1,0,TE1A0B1C4D000X,0,0
1.00884,-27,-80,314,1,0,TE1A0B1C4D000X,0,0
0.0123581,-28,-80,314,1,0,TE1A0B1C3D000X,0,0
0.0243725,-28,-78,314,1,0,TE1A0B1C3D000X,0,0
0.0366146,-28,-77,314,1,0,TE1A0B1C3D000X,0,0
0.0487831,-29,-76,314,1,0,TE1A0B1C3D000X,0,0
0.0610292,-29,-75,314,1,0,TE1A0B1C3D000X,0,0
0.0753455,-29,-74,314,1,0,TE1A0B1C3D000X,0,0
0.087414,-30,-72,314,1,0,TE1A0B1C3D000X,0,0
0.0999545,-30,-71,314,1,0,TE1A0B1C3D000X,0,0
0.112247,-30,-69,314,1,0,TE1A0B1C3D000X,0,0
0.124893,-30,-68,314,1,0,TE1A0B1C3D000X,0,0
0.137164,-29,-66,314,1,0,TE1A0B1C3D000X,0,0
0.149408,-29,-64,314,1,0,TE1A0B1C3D000X,0,0
0.161454,-29,-62,314,1,0,TE1A0B1C3D000X,0,0
0.17368,-28,-61,314,1,0,TE1A0B1C3D000X,0,0
0.185925,-28,-59,314,1,0,TE1A0B1C3D000X,0,0
0.198177,-27,-57,314,1,0,TE1A0B1C3D000X,0,0
0.210341,-27,-55,313,1,0,TE1A0B1C2D000X,0,0
0.222408,-26,-53,314,1,0,TE1A0B1C2D000X,0,0
0.234243,-25,-51,313,1,0,TE1A0B1C2D000X,0,0
0.246299,-24,-49,313,1,0,TE1A0B1C2D000X,0,0
0.258321,-23,-48,313,1,0,TE1A0B1C2D000X,0,0
0.270526,-23,-46,313,1,0,TE1A0B1C2D000X,0,0
0.282491,-22,-44,312,1,0,TE1A0B1C2D000X,0,0
0.294403,-21,-42,312,1,0,TE1A0B1C2D000X,0,0
0.306591,-20,-41,312,1,0,TE1A0B1C2D000X,0,0
0.318821,-19,-39,312,1,0,TE1A0B0C2D000X,0,0
0.331084,-18,-38,312,1,0,TE1A0B0C2D000X,0,0
0.343199,-17,-36,311,1,0,TE1A0B0C2D000X,0,0
0.355391,-16,-35,310,1,0,TE1A0B0C2D000X,0,0
0.367441,-15,-33,310,1,0,TE1A0B0C2D000X,0,0
0.379596,-14,-32,310,1,0,TE1A0B0C1D000X,0,0
0.391824,-13,-31,310,1,0,TE1A0B0C1D000X,0,0
0.404084,-12,-30,310,1,0,TE1A0B0C1D000X,0,0
0.4175,-11,-29,310,1,0,TE1A0B0C1D000X,0,0
0.429411,-11,-28,309,1,0,TE1A0B0C1D000X,0,0
0.441676,-10,-28,309,1,0,TE1A0B0C1D000X,0,0
0.453755,-9,-27,309,1,0,TE1A0B0C1D000X,0,0
0.46597,-8,-27,310,1,0,TE1A0B0C1D000X,0,0
0.478205,-7,-27,310,1,0,TE1A0B0C1D000X,0,0
0.490783,-6,-27,310,1,0,TE1A0B0C1D000X,0,0
0.502894,-6,-26,310,1,0,TE1A0B0C1D000X,0,0
0.515057,-5,-27,310,1,0,TE1A0B0C1D000X,0,0
0.528096,-4,-27,310,1,0,TE1A0B0C1D000X,0,0
0.540608,-4,-27,310,1,0,TE1A0B0C1D000X,0,0
0.552652,-3,-27,310,1,0,TE1A0B0C1D000X,0,0
0.564518,-3,-28,310,1,0,TE1A0B0C1D000X,0,0
0.576596,-2,-28,311,1,0,TE1A0B0C1D000X,0,0
0.588406,-2,-29,311,1,0,TE1A0B0C1D000X,0,0
0.600394,-1,-30,311,1,0,TE1A0B0C1D000X,0,0
0.612617,-1,-31,312,1,0,TE1A0B0C1D000X,0,0
0.624663,0,-32,312,1,0,TE1A0B0C2D000X,0,0
0.636797,0,-33,313,1,0,TE1A0B0C2D000X,0,0
0.648639,0,-34,313,1,0,TE1A0B0C2D000X,0,0
0.660802,0,-35,313,1,0,TE1A0B0C2D000X,0,0
0.6737,0,-36,313,1,0,TE1A0B0C2D000X,0,0
0.685742,0,-37,314,1,0,TE1A0B0C2D000X,0,0
0.698061,0,-38,314,1,0,TE1A0B0C2D000X,0,0
0.711348,1,-39,314,1,0,TE1A0B0C2D000X,0,0
0.724946,1,-40,314,1,0,TE1A0B0C2D000X,0,0
0.7374,1,-41,314,1,0,TE1A0B0C2D000X,0,0
0.750062,1,-42,314,1,0,TE1A0B0C2D000X,0,0
0.762438,1,-43,315,1,0,TE1A0B0C2D000X,0,0
0.774721,1,-44,315,1,0,TE1A0B0C2D000X,0,0
0.787023,1,-44,315,1,0,TE1A0B0C2D000X,0,0
0.799355,1,-45,315,1,0,TE1A0B0C2D000X,0,0
0.811675,1,-45,314,1,0,TE1A0B0C2D000X,0,0
0.824279,1,-45,314,1,0,TE1A0B0C2D000X,0,0
0.836792,1,-45,314,1,0,TE1A0B0C2D000X,0,0
0.849076,0,-46,314,1,0,TE1A0B0C2D000X,0,0
0.861459,0,-46,314,1,0,TE1A0B0C2D000X,0,0
0.873843,0,-45,314,1,0,TE1A0B0C2D000X,0,0
0.886194,0,-45,313,1,0,TE1A0B0C2D000X,0,0
0.898567,0,-45,313,1,0,TE1A0B0C2D000X,0,0
0.911187,0,-45,313,1,0,TE1A0B0C2D000X,0,0
0.923427,0,-44,313,1,0,TE1A0B0C2D000X,0,0
0.935848,-1,-44,313,1,0,TE1A0B0C2D000X,0,0
0.948569,-1,-44,313,1,0,TE1A0B0C2D000X,0,0
0.961229,-1,-43,313,1,0,TE1A0B0C2D000X,0,0
0.973643,-2,-43,313,1,0,TE1A0B0C2D000X,0,0
0.986175,-2,-43,313,1,0,TE1A0B0C2D000X,0,0
0.998961,-2,-43,314,1,0,TE1A0B0C2D000X,0,0
1.01151,-2,-43,313,1,0,TE1A0B0C2D000X,0,0
0.0122341,-3,-42,314,1,0,TE1A0B0C2D000X,0,0
0.0243758,-3,-42,313,1,0,TE1A0B0C2D000X,0,0
0.0367295,-3,-42,313,1,0,TE1A0B0C2D000X,0,0
0.0492595,-3,-42,313,1,0,TE1A0B0C2D000X,0,0
0.0621636,-3,-42,313,1,0,TE1A0B0C2D000X,0,0
0.0744798,-3,-42,313,1,0,TE1A0B0C2D000X,0,0
0.086816,-4,-42,313,1,0,TE1A0B0C2D000X,0,0
0.0999714,-4,-42,313,1,0,TE1A0B0C2D000X,0,0
0.113682,-4,-43,313,1,0,TE1A0B0C2D000X,0,0
0.126127,-4,-43,313,1,0,TE1A0B0C2D000X,0,0
0.138902,-4,-43,313,1,0,TE1A0B0C2D000X,0,0
0.151279,-4,-43,313,1,0,TE1A0B0C2D000X,0,0
0.163758,-4,-44,313,1,0,TE1A0B0C2D000X,0,0
0.174478,-4,-44,313,1,1,TE1A0B0C2D000X,0,0
