timestamp,errXmm,errYmm,errZmm,MarkerPresent,Touched,Heading3,Heading4,Heading5
0.00512158,0,0,0,0,0,0,0,0
0.0266082,0,0,0,0,0,0,0,0
0.042546,0,0,0,0,0,0,0,0
0.058585,0,0,0,0,0,0,0,0
0.075391,0,0,0,0,0,0,0,0
0.0917479,0,0,0,0,0,0,0,0
0.10742,0,0,0,0,0,0,0,0
0.123648,0,0,0,0,0,0,0,0
0.138661,0,0,0,0,0,0,0,0
0.155979,0,0,0,1,0,0,0,0
0.170963,157,-110,359,1,0,0,0,0
0.187902,159,-108,359,0,0,0,0,0
0.202003,159,-108,359,0,0,0,0,0
0.216152,159,-108,359,0,0,0,0,0
0.231567,159,-108,359,1,0,0,0,0
0.244445,155,-96,338,1,0,0,0,0
0.257514,153,-91,329,1,0,0,0,0
0.270151,152,-89,324,1,0,0,0,0
0.282865,151,-87,320,1,0,0,0,0
0.295737,150,-85,317,1,0,0,0,0
0.308491,149,-84,313,1,0,0,0,0
0.321395,148,-83,311,1,0,0,0,0
0.334053,147,-82,309,1,0,0,0,0
0.346961,147,-81,308,1,0,0,0,0
0.36001,147,-81,307,1,0,0,0,0
0.372978,146,-81,307,1,0,0,0,0
0.385996,146,-81,306,1,0,0,0,0
0.398829,145,-81,306,1,0,0,0,0
0.411565,145,-81,306,1,0,0,0,0
0.42456,145,-81,307,1,0,0,0,0
0.437387,145,-81,307,1,0,0,0,0
0.451719,145,-81,307,1,0,0,0,0
0.464992,145,-81,308,1,0,0,0,0
0.477985,145,-81,309,1,0,0,0,0
0.491088,145,-81,309,1,0,0,0,0
0.50375,145,-81,310,1,0,0,0,0
0.516176,145,-81,309,1,0,0,0,0
0.530555,145,-80,309,1,0,0,0,0
0.543199,145,-80,309,1,0,0,0,0
0.555815,144,-79,309,1,0,0,0,0
0.568533,144,-79,309,1,0,0,0,0
0.580936,143,-78,308,1,0,0,0,0
0.593599,142,-77,307,1,0,0,0,0
0.608351,142,-77,307,1,0,0,0,0
0.623585,142,-76,307,1,0,0,0,0
0.637962,141,-76,307,1,0,0,0,0
0.651195,141,-75,307,1,0,0,0,0
0.663933,140,-75,307,1,0,0,0,0
0.676294,140,-75,307,1,0,0,0,0
0.689031,140,-75,307,1,0,0,0,0
0.70174,139,-74,307,1,0,0,0,0
0.714144,139,-74,307,1,0,0,0,0
0.726918,139,-74,308,1,0,0,0,0
0.739647,138,-75,307,1,0,0,0,0
0.752734,138,-75,308,1,0,0,0,0
0.766682,138,-75,309,1,0,0,0,0
0.779207,138,-76,309,1,0,0,0,0
0.791761,138,-76,310,1,0,0,0,0
0.804127,138,-77,311,1,0,0,0,0
0.817015,138,-77,310,1,0,0,0,0
0.829648,137,-78,310,1,0,0,0,0
0.842482,138,-78,311,1,0,0,0,0
0.855073,138,-79,312,1,0,0,0,0
0.867584,137,-79,311,1,0,0,0,0
0.8805,137,-80,311,1,0,0,0,0
0.89313,137,-80,311,1,0,0,0,0
0.906072,137,-81,310,1,0,0,0,0
0.919046,137,-82,311,1,0,0,0,0
0.931565,137,-82,312,1,0,0,0,0
0.944623,137,-83,312,1,0,0,0,0
0.957267,137,-83,312,1,0,0,0,0
0.968617,137,-83,312,1,0,0,0,0
0.981399,136,-83,311,1,0,0,0,0
0.994124,136,-84,312,1,0,0,0,0
1.00862,136,-84,312,1,0,0,0,0
1.02776,136,-84,312,1,0,0,0,0
1.04073,136,-84,314,1,0,0,0,0
1.05372,136,-84,314,1,0,0,0,0
1.06634,136,-84,314,1,0,0,0,0
1.07944,136,-84,314,1,0,0,0,0
1.095,136,-84,315,1,0,0,0,0
1.10804,135,-83,314,1,0,0,0,0
1.12102,135,-83,314,1,0,0,0,0
1.13355,135,-83,315,1,0,0,0,0
1.14667,135,-82,314,1,0,0,0,0
1.15855,135,-82,314,0,0,0,0,0
1.16967,135,-82,314,1,0,0,0,0
1.18117,136,-80,314,1,0,0,0,0
1.19287,137,-79,313,1,0,0,0,0
1.20496,137,-78,313,1,0,0,0,0
1.21708,138,-78,313,1,0,0,0,0
1.22901,138,-77,313,1,0,0,0,0
1.24191,138,-76,311,1,0,0,0,0
1.25415,138,-75,310,1,0,0,0,0
1.2665,138,-74,309,1,0,0,0,0
1.27963,138,-74,308,1,0,0,0,0
1.29292,139,-73,308,1,0,0,0,0
1.30586,139,-73,306,1,0,0,0,0
1.31895,139,-73,306,1,0,0,0,0
1.33165,140,-73,306,1,0,0,0,0
1.34466,140,-74,307,1,0,0,0,0
1.35778,140,-74,307,1,0,0,0,0
1.37059,140,-74,307,1,0,0,0,0
1.38304,140,-75,306,1,0,0,0,0
1.39535,140,-75,307,1,0,0,0,0
1.40795,140,-76,308,1,0,0,0,0
1.42047,140,-76,308,1,0,0,0,0
1.43279,139,-77,309,1,0,0,0,0
1.44524,139,-77,311,1,0,0,0,0
1.45772,138,-78,311,1,0,0,0,0
1.4706,137,-78,312,1,0,0,0,0
1.4834,137,-79,313,1,0,0,0,0
1.4959,136,-79,314,1,0,0,0,0
1.50874,135,-80,315,1,0,0,0,0
1.52136,135,-80,316,1,0,0,0,0
1.53401,133,-80,315,1,0,0,0,0
1.54673,132,-80,315,1,0,0,0,0
1.55932,132,-80,316,1,0,0,0,0
1.57233,131,-79,316,1,0,0,0,0
1.58601,130,-78,316,1,0,0,0,0
1.59838,130,-78,316,1,0,0,0,0
1.61087,130,-77,316,1,0,0,0,0
1.62321,129,-76,316,1,0,0,0,0
1.63552,129,-74,316,1,0,0,0,0
1.64773,129,-73,316,1,0,0,0,0
1.6604,128,-71,315,1,0,0,0,0
1.67409,128,-69,313,1,0,0,0,0
1.68666,128,-67,313,1,0,0,0,0
1.70159,128,-65,313,1,0,0,0,0
1.71432,128,-63,314,1,0,0,0,0
1.72687,127,-61,312,1,0,0,0,0
1.74103,127,-59,311,1,0,0,0,0
1.75382,127,-58,311,1,0,0,0,0
1.76623,127,-56,310,1,0,0,0,0
1.77887,127,-54,310,1,0,0,0,0
1.79166,127,-53,310,1,0,0,0,0
1.80397,127,-52,309,1,0,0,0,0
1.81672,127,-51,309,1,0,0,0,0
1.82919,128,-50,309,1,0,0,0,0
1.84239,128,-49,308,1,0,0,0,0
1.85498,128,-48,307,1,0,0,0,0
1.86778,129,-48,309,1,0,0,0,0
1.8806,129,-48,309,1,0,0,0,0
1.89395,130,-47,309,1,0,0,0,0
1.90696,130,-47,308,1,0,0,0,0
1.91951,130,-47,308,1,0,0,0,0
1.93167,130,-47,309,1,0,0,0,0
1.94429,130,-46,308,1,0,0,0,0
1.95703,130,-46,309,1,0,0,0,0
1.96953,129,-46,308,1,0,0,0,0
1.98197,129,-45,308,1,0,0,0,0
1.99419,128,-45,308,1,0,0,0,0
2.00775,128,-45,308,1,0,0,0,0
2.02003,127,-45,307,1,0,0,0,0
2.03207,126,-44,306,1,0,0,0,0
2.04467,126,-44,305,1,0,0,0,0
2.05917,126,-43,306,1,0,0,0,0
2.07512,126,-43,305,1,0,0,0,0
2.08794,127,-43,306,1,0,0,0,0
2.10125,127,-42,305,1,0,0,0,0
2.1153,127,-42,305,1,0,0,0,0
2.13093,127,-41,305,1,0,0,0,0
2.1436,127,-41,305,1,0,0,0,0
2.15666,128,-41,305,1,0,0,0,0
2.1692,128,-41,305,1,0,0,0,0
2.18148,129,-41,306,1,0,0,0,0
2.19396,129,-40,305,1,0,0,0,0
2.209,130,-40,305,1,0,0,0,0
2.22259,130,-39,305,1,0,0,0,0
2.2353,131,-39,306,1,0,0,0,0
2.24897,131,-39,306,1,0,0,0,0
2.26129,132,-39,307,1,0,0,0,0
2.27568,132,-39,306,1,0,0,0,0
2.28969,131,-39,306,1,0,0,0,0
2.30231,131,-39,307,1,0,0,0,0
2.31504,131,-39,306,1,0,0,0,0
2.3273,130,-39,307,1,0,0,0,0
2.33935,129,-38,307,1,0,0,0,0
2.35189,128,-38,307,1,0,0,0,0
2.36409,127,-38,308,1,0,0,0,0
2.37678,126,-38,307,1,0,0,0,0
2.38929,125,-38,307,1,0,0,0,0
2.40128,123,-38,306,1,0,0,0,0
2.41376,122,-38,307,1,0,0,0,0
2.4262,121,-38,308,1,0,0,0,0
2.43886,120,-37,307,1,0,0,0,0
2.45114,119,-37,307,1,0,0,0,0
2.46356,118,-38,308,1,0,0,0,0
2.47633,117,-37,307,1,0,0,0,0
2.48896,116,-37,308,1,0,0,0,0
2.50163,115,-37,307,1,0,0,0,0
2.51401,114,-37,308,1,0,0,0,0
2.5265,113,-37,307,1,0,0,0,0
2.53896,113,-37,307,1,0,0,0,0
2.55168,112,-37,307,1,0,0,0,0
2.56298,112,-36,306,1,0,0,0,0
2.57559,111,-36,306,1,0,0,0,0
2.58794,111,-35,306,1,0,0,0,0
2.60018,111,-35,307,1,0,0,0,0
2.613,111,-35,306,1,0,0,0,0
2.62609,111,-34,306,1,0,0,0,0
2.63899,111,-34,306,1,0,0,0,0
2.6516,111,-33,306,1,0,0,0,0
2.66375,111,-33,305,1,0,0,0,0
2.67613,112,-32,305,1,0,0,0,0
2.68873,112,-32,305,1,0,0,0,0
2.70171,112,-31,305,1,0,0,0,0
2.71406,113,-31,306,1,0,0,0,0
2.72635,114,-31,306,1,0,0,0,0
2.73889,115,-31,307,1,0,0,0,0
2.7517,115,-31,306,1,0,0,0,0
2.76393,114,-30,305,1,0,0,0,0
2.77645,115,-30,305,1,0,0,0,0
2.78881,115,-30,304,1,0,0,0,0
2.80081,115,-30,304,1,0,0,0,0
2.81326,115,-30,305,1,0,0,0,0
2.8258,115,-30,306,1,0,0,0,0
2.83828,115,-30,305,1,0,0,0,0
2.85058,115,-30,304,1,0,0,0,0
2.86285,115,-29,303,1,0,0,0,0
2.87553,115,-29,305,1,0,0,0,0
2.88796,115,-29,304,1,0,0,0,0
2.90284,114,-29,304,1,0,0,0,0
2.91601,114,-29,304,1,0,0,0,0
2.92845,114,-30,304,1,0,0,0,0
2.94389,114,-30,305,1,0,0,0,0
2.95659,114,-30,304,1,0,0,0,0
2.96941,114,-30,305,1,0,0,0,0
2.98185,114,-31,305,1,0,0,0,0
2.99418,113,-31,304,1,0,0,0,0
3.00931,113,-31,304,1,0,0,0,0
3.02311,114,-32,306,1,0,0,0,0
3.03747,113,-32,305,1,0,0,0,0
3.04988,113,-32,306,1,0,0,0,0
3.0646,113,-33,306,1,0,0,0,0
3.08104,112,-33,306,1,0,0,0,0
3.0936,112,-34,305,1,0,0,0,0
3.10795,112,-34,307,1,0,0,0,0
3.12064,111,-34,307,1,0,0,0,0
3.1329,110,-35,306,1,0,0,0,0
3.14536,109,-36,306,1,0,0,0,0
3.1579,108,-36,306,1,0,0,0,0
3.17036,108,-37,308,1,0,0,0,0
3.18267,107,-37,307,1,0,0,0,0
3.19482,107,-38,309,1,0,0,0,0
3.20759,106,-39,309,1,0,0,0,0
3.2198,105,-39,310,1,0,0,0,0
3.23166,105,-40,310,1,0,0,0,0
3.24391,104,-41,312,1,0,0,0,0
3.25639,103,-42,312,1,0,0,0,0
3.26814,101,-42,312,1,0,0,0,0
3.28068,100,-43,312,1,0,0,0,0
3.29294,99,-43,312,1,0,0,0,0
3.30594,99,-44,313,1,0,0,0,0
3.31812,98,-45,314,1,0,0,0,0
3.33015,97,-46,313,1,0,0,0,0
3.34252,96,-47,313,1,0,0,0,0
3.35485,95,-47,314,1,0,0,0,0
3.36808,93,-48,314,1,0,0,0,0
3.38108,92,-49,314,1,0,0,0,0
3.39372,91,-50,314,1,0,0,0,0
3.40783,91,-51,315,1,0,0,0,0
3.42388,90,-51,316,1,0,0,0,0
3.43635,89,-52,316,1,0,0,0,0
3.44874,88,-52,316,1,0,0,0,0
3.46101,87,-52,316,1,0,0,0,0
3.4746,86,-52,316,1,0,0,0,0
3.48712,86,-51,317,1,0,0,0,0
3.4994,85,-51,317,1,0,0,0,0
3.51211,84,-50,317,1,0,0,0,0
3.52466,84,-50,316,1,0,0,0,0
3.53669,83,-49,316,1,0,0,0,0
3.54905,83,-48,317,1,0,0,0,0
3.56131,82,-47,316,1,0,0,0,0
3.57414,82,-46,315,1,0,0,0,0
3.58642,82,-45,315,1,0,0,0,0
3.59845,81,-44,314,1,0,0,0,0
3.61121,81,-43,314,1,0,0,0,0
3.62391,81,-43,314,1,0,0,0,0
3.63637,81,-42,314,1,0,0,0,0
3.6488,81,-42,313,1,0,0,0,0
3.66097,81,-41,312,1,0,0,0,0
3.67453,81,-41,313,1,0,0,0,0
3.68725,81,-41,313,1,0,0,0,0
3.69965,81,-41,313,1,0,0,0,0
3.71355,81,-41,313,1,0,0,0,0
3.72596,82,-41,313,1,0,0,0,0
3.73801,82,-41,313,1,0,0,0,0
3.75062,83,-41,313,1,0,0,0,0
3.76298,83,-41,313,1,0,0,0,0
3.7757,83,-41,313,1,0,0,0,0
3.78795,84,-41,313,1,0,0,0,0
3.80015,84,-42,313,1,0,0,0,0
3.81276,84,-42,312,1,0,0,0,0
3.8252,84,-42,311,1,0,0,0,0
3.8378,84,-42,312,1,0,0,0,0
3.85012,85,-42,313,1,0,0,0,0
3.86242,85,-42,313,1,0,0,0,0
3.87572,85,-42,313,1,0,0,0,0
3.8885,85,-43,313,1,0,0,0,0
3.90175,85,-43,312,1,0,0,0,0
3.9141,86,-43,312,1,0,0,0,0
3.92644,86,-43,313,1,0,0,0,0
3.93886,86,-43,314,1,0,0,0,0
3.95156,87,-44,314,1,0,0,0,0
3.96663,86,-43,312,1,0,0,0,0
3.97924,87,-44,313,1,0,0,0,0
3.99188,87,-44,313,1,0,0,0,0
4.00407,87,-44,313,1,0,0,0,0
4.01696,87,-44,313,1,0,0,0,0
4.02958,87,-44,313,1,0,0,0,0
4.04222,86,-44,313,1,0,0,0,0
4.0549,86,-44,313,1,0,0,0,0
4.06693,86,-44,313,1,0,0,0,0
4.07973,86,-44,312,1,0,0,0,0
4.09218,85,-44,312,1,0,0,0,0
4.10464,85,-44,312,1,0,0,0,0
4.11689,85,-44,313,1,0,0,0,0
4.12913,85,-45,313,1,0,0,0,0
4.14194,85,-45,313,1,0,0,0,0
4.15423,85,-45,313,1,0,0,0,0
4.16628,85,-45,313,1,0,0,0,0
4.17883,85,-45,314,1,0,0,0,0
4.19456,85,-45,314,1,0,0,0,0
4.20841,85,-45,314,1,0,0,0,0
4.221,85,-45,315,1,0,0,0,0
4.23329,85,-45,315,1,0,0,0,0
4.24443,85,-45,315,1,0,0,0,0
4.25726,85,-45,315,1,0,0,0,0
4.26953,84,-44,315,1,0,0,0,0
4.28168,84,-44,314,1,0,0,0,0
4.29442,84,-44,314,1,0,0,0,0
4.309,84,-43,313,1,0,0,0,0
4.32165,84,-43,313,1,0,0,0,0
4.33414,85,-43,312,1,0,0,0,0
4.34635,85,-43,312,1,0,0,0,0
4.35972,85,-42,312,1,0,0,0,0
4.37226,86,-42,312,1,0,0,0,0
4.38482,86,-42,312,1,0,0,0,0
4.39712,86,-42,312,1,0,0,0,0
4.41184,86,-42,312,1,0,0,0,0
4.42458,87,-42,313,1,0,0,0,0
4.43694,87,-42,313,1,0,0,0,0
4.44907,87,-42,312,1,0,0,0,0
4.46169,87,-42,312,1,0,0,0,0
4.47322,87,-42,312,1,0,0,0,0
4.4854,86,-42,312,1,0,0,0,0
4.49799,87,-43,313,1,0,0,0,0
4.51041,87,-43,313,1,0,0,0,0
4.52358,86,-43,313,1,0,0,0,0
4.53601,86,-43,313,1,0,0,0,0
4.54835,86,-43,313,1,0,0,0,0
4.56261,86,-43,313,1,0,0,0,0
4.57513,85,-43,312,1,0,0,0,0
4.58757,85,-43,312,1,0,0,0,0
4.60072,85,-43,312,1,0,0,0,0
4.61293,85,-43,312,1,0,0,0,0
4.62542,84,-44,312,1,0,0,0,0
4.63785,84,-44,312,1,0,0,0,0
4.65137,84,-44,312,1,0,0,0,0
4.66387,84,-44,313,1,0,0,0,0
4.67607,84,-45,314,1,0,0,0,0
4.68843,84,-45,315,1,0,0,0,0
4.70072,83,-45,314,1,0,0,0,0
4.71283,83,-45,314,1,0,0,0,0
4.72553,83,-45,314,1,0,0,0,0
4.73788,83,-46,315,1,0,0,0,0
4.75005,82,-46,315,1,0,0,0,0
4.76262,82,-46,314,1,0,0,0,0
4.77544,81,-46,314,1,0,0,0,0
4.78788,81,-46,314,1,0,0,0,0
4.80006,81,-46,314,1,0,0,0,0
4.81211,80,-46,314,1,0,0,0,0
4.82484,80,-46,314,1,0,0,0,0
4.83702,79,-46,314,1,0,0,0,0
4.84888,79,-46,314,1,0,0,0,0
4.86129,78,-46,314,1,0,0,0,0
4.87383,77,-46,313,1,0,0,0,0
4.88609,77,-45,314,1,0,0,0,0
4.89839,76,-45,314,1,0,0,0,0
4.91052,75,-45,314,1,0,0,0,0
4.92323,75,-45,314,1,0,0,0,0
4.93545,74,-45,314,1,0,0,0,0
4.94775,74,-45,315,1,0,0,0,0
4.96033,73,-45,314,1,0,0,0,0
4.9729,72,-44,314,1,0,0,0,0
4.98514,71,-44,314,1,0,0,0,0
4.99712,70,-44,315,1,0,0,0,0
5.00901,69,-44,315,1,0,0,0,0
5.02165,68,-44,316,1,0,0,0,0
5.0358,67,-44,316,1,0,0,0,0
5.05037,66,-44,315,1,0,0,0,0
5.06267,65,-44,316,1,0,0,0,0
5.07725,64,-44,316,1,0,0,0,0
5.09002,63,-44,316,1,0,0,0,0
5.10186,62,-44,317,1,0,0,0,0
5.11339,61,-44,317,1,0,0,0,0
5.12545,60,-44,315,1,0,0,0,0
5.13699,59,-45,315,1,0,0,0,0
5.14857,58,-45,315,1,0,0,0,0
5.16035,57,-46,316,1,0,0,0,0
5.17199,56,-46,316,1,0,0,0,0
5.18483,55,-47,317,1,0,0,0,0
5.19627,53,-47,318,1,0,0,0,0
5.20765,51,-48,320,1,0,0,0,0
5.2199,49,-49,321,1,0,0,0,0
5.23456,46,-49,322,1,0,0,0,0
5.24605,44,-50,323,1,0,0,0,0
5.25749,41,-50,325,1,0,0,0,0
5.26866,38,-50,326,1,0,0,0,0
5.2804,35,-50,325,0,0,0,0,0
5.29207,35,-50,325,1,0,0,0,0
5.30385,31,-51,326,0,0,0,0,0
5.31491,31,-51,326,0,0,0,0,0
5.32608,31,-51,326,0,0,0,0,0
5.33688,31,-51,326,0,0,0,0,0
5.34817,31,-51,326,0,0,0,0,0
5.3609,31,-51,326,1,0,0,0,0
5.37285,23,-51,327,1,0,0,0,0
5.38401,16,-52,327,0,0,0,0,0
5.39534,16,-52,327,1,0,0,0,0
5.40834,8,-53,329,1,0,0,0,0
5.41943,1,-53,330,1,0,0,0,0
5.43047,-4,-53,330,1,0,0,0,0
5.44201,-10,-53,331,1,0,0,0,0
5.45325,-16,-54,331,1,0,0,0,0
5.46423,-21,-54,332,1,0,0,0,0
5.47581,-26,-54,332,1,0,0,0,0
5.48705,-30,-54,332,1,0,0,0,0
5.49811,-34,-54,332,1,0,0,0,0
5.50957,-37,-53,332,1,0,0,0,0
5.52261,-40,-53,331,1,0,0,0,0
5.53387,-43,-53,331,1,0,0,0,0
5.54588,-45,-53,330,0,0,0,0,0
5.55719,-45,-53,330,0,0,0,0,0
5.56996,-45,-53,330,0,0,0,0,0
5.58696,-45,-53,330,0,0,0,0,0
5.59731,-45,-53,330,0,0,0,0,0
5.60905,-45,-53,330,1,0,0,0,0
5.62056,-50,-51,330,1,0,0,0,0
5.63172,-54,-49,328,1,0,0,0,0
5.64334,-56,-48,326,1,0,0,0,0
5.65709,-57,-47,326,1,0,0,0,0
5.66881,-57,-46,325,1,0,0,0,0
5.68099,-57,-46,324,1,0,0,0,0
5.69311,-57,-45,324,1,0,0,0,0
5.70541,-56,-45,324,1,0,0,0,0
5.71694,-55,-46,325,1,0,0,0,0
5.72865,-53,-46,325,1,0,0,0,0
5.74026,-51,-47,325,1,0,0,0,0
5.75205,-50,-47,325,1,0,0,0,0
5.76385,-48,-48,325,1,0,0,0,0
5.77712,-46,-48,325,1,0,0,0,0
5.78955,-44,-49,326,1,0,0,0,0
5.80183,-43,-50,328,1,0,0,0,0
5.81381,-41,-50,327,1,0,0,0,0
5.82603,-40,-51,327,1,0,0,0,0
5.83823,-39,-52,326,1,0,0,0,0
5.85027,-37,-52,327,1,0,0,0,0
5.86206,-36,-53,326,1,0,0,0,0
5.87441,-35,-53,326,1,0,0,0,0
5.88659,-35,-54,326,1,0,0,0,0
5.89889,-34,-54,327,1,0,0,0,0
5.9109,-33,-55,327,1,0,0,0,0
5.92341,-33,-55,327,1,0,0,0,0
5.93536,-32,-56,327,1,0,0,0,0
5.9471,-31,-56,327,1,0,0,0,0
5.95953,-31,-56,327,1,0,0,0,0
5.97193,-31,-56,326,1,0,0,0,0
5.98472,-30,-57,326,1,0,0,0,0
5.99684,-30,-57,326,1,0,0,0,0
6.00885,-30,-57,326,1,0,0,0,0
6.02205,-30,-57,326,1,0,0,0,0
6.03413,-30,-57,325,1,0,0,0,0
6.04606,-30,-57,326,1,0,0,0,0
6.05836,-31,-57,326,1,0,0,0,0
6.07049,-31,-57,326,1,0,0,0,0
6.08223,-31,-57,326,1,0,0,0,0
6.09456,-31,-57,326,1,0,0,0,0
6.10703,-31,-56,325,1,0,0,0,0
6.1192,-30,-56,325,1,0,0,0,0
6.13124,-31,-56,327,1,0,0,0,0
6.14319,-30,-56,326,1,0,0,0,0
6.15591,-30,-55,326,1,0,0,0,0
6.16793,-30,-55,326,1,0,0,0,0
6.18131,-29,-55,325,1,0,0,0,0
6.19367,-29,-55,326,1,0,0,0,0
6.20607,-29,-55,326,1,0,0,0,0
6.21793,-29,-54,326,1,0,0,0,0
6.23032,-28,-54,326,1,0,0,0,0
6.24291,-28,-54,326,1,0,0,0,0
6.25606,-28,-54,326,1,0,0,0,0
6.2681,-28,-54,327,1,0,0,0,0
6.28022,-27,-54,327,1,0,0,0,0
6.29263,-27,-54,326,1,0,0,0,0
6.30488,-27,-54,326,1,0,0,0,0
6.3167,-27,-53,325,1,0,0,0,0
6.3289,-26,-53,325,1,0,0,0,0
6.34105,-26,-53,325,1,0,0,0,0
6.35288,-26,-53,325,1,0,0,0,0
6.36496,-26,-53,325,1,0,0,0,0
6.37693,-25,-53,325,1,0,0,0,0
6.38948,-25,-53,324,1,0,0,0,0
6.40184,-25,-53,324,1,0,0,0,0
6.41388,-24,-53,324,1,0,0,0,0
6.42874,-24,-53,324,1,0,0,0,0
6.441,-24,-53,323,1,0,0,0,0
6.45322,-23,-53,323,1,0,0,0,0
6.46512,-23,-53,323,1,0,0,0,0
6.47713,-23,-53,324,1,0,0,0,0
6.48945,-22,-53,324,1,0,0,0,0
6.50156,-22,-53,325,1,0,0,0,0
6.5134,-22,-53,324,1,0,0,0,0
6.52561,-22,-53,325,1,0,0,0,0
6.53765,-22,-53,324,1,0,0,0,0
6.54954,-22,-53,324,1,0,0,0,0
6.56304,-21,-52,322,1,0,0,0,0
6.57577,-21,-52,322,1,0,0,0,0
6.58799,-21,-52,323,1,0,0,0,0
6.60104,-21,-52,324,1,0,0,0,0
6.61307,-21,-52,324,1,0,0,0,0
6.62529,-21,-52,324,1,0,0,0,0
6.6374,-21,-52,323,1,0,0,0,0
6.64915,-21,-52,323,1,0,0,0,0
6.66136,-20,-52,324,1,0,0,0,0
6.67357,-20,-52,324,1,0,0,0,0
6.68533,-19,-52,324,1,0,0,0,0
6.69737,-19,-52,324,1,0,0,0,0
6.70914,-18,-52,324,1,0,0,0,0
6.72106,-17,-52,325,1,0,0,0,0
6.73289,-17,-52,325,1,0,0,0,0
6.74464,-16,-52,324,1,0,0,0,0
6.75685,-15,-52,326,1,0,0,0,0
6.76858,-13,-52,325,1,0,0,0,0
6.78006,-12,-52,326,1,0,0,0,0
6.79207,-11,-52,326,1,0,0,0,0
6.80372,-9,-51,326,1,0,0,0,0
6.81513,-8,-51,325,1,0,0,0,0
6.82698,-7,-51,325,1,0,0,0,0
6.83864,-5,-50,325,1,0,0,0,0
6.85135,-4,-50,325,1,0,0,0,0
6.86286,-2,-49,323,1,0,0,0,0
6.87429,-1,-49,323,1,0,0,0,0
6.88552,0,-48,324,1,0,0,0,0
6.89717,2,-48,325,1,0,0,0,0
6.9086,4,-47,326,1,0,0,0,0
6.92006,5,-47,326,1,0,0,0,0
6.93162,7,-46,326,1,0,0,0,0
6.9432,9,-45,326,1,0,0,0,0
6.95519,10,-45,324,1,0,0,0,0
6.96661,12,-44,323,1,0,0,0,0
6.97787,14,-43,323,1,0,0,0,0
6.98957,15,-42,322,1,0,0,0,0
7.001,17,-42,322,1,0,0,0,0
7.01239,18,-41,320,1,0,0,0,0
7.02407,19,-40,321,1,0,0,0,0
7.03548,21,-39,321,1,0,0,0,0
7.04688,22,-38,318,1,0,0,0,0
7.05866,24,-38,318,1,0,0,0,0
7.07007,25,-37,318,1,0,0,0,0
7.08138,26,-36,318,1,0,0,0,0
7.09362,28,-35,318,1,0,0,0,0
7.10525,29,-34,317,1,0,0,0,0
7.11809,31,-34,317,1,0,0,0,0
7.12986,32,-33,315,1,0,0,0,0
7.1414,33,-32,315,1,0,0,0,0
7.15296,35,-31,315,1,0,0,0,0
7.16477,36,-31,316,1,0,0,0,0
7.17646,37,-30,316,1,0,0,0,0
7.18856,37,-30,316,1,0,0,0,0
7.20022,38,-29,316,1,0,0,0,0
7.21195,39,-29,316,1,0,0,0,0
7.224,39,-28,316,1,0,0,0,0
7.23586,39,-28,316,1,0,0,0,0
7.24846,39,-28,315,1,0,0,0,0
7.26044,39,-28,315,1,0,0,0,0
7.27235,39,-28,316,1,0,0,0,0
7.2842,39,-28,317,1,0,0,0,0
7.29615,38,-28,317,1,0,0,0,0
7.30821,38,-28,317,1,0,0,0,0
7.32011,37,-28,316,1,0,0,0,0
7.33185,36,-28,316,1,0,0,0,0
7.34366,35,-28,316,1,0,0,0,0
7.3558,34,-28,317,1,0,0,0,0
7.36757,33,-28,316,1,0,0,0,0
7.37932,31,-28,315,1,0,0,0,0
7.39147,30,-28,315,1,0,0,0,0
7.40306,29,-28,316,1,0,0,0,0
7.4146,28,-28,317,1,0,0,0,0
7.42676,26,-29,317,1,0,0,0,0
7.43853,25,-29,318,1,0,0,0,0
7.45285,24,-29,317,1,0,0,0,0
7.47207,23,-29,316,1,0,0,0,0
7.48491,22,-29,316,1,0,0,0,0
7.49708,21,-29,316,1,0,0,0,0
7.51023,20,-29,317,1,0,0,0,0
7.52307,19,-30,318,1,0,0,0,0
7.53485,18,-30,318,1,0,0,0,0
7.54679,17,-30,318,1,0,0,0,0
7.55873,16,-30,319,1,0,0,0,0
7.57051,16,-31,318,1,0,0,0,0
7.58201,15,-31,318,1,0,0,0,0
7.60126,15,-31,319,1,0,0,0,0
7.61372,14,-31,318,1,0,0,0,0
7.62594,14,-31,318,1,0,0,0,0
7.63796,13,-31,317,1,0,0,0,0
7.65001,13,-31,316,1,0,0,0,0
7.66212,13,-31,315,1,0,0,0,0
7.67426,13,-31,315,1,0,0,0,0
7.68597,13,-32,316,1,0,0,0,0
7.69793,13,-31,316,1,0,0,0,0
7.70982,14,-32,317,1,0,0,0,0
7.72218,14,-32,318,1,0,0,0,0
7.7339,14,-32,318,1,0,0,0,0
7.74576,14,-32,319,1,0,0,0,0
7.75813,15,-32,319,1,0,0,0,0
7.77011,15,-32,319,1,0,0,0,0
7.78179,15,-32,319,1,0,0,0,0
7.79388,16,-32,319,1,0,0,0,0
7.80621,16,-32,320,1,0,0,0,0
7.81804,16,-32,320,1,0,0,0,0
7.83009,16,-32,320,1,0,0,0,0
7.84197,16,-32,320,1,0,0,0,0
7.85399,16,-31,318,1,0,0,0,0
7.86597,16,-31,318,1,0,0,0,0
7.87984,16,-31,318,1,0,0,0,0
7.89206,16,-31,319,1,0,0,0,0
7.90428,16,-31,319,1,0,0,0,0
7.9159,16,-31,318,1,0,0,0,0
7.92802,16,-31,317,1,0,0,0,0
7.94011,16,-31,316,1,0,0,0,0
7.95168,16,-31,316,1,0,0,0,0
7.96378,16,-31,317,1,0,0,0,0
7.97578,16,-32,318,1,0,0,0,0
7.98776,16,-32,318,1,0,0,0,0
8.00027,16,-32,318,1,0,0,0,0
8.01227,16,-32,319,1,0,0,0,0
8.02434,16,-32,318,1,0,0,0,0
8.03623,16,-32,319,1,0,0,0,0
8.04782,16,-32,319,1,0,0,0,0
8.05994,17,-32,319,1,0,0,0,0
8.07186,17,-32,319,1,0,0,0,0
8.08362,17,-32,319,1,0,0,0,0
8.09574,17,-32,319,1,0,0,0,0
8.10785,17,-32,320,1,0,0,0,0
8.12008,17,-32,319,1,0,0,0,0
8.13294,17,-32,319,1,0,0,0,0
8.14473,17,-32,320,1,0,0,0,0
8.15717,17,-33,320,1,0,0,0,0
8.16895,17,-33,320,1,0,0,0,0
8.18057,17,-33,319,1,0,0,0,0
8.19271,17,-33,318,1,0,0,0,0
8.2046,17,-34,319,1,0,0,0,0
8.21622,17,-34,319,1,0,0,0,0
8.2283,17,-35,320,1,0,0,0,0
8.24046,17,-36,321,1,0,0,0,0
8.25231,16,-36,321,1,0,0,0,0
8.26403,16,-37,321,1,0,0,0,0
8.27589,16,-38,321,1,0,0,0,0
8.28754,16,-38,321,1,0,0,0,0
8.29995,15,-39,321,1,0,0,0,0
8.31204,15,-40,321,1,0,0,0,0
8.32406,15,-40,321,1,0,0,0,0
8.33593,14,-41,321,1,0,0,0,0
8.34806,14,-41,321,1,0,0,0,0
8.36035,14,-42,321,1,0,0,0,0
8.37302,14,-42,321,1,0,0,0,0
8.38487,14,-42,321,1,0,0,0,0
8.3965,14,-43,320,1,0,0,0,0
8.40867,14,-43,320,1,0,0,0,0
8.4207,14,-43,320,1,0,0,0,0
8.43243,14,-43,321,1,0,0,0,0
8.44456,14,-43,321,1,0,0,0,0
8.45669,14,-43,321,1,0,0,0,0
8.46851,15,-43,321,1,0,0,0,0
8.48221,15,-43,320,1,0,0,0,0
8.49422,15,-43,319,1,0,0,0,0
8.50675,15,-42,318,1,0,0,0,0
8.5187,16,-42,319,1,0,0,0,0
8.53184,16,-42,319,1,0,0,0,0
8.54405,17,-42,320,1,0,0,0,0
8.55626,17,-42,318,1,0,0,0,0
8.57046,17,-42,319,1,0,0,0,0
8.58396,18,-42,319,1,0,0,0,0
8.59684,18,-42,321,1,0,0,0,0
8.60893,19,-42,320,1,0,0,0,0
8.62075,19,-42,320,1,0,0,0,0
8.63252,19,-42,320,1,0,0,0,0
8.64464,20,-42,320,1,0,0,0,0
8.65684,20,-42,320,1,0,0,0,0
8.6684,20,-43,320,1,0,0,0,0
8.68032,21,-43,319,1,0,0,0,0
8.69388,21,-44,320,1,0,0,0,0
8.70848,21,-44,320,1,0,0,0,0
8.72037,22,-45,320,1,0,0,0,0
8.73185,22,-45,320,1,0,0,0,0
8.74392,23,-46,319,1,0,0,0,0
8.756,23,-46,319,1,0,0,0,0
8.76762,23,-47,320,1,0,0,0,0
8.77966,23,-47,320,1,0,0,0,0
8.79158,24,-48,320,1,0,0,0,0
8.804,24,-49,321,1,0,0,0,0
8.81585,24,-49,321,1,0,0,0,0
8.82779,24,-50,322,1,0,0,0,0
8.84009,24,-50,322,1,0,0,0,0
8.85196,24,-50,322,1,0,0,0,0
8.86372,24,-50,322,1,0,0,0,0
8.87585,24,-50,322,1,0,0,0,0
8.88775,24,-50,322,1,0,0,0,0
8.8994,24,-49,321,1,0,0,0,0
8.91131,24,-49,321,1,0,0,0,0
8.92335,24,-49,321,1,0,0,0,0
8.93546,24,-48,321,1,0,0,0,0
8.94737,24,-48,321,1,0,0,0,0
8.95924,24,-48,321,1,0,0,0,0
8.97127,23,-47,320,1,0,0,0,0
8.98311,23,-47,319,1,0,0,0,0
8.99494,23,-46,319,1,0,0,0,0
9.00974,23,-46,319,1,0,0,0,0
9.02196,23,-46,319,1,0,0,0,0
9.03424,23,-46,320,1,0,0,0,0
9.04624,23,-46,321,1,0,0,0,0
9.05805,23,-46,321,1,0,0,0,0
9.07008,23,-46,321,1,0,0,0,0
9.08189,23,-46,322,1,0,0,0,0
9.09398,23,-47,321,1,0,0,0,0
9.10622,23,-47,322,1,0,0,0,0
9.11806,24,-47,322,1,0,0,0,0
9.12986,24,-48,322,1,0,0,0,0
9.14195,24,-48,322,1,0,0,0,0
9.15387,24,-48,323,1,0,0,0,0
9.1656,24,-49,322,1,0,0,0,0
9.17766,24,-49,323,1,0,0,0,0
9.18981,24,-50,323,1,0,0,0,0
9.20155,24,-50,322,1,0,0,0,0
9.2138,24,-51,322,1,0,0,0,0
9.22585,24,-51,323,1,0,0,0,0
9.23795,24,-52,323,1,0,0,0,0
9.24983,24,-52,323,1,0,0,0,0
9.26178,24,-52,322,1,0,0,0,0
9.27404,24,-52,323,1,0,0,0,0
9.28597,24,-53,324,1,0,0,0,0
9.29787,24,-53,324,1,0,0,0,0
9.31005,24,-53,324,1,0,0,0,0
9.32207,24,-53,324,1,0,0,0,0
9.3342,24,-53,324,1,0,0,0,0
9.34633,24,-53,325,1,0,0,0,0
9.35874,24,-53,325,1,0,0,0,0
9.3709,24,-53,325,1,0,0,0,0
9.38289,24,-53,324,1,0,0,0,0
9.39487,24,-53,324,1,0,0,0,0
9.4072,24,-53,324,1,0,0,0,0
9.41911,24,-53,324,1,0,0,0,0
9.43107,25,-53,324,1,0,0,0,0
9.44367,25,-52,323,1,0,0,0,0
9.45664,25,-52,323,1,0,0,0,0
9.46918,25,-52,323,1,0,0,0,0
9.48119,25,-52,323,1,0,0,0,0
9.49308,25,-51,323,1,0,0,0,0
9.50557,25,-51,322,1,0,0,0,0
9.5184,25,-51,322,1,0,0,0,0
9.53203,25,-51,322,1,0,0,0,0
9.54675,25,-51,322,1,0,0,0,0
9.55891,25,-51,322,1,0,0,0,0
9.57103,25,-51,322,1,0,0,0,0
9.58295,25,-51,322,1,0,0,0,0
9.59481,25,-51,321,1,0,0,0,0
9.6073,24,-51,321,1,0,0,0,0
9.61911,24,-51,321,1,0,0,0,0
9.63243,24,-51,322,1,0,0,0,0
9.64573,24,-51,321,1,0,0,0,0
9.66004,24,-51,321,1,0,0,0,0
9.67264,24,-51,322,1,0,0,0,0
9.68503,24,-52,325,1,0,0,0,0
9.69733,24,-52,326,1,0,0,0,0
9.71316,23,-52,325,1,0,0,0,0
9.72557,23,-52,324,1,0,0,0,0
9.73803,23,-52,323,1,0,0,0,0
9.75007,23,-53,323,1,0,0,0,0
9.76211,23,-53,322,1,0,0,0,0
9.77557,23,-53,323,1,0,0,0,0
9.78749,23,-53,324,1,0,0,0,0
9.79945,23,-54,324,1,0,0,0,0
9.81227,23,-54,324,1,0,0,0,0
9.82453,23,-54,324,1,0,0,0,0
9.83673,23,-54,324,1,0,0,0,0
9.84881,23,-54,324,1,0,0,0,0
9.86087,24,-54,324,1,0,0,0,0
9.87341,24,-54,324,1,0,0,0,0
9.88572,24,-54,325,1,0,0,0,0
9.89795,24,-54,325,1,0,0,0,0
9.91046,24,-54,325,1,0,0,0,0
9.92359,24,-54,324,1,0,0,0,0
9.9356,23,-54,324,1,0,0,0,0
9.94854,23,-54,324,1,0,0,0,0
9.96083,23,-53,323,1,0,0,0,0
9.97159,23,-53,322,1,0,0,0,0
9.98564,23,-53,322,1,0,0,0,0
9.99772,23,-53,322,1,0,0,0,0
10.0098,23,-53,322,1,0,0,0,0
10.0228,23,-52,322,1,0,0,0,0
10.0346,23,-52,322,1,0,0,0,0
10.0464,23,-52,321,1,0,0,0,0
10.0587,23,-52,321,1,0,0,0,0
10.0708,23,-52,321,1,0,0,0,0
10.0827,23,-52,322,1,0,0,0,0
10.0948,23,-52,322,1,0,0,0,0
10.1069,23,-51,322,1,0,0,0,0
10.1191,23,-51,321,1,0,0,0,0
10.1309,-30,-8,319,1,0,0,0,0
10.1431,-74,27,314,1,0,0,0,0
10.1578,-111,58,312,1,0,0,0,0
10.1698,-142,83,310,1,0,0,0,0
10.1825,-167,104,308,1,0,0,0,0
10.1949,-187,120,306,1,0,0,0,0
10.2065,-203,133,305,0,0,0,0,0
10.2167,-203,133,305,0,0,0,0,0
10.2294,-203,133,305,0,0,0,0,0
10.2405,-203,133,305,0,0,0,0,0
10.2558,-203,133,305,1,0,0,0,0
10.2677,-218,150,298,1,0,0,0,0
10.279,-233,165,295,0,0,0,0,0
10.2901,-233,165,295,0,0,0,0,0
10.3009,-233,165,295,1,0,0,0,0
10.3118,-240,175,292,1,0,0,0,0
10.3231,-244,182,289,1,0,0,0,0
10.3344,-247,188,290,1,0,0,0,0
10.3459,-247,191,290,1,0,0,0,0
10.357,-245,192,291,1,0,0,0,0
10.3701,-241,190,290,1,0,0,0,0
10.3829,-236,188,289,1,0,0,0,0
10.3945,-229,185,288,1,0,0,0,0
10.4066,-225,183,291,1,0,0,0,0
10.4191,-220,180,292,1,0,0,0,0
10.4316,-213,176,291,1,0,0,0,0
10.4432,-208,172,291,1,0,0,0,0
10.4552,-202,169,291,1,0,0,0,0
10.4667,-198,166,293,1,0,0,0,0
10.4779,-194,164,295,0,0,0,0,0
10.4896,-194,164,295,0,0,0,0,0
10.5006,-194,164,295,0,0,0,0,0
10.5115,-194,164,295,1,0,0,0,0
10.5231,-188,160,297,1,0,0,0,0
10.5343,-181,157,298,0,0,0,0,0
10.5451,-181,157,298,0,0,0,0,0
10.5565,-181,157,298,0,0,0,0,0
10.5678,-181,157,298,0,0,0,0,0
10.5794,-181,157,298,0,0,0,0,0
10.591,-181,157,298,0,0,0,0,0
10.6021,-181,157,298,1,0,0,0,0
10.6136,-170,154,304,0,0,0,0,0
10.6258,-170,154,304,0,0,0,0,0
10.6372,-170,154,304,0,0,0,0,0
10.6488,-170,154,304,0,0,0,0,0
10.6604,-170,154,304,0,0,0,0,0
10.6716,-170,154,304,0,0,0,0,0
10.6825,-170,154,304,0,0,0,0,0
10.694,-170,154,304,0,0,0,0,0
10.7051,-170,154,304,0,0,0,0,0
10.7163,-170,154,304,0,0,0,0,0
10.7282,-170,154,304,0,0,0,0,0
10.74,-170,154,304,0,0,0,0,0
10.7512,-170,154,304,0,0,0,0,0
10.7626,-170,154,304,1,0,0,0,0
10.7742,-149,146,314,1,0,0,0,0
10.7861,-132,140,326,0,0,0,0,0
10.7976,-132,140,326,1,0,0,0,0
10.8095,-114,133,332,0,0,0,0,0
10.8213,-114,133,332,0,0,0,0,0
10.8327,-114,133,332,0,0,0,0,0
10.8439,-114,133,332,1,0,0,0,0
10.8559,-98,125,339,0,0,0,0,0
10.868,-98,125,339,0,0,0,0,0
10.8795,-98,125,339,0,0,0,0,0
10.8912,-98,125,339,0,0,0,0,0
10.9028,-98,125,339,1,0,0,0,0
10.9143,-79,116,345,0,0,0,0,0
10.9258,-79,116,345,0,0,0,0,0
10.9375,-79,116,345,0,0,0,0,0
10.9502,-79,116,345,0,0,0,0,0
10.9618,-79,116,345,1,0,0,0,0
10.9739,-59,107,349,0,0,0,0,0
10.9855,-59,107,349,1,0,0,0,0
10.9971,-41,99,352,0,0,0,0,0
11.0086,-41,99,352,1,0,0,0,0
11.0203,-24,90,352,1,0,0,0,0
11.0321,-9,84,354,0,0,0,0,0
11.044,-9,84,354,0,0,0,0,0
11.0591,-9,84,354,0,0,0,0,0
11.071,-9,84,354,0,0,0,0,0
11.0834,-9,84,354,0,0,0,0,0
11.095,-9,84,354,0,0,0,0,0
11.107,-9,84,354,0,0,0,0,0
11.1186,-9,84,354,0,0,0,0,0
11.1299,-9,84,354,0,0,0,0,0
11.1419,-9,84,354,1,0,0,0,0
11.1545,15,76,356,1,0,0,0,0
11.1726,35,70,357,1,0,0,0,0
11.1864,51,65,356,1,0,0,0,0
11.2003,64,60,357,1,0,0,0,0
11.2126,75,57,357,1,0,0,0,0
11.2258,82,55,358,1,0,0,0,0
11.2381,88,53,357,1,0,0,0,0
11.2518,92,52,358,1,0,0,0,0
11.2652,96,51,357,1,0,0,0,0
11.2779,98,51,358,1,0,0,0,0
11.2919,100,50,358,1,0,0,0,0
11.3049,100,50,357,1,0,0,0,0
11.3183,99,50,355,1,0,0,0,0
11.3315,98,50,355,1,0,0,0,0
11.3446,96,50,354,1,0,0,0,0
11.3583,93,51,353,1,0,0,0,0
11.3708,90,51,351,1,0,0,0,0
11.3847,86,52,351,1,0,0,0,0
11.3968,83,53,353,1,0,0,0,0
11.4089,79,54,355,0,0,0,0,0
11.4205,79,54,355,0,0,0,0,0
11.4377,79,54,355,0,0,0,0,0
11.4495,79,54,355,0,0,0,0,0
11.4615,79,54,355,1,0,0,0,0
11.4745,70,56,355,1,0,0,0,0
11.4867,61,58,357,1,0,0,0,0
11.4984,53,61,359,1,0,0,0,0
11.5106,45,62,359,0,0,0,0,0
11.5229,45,62,359,0,0,0,0,0
11.5392,45,62,359,0,0,0,0,0
11.5508,45,62,359,1,0,0,0,0
11.5628,35,64,358,0,0,0,0,0
11.5752,35,64,358,0,0,0,0,0
11.587,35,64,358,0,0,0,0,0
11.5988,35,64,358,0,0,0,0,0
11.6114,35,64,358,1,0,0,0,0
11.626,20,65,357,1,0,0,0,0
11.6391,7,66,357,1,0,0,0,0
11.6517,-2,66,356,1,0,0,0,0
11.6639,-12,67,357,1,0,0,0,0
11.6763,-20,67,355,1,0,0,0,0
11.6901,-26,67,357,1,0,0,0,0
11.7035,-32,67,356,1,0,0,0,0
11.7156,-37,67,358,0,0,0,0,0
11.7281,-37,67,358,1,0,0,0,0
11.7401,-42,66,354,1,0,0,0,0
11.7519,-47,65,355,1,0,0,0,0
11.7639,-52,64,355,1,0,0,0,0
11.7769,-55,63,355,1,0,0,0,0
11.7909,-58,63,355,1,0,0,0,0
11.804,-59,62,357,1,0,0,0,0
11.8167,-60,60,356,1,0,0,0,0
11.8319,-60,59,358,1,0,0,0,0
11.8451,-60,58,358,1,0,0,0,0
11.8597,-59,58,359,1,0,0,0,0
11.8733,-58,56,359,1,0,0,0,0
11.8859,-56,55,360,1,0,0,0,0
11.9057,-55,54,361,1,0,0,0,0
11.9183,-53,53,362,1,0,0,0,0
11.9309,-51,51,363,1,0,0,0,0
11.9438,-49,50,366,1,0,0,0,0
11.9569,-47,49,366,1,0,0,0,0
11.9697,-44,48,366,1,0,0,0,0
11.9824,-42,46,367,1,0,0,0,0
11.9951,-40,45,367,1,0,0,0,0
12.0122,-37,44,368,1,0,0,0,0
12.0261,-35,43,369,1,0,0,0,0
12.0404,-33,42,370,1,0,0,0,0
12.0532,-30,40,371,1,0,0,0,0
12.0655,-28,39,370,1,0,0,0,0
12.078,-25,38,373,1,0,0,0,0
12.0911,-22,36,375,1,0,0,0,0
12.1038,-19,35,378,1,0,0,0,0
12.1163,-16,33,377,1,0,0,0,0
12.1286,-14,31,376,1,0,0,0,0
12.1417,-11,29,376,1,0,0,0,0
12.1541,-8,27,376,1,0,0,0,0
12.1667,-5,25,383,1,0,0,0,0
12.1797,-2,23,382,1,0,0,0,0
12.1949,0,21,381,1,0,0,0,0
12.2082,1,19,379,1,0,0,0,0
12.2214,3,17,377,1,0,0,0,0
12.2345,4,15,375,1,0,0,0,0
12.2478,6,13,373,1,0,0,0,0
12.2611,7,12,373,1,0,0,0,0
12.2748,7,10,372,1,0,0,0,0
12.2909,8,9,372,1,0,0,0,0
12.3049,8,7,372,1,0,0,0,0
12.3183,8,6,373,1,0,0,0,0
12.3321,8,6,374,1,0,0,0,0
12.3456,8,5,374,1,0,0,0,0
12.3595,7,4,374,1,0,0,0,0
12.3753,7,3,375,1,0,0,0,0
12.3888,6,3,375,1,0,0,0,0
12.4045,5,3,373,1,0,0,0,0
12.4205,5,2,373,1,0,0,0,0
12.4338,4,2,375,1,0,0,0,0
12.4477,3,2,375,1,0,0,0,0
12.4611,3,2,373,1,0,0,0,0
12.475,2,2,373,1,0,0,0,0
12.4884,2,2,373,1,0,0,0,0
12.5018,2,2,373,1,0,0,0,0
12.5154,2,1,373,1,0,0,0,0
12.5289,1,1,374,1,0,0,0,0
12.5428,1,1,373,1,0,0,0,0
12.5565,1,1,373,1,0,0,0,0
12.57,1,1,373,1,0,0,0,0
12.5833,0,1,373,1,0,0,0,0
12.5966,0,0,373,1,0,0,0,0
12.6104,0,0,373,1,0,0,0,0
12.6238,0,0,375,1,0,0,0,0
12.6372,-1,0,375,1,0,0,0,0
12.6504,-1,-1,376,1,0,0,0,0
12.6635,-2,-2,376,1,0,0,0,0
12.677,-2,-3,376,1,0,0,0,0
12.6902,-3,-4,377,1,0,0,0,0
12.7037,-4,-5,378,1,0,0,0,0
12.7169,-5,-6,379,1,0,0,0,0
12.7301,-6,-7,379,1,0,0,0,0
12.7439,-6,-8,376,1,0,0,0,0
12.7577,-7,-9,377,1,0,0,0,0
12.7713,-7,-9,377,1,0,0,0,0
12.7848,-8,-10,376,1,0,0,0,0
12.7979,-9,-10,374,1,0,0,0,0
12.8115,-9,-11,374,1,0,0,0,0
12.8254,-9,-11,374,1,0,0,0,0
12.8408,-9,-11,374,1,0,0,0,0
12.8545,-9,-11,374,1,0,0,0,0
12.8682,-10,-12,374,1,0,0,0,0
12.8817,-10,-12,375,1,0,0,0,0
12.8964,-10,-12,373,1,0,0,0,0
12.9103,-10,-12,374,1,0,0,0,0
12.925,-9,-13,374,1,0,0,0,0
12.9386,-9,-13,375,1,0,0,0,0
12.9522,-9,-13,375,1,0,0,0,0
12.9657,-9,-14,375,1,0,0,0,0
12.9795,-9,-14,376,1,0,0,0,0
12.993,-9,-14,376,1,0,0,0,0
13.007,-9,-15,377,1,0,0,0,0
13.0204,-9,-15,378,1,0,0,0,0
13.0335,-9,-15,378,1,0,0,0,0
13.0471,-9,-15,377,1,0,0,0,0
13.0605,-9,-15,377,1,0,0,0,0
13.0772,-9,-15,377,1,0,0,0,0
13.091,-9,-14,377,1,0,0,0,0
13.1046,-9,-14,376,1,0,0,0,0
13.1182,-9,-14,375,1,0,0,0,0
13.1317,-9,-13,376,1,0,0,0,0
13.1454,-9,-13,377,1,0,0,0,0
13.159,-10,-13,377,1,0,0,0,0
13.1726,-10,-13,377,1,0,0,0,0
13.1859,-10,-12,378,1,0,0,0,0
13.1991,-10,-12,378,1,0,0,0,0
13.2128,-10,-12,377,1,0,0,0,0
13.2262,-10,-12,376,1,0,0,0,0
13.2402,-10,-13,377,1,0,0,0,0
13.2538,-10,-13,378,1,0,0,0,0
13.2694,-10,-13,378,1,0,0,0,0
13.2834,-11,-14,377,1,0,0,0,0
13.2966,-11,-14,376,1,0,0,0,0
13.3102,-11,-15,376,1,0,0,0,0
13.3242,-11,-16,377,1,0,0,0,0
13.3379,-11,-17,378,1,0,0,0,0
13.3516,-12,-17,378,1,0,0,0,0
13.3649,-12,-18,379,1,0,0,0,0
13.3785,-12,-18,379,1,0,0,0,0
13.3924,-12,-19,379,1,0,0,0,0
13.4061,-12,-20,379,1,0,0,0,0
13.4196,-12,-20,379,1,0,0,0,0
13.4331,-13,-20,378,1,0,0,0,0
13.4466,-13,-21,378,1,0,0,0,0
13.4599,-13,-21,378,1,0,0,0,0
13.4747,-13,-22,379,1,0,0,0,0
13.488,-13,-22,379,1,0,0,0,0
13.5015,-13,-22,378,1,0,0,0,0
13.5152,-13,-23,377,1,0,0,0,0
13.5285,-14,-23,378,1,0,0,0,0
13.5427,-14,-23,377,1,0,0,0,0
13.5564,-14,-23,377,1,0,0,0,0
13.5702,-14,-23,378,1,0,0,0,0
13.5837,-14,-23,378,1,0,0,0,0
13.5968,-14,-23,378,1,0,0,0,0
13.6104,-14,-23,379,1,0,0,0,0
13.6246,-14,-23,379,1,0,0,0,0
13.6384,-14,-23,379,1,0,0,0,0
13.6519,-14,-23,378,1,0,0,0,0
13.6654,-14,-23,377,1,0,0,0,0
13.6801,-15,-23,378,1,0,0,0,0
13.6937,-15,-23,379,1,0,0,0,0
13.7075,-15,-23,379,1,0,0,0,0
13.721,-15,-22,380,1,0,0,0,0
13.7357,-15,-22,380,1,0,0,0,0
13.7489,-15,-22,380,1,0,0,0,0
13.7627,-16,-22,379,1,0,0,0,0
13.7766,-16,-22,379,1,0,0,0,0
13.7905,-16,-22,378,1,0,0,0,0
13.8046,-16,-22,379,1,0,0,0,0
13.8182,-16,-22,380,1,0,0,0,0
13.8315,-16,-21,380,1,0,0,0,0
13.8456,-16,-21,380,1,0,0,0,0
13.8604,-16,-21,381,1,0,0,0,0
13.8771,-17,-21,380,1,0,0,0,0
13.8907,-17,-21,379,1,0,0,0,0
13.9043,-17,-21,380,1,0,0,0,0
13.9179,-17,-21,380,1,0,0,0,0
13.9317,-17,-21,380,1,0,0,0,0
13.9456,-17,-21,380,1,0,0,0,0
13.9594,-17,-21,381,1,0,0,0,0
13.974,-16,-21,381,1,0,0,0,0
13.9878,-16,-21,383,1,0,0,0,0
14.0016,-16,-21,382,1,0,0,0,0
14.0153,-16,-20,382,1,0,0,0,0
14.0288,-17,-20,383,1,0,0,0,0
14.0428,-17,-20,384,1,0,0,0,0
14.0566,-17,-20,384,1,0,0,0,0
14.0703,-17,-20,383,1,0,0,0,0
14.0853,-17,-20,384,1,0,0,0,0
14.0988,-17,-20,383,1,0,0,0,0
14.1125,-17,-20,383,1,0,0,0,0
14.1262,-17,-20,382,1,0,0,0,0
14.1416,-16,-20,383,1,0,0,0,0
14.1552,-16,-20,382,1,0,0,0,0
14.1703,-16,-20,383,1,0,0,0,0
14.1836,-16,-20,381,1,0,0,0,0
14.1969,-16,-20,384,1,0,0,0,0
14.2108,-16,-20,382,1,0,0,0,0
14.2259,-15,-19,381,1,0,0,0,0
14.2432,-15,-19,381,1,0,0,0,0
14.2588,-15,-19,381,1,0,0,0,0
14.2726,-15,-19,380,1,0,0,0,0
14.2861,-15,-18,381,1,0,0,0,0
14.2995,-15,-18,382,1,0,0,0,0
14.3157,-15,-18,382,1,0,0,0,0
14.3293,-15,-18,382,1,0,0,0,0
14.3431,-14,-17,381,1,0,0,0,0
14.3571,-15,-17,381,1,0,0,0,0
14.3709,-15,-17,381,1,0,0,0,0
14.3853,-15,-17,379,1,0,0,0,0
14.4006,-15,-17,379,1,0,0,0,0
14.415,-15,-17,378,1,0,0,0,0
14.4288,-15,-17,378,1,0,0,0,0
14.4426,-15,-17,378,1,0,0,0,0
14.4567,-15,-17,378,1,0,0,0,0
14.4738,-15,-17,379,1,0,0,0,0
14.4927,-15,-17,379,1,0,0,0,0
14.5069,-15,-17,379,1,0,0,0,0
14.5209,-15,-17,380,1,0,0,0,0
14.5344,-15,-17,380,1,0,0,0,0
14.5508,-15,-17,380,1,0,0,0,0
14.5692,-15,-17,379,1,0,0,0,0
14.5839,-15,-16,379,1,0,0,0,0
14.5971,-14,-16,377,1,0,0,0,0
14.6108,-14,-16,378,1,0,0,0,0
14.6245,-14,-16,378,1,0,0,0,0
14.6385,-14,-16,378,1,0,0,0,0
14.6523,-14,-16,378,1,0,0,0,0
14.6659,-14,-15,377,1,0,0,0,0
14.6862,-14,-15,378,1,0,0,0,0
14.7,-14,-15,380,1,0,0,0,0
14.7136,-14,-15,381,1,0,0,0,0
14.7272,-14,-15,381,1,0,0,0,0
14.7417,-14,-15,379,1,0,0,0,0
14.7554,-14,-15,379,1,0,0,0,0
14.7688,-14,-15,379,1,0,0,0,0
14.7824,-14,-15,380,1,0,0,0,0
14.7957,-14,-14,380,1,0,0,0,0
14.8091,-14,-14,380,1,0,0,0,0
14.8237,-14,-14,379,1,0,0,0,0
14.8373,-14,-14,380,1,0,0,0,0
14.8541,-14,-14,380,1,0,0,0,0
14.8713,-14,-14,379,1,0,0,0,0
14.8844,-14,-14,379,1,0,0,0,0
14.898,-14,-13,379,1,0,0,0,0
14.9115,-14,-13,380,1,0,0,0,0
14.9262,-14,-13,380,1,1,0,0,0
