timestamp,errXmm,errYmm,errZmm,MarkerPresent,Touched,Heading3,Heading4,Heading5
0.00245077,21,-52,360,0,0,0,0,0
0.0158008,21,-52,360,0,0,0,0,0
0.0292479,21,-52,360,0,0,0,0,0
0.0424354,21,-52,360,1,0,0,0,0
0.0556309,21,-52,360,0,0,0,0,0
0.0693107,21,-52,360,0,0,0,0,0
0.0827437,21,-52,360,0,0,0,0,0
0.0964303,21,-52,360,0,0,0,0,0
0.109781,21,-52,360,1,0,0,0,0
0.122905,24,-59,357,1,0,0,0,0
0.136399,27,-66,354,1,0,0,0,0
0.149648,30,-72,353,1,0,0,0,0
0.163117,33,-77,350,1,0,0,0,0
0.176391,34,-81,350,1,0,0,0,0
0.189646,36,-85,349,1,0,0,0,0
0.203125,36,-87,347,1,0,0,0,0
0.216435,37,-89,347,1,0,0,0,0
0.229643,37,-90,347,1,0,0,0,0
0.242868,36,-90,347,1,0,0,0,0
0.256077,36,-91,347,1,0,0,0,0
0.269717,35,-90,346,1,0,0,0,0
0.283007,34,-90,346,1,0,0,0,0
0.296418,33,-89,345,1,0,0,0,0
0.309622,32,-89,345,1,0,0,0,0
0.322941,31,-88,346,1,0,0,0,0
0.336325,30,-88,346,1,0,0,0,0
0.349396,29,-87,346,1,0,0,0,0
0.362931,28,-86,345,1,0,0,0,0
0.376153,27,-86,346,1,0,0,0,0
0.389169,26,-86,347,1,0,0,0,0
0.402347,25,-86,348,1,0,0,0,0
0.415079,23,-86,350,1,0,0,0,0
0.427996,21,-85,349,1,0,0,0,0
0.440736,19,-84,350,1,0,0,0,0
0.453206,16,-84,351,1,0,0,0,0
0.465973,14,-83,352,1,0,0,0,0
0.478382,11,-83,352,1,0,0,0,0
0.490885,8,-82,352,1,0,0,0,0
0.5036,5,-81,353,1,0,0,0,0
0.516335,1,-80,353,1,0,0,0,0
0.529065,-1,-79,353,1,0,0,0,0
0.541405,-4,-78,355,1,0,0,0,0
0.553329,-8,-77,355,1,0,0,0,0
0.565431,-11,-76,354,0,0,0,0,0
0.577154,-11,-76,354,1,0,0,0,0
0.589144,-16,-75,355,0,0,0,0,0
0.60112,-16,-75,355,0,0,0,0,0
0.612662,-16,-75,355,1,0,0,0,0
0.624352,-22,-73,355,1,0,0,0,0
0.636535,-29,-71,355,0,0,0,0,0
0.648486,-29,-71,355,1,0,0,0,0
0.660563,-35,-69,355,1,0,0,0,0
0.672509,-41,-67,354,0,0,0,0,0
0.684278,-41,-67,354,1,0,0,0,0
0.696387,-47,-65,355,1,0,0,0,0
0.708097,-52,-63,354,1,0,0,0,0
0.719615,-57,-60,353,1,0,0,0,0
0.731661,-62,-58,352,1,0,0,0,0
0.743753,-66,-56,352,1,0,0,0,0
0.756262,-69,-55,351,1,0,0,0,0
0.768795,-72,-53,351,1,0,0,0,0
0.781611,-74,-51,350,1,0,0,0,0
0.794126,-76,-50,348,1,0,0,0,0
0.806816,-78,-49,347,1,0,0,0,0
0.819668,-80,-48,347,1,0,0,0,0
0.832652,-81,-47,345,1,0,0,0,0
0.845778,-83,-47,351,1,0,0,0,0
0.858814,-83,-46,350,1,0,0,0,0
0.871532,-84,-46,348,1,0,0,0,0
0.884311,-84,-45,348,1,0,0,0,0
0.897073,-84,-45,347,1,0,0,0,0
0.909904,-84,-45,348,1,0,0,0,0
0.922573,-84,-45,347,1,0,0,0,0
0.935591,-84,-44,346,1,0,0,0,0
0.948514,-83,-43,344,1,0,0,0,0
0.961678,-83,-43,343,1,0,0,0,0
0.975985,-82,-42,342,1,0,0,0,0
0.988815,-82,-42,343,1,0,0,0,0
1.00195,-81,-42,343,1,0,0,0,0
1.01502,-81,-41,342,1,0,0,0,0
1.02803,-80,-41,342,1,0,0,0,0
1.04113,-80,-40,342,1,0,0,0,0
1.05407,-79,-40,342,1,0,0,0,0
1.06712,-78,-40,342,1,0,0,0,0
1.08001,-77,-40,342,1,0,0,0,0
1.09282,-77,-40,342,1,0,0,0,0
1.10547,-76,-41,342,1,0,0,0,0
1.11828,-75,-41,342,1,0,0,0,0
1.13144,-74,-41,343,1,0,0,0,0
1.14449,-73,-41,343,1,0,0,0,0
1.1575,-72,-42,344,1,0,0,0,0
1.17085,-72,-42,344,1,0,0,0,0
1.18398,-71,-42,343,1,0,0,0,0
1.19738,-70,-43,344,1,0,0,0,0
1.21034,-69,-43,344,1,0,0,0,0
1.22349,-68,-43,343,1,0,0,0,0
1.23632,-67,-44,344,1,0,0,0,0
1.24933,-67,-44,344,1,0,0,0,0
1.26236,-66,-44,344,1,0,0,0,0
1.27519,-65,-45,346,1,0,0,0,0
1.28825,-64,-45,346,1,0,0,0,0
1.30115,-63,-45,344,1,0,0,0,0
1.3143,-63,-45,344,1,0,0,0,0
1.3272,-62,-45,344,1,0,0,0,0
1.3402,-61,-45,343,1,0,0,0,0
1.35375,-60,-45,342,1,0,0,0,0
1.36675,-60,-45,342,1,0,0,0,0
1.38011,-60,-45,342,1,0,0,0,0
1.39311,-59,-45,343,1,0,0,0,0
1.4059,-59,-45,343,1,0,0,0,0
1.41766,-59,-45,343,1,0,0,0,0
1.43284,-59,-46,344,1,0,0,0,0
1.44618,-59,-46,344,1,0,0,0,0
1.45934,-59,-45,344,1,0,0,0,0
1.47239,-59,-45,345,1,0,0,0,0
1.48538,-59,-45,346,1,0,0,0,0
1.49882,-59,-45,345,1,0,0,0,0
1.51177,-59,-45,346,1,0,0,0,0
1.52493,-59,-45,345,1,0,0,0,0
1.5378,-59,-45,344,1,0,0,0,0
1.55066,-59,-45,344,1,0,0,0,0
1.5641,-58,-44,343,1,0,0,0,0
1.57715,-59,-44,343,1,0,0,0,0
1.59159,-50,-56,340,1,0,0,0,0
1.60454,-42,-67,337,1,0,0,0,0
1.61748,-36,-75,334,1,0,0,0,0
1.63093,-31,-82,333,1,0,0,0,0
1.64406,-26,-88,330,1,0,0,0,0
1.65945,-23,-93,331,1,0,0,0,0
1.67686,-20,-96,330,1,0,0,0,0
1.691,-18,-100,331,1,0,0,0,0
1.7035,-16,-101,329,1,0,0,0,0
1.71625,-14,-103,330,1,0,0,0,0
1.7301,-13,-105,331,1,0,0,0,0
1.74331,-12,-105,330,1,0,0,0,0
1.75602,-12,-105,329,1,0,0,0,0
1.76938,-11,-105,329,1,0,0,0,0
1.78251,-11,-104,329,1,0,0,0,0
1.79559,-11,-103,328,1,0,0,0,0
1.80854,-12,-102,328,1,0,0,0,0
1.8215,-12,-101,327,1,0,0,0,0
1.83483,-12,-101,328,1,0,0,0,0
1.84808,-13,-100,329,1,0,0,0,0
1.86181,-14,-99,330,1,0,0,0,0
1.8747,-14,-99,331,1,0,0,0,0
1.88814,-15,-98,331,1,0,0,0,0
1.90129,-16,-98,332,1,0,0,0,0
1.91438,-17,-97,332,1,0,0,0,0
1.92725,-17,-96,332,1,0,0,0,0
1.94004,-18,-96,332,1,0,0,0,0
1.95315,-19,-95,332,1,0,0,0,0
1.96635,-20,-95,332,1,0,0,0,0
1.97932,-20,-95,332,1,0,0,0,0
1.99236,-21,-94,332,1,0,0,0,0
2.0055,-21,-94,331,1,0,0,0,0
2.01855,-21,-93,331,1,0,0,0,0
2.03185,-21,-93,331,1,0,0,0,0
2.04484,-21,-93,331,1,0,0,0,0
2.05799,-21,-93,332,1,0,0,0,0
2.07104,-21,-92,331,1,0,0,0,0
2.08387,-20,-92,331,1,0,0,0,0
2.09719,-20,-92,332,1,0,0,0,0
2.11017,-19,-93,332,1,0,0,0,0
2.12303,-19,-93,332,1,0,0,0,0
2.13618,-18,-93,331,1,0,0,0,0
2.14912,-18,-93,331,1,0,0,0,0
2.16218,-17,-93,331,1,0,0,0,0
2.17513,-17,-93,331,1,0,0,0,0
2.18788,-16,-94,331,1,0,0,0,0
2.20109,-16,-94,333,1,0,0,0,0
2.2142,-16,-95,333,1,0,0,0,0
2.22815,-16,-95,333,1,0,0,0,0
2.24105,-15,-95,333,1,0,0,0,0
2.25404,-15,-95,332,1,0,0,0,0
2.26922,-15,-95,333,1,0,0,0,0
2.28234,-15,-95,333,1,0,0,0,0
2.2954,-15,-95,333,1,0,0,0,0
2.30823,-15,-95,333,1,0,0,0,0
2.32113,-15,-95,333,1,0,0,0,0
2.33433,-15,-95,333,1,0,0,0,0
2.34743,-15,-96,333,1,0,0,0,0
2.36161,-15,-95,332,1,0,0,0,0
2.37465,-15,-95,332,1,0,0,0,0
2.3873,-14,-95,331,1,0,0,0,0
2.40061,-14,-95,332,1,0,0,0,0
2.41432,-14,-95,332,1,0,0,0,0
2.42965,-14,-95,331,1,0,0,0,0
2.4459,-14,-95,331,1,0,0,0,0
2.4606,-14,-95,331,1,0,0,0,0
2.47454,-13,-95,331,1,0,0,0,0
2.48756,-13,-95,331,1,0,0,0,0
2.50157,-13,-95,332,1,0,0,0,0
2.51517,-13,-95,332,1,0,0,0,0
2.52839,-13,-95,332,1,0,0,0,0
2.54146,-12,-95,332,1,0,0,0,0
2.55492,-12,-95,333,1,0,0,0,0
2.5683,-12,-95,332,1,0,0,0,0
2.58173,-12,-95,331,1,0,0,0,0
2.59514,-12,-95,331,1,0,0,0,0
2.60818,-11,-95,330,1,0,0,0,0
2.62112,-11,-95,331,1,0,0,0,0
2.6344,-11,-95,330,1,0,0,0,0
2.64758,-11,-95,332,1,0,0,0,0
2.66061,-11,-95,332,1,0,0,0,0
2.67349,-11,-95,332,1,0,0,0,0
2.68642,-11,-95,332,1,0,0,0,0
2.69969,-11,-95,332,1,0,0,0,0
2.71274,-10,-95,333,1,0,0,0,0
2.72582,-10,-95,333,1,0,0,0,0
2.73877,-10,-95,333,1,0,0,0,0
2.75155,-10,-95,333,1,0,0,0,0
2.76481,-10,-94,331,1,0,0,0,0
2.77777,-10,-94,331,1,0,0,0,0
2.79155,-10,-94,330,1,0,0,0,0
2.80469,-10,-94,331,1,0,0,0,0
2.81849,-10,-94,331,1,0,0,0,0
2.83198,-10,-94,332,1,0,0,0,0
2.84699,-10,-93,331,1,0,0,0,0
2.8607,-10,-93,331,1,0,0,0,0
2.87373,-10,-94,332,1,0,0,0,0
2.88663,-10,-94,331,1,0,0,0,0
2.89984,-10,-93,331,1,0,0,0,0
2.91298,-10,-93,331,1,0,0,0,0
2.92603,-10,-93,331,1,0,0,0,0
2.93907,-10,-93,331,1,0,0,0,0
2.95215,-10,-93,330,1,0,0,0,0
2.96561,-9,-93,331,1,0,0,0,0
2.97847,-9,-93,331,1,0,0,0,0
2.99154,-9,-94,331,1,0,0,0,0
3.00438,-9,-94,332,1,0,0,0,0
3.0172,-9,-94,332,1,0,0,0,0
3.03101,-9,-94,333,1,0,0,0,0
3.04403,-8,-94,333,1,0,0,0,0
3.05932,-8,-94,332,1,0,0,0,0
3.07221,-8,-94,331,1,0,0,0,0
3.08512,-8,-94,331,1,0,0,0,0
3.10066,-8,-94,330,1,0,0,0,0
3.1156,-8,-93,330,1,0,0,0,0
3.1303,-8,-93,330,1,0,0,0,0
3.14337,-7,-93,330,1,0,0,0,0
3.15623,-8,-94,330,1,0,0,0,0
3.16956,-8,-93,330,1,0,0,0,0
3.18273,-8,-93,330,1,0,0,0,0
3.19637,-8,-93,330,1,0,0,0,0
3.20959,-8,-94,331,1,0,0,0,0
3.22263,-8,-94,331,1,0,0,0,0
3.23583,-8,-94,331,1,0,0,0,0
3.24896,-8,-94,331,1,0,0,0,0
3.26251,-8,-94,331,1,0,0,0,0
3.27533,-8,-94,332,1,0,0,0,0
3.28843,-8,-94,331,1,0,0,0,0
3.30163,-8,-94,332,1,0,0,0,0
3.31677,-8,-94,332,1,0,0,0,0
3.33044,-8,-94,333,1,0,0,0,0
3.34346,-7,-94,332,1,0,0,0,0
3.35628,-7,-94,332,1,0,0,0,0
3.36932,-7,-94,332,1,0,0,0,0
3.38228,-7,-94,332,1,0,0,0,0
3.39525,-7,-94,332,1,0,0,0,0
3.40828,-6,-95,332,1,0,0,0,0
3.42115,-6,-95,332,1,0,0,0,0
3.43459,-6,-95,331,1,0,0,0,0
3.44799,-6,-95,332,1,0,0,0,0
3.46134,-5,-95,331,1,0,0,0,0
3.47435,-5,-95,330,1,0,0,0,0
3.48751,-5,-95,330,1,0,0,0,0
3.50098,-5,-95,330,1,0,0,0,0
3.5144,-4,-95,330,1,0,0,0,0
3.52755,-4,-94,329,1,0,0,0,0
3.54052,-4,-94,329,1,0,0,0,0
3.55343,-4,-94,328,1,0,0,0,0
3.56689,-4,-94,328,1,0,0,0,0
3.58014,-3,-94,327,1,0,0,0,0
3.59327,-3,-94,327,1,0,0,0,0
3.60626,-3,-94,328,1,0,0,0,0
3.61917,-3,-94,328,1,0,0,0,0
3.63242,-3,-94,328,1,0,0,0,0
3.64541,-3,-94,328,1,0,0,0,0
3.65857,-3,-94,328,1,0,0,0,0
3.67137,-3,-95,329,1,0,0,0,0
3.6842,-3,-95,329,1,0,0,0,0
3.69756,-3,-95,329,1,0,0,0,0
3.71061,-3,-95,330,1,0,0,0,0
3.72463,-3,-95,331,1,0,0,0,0
3.73777,-3,-95,331,1,0,0,0,0
3.7508,-3,-95,331,1,0,0,0,0
3.76425,-3,-95,331,1,0,0,0,0
3.77741,-3,-95,331,1,0,0,0,0
3.79159,-3,-95,331,1,0,0,0,0
3.80497,-3,-95,332,1,0,0,0,0
3.81815,-3,-95,333,1,0,0,0,0
3.83157,-3,-95,332,1,0,0,0,0
3.84467,-3,-95,333,1,0,0,0,0
3.85792,-3,-95,333,1,0,0,0,0
3.87142,-3,-95,334,1,0,0,0,0
3.8843,-3,-95,334,1,0,0,0,0
3.89792,-3,-95,333,1,0,0,0,0
3.91139,-3,-95,333,1,0,0,0,0
3.92462,-3,-95,332,1,0,0,0,0
3.93758,-3,-95,331,1,0,0,0,0
3.95062,-3,-95,332,1,0,0,0,0
3.96406,-3,-95,333,1,0,0,0,0
3.97717,-3,-95,332,1,0,0,0,0
3.99123,-3,-95,331,1,0,0,0,0
4.00428,-3,-95,332,1,0,0,0,0
4.01725,-3,-95,332,1,0,0,0,0
4.03054,-3,-95,331,1,0,0,0,0
4.0436,-3,-95,331,1,0,0,0,0
4.05636,-3,-95,331,1,0,0,0,0
4.06962,-3,-95,331,1,0,0,0,0
4.08284,-3,-95,330,1,0,0,0,0
4.0964,-3,-95,330,1,0,0,0,0
4.10949,-3,-95,330,1,0,0,0,0
4.12245,-3,-95,330,1,0,0,0,0
4.13564,-3,-95,331,1,0,0,0,0
4.14923,-3,-96,332,1,0,0,0,0
4.16244,-3,-95,331,1,0,0,0,0
4.17539,-2,-95,331,1,0,0,0,0
4.18821,-2,-95,331,1,0,0,0,0
4.20137,-2,-95,331,1,0,0,0,0
4.21443,-2,-95,331,1,0,0,0,0
4.22858,-2,-95,330,1,0,0,0,0
4.24178,-2,-95,330,1,0,0,0,0
4.25475,-2,-95,330,1,0,0,0,0
4.26807,-2,-94,330,1,0,0,0,0
4.28123,-2,-94,329,1,0,0,0,0
4.29531,-2,-94,329,1,0,0,0,0
4.3083,-2,-94,329,1,0,0,0,0
4.32115,-2,-94,330,1,0,0,0,0
4.33446,-2,-94,331,1,0,0,0,0
4.34751,-2,-94,331,1,0,0,0,0
4.36125,-1,-95,332,1,0,0,0,0
4.37672,-1,-95,333,1,0,0,0,0
4.39002,-1,-95,333,1,0,0,0,0
4.40303,-1,-95,334,1,0,0,0,0
4.41634,-1,-95,334,1,0,0,0,0
4.43375,-1,-94,333,1,0,0,0,0
4.45102,-1,-94,332,1,0,0,0,0
4.46779,-1,-94,332,1,0,0,0,0
4.48223,-1,-94,333,1,0,0,0,0
4.49534,-1,-94,332,1,0,0,0,0
4.50918,0,-94,333,1,0,0,0,0
4.52224,0,-94,332,1,0,0,0,0
4.53511,0,-94,332,1,0,0,0,0
4.5485,0,-94,332,1,0,0,0,0
4.5615,0,-94,331,1,0,0,0,0
4.57558,0,-94,331,1,0,0,0,0
4.58856,0,-94,331,1,0,0,0,0
4.60162,0,-94,330,1,0,0,0,0
4.61675,0,-94,330,1,0,0,0,0
4.63174,0,-94,330,1,0,0,0,0
4.6449,0,-94,331,1,0,0,0,0
4.65802,0,-94,331,1,0,0,0,0
4.67094,0,-94,331,1,0,0,0,0
4.68448,0,-94,331,1,0,0,0,0
4.69806,0,-94,331,1,0,0,0,0
4.71143,0,-94,330,1,0,0,0,0
4.72444,0,-94,331,1,0,0,0,0
4.73738,0,-94,331,1,0,0,0,0
4.75092,0,-94,330,1,0,0,0,0
4.76412,0,-94,330,1,0,0,0,0
4.77832,-1,-94,330,1,0,0,0,0
4.79144,-1,-94,329,1,0,0,0,0
4.80439,-1,-94,330,1,0,0,0,0
4.81915,0,-94,331,1,0,0,0,0
4.83256,0,-94,331,1,0,0,0,0
4.84639,0,-95,332,1,0,0,0,0
4.86033,0,-95,331,1,0,0,0,0
4.87326,0,-95,332,1,0,0,0,0
4.88644,0,-95,331,1,0,0,0,0
4.89946,0,-95,332,1,0,0,0,0
4.91304,0,-95,332,1,0,0,0,0
4.92614,0,-95,332,1,0,0,0,0
4.93903,-1,-94,331,1,0,0,0,0
4.95231,-1,-94,330,1,0,0,0,0
4.96568,-1,-94,330,1,0,0,0,0
4.97902,-1,-94,330,1,0,0,0,0
4.99222,-1,-94,330,1,0,0,0,0
5.0051,-1,-94,330,1,0,0,0,0
5.01841,-1,-94,331,1,0,0,0,0
5.0317,-1,-94,331,1,0,0,0,0
5.04481,-1,-94,332,1,0,0,0,0
5.05788,-1,-94,331,1,0,0,0,0
5.07091,-1,-94,331,1,0,0,0,0
5.08465,-1,-94,332,1,0,0,0,0
5.09816,-1,-94,331,1,0,0,0,0
5.11123,-1,-94,331,1,0,0,0,0
5.1243,-1,-94,331,1,0,0,0,0
5.13913,-1,-94,330,1,0,0,0,0
5.15261,-1,-94,330,1,0,0,0,0
5.16578,-1,-94,330,1,0,0,0,0
5.17903,-1,-94,331,1,0,0,0,0
5.19229,-1,-94,332,1,0,0,0,0
5.20515,-1,-94,333,1,0,0,0,0
5.21841,-1,-94,332,1,0,0,0,0
5.23174,-1,-94,332,1,0,0,0,0
5.2452,-1,-94,331,1,0,0,0,0
5.25821,-1,-94,331,1,0,0,0,0
5.27104,-1,-94,331,1,0,0,0,0
5.2847,-1,-94,331,1,0,0,0,0
5.29815,-1,-94,331,1,0,0,0,0
5.31167,-1,-93,330,1,0,0,0,0
5.32468,-1,-93,330,1,0,0,0,0
5.33857,-1,-93,330,1,0,0,0,0
5.35185,-1,-93,330,1,0,0,0,0
5.36517,-1,-93,331,1,0,0,0,0
5.37846,-1,-93,332,1,0,0,0,0
5.39153,-1,-93,332,1,0,0,0,0
5.40438,-1,-93,332,1,0,0,0,0
5.41854,-1,-94,333,1,0,0,0,0
5.43203,-1,-94,333,1,0,0,0,0
5.44543,-1,-94,333,1,0,0,0,0
5.45864,-1,-94,332,1,0,0,0,0
5.47156,-1,-94,331,1,0,0,0,0
5.48494,-1,-94,331,1,0,0,0,0
5.49815,-1,-94,332,1,0,0,0,0
5.51141,-1,-94,332,1,0,0,0,0
5.52442,-1,-95,332,1,0,0,0,0
5.53764,-1,-95,332,1,0,0,0,0
5.55385,-1,-95,332,1,0,0,0,0
5.56718,-1,-95,332,1,0,0,0,0
5.58087,-1,-95,331,1,0,0,0,0
5.59445,-1,-95,331,1,0,0,0,0
5.60721,-2,-96,330,1,0,0,0,0
5.62049,-2,-96,330,1,0,0,0,0
5.63355,-2,-96,330,1,0,0,0,0
5.64688,-2,-96,330,1,0,0,0,0
5.66008,-2,-96,330,1,0,0,0,0
5.6741,-2,-97,330,1,0,0,0,0
5.68795,-2,-97,330,1,0,0,0,0
5.7014,-2,-98,331,1,0,0,0,0
5.71648,-3,-98,331,1,0,0,0,0
5.72979,-3,-98,330,1,0,0,0,0
5.74419,-3,-99,332,1,0,0,0,0
5.75754,-3,-99,331,1,0,0,0,0
5.77039,-2,-99,332,1,0,0,0,0
5.78371,-2,-99,332,1,0,0,0,0
5.79717,-2,-99,332,1,0,0,0,0
5.8104,-2,-99,332,1,0,0,0,0
5.82333,-1,-99,331,1,0,0,0,0
5.83624,-1,-99,332,1,0,0,0,0
5.84958,-1,-99,333,1,0,0,0,0
5.86303,-1,-98,332,1,0,0,0,0
5.87641,0,-98,332,1,0,0,0,0
5.88933,0,-97,331,1,0,0,0,0
5.90239,0,-97,331,1,0,0,0,0
5.91597,-1,-96,330,1,0,0,0,0
5.92915,-1,-96,330,1,0,0,0,0
5.94347,-1,-96,330,1,0,0,0,0
5.95677,-1,-96,330,1,0,0,0,0
5.96995,-2,-96,330,1,0,0,0,0
5.98839,-2,-96,330,1,0,0,0,0
6.00122,-2,-96,330,1,0,0,0,0
6.01667,-3,-96,330,1,0,0,0,0
6.03022,-3,-97,331,1,0,0,0,0
6.04336,-4,-97,331,1,0,0,0,0
6.0567,-5,-98,333,1,0,0,0,0
6.06961,-5,-98,332,1,0,0,0,0
6.08326,-6,-99,333,1,0,0,0,0
6.09624,-7,-99,333,1,0,0,0,0
6.10925,-7,-100,334,1,0,0,0,0
6.12211,-8,-100,334,1,0,0,0,0
6.13669,-8,-100,333,1,0,0,0,0
6.15006,-8,-100,332,1,0,0,0,0
6.16415,-9,-101,332,1,0,0,0,0
6.17835,-9,-101,333,1,0,0,0,0
6.19115,-9,-101,333,1,0,0,0,0
6.20386,-9,-102,334,1,0,0,0,0
6.21741,-9,-102,334,1,0,0,0,0
6.22958,-9,-101,333,1,0,0,0,0
6.24285,-9,-101,333,1,0,0,0,0
6.25595,-8,-101,333,1,0,0,0,0
6.26891,-8,-100,332,1,0,0,0,0
6.28228,-8,-100,332,1,0,0,0,0
6.29548,-8,-100,332,1,0,0,0,0
6.31063,-8,-100,331,1,0,0,0,0
6.32639,-8,-99,331,1,0,0,0,0
6.33912,-7,-99,331,1,0,0,0,0
6.35295,-7,-99,331,1,0,0,0,0
6.36609,-7,-99,330,1,0,0,0,0
6.37937,-7,-99,331,1,0,0,0,0
6.3922,-7,-99,332,1,0,0,0,0
6.40492,-7,-99,332,1,0,0,0,0
6.41801,-7,-98,332,1,0,0,0,0
6.43113,-7,-98,331,1,0,0,0,0
6.4442,-7,-97,331,1,0,0,0,0
6.45709,-7,-97,330,1,0,0,0,0
6.46982,-7,-97,331,1,0,0,0,0
6.48151,-7,-96,330,1,0,0,0,0
6.49452,-7,-96,331,1,0,0,0,0
6.50735,-7,-96,330,1,0,0,0,0
6.52014,-7,-96,331,1,0,0,0,0
6.53331,-7,-96,332,1,0,0,0,0
6.54638,-6,-96,331,1,0,0,0,0
6.55913,-6,-96,332,1,0,0,0,0
6.57211,-6,-96,332,1,0,0,0,0
6.58515,-6,-96,333,1,0,0,0,0
6.59843,-5,-96,331,1,0,0,0,0
6.61148,-5,-96,330,1,0,0,0,0
6.62422,-5,-96,331,1,0,0,0,0
6.63943,-5,-97,331,1,0,0,0,0
6.6525,-5,-97,332,1,0,0,0,0
6.66636,-4,-98,331,1,0,0,0,0
6.67966,-4,-98,331,1,0,0,0,0
6.69645,-4,-99,332,1,0,0,0,0
6.71014,-4,-99,332,1,0,0,0,0
6.72286,-4,-99,332,1,0,0,0,0
6.73653,-4,-100,332,1,0,0,0,0
6.7495,-4,-99,331,1,0,0,0,0
6.76296,-4,-99,331,1,0,0,0,0
6.77592,-5,-99,332,1,0,0,0,0
6.78876,-5,-99,331,1,0,0,0,0
6.80212,-5,-99,332,1,0,0,0,0
6.81548,-5,-99,333,1,0,0,0,0
6.82946,-5,-99,332,1,0,0,0,0
6.84285,-5,-99,333,1,0,0,0,0
6.85554,-5,-98,333,1,0,0,0,0
6.86887,-5,-98,333,1,0,0,0,0
6.88222,-5,-98,333,1,0,0,0,0
6.89642,-5,-98,332,1,0,0,0,0
6.90965,-5,-98,332,1,0,0,0,0
6.9224,-5,-98,332,1,0,0,0,0
6.93556,-5,-98,332,1,0,0,0,0
6.94881,-5,-99,333,1,0,0,0,0
6.9622,-5,-99,334,1,0,0,0,0
6.97519,-5,-99,333,1,0,0,0,0
6.98807,-5,-99,332,1,0,0,0,0
7.00117,-5,-100,333,1,0,0,0,0
7.01521,-5,-100,333,1,0,0,0,0
7.03705,-4,-101,334,1,0,0,0,0
7.05013,-4,-101,334,1,0,0,0,0
7.06382,-4,-102,334,1,0,0,0,0
7.0767,-4,-102,334,1,0,0,0,0
7.08925,-4,-103,335,1,0,0,0,0
7.10224,-5,-103,334,1,0,0,0,0
7.11514,-5,-104,334,1,0,0,0,0
7.12813,-5,-105,334,1,0,0,0,0
7.14132,-6,-107,338,1,0,0,0,0
7.1542,-6,-107,337,1,0,0,0,0
7.16753,-7,-108,336,1,0,0,0,0
7.18083,-7,-108,335,1,0,0,0,0
7.19393,-7,-108,335,1,0,0,0,0
7.2072,-8,-110,338,1,0,0,0,0
7.22036,-8,-110,338,1,0,0,0,0
7.23381,-9,-111,341,1,0,0,0,0
7.24713,-9,-112,341,1,0,0,0,0
7.2602,-9,-111,340,1,0,0,0,0
7.27342,-9,-111,339,1,0,0,0,0
7.28655,-10,-112,342,1,0,0,0,0
7.29972,-10,-111,340,1,0,0,0,0
7.3129,-10,-110,339,1,0,0,0,0
7.32586,-10,-109,337,1,0,0,0,0
7.33873,-10,-108,336,1,0,0,0,0
7.35144,-10,-107,334,1,0,0,0,0
7.36463,-10,-106,334,1,0,0,0,0
7.37743,-10,-106,334,1,0,0,0,0
7.39144,-10,-106,337,1,0,0,0,0
7.4043,-10,-105,336,1,0,0,0,0
7.41708,-10,-104,335,1,0,0,0,0
7.43044,-10,-103,333,1,0,0,0,0
7.44356,-10,-102,332,1,0,0,0,0
7.45655,-10,-101,332,1,0,0,0,0
7.46985,-10,-100,331,1,0,0,0,0
7.48322,-9,-99,331,1,0,0,0,0
7.49679,-9,-99,330,1,0,0,0,0
7.51118,-9,-98,330,1,0,0,0,0
7.52494,-9,-98,331,1,0,0,0,0
7.54071,-9,-98,331,1,0,0,0,0
7.55449,-9,-98,330,1,0,0,0,0
7.5686,-9,-97,328,1,0,0,0,0
7.58233,-9,-98,329,1,0,0,0,0
7.59556,-9,-98,330,1,0,0,0,0
7.60853,-10,-99,330,1,0,0,0,0
7.6214,-10,-99,331,1,0,0,0,0
7.63569,-10,-99,329,1,0,0,0,0
7.64901,-10,-99,328,1,0,0,0,0
7.66232,-10,-99,329,1,0,0,0,0
7.67522,-10,-99,330,1,0,0,0,0
7.68802,-10,-99,330,1,0,0,0,0
7.70148,-10,-100,331,1,0,0,0,0
7.71507,-10,-100,331,1,0,0,0,0
7.7284,-10,-100,331,1,0,0,0,0
7.74159,-10,-100,331,1,0,0,0,0
7.75445,-10,-100,332,1,0,0,0,0
7.76663,-10,-100,332,1,0,0,0,0
7.7821,-10,-100,333,1,0,0,0,0
7.79522,-10,-100,332,1,0,0,0,0
7.80837,-10,-100,332,1,0,0,0,0
7.8212,-10,-99,331,1,0,0,0,0
7.83412,-10,-99,331,1,0,0,0,0
7.84722,-10,-99,331,1,0,0,0,0
7.86013,-10,-99,332,1,0,0,0,0
7.87288,-10,-100,333,1,0,0,0,0
7.88599,-10,-100,333,1,0,0,0,0
7.89919,-10,-100,334,1,0,0,0,0
7.91265,-10,-100,334,1,0,0,0,0
7.92557,16,-60,333,1,0,0,0,0
7.93831,39,-26,332,1,0,0,0,0
7.95141,58,2,330,1,0,0,0,0
7.9645,74,26,330,1,0,0,0,0
7.97765,87,45,329,1,0,0,0,0
7.99083,98,60,330,1,0,0,0,0
8.003,105,73,329,0,0,0,0,0
8.01451,105,73,329,0,0,0,0,0
8.02468,105,73,329,0,0,0,0,0
8.03591,105,73,329,0,0,0,0,0
8.04655,105,73,329,0,0,0,0,0
8.057,105,73,329,0,0,0,0,0
8.0682,105,73,329,0,0,0,0,0
8.08158,105,73,329,0,0,0,0,0
8.09235,105,73,329,1,0,0,0,0
8.10358,123,81,327,1,0,0,0,0
8.11581,137,87,324,1,0,0,0,0
8.12895,147,92,321,1,0,0,0,0
8.14186,155,94,320,1,0,0,0,0
8.15421,160,96,320,1,0,0,0,0
8.16766,164,97,320,1,0,0,0,0
8.18048,166,97,320,1,0,0,0,0
8.19347,166,96,320,1,0,0,0,0
8.20616,165,94,320,1,0,0,0,0
8.21866,165,92,323,1,0,0,0,0
8.23033,163,89,325,1,0,0,0,0
8.24272,160,86,325,0,0,0,0,0
8.25408,160,86,325,0,0,0,0,0
8.26553,160,86,325,0,0,0,0,0
8.27717,160,86,325,0,0,0,0,0
8.28855,160,86,325,0,0,0,0,0
8.30016,160,86,325,1,0,0,0,0
8.31233,150,83,326,0,0,0,0,0
8.32388,150,83,326,1,0,0,0,0
8.3358,140,81,327,0,0,0,0,0
8.34723,140,81,327,0,0,0,0,0
8.35943,140,81,327,0,0,0,0,0
8.37113,140,81,327,0,0,0,0,0
8.38299,140,81,327,0,0,0,0,0
8.39586,140,81,327,1,0,0,0,0
8.40869,125,79,329,0,0,0,0,0
8.4206,125,79,329,1,0,0,0,0
8.43261,112,78,333,0,0,0,0,0
8.44423,112,78,333,0,0,0,0,0
8.45532,112,78,333,0,0,0,0,0
8.46684,112,78,333,0,0,0,0,0
8.47829,112,78,333,0,0,0,0,0
8.48932,112,78,333,0,0,0,0,0
8.50269,112,78,333,0,0,0,0,0
8.51394,112,78,333,0,0,0,0,0
8.52585,112,78,333,0,0,0,0,0
8.53695,112,78,333,0,0,0,0,0
8.54811,112,78,333,0,0,0,0,0
8.56061,112,78,333,0,0,0,0,0
8.5719,112,78,333,0,0,0,0,0
8.58304,112,78,333,0,0,0,0,0
8.59521,112,78,333,0,0,0,0,0
8.60785,112,78,333,0,0,0,0,0
8.61919,112,78,333,0,0,0,0,0
8.63069,112,78,333,0,0,0,0,0
8.64286,112,78,333,0,0,0,0,0
8.65421,112,78,333,0,0,0,0,0
8.66565,112,78,333,0,0,0,0,0
8.677,112,78,333,0,0,0,0,0
8.68911,112,78,333,0,0,0,0,0
8.70146,112,78,333,1,0,0,0,0
8.71493,68,77,337,0,0,0,0,0
8.72656,68,77,337,0,0,0,0,0
8.73761,68,77,337,0,0,0,0,0
8.74892,68,77,337,0,0,0,0,0
8.76007,68,77,337,0,0,0,0,0
8.77125,68,77,337,0,0,0,0,0
8.78242,68,77,337,0,0,0,0,0
8.79323,68,77,337,0,0,0,0,0
8.80363,68,77,337,0,0,0,0,0
8.8142,68,77,337,0,0,0,0,0
8.82521,68,77,337,0,0,0,0,0
8.8363,68,77,337,1,0,0,0,0
8.85019,9,72,339,1,0,0,0,0
8.86375,-39,67,340,0,0,0,0,0
8.87519,-39,67,340,0,0,0,0,0
8.88603,-39,67,340,0,0,0,0,0
8.89713,-39,67,340,0,0,0,0,0
8.90814,-39,67,340,0,0,0,0,0
8.9202,-39,67,340,0,0,0,0,0
8.93071,-39,67,340,0,0,0,0,0
8.9409,-39,67,340,0,0,0,0,0
8.95166,-39,67,340,0,0,0,0,0
8.96306,-39,67,340,0,0,0,0,0
8.9741,-39,67,340,0,0,0,0,0
8.98532,-39,67,340,1,0,0,0,0
8.99684,-98,58,342,1,0,0,0,0
9.00869,-144,49,341,1,0,0,0,0
9.02041,-182,40,340,1,0,0,0,0
9.03246,-212,33,341,0,0,0,0,0
9.04395,-212,33,341,1,0,0,0,0
9.0554,-236,25,343,1,0,0,0,0
9.06714,-253,19,345,0,0,0,0,0
9.08024,-253,19,345,1,0,0,0,0
9.09125,-265,12,348,0,0,0,0,0
9.10213,-265,12,348,1,0,0,0,0
9.11379,-270,6,349,0,0,0,0,0
9.1251,-270,6,349,0,0,0,0,0
9.13673,-270,6,349,0,0,0,0,0
9.14762,-270,6,349,0,0,0,0,0
9.15829,-270,6,349,0,0,0,0,0
9.16959,-270,6,349,0,0,0,0,0
9.18088,-270,6,349,0,0,0,0,0
9.19221,-270,6,349,0,0,0,0,0
9.20326,-270,6,349,0,0,0,0,0
9.21443,-270,6,349,0,0,0,0,0
9.22506,-270,6,349,0,0,0,0,0
9.2361,-270,6,349,0,0,0,0,0
9.24763,-270,6,349,0,0,0,0,0
9.25905,-270,6,349,0,0,0,0,0
9.27044,-270,6,349,0,0,0,0,0
9.28208,-270,6,349,0,0,0,0,0
9.29345,-270,6,349,0,0,0,0,0
9.30485,-270,6,349,0,0,0,0,0
9.31605,-270,6,349,0,0,0,0,0
9.3277,-270,6,349,0,0,0,0,0
9.33933,-270,6,349,0,0,0,0,0
9.35073,-270,6,349,0,0,0,0,0
9.36317,-270,6,349,0,0,0,0,0
9.3747,-270,6,349,0,0,0,0,0
9.38621,-270,6,349,0,0,0,0,0
9.39857,-270,6,349,0,0,0,0,0
9.41086,-270,6,349,0,0,0,0,0
9.42246,-270,6,349,0,0,0,0,0
9.43432,-270,6,349,0,0,0,0,0
9.44622,-270,6,349,0,0,0,0,0
9.45814,-270,6,349,0,0,0,0,0
9.46938,-270,6,349,0,0,0,0,0
9.48118,-270,6,349,0,0,0,0,0
9.49294,-270,6,349,0,0,0,0,0
9.5046,-270,6,349,1,0,0,0,0
9.5165,-229,7,353,0,0,0,0,0
9.52869,-229,7,353,0,0,0,0,0
9.5413,-229,7,353,1,0,0,0,0
9.55334,-189,11,357,0,0,0,0,0
9.56488,-189,11,357,0,0,0,0,0
9.57616,-189,11,357,1,0,0,0,0
9.58825,-151,16,360,1,0,0,0,0
9.6006,-117,20,359,0,0,0,0,0
9.61282,-117,20,359,1,0,0,0,0
9.62524,-86,25,359,0,0,0,0,0
9.63696,-86,25,359,1,0,0,0,0
9.64887,-58,30,359,1,0,0,0,0
9.66106,-34,35,357,0,0,0,0,0
9.6722,-34,35,357,1,0,0,0,0
9.68437,-13,39,356,0,0,0,0,0
9.69655,-13,39,356,1,0,0,0,0
9.70889,6,44,355,0,0,0,0,0
9.71996,6,44,355,1,0,0,0,0
9.73194,24,47,354,0,0,0,0,0
9.74257,24,47,354,0,0,0,0,0
9.75326,24,47,354,0,0,0,0,0
9.76444,24,47,354,0,0,0,0,0
9.77517,24,47,354,0,0,0,0,0
9.78603,24,47,354,1,0,0,0,0
9.79792,51,50,351,1,0,0,0,0
9.81005,73,52,350,1,0,0,0,0
9.82258,92,54,348,1,0,0,0,0
9.83462,105,55,344,1,0,0,0,0
9.84705,117,55,342,1,0,0,0,0
9.85949,126,56,341,1,0,0,0,0
9.87226,132,56,339,1,0,0,0,0
9.88454,137,56,339,1,0,0,0,0
9.89739,140,55,338,1,0,0,0,0
9.90982,142,55,336,1,0,0,0,0
9.92219,142,53,335,1,0,0,0,0
9.93524,143,53,338,1,0,0,0,0
9.94826,142,52,338,1,0,0,0,0
9.96013,141,51,340,1,0,0,0,0
9.97273,138,49,340,1,0,0,0,0
9.98505,134,48,341,1,0,0,0,0
9.9977,131,47,342,1,0,0,0,0
10.0123,127,46,344,1,0,0,0,0
10.0248,122,45,346,1,0,0,0,0
10.037,116,43,346,1,0,0,0,0
10.0492,112,43,349,1,0,0,0,0
10.0616,107,41,350,1,0,0,0,0
10.0735,102,40,352,1,0,0,0,0
10.0857,97,39,354,0,0,0,0,0
10.0979,97,39,354,1,0,0,0,0
10.1106,92,38,356,1,0,0,0,0
10.1223,87,36,357,1,0,0,0,0
10.1347,82,35,359,0,0,0,0,0
10.1466,82,35,359,0,0,0,0,0
10.1581,82,35,359,1,0,0,0,0
10.1705,75,33,361,0,0,0,0,0
10.1822,75,33,361,0,0,0,0,0
10.1944,75,33,361,0,0,0,0,0
10.2056,75,33,361,0,0,0,0,0
10.2171,75,33,361,0,0,0,0,0
10.2303,75,33,361,0,0,0,0,0
10.2417,75,33,361,0,0,0,0,0
10.2534,75,33,361,0,0,0,0,0
10.2652,75,33,361,1,0,0,0,0
10.2773,57,31,362,1,0,0,0,0
10.2898,42,30,361,1,0,0,0,0
10.3026,29,29,362,1,0,0,0,0
10.3152,17,28,364,1,0,0,0,0
10.3273,7,27,363,1,0,0,0,0
10.3396,0,27,362,0,0,0,0,0
10.3506,0,27,362,0,0,0,0,0
10.3617,0,27,362,0,0,0,0,0
10.3728,0,27,362,0,0,0,0,0
10.3833,0,27,362,0,0,0,0,0
10.3945,0,27,362,0,0,0,0,0
10.4052,0,27,362,0,0,0,0,0
10.4159,0,27,362,1,0,0,0,0
10.4273,-22,26,361,1,0,0,0,0
10.4397,-40,25,362,1,0,0,0,0
10.4523,-55,24,362,1,0,0,0,0
10.465,-66,24,359,1,0,0,0,0
10.4772,-75,23,360,1,0,0,0,0
10.4896,-82,22,360,1,0,0,0,0
10.5022,-87,22,361,1,0,0,0,0
10.5142,-91,21,362,1,0,0,0,0
10.5263,-94,21,363,1,0,0,0,0
10.5386,-96,21,363,1,0,0,0,0
10.5506,-97,21,365,0,0,0,0,0
10.5619,-97,21,365,0,0,0,0,0
10.5736,-97,21,365,1,0,0,0,0
10.5854,-95,20,366,1,0,0,0,0
10.5975,-92,19,366,0,0,0,0,0
10.6091,-92,19,366,0,0,0,0,0
10.6213,-92,19,366,1,0,0,0,0
10.6336,-84,17,365,0,0,0,0,0
10.6458,-84,17,365,0,0,0,0,0
10.6583,-84,17,365,0,0,0,0,0
10.6701,-84,17,365,0,0,0,0,0
10.6821,-84,17,365,0,0,0,0,0
10.6937,-84,17,365,0,0,0,0,0
10.7057,-84,17,365,0,0,0,0,0
10.7177,-84,17,365,0,0,0,0,0
10.7297,-84,17,365,0,0,0,0,0
10.7419,-84,17,365,1,0,0,0,0
10.7536,-70,15,367,0,0,0,0,0
10.7657,-70,15,367,1,0,0,0,0
10.7782,-55,14,369,1,0,0,0,0
10.7917,-42,12,370,1,0,0,0,0
10.804,-29,11,368,0,0,0,0,0
10.8163,-29,11,368,0,0,0,0,0
10.829,-29,11,368,1,0,0,0,0
10.8412,-16,10,369,0,0,0,0,0
10.8533,-16,10,369,0,0,0,0,0
10.8654,-16,10,369,0,0,0,0,0
10.8772,-16,10,369,0,0,0,0,0
10.889,-16,10,369,1,0,0,0,0
10.9015,-1,8,373,1,0,0,0,0
10.9146,11,6,372,1,0,0,0,0
10.9272,23,5,374,0,0,0,0,0
10.9386,23,5,374,0,0,0,0,0
10.9507,23,5,374,1,0,0,0,0
10.9652,34,3,373,1,0,0,0,0
10.978,44,2,370,1,0,0,0,0
10.9903,52,1,370,0,0,0,0,0
11.0016,52,1,370,0,0,0,0,0
11.0139,52,1,370,1,0,0,0,0
11.0254,61,0,369,1,0,0,0,0
11.0374,68,-1,367,1,0,0,0,0
11.0504,75,-3,368,1,0,0,0,0
11.0641,79,-4,366,1,0,0,0,0
11.0779,82,-5,366,1,0,0,0,0
11.0905,84,-7,364,1,0,0,0,0
11.1027,84,-7,364,1,0,0,0,0
11.1165,83,-8,362,1,0,0,0,0
11.1312,82,-9,363,1,0,0,0,0
11.1445,81,-9,363,1,0,0,0,0
11.1578,79,-10,363,1,0,0,0,0
11.1702,76,-10,362,1,0,0,0,0
11.1832,73,-10,363,1,0,0,0,0
11.1962,70,-11,362,1,0,0,0,0
11.2094,67,-11,363,1,0,0,0,0
11.2222,63,-12,364,1,0,0,0,0
11.2351,60,-12,365,1,0,0,0,0
11.2484,56,-13,365,1,0,0,0,0
11.261,53,-13,366,1,0,0,0,0
11.2748,49,-13,368,1,0,0,0,0
11.2873,46,-14,370,1,0,0,0,0
11.2992,42,-14,370,1,0,0,0,0
11.3116,38,-14,369,1,0,0,0,0
11.3235,34,-14,369,0,0,0,0,0
11.3353,34,-14,369,1,0,0,0,0
11.3478,29,-14,369,1,0,0,0,0
11.3608,24,-13,369,0,0,0,0,0
11.3726,24,-13,369,0,0,0,0,0
11.3858,24,-13,369,0,0,0,0,0
11.3987,24,-13,369,1,0,0,0,0
11.412,17,-13,371,1,0,0,0,0
11.425,11,-12,373,1,0,0,0,0
11.4372,6,-12,372,1,0,0,0,0
11.4501,1,-11,373,1,0,0,0,0
11.464,-2,-10,372,1,0,0,0,0
11.4775,-5,-10,369,1,0,0,0,0
11.4909,-7,-9,368,1,0,0,0,0
11.5045,-8,-9,367,1,0,0,0,0
11.5205,-9,-9,368,1,0,0,0,0
11.5338,-10,-8,369,1,0,0,0,0
11.5476,-9,-8,370,1,0,0,0,0
11.561,-8,-8,371,1,0,0,0,0
11.5741,-7,-8,372,1,0,0,0,0
11.5872,-5,-8,374,1,0,0,0,0
11.6003,-3,-9,373,1,0,0,0,0
11.6142,-1,-9,373,1,0,0,0,0
11.6272,0,-9,372,1,0,0,0,0
11.6404,2,-10,372,1,0,0,0,0
11.6551,5,-11,372,1,0,0,0,0
11.6685,7,-11,372,1,0,0,0,0
11.682,9,-12,373,1,0,0,0,0
11.6953,11,-13,373,1,0,0,0,0
11.7086,12,-14,372,1,0,0,0,0
11.722,13,-14,371,1,0,0,0,0
11.7353,14,-15,370,1,0,0,0,0
11.7492,14,-16,371,1,0,0,0,0
11.7627,14,-16,371,1,0,0,0,0
11.7771,14,-16,370,1,0,0,0,0
11.7922,14,-17,371,1,0,0,0,0
11.8055,13,-17,370,1,0,0,0,0
11.8193,12,-17,370,1,0,0,0,0
11.8328,12,-17,369,1,0,0,0,0
11.8467,11,-17,369,1,0,0,0,0
11.8601,10,-17,368,1,0,0,0,0
11.8763,9,-17,368,1,0,0,0,0
11.8902,8,-17,369,1,0,0,0,0
11.9041,8,-17,369,1,0,0,0,0
11.9182,7,-17,369,1,0,0,0,0
11.9319,7,-17,369,1,0,0,0,0
11.9457,7,-17,370,1,0,0,0,0
11.9593,6,-17,371,1,0,0,0,0
11.9725,6,-17,370,1,0,0,0,0
11.9863,6,-17,369,1,0,0,0,0
11.9999,6,-17,370,1,0,0,0,0
12.0142,7,-17,371,1,0,0,0,0
12.0278,7,-17,370,1,0,0,0,0
12.0414,7,-17,370,1,0,0,0,0
12.055,7,-17,369,1,0,0,0,0
12.0685,7,-17,369,1,0,0,0,0
12.0825,7,-17,369,1,0,0,0,0
12.0981,6,-17,368,1,0,0,0,0
12.1143,6,-17,369,1,0,0,0,0
12.1291,6,-17,370,1,0,0,0,0
12.143,6,-17,371,1,0,0,0,0
12.1566,6,-17,371,1,0,0,0,0
12.1701,5,-17,371,1,0,0,0,0
12.1858,5,-17,370,1,0,0,0,0
12.1995,4,-17,369,1,0,0,0,0
12.2134,4,-17,370,1,0,0,0,0
12.2273,3,-17,370,1,0,0,0,0
12.2407,3,-16,370,1,0,0,0,0
12.2551,2,-16,369,1,0,0,0,0
12.2688,1,-16,370,1,0,0,0,0
12.2831,1,-15,369,1,0,0,0,0
12.2972,0,-15,370,1,0,0,0,0
12.3112,0,-15,371,1,0,0,0,0
12.3244,0,-14,371,1,0,0,0,0
12.3376,-1,-14,370,1,0,0,0,0
12.3516,-1,-14,370,1,0,0,0,0
12.3653,-2,-14,370,1,0,0,0,0
12.3789,-3,-13,371,1,0,0,0,0
12.3924,-3,-13,373,1,0,0,0,0
12.4057,-4,-13,371,1,0,0,0,0
12.4192,-4,-13,371,1,0,0,0,0
12.4326,-4,-13,370,1,0,0,0,0
12.4465,-5,-13,371,1,0,0,0,0
12.46,-5,-13,371,1,0,0,0,0
12.4731,-5,-13,371,1,0,0,0,0
12.4868,-5,-13,371,1,0,0,0,0
12.5002,-5,-13,372,1,0,0,0,0
12.5139,-5,-13,371,1,0,0,0,0
12.5274,-5,-13,371,1,0,0,0,0
12.5417,-5,-13,372,1,0,0,0,0
12.5552,-5,-13,373,1,0,0,0,0
12.5684,-5,-13,372,1,0,0,0,0
12.5824,-5,-13,372,1,0,0,0,0
12.5976,-5,-13,371,1,0,0,0,0
12.6112,-5,-13,369,1,0,0,0,0
12.6245,-5,-13,368,1,0,0,0,0
12.6379,-5,-13,369,1,0,0,0,0
12.6527,-5,-13,368,1,0,0,0,0
12.6662,-5,-12,368,1,0,0,0,0
12.6802,-5,-12,367,1,0,0,0,0
12.6936,-6,-12,367,1,0,0,0,0
12.7068,-6,-13,368,1,0,0,0,0
12.7205,-6,-13,369,1,0,0,0,0
12.734,-6,-13,370,1,0,0,0,0
12.7482,-6,-13,370,1,0,0,0,0
12.7617,-6,-13,372,1,0,0,0,0
12.7755,-6,-13,372,1,0,0,0,0
12.789,-6,-13,371,1,0,0,0,0
12.8024,-6,-13,370,1,0,0,0,0
12.8159,-6,-13,370,1,0,0,0,0
12.8291,-6,-13,370,1,0,0,0,0
12.8424,-6,-13,370,1,0,0,0,0
12.857,-6,-14,369,1,0,0,0,0
12.8704,-7,-14,369,1,0,0,0,0
12.8838,-7,-14,370,1,0,0,0,0
12.8979,-7,-14,371,1,0,0,0,0
12.9114,-7,-14,370,1,0,0,0,0
12.9255,-7,-14,371,1,0,0,0,0
12.939,-8,-14,370,1,0,0,0,0
12.9532,-8,-14,372,1,0,0,0,0
12.9668,-8,-14,374,1,0,0,0,0
12.9802,-8,-14,372,1,0,0,0,0
12.9938,-8,-14,371,1,0,0,0,0
13.0071,-8,-13,370,1,0,0,0,0
13.0204,-8,-13,370,1,0,0,0,0
13.0342,-8,-13,370,1,0,0,0,0
13.0478,-8,-13,369,1,0,0,0,0
13.0615,-9,-13,368,1,0,0,0,0
13.0749,-9,-13,367,1,0,0,0,0
13.0883,-9,-13,367,1,0,0,0,0
13.1019,-10,-13,367,1,0,0,0,0
13.1155,-10,-13,367,1,0,0,0,0
13.129,-10,-13,368,1,0,0,0,0
13.1423,-11,-13,367,1,0,0,0,0
13.1554,-11,-13,367,1,0,0,0,0
13.1689,-11,-13,368,1,0,0,0,0
13.1823,-11,-13,368,1,0,0,0,0
13.1959,-12,-13,368,1,0,0,0,0
13.2092,-12,-13,368,1,0,0,0,0
13.2222,-12,-13,367,1,0,0,0,0
13.2359,-12,-13,367,1,0,0,0,0
13.2493,-12,-13,370,1,0,0,0,0
13.2629,-12,-13,369,1,0,0,0,0
13.2773,-12,-14,369,1,0,0,0,0
13.2906,-12,-14,368,1,0,0,0,0
13.3041,-13,-14,369,1,0,0,0,0
13.3174,-13,-14,370,1,0,0,0,0
13.3311,-13,-14,371,1,0,0,0,0
13.3445,-13,-15,370,1,0,0,0,0
13.3577,-13,-15,370,1,0,0,0,0
13.3713,-13,-15,370,1,0,0,0,0
13.3849,-13,-15,370,1,0,0,0,0
13.3987,-13,-15,369,1,0,0,0,0
13.4122,-13,-16,369,1,0,0,0,0
13.4253,-13,-16,369,1,0,0,0,0
13.4389,-13,-16,368,1,0,0,0,0
13.4523,-13,-16,368,1,0,0,0,0
13.4665,-13,-16,369,1,0,0,0,0
13.48,-13,-16,369,1,0,0,0,0
13.4932,-13,-16,369,1,0,0,0,0
13.5069,-12,-16,370,1,0,0,0,0
13.5203,-12,-16,371,1,0,0,0,0
13.5339,-12,-16,372,1,0,0,0,0
13.5477,-12,-15,370,1,0,0,0,0
13.5608,-12,-15,370,1,0,0,0,0
13.5745,-12,-15,370,1,0,0,0,0
13.5881,-12,-15,370,1,0,0,0,0
13.6016,-11,-15,371,1,0,0,0,0
13.6152,-11,-14,372,1,0,0,0,0
13.6284,-11,-14,372,1,0,0,0,0
13.642,-11,-14,372,1,0,0,0,0
13.6553,-11,-14,372,1,0,0,0,0
13.6688,-11,-14,373,1,0,0,0,0
13.6823,-11,-13,373,1,0,0,0,0
13.6955,-11,-13,371,1,0,0,0,0
13.709,-11,-13,370,1,0,0,0,0
13.7224,-11,-13,371,1,0,0,0,0
13.7357,-11,-13,372,1,0,0,0,0
13.7496,-11,-13,372,1,0,0,0,0
13.7635,-11,-13,372,1,0,0,0,0
13.7775,-11,-13,371,1,0,0,0,0
13.791,-11,-13,370,1,0,0,0,0
13.8043,-11,-13,369,1,0,0,0,0
13.818,-11,-13,370,1,0,0,0,0
13.8316,-11,-13,371,1,0,0,0,0
13.8453,-11,-13,369,1,0,0,0,0
13.8587,-10,-13,369,1,0,0,0,0
13.872,-10,-13,369,1,0,0,0,0
13.8857,-10,-13,370,1,0,0,0,0
13.8994,-10,-13,370,1,0,0,0,0
13.9136,-10,-13,371,1,0,0,0,0
13.9272,-10,-13,370,1,0,0,0,0
13.9417,-10,-13,369,1,0,0,0,0
13.9551,-10,-13,368,1,0,0,0,0
13.9685,-9,-12,366,1,0,0,0,0
13.9824,-9,-12,367,1,0,0,0,0
13.9958,-9,-12,367,1,0,0,0,0
14.0094,-9,-12,365,1,0,0,0,0
14.023,-9,-12,365,1,0,0,0,0
14.0364,-9,-12,365,1,0,0,0,0
14.05,-9,-12,364,1,0,0,0,0
14.0638,-9,-11,363,1,0,0,0,0
14.0775,-9,-11,364,1,0,0,0,0
14.0911,-9,-11,364,1,0,0,0,0
14.1045,-9,-11,365,1,0,0,0,0
14.1184,-9,-11,365,1,0,0,0,0
14.1321,-9,-11,365,1,0,0,0,0
14.1456,-9,-11,364,1,0,0,0,0
14.1592,-9,-11,365,1,0,0,0,0
14.1726,-9,-11,365,1,0,0,0,0
14.1862,-9,-11,365,1,0,0,0,0
14.1998,-9,-11,366,1,0,0,0,0
14.2135,-9,-11,365,1,0,0,0,0
14.2269,-9,-11,366,1,0,0,0,0
14.2402,-9,-11,366,1,0,0,0,0
14.2538,-9,-11,365,1,0,0,0,0
14.2673,-9,-11,366,1,0,0,0,0
14.2814,-9,-10,366,1,0,0,0,0
14.2948,-8,-10,367,1,0,0,0,0
14.3081,-8,-10,367,1,0,0,0,0
14.3217,-8,-10,367,1,0,0,0,0
14.3351,-9,-10,367,1,0,0,0,0
14.3494,-9,-9,366,1,0,0,0,0
14.3631,-9,-9,365,1,0,0,0,0
14.3752,-9,-9,365,1,1,0,0,0
