timestamp,errXmm,errYmm,errZmm,MarkerPresent,Touched,Encoder,Heading4,Heading5
0.834654,0,11,316,1,1,TE1A0B0C0D000X,0,0
0.848764,0,11,316,0,0,TE1A0B0C0D000X,0,0
0.862925,0,11,316,0,0,TE1A0B0C0D000X,0,0
0.879636,0,11,316,0,0,TE1A0B0C0D000X,0,0
0.893711,0,11,316,1,0,TE1A0B0C0D000X,0,0
0.907781,0,11,317,0,0,TE1A0B0C0D000X,0,0
0.921653,0,11,317,0,0,TE1A0B0C0D000X,0,0
0.938425,0,11,317,0,0,TE1A0B0C0D000X,0,0
0.95286,0,11,317,0,0,TE1A0B0C0D000X,0,0
0.967826,0,11,317,1,0,TE1A0B0C0D000X,0,0
0.981726,-31,-29,322,1,0,TE1A0B0C0D000X,0,0
0.997296,-58,-63,327,1,0,TE1A0B1C1D000X,0,0
1.01132,-81,-92,330,1,0,TE1A0B1C3D000X,0,0
0.0137003,-101,-116,333,1,0,TE1A0B2C4D000X,0,0
0.0274303,-116,-136,336,1,0,TE1A0B2C5D000X,0,0
0.0418684,-131,-155,339,1,0,TE1A0B2C5D000X,0,0
0.0592678,-145,-172,342,1,0,TE1A0B3C6D000X,0,0
0.0727964,-158,-189,346,1,0,TE1A0B3C6D000X,0,0
0.0856573,-169,-203,349,1,0,TE1A0B3C7D000X,0,0
0.0993294,-178,-214,350,1,0,TE1A0B3C7D000X,0,0
0.112718,-187,-224,351,1,0,TE1A0B3C7D000X,0,0
0.126381,-195,-234,353,1,0,TE1A0B3C7D000X,0,0
0.139764,-202,-242,354,1,0,TE1A0B3C7D000X,0,0
0.153213,-208,-249,354,1,0,TE1A0B3C7D000X,0,0
0.167347,-214,-255,354,1,0,TE1A0B3C7D000X,0,0
0.180975,-218,-261,354,1,0,TE1A0B3C7D000X,0,0
0.194618,-223,-267,355,1,0,TE1A0B3C7D000X,0,0
0.208036,-226,-271,355,1,0,TE1A0B3C7D000X,0,0
0.221445,-230,-276,356,1,0,TE1A0B3C7D000X,0,0
0.235733,-233,-280,357,1,0,TE1A0B3C7D000X,0,0
0.249434,-236,-284,358,1,0,TE1A0B3C7D000X,0,0
0.262979,-239,-287,358,1,0,TE1A0B3C7D000X,0,0
0.276709,-240,-289,358,1,0,TE1A0B3C7D000X,0,0
0.289717,-241,-292,359,1,0,TE1A0B3C7D000X,0,0
0.303291,-242,-294,360,1,0,TE1A0B3C7D000X,0,0
0.316398,-243,-297,360,1,0,TE1A0B3C7D000X,0,0
0.330181,-244,-299,362,1,0,TE1A0B3C7D000X,0,0
0.344468,-244,-301,364,1,0,TE1A0B3C7D000X,0,0
0.35752,-244,-303,365,1,0,TE1A0B3C7D000X,0,0
0.371021,-244,-304,366,1,0,TE1A0B3C7D000X,0,0
0.38469,-243,-306,368,1,0,TE1A0B3C7D000X,0,0
0.398574,-243,-307,371,0,0,TE1A0B3C7D000X,0,0
0.411416,-243,-307,371,1,0,TE1A0B3C7D000X,0,0
0.423959,-243,-311,373,1,0,TE1A0B3C7D000X,0,0
0.436749,-241,-312,376,0,0,TE1A0B3C8D000X,0,0
0.449519,-241,-312,376,0,0,TE1A0B3C8D000X,0,0
0.462507,-241,-312,376,0,0,TE1A0B3C8D000X,0,0
0.47544,-241,-312,376,0,0,TE1A0B3C8D000X,0,0
0.488431,-241,-312,376,0,0,TE1A0B3C8D000X,0,0
0.503182,-241,-312,376,0,0,TE1A0B3C8D000X,0,0
0.518692,-241,-312,376,0,0,TE1A0B3C8D000X,0,0
0.532098,-241,-312,376,0,0,TE1A0B3C8D000X,0,0
0.54505,-241,-312,376,0,0,TE1A0B3C8D000X,0,0
0.557498,-241,-312,376,0,0,TE1A0B3C8D000X,0,0
0.57065,-241,-312,376,0,0,TE1A0B3C8D000X,0,0
0.583413,-241,-312,376,0,0,TE1A0B3C8D000X,0,0
0.597013,-241,-312,376,0,0,TE1A0B3C8D000X,0,0
0.609716,-241,-312,376,0,0,TE1A0B3C8D000X,0,0
0.622448,-241,-312,376,0,0,TE1A0B3C8D000X,0,0
0.635549,-241,-312,376,0,0,TE1A0B3C8D000X,0,0
0.648724,-241,-312,376,0,0,TE1A0B3C8D000X,0,0
0.661698,-241,-312,376,0,0,TE1A0B3C8D000X,0,0
0.67441,-241,-312,376,0,0,TE1A0B3C8D000X,0,0
0.687251,-241,-312,376,0,0,TE1A0B3C8D000X,0,0
0.700241,-241,-312,376,0,0,TE1A0B3C8D000X,0,0
0.713373,-241,-312,376,0,0,TE1A0B3C8D000X,0,0
0.726424,-241,-312,376,0,0,TE1A0B3C8D000X,0,0
0.739409,-241,-312,376,0,0,TE1A0B3C8D000X,0,0
0.751889,-241,-312,376,0,0,TE1A0B3C8D000X,0,0
0.766707,-241,-312,376,0,0,TE1A0B3C8D000X,0,0
0.77985,-241,-312,376,0,0,TE1A0B3C8D000X,0,0
0.792869,-241,-312,376,0,0,TE1A0B3C8D000X,0,0
0.806873,-241,-312,376,0,0,TE1A0B3C8D000X,0,0
0.81962,-241,-312,376,0,0,TE1A0B3C8D000X,0,0
0.833444,-241,-312,376,0,0,TE1A0B3C8D000X,0,0
0.847518,-241,-312,376,0,0,TE1A0B3C8D000X,0,0
0.861155,-241,-312,376,0,0,TE1A0B3C8D000X,0,0
0.874114,-241,-312,376,0,0,TE1A0B3C8D000X,0,0
0.88689,-241,-312,376,0,0,TE1A0B3C8D000X,0,0
0.900064,-241,-312,376,0,0,TE1A0B3C8D000X,0,0
0.913245,-241,-312,376,0,0,TE1A0B3C8D000X,0,0
0.926195,-241,-312,376,0,0,TE1A0B3C8D000X,0,0
0.939373,-241,-312,376,0,0,TE1A0B3C8D000X,0,0
0.952538,-241,-312,376,0,0,TE1A0B3C8D000X,0,0
0.965623,-241,-312,376,0,0,TE1A0B3C8D000X,0,0
0.979202,-241,-312,376,0,0,TE1A0B3C8D000X,0,0
0.99403,-241,-312,376,0,0,TE1A0B3C8D000X,0,0
1.00875,-241,-312,376,0,0,TE1A0B3C8D000X,0,0
0.0145629,-241,-312,376,0,0,TE1A0B3C8D000X,0,0
0.027551,-241,-312,376,0,0,TE1A0B3C8D000X,0,0
0.0405907,-241,-312,376,0,0,TE1A0B3C8D000X,0,0
0.0541314,-241,-312,376,0,0,TE1A0B3C8D000X,0,0
0.0684889,-241,-312,376,0,0,TE1A0B3C8D000X,0,0
0.0844269,-241,-312,376,0,0,TE1A0B3C8D000X,0,0
0.0976703,-241,-312,376,0,0,TE1A0B3C8D000X,0,0
0.11055,-241,-312,376,0,0,TE1A0B3C8D000X,0,0
0.123595,-241,-312,376,0,0,TE1A0B3C8D000X,0,0
0.136631,-241,-312,376,0,0,TE1A0B3C8D000X,0,0
0.149485,-241,-312,376,0,0,TE1A0B3C8D000X,0,0
0.162157,-241,-312,376,0,0,TE1A0B3C8D000X,0,0
0.175059,-241,-312,376,0,0,TE1A0B3C8D000X,0,0
0.190161,-241,-312,376,0,0,TE1A0B3C8D000X,0,0
0.205927,-241,-312,376,0,0,TE1A0B3C8D000X,0,0
0.219431,-241,-312,376,0,0,TE1A0B3C8D000X,0,0
0.232389,-241,-312,376,0,0,TE1A0B3C8D000X,0,0
0.245323,-241,-312,376,0,0,TE1A0B3C8D000X,0,0
0.258765,-241,-312,376,0,0,TE1A0B3C8D000X,0,0
0.271816,-241,-312,376,0,0,TE1A0B3C8D000X,0,0
0.285592,-241,-312,376,1,0,TE1A0B3C8D000X,0,0
0.29876,-210,-297,388,1,0,TE1A0B3C8D000X,0,0
0.311809,-185,-286,399,1,0,TE1A0B3C8D000X,0,0
0.324775,-161,-277,410,0,0,TE1A0B3C8D000X,0,0
0.337687,-161,-277,410,1,0,TE1A0B2C8D000X,0,0
0.350698,-141,-269,419,1,0,TE1A0B2C8D000X,0,0
0.364418,-120,-260,426,1,0,TE1A0B2C8D000X,0,0
0.377112,-102,-251,434,0,0,TE1A0B2C7D000X,0,0
0.389475,-102,-251,434,1,0,TE1A0B2C7D000X,0,0
0.4021,-84,-245,442,0,0,TE1A0B2C7D000X,0,0
0.414422,-84,-245,442,0,0,TE1A0B2C7D000X,0,0
0.426806,-84,-245,442,0,0,TE1A0B1C7D000X,0,0
0.43921,-84,-245,442,0,0,TE1A0B1C7D000X,0,0
0.451341,-84,-245,442,0,0,TE1A0B1C7D000X,0,0
0.463566,-84,-245,442,0,0,TE1A0B1C7D000X,0,0
0.475713,-84,-245,442,0,0,TE1A0B1C7D000X,0,0
0.488035,-84,-245,442,0,0,TE1A0B1C7D000X,0,0
0.500119,-84,-245,442,0,0,TE1A0B1C7D000X,0,0
0.512144,-84,-245,442,0,0,TE1A0B1C7D000X,0,0
0.524326,-84,-245,442,0,0,TE1A0B1C7D000X,0,0
0.536728,-84,-245,442,0,0,TE1A0B1C7D000X,0,0
0.548983,-84,-245,442,0,0,TE1A0B1C7D000X,0,0
0.561386,-84,-245,442,0,0,TE1A0B1C7D000X,0,0
0.573617,-84,-245,442,0,0,TE1A0B1C7D000X,0,0
0.586095,-84,-245,442,0,0,TE1A0B1C7D000X,0,0
0.599394,-84,-245,442,0,0,TE1A0B1C7D000X,0,0
0.611692,-84,-245,442,0,0,TE1A0B1C7D000X,0,0
0.624066,-84,-245,442,0,0,TE1A0B1C7D000X,0,0
0.637175,-84,-245,442,0,0,TE1A0B1C7D000X,0,0
0.650749,-84,-245,442,0,0,TE1A0B1C7D000X,0,0
0.662981,-84,-245,442,0,0,TE1A0B1C7D000X,0,0
0.67533,-84,-245,442,0,0,TE1A0B1C7D000X,0,0
0.687781,-84,-245,442,0,0,TE1A0B1C7D000X,0,0
0.70032,-84,-245,442,0,0,TE1A0B1C7D000X,0,0
0.712741,-84,-245,442,0,0,TE1A0B1C7D000X,0,0
0.72522,-84,-245,442,0,0,TE1A0B1C7D000X,0,0
0.738091,-84,-245,442,0,0,TE1A0B1C7D000X,0,0
0.750284,-84,-245,442,0,0,TE1A0B1C7D000X,0,0
0.762428,-84,-245,442,0,0,TE1A0B1C7D000X,0,0
0.774931,-84,-245,442,0,0,TE1A0B1C7D000X,0,0
0.787475,-84,-245,442,1,0,TE1A0B1C7D000X,0,0
0.800102,-61,-238,451,0,0,TE1A0B1C7D000X,0,0
0.812521,-61,-238,451,0,0,TE1A0B1C7D000X,0,0
0.825034,-61,-238,451,0,0,TE1A0B1C7D000X,0,0
0.837506,-61,-238,451,0,0,TE1A0B1C7D000X,0,0
0.850931,-61,-238,451,0,0,TE1A0B1C7D000X,0,0
0.86347,-61,-238,451,0,0,TE1A0B1C7D000X,0,0
0.875799,-61,-238,451,0,0,TE1A0B1C7D000X,0,0
0.888566,-61,-238,451,0,0,TE1A0B1C7D000X,0,0
0.901283,-61,-238,451,0,0,TE1A0B1C7D000X,0,0
0.913768,-61,-238,451,0,0,TE1A0B1C7D000X,0,0
0.92797,-61,-238,451,0,0,TE1A0B1C7D000X,0,0
0.940655,-61,-238,451,0,0,TE1A0B1C7D000X,0,0
0.9531,-61,-238,451,0,0,TE1A0B1C7D000X,0,0
0.965542,-61,-238,451,1,0,TE1A0B1C7D000X,0,0
0.978355,-38,-229,459,0,0,TE1A0B1C7D000X,0,0
0.990987,-38,-229,459,1,0,TE1A0B1C7D000X,0,0
1.00399,-16,-217,465,1,0,TE1A0B1C7D000X,0,0
0.0137922,2,-205,468,0,0,TE1A0B0C7D000X,0,0
0.0258187,2,-205,468,0,0,TE1A0B0C7D000X,0,0
0.0379103,2,-205,468,1,0,TE1A0B0C6D000X,0,0
0.0506116,17,-194,471,1,0,TE1A0B0C6D000X,0,0
0.0634173,32,-184,474,0,0,TE1A0B0C6D000X,0,0
0.0756952,32,-184,474,0,0,TE1A0B0C6D000X,0,0
0.0883489,32,-184,474,1,0,TE1A0B0C5D000X,0,0
0.101135,46,-177,479,1,0,TE1A0B0C5D000X,0,0
0.113536,58,-169,482,1,0,TE1A1B0C5D000X,0,0
0.125917,68,-162,484,0,0,TE1A1B0C5D000X,0,0
0.138563,68,-162,484,1,0,TE1A1B0C4D000X,0,0
0.150773,78,-156,488,1,0,TE1A1B0C4D000X,0,0
0.1631,86,-150,491,1,0,TE1A1B0C4D000X,0,0
0.175576,92,-144,492,0,0,TE1A1B0C4D000X,0,0
0.188116,92,-144,492,0,0,TE1A1B0C4D000X,0,0
0.200629,92,-144,492,1,0,TE1A1B0C4D000X,0,0
0.213111,101,-140,495,1,0,TE1A1B0C4D000X,0,0
0.225701,105,-134,496,1,0,TE1A1B0C4D000X,0,0
0.238181,110,-129,497,1,0,TE1A2B0C4D000X,0,0
0.250476,114,-125,499,1,0,TE1A2B0C3D000X,0,0
0.263166,116,-120,498,1,0,TE1A2B0C3D000X,0,0
0.275714,119,-116,498,1,0,TE1A2B0C3D000X,0,0
0.288072,122,-112,500,1,0,TE1A2B0C3D000X,0,0
0.300766,124,-108,500,1,0,TE1A2B0C3D000X,0,0
0.313617,125,-105,500,0,0,TE1A2B0C3D000X,0,0
0.325796,125,-105,500,1,0,TE1A2B0C3D000X,0,0
0.338213,128,-102,501,1,0,TE1A2B0C3D000X,0,0
0.350772,129,-99,501,1,0,TE1A2B0C3D000X,0,0
0.363209,129,-95,501,1,0,TE1A2B0C3D000X,0,0
0.375744,129,-93,500,1,0,TE1A2B0C3D000X,0,0
0.388297,129,-90,500,1,0,TE1A2B0C3D000X,0,0
0.400373,129,-87,500,1,0,TE1A2B0C3D000X,0,0
0.412768,128,-85,499,1,0,TE1A2B0C3D000X,0,0
0.425653,128,-82,499,1,0,TE1A2B0C3D000X,0,0
0.438349,127,-80,499,1,0,TE1A2B0C2D000X,0,0
0.451019,126,-78,498,1,0,TE1A2B0C2D000X,0,0
0.463712,126,-76,499,1,0,TE1A2B0C2D000X,0,0
0.476265,125,-74,500,1,0,TE1A2B0C2D000X,0,0
0.488886,124,-72,499,1,0,TE1A2B0C2D000X,0,0
0.50152,124,-71,498,1,0,TE1A2B0C2D000X,0,0
0.514339,123,-69,499,1,0,TE1A2B0C2D000X,0,0
0.526912,122,-68,499,1,0,TE1A2B0C2D000X,0,0
0.539575,121,-67,498,1,0,TE1A2B0C2D000X,0,0
0.55251,120,-66,497,1,0,TE1A2B0C2D000X,0,0
0.566875,119,-65,497,1,0,TE1A2B0C2D000X,0,0
0.580292,118,-64,496,1,0,TE1A2B0C2D000X,0,0
0.592747,117,-64,496,1,0,TE1A2B0C2D000X,0,0
0.605002,116,-64,495,1,0,TE1A2B0C2D000X,0,0
0.617671,116,-64,495,1,0,TE1A2B0C2D000X,0,0
0.629867,115,-65,495,1,0,TE1A2B0C2D000X,0,0
0.642065,115,-65,495,0,0,TE1A2B0C2D000X,0,0
0.654242,115,-65,495,1,0,TE1A2B0C2D000X,0,0
0.666697,115,-67,496,0,0,TE1A2B0C2D000X,0,0
0.67876,115,-67,496,0,0,TE1A2B0C2D000X,0,0
0.69071,115,-67,496,1,0,TE1A2B0C2D000X,0,0
0.702779,117,-69,498,1,0,TE1A2B0C2D000X,0,0
0.715005,117,-71,498,0,0,TE1A2B0C2D000X,0,0
0.726874,117,-71,498,0,0,TE1A2B0C2D000X,0,0
0.73863,117,-71,498,1,0,TE1A2B0C2D000X,0,0
0.75101,118,-75,499,0,0,TE1A2B0C2D000X,0,0
0.762651,118,-75,499,1,0,TE1A2B0C2D000X,0,0
0.774586,118,-78,499,0,0,TE1A2B0C2D000X,0,0
0.78658,118,-78,499,0,0,TE1A2B0C2D000X,0,0
0.798428,118,-78,499,0,0,TE1A2B0C2D000X,0,0
0.810516,118,-78,499,1,0,TE1A2B0C2D000X,0,0
0.822691,121,-84,502,0,0,TE1A2B0C2D000X,0,0
0.834869,121,-84,502,0,0,TE1A2B0C2D000X,0,0
0.846899,121,-84,502,0,0,TE1A2B0C2D000X,0,0
0.858888,121,-84,502,0,0,TE1A2B0C2D000X,0,0
0.871085,121,-84,502,0,0,TE1A2B0C2D000X,0,0
0.883394,121,-84,502,0,0,TE1A2B0C2D000X,0,0
0.895429,121,-84,502,0,0,TE1A2B0C2D000X,0,0
0.907431,121,-84,502,0,0,TE1A2B0C2D000X,0,0
0.919632,121,-84,502,0,0,TE1A2B0C2D000X,0,0
0.931555,121,-84,502,0,0,TE1A2B0C2D000X,0,0
0.943749,121,-84,502,0,0,TE1A2B0C2D000X,0,0
0.955823,121,-84,502,0,0,TE1A2B0C2D000X,0,0
0.968187,121,-84,502,0,0,TE1A2B0C2D000X,0,0
0.980073,121,-84,502,0,0,TE1A2B0C2D000X,0,0
0.992103,121,-84,502,0,0,TE1A2B0C2D000X,0,0
1.0044,121,-84,502,0,0,TE1A2B0C2D000X,0,0
0.0122768,121,-84,502,0,0,TE1A2B0C2D000X,0,0
0.0243988,121,-84,502,0,0,TE1A2B0C2D000X,0,0
0.0364477,121,-84,502,0,0,TE1A2B0C2D000X,0,0
0.0486781,121,-84,502,0,0,TE1A2B0C2D000X,0,0
0.0608496,121,-84,502,0,0,TE1A2B0C2D000X,0,0
0.0730213,121,-84,502,0,0,TE1A2B0C2D000X,0,0
0.0849788,121,-84,502,0,0,TE1A2B0C2D000X,0,0
0.0969667,121,-84,502,0,0,TE1A2B0C2D000X,0,0
0.109102,121,-84,502,0,0,TE1A2B0C2D000X,0,0
0.121184,121,-84,502,0,0,TE1A2B0C2D000X,0,0
0.133287,121,-84,502,0,0,TE1A2B0C2D000X,0,0
0.145984,121,-84,502,0,0,TE1A2B0C2D000X,0,0
0.157873,121,-84,502,0,0,TE1A2B0C2D000X,0,0
0.169698,121,-84,502,0,0,TE1A2B0C2D000X,0,0
0.181648,121,-84,502,0,0,TE1A2B0C2D000X,0,0
0.19366,121,-84,502,0,0,TE1A2B0C2D000X,0,0
0.205432,121,-84,502,0,0,TE1A2B0C2D000X,0,0
0.217432,121,-84,502,0,0,TE1A2B0C2D000X,0,0
0.229339,121,-84,502,0,0,TE1A2B0C2D000X,0,0
0.240976,121,-84,502,0,0,TE1A2B0C2D000X,0,0
0.252936,121,-84,502,0,0,TE1A2B0C2D000X,0,0
0.264555,121,-84,502,0,0,TE1A2B0C2D000X,0,0
0.276211,121,-84,502,0,0,TE1A2B0C2D000X,0,0
0.287617,121,-84,502,0,0,TE1A2B0C2D000X,0,0
0.299433,121,-84,502,0,0,TE1A2B0C2D000X,0,0
0.311545,121,-84,502,0,0,TE1A2B0C2D000X,0,0
0.324305,121,-84,502,0,0,TE1A2B0C2D000X,0,0
0.335919,121,-84,502,0,0,TE1A2B0C2D000X,0,0
0.347717,121,-84,502,0,0,TE1A2B0C2D000X,0,0
0.359325,121,-84,502,0,0,TE1A2B0C2D000X,0,0
0.371079,121,-84,502,0,0,TE1A2B0C2D000X,0,0
0.382616,121,-84,502,0,0,TE1A2B0C2D000X,0,0
0.394354,121,-84,502,0,0,TE1A2B0C2D000X,0,0
0.40582,121,-84,502,0,0,TE1A2B0C2D000X,0,0
0.417514,121,-84,502,0,0,TE1A2B0C2D000X,0,0
0.429264,121,-84,502,0,0,TE1A2B0C2D000X,0,0
0.440696,121,-84,502,0,0,TE1A2B0C2D000X,0,0
0.452307,121,-84,502,0,0,TE1A2B0C2D000X,0,0
0.464099,121,-84,502,0,0,TE1A2B0C2D000X,0,0
0.476118,121,-84,502,0,0,TE1A2B0C2D000X,0,0
0.488098,121,-84,502,0,0,TE1A2B0C2D000X,0,0
0.500012,121,-84,502,0,0,TE1A2B0C2D000X,0,0
0.511769,121,-84,502,0,0,TE1A2B0C2D000X,0,0
0.524927,121,-84,502,0,0,TE1A2B0C2D000X,0,0
0.537275,121,-84,502,0,0,TE1A2B0C2D000X,0,0
0.549663,121,-84,502,0,0,TE1A2B0C2D000X,0,0
0.562943,121,-84,502,0,0,TE1A2B0C2D000X,0,0
0.574587,121,-84,502,0,0,TE1A2B0C2D000X,0,0
0.586222,121,-84,502,0,0,TE1A2B0C2D000X,0,0
0.598135,121,-84,502,0,0,TE1A2B0C2D000X,0,0
0.61012,121,-84,502,0,0,TE1A2B0C2D000X,0,0
0.621757,121,-84,502,0,0,TE1A2B0C2D000X,0,0
0.633553,121,-84,502,0,0,TE1A2B0C2D000X,0,0
0.645219,121,-84,502,0,0,TE1A2B0C2D000X,0,0
0.65765,121,-84,502,0,0,TE1A2B0C2D000X,0,0
0.669207,121,-84,502,0,0,TE1A2B0C2D000X,0,0
0.68076,121,-84,502,0,0,TE1A2B0C2D000X,0,0
0.692201,121,-84,502,0,0,TE1A2B0C2D000X,0,0
0.703661,121,-84,502,0,0,TE1A2B0C2D000X,0,0
0.715289,121,-84,502,0,0,TE1A2B0C2D000X,0,0
0.728899,121,-84,502,0,0,TE1A2B0C2D000X,0,0
0.741052,121,-84,502,0,0,TE1A2B0C2D000X,0,0
0.752393,121,-84,502,0,0,TE1A2B0C2D000X,0,0
0.763764,121,-84,502,0,0,TE1A2B0C2D000X,0,0
0.775004,121,-84,502,0,0,TE1A2B0C2D000X,0,0
0.786267,121,-84,502,0,0,TE1A2B0C2D000X,0,0
0.797585,121,-84,502,0,0,TE1A2B0C2D000X,0,0
0.808951,121,-84,502,0,0,TE1A2B0C2D000X,0,0
0.820272,121,-84,502,0,0,TE1A2B0C2D000X,0,0
0.831665,121,-84,502,0,0,TE1A2B0C2D000X,0,0
0.843108,121,-84,502,0,0,TE1A2B0C2D000X,0,0
0.854556,121,-84,502,0,0,TE1A2B0C2D000X,0,0
0.86605,121,-84,502,0,0,TE1A2B0C2D000X,0,0
0.877793,121,-84,502,0,0,TE1A2B0C2D000X,0,0
0.889198,121,-84,502,0,0,TE1A2B0C2D000X,0,0
0.901056,121,-84,502,0,0,TE1A2B0C2D000X,0,0
0.913092,121,-84,502,0,0,TE1A2B0C2D000X,0,0
0.924805,121,-84,502,0,0,TE1A2B0C2D000X,0,0
0.936498,121,-84,502,0,0,TE1A2B0C2D000X,0,0
0.948509,121,-84,502,0,0,TE1A2B0C2D000X,0,0
0.960141,121,-84,502,0,0,TE1A2B0C2D000X,0,0
0.971897,121,-84,502,0,0,TE1A2B0C2D000X,0,0
0.983447,121,-84,502,0,0,TE1A2B0C2D000X,0,0
0.994975,121,-84,502,0,0,TE1A2B0C2D000X,0,0
1.00629,121,-84,502,0,0,TE1A2B0C2D000X,0,0
0.0113766,121,-84,502,0,0,TE1A2B0C2D000X,0,0
0.023043,121,-84,502,0,0,TE1A2B0C2D000X,0,0
0.0368676,121,-84,502,0,0,TE1A2B0C2D000X,0,0
0.0490788,121,-84,502,0,0,TE1A2B0C2D000X,0,0
0.0613658,121,-84,502,0,0,TE1A2B0C2D000X,0,0
0.0742177,121,-84,502,0,0,TE1A2B0C2D000X,0,0
0.0858482,121,-84,502,0,0,TE1A2B0C2D000X,0,0
0.100224,121,-84,502,0,0,TE1A2B0C2D000X,0,0
0.112122,121,-84,502,0,0,TE1A2B0C2D000X,0,0
0.123955,121,-84,502,0,0,TE1A2B0C2D000X,0,0
0.139683,121,-84,502,0,0,TE1A2B0C2D000X,0,0
0.151588,121,-84,502,0,0,TE1A2B0C2D000X,0,0
0.163498,121,-84,502,0,0,TE1A2B0C2D000X,0,0
0.175266,121,-84,502,0,0,TE1A2B0C2D000X,0,0
0.187218,121,-84,502,0,0,TE1A2B0C2D000X,0,0
0.199268,121,-84,502,0,0,TE1A2B0C2D000X,0,0
0.210959,121,-84,502,0,0,TE1A2B0C2D000X,0,0
0.222871,121,-84,502,0,0,TE1A2B0C2D000X,0,0
0.2346,121,-84,502,0,0,TE1A2B0C2D000X,0,0
0.253098,121,-84,502,0,0,TE1A2B0C2D000X,0,0
0.265865,121,-84,502,0,0,TE1A2B0C2D000X,0,0
0.278539,121,-84,502,0,0,TE1A2B0C2D000X,0,0
0.290916,121,-84,502,0,0,TE1A2B0C2D000X,0,0
0.302774,121,-84,502,0,0,TE1A2B0C2D000X,0,0
0.314368,121,-84,502,0,0,TE1A2B0C2D000X,0,0
0.326152,121,-84,502,0,0,TE1A2B0C2D000X,0,0
0.338229,121,-84,502,0,0,TE1A2B0C2D000X,0,0
0.349968,121,-84,502,0,0,TE1A2B0C2D000X,0,0
0.361615,121,-84,502,0,0,TE1A2B0C2D000X,0,0
0.37318,121,-84,502,0,0,TE1A2B0C2D000X,0,0
0.384847,121,-84,502,0,0,TE1A2B0C2D000X,0,0
0.396797,121,-84,502,0,0,TE1A2B0C2D000X,0,0
0.408422,121,-84,502,0,0,TE1A2B0C2D000X,0,0
0.419925,121,-84,502,0,0,TE1A2B0C2D000X,0,0
0.431576,121,-84,502,0,0,TE1A2B0C2D000X,0,0
0.443115,121,-84,502,0,0,TE1A2B0C2D000X,0,0
0.45455,121,-84,502,0,0,TE1A2B0C2D000X,0,0
0.466053,121,-84,502,0,0,TE1A2B0C2D000X,0,0
0.477591,121,-84,502,0,0,TE1A2B0C2D000X,0,0
0.489863,121,-84,502,0,0,TE1A2B0C2D000X,0,0
0.501556,121,-84,502,0,0,TE1A2B0C2D000X,0,0
0.513082,121,-84,502,0,0,TE1A2B0C2D000X,0,0
0.524761,121,-84,502,0,0,TE1A2B0C2D000X,0,0
0.536697,121,-84,502,0,0,TE1A2B0C2D000X,0,0
0.548401,121,-84,502,0,0,TE1A2B0C2D000X,0,0
0.560293,121,-84,502,0,0,TE1A2B0C2D000X,0,0
0.572238,121,-84,502,0,0,TE1A2B0C2D000X,0,0
0.584849,121,-84,502,0,0,TE1A2B0C2D000X,0,0
0.59685,121,-84,502,0,0,TE1A2B0C2D000X,0,0
0.60891,121,-84,502,0,0,TE1A2B0C2D000X,0,0
0.620735,121,-84,502,0,0,TE1A2B0C2D000X,0,0
0.63274,121,-84,502,0,0,TE1A2B0C2D000X,0,0
0.645154,121,-84,502,0,0,TE1A2B0C2D000X,0,0
0.657124,121,-84,502,0,0,TE1A2B0C2D000X,0,0
0.669271,121,-84,502,0,0,TE1A2B0C2D000X,0,0
0.681026,121,-84,502,0,0,TE1A2B0C2D000X,0,0
0.69288,121,-84,502,0,0,TE1A2B0C2D000X,0,0
0.704999,121,-84,502,0,0,TE1A2B0C2D000X,0,0
0.716674,121,-84,502,0,0,TE1A2B0C2D000X,0,0
0.728835,121,-84,502,0,0,TE1A2B0C2D000X,0,0
0.740915,121,-84,502,0,0,TE1A2B0C2D000X,0,0
0.752596,121,-84,502,0,0,TE1A2B0C2D000X,0,0
0.764415,121,-84,502,0,0,TE1A2B0C2D000X,0,0
0.776292,121,-84,502,0,0,TE1A2B0C2D000X,0,0
0.78867,121,-84,502,0,0,TE1A2B0C2D000X,0,0
0.801432,121,-84,502,0,0,TE1A2B0C2D000X,0,0
0.813092,121,-84,502,0,0,TE1A2B0C2D000X,0,0
0.825084,121,-84,502,0,0,TE1A2B0C2D000X,0,0
0.83716,121,-84,502,0,0,TE1A2B0C2D000X,0,0
0.848965,121,-84,502,0,0,TE1A2B0C2D000X,0,0
0.860855,121,-84,502,0,0,TE1A2B0C2D000X,0,0
0.87314,121,-84,502,0,0,TE1A2B0C2D000X,0,0
0.885045,121,-84,502,0,0,TE1A2B0C2D000X,0,0
0.897014,121,-84,502,0,0,TE1A2B0C2D000X,0,0
0.909568,121,-84,502,0,0,TE1A2B0C2D000X,0,0
0.924487,121,-84,502,0,0,TE1A2B0C2D000X,0,0
0.938706,121,-84,502,0,0,TE1A2B0C2D000X,0,0
0.950753,121,-84,502,0,0,TE1A2B0C2D000X,0,0
0.962663,121,-84,502,0,0,TE1A2B0C2D000X,0,0
0.974569,121,-84,502,0,0,TE1A2B0C2D000X,0,0
0.986641,121,-84,502,0,0,TE1A2B0C2D000X,0,0
0.998488,121,-84,502,0,0,TE1A2B0C2D000X,0,0
1.01325,121,-84,502,0,0,TE1A2B0C2D000X,0,0
0.0135158,121,-84,502,0,0,TE1A2B0C2D000X,0,0
0.0257807,121,-84,502,0,0,TE1A2B0C2D000X,0,0
0.0384154,121,-84,502,0,0,TE1A2B0C2D000X,0,0
0.0499552,121,-84,502,0,0,TE1A2B0C2D000X,0,0
0.0616688,121,-84,502,0,0,TE1A2B0C2D000X,0,0
0.0734876,121,-84,502,0,0,TE1A2B0C2D000X,0,0
0.0864062,121,-84,502,0,0,TE1A2B0C2D000X,0,0
0.0983695,121,-84,502,0,0,TE1A2B0C2D000X,0,0
0.110418,121,-84,502,0,0,TE1A2B0C2D000X,0,0
0.122464,121,-84,502,0,0,TE1A2B0C2D000X,0,0
0.134062,121,-84,502,0,0,TE1A2B0C2D000X,0,0
0.14576,121,-84,502,0,0,TE1A2B0C2D000X,0,0
0.157717,121,-84,502,0,0,TE1A2B0C2D000X,0,0
0.169629,121,-84,502,0,0,TE1A2B0C2D000X,0,0
0.181542,121,-84,502,0,0,TE1A2B0C2D000X,0,0
0.193606,121,-84,502,0,0,TE1A2B0C2D000X,0,0
0.205553,121,-84,502,0,0,TE1A2B0C2D000X,0,0
0.2175,121,-84,502,0,0,TE1A2B0C2D000X,0,0
0.229619,121,-84,502,0,0,TE1A2B0C2D000X,0,0
0.24158,121,-84,502,0,0,TE1A2B0C2D000X,0,0
0.253627,121,-84,502,0,0,TE1A2B0C2D000X,0,0
0.26553,121,-84,502,0,0,TE1A2B0C2D000X,0,0
0.277393,121,-84,502,0,0,TE1A2B0C2D000X,0,0
0.290156,121,-84,502,0,0,TE1A2B0C2D000X,0,0
0.301806,121,-84,502,0,0,TE1A2B0C2D000X,0,0
0.313493,121,-84,502,0,0,TE1A2B0C2D000X,0,0
0.325575,121,-84,502,0,0,TE1A2B0C2D000X,0,0
0.337278,121,-84,502,0,0,TE1A2B0C2D000X,0,0
0.349011,121,-84,502,0,0,TE1A2B0C2D000X,0,0
0.360746,121,-84,502,0,0,TE1A2B0C2D000X,0,0
0.372375,121,-84,502,0,0,TE1A2B0C2D000X,0,0
0.383912,121,-84,502,0,0,TE1A2B0C2D000X,0,0
0.395603,121,-84,502,0,0,TE1A2B0C2D000X,0,0
0.407339,121,-84,502,0,0,TE1A2B0C2D000X,0,0
0.41895,121,-84,502,0,0,TE1A2B0C2D000X,0,0
0.430323,121,-84,502,0,0,TE1A2B0C2D000X,0,0
0.441991,121,-84,502,0,0,TE1A2B0C2D000X,0,0
0.453567,121,-84,502,0,0,TE1A2B0C2D000X,0,0
0.465098,121,-84,502,0,0,TE1A2B0C2D000X,0,0
0.476816,121,-84,502,0,0,TE1A2B0C2D000X,0,0
0.488462,121,-84,502,0,0,TE1A2B0C2D000X,0,0
0.500178,121,-84,502,0,0,TE1A2B0C2D000X,0,0
0.512014,121,-84,502,0,0,TE1A2B0C2D000X,0,0
0.523697,121,-84,502,0,0,TE1A2B0C2D000X,0,0
0.535572,121,-84,502,0,0,TE1A2B0C2D000X,0,0
0.547183,121,-84,502,0,0,TE1A2B0C2D000X,0,0
0.559184,121,-84,502,0,0,TE1A2B0C2D000X,0,0
0.571646,121,-84,502,0,0,TE1A2B0C2D000X,0,0
0.583254,121,-84,502,0,0,TE1A2B0C2D000X,0,0
0.595077,121,-84,502,0,0,TE1A2B0C2D000X,0,0
0.606703,121,-84,502,0,0,TE1A2B0C2D000X,0,0
0.618273,121,-84,502,0,0,TE1A2B0C2D000X,0,0
0.62988,121,-84,502,0,0,TE1A2B0C2D000X,0,0
0.641644,121,-84,502,0,0,TE1A2B0C2D000X,0,0
0.653326,121,-84,502,0,0,TE1A2B0C2D000X,0,0
0.664726,121,-84,502,0,0,TE1A2B0C2D000X,0,0
0.676726,121,-84,502,0,0,TE1A2B0C2D000X,0,0
0.688329,121,-84,502,0,0,TE1A2B0C2D000X,0,0
0.699921,121,-84,502,0,0,TE1A2B0C2D000X,0,0
0.711187,121,-84,502,0,0,TE1A2B0C2D000X,0,0
0.722888,121,-84,502,0,0,TE1A2B0C2D000X,0,0
0.734494,121,-84,502,0,0,TE1A2B0C2D000X,0,0
0.746339,121,-84,502,0,0,TE1A2B0C2D000X,0,0
0.758086,121,-84,502,0,0,TE1A2B0C2D000X,0,0
0.769743,121,-84,502,0,0,TE1A2B0C2D000X,0,0
0.781075,121,-84,502,0,0,TE1A2B0C2D000X,0,0
0.792576,121,-84,502,0,0,TE1A2B0C2D000X,0,0
0.803999,121,-84,502,0,0,TE1A2B0C2D000X,0,0
0.815565,121,-84,502,0,0,TE1A2B0C2D000X,0,0
0.827085,121,-84,502,0,0,TE1A2B0C2D000X,0,0
0.838432,121,-84,502,0,0,TE1A2B0C2D000X,0,0
0.849917,121,-84,502,0,0,TE1A2B0C2D000X,0,0
0.861689,121,-84,502,0,0,TE1A2B0C2D000X,0,0
0.873239,121,-84,502,0,0,TE1A2B0C2D000X,0,0
0.884732,121,-84,502,0,0,TE1A2B0C2D000X,0,0
0.895959,121,-84,502,0,0,TE1A2B0C2D000X,0,0
0.907306,121,-84,502,0,0,TE1A2B0C2D000X,0,0
0.919079,121,-84,502,0,0,TE1A2B0C2D000X,0,0
0.930769,121,-84,502,0,0,TE1A2B0C2D000X,0,0
0.942773,121,-84,502,0,0,TE1A2B0C2D000X,0,0
0.954248,121,-84,502,0,0,TE1A2B0C2D000X,0,0
0.965904,121,-84,502,0,0,TE1A2B0C2D000X,0,0
0.977818,121,-84,502,0,0,TE1A2B0C2D000X,0,0
0.989756,121,-84,502,0,0,TE1A2B0C2D000X,0,0
1.00177,121,-84,502,0,0,TE1A2B0C2D000X,0,0
0.0119275,121,-84,502,0,0,TE1A2B0C2D000X,0,0
0.0238873,121,-84,502,0,0,TE1A2B0C2D000X,0,0
0.0365268,121,-84,502,0,0,TE1A2B0C2D000X,0,0
0.0486233,121,-84,502,0,0,TE1A2B0C2D000X,0,0
0.0605584,121,-84,502,0,0,TE1A2B0C2D000X,0,0
0.0726383,121,-84,502,0,0,TE1A2B0C2D000X,0,0
0.0846593,121,-84,502,0,0,TE1A2B0C2D000X,0,0
0.0971187,121,-84,502,0,0,TE1A2B0C2D000X,0,0
0.10937,121,-84,502,0,0,TE1A2B0C2D000X,0,0
0.121496,121,-84,502,0,0,TE1A2B0C2D000X,0,0
0.133352,121,-84,502,0,0,TE1A2B0C2D000X,0,0
0.145617,121,-84,502,0,0,TE1A2B0C2D000X,0,0
0.157617,121,-84,502,0,0,TE1A2B0C2D000X,0,0
0.169896,121,-84,502,0,0,TE1A2B0C2D000X,0,0
0.182024,121,-84,502,0,0,TE1A2B0C2D000X,0,0
0.193957,121,-84,502,0,0,TE1A2B0C2D000X,0,0
0.206072,121,-84,502,0,0,TE1A2B0C2D000X,0,0
0.218204,121,-84,502,0,0,TE1A2B0C2D000X,0,0
0.230575,121,-84,502,0,0,TE1A2B0C2D000X,0,0
0.242668,121,-84,502,0,0,TE1A2B0C2D000X,0,0
0.254622,121,-84,502,1,0,TE1A2B0C2D000X,0,0
0.266712,108,-97,489,1,0,TE1A2B0C2D000X,0,0
0.27887,97,-109,478,0,0,TE1A2B0C3D000X,0,0
0.29086,97,-109,478,1,0,TE1A2B0C3D000X,0,0
0.302957,88,-120,469,1,0,TE1A2B0C3D000X,0,0
0.314972,79,-129,460,1,0,TE1A1B0C3D000X,0,0
0.327223,72,-137,452,1,0,TE1A1B0C4D000X,0,0
0.339276,65,-144,445,0,0,TE1A1B0C4D000X,0,0
0.351543,65,-144,445,1,0,TE1A1B0C4D000X,0,0
0.363796,59,-150,438,1,0,TE1A1B0C4D000X,0,0
0.376178,53,-155,432,1,0,TE1A1B0C5D000X,0,0
0.388791,48,-160,427,1,0,TE1A1B0C5D000X,0,0
0.401193,43,-164,422,1,0,TE1A1B0C5D000X,0,0
0.413846,39,-167,417,1,0,TE1A1B0C5D000X,0,0
0.426778,36,-170,413,1,0,TE1A1B0C5D000X,0,0
0.439641,32,-172,408,1,0,TE1A1B0C6D000X,0,0
0.453232,29,-175,405,1,0,TE1A1B0C6D000X,0,0
0.466026,27,-177,403,1,0,TE1A0B0C6D000X,0,0
0.478628,24,-179,400,1,0,TE1A0B0C6D000X,0,0
0.491337,22,-181,397,1,0,TE1A0B0C6D000X,0,0
0.503976,20,-182,394,1,0,TE1A0B0C6D000X,0,0
0.516421,18,-184,392,1,0,TE1A0B0C6D000X,0,0
0.528839,16,-185,390,1,0,TE1A0B0C7D000X,0,0
0.543169,14,-186,387,1,0,TE1A0B0C7D000X,0,0
0.556049,12,-187,384,1,0,TE1A0B0C7D000X,0,0
0.568051,10,-188,383,1,0,TE1A0B0C7D000X,0,0
0.580498,8,-188,381,1,0,TE1A0B0C7D000X,0,0
0.593153,6,-189,379,1,0,TE1A0B0C7D000X,0,0
0.605318,4,-189,377,1,0,TE1A0B0C7D000X,0,0
0.617703,2,-189,376,1,0,TE1A0B0C7D000X,0,0
0.630106,0,-189,374,1,0,TE1A0B0C7D000X,0,0
0.642331,-1,-189,373,0,0,TE1A0B0C7D000X,0,0
0.654393,-1,-189,373,0,0,TE1A0B0C7D000X,0,0
0.666073,-1,-189,373,0,0,TE1A0B0C7D000X,0,0
0.677759,-1,-189,373,0,0,TE1A0B0C7D000X,0,0
0.689755,-1,-189,373,0,0,TE1A0B0C7D000X,0,0
0.701353,-1,-189,373,0,0,TE1A0B0C7D000X,0,0
0.713282,-1,-189,373,0,0,TE1A0B0C7D000X,0,0
0.725191,-1,-189,373,0,0,TE1A0B0C7D000X,0,0
0.737045,-1,-189,373,0,0,TE1A0B0C7D000X,0,0
0.748832,-1,-189,373,0,0,TE1A0B0C7D000X,0,0
0.760895,-1,-189,373,0,0,TE1A0B0C7D000X,0,0
0.772931,-1,-189,373,0,0,TE1A0B0C7D000X,0,0
0.784788,-1,-189,373,0,0,TE1A0B0C7D000X,0,0
0.796918,-1,-189,373,0,0,TE1A0B0C7D000X,0,0
0.808731,-1,-189,373,0,0,TE1A0B0C7D000X,0,0
0.820763,-1,-189,373,0,0,TE1A0B0C7D000X,0,0
0.832515,-1,-189,373,0,0,TE1A0B0C7D000X,0,0
0.844418,-1,-189,373,0,0,TE1A0B0C7D000X,0,0
0.856756,-1,-189,373,0,0,TE1A0B0C7D000X,0,0
0.86876,-1,-189,373,0,0,TE1A0B0C7D000X,0,0
0.881235,-1,-189,373,0,0,TE1A0B0C7D000X,0,0
0.893488,-1,-189,373,0,0,TE1A0B0C7D000X,0,0
0.905699,-1,-189,373,0,0,TE1A0B0C7D000X,0,0
0.917887,-1,-189,373,1,0,TE1A0B0C7D000X,0,0
0.929896,-13,-189,369,1,0,TE1A0B0C7D000X,0,0
0.942102,-23,-186,366,0,0,TE1A0B0C7D000X,0,0
0.955313,-23,-186,366,1,0,TE1A0B0C7D000X,0,0
0.967922,-33,-184,363,1,0,TE1A0B0C7D000X,0,0
0.980422,-42,-182,361,1,0,TE1A0B1C7D000X,0,0
0.993515,-51,-181,360,1,0,TE1A0B1C7D000X,0,0
1.0059,-58,-180,358,1,0,TE1A0B1C7D000X,0,0
0.0124481,-65,-179,357,1,0,TE1A0B1C7D000X,0,0
0.024891,-71,-177,355,1,0,TE1A0B1C6D000X,0,0
0.0375634,-76,-176,353,1,0,TE1A0B1C6D000X,0,0
0.0504137,-82,-176,352,1,0,TE1A0B1C6D000X,0,0
0.0631254,-86,-175,351,0,0,TE1A0B1C6D000X,0,0
0.0757039,-86,-175,351,0,0,TE1A0B2C6D000X,0,0
0.0886701,-86,-175,351,0,0,TE1A0B2C6D000X,0,0
0.101477,-86,-175,351,0,0,TE1A0B2C6D000X,0,0
0.114262,-86,-175,351,1,0,TE1A0B2C6D000X,0,0
0.127157,-94,-177,347,0,0,TE1A0B2C6D000X,0,0
0.140319,-94,-177,347,0,0,TE1A0B2C6D000X,0,0
0.153227,-94,-177,347,0,0,TE1A0B2C6D000X,0,0
0.165836,-94,-177,347,0,0,TE1A0B2C6D000X,0,0
0.178444,-94,-177,347,0,0,TE1A0B2C6D000X,0,0
0.190867,-94,-177,347,0,0,TE1A0B2C6D000X,0,0
0.203533,-94,-177,347,0,0,TE1A0B2C6D000X,0,0
0.216374,-94,-177,347,0,0,TE1A0B2C6D000X,0,0
0.229029,-94,-177,347,0,0,TE1A0B2C6D000X,0,0
0.241532,-94,-177,347,0,0,TE1A0B2C6D000X,0,0
0.254048,-94,-177,347,0,0,TE1A0B2C6D000X,0,0
0.266505,-94,-177,347,0,0,TE1A0B2C6D000X,0,0
0.279172,-94,-177,347,0,0,TE1A0B2C6D000X,0,0
0.291746,-94,-177,347,0,0,TE1A0B2C6D000X,0,0
0.304356,-94,-177,347,0,0,TE1A0B2C6D000X,0,0
0.316716,-94,-177,347,0,0,TE1A0B2C6D000X,0,0
0.329323,-94,-177,347,0,0,TE1A0B2C6D000X,0,0
0.341949,-94,-177,347,0,0,TE1A0B2C6D000X,0,0
0.354566,-94,-177,347,0,0,TE1A0B2C6D000X,0,0
0.36691,-94,-177,347,0,0,TE1A0B2C6D000X,0,0
0.379132,-94,-177,347,0,0,TE1A0B2C6D000X,0,0
0.391393,-94,-177,347,0,0,TE1A0B2C6D000X,0,0
0.403881,-94,-177,347,0,0,TE1A0B2C6D000X,0,0
0.416372,-94,-177,347,0,0,TE1A0B2C6D000X,0,0
0.428721,-94,-177,347,0,0,TE1A0B2C6D000X,0,0
0.44094,-94,-177,347,0,0,TE1A0B2C6D000X,0,0
0.453267,-94,-177,347,0,0,TE1A0B2C6D000X,0,0
0.465595,-94,-177,347,0,0,TE1A0B2C6D000X,0,0
0.478075,-94,-177,347,0,0,TE1A0B2C6D000X,0,0
0.490599,-94,-177,347,0,0,TE1A0B2C6D000X,0,0
0.503072,-94,-177,347,0,0,TE1A0B2C6D000X,0,0
0.515732,-94,-177,347,0,0,TE1A0B2C6D000X,0,0
0.52826,-94,-177,347,0,0,TE1A0B2C6D000X,0,0
0.540474,-94,-177,347,0,0,TE1A0B2C6D000X,0,0
0.552906,-94,-177,347,0,0,TE1A0B2C6D000X,0,0
0.565346,-94,-177,347,0,0,TE1A0B2C6D000X,0,0
0.577761,-94,-177,347,0,0,TE1A0B2C6D000X,0,0
0.59038,-94,-177,347,0,0,TE1A0B2C6D000X,0,0
0.602904,-94,-177,347,0,0,TE1A0B2C6D000X,0,0
0.614889,-94,-177,347,0,0,TE1A0B2C6D000X,0,0
0.627401,-94,-177,347,0,0,TE1A0B2C6D000X,0,0
0.639587,-94,-177,347,0,0,TE1A0B2C6D000X,0,0
0.652212,-94,-177,347,0,0,TE1A0B2C6D000X,0,0
0.664399,-94,-177,347,0,0,TE1A0B2C6D000X,0,0
0.676841,-94,-177,347,0,0,TE1A0B2C6D000X,0,0
0.689168,-94,-177,347,0,0,TE1A0B2C6D000X,0,0
0.701677,-94,-177,347,0,0,TE1A0B2C6D000X,0,0
0.714355,-94,-177,347,0,0,TE1A0B2C6D000X,0,0
0.726721,-94,-177,347,0,0,TE1A0B2C6D000X,0,0
0.739021,-94,-177,347,0,0,TE1A0B2C6D000X,0,0
0.751572,-94,-177,347,0,0,TE1A0B2C6D000X,0,0
0.76399,-94,-177,347,0,0,TE1A0B2C6D000X,0,0
0.776293,-94,-177,347,0,0,TE1A0B2C6D000X,0,0
0.788715,-94,-177,347,0,0,TE1A0B2C6D000X,0,0
0.801005,-94,-177,347,0,0,TE1A0B2C6D000X,0,0
0.813233,-94,-177,347,0,0,TE1A0B2C6D000X,0,0
0.825287,-94,-177,347,0,0,TE1A0B2C6D000X,0,0
0.837472,-94,-177,347,0,0,TE1A0B2C6D000X,0,0
0.850092,-94,-177,347,0,0,TE1A0B2C6D000X,0,0
0.862383,-94,-177,347,0,0,TE1A0B2C6D000X,0,0
0.874943,-94,-177,347,0,0,TE1A0B2C6D000X,0,0
0.887342,-94,-177,347,0,0,TE1A0B2C6D000X,0,0
0.899688,-94,-177,347,0,0,TE1A0B2C6D000X,0,0
0.911994,-94,-177,347,0,0,TE1A0B2C6D000X,0,0
0.924298,-94,-177,347,0,0,TE1A0B2C6D000X,0,0
0.936722,-94,-177,347,0,0,TE1A0B2C6D000X,0,0
0.949861,-94,-177,347,0,0,TE1A0B2C6D000X,0,0
0.96207,-94,-177,347,0,0,TE1A0B2C6D000X,0,0
0.973973,-94,-177,347,0,0,TE1A0B2C6D000X,0,0
0.986296,-94,-177,347,0,0,TE1A0B2C6D000X,0,0
0.998764,-94,-177,347,0,0,TE1A0B2C6D000X,0,0
1.01122,-94,-177,347,0,0,TE1A0B2C6D000X,0,0
0.0126443,-94,-177,347,0,0,TE1A0B2C6D000X,0,0
0.0251948,-94,-177,347,0,0,TE1A0B2C6D000X,0,0
0.0375676,-94,-177,347,0,0,TE1A0B2C6D000X,0,0
0.0498772,-94,-177,347,0,0,TE1A0B2C6D000X,0,0
0.0621228,-94,-177,347,0,0,TE1A0B2C6D000X,0,0
0.0746128,-94,-177,347,0,0,TE1A0B2C6D000X,0,0
0.0872821,-94,-177,347,0,0,TE1A0B2C6D000X,0,0
0.100005,-94,-177,347,0,0,TE1A0B2C6D000X,0,0
0.112458,-94,-177,347,0,0,TE1A0B2C6D000X,0,0
0.12496,-94,-177,347,0,0,TE1A0B2C6D000X,0,0
0.138509,-94,-177,347,0,0,TE1A0B2C6D000X,0,0
0.150974,-94,-177,347,0,0,TE1A0B2C6D000X,0,0
0.163253,-94,-177,347,0,0,TE1A0B2C6D000X,0,0
0.175644,-94,-177,347,0,0,TE1A0B2C6D000X,0,0
0.187877,-94,-177,347,0,0,TE1A0B2C6D000X,0,0
0.200283,-94,-177,347,0,0,TE1A0B2C6D000X,0,0
0.212905,-94,-177,347,0,0,TE1A0B2C6D000X,0,0
0.225367,-94,-177,347,0,0,TE1A0B2C6D000X,0,0
0.237972,-94,-177,347,0,0,TE1A0B2C6D000X,0,0
0.250125,-94,-177,347,0,0,TE1A0B2C6D000X,0,0
0.262562,-94,-177,347,0,0,TE1A0B2C6D000X,0,0
0.275104,-94,-177,347,0,0,TE1A0B2C6D000X,0,0
0.287522,-94,-177,347,0,0,TE1A0B2C6D000X,0,0
0.299914,-94,-177,347,0,0,TE1A0B2C6D000X,0,0
0.312233,-94,-177,347,0,0,TE1A0B2C6D000X,0,0
0.325261,-94,-177,347,0,0,TE1A0B2C6D000X,0,0
0.338611,-94,-177,347,0,0,TE1A0B2C6D000X,0,0
0.351019,-94,-177,347,0,0,TE1A0B2C6D000X,0,0
0.363815,-94,-177,347,0,0,TE1A0B2C6D000X,0,0
0.376273,-94,-177,347,0,0,TE1A0B2C6D000X,0,0
0.388923,-94,-177,347,0,0,TE1A0B2C6D000X,0,0
0.401502,-94,-177,347,0,0,TE1A0B2C6D000X,0,0
0.413997,-94,-177,347,0,0,TE1A0B2C6D000X,0,0
0.426256,-94,-177,347,0,0,TE1A0B2C6D000X,0,0
0.438577,-94,-177,347,0,0,TE1A0B2C6D000X,0,0
0.45064,-94,-177,347,0,0,TE1A0B2C6D000X,0,0
0.46288,-94,-177,347,0,0,TE1A0B2C6D000X,0,0
0.475346,-94,-177,347,0,0,TE1A0B2C6D000X,0,0
0.487559,-94,-177,347,0,0,TE1A0B2C6D000X,0,0
0.499668,-94,-177,347,0,0,TE1A0B2C6D000X,0,0
0.511883,-94,-177,347,0,0,TE1A0B2C6D000X,0,0
0.525036,-94,-177,347,0,0,TE1A0B2C6D000X,0,0
0.538543,-94,-177,347,0,0,TE1A0B2C6D000X,0,0
0.550896,-94,-177,347,0,0,TE1A0B2C6D000X,0,0
0.563807,-94,-177,347,0,0,TE1A0B2C6D000X,0,0
0.576411,-94,-177,347,0,0,TE1A0B2C6D000X,0,0
0.588551,-94,-177,347,0,0,TE1A0B2C6D000X,0,0
0.600801,-94,-177,347,0,0,TE1A0B2C6D000X,0,0
0.614141,-94,-177,347,1,0,TE1A0B2C6D000X,0,0
0.626423,-103,-182,341,0,0,TE1A0B2C6D000X,0,0
0.638635,-103,-182,341,1,0,TE1A0B2C7D000X,0,0
0.651012,-108,-185,336,1,0,TE1A0B2C7D000X,0,0
0.663695,-112,-188,333,0,0,TE1A0B2C7D000X,0,0
0.676193,-112,-188,333,1,0,TE1A0B2C7D000X,0,0
0.689077,-118,-191,329,1,0,TE1A0B2C7D000X,0,0
0.701975,-121,-193,327,0,0,TE1A0B2C7D000X,0,0
0.718643,-121,-193,327,1,0,TE1A0B2C7D000X,0,0
0.737545,-126,-196,323,1,0,TE1A0B2C7D000X,0,0
0.751002,-129,-198,320,0,0,TE1A0B2C7D000X,0,0
0.763211,-129,-198,320,1,0,TE1A0B3C7D000X,0,0
0.782769,-133,-200,317,1,0,TE1A0B3C7D000X,0,0
0.795292,-136,-202,315,1,0,TE1A0B3C7D000X,0,0
0.807972,-138,-204,314,1,0,TE1A0B3C7D000X,0,0
0.820661,-140,-205,312,1,0,TE1A0B3C7D000X,0,0
0.833203,-141,-206,310,1,0,TE1A0B3C7D000X,0,0
0.845578,-143,-206,309,1,0,TE1A0B3C8D000X,0,0
0.858627,-144,-207,308,1,0,TE1A0B3C8D000X,0,0
0.872026,-145,-208,307,1,0,TE1A0B3C8D000X,0,0
0.884479,-147,-208,306,1,0,TE1A0B3C8D000X,0,0
0.896917,-148,-209,305,1,0,TE1A0B3C8D000X,0,0
0.909584,-149,-209,304,1,0,TE1A0B3C8D000X,0,0
0.922146,-150,-210,303,1,0,TE1A0B3C8D000X,0,0
0.934751,-151,-210,303,1,0,TE1A0B3C8D000X,0,0
0.948935,-152,-210,302,1,0,TE1A0B3C8D000X,0,0
0.96168,-153,-211,302,1,0,TE1A0B3C8D000X,0,0
0.974754,-154,-211,301,1,0,TE1A0B3C8D000X,0,0
0.987319,-154,-211,301,1,0,TE1A0B3C8D000X,0,0
1.00001,-155,-211,300,1,0,TE1A0B3C8D000X,0,0
0.0132629,-155,-212,299,1,0,TE1A0B3C8D000X,0,0
0.0261005,-154,-211,299,1,0,TE1A0B3C8D000X,0,0
0.0388306,-155,-211,298,1,0,TE1A0B3C8D000X,0,0
0.0516451,-155,-211,298,1,0,TE1A0B3C8D000X,0,0
0.0642373,-155,-210,297,1,0,TE1A0B3C8D000X,0,0
0.0770431,-155,-210,296,1,0,TE1A0B3C8D000X,0,0
0.0898797,-156,-210,296,1,0,TE1A0B3C8D000X,0,0
0.102791,-156,-211,296,1,0,TE1A0B3C8D000X,0,0
0.115508,-156,-211,295,1,0,TE1A0B3C8D000X,0,0
0.128112,-157,-211,295,1,0,TE1A0B3C8D000X,0,0
0.140922,-157,-211,295,1,0,TE1A0B3C8D000X,0,0
0.15473,-157,-211,295,1,0,TE1A0B3C8D000X,0,0
0.167941,-158,-211,294,1,0,TE1A0B3C8D000X,0,0
0.180492,-158,-211,294,1,0,TE1A0B3C8D000X,0,0
0.193326,-158,-211,294,1,0,TE1A0B3C8D000X,0,0
0.206146,-158,-211,294,1,0,TE1A0B3C8D000X,0,0
0.219347,-159,-211,294,1,0,TE1A0B3C8D000X,0,0
0.231864,-159,-211,293,1,0,TE1A0B3C8D000X,0,0
0.244655,-159,-211,293,1,0,TE1A0B3C8D000X,0,0
0.25718,-159,-211,293,1,0,TE1A0B3C8D000X,0,0
0.269835,-159,-211,293,1,0,TE1A0B3C8D000X,0,0
0.28258,-159,-211,293,1,0,TE1A0B3C8D000X,0,0
0.295474,-159,-211,293,1,0,TE1A0B3C8D000X,0,0
0.308449,-159,-211,293,1,0,TE1A0B3C8D000X,0,0
0.321174,-160,-211,293,1,0,TE1A0B3C8D000X,0,0
0.333663,-160,-210,293,1,0,TE1A0B3C8D000X,0,0
0.34637,-160,-210,293,1,0,TE1A0B3C8D000X,0,0
0.359404,-160,-210,293,1,0,TE1A0B3C8D000X,0,0
0.37233,-160,-211,293,1,0,TE1A0B3C8D000X,0,0
0.384856,-160,-210,293,1,0,TE1A0B3C8D000X,0,0
0.397552,-161,-210,293,1,0,TE1A0B3C8D000X,0,0
0.410438,-161,-210,293,1,0,TE1A0B3C8D000X,0,0
0.42343,-161,-210,293,1,0,TE1A0B3C8D000X,0,0
0.436304,-161,-210,293,1,0,TE1A0B3C8D000X,0,0
0.449095,-161,-210,293,1,0,TE1A0B3C8D000X,0,0
0.461725,-161,-210,293,1,0,TE1A0B3C8D000X,0,0
0.474496,-161,-210,293,1,0,TE1A0B3C8D000X,0,0
0.487243,-161,-210,293,1,0,TE1A0B3C8D000X,0,0
0.499895,-161,-209,293,1,0,TE1A0B3C8D000X,0,0
0.512429,-161,-209,293,1,0,TE1A0B3C8D000X,0,0
0.525223,-161,-209,293,1,0,TE1A0B3C8D000X,0,0
0.538841,-161,-209,293,1,0,TE1A0B3C8D000X,0,0
0.552632,-161,-209,293,1,0,TE1A0B3C8D000X,0,0
0.565121,-162,-209,294,1,0,TE1A0B3C8D000X,0,0
0.57768,-162,-210,294,1,0,TE1A0B3C8D000X,0,0
0.590349,-162,-209,294,1,0,TE1A0B3C8D000X,0,0
0.602973,-162,-209,293,1,0,TE1A0B3C8D000X,0,0
0.61571,-162,-209,293,1,0,TE1A0B3C8D000X,0,0
0.628311,-162,-209,294,1,0,TE1A0B3C8D000X,0,0
0.641046,-162,-209,294,1,0,TE1A0B3C8D000X,0,0
0.653636,-163,-209,295,1,0,TE1A0B3C8D000X,0,0
0.66625,-163,-209,295,1,0,TE1A0B3C8D000X,0,0
0.678906,-163,-209,295,1,0,TE1A0B3C8D000X,0,0
0.691796,-163,-209,295,1,0,TE1A0B3C8D000X,0,0
0.70467,-163,-209,295,1,0,TE1A0B3C8D000X,0,0
0.717277,-163,-209,295,1,0,TE1A0B3C8D000X,0,0
0.729795,-163,-209,295,1,0,TE1A0B3C8D000X,0,0
0.74257,-164,-209,295,1,0,TE1A0B3C8D000X,0,0
0.754013,-164,-209,295,1,0,TE1A0B3C8D000X,0,0
0.768838,-164,-209,296,1,0,TE1A0B3C8D000X,0,0
0.781923,-164,-209,295,1,0,TE1A0B3C8D000X,0,0
0.794459,-164,-208,296,1,0,TE1A0B3C8D000X,0,0
0.807532,-163,-208,296,1,0,TE1A0B3C8D000X,0,0
0.820205,-163,-208,295,1,0,TE1A0B3C8D000X,0,0
0.833107,-163,-208,295,1,0,TE1A0B3C8D000X,0,0
0.846217,-163,-208,295,1,0,TE1A0B3C8D000X,0,0
0.858929,-163,-207,295,1,0,TE1A0B3C8D000X,0,0
0.871798,-162,-207,295,1,0,TE1A0B3C8D000X,0,0
0.88711,-162,-207,295,0,0,TE1A0B3C8D000X,0,0
0.902863,-162,-207,295,1,0,TE1A0B3C8D000X,0,0
0.915335,-126,-203,290,1,0,TE1A0B3C8D000X,0,0
0.92787,-92,-199,286,1,0,TE1A0B3C8D000X,0,0
0.940667,-61,-196,283,1,0,TE1A0B2C8D000X,0,0
0.953598,-34,-192,280,1,0,TE1A0B1C8D000X,0,0
0.966394,-9,-189,277,1,0,TE1A0B1C8D000X,0,0
0.978944,12,-187,275,1,0,TE1A0B0C9D000X,0,0
0.992142,31,-184,272,1,0,TE1A0B0C9D000X,0,0
1.00547,50,-182,270,1,0,TE1A1B0C9D000X,0,0
0.0156725,67,-180,269,1,0,TE1A1B0C8D000X,0,0
0.0282384,80,-178,268,1,0,TE1A1B0C8D000X,0,0
0.040302,94,-177,267,0,0,TE1A2B0C8D000X,0,0
0.0535367,94,-177,267,1,0,TE1A2B0C8D000X,0,0
0.0666785,109,-176,264,1,0,TE1A2B0C8D000X,0,0
0.0786276,121,-175,263,0,0,TE1A2B0C8D000X,0,0
0.0901272,121,-175,263,0,0,TE1A3B0C8D000X,0,0
0.101905,121,-175,263,0,0,TE1A3B0C8D000X,0,0
0.115138,121,-175,263,1,0,TE1A3B0C8D000X,0,0
0.127264,139,-172,258,1,0,TE1A3B0C8D000X,0,0
0.139565,149,-170,257,0,0,TE1A3B0C7D000X,0,0
0.152293,149,-170,257,1,0,TE1A4B0C7D000X,0,0
0.164853,160,-168,255,0,0,TE1A4B0C7D000X,0,0
0.176957,160,-168,255,1,0,TE1A4B0C7D000X,0,0
0.189539,170,-166,253,1,0,TE1A4B0C7D000X,0,0
0.202617,177,-164,253,1,0,TE1A4B0C7D000X,0,0
0.214705,183,-163,252,1,0,TE1A4B0C7D000X,0,0
0.226549,189,-161,251,1,0,TE1A4B0C7D000X,0,0
0.238865,194,-160,251,1,0,TE1A4B0C7D000X,0,0
0.251453,198,-158,250,1,0,TE1A4B0C6D000X,0,0
0.263809,202,-156,249,1,0,TE1A4B0C6D000X,0,0
0.276315,205,-155,249,1,0,TE1A5B0C6D000X,0,0
0.288734,207,-154,248,1,0,TE1A5B0C6D000X,0,0
0.301157,210,-153,249,0,0,TE1A5B0C6D000X,0,0
0.313421,210,-153,249,1,0,TE1A5B0C6D000X,0,0
0.326013,214,-151,248,1,0,TE1A5B0C6D000X,0,0
0.338536,216,-150,248,1,0,TE1A5B0C6D000X,0,0
0.350902,217,-150,248,1,0,TE1A5B0C6D000X,0,0
0.364048,218,-149,248,0,0,TE1A5B0C6D000X,0,0
0.377867,218,-149,248,1,0,TE1A5B0C6D000X,0,0
0.39353,221,-148,248,1,0,TE1A5B0C6D000X,0,0
0.407045,222,-147,249,1,0,TE1A5B0C6D000X,0,0
0.419577,222,-147,249,1,0,TE1A5B0C6D000X,0,0
0.433143,222,-146,250,1,0,TE1A5B0C6D000X,0,0
0.445426,221,-146,250,1,0,TE1A5B0C6D000X,0,0
0.460299,220,-145,251,1,0,TE1A5B0C6D000X,0,0
0.472872,219,-145,251,1,0,TE1A5B0C6D000X,0,0
0.485602,218,-144,251,1,0,TE1A5B0C6D000X,0,0
0.497914,217,-145,252,1,0,TE1A5B0C6D000X,0,0
0.510429,216,-144,253,1,0,TE1A5B0C6D000X,0,0
0.52272,214,-144,253,1,0,TE1A5B0C6D000X,0,0
0.534933,212,-143,252,1,0,TE1A5B0C6D000X,0,0
0.54732,209,-143,252,1,0,TE1A5B0C6D000X,0,0
0.559488,208,-143,252,1,0,TE1A5B0C6D000X,0,0
0.57187,206,-143,252,1,0,TE1A5B0C6D000X,0,0
0.584019,204,-143,252,1,0,TE1A5B0C6D000X,0,0
0.595997,202,-143,253,1,0,TE1A5B0C6D000X,0,0
0.608286,200,-144,253,1,0,TE1A5B0C6D000X,0,0
0.620409,198,-144,253,1,0,TE1A5B0C6D000X,0,0
0.633862,197,-144,253,1,0,TE1A5B0C6D000X,0,0
0.646098,195,-145,253,1,0,TE1A5B0C6D000X,0,0
0.658049,193,-146,252,1,0,TE1A5B0C6D000X,0,0
0.670333,191,-147,253,1,0,TE1A5B0C6D000X,0,0
0.682337,190,-148,253,1,0,TE1A5B0C6D000X,0,0
0.694318,188,-149,253,1,0,TE1A5B0C6D000X,0,0
0.706394,187,-151,254,1,0,TE1A4B0C6D000X,0,0
0.718393,185,-152,254,1,0,TE1A4B0C6D000X,0,0
0.730493,183,-153,255,1,0,TE1A4B0C6D000X,0,0
0.742497,182,-155,255,1,0,TE1A4B0C6D000X,0,0
0.755038,180,-156,255,1,0,TE1A4B0C7D000X,0,0
0.767608,178,-158,256,1,0,TE1A4B0C7D000X,0,0
0.780333,176,-159,256,1,0,TE1A4B0C7D000X,0,0
0.79245,174,-161,257,1,0,TE1A4B0C7D000X,0,0
0.804457,172,-163,258,1,0,TE1A4B0C7D000X,0,0
0.816441,170,-165,259,1,0,TE1A4B0C7D000X,0,0
0.828297,168,-167,261,1,0,TE1A4B0C7D000X,0,0
0.840143,165,-169,263,1,0,TE1A4B0C7D000X,0,0
0.853513,162,-171,263,1,0,TE1A4B0C7D000X,0,0
0.866449,160,-172,264,0,0,TE1A4B0C7D000X,0,0
0.879377,160,-172,264,1,0,TE1A4B0C7D000X,0,0
0.892009,157,-174,265,1,0,TE1A4B0C7D000X,0,0
0.904168,154,-175,265,1,0,TE1A4B0C7D000X,0,0
0.920016,150,-177,266,1,0,TE1A4B0C7D000X,0,0
0.935328,147,-179,267,1,0,TE1A3B0C7D000X,0,0
0.947477,143,-180,268,1,0,TE1A3B0C7D000X,0,0
0.959576,140,-182,270,1,0,TE1A3B0C7D000X,0,0
0.971803,136,-184,270,1,0,TE1A3B0C8D000X,0,0
0.984021,132,-186,271,0,0,TE1A3B0C8D000X,0,0
0.995899,132,-186,271,1,0,TE1A3B0C8D000X,0,0
1.00827,128,-187,271,1,0,TE1A3B0C8D000X,0,0
0.0123679,124,-190,272,1,0,TE1A3B0C8D000X,0,0
0.0251988,119,-191,273,1,0,TE1A3B0C8D000X,0,0
0.0374275,115,-193,274,1,0,TE1A3B0C8D000X,0,0
0.049877,112,-195,275,1,0,TE1A3B0C8D000X,0,0
0.0626067,108,-197,275,1,0,TE1A3B0C8D000X,0,0
0.0753067,104,-198,275,0,0,TE1A2B0C8D000X,0,0
0.087499,104,-198,275,0,0,TE1A2B0C8D000X,0,0
0.100161,104,-198,275,1,0,TE1A2B0C8D000X,0,0
0.112772,101,-200,275,0,0,TE1A2B0C8D000X,0,0
0.124979,101,-200,275,0,0,TE1A2B0C8D000X,0,0
0.13713,101,-200,275,1,0,TE1A2B0C8D000X,0,0
0.149612,97,-203,275,1,0,TE1A2B0C8D000X,0,0
0.162666,93,-204,275,1,0,TE1A2B0C8D000X,0,0
0.176158,88,-205,274,0,0,TE1A2B0C9D000X,0,0
0.188779,88,-205,274,1,0,TE1A2B0C9D000X,0,0
0.20311,84,-207,274,1,0,TE1A2B0C9D000X,0,0
0.216055,79,-209,274,1,0,TE1A2B0C9D000X,0,0
0.228919,76,-211,275,1,0,TE1A2B0C9D000X,0,0
0.241583,71,-213,276,0,0,TE1A2B0C9D000X,0,0
0.254072,71,-213,276,1,0,TE1A2B0C9D000X,0,0
0.267023,67,-214,276,1,0,TE1A2B0C9D000X,0,0
0.280009,63,-216,276,1,0,TE1A1B0C9D000X,0,0
0.293093,60,-217,276,1,0,TE1A1B0C9D000X,0,0
0.305962,56,-218,276,1,0,TE1A1B0C9D000X,0,0
0.318833,53,-220,277,1,0,TE1A1B0C9D000X,0,0
0.331844,49,-221,277,1,0,TE1A1B0C9D000X,0,0
0.344907,46,-222,277,1,0,TE1A1B0C9D000X,0,0
0.357883,43,-223,277,0,0,TE1A1B0C9D000X,0,0
0.370377,43,-223,277,0,0,TE1A1B0C9D000X,0,0
0.382703,43,-223,277,0,0,TE1A1B0C9D000X,0,0
0.395313,43,-223,277,1,0,TE1A1B0C9D000X,0,0
0.408453,38,-225,276,1,0,TE1A1B0C9D000X,0,0
0.420931,34,-227,276,1,0,TE1A1B0C9D000X,0,0
0.433744,30,-228,276,1,0,TE1A1B0C9D000X,0,0
0.446697,27,-228,275,1,0,TE1A1B0C9D000X,0,0
0.459981,23,-228,274,1,0,TE1A1B0C9D000X,0,0
0.473225,20,-229,274,1,0,TE1A1B0C9D000X,0,0
0.486139,17,-230,274,1,0,TE1A1B0C9D000X,0,0
0.498848,15,-231,274,1,0,TE1A0B0C9D000X,0,0
0.511713,12,-232,274,1,0,TE1A0B0C9D000X,0,0
0.525343,9,-233,274,1,0,TE1A0B0C9D000X,0,0
0.53901,7,-234,274,0,0,TE1A0B0C9D000X,0,0
0.55212,7,-234,274,0,0,TE1A0B0C9D000X,0,0
0.565127,7,-234,274,1,0,TE1A0B0C9D000X,0,0
0.578776,2,-236,273,1,0,TE1A0B0C9D000X,0,0
0.592085,0,-237,272,0,0,TE1A0B0C9D000X,0,0
0.605756,0,-237,272,1,0,TE1A0B0C9D000X,0,0
0.618371,-4,-238,271,1,0,TE1A0B0C9D000X,0,0
0.631138,-8,-238,270,1,0,TE1A0B0C9D000X,0,0
0.645062,-11,-238,269,1,0,TE1A0B0C9D000X,0,0
0.658426,-14,-239,269,1,0,TE1A0B0C9D000X,0,0
0.672336,-17,-239,268,1,0,TE1A0B0C9D000X,0,0
0.686468,-19,-239,268,1,0,TE1A0B0C9D000X,0,0
0.699683,-22,-239,267,1,0,TE1A0B0C9D000X,0,0
0.713129,-24,-240,267,1,0,TE1A0B0C9D000X,0,0
0.726383,-26,-239,266,1,0,TE1A0B1C9D000X,0,0
0.739864,-28,-239,266,1,0,TE1A0B1C9D000X,0,0
0.753255,-29,-238,265,1,0,TE1A0B1C9D000X,0,0
0.766733,-31,-238,265,1,0,TE1A0B1C9D000X,0,0
0.780796,-32,-237,264,1,0,TE1A0B1C9D000X,0,0
0.794584,-34,-237,264,1,0,TE1A0B1C9D000X,0,0
0.808478,-35,-236,263,1,0,TE1A0B1C9D000X,0,0
0.822378,-36,-235,263,1,0,TE1A0B1C9D000X,0,0
0.835974,-38,-235,263,1,0,TE1A0B1C9D000X,0,0
0.8492,-39,-234,263,1,0,TE1A0B1C9D000X,0,0
0.862305,-40,-233,262,1,0,TE1A0B1C9D000X,0,0
0.875372,-41,-232,263,1,0,TE1A0B1C9D000X,0,0
0.889071,-42,-231,262,1,0,TE1A0B1C9D000X,0,0
0.902171,-43,-230,262,1,0,TE1A0B1C9D000X,0,0
0.915112,-44,-229,262,1,0,TE1A0B1C9D000X,0,0
0.928025,-45,-229,263,1,0,TE1A0B1C9D000X,0,0
0.940813,-45,-228,263,1,0,TE1A0B1C9D000X,0,0
0.954173,-46,-227,264,1,0,TE1A0B1C9D000X,0,0
0.967307,-46,-226,264,1,0,TE1A0B1C9D000X,0,0
0.980758,-46,-225,265,1,0,TE1A0B1C9D000X,0,0
0.99344,-47,-223,265,1,0,TE1A0B1C9D000X,0,0
1.00681,-47,-222,266,1,0,TE1A0B1C9D000X,0,0
0.0127727,-47,-221,266,1,0,TE1A0B1C9D000X,0,0
0.0257855,-45,-219,267,1,0,TE1A0B1C9D000X,0,0
0.0392654,-45,-217,267,1,0,TE1A0B1C9D000X,0,0
0.0526512,-45,-215,267,1,0,TE1A0B1C9D000X,0,0
0.0658304,-45,-214,267,1,0,TE1A0B1C9D000X,0,0
0.0784402,-44,-212,268,1,0,TE1A0B1C9D000X,0,0
0.090626,-43,-210,269,1,0,TE1A0B1C9D000X,0,0
0.103411,-42,-208,269,1,0,TE1A0B1C9D000X,0,0
0.11875,-41,-206,270,1,0,TE1A0B1C9D000X,0,0
0.131918,-40,-204,271,1,0,TE1A0B1C9D000X,0,0
0.144674,-39,-202,271,1,0,TE1A0B1C9D000X,0,0
0.157272,-37,-200,272,1,0,TE1A0B1C9D000X,0,0
0.169839,-36,-198,273,1,0,TE1A0B1C9D000X,0,0
0.182395,-34,-195,274,1,0,TE1A0B1C9D000X,0,0
0.195237,-32,-193,275,1,0,TE1A0B1C9D000X,0,0
0.2089,-30,-191,275,1,0,TE1A0B1C9D000X,0,0
0.222262,-28,-189,276,1,0,TE1A0B1C9D000X,0,0
0.235223,-26,-186,277,1,0,TE1A0B1C9D000X,0,0
0.247781,-24,-184,277,1,0,TE1A0B1C9D000X,0,0
0.260588,-21,-181,277,1,0,TE1A0B1C9D000X,0,0
0.273394,-19,-179,278,1,0,TE1A0B0C9D000X,0,0
0.286217,-17,-177,279,1,0,TE1A0B0C8D000X,0,0
0.298441,-14,-174,280,1,0,TE1A0B0C8D000X,0,0
0.310854,-12,-172,280,1,0,TE1A0B0C8D000X,0,0
0.323615,-10,-169,280,1,0,TE1A0B0C8D000X,0,0
0.336374,-7,-167,281,1,0,TE1A0B0C8D000X,0,0
0.348749,-5,-164,282,1,0,TE1A0B0C8D000X,0,0
0.361239,-2,-162,282,1,0,TE1A0B0C8D000X,0,0
0.373666,0,-160,283,1,0,TE1A0B0C8D000X,0,0
0.386365,2,-157,283,1,0,TE1A0B0C8D000X,0,0
0.399072,4,-155,283,1,0,TE1A0B0C8D000X,0,0
0.411465,7,-152,283,1,0,TE1A0B0C8D000X,0,0
0.423709,9,-150,283,1,0,TE1A0B0C7D000X,0,0
0.436016,11,-148,284,1,0,TE1A0B0C7D000X,0,0
0.448381,14,-145,284,1,0,TE1A0B0C7D000X,0,0
0.460435,16,-143,285,1,0,TE1A0B0C7D000X,0,0
0.472534,18,-141,285,1,0,TE1A0B0C7D000X,0,0
0.484695,20,-138,285,1,0,TE1A0B0C7D000X,0,0
0.496779,22,-135,285,1,0,TE1A0B0C7D000X,0,0
0.50903,24,-133,286,1,0,TE1A1B0C6D000X,0,0
0.521258,26,-130,287,1,0,TE1A1B0C6D000X,0,0
0.533567,28,-127,287,1,0,TE1A1B0C6D000X,0,0
0.545595,29,-125,287,0,0,TE1A1B0C6D000X,0,0
0.557612,29,-125,287,1,0,TE1A1B0C6D000X,0,0
0.569836,31,-121,287,1,0,TE1A1B0C6D000X,0,0
0.58185,32,-118,287,1,0,TE1A1B0C6D000X,0,0
0.594156,33,-115,287,1,0,TE1A1B0C5D000X,0,0
0.60655,35,-112,288,1,0,TE1A1B0C5D000X,0,0
0.61907,36,-109,288,1,0,TE1A1B0C5D000X,0,0
0.631431,36,-106,288,1,0,TE1A1B0C5D000X,0,0
0.644161,37,-103,288,1,0,TE1A1B0C5D000X,0,0
0.657118,38,-101,291,1,0,TE1A1B0C5D000X,0,0
0.669673,39,-98,290,1,0,TE1A1B0C5D000X,0,0
0.682181,39,-96,290,1,0,TE1A1B0C5D000X,0,0
0.694637,40,-93,289,1,0,TE1A1B0C4D000X,0,0
0.70715,40,-91,290,1,0,TE1A1B0C4D000X,0,0
0.719899,40,-88,289,1,0,TE1A1B0C4D000X,0,0
0.73293,40,-86,289,1,0,TE1A1B0C4D000X,0,0
0.74549,40,-84,289,1,0,TE1A1B0C4D000X,0,0
0.758163,40,-82,288,1,0,TE1A1B0C4D000X,0,0
0.770441,40,-80,288,1,0,TE1A1B0C4D000X,0,0
0.783023,40,-78,287,1,0,TE1A1B0C4D000X,0,0
0.795818,39,-76,287,1,0,TE1A1B0C4D000X,0,0
0.808579,39,-74,287,1,0,TE1A1B0C4D000X,0,0
0.821605,39,-73,287,1,0,TE1A1B0C3D000X,0,0
0.834283,38,-71,286,1,0,TE1A1B0C3D000X,0,0
0.849925,38,-69,286,1,0,TE1A1B0C3D000X,0,0
0.862715,37,-67,285,1,0,TE1A1B0C3D000X,0,0
0.875436,37,-66,285,1,0,TE1A1B0C3D000X,0,0
0.888456,36,-65,284,1,0,TE1A1B0C3D000X,0,0
0.901354,36,-63,283,1,0,TE1A1B0C3D000X,0,0
0.91419,35,-62,282,1,0,TE1A1B0C3D000X,0,0
0.928173,35,-61,283,1,0,TE1A1B0C3D000X,0,0
0.941642,34,-60,283,1,0,TE1A1B0C3D000X,0,0
0.954572,34,-60,282,1,0,TE1A1B0C3D000X,0,0
0.967316,33,-59,282,1,0,TE1A1B0C3D000X,0,0
0.979772,33,-58,282,1,0,TE1A1B0C3D000X,0,0
0.992566,32,-58,281,1,0,TE1A1B0C3D000X,0,0
1.00536,32,-58,281,1,0,TE1A1B0C3D000X,0,0
0.0127044,32,-58,280,1,0,TE1A1B0C3D000X,0,0
0.0250417,32,-59,280,1,0,TE1A1B0C3D000X,0,0
0.0374685,31,-59,279,1,0,TE1A1B0C3D000X,0,0
0.0504334,31,-60,280,1,0,TE1A1B0C3D000X,0,0
0.0633856,31,-60,279,1,0,TE1A1B0C3D000X,0,0
0.0771414,31,-60,279,1,0,TE1A1B0C3D000X,0,0
0.0900714,31,-61,279,1,0,TE1A1B0C3D000X,0,0
0.102873,31,-61,279,1,0,TE1A1B0C3D000X,0,0
0.115882,31,-62,278,1,0,TE1A1B0C3D000X,0,0
0.128954,31,-62,279,1,0,TE1A1B0C3D000X,0,0
0.141913,31,-62,278,1,0,TE1A1B0C3D000X,0,0
0.154667,30,-63,278,1,0,TE1A1B0C3D000X,0,0
0.167478,30,-63,277,1,0,TE1A1B0C3D000X,0,0
0.180442,30,-63,277,1,0,TE1A1B0C3D000X,0,0
0.19371,29,-63,277,1,0,TE1A1B0C3D000X,0,0
0.206597,29,-63,277,1,0,TE1A1B0C3D000X,0,0
0.219402,29,-63,277,1,0,TE1A1B0C3D000X,0,0
0.232025,28,-62,276,1,0,TE1A1B0C3D000X,0,0
0.245408,28,-63,278,1,0,TE1A1B0C3D000X,0,0
0.258497,27,-62,277,1,0,TE1A1B0C3D000X,0,0
0.271895,27,-62,277,1,0,TE1A1B0C3D000X,0,0
0.285553,27,-61,276,1,0,TE1A1B0C3D000X,0,0
0.300293,26,-61,276,1,0,TE1A1B0C3D000X,0,0
0.315422,26,-60,275,1,0,TE1A1B0C3D000X,0,0
0.330862,26,-59,274,1,0,TE1A1B0C3D000X,0,0
0.347655,25,-59,274,1,0,TE1A1B0C3D000X,0,0
0.360782,25,-58,273,1,0,TE1A1B0C3D000X,0,0
0.373827,25,-57,272,1,0,TE1A1B0C3D000X,0,0
0.387633,25,-57,271,1,0,TE1A1B0C3D000X,0,0
0.402235,24,-56,271,1,0,TE1A1B0C3D000X,0,0
0.415759,24,-56,271,1,0,TE1A1B0C3D000X,0,0
0.428771,24,-55,270,1,0,TE1A1B0C3D000X,0,0
0.441778,24,-54,270,1,0,TE1A1B0C3D000X,0,0
0.455684,24,-54,269,1,0,TE1A1B0C3D000X,0,0
0.468771,23,-53,269,1,0,TE1A1B0C3D000X,0,0
0.481564,23,-53,268,1,0,TE1A1B0C3D000X,0,0
0.494397,23,-52,268,1,0,TE1A1B0C3D000X,0,0
0.507189,23,-51,267,1,0,TE1A1B0C3D000X,0,0
0.520101,23,-51,267,1,0,TE1A1B0C3D000X,0,0
0.533366,23,-50,266,1,0,TE1A1B0C3D000X,0,0
0.546255,23,-49,266,1,0,TE1A1B0C3D000X,0,0
0.559006,23,-49,266,1,0,TE1A1B0C3D000X,0,0
0.57169,23,-48,265,1,0,TE1A1B0C2D000X,0,0
0.58463,23,-48,265,1,0,TE1A1B0C2D000X,0,0
0.59755,23,-47,265,1,0,TE1A1B0C2D000X,0,0
0.610419,23,-46,264,1,0,TE1A1B0C2D000X,0,0
0.62318,23,-46,264,1,0,TE1A1B0C2D000X,0,0
0.635918,23,-45,263,1,0,TE1A1B0C2D000X,0,0
0.649654,23,-45,263,1,0,TE1A1B0C2D000X,0,0
0.663793,23,-44,262,1,0,TE1A1B0C2D000X,0,0
0.677203,23,-43,262,1,0,TE1A1B0C2D000X,0,0
0.69006,23,-43,262,1,0,TE1A1B0C2D000X,0,0
0.702616,23,-42,262,1,0,TE1A1B0C2D000X,0,0
0.716314,23,-41,262,1,0,TE1A1B0C2D000X,0,0
0.729235,23,-40,261,1,0,TE1A1B0C2D000X,0,0
0.742037,23,-40,261,1,0,TE1A1B0C2D000X,0,0
0.754419,23,-39,261,1,0,TE1A1B0C2D000X,0,0
0.766832,23,-38,261,1,0,TE1A1B0C2D000X,0,0
0.780202,23,-37,261,1,0,TE1A1B0C2D000X,0,0
0.793718,23,-36,261,1,0,TE1A1B0C2D000X,0,0
0.806398,22,-34,260,1,0,TE1A1B0C2D000X,0,0
0.818888,22,-33,260,1,0,TE1A1B0C2D000X,0,0
0.831888,22,-32,259,1,0,TE1A1B0C2D000X,0,0
0.844515,22,-31,260,1,0,TE1A1B0C2D000X,0,0
0.857117,22,-30,260,1,0,TE1A1B0C2D000X,0,0
0.869062,21,-28,260,1,0,TE1A1B0C2D000X,0,0
0.881491,21,-27,259,1,0,TE1A1B0C1D000X,0,0
0.893955,21,-26,260,1,0,TE1A1B0C1D000X,0,0
0.90635,21,-24,260,1,0,TE1A1B0C1D000X,0,0
0.91904,21,-23,259,1,0,TE1A1B0C1D000X,0,0
0.931893,20,-21,259,1,0,TE1A1B0C1D000X,0,0
0.944621,20,-20,259,1,0,TE1A1B0C1D000X,0,0
0.957409,20,-19,259,1,0,TE1A1B0C1D000X,0,0
0.969801,20,-17,259,1,0,TE1A1B0C1D000X,0,0
0.982283,20,-16,258,1,0,TE1A1B0C1D000X,0,0
0.994984,20,-14,258,1,0,TE1A1B0C1D000X,0,0
1.00773,19,-13,258,1,0,TE1A1B0C1D000X,0,0
0.0125787,19,-12,258,1,0,TE1A1B0C1D000X,0,0
0.0261666,19,-11,259,1,0,TE1A1B0C1D000X,0,0
0.0428545,19,-10,259,1,0,TE1A1B0C1D000X,0,0
0.0561607,18,-8,259,1,0,TE1A1B0C1D000X,0,0
0.069185,18,-7,259,1,0,TE1A1B0C1D000X,0,0
0.0832889,18,-5,259,1,0,TE1A1B0C1D000X,0,0
0.0957081,18,-4,258,1,0,TE1A1B0C0D000X,0,0
0.108917,17,-3,258,1,0,TE1A1B0C0D000X,0,0
0.121739,17,-2,258,1,0,TE1A1B0C0D000X,0,0
0.136215,17,-1,258,1,0,TE1A1B0C0D000X,0,0
0.149226,16,0,258,1,0,TE1A1B0C0D000X,0,0
0.162211,16,0,258,1,0,TE1A1B0C0D000X,0,0
0.175414,16,1,258,1,0,TE1A1B0C0D000X,0,0
0.188341,15,2,258,1,0,TE1A1B0C0D000X,0,0
0.202222,15,3,258,1,0,TE1A1B0C0D000X,0,0
0.215331,14,4,258,1,0,TE1A1B0C0D000X,0,0
0.228113,14,5,258,1,0,TE1A1B0C0D000X,0,0
0.240988,13,6,258,1,0,TE1A1B0C0D000X,0,0
0.25374,13,7,258,1,0,TE1A1B0C0D000X,0,0
0.26642,12,8,258,1,0,TE1A1B0C0D000X,0,0
0.27897,12,9,258,1,0,TE1A1B0C0D000X,0,0
0.292464,11,11,258,1,0,TE1A1B0C0D000X,0,0
0.305707,11,12,258,1,0,TE1A1B0C0D000X,0,0
0.319316,10,13,258,1,0,TE1A1B0C0D000X,0,0
0.332306,10,15,257,1,0,TE1A1B0C0D000X,0,0
0.345055,9,16,257,1,0,TE1A1B0C0D000X,0,0
0.357923,9,17,256,1,0,TE1A1B0C0D000X,0,0
0.370737,9,19,256,1,0,TE1A1B0C0D000X,0,0
0.383405,8,20,256,1,0,TE1A1B0C0D000X,0,0
0.396744,8,22,255,1,0,TE1A1B0C0D000X,0,0
0.409373,8,24,255,1,0,TE1A1B0C0D000X,0,0
0.421678,8,25,255,1,0,TE1A1B0C0D000X,0,0
0.434341,7,27,254,1,0,TE1A1B0C0D000X,0,0
0.446785,7,28,254,1,0,TE1A1B1C0D000X,0,0
0.459402,7,30,254,1,0,TE1A1B1C0D000X,0,0
0.472044,7,31,253,1,0,TE1A1B1C0D000X,0,0
0.484489,7,33,253,1,0,TE1A1B1C0D000X,0,0
0.497297,7,35,252,1,0,TE1A1B1C0D000X,0,0
0.509439,7,36,252,1,0,TE1A1B1C0D000X,0,0
0.521826,7,38,252,1,0,TE1A1B1C0D000X,0,0
0.533692,7,39,251,1,0,TE1A1B1C0D000X,0,0
0.544898,6,41,251,1,0,TE1A1B1C0D000X,0,0
0.557308,6,43,251,1,0,TE1A2B1C0D000X,0,0
0.569551,5,45,250,1,0,TE1A2B1C0D000X,0,0
0.582353,5,46,249,1,0,TE1A2B1C0D000X,0,0
0.594856,5,48,248,1,0,TE1A2B1C0D000X,0,0
0.607747,5,50,248,1,0,TE1A2B1C0D000X,0,0
0.620145,4,51,247,1,0,TE1A2B1C0D000X,0,0
0.633274,4,52,246,1,0,TE1A2B1C0D000X,0,0
0.646286,4,54,246,1,0,TE1A2B1C0D000X,0,0
0.659142,4,55,246,1,0,TE1A2B2C0D000X,0,0
0.672079,4,56,245,1,0,TE1A2B2C0D000X,0,0
0.684618,4,57,245,1,0,TE1A2B2C0D000X,0,0
0.696975,4,58,244,1,0,TE1A2B2C0D000X,0,0
0.70948,4,59,244,1,0,TE1A2B2C0D000X,0,0
0.722392,4,60,244,1,0,TE1A2B2C0D000X,0,0
0.736412,4,61,244,1,0,TE1A2B2C0D000X,0,0
0.749676,4,62,243,1,0,TE1A2B2C0D000X,0,0
0.762264,4,63,243,1,0,TE1A2B2C0D000X,0,0
0.775648,4,63,243,1,0,TE1A2B2C0D000X,0,0
0.78858,5,63,243,1,0,TE1A2B2C0D000X,0,0
0.80236,5,64,243,1,0,TE1A2B2C0D000X,0,0
0.815168,5,64,243,1,0,TE1A2B2C0D000X,0,0
0.827171,5,64,243,1,0,TE1A2B2C0D000X,0,0
0.83967,6,64,243,1,0,TE1A2B2C0D000X,0,0
0.853083,6,63,243,1,0,TE1A2B2C0D000X,0,0
0.865607,6,63,243,1,0,TE1A2B2C0D000X,0,0
0.878118,7,62,243,1,0,TE1A2B2C0D000X,0,0
0.890468,8,61,243,1,0,TE1A2B2C0D000X,0,0
0.902759,8,61,244,1,0,TE1A2B2C0D000X,0,0
0.915189,9,60,244,1,0,TE1A2B2C0D000X,0,0
0.927414,9,59,245,1,0,TE1A2B2C0D000X,0,0
0.939757,10,57,245,1,0,TE1A2B2C0D000X,0,0
0.951985,10,56,245,1,0,TE1A2B2C0D000X,0,0
0.964567,11,54,245,1,0,TE1A2B1C0D000X,0,0
0.976749,12,53,246,1,0,TE1A2B1C0D000X,0,0
0.989113,13,51,246,1,0,TE1A2B1C0D000X,0,0
1.00112,13,49,247,1,0,TE1A2B1C0D000X,0,0
0.0120022,14,47,248,1,0,TE1A2B1C0D000X,0,0
0.024966,15,45,248,1,0,TE1A2B1C0D000X,0,0
0.038143,16,43,249,1,0,TE1A2B1C0D000X,0,0
0.0500647,17,41,250,1,0,TE1A2B1C0D000X,0,0
0.0621361,18,38,250,1,0,TE1A2B1C0D000X,0,0
0.0742771,18,36,251,1,0,TE1A2B1C0D000X,0,0
0.086037,19,34,252,1,0,TE1A2B1C0D000X,0,0
0.0978744,20,32,253,1,0,TE1A2B1C0D000X,0,0
0.110044,21,29,253,1,0,TE1A2B0C0D000X,0,0
0.122096,22,27,254,1,0,TE1A2B0C0D000X,0,0
0.134582,22,24,255,1,0,TE1A2B0C0D000X,0,0
0.146313,23,21,256,1,0,TE1A2B0C0D000X,0,0
0.158398,24,19,257,1,0,TE1A2B0C0D000X,0,0
0.171611,25,16,258,1,0,TE1A2B0C0D000X,0,0
0.183565,26,13,258,1,0,TE1A2B0C0D000X,0,0
0.195403,27,11,259,1,0,TE1A2B0C0D000X,0,0
0.207385,28,8,260,1,0,TE1A2B0C0D000X,0,0
0.219277,29,5,260,1,0,TE1A1B0C0D000X,0,0
0.231239,30,3,261,1,0,TE1A1B0C0D000X,0,0
0.243363,31,0,261,1,0,TE1A1B0C0D000X,0,0
0.255443,32,-2,262,1,0,TE1A1B0C0D000X,0,0
0.267869,33,-4,262,1,0,TE1A1B0C0D000X,0,0
0.280199,34,-7,262,1,0,TE1A1B0C1D000X,0,0
0.29226,35,-9,263,1,0,TE1A1B0C1D000X,0,0
0.305045,35,-12,263,1,0,TE1A1B0C1D000X,0,0
0.318512,36,-14,263,1,0,TE1A1B0C1D000X,0,0
0.331463,37,-16,263,1,0,TE1A1B0C1D000X,0,0
0.343407,37,-19,263,1,0,TE1A1B0C1D000X,0,0
0.355396,38,-21,264,1,0,TE1A1B0C1D000X,0,0
0.367584,39,-23,264,1,0,TE1A1B0C1D000X,0,0
0.379672,39,-25,264,1,0,TE1A1B0C1D000X,0,0
0.391948,40,-27,264,1,0,TE1A1B0C1D000X,0,0
0.404324,41,-30,264,1,0,TE1A1B0C2D000X,0,0
0.416469,41,-32,265,1,0,TE1A1B0C2D000X,0,0
0.428664,42,-34,265,1,0,TE1A1B0C2D000X,0,0
0.441543,43,-36,265,1,0,TE1A1B0C2D000X,0,0
0.453915,43,-38,266,1,0,TE1A1B0C2D000X,0,0
0.466113,44,-40,266,1,0,TE1A1B0C2D000X,0,0
0.478481,44,-41,266,1,0,TE1A1B0C2D000X,0,0
0.49205,44,-43,266,1,0,TE1A1B0C2D000X,0,0
0.505156,45,-45,266,1,0,TE1A1B0C2D000X,0,0
0.518721,45,-47,266,1,0,TE1A1B0C2D000X,0,0
0.531032,46,-48,266,1,0,TE1A1B0C2D000X,0,0
0.543612,46,-50,267,1,0,TE1A1B0C2D000X,0,0
0.556072,46,-52,267,1,0,TE1A1B0C3D000X,0,0
0.568301,46,-54,267,1,0,TE1A1B0C3D000X,0,0
0.580695,47,-55,267,1,0,TE1A1B0C3D000X,0,0
0.593117,47,-57,267,1,0,TE1A1B0C3D000X,0,0
0.605572,47,-58,266,1,0,TE1A1B0C3D000X,0,0
0.618093,46,-60,266,1,0,TE1A1B0C3D000X,0,0
0.63062,46,-61,266,1,0,TE1A1B0C3D000X,0,0
0.643284,46,-63,266,1,0,TE1A1B0C3D000X,0,0
0.655866,46,-65,267,1,0,TE1A1B0C3D000X,0,0
0.668576,46,-66,267,1,0,TE1A1B0C3D000X,0,0
0.681158,46,-68,267,1,0,TE1A1B0C3D000X,0,0
0.693862,45,-69,267,1,0,TE1A1B0C3D000X,0,0
0.706639,45,-71,267,1,0,TE1A1B0C3D000X,0,0
0.719215,45,-72,267,1,0,TE1A1B0C3D000X,0,0
0.732397,44,-74,267,1,0,TE1A1B0C3D000X,0,0
0.745409,44,-75,268,1,0,TE1A1B0C4D000X,0,0
0.758022,44,-77,268,1,0,TE1A1B0C4D000X,0,0
0.770322,43,-78,268,1,0,TE1A1B0C4D000X,0,0
0.78291,43,-79,268,1,0,TE1A1B0C4D000X,0,0
0.795231,43,-81,268,1,0,TE1A1B0C4D000X,0,0
0.807962,42,-82,268,1,0,TE1A1B0C4D000X,0,0
0.82095,42,-83,268,1,0,TE1A1B0C4D000X,0,0
0.833685,41,-85,268,1,0,TE1A1B0C4D000X,0,0
0.846394,41,-86,268,1,0,TE1A1B0C4D000X,0,0
0.859241,40,-87,268,1,0,TE1A1B0C4D000X,0,0
0.872099,40,-88,268,1,0,TE1A1B0C4D000X,0,0
0.885066,40,-89,267,1,0,TE1A1B0C4D000X,0,0
0.897722,39,-90,268,1,0,TE1A1B0C4D000X,0,0
0.910842,39,-91,268,1,0,TE1A1B0C4D000X,0,0
0.923823,39,-92,267,1,0,TE1A1B0C4D000X,0,0
0.936648,39,-93,268,1,0,TE1A1B0C5D000X,0,0
0.949339,38,-94,267,1,0,TE1A1B0C5D000X,0,0
0.961995,38,-94,268,1,0,TE1A1B0C5D000X,0,0
0.974662,38,-95,268,1,0,TE1A1B0C5D000X,0,0
0.987638,38,-96,268,1,0,TE1A1B0C5D000X,0,0
1.00142,37,-96,268,1,0,TE1A1B0C5D000X,0,0
0.0130749,37,-97,268,1,0,TE1A1B0C5D000X,0,0
0.0258618,37,-96,268,1,0,TE1A1B0C5D000X,0,0
0.0388374,37,-97,268,1,0,TE1A1B0C5D000X,0,0
0.051959,37,-97,268,1,0,TE1A1B0C5D000X,0,0
0.0647608,36,-97,268,1,0,TE1A1B0C5D000X,0,0
0.0773983,36,-97,268,1,0,TE1A1B0C5D000X,0,0
0.0903157,36,-97,268,1,0,TE1A1B0C5D000X,0,0
0.103795,36,-96,268,1,0,TE1A1B0C5D000X,0,0
0.117456,36,-96,268,1,0,TE1A1B0C5D000X,0,0
0.129919,35,-96,268,1,0,TE1A1B0C5D000X,0,0
0.142599,35,-95,268,1,0,TE1A1B0C5D000X,0,0
0.155427,35,-94,268,1,0,TE1A1B0C5D000X,0,0
0.167702,34,-94,268,1,0,TE1A1B0C5D000X,0,0
0.180146,34,-93,268,1,0,TE1A1B0C5D000X,0,0
0.193201,34,-92,268,1,0,TE1A1B0C5D000X,0,0
0.205933,34,-91,268,1,0,TE1A1B0C5D000X,0,0
0.21909,34,-90,268,1,0,TE1A1B0C5D000X,0,0
0.231784,33,-88,268,1,0,TE1A1B0C5D000X,0,0
0.244588,33,-87,267,1,0,TE1A1B0C4D000X,0,0
0.256977,33,-86,267,1,0,TE1A1B0C4D000X,0,0
0.269259,33,-84,268,1,0,TE1A1B0C4D000X,0,0
0.281458,33,-83,268,1,0,TE1A1B0C4D000X,0,0
0.293728,33,-82,268,1,0,TE1A1B0C4D000X,0,0
0.305892,32,-80,267,1,0,TE1A1B0C4D000X,0,0
0.318511,32,-78,267,1,0,TE1A1B0C4D000X,0,0
0.330704,32,-77,267,1,0,TE1A1B0C4D000X,0,0
0.343005,32,-75,267,1,0,TE1A1B0C4D000X,0,0
0.355308,32,-73,267,1,0,TE1A1B0C4D000X,0,0
0.367259,32,-71,267,1,0,TE1A1B0C4D000X,0,0
0.379399,32,-69,267,1,0,TE1A1B0C4D000X,0,0
0.391488,32,-67,267,1,0,TE1A1B0C3D000X,0,0
0.403628,32,-65,267,1,0,TE1A1B0C3D000X,0,0
0.415658,31,-63,266,1,0,TE1A1B0C3D000X,0,0
0.427764,31,-61,266,1,0,TE1A1B0C3D000X,0,0
0.440008,31,-59,266,1,0,TE1A1B0C3D000X,0,0
0.452186,31,-57,266,1,0,TE1A1B0C3D000X,0,0
0.4646,30,-55,266,1,0,TE1A1B0C3D000X,0,0
0.47683,30,-52,266,1,0,TE1A1B0C3D000X,0,0
0.489654,30,-50,266,1,0,TE1A1B0C3D000X,0,0
0.501722,30,-48,265,1,0,TE1A1B0C3D000X,0,0
0.514109,30,-45,265,1,0,TE1A1B0C3D000X,0,0
0.526144,29,-43,264,1,0,TE1A1B0C2D000X,0,0
0.538432,29,-40,264,1,0,TE1A1B0C2D000X,0,0
0.550836,29,-38,264,1,0,TE1A1B0C2D000X,0,0
0.563287,29,-36,264,1,0,TE1A1B0C2D000X,0,0
0.57577,29,-34,264,1,0,TE1A1B0C2D000X,0,0
0.588143,29,-32,264,1,0,TE1A1B0C2D000X,0,0
0.600538,29,-29,264,1,0,TE1A1B0C2D000X,0,0
0.612824,29,-27,264,1,0,TE1A1B0C2D000X,0,0
0.625244,29,-25,264,1,0,TE1A1B0C1D000X,0,0
0.637702,29,-23,264,1,0,TE1A1B0C1D000X,0,0
0.650761,29,-21,263,1,0,TE1A1B0C1D000X,0,0
0.663103,29,-19,264,1,0,TE1A1B0C1D000X,0,0
0.67533,29,-18,264,1,0,TE1A1B0C1D000X,0,0
0.687905,29,-16,264,1,0,TE1A1B0C1D000X,0,0
0.699809,29,-14,264,1,0,TE1A1B0C1D000X,0,0
0.712024,29,-13,264,1,0,TE1A1B0C1D000X,0,0
0.72453,30,-11,264,1,0,TE1A1B0C1D000X,0,0
0.737243,30,-9,264,1,0,TE1A1B0C1D000X,0,0
0.749664,30,-8,264,1,0,TE1A1B0C1D000X,0,0
0.762669,30,-6,264,1,0,TE1A1B0C1D000X,0,0
0.77549,30,-5,264,1,0,TE1A1B0C1D000X,0,0
0.787979,30,-4,264,1,0,TE1A1B0C1D000X,0,0
0.800385,30,-3,264,1,0,TE1A1B0C1D000X,0,0
0.812801,31,-2,264,1,0,TE1A1B0C1D000X,0,0
0.825313,31,-1,264,1,0,TE1A1B0C1D000X,0,0
0.837913,31,0,264,1,0,TE1A1B0C1D000X,0,0
0.85069,31,0,264,1,0,TE1A1B0C1D000X,0,0
0.863367,31,0,264,1,0,TE1A1B0C1D000X,0,0
0.875739,31,1,263,1,0,TE1A1B0C0D000X,0,0
0.888278,31,2,263,1,0,TE1A1B0C0D000X,0,0
0.900654,31,2,264,1,0,TE1A1B0C0D000X,0,0
0.91309,31,3,263,1,0,TE1A1B0C0D000X,0,0
0.925439,31,4,263,1,0,TE1A1B0C0D000X,0,0
0.938099,31,4,264,1,0,TE1A1B0C0D000X,0,0
0.951247,31,4,264,1,0,TE1A1B0C0D000X,0,0
0.963721,31,5,264,1,0,TE1A1B0C0D000X,0,0
0.975961,31,5,264,1,0,TE1A1B0C0D000X,0,0
0.988663,31,5,264,1,0,TE1A1B0C0D000X,0,0
1.00136,31,6,265,1,0,TE1A1B0C0D000X,0,0
0.0125002,31,6,265,1,0,TE1A1B0C0D000X,0,0
0.0251716,31,5,265,1,0,TE1A2B0C0D000X,0,0
0.0375299,31,6,264,1,0,TE1A1B0C0D000X,0,0
0.0500827,31,6,265,1,0,TE1A1B0C0D000X,0,0
0.0651733,31,6,264,1,0,TE1A1B0C0D000X,0,0
0.0774725,31,6,264,1,0,TE1A2B0C0D000X,0,0
0.0902723,31,6,266,1,0,TE1A2B0C0D000X,0,0
0.102908,31,6,266,1,0,TE1A2B0C0D000X,0,0
0.116341,31,6,265,1,0,TE1A2B0C0D000X,0,0
0.128753,31,7,265,1,0,TE1A2B0C0D000X,0,0
0.141215,30,7,265,1,0,TE1A2B0C0D000X,0,0
0.153897,30,7,264,1,0,TE1A2B0C0D000X,0,0
0.166257,30,7,264,1,0,TE1A2B0C0D000X,0,0
0.178969,30,7,264,1,0,TE1A2B0C0D000X,0,0
0.191497,30,7,264,1,0,TE1A2B0C0D000X,0,0
0.203992,30,7,263,1,0,TE1A2B0C0D000X,0,0
0.21674,30,6,264,1,0,TE1A2B0C0D000X,0,0
0.229356,30,6,264,1,0,TE1A2B0C0D000X,0,0
0.242001,30,6,264,1,0,TE1A1B0C0D000X,0,0
0.254919,30,6,263,1,0,TE1A1B0C0D000X,0,0
0.267389,30,6,263,1,0,TE1A1B0C0D000X,0,0
0.279665,30,5,263,1,0,TE1A1B0C0D000X,0,0
0.292065,30,5,263,1,0,TE1A1B0C0D000X,0,0
0.304433,30,4,263,1,0,TE1A1B0C0D000X,0,0
0.316887,30,4,263,1,0,TE1A1B0C0D000X,0,0
0.329344,30,3,263,1,0,TE1A1B0C0D000X,0,0
0.341787,30,3,263,1,0,TE1A1B0C0D000X,0,0
0.354427,31,2,263,1,0,TE1A1B0C0D000X,0,0
0.367091,31,2,263,1,0,TE1A1B0C0D000X,0,0
0.379421,31,1,263,1,0,TE1A1B0C0D000X,0,0
0.391778,31,1,263,1,0,TE1A1B0C0D000X,0,0
0.404367,31,0,263,1,0,TE1A1B0C0D000X,0,0
0.416969,31,0,263,1,0,TE1A1B0C0D000X,0,0
0.429472,32,0,264,1,0,TE1A1B0C0D000X,0,0
0.442036,32,0,264,1,0,TE1A1B0C1D000X,0,0
0.454876,32,0,264,1,0,TE1A1B0C1D000X,0,0
0.467556,32,0,263,1,0,TE1A1B0C1D000X,0,0
0.480134,32,-1,263,1,0,TE1A1B0C1D000X,0,0
0.492656,32,-1,264,1,0,TE1A1B0C1D000X,0,0
0.505229,33,-1,264,1,0,TE1A1B0C1D000X,0,0
0.517926,33,-1,264,1,0,TE1A1B0C1D000X,0,0
0.530377,33,-1,264,1,0,TE1A1B0C1D000X,0,0
0.543015,33,-1,264,1,0,TE1A1B0C1D000X,0,0
0.555836,33,-1,264,1,0,TE1A1B0C1D000X,0,0
0.568161,33,-1,264,1,0,TE1A1B0C1D000X,0,0
0.580632,33,-1,265,1,0,TE1A1B0C1D000X,0,0
0.59321,33,-1,265,1,0,TE1A1B0C1D000X,0,0
0.607269,33,-1,265,1,0,TE1A1B0C1D000X,0,0
0.620548,33,-1,265,1,0,TE1A1B0C1D000X,0,0
0.632796,33,-2,265,1,0,TE1A1B0C1D000X,0,0
0.645946,33,-2,265,1,0,TE1A1B0C1D000X,0,0
0.660546,32,-2,264,1,0,TE1A1B0C1D000X,0,0
0.672806,32,-2,264,1,0,TE1A1B0C1D000X,0,0
0.685357,32,-2,264,1,0,TE1A1B0C1D000X,0,0
0.697612,32,-2,264,1,0,TE1A1B0C1D000X,0,0
0.709785,32,-2,264,1,0,TE1A1B0C1D000X,0,0
0.722104,32,-2,265,1,0,TE1A1B0C1D000X,0,0
0.7344,32,-2,265,1,0,TE1A1B0C1D000X,0,0
0.746523,32,-2,265,1,0,TE1A1B0C1D000X,0,0
0.758758,32,-2,265,1,0,TE1A1B0C1D000X,0,0
0.771129,32,-2,265,1,0,TE1A1B0C1D000X,0,0
0.783745,32,-2,265,1,0,TE1A1B0C1D000X,0,0
0.796244,33,-2,265,1,0,TE1A1B0C1D000X,0,0
0.808702,33,-2,264,1,0,TE1A1B0C1D000X,0,0
0.821481,33,-2,265,1,0,TE1A1B0C1D000X,0,0
0.834002,33,-2,265,1,0,TE1A1B0C1D000X,0,0
0.846424,33,-2,265,1,0,TE1A1B0C1D000X,0,0
0.858844,33,-3,265,1,0,TE1A1B0C1D000X,0,0
0.87161,33,-3,265,1,0,TE1A1B0C1D000X,0,0
0.884149,33,-3,265,1,0,TE1A1B0C1D000X,0,0
0.896433,33,-3,265,1,0,TE1A1B0C1D000X,0,0
0.909071,33,-3,266,1,0,TE1A1B0C1D000X,0,0
0.921714,33,-3,266,1,0,TE1A1B0C1D000X,0,0
0.934342,33,-3,266,1,0,TE1A1B0C1D000X,0,0
0.946738,33,-3,266,1,0,TE1A1B0C1D000X,0,0
0.959161,34,-4,266,1,0,TE1A1B0C1D000X,0,0
0.97178,34,-4,266,1,0,TE1A1B0C1D000X,0,0
0.98436,34,-4,266,1,0,TE1A1B0C1D000X,0,0
0.996928,34,-4,265,1,0,TE1A1B0C1D000X,0,0
1.00929,34,-4,265,1,0,TE1A1B0C1D000X,0,0
0.0129014,34,-4,265,1,0,TE1A1B0C1D000X,0,0
0.0254305,34,-4,265,1,0,TE1A1B0C1D000X,0,0
0.0381312,34,-5,265,1,0,TE1A1B0C1D000X,0,0
0.0505946,33,-5,265,1,0,TE1A1B0C1D000X,0,0
0.0631507,33,-5,265,1,0,TE1A1B0C1D000X,0,0
0.0759623,33,-5,265,1,0,TE1A1B0C1D000X,0,0
0.0883713,33,-5,265,1,0,TE1A1B0C1D000X,0,0
0.1008,33,-5,265,1,0,TE1A1B0C1D000X,0,0
0.113243,33,-6,265,1,0,TE1A1B0C1D000X,0,0
0.126054,33,-6,265,1,0,TE1A1B0C1D000X,0,0
0.139206,33,-6,265,1,0,TE1A1B0C1D000X,0,0
0.151778,32,-6,265,1,0,TE1A1B0C1D000X,0,0
0.164236,32,-6,264,1,0,TE1A1B0C1D000X,0,0
0.176897,32,-6,265,1,0,TE1A1B0C1D000X,0,0
0.189569,32,-6,265,1,0,TE1A1B0C1D000X,0,0
0.201794,32,-7,265,1,0,TE1A1B0C1D000X,0,0
0.214342,32,-7,265,1,0,TE1A1B0C1D000X,0,0
0.226875,32,-7,265,1,0,TE1A1B0C1D000X,0,0
0.240587,32,-7,265,1,0,TE1A1B0C1D000X,0,0
0.251825,32,-7,265,1,1,TE1A1B0C1D000X,0,0
