timestamp,Xmm,Ymm,Zmm,TouchDetected,OutgoingPacket,IncomingPacket,GainPropAb, GainPropAd, GainPropFl, GainPropEx,PropA, PropB, PropC,GainIntegAb, GainIntegAd, GainIntegFl, GainIntegEx,IntegA, IntegB, IntegC,GainDerivAb, GainDerivAd, GainDerivFl, GainDerivEx,DerivA, DerivB, DerivC,Heading5
2.31252,-84,1,613,1,DRIVE [ 15 ] [ 1 ] [ 1921 1025 0910 ] [    0    0    0 ] [      0      0      0 ] [ 1 ],drive [ 15 ] [ 1 ] [ 1921 1025 0901 ] [   19   82   89 ] [   7486  18278  11307 ] [ 1 ],1.10,1.10,1.10,1.10,-11.52,-10.53,0.00,0.50,0.50,0.50,0.50,-10.76,0.35,0.00,0.00,0.00,0.00,0.50,0.00,0.00,0.00,0
0.0014473,-84,1,613,0,DRIVE [ 42 ] [ 1 ] [ 1918 1926 1885 ] [    0    0    0 ] [      0      0      0 ] [ 0 ],drive [ 42 ] [ 1 ] [ 1918 1606 1764 ] [   15   46   35 ] [   1508  11523  12998 ] [ 0 ],1.10,1.10,1.10,1.10,-83.51,0.93,0.00,0.50,0.50,0.50,0.50,-0.03,0.09,0.00,0.00,0.00,0.00,0.50,0.00,0.00,0.00,0
0.0244564,-86,4,608,0,DRIVE [ 43 ] [ 1 ] [ 1918 1921 1883 ] [    0    0    0 ] [      0      0      0 ] [ 0 ],drive [ 42 ] [ 1 ] [ 1918 1926 1885 ] [   15   46   35 ] [   1508  11523  12998 ] [ 0 ],1.10,1.10,1.10,1.10,-94.36,4.17,0.00,0.50,0.50,0.50,0.50,0.00,0.00,0.00,0.00,0.00,0.00,0.50,0.00,0.00,0.00,0
0.0396694,-89,4,619,0,DRIVE [ 43 ] [ 1 ] [ 1918 1913 1880 ] [    0    0    0 ] [      0      0      0 ] [ 0 ],drive [ 43 ] [ 1 ] [ 1918 1921 1883 ] [   16   15   20 ] [   1515  11523  12997 ] [ 0 ],1.10,1.10,1.10,1.10,-97.82,3.94,0.00,0.50,0.50,0.50,0.50,0.00,0.00,0.00,0.00,0.00,0.00,0.50,0.00,0.00,0.00,0
0.0545544,-88,4,610,0,DRIVE [ 44 ] [ 1 ] [ 1918 1908 1878 ] [    0    0    0 ] [      0      0      0 ] [ 0 ],drive [ 43 ] [ 1 ] [ 1918 1913 1880 ] [   16   15   20 ] [   1515  11523  12997 ] [ 0 ],1.10,1.10,1.10,1.10,-97.16,3.85,0.00,0.50,0.50,0.50,0.50,0.00,0.00,0.00,0.00,0.00,0.00,0.50,0.00,-0.00,0.00,0
0.0690662,-89,3,607,0,DRIVE [ 44 ] [ 1 ] [ 1918 1902 1876 ] [    0    0    0 ] [      0      0      0 ] [ 0 ],drive [ 44 ] [ 1 ] [ 1918 1908 1878 ] [   16   15   20 ] [   1515  11523  12997 ] [ 0 ],1.10,1.10,1.10,1.10,-98.25,3.73,0.00,0.50,0.50,0.50,0.50,0.00,0.00,0.00,0.00,0.00,0.00,0.50,0.00,0.00,0.00,0
0.083791,-91,3,611,0,DRIVE [ 45 ] [ 1 ] [ 1918 1897 1874 ] [    0    0    0 ] [      0      0      0 ] [ 0 ],drive [ 44 ] [ 1 ] [ 1918 1902 1876 ] [   16   15   20 ] [   1522  10796  12976 ] [ 0 ],1.10,1.10,1.10,1.10,-100.08,3.79,0.00,0.50,0.50,0.50,0.50,0.00,0.00,0.00,0.00,0.00,0.00,0.50,0.00,0.00,0.00,0
0.0973438,-91,3,611,0,DRIVE [ 45 ] [ 1 ] [ 1918 1900 1875 ] [    0    0    0 ] [      0      0      0 ] [ 0 ],drive [ 45 ] [ 1 ] [ 1918 1897 1874 ] [   15   15   19 ] [   1522  10796  12976 ] [ 0 ],1.10,1.10,1.10,1.10,-90.07,3.41,0.00,0.50,0.50,0.50,0.50,0.00,0.00,0.00,0.00,0.00,0.00,0.50,0.00,0.00,0.00,0
0.112706,-97,5,616,0,DRIVE [ 46 ] [ 1 ] [ 1918 1884 1870 ] [    0    0    0 ] [      0      0      0 ] [ 0 ],drive [ 45 ] [ 1 ] [ 1918 1900 1875 ] [   15   15   19 ] [   1522  10796  12976 ] [ 0 ],1.10,1.10,1.10,1.10,-107.13,5.14,0.00,0.50,0.50,0.50,0.50,0.00,0.00,0.00,0.00,0.00,0.00,0.50,0.00,0.00,0.00,0
0.128323,-249,-132,566,0,DRIVE [ 46 ] [ 1 ] [ 1918 1826 1784 ] [    0    0    0 ] [      0      0      0 ] [ 0 ],drive [ 46 ] [ 1 ] [ 1918 1884 1870 ] [   15   15   19 ] [   1524  10497  12976 ] [ 0 ],1.10,1.10,1.10,1.10,-273.75,-144.77,0.00,0.50,0.50,0.50,0.50,0.00,0.00,0.00,0.00,0.00,0.00,0.50,0.00,0.00,0.00,0
0.143296,-251,-131,564,0,DRIVE [ 47 ] [ 1 ] [ 1918 1812 1770 ] [    0    0    0 ] [      0      0      0 ] [ 0 ],drive [ 46 ] [ 1 ] [ 1918 1826 1784 ] [   12   23   21 ] [   1524  10497  12976 ] [ 0 ],1.10,1.10,1.10,1.10,-275.70,-144.61,0.00,0.50,0.50,0.50,0.50,0.00,0.00,0.00,0.00,0.00,0.00,0.50,0.00,0.00,0.00,0
0.157942,-250,-130,559,0,DRIVE [ 47 ] [ 1 ] [ 1918 1799 1758 ] [    0    0    0 ] [      0      0      0 ] [ 0 ],drive [ 47 ] [ 1 ] [ 1918 1812 1770 ] [   12   23   21 ] [   1524  10497  12976 ] [ 0 ],1.10,1.10,1.10,1.10,-274.48,-143.00,0.00,0.50,0.50,0.50,0.50,0.00,0.00,0.00,0.00,0.00,0.00,0.50,0.00,0.00,0.00,0
0.174021,-248,-129,559,0,DRIVE [ 48 ] [ 1 ] [ 1918 1788 1747 ] [    0    0    0 ] [      0      0      0 ] [ 0 ],drive [ 47 ] [ 1 ] [ 1918 1799 1758 ] [   12   23   21 ] [   1534  10518  12986 ] [ 0 ],1.10,1.10,1.10,1.10,-272.82,-142.30,0.00,0.50,0.50,0.50,0.50,0.00,0.00,0.00,0.00,0.00,0.00,0.50,0.00,0.00,0.00,0
0.188028,-245,-128,555,0,DRIVE [ 48 ] [ 1 ] [ 1918 1776 1735 ] [    0    0    0 ] [      0      0      0 ] [ 0 ],drive [ 48 ] [ 1 ] [ 1918 1788 1747 ] [    3   20   37 ] [   1534  10518  12986 ] [ 0 ],1.10,1.10,1.10,1.10,-268.98,-140.28,0.00,0.50,0.50,0.50,0.50,0.00,0.00,0.00,0.00,0.00,0.00,0.50,0.00,0.00,0.00,0
0.203278,-243,-127,556,0,DRIVE [ 49 ] [ 1 ] [ 1918 1767 1725 ] [    0    0    0 ] [      0      0      0 ] [ 0 ],drive [ 48 ] [ 1 ] [ 1918 1776 1735 ] [    3   20   37 ] [   1534  10518  12986 ] [ 0 ],1.10,1.10,1.10,1.10,-267.28,-139.69,0.00,0.50,0.50,0.50,0.50,0.00,0.00,0.00,0.00,0.00,0.00,0.50,0.00,0.00,0.00,0
0.217349,-242,-127,560,0,DRIVE [ 49 ] [ 1 ] [ 1918 1757 1715 ] [    0    0    0 ] [      0      0      0 ] [ 0 ],drive [ 49 ] [ 1 ] [ 1918 1767 1725 ] [    3   20   37 ] [   1534  10518  12986 ] [ 0 ],1.10,1.10,1.10,1.10,-265.79,-139.22,0.00,0.50,0.50,0.50,0.50,0.00,0.00,0.00,0.00,0.00,0.00,0.50,0.00,0.00,0.00,0
0.231766,-238,-125,563,0,DRIVE [ 50 ] [ 1 ] [ 1918 1749 1708 ] [    0    0    0 ] [      0      0      0 ] [ 0 ],drive [ 49 ] [ 1 ] [ 1918 1757 1715 ] [    3   20   37 ] [   1589  10513  13000 ] [ 0 ],1.10,1.10,1.10,1.10,-261.93,-137.58,0.00,0.50,0.50,0.50,0.50,0.00,0.00,0.00,0.00,0.00,0.00,0.50,0.00,0.00,0.00,0
0.245922,-235,-124,566,0,DRIVE [ 50 ] [ 1 ] [ 1918 1742 1700 ] [    0    0    0 ] [      0      0      0 ] [ 0 ],drive [ 50 ] [ 1 ] [ 1918 1749 1708 ] [   21   27   33 ] [   1589  10513  13000 ] [ 0 ],1.10,1.10,1.10,1.10,-258.23,-135.91,0.00,0.50,0.50,0.50,0.50,0.00,0.00,0.00,0.00,0.00,0.00,0.50,0.00,0.00,0.00,0
0.259986,-231,-122,569,0,DRIVE [ 51 ] [ 1 ] [ 1918 1736 1693 ] [    0    0    0 ] [      0      0      0 ] [ 0 ],drive [ 50 ] [ 1 ] [ 1918 1742 1700 ] [   21   27   33 ] [   1589  10513  13000 ] [ 0 ],1.10,1.10,1.10,1.10,-254.05,-134.02,0.00,0.50,0.50,0.50,0.50,0.00,0.00,0.00,0.00,0.00,0.00,0.50,0.00,0.00,0.00,0
0.274061,-224,-118,568,0,DRIVE [ 51 ] [ 1 ] [ 1918 1732 1689 ] [    0    0    0 ] [      0      0      0 ] [ 0 ],drive [ 51 ] [ 1 ] [ 1918 1736 1693 ] [   21   27   33 ] [   1588  10502  13021 ] [ 0 ],1.10,1.10,1.10,1.10,-246.16,-130.10,0.00,0.50,0.50,0.50,0.50,0.00,0.00,0.00,0.00,0.00,0.00,0.50,0.00,0.00,0.00,0
0.288203,-216,-114,567,0,DRIVE [ 52 ] [ 1 ] [ 1918 1728 1685 ] [    0    0    0 ] [      0      0      0 ] [ 0 ],drive [ 51 ] [ 1 ] [ 1918 1732 1689 ] [   20   33   31 ] [   1588  10502  13021 ] [ 0 ],1.10,1.10,1.10,1.10,-237.85,-125.50,0.00,0.50,0.50,0.50,0.50,0.00,0.00,0.00,0.00,0.00,0.00,0.50,0.00,0.00,0.00,0
0.301899,-206,-108,558,0,DRIVE [ 52 ] [ 1 ] [ 1918 1725 1683 ] [    0    0    0 ] [      0      0      0 ] [ 0 ],drive [ 52 ] [ 1 ] [ 1918 1728 1685 ] [   20   33   31 ] [   1588  10502  13021 ] [ 0 ],1.10,1.10,1.10,1.10,-226.82,-119.21,0.00,0.50,0.50,0.50,0.50,0.00,0.00,0.00,0.00,0.00,0.00,0.50,0.00,0.00,0.00,0
0.31577,-198,-104,559,0,DRIVE [ 53 ] [ 1 ] [ 1918 1724 1683 ] [    0    0    0 ] [      0      0      0 ] [ 0 ],drive [ 52 ] [ 1 ] [ 1918 1725 1683 ] [   20   33   31 ] [   1588  10502  13021 ] [ 0 ],1.10,1.10,1.10,1.10,-217.63,-113.88,0.00,0.50,0.50,0.50,0.50,0.00,0.00,0.00,0.00,0.00,0.00,0.50,0.00,0.00,0.00,0
0.329473,-189,-98,556,0,DRIVE [ 53 ] [ 1 ] [ 1918 1724 1683 ] [    0    0    0 ] [      0      0      0 ] [ 0 ],drive [ 53 ] [ 1 ] [ 1918 1724 1683 ] [   20   33   31 ] [   1590  10504  13023 ] [ 0 ],1.10,1.10,1.10,1.10,-207.37,-108.16,0.00,0.50,0.50,0.50,0.50,0.00,0.00,0.00,0.00,0.00,0.00,0.50,0.00,0.00,0.00,0
0.343184,-181,-94,557,0,DRIVE [ 54 ] [ 1 ] [ 1918 1724 1683 ] [    0    0    0 ] [      0      0      0 ] [ 0 ],drive [ 53 ] [ 1 ] [ 1918 1724 1683 ] [   25   33   31 ] [   1590  10504  13023 ] [ 0 ],1.10,1.10,1.10,1.10,-199.63,-103.91,0.00,0.50,0.50,0.50,0.50,0.00,0.00,0.00,0.00,0.00,0.00,0.50,0.00,0.00,0.00,0
0.357025,-174,-91,554,0,DRIVE [ 54 ] [ 1 ] [ 1918 1724 1683 ] [    0    0    0 ] [      0      0      0 ] [ 0 ],drive [ 54 ] [ 1 ] [ 1918 1724 1683 ] [   25   33   31 ] [   1590  10504  13023 ] [ 0 ],1.10,1.10,1.10,1.10,-191.02,-99.62,0.00,0.50,0.50,0.50,0.50,0.00,0.00,0.00,0.00,0.00,0.00,0.50,0.00,0.00,0.00,0
0.370869,-164,-86,546,0,DRIVE [ 55 ] [ 1 ] [ 1918 1726 1683 ] [    0    0    0 ] [      0      0      0 ] [ 0 ],drive [ 54 ] [ 1 ] [ 1918 1724 1683 ] [   25   33   31 ] [   1895  10502  13018 ] [ 0 ],1.10,1.10,1.10,1.10,-180.06,-94.96,0.00,0.50,0.50,0.50,0.50,0.00,0.00,0.00,0.00,0.00,0.00,0.50,0.00,0.00,0.00,0
0.385338,-156,-83,540,0,DRIVE [ 55 ] [ 1 ] [ 1918 1727 1682 ] [    0    0    0 ] [      0      0      0 ] [ 0 ],drive [ 55 ] [ 1 ] [ 1918 1726 1683 ] [   25   33   31 ] [   1895  10502  13018 ] [ 0 ],1.10,1.10,1.10,1.10,-171.13,-91.62,0.00,0.50,0.50,0.50,0.50,0.00,0.00,0.00,0.00,0.00,0.00,0.50,0.00,0.00,0.00,0
0.399807,-148,-81,533,0,DRIVE [ 56 ] [ 1 ] [ 1918 1727 1679 ] [    0    0    0 ] [      0      0      0 ] [ 0 ],drive [ 55 ] [ 1 ] [ 1918 1727 1682 ] [   23   37   37 ] [   1895  10502  13018 ] [ 0 ],1.10,1.10,1.10,1.10,-162.96,-88.76,0.00,0.50,0.50,0.50,0.50,0.00,0.00,0.00,0.00,0.00,0.00,0.50,0.00,0.00,0.00,0
0.414239,-143,-79,530,0,DRIVE [ 56 ] [ 1 ] [ 1918 1727 1676 ] [    0    0    0 ] [      0      0      0 ] [ 0 ],drive [ 56 ] [ 1 ] [ 1918 1727 1679 ] [   23   37   37 ] [   1895  10502  13018 ] [ 0 ],1.10,1.10,1.10,1.10,-157.12,-87.29,0.00,0.50,0.50,0.50,0.50,0.00,0.00,0.00,0.00,0.00,0.00,0.50,0.00,0.00,0.00,0
0.42833,-137,-78,524,0,DRIVE [ 57 ] [ 1 ] [ 1918 1726 1672 ] [    0    0    0 ] [      0      0      0 ] [ 0 ],drive [ 56 ] [ 1 ] [ 1918 1727 1676 ] [   23   37   37 ] [   2157  10496  12972 ] [ 0 ],1.10,1.10,1.10,1.10,-151.01,-85.68,0.00,0.50,0.50,0.50,0.50,0.00,0.00,0.00,0.00,0.00,0.00,0.50,0.00,0.00,0.00,0
0.442153,-132,-78,523,0,DRIVE [ 57 ] [ 1 ] [ 1918 1728 1668 ] [    0    0    0 ] [      0      0      0 ] [ 0 ],drive [ 57 ] [ 1 ] [ 1918 1726 1672 ] [   13   37   29 ] [   2157  10496  12972 ] [ 0 ],1.10,1.10,1.10,1.10,-145.29,-85.36,0.00,0.50,0.50,0.50,0.50,0.00,0.00,0.00,0.00,0.00,0.00,0.50,0.00,0.00,0.00,0
0.456347,-126,-77,519,0,DRIVE [ 58 ] [ 1 ] [ 1918 1731 1664 ] [    0    0    0 ] [      0      0      0 ] [ 0 ],drive [ 57 ] [ 1 ] [ 1918 1728 1668 ] [   13   37   29 ] [   2157  10496  12972 ] [ 0 ],1.10,1.10,1.10,1.10,-138.90,-84.70,0.00,0.50,0.50,0.50,0.50,0.00,0.00,0.00,0.00,0.00,0.00,0.50,0.00,0.00,0.00,0
0.47035,-120,-76,511,0,DRIVE [ 58 ] [ 1 ] [ 1918 1733 1660 ] [    0    0    0 ] [      0      0      0 ] [ 0 ],drive [ 58 ] [ 1 ] [ 1918 1731 1664 ] [   13   37   29 ] [   2164  10496  12947 ] [ 0 ],1.10,1.10,1.10,1.10,-131.65,-83.49,0.00,0.50,0.50,0.50,0.50,0.00,0.00,0.00,0.00,0.00,0.00,0.50,0.00,0.00,0.00,0
0.484347,-113,-75,506,0,DRIVE [ 59 ] [ 1 ] [ 1918 1739 1657 ] [    0    0    0 ] [      0      0      0 ] [ 0 ],drive [ 58 ] [ 1 ] [ 1918 1733 1660 ] [   13   37   29 ] [   2164  10496  12947 ] [ 0 ],1.10,1.10,1.10,1.10,-123.79,-82.51,0.00,0.50,0.50,0.50,0.50,0.00,0.00,0.00,0.00,0.00,0.00,0.50,0.00,0.00,0.00,0
0.498108,-105,-73,497,0,DRIVE [ 59 ] [ 1 ] [ 1918 1745 1655 ] [    0    0    0 ] [      0      0      0 ] [ 0 ],drive [ 59 ] [ 1 ] [ 1918 1739 1657 ] [   21   37   23 ] [   2164  10496  12947 ] [ 0 ],1.10,1.10,1.10,1.10,-115.48,-80.52,0.00,0.50,0.50,0.50,0.50,0.00,0.00,0.00,0.00,0.00,0.00,0.50,0.00,0.00,0.00,0
0.512062,-98,-71,491,0,DRIVE [ 60 ] [ 1 ] [ 1918 1751 1655 ] [    0    0    0 ] [      0      0      0 ] [ 0 ],drive [ 59 ] [ 1 ] [ 1918 1745 1655 ] [   21   37   23 ] [   2164  10496  12947 ] [ 0 ],1.10,1.10,1.10,1.10,-107.92,-78.57,0.00,0.50,0.50,0.50,0.50,0.00,0.00,0.00,0.00,0.00,0.00,0.50,0.00,0.00,0.00,0
0.526073,-92,-70,487,0,DRIVE [ 60 ] [ 1 ] [ 1918 1757 1654 ] [    0    0    0 ] [      0      0      0 ] [ 0 ],drive [ 60 ] [ 1 ] [ 1918 1751 1655 ] [   21   37   23 ] [   2560  10480  12947 ] [ 0 ],1.10,1.10,1.10,1.10,-101.00,-76.94,0.00,0.50,0.50,0.50,0.50,0.00,0.00,0.00,0.00,0.00,0.00,0.50,0.00,0.00,0.00,0
0.540156,-83,-67,478,0,DRIVE [ 61 ] [ 1 ] [ 1918 1768 1656 ] [    0    0    0 ] [      0      0      0 ] [ 0 ],drive [ 60 ] [ 1 ] [ 1918 1757 1654 ] [    8   26   24 ] [   2560  10480  12947 ] [ 0 ],1.10,1.10,1.10,1.10,-91.30,-74.01,0.00,0.50,0.50,0.50,0.50,0.00,0.00,0.00,0.00,0.00,0.00,0.50,0.00,0.00,0.00,0
0.553539,-75,-65,470,0,DRIVE [ 61 ] [ 1 ] [ 1918 1778 1658 ] [    0    0    0 ] [      0      0      0 ] [ 0 ],drive [ 61 ] [ 1 ] [ 1918 1768 1656 ] [    8   26   24 ] [   2560  10480  12947 ] [ 0 ],1.10,1.10,1.10,1.10,-82.46,-71.17,0.00,0.50,0.50,0.50,0.50,0.00,0.00,0.00,0.00,0.00,0.00,0.50,0.00,0.00,0.00,0
0.567548,-68,-63,466,0,DRIVE [ 62 ] [ 1 ] [ 1918 1789 1661 ] [    0    0    0 ] [      0      0      0 ] [ 0 ],drive [ 61 ] [ 1 ] [ 1918 1778 1658 ] [    8   26   24 ] [   2560  10480  12947 ] [ 0 ],1.10,1.10,1.10,1.10,-74.71,-69.05,0.00,0.50,0.50,0.50,0.50,0.00,0.00,0.00,0.00,0.00,0.00,0.50,0.00,0.00,0.00,0
0.58134,-61,-60,460,0,DRIVE [ 62 ] [ 1 ] [ 1918 1800 1663 ] [    0    0    0 ] [      0      0      0 ] [ 0 ],drive [ 62 ] [ 1 ] [ 1918 1789 1661 ] [    8   26   24 ] [   2571  10427  12946 ] [ 0 ],1.10,1.10,1.10,1.10,-66.78,-66.43,0.00,0.50,0.50,0.50,0.50,0.00,0.00,0.00,0.00,0.00,0.00,0.50,0.00,0.00,0.00,0
0.595266,-54,-58,454,0,DRIVE [ 63 ] [ 1 ] [ 1918 1811 1665 ] [    0    0    0 ] [      0      0      0 ] [ 0 ],drive [ 62 ] [ 1 ] [ 1918 1800 1663 ] [   20   35   23 ] [   2571  10427  12946 ] [ 0 ],1.10,1.10,1.10,1.10,-59.43,-64.13,0.00,0.50,0.50,0.50,0.50,0.00,0.00,0.00,0.00,0.00,0.00,0.50,0.00,0.00,0.00,0
0.610028,-46,-56,447,0,DRIVE [ 63 ] [ 1 ] [ 1918 1824 1668 ] [    0    0    0 ] [      0      0      0 ] [ 0 ],drive [ 63 ] [ 1 ] [ 1918 1811 1665 ] [   20   35   23 ] [   2571  10427  12946 ] [ 0 ],1.10,1.10,1.10,1.10,-51.14,-61.55,0.00,0.50,0.50,0.50,0.50,0.00,0.00,0.00,0.00,0.00,0.00,0.50,0.00,0.00,0.00,0
0.624461,-40,-54,438,0,DRIVE [ 64 ] [ 1 ] [ 1918 1835 1668 ] [    0    0    0 ] [      0      0      0 ] [ 0 ],drive [ 63 ] [ 1 ] [ 1918 1824 1668 ] [   20   35   23 ] [   2750  10190  12930 ] [ 0 ],1.10,1.10,1.10,1.10,-44.33,-59.16,0.00,0.50,0.50,0.50,0.50,0.00,0.00,0.00,0.00,0.00,0.00,0.50,0.00,0.00,0.00,0
0.639993,-36,-52,434,0,DRIVE [ 64 ] [ 1 ] [ 1918 1844 1668 ] [    0    0    0 ] [      0      0      0 ] [ 0 ],drive [ 64 ] [ 1 ] [ 1918 1835 1668 ] [   22   17   35 ] [   2750  10190  12930 ] [ 0 ],1.10,1.10,1.10,1.10,-39.17,-57.56,0.00,0.50,0.50,0.50,0.50,0.00,0.00,0.00,0.00,0.00,0.00,0.50,0.00,0.00,0.00,0
0.65387,-31,-51,426,0,DRIVE [ 65 ] [ 1 ] [ 1918 1851 1666 ] [    0    0    0 ] [      0      0      0 ] [ 0 ],drive [ 64 ] [ 1 ] [ 1918 1844 1668 ] [   22   17   35 ] [   2750  10190  12930 ] [ 0 ],1.10,1.10,1.10,1.10,-34.55,-55.69,0.00,0.50,0.50,0.50,0.50,0.00,0.00,0.00,0.00,0.00,0.00,0.50,0.00,0.00,0.00,0
0.667918,-28,-49,420,0,DRIVE [ 65 ] [ 1 ] [ 1918 1858 1664 ] [    0    0    0 ] [      0      0      0 ] [ 0 ],drive [ 65 ] [ 1 ] [ 1918 1851 1666 ] [   22   17   35 ] [   2750  10190  12930 ] [ 0 ],1.10,1.10,1.10,1.10,-30.50,-54.32,0.00,0.50,0.50,0.50,0.50,0.00,0.00,0.00,0.00,0.00,0.00,0.50,0.00,0.00,0.00,0
0.681779,-23,-48,412,0,DRIVE [ 66 ] [ 1 ] [ 1918 1867 1658 ] [    0    0    0 ] [      0      0      0 ] [ 0 ],drive [ 65 ] [ 1 ] [ 1918 1858 1664 ] [   22   17   35 ] [   2764  10002  12896 ] [ 0 ],1.10,1.10,1.10,1.10,-25.46,-53.21,0.00,0.50,0.50,0.50,0.50,0.00,0.00,0.00,0.00,0.00,0.00,0.50,0.00,0.00,0.00,0
0.695557,-19,-48,406,0,DRIVE [ 66 ] [ 1 ] [ 1918 1877 1651 ] [    0    0    0 ] [      0      0      0 ] [ 0 ],drive [ 66 ] [ 1 ] [ 1918 1867 1658 ] [   24   30   39 ] [   2764  10002  12896 ] [ 0 ],1.10,1.10,1.10,1.10,-20.61,-52.53,0.00,0.50,0.50,0.50,0.50,0.00,0.00,0.00,0.00,0.00,0.00,0.50,0.00,0.00,0.00,0
0.708764,-14,-47,398,0,DRIVE [ 67 ] [ 1 ] [ 1918 1887 1640 ] [    0    0    0 ] [      0      0      0 ] [ 0 ],drive [ 66 ] [ 1 ] [ 1918 1877 1651 ] [   24   30   39 ] [   2764  10002  12896 ] [ 0 ],1.10,1.10,1.10,1.10,-15.85,-51.53,0.00,0.50,0.50,0.50,0.50,-0.15,-0.48,0.00,0.00,0.00,0.00,0.50,0.00,0.00,0.00,0
0.722357,-10,-46,390,0,DRIVE [ 67 ] [ 1 ] [ 1918 1899 1628 ] [    0    0    0 ] [      0      0      0 ] [ 0 ],drive [ 67 ] [ 1 ] [ 1918 1887 1640 ] [   24   30   39 ] [   2767   9714  12897 ] [ 0 ],1.10,1.10,1.10,1.10,-10.50,-50.33,0.00,0.50,0.50,0.50,0.50,-0.25,-0.94,0.00,0.00,0.00,0.00,0.50,0.00,0.00,0.00,0
0.735727,-6,-45,382,0,DRIVE [ 68 ] [ 1 ] [ 1918 1909 1614 ] [    0    0    0 ] [      0      0      0 ] [ 0 ],drive [ 67 ] [ 1 ] [ 1918 1899 1628 ] [   16   19   40 ] [   2767   9714  12897 ] [ 0 ],1.10,1.10,1.10,1.10,-6.15,-49.20,0.00,0.50,0.50,0.50,0.50,-0.32,-1.39,0.00,0.00,0.00,0.00,0.50,0.00,0.00,0.00,0
0.749173,-3,-44,374,0,DRIVE [ 68 ] [ 1 ] [ 1918 1917 1601 ] [    0    0    0 ] [      0      0      0 ] [ 0 ],drive [ 68 ] [ 1 ] [ 1918 1909 1614 ] [   16   19   40 ] [   2767   9714  12897 ] [ 0 ],1.10,1.10,1.10,1.10,-2.79,-48.01,0.00,0.50,0.50,0.50,0.50,-0.36,-1.83,0.00,0.00,0.00,0.00,0.50,0.00,0.00,0.00,0
0.762629,0,-43,369,0,DRIVE [ 69 ] [ 1 ] [ 1918 1924 1588 ] [    0    0    0 ] [      0      0      0 ] [ 0 ],drive [ 68 ] [ 1 ] [ 1918 1917 1601 ] [   16   19   40 ] [   2767   9714  12897 ] [ 0 ],1.10,1.10,1.10,1.10,-0.25,-47.25,0.00,0.50,0.50,0.50,0.50,-0.39,-2.27,0.00,0.00,0.00,0.00,0.50,0.00,0.00,0.00,0
0.775754,2,-42,363,0,DRIVE [ 69 ] [ 1 ] [ 1922 1924 1583 ] [    0    0    0 ] [      0      0      0 ] [ 0 ],drive [ 69 ] [ 1 ] [ 1918 1924 1588 ] [   16   19   40 ] [   2911   9271  12901 ] [ 0 ],1.10,1.10,1.10,1.10,1.74,-46.15,0.00,0.50,0.50,0.50,0.50,-0.41,-2.69,0.00,0.00,0.00,0.00,0.50,-0.00,0.00,0.00,0
0.789117,3,-41,355,0,DRIVE [ 70 ] [ 1 ] [ 1917 1924 1581 ] [    0    0    0 ] [      0      0      0 ] [ 0 ],drive [ 69 ] [ 1 ] [ 1922 1924 1583 ] [   21    4   43 ] [   2911   9271  12901 ] [ 0 ],1.10,1.10,1.10,1.10,3.22,-44.97,0.00,0.50,0.50,0.50,0.50,-0.41,-3.10,0.00,0.00,0.00,0.00,0.50,-0.00,0.00,0.00,0
0.802437,4,-40,348,0,DRIVE [ 70 ] [ 1 ] [ 1914 1924 1576 ] [    0    0    0 ] [      0      0      0 ] [ 0 ],drive [ 70 ] [ 1 ] [ 1917 1924 1581 ] [   21    4   43 ] [   2911   9271  12901 ] [ 0 ],1.10,1.10,1.10,1.10,4.16,-43.88,0.00,0.50,0.50,0.50,0.50,-0.41,-3.51,0.00,0.00,0.00,0.00,0.50,-0.00,0.00,0.00,0
0.81575,4,-39,343,0,DRIVE [ 71 ] [ 1 ] [ 1912 1924 1570 ] [    0    0    0 ] [      0      0      0 ] [ 0 ],drive [ 70 ] [ 1 ] [ 1914 1924 1576 ] [   21    4   43 ] [   2911   9271  12901 ] [ 0 ],1.10,1.10,1.10,1.10,4.69,-43.22,0.00,0.50,0.50,0.50,0.50,-0.41,-3.91,0.00,0.00,0.00,0.00,0.50,-0.00,0.00,0.00,0
0.828993,5,-39,338,0,DRIVE [ 71 ] [ 1 ] [ 1910 1924 1563 ] [    0    0    0 ] [      0      0      0 ] [ 0 ],drive [ 71 ] [ 1 ] [ 1912 1924 1570 ] [   21    4   43 ] [   3119   9097  12902 ] [ 0 ],1.10,1.10,1.10,1.10,5.12,-42.45,0.00,0.50,0.50,0.50,0.50,-0.40,-4.30,0.00,0.00,0.00,0.00,0.50,-0.00,0.00,0.00,0
0.841924,5,-38,331,0,DRIVE [ 72 ] [ 1 ] [ 1908 1924 1558 ] [    0    0    0 ] [      0      0      0 ] [ 0 ],drive [ 71 ] [ 1 ] [ 1910 1924 1563 ] [    5    5   45 ] [   3119   9097  12902 ] [ 0 ],1.10,1.10,1.10,1.10,5.66,-41.45,0.00,0.50,0.50,0.50,0.50,-0.39,-4.68,0.00,0.00,0.00,0.00,0.50,-0.00,0.00,0.00,0
0.855175,6,-37,325,0,DRIVE [ 72 ] [ 1 ] [ 1904 1924 1553 ] [    0    0    0 ] [      0      0      0 ] [ 0 ],drive [ 72 ] [ 1 ] [ 1908 1924 1558 ] [    5    5   45 ] [   3119   9097  12902 ] [ 0 ],1.10,1.10,1.10,1.10,6.37,-40.53,0.00,0.50,0.50,0.50,0.50,-0.36,-5.05,0.00,0.00,0.00,0.00,0.50,-0.00,0.00,0.00,0
0.868372,7,-36,317,0,DRIVE [ 73 ] [ 1 ] [ 1898 1924 1550 ] [    0    0    0 ] [      0      0      0 ] [ 0 ],drive [ 72 ] [ 1 ] [ 1904 1924 1553 ] [    5    5   45 ] [   3119   9097  12902 ] [ 0 ],1.10,1.10,1.10,1.10,7.83,-39.31,0.00,0.50,0.50,0.50,0.50,-0.31,-5.41,0.00,0.00,0.00,0.00,0.50,-0.00,0.00,0.00,0
0.881508,8,-35,312,0,DRIVE [ 73 ] [ 1 ] [ 1892 1924 1547 ] [    0    0    0 ] [      0      0      0 ] [ 0 ],drive [ 73 ] [ 1 ] [ 1898 1924 1550 ] [    5    5   45 ] [   3243   8938  12904 ] [ 0 ],1.10,1.10,1.10,1.10,9.12,-38.38,0.00,0.50,0.50,0.50,0.50,-0.25,-5.77,0.00,0.00,0.00,0.00,0.50,-0.00,0.00,0.00,0
0.894603,9,-34,307,0,DRIVE [ 74 ] [ 1 ] [ 1886 1924 1545 ] [    0    0    0 ] [      0      0      0 ] [ 0 ],drive [ 73 ] [ 1 ] [ 1892 1924 1547 ] [    1    0   45 ] [   3243   8938  12904 ] [ 0 ],1.10,1.10,1.10,1.10,10.32,-37.45,0.00,0.50,0.50,0.50,0.50,-0.18,-6.11,0.00,0.00,0.00,0.00,0.50,-0.00,0.00,0.00,0
0.907469,10,-33,301,0,DRIVE [ 74 ] [ 1 ] [ 1880 1924 1545 ] [    0    0    0 ] [      0      0      0 ] [ 0 ],drive [ 74 ] [ 1 ] [ 1886 1924 1545 ] [    1    0   45 ] [   3243   8938  12904 ] [ 0 ],1.10,1.10,1.10,1.10,11.38,-36.06,0.00,0.50,0.50,0.50,0.50,-0.10,-6.44,0.00,0.00,0.00,0.00,0.50,-0.00,0.00,0.00,0
0.92068,11,-31,296,0,DRIVE [ 75 ] [ 1 ] [ 1873 1924 1550 ] [    0    0    0 ] [      0      0      0 ] [ 0 ],drive [ 74 ] [ 1 ] [ 1880 1924 1545 ] [    1    0   45 ] [   3276   8735  12915 ] [ 0 ],1.10,1.10,1.10,1.10,12.55,-34.09,0.00,0.50,0.50,0.50,0.50,-0.00,-6.74,0.00,0.00,0.00,0.00,0.50,-0.00,0.00,0.00,0
0.933687,12,-29,290,0,DRIVE [ 75 ] [ 1 ] [ 1867 1924 1556 ] [    0    0    0 ] [      0      0      0 ] [ 0 ],drive [ 75 ] [ 1 ] [ 1873 1924 1550 ] [    1    0   45 ] [   3276   8735  12915 ] [ 0 ],1.10,1.10,1.10,1.10,13.30,-31.94,0.00,0.50,0.50,0.50,0.50,0.09,-7.02,0.00,0.00,0.00,0.00,0.50,-0.00,0.00,0.00,0
0.946474,12,-27,283,0,DRIVE [ 76 ] [ 1 ] [ 1863 1924 1561 ] [    0    0    0 ] [      0      0      0 ] [ 0 ],drive [ 75 ] [ 1 ] [ 1867 1924 1556 ] [   10   17   43 ] [   3276   8735  12915 ] [ 0 ],1.10,1.10,1.10,1.10,13.59,-29.91,0.00,0.50,0.50,0.50,0.50,0.19,-7.29,0.00,0.00,0.00,0.00,0.50,-0.00,0.00,0.00,0
0.959366,12,-26,279,0,DRIVE [ 76 ] [ 1 ] [ 1860 1924 1566 ] [    0    0    0 ] [      0      0      0 ] [ 0 ],drive [ 76 ] [ 1 ] [ 1863 1924 1561 ] [   10   17   43 ] [   3276   8735  12915 ] [ 0 ],1.10,1.10,1.10,1.10,13.61,-28.16,0.00,0.50,0.50,0.50,0.50,0.29,-7.54,0.00,0.00,0.00,0.00,0.50,-0.00,0.00,0.00,0
0.972033,12,-24,275,0,DRIVE [ 77 ] [ 1 ] [ 1860 1924 1569 ] [    0    0    0 ] [      0      0      0 ] [ 0 ],drive [ 76 ] [ 1 ] [ 1860 1924 1566 ] [   10   17   43 ] [   3549   8568  12914 ] [ 0 ],1.10,1.10,1.10,1.10,13.24,-26.63,0.00,0.50,0.50,0.50,0.50,0.38,-7.78,0.00,0.00,0.00,0.00,0.50,-0.00,0.00,0.00,0
0.985059,11,-23,270,0,DRIVE [ 77 ] [ 1 ] [ 1862 1924 1571 ] [    0    0    0 ] [      0      0      0 ] [ 0 ],drive [ 77 ] [ 1 ] [ 1860 1924 1569 ] [   16    5   42 ] [   3549   8568  12914 ] [ 0 ],1.10,1.10,1.10,1.10,12.34,-25.08,0.00,0.50,0.50,0.50,0.50,0.46,-8.01,0.00,0.00,0.00,0.00,0.50,-0.00,0.00,0.00,0
0.998012,9,-22,264,0,DRIVE [ 78 ] [ 1 ] [ 1874 1924 1567 ] [    0    0    0 ] [      0      0      0 ] [ 0 ],drive [ 77 ] [ 1 ] [ 1862 1924 1571 ] [   16    5   42 ] [   3549   8568  12914 ] [ 0 ],1.10,1.10,1.10,1.10,9.64,-23.67,0.00,0.50,0.50,0.50,0.50,0.50,-8.22,0.00,0.00,0.00,0.00,0.50,-0.00,0.00,0.00,0
1.01081,6,-21,261,0,DRIVE [ 78 ] [ 1 ] [ 1891 1924 1564 ] [    0    0    0 ] [      0      0      0 ] [ 0 ],drive [ 78 ] [ 1 ] [ 1874 1924 1567 ] [   16    5   42 ] [   3549   8568  12914 ] [ 0 ],1.10,1.10,1.10,1.10,6.30,-22.57,0.00,0.50,0.50,0.50,0.50,0.50,-8.43,0.00,0.00,0.00,0.00,0.50,-0.00,0.00,0.00,0
1.02334,2,-20,258,0,DRIVE [ 79 ] [ 1 ] [ 1910 1924 1557 ] [    0    0    0 ] [      0      0      0 ] [ 1 ],drive [ 78 ] [ 1 ] [ 1891 1924 1564 ] [   16    5   42 ] [   3916   8351  12909 ] [ 0 ],1.10,1.10,1.10,1.10,2.49,-21.50,0.00,0.50,0.50,0.50,0.50,0.47,-8.63,0.00,0.00,0.00,0.00,0.50,-0.00,0.00,0.00,0
1.03558,-1,-19,254,0,DRIVE [ 79 ] [ 1 ] [ 1910 1920 1553 ] [    0    0    0 ] [      0      0      0 ] [ 1 ],drive [ 79 ] [ 1 ] [ 1910 1924 1557 ] [    3    1   44 ] [   3916   8351  12909 ] [ 1 ],1.10,1.10,1.10,1.10,-1.50,-20.51,0.00,0.50,0.50,0.50,0.50,0.41,-8.82,0.00,0.00,0.00,0.00,0.50,0.00,0.00,0.00,0
1.04833,-5,-18,250,0,DRIVE [ 80 ] [ 1 ] [ 1910 1898 1572 ] [    0    0    0 ] [      0      0      0 ] [ 1 ],drive [ 79 ] [ 1 ] [ 1910 1920 1553 ] [    3    1   44 ] [   3916   8351  12909 ] [ 1 ],1.10,1.10,1.10,1.10,-5.49,-19.67,0.00,0.50,0.50,0.50,0.50,0.31,-9.01,0.00,0.00,0.00,0.00,0.50,0.00,0.00,0.00,0
1.06095,-8,-17,245,0,DRIVE [ 80 ] [ 1 ] [ 1910 1875 1585 ] [    0    0    0 ] [      0      0      0 ] [ 1 ],drive [ 80 ] [ 1 ] [ 1910 1898 1572 ] [    3    1   44 ] [   3916   8351  12909 ] [ 1 ],1.10,1.10,1.10,1.10,-9.26,-18.79,0.00,0.50,0.50,0.50,0.50,0.18,-9.18,0.00,0.00,0.00,0.00,0.50,0.00,0.00,0.00,0
1.07355,-12,-16,241,0,DRIVE [ 81 ] [ 1 ] [ 1910 1852 1593 ] [    0    0    0 ] [      0      0      0 ] [ 0 ],drive [ 80 ] [ 1 ] [ 1910 1875 1585 ] [    3    1   44 ] [   3932   8129  12908 ] [ 1 ],1.10,1.10,1.10,1.10,-12.81,-17.99,0.00,0.50,0.50,0.50,0.50,0.02,-9.35,0.00,0.00,0.00,0.00,0.50,0.00,0.00,0.00,0
1.08701,-15,-16,237,0,DRIVE [ 81 ] [ 1 ] [ 1910 1829 1597 ] [    0    0    0 ] [      0      0      0 ] [ 0 ],drive [ 81 ] [ 1 ] [ 1910 1852 1593 ] [    8   11   46 ] [   3932   8129  12908 ] [ 0 ],1.10,1.10,1.10,1.10,-16.19,-17.18,0.00,0.50,0.50,0.50,0.50,-0.16,-9.51,0.00,0.00,0.00,0.00,0.50,0.00,0.00,0.00,0
1.09898,-17,-15,233,0,DRIVE [ 82 ] [ 1 ] [ 1910 1805 1599 ] [    0    0    0 ] [      0      0      0 ] [ 0 ],drive [ 81 ] [ 1 ] [ 1910 1829 1597 ] [    8   11   46 ] [   3932   8129  12908 ] [ 0 ],1.10,1.10,1.10,1.10,-19.21,-16.20,0.00,0.50,0.50,0.50,0.50,-0.36,-9.66,0.00,0.00,0.00,0.00,0.50,0.00,0.00,0.00,0
1.11153,-21,-14,227,0,DRIVE [ 82 ] [ 1 ] [ 1910 1773 1600 ] [    0    0    0 ] [      0      0      0 ] [ 0 ],drive [ 82 ] [ 1 ] [ 1910 1805 1599 ] [    8   11   46 ] [   3932   8129  12908 ] [ 0 ],1.10,1.10,1.10,1.10,-22.96,-14.95,0.00,0.50,0.50,0.50,0.50,-0.61,-9.80,0.00,0.00,0.00,0.00,0.50,0.00,0.00,0.00,0
1.12386,-24,-13,223,0,DRIVE [ 83 ] [ 1 ] [ 1910 1741 1597 ] [    0    0    0 ] [      0      0      0 ] [ 0 ],drive [ 82 ] [ 1 ] [ 1910 1773 1600 ] [    8   11   46 ] [   3936   8081  12867 ] [ 0 ],1.10,1.10,1.10,1.10,-26.42,-13.89,0.00,0.50,0.50,0.50,0.50,-0.88,-9.92,0.00,0.00,0.00,0.00,0.50,0.00,0.00,0.00,0
1.13713,-27,-12,219,0,DRIVE [ 83 ] [ 1 ] [ 1910 1710 1592 ] [    0    0    0 ] [      0      0      0 ] [ 0 ],drive [ 83 ] [ 1 ] [ 1910 1741 1597 ] [    5   32   38 ] [   3936   8081  12867 ] [ 0 ],1.10,1.10,1.10,1.10,-29.52,-13.03,0.00,0.50,0.50,0.50,0.50,-1.17,-10.05,0.00,0.00,0.00,0.00,0.50,0.00,0.00,0.00,0
1.1489,-29,-11,215,0,DRIVE [ 84 ] [ 1 ] [ 1910 1679 1585 ] [    0    0    0 ] [      0      0      0 ] [ 0 ],drive [ 83 ] [ 1 ] [ 1910 1710 1592 ] [    5   32   38 ] [   3936   8081  12867 ] [ 0 ],1.10,1.10,1.10,1.10,-32.32,-12.30,0.00,0.50,0.50,0.50,0.50,-1.49,-10.16,0.00,0.00,0.00,0.00,0.50,0.00,0.00,0.00,0
1.16118,-32,-11,212,0,DRIVE [ 84 ] [ 1 ] [ 1910 1650 1577 ] [    0    0    0 ] [      0      0      0 ] [ 0 ],drive [ 84 ] [ 1 ] [ 1910 1679 1585 ] [    5   32   38 ] [   3936   8081  12867 ] [ 0 ],1.10,1.10,1.10,1.10,-34.75,-11.61,0.00,0.50,0.50,0.50,0.50,-1.82,-10.27,0.00,0.00,0.00,0.00,0.50,0.00,0.00,0.00,0
1.17287,-33,-10,207,0,DRIVE [ 85 ] [ 1 ] [ 1910 1622 1569 ] [    0    0    0 ] [      0      0      0 ] [ 0 ],drive [ 84 ] [ 1 ] [ 1910 1650 1577 ] [    5   32   38 ] [   3938   8170  12850 ] [ 0 ],1.10,1.10,1.10,1.10,-36.73,-10.96,0.00,0.50,0.50,0.50,0.50,-2.16,-10.38,0.00,0.00,0.00,0.00,0.50,0.00,0.00,0.00,0
1.18518,-35,-9,204,0,DRIVE [ 85 ] [ 1 ] [ 1910 1596 1563 ] [    0    0    0 ] [      0      0      0 ] [ 0 ],drive [ 85 ] [ 1 ] [ 1910 1622 1569 ] [    5   46   38 ] [   3938   8170  12850 ] [ 0 ],1.10,1.10,1.10,1.10,-38.58,-10.29,0.00,0.50,0.50,0.50,0.50,-2.52,-10.48,0.00,0.00,0.00,0.00,0.50,0.00,0.00,0.00,0
1.19728,-36,-9,200,0,DRIVE [ 86 ] [ 1 ] [ 1910 1572 1557 ] [    0    0    0 ] [      0      0      0 ] [ 0 ],drive [ 85 ] [ 1 ] [ 1910 1596 1563 ] [    5   46   38 ] [   3938   8170  12850 ] [ 0 ],1.10,1.10,1.10,1.10,-39.93,-9.55,0.00,0.50,0.50,0.50,0.50,-2.89,-10.57,0.00,0.00,0.00,0.00,0.50,0.00,0.00,0.00,0
1.20926,-37,-8,197,0,DRIVE [ 86 ] [ 1 ] [ 1910 1552 1553 ] [    0    0    0 ] [      0      0      0 ] [ 0 ],drive [ 86 ] [ 1 ] [ 1910 1572 1557 ] [    5   46   38 ] [   3938   8170  12850 ] [ 0 ],1.10,1.10,1.10,1.10,-40.89,-8.83,0.00,0.50,0.50,0.50,0.50,-3.26,-10.65,0.00,0.00,0.00,0.00,0.50,0.00,0.00,0.00,0
1.22089,-38,-7,194,0,DRIVE [ 87 ] [ 1 ] [ 1910 1535 1552 ] [    0    0    0 ] [      0      0      0 ] [ 0 ],drive [ 86 ] [ 1 ] [ 1910 1552 1553 ] [    5   46   38 ] [   3936   8454  12851 ] [ 0 ],1.10,1.10,1.10,1.10,-41.53,-8.01,0.00,0.50,0.50,0.50,0.50,-3.63,-10.73,0.00,0.00,0.00,0.00,0.50,0.00,0.00,0.00,0
1.23223,-38,-6,190,0,DRIVE [ 87 ] [ 1 ] [ 1910 1520 1554 ] [    0    0    0 ] [      0      0      0 ] [ 0 ],drive [ 87 ] [ 1 ] [ 1910 1535 1552 ] [    5   46   38 ] [   3936   8454  12851 ] [ 0 ],1.10,1.10,1.10,1.10,-41.45,-6.84,0.00,0.50,0.50,0.50,0.50,-4.00,-10.79,0.00,0.00,0.00,0.00,0.50,0.00,0.00,0.00,0
1.24401,-38,-5,186,0,DRIVE [ 88 ] [ 1 ] [ 1910 1507 1557 ] [    0    0    0 ] [      0      0      0 ] [ 0 ],drive [ 87 ] [ 1 ] [ 1910 1520 1554 ] [    5   43   40 ] [   3936   8454  12851 ] [ 0 ],1.10,1.10,1.10,1.10,-41.27,-5.70,0.00,0.50,0.50,0.50,0.50,-4.36,-10.84,0.00,0.00,0.00,0.00,0.50,0.00,0.00,0.00,0
1.25644,-37,-4,183,0,DRIVE [ 88 ] [ 1 ] [ 1910 1495 1561 ] [    0    0    0 ] [      0      0      0 ] [ 0 ],drive [ 88 ] [ 1 ] [ 1910 1507 1557 ] [    5   43   40 ] [   3936   8454  12851 ] [ 0 ],1.10,1.10,1.10,1.10,-40.90,-4.52,0.00,0.50,0.50,0.50,0.50,-4.72,-10.88,0.00,0.00,0.00,0.00,0.50,0.00,0.00,0.00,0
1.26815,-37,-3,179,0,DRIVE [ 89 ] [ 1 ] [ 1910 1484 1567 ] [    0    0    0 ] [      0      0      0 ] [ 0 ],drive [ 88 ] [ 1 ] [ 1910 1495 1561 ] [    5   43   40 ] [   3937   8746  12851 ] [ 0 ],1.10,1.10,1.10,1.10,-40.34,-3.28,0.00,0.50,0.50,0.50,0.50,-5.07,-10.91,0.00,0.00,0.00,0.00,0.50,0.00,0.00,0.00,0
1.2804,-36,-2,176,0,DRIVE [ 89 ] [ 1 ] [ 1910 1473 1573 ] [    0    0    0 ] [      0      0      0 ] [ 0 ],drive [ 89 ] [ 1 ] [ 1910 1484 1567 ] [    5   43   40 ] [   3937   8746  12851 ] [ 0 ],1.10,1.10,1.10,1.10,-39.76,-2.03,0.00,0.50,0.50,0.50,0.50,-5.42,-10.92,0.00,0.00,0.00,0.00,0.50,0.00,0.00,0.00,0
1.29257,-36,-1,173,0,DRIVE [ 90 ] [ 1 ] [ 1910 1461 1581 ] [    0    0    0 ] [      0      0      0 ] [ 0 ],drive [ 89 ] [ 1 ] [ 1910 1473 1573 ] [    5   43   39 ] [   3937   8746  12851 ] [ 0 ],1.10,1.10,1.10,1.10,-39.15,-0.63,0.00,0.50,0.50,0.50,0.50,-5.77,-10.92,0.00,0.00,0.00,0.00,0.50,0.00,0.00,0.00,0
1.30399,-35,1,170,0,DRIVE [ 90 ] [ 1 ] [ 1910 1447 1591 ] [    0    0    0 ] [      0      0      0 ] [ 0 ],drive [ 90 ] [ 1 ] [ 1910 1461 1581 ] [    5   43   39 ] [   3937   8746  12851 ] [ 0 ],1.10,1.10,1.10,1.10,-38.64,0.98,0.00,0.50,0.50,0.50,0.50,-6.11,-10.91,0.00,0.00,0.00,0.00,0.50,0.00,0.00,0.00,0
1.31581,-35,3,166,0,DRIVE [ 91 ] [ 1 ] [ 1910 1428 1603 ] [    0    0    0 ] [      0      0      0 ] [ 0 ],drive [ 90 ] [ 1 ] [ 1910 1447 1591 ] [    5   43   39 ] [   3937   8746  12851 ] [ 0 ],1.10,1.10,1.10,1.10,-38.05,2.87,0.00,0.50,0.50,0.50,0.50,-6.44,-10.88,0.00,0.00,0.00,0.00,0.50,0.00,0.00,0.00,0
1.32752,-35,4,165,0,DRIVE [ 91 ] [ 1 ] [ 1910 1408 1618 ] [    0    0    0 ] [      0      0      0 ] [ 0 ],drive [ 91 ] [ 1 ] [ 1910 1428 1603 ] [    5   43   39 ] [   3937   8750  12851 ] [ 0 ],1.10,1.10,1.10,1.10,-37.99,4.88,0.00,0.50,0.50,0.50,0.50,-6.78,-10.82,0.00,0.00,0.00,0.00,0.50,0.00,0.00,0.00,0
1.339,-34,7,163,0,DRIVE [ 92 ] [ 1 ] [ 1910 1384 1635 ] [    0    0    0 ] [      0      0      0 ] [ 0 ],drive [ 91 ] [ 1 ] [ 1910 1408 1618 ] [    6   67   36 ] [   3937   8750  12851 ] [ 0 ],1.10,1.10,1.10,1.10,-37.87,7.19,0.00,0.50,0.50,0.50,0.50,-7.12,-10.75,0.00,0.00,0.00,0.00,0.50,0.00,0.00,0.00,0
1.35026,-34,9,161,0,DRIVE [ 92 ] [ 1 ] [ 1910 1357 1655 ] [    0    0    0 ] [      0      0      0 ] [ 0 ],drive [ 92 ] [ 1 ] [ 1910 1384 1635 ] [    6   67   36 ] [   3937   8750  12851 ] [ 0 ],1.10,1.10,1.10,1.10,-37.48,9.82,0.00,0.50,0.50,0.50,0.50,-7.45,-10.65,0.00,0.00,0.00,0.00,0.50,0.00,0.00,0.00,0
1.36384,-34,12,158,0,DRIVE [ 93 ] [ 1 ] [ 1910 1327 1677 ] [    0    0    0 ] [      0      0      0 ] [ 0 ],drive [ 92 ] [ 1 ] [ 1910 1357 1655 ] [    6   67   36 ] [   3937   8750  12851 ] [ 0 ],1.10,1.10,1.10,1.10,-36.88,12.74,0.00,0.50,0.50,0.50,0.50,-7.78,-10.52,0.00,0.00,0.00,0.00,0.50,0.00,0.00,0.00,0
1.3758,-33,14,156,0,DRIVE [ 93 ] [ 1 ] [ 1910 1292 1703 ] [    0    0    0 ] [      0      0      0 ] [ 0 ],drive [ 93 ] [ 1 ] [ 1910 1327 1677 ] [    6   67   36 ] [   3932   9070  12849 ] [ 0 ],1.10,1.10,1.10,1.10,-36.07,15.90,0.00,0.50,0.50,0.50,0.50,-8.10,-10.35,0.00,0.00,0.00,0.00,0.50,0.00,0.00,0.00,0
1.38871,-32,17,153,0,DRIVE [ 94 ] [ 1 ] [ 1910 1256 1730 ] [    0    0    0 ] [      0      0      0 ] [ 0 ],drive [ 93 ] [ 1 ] [ 1910 1292 1703 ] [    9   77   21 ] [   3932   9070  12849 ] [ 0 ],1.10,1.10,1.10,1.10,-34.90,18.99,0.00,0.50,0.50,0.50,0.50,-8.40,-10.17,0.00,0.00,0.00,0.00,0.50,0.00,0.00,0.00,0
1.40036,-30,20,150,0,DRIVE [ 94 ] [ 1 ] [ 1910 1219 1759 ] [    0    0    0 ] [      0      0      0 ] [ 0 ],drive [ 94 ] [ 1 ] [ 1910 1256 1730 ] [    9   77   21 ] [   3932   9070  12849 ] [ 0 ],1.10,1.10,1.10,1.10,-33.45,22.16,0.00,0.50,0.50,0.50,0.50,-8.69,-9.95,0.00,0.00,0.00,0.00,0.50,0.00,0.00,0.00,0
1.41238,-29,23,147,0,DRIVE [ 95 ] [ 1 ] [ 1910 1179 1790 ] [    0    0    0 ] [      0      0      0 ] [ 0 ],drive [ 94 ] [ 1 ] [ 1910 1219 1759 ] [    9   77   21 ] [   3932   9070  12849 ] [ 0 ],1.10,1.10,1.10,1.10,-31.68,25.27,0.00,0.50,0.50,0.50,0.50,-8.96,-9.71,0.00,0.00,0.00,0.00,0.50,0.00,0.00,0.00,0
1.42408,-26,26,144,0,DRIVE [ 95 ] [ 1 ] [ 1910 1131 1831 ] [    0    0    0 ] [      0      0      0 ] [ 0 ],drive [ 95 ] [ 1 ] [ 1910 1179 1790 ] [    9   77   21 ] [   3933   9605  12712 ] [ 0 ],1.10,1.10,1.10,1.10,-28.92,28.90,0.00,0.50,0.50,0.50,0.50,-9.20,-9.43,0.00,0.00,0.00,0.00,0.50,0.00,0.00,0.00,0
1.43552,-24,29,141,0,DRIVE [ 96 ] [ 1 ] [ 1910 1085 1869 ] [    0    0    0 ] [      0      0      0 ] [ 0 ],drive [ 95 ] [ 1 ] [ 1910 1131 1831 ] [    8   90   18 ] [   3933   9605  12712 ] [ 0 ],1.10,1.10,1.10,1.10,-26.16,31.94,0.00,0.50,0.50,0.50,0.50,-9.41,-9.12,0.00,0.00,0.00,0.00,0.50,0.00,0.00,0.00,0
1.44727,-21,31,138,0,DRIVE [ 96 ] [ 1 ] [ 1902 1087 1869 ] [    0    0    0 ] [      0      0      0 ] [ 0 ],drive [ 96 ] [ 1 ] [ 1910 1085 1869 ] [    8   90   18 ] [   3933   9605  12712 ] [ 0 ],1.10,1.10,1.10,1.10,-23.39,34.58,0.00,0.50,0.50,0.50,0.50,-9.60,-8.80,0.00,0.00,0.00,0.00,0.50,0.00,0.00,0.00,0
1.45892,-19,33,136,0,DRIVE [ 97 ] [ 1 ] [ 1863 1122 1869 ] [    0    0    0 ] [      0      0      0 ] [ 0 ],drive [ 96 ] [ 1 ] [ 1902 1087 1869 ] [    8   90   18 ] [   3933   9605  12712 ] [ 0 ],1.10,1.10,1.10,1.10,-20.52,36.69,0.00,0.50,0.50,0.50,0.50,-9.76,-8.47,0.00,0.00,0.00,0.00,0.50,0.00,0.00,0.00,0
1.47073,-16,35,134,0,DRIVE [ 97 ] [ 1 ] [ 1826 1156 1869 ] [    0    0    0 ] [      0      0      0 ] [ 0 ],drive [ 97 ] [ 1 ] [ 1863 1122 1869 ] [    8   90   18 ] [   3934  10349  12368 ] [ 0 ],1.10,1.10,1.10,1.10,-17.66,38.32,0.00,0.50,0.50,0.50,0.50,-9.90,-8.12,0.00,0.00,0.00,0.00,0.50,0.00,0.00,0.00,0
1.48218,-13,36,132,0,DRIVE [ 98 ] [ 1 ] [ 1792 1191 1869 ] [    0    0    0 ] [      0      0      0 ] [ 0 ],drive [ 97 ] [ 1 ] [ 1826 1156 1869 ] [    8   90   18 ] [   3934  10349  12368 ] [ 0 ],1.10,1.10,1.10,1.10,-14.77,39.46,0.00,0.50,0.50,0.50,0.50,-10.01,-7.77,0.00,0.00,0.00,0.00,0.50,0.00,0.00,0.00,0
1.49384,-11,36,130,0,DRIVE [ 98 ] [ 1 ] [ 1761 1231 1869 ] [    0    0    0 ] [      0      0      0 ] [ 0 ],drive [ 98 ] [ 1 ] [ 1792 1191 1869 ] [    8   75   13 ] [   3934  10349  12368 ] [ 0 ],1.10,1.10,1.10,1.10,-11.84,40.11,0.00,0.50,0.50,0.50,0.50,-10.10,-7.42,0.00,0.00,0.00,0.00,0.50,0.00,0.00,0.00,0
1.50553,-8,37,129,0,DRIVE [ 99 ] [ 1 ] [ 1733 1277 1869 ] [    0    0    0 ] [      0      0      0 ] [ 0 ],drive [ 98 ] [ 1 ] [ 1761 1231 1869 ] [    8   75   13 ] [   3934  10349  12368 ] [ 0 ],1.10,1.10,1.10,1.10,-8.79,40.17,0.00,0.50,0.50,0.50,0.50,-10.16,-7.08,0.00,0.00,0.00,0.00,0.50,0.00,0.00,0.00,0
1.51704,-5,36,128,0,DRIVE [ 99 ] [ 1 ] [ 1708 1328 1869 ] [    0    0    0 ] [      0      0      0 ] [ 0 ],drive [ 99 ] [ 1 ] [ 1733 1277 1869 ] [    8   75   13 ] [   3934  10349  12368 ] [ 0 ],1.10,1.10,1.10,1.10,-5.63,39.70,0.00,0.50,0.50,0.50,0.50,-10.19,-6.74,0.00,0.00,0.00,0.00,0.50,0.00,0.00,0.00,0
1.52939,-2,35,127,0,DRIVE [ 00 ] [ 1 ] [ 1686 1377 1869 ] [    0    0    0 ] [      0      0      0 ] [ 0 ],drive [ 99 ] [ 1 ] [ 1708 1328 1869 ] [    8   75   13 ] [   4184  10910  11914 ] [ 0 ],1.10,1.10,1.10,1.10,-2.58,38.87,0.00,0.50,0.50,0.50,0.50,-10.20,-6.41,0.00,0.00,0.00,0.00,0.50,0.00,0.00,0.00,0
1.54155,0,35,125,0,DRIVE [ 00 ] [ 1 ] [ 1665 1422 1869 ] [    0    0    0 ] [      0      0      0 ] [ 0 ],drive [ 00 ] [ 1 ] [ 1686 1377 1869 ] [   23   61    9 ] [   4184  10910  11914 ] [ 0 ],1.10,1.10,1.10,1.10,0.18,37.96,0.00,0.50,0.50,0.50,0.50,-10.18,-6.09,0.00,0.00,0.00,0.00,0.50,0.00,0.00,0.00,0
1.55377,2,34,124,0,DRIVE [ 01 ] [ 1 ] [ 1648 1457 1869 ] [    0    0    0 ] [      0      0      0 ] [ 0 ],drive [ 00 ] [ 1 ] [ 1665 1422 1869 ] [   23   61    9 ] [   4184  10910  11914 ] [ 0 ],1.10,1.10,1.10,1.10,2.32,37.02,0.00,0.50,0.50,0.50,0.50,-10.15,-5.77,0.00,0.00,0.00,0.00,0.50,0.00,0.00,0.00,0
1.56523,3,33,122,0,DRIVE [ 01 ] [ 1 ] [ 1638 1481 1869 ] [    0    0    0 ] [      0      0      0 ] [ 0 ],drive [ 01 ] [ 1 ] [ 1648 1457 1869 ] [   23   61    9 ] [   4184  10910  11914 ] [ 0 ],1.10,1.10,1.10,1.10,3.74,36.00,0.00,0.50,0.50,0.50,0.50,-10.12,-5.47,0.00,0.00,0.00,0.00,0.50,0.00,0.00,0.00,0
1.57724,4,32,121,0,DRIVE [ 02 ] [ 1 ] [ 1636 1496 1869 ] [    0    0    0 ] [      0      0      0 ] [ 0 ],drive [ 01 ] [ 1 ] [ 1638 1481 1869 ] [   23   61    9 ] [   5119  10898  11507 ] [ 0 ],1.10,1.10,1.10,1.10,4.46,34.88,0.00,0.50,0.50,0.50,0.50,-10.09,-5.17,0.00,0.00,0.00,0.00,0.50,0.00,0.00,0.00,0
1.58902,4,31,119,0,DRIVE [ 02 ] [ 1 ] [ 1642 1506 1869 ] [    0    0    0 ] [      0      0      0 ] [ 0 ],drive [ 02 ] [ 1 ] [ 1636 1496 1869 ] [   37   41   19 ] [   5119  10898  11507 ] [ 0 ],1.10,1.10,1.10,1.10,4.64,33.60,0.00,0.50,0.50,0.50,0.50,-10.06,-4.89,0.00,0.00,0.00,0.00,0.50,0.00,0.00,0.00,0
1.60017,4,29,118,0,DRIVE [ 03 ] [ 1 ] [ 1655 1514 1869 ] [    0    0    0 ] [      0      0      0 ] [ 0 ],drive [ 02 ] [ 1 ] [ 1642 1506 1869 ] [   37   41   19 ] [   5119  10898  11507 ] [ 0 ],1.10,1.10,1.10,1.10,4.54,32.08,0.00,0.50,0.50,0.50,0.50,-10.03,-4.62,0.00,0.00,0.00,0.00,0.50,0.00,0.00,0.00,0
1.61195,4,28,117,0,DRIVE [ 03 ] [ 1 ] [ 1670 1526 1869 ] [    0    0    0 ] [      0      0      0 ] [ 0 ],drive [ 03 ] [ 1 ] [ 1655 1514 1869 ] [   37   41   19 ] [   5119  10898  11507 ] [ 0 ],1.10,1.10,1.10,1.10,4.44,30.32,0.00,0.50,0.50,0.50,0.50,-10.00,-4.37,0.00,0.00,0.00,0.00,0.50,0.00,0.00,0.00,0
1.62384,4,26,116,0,DRIVE [ 04 ] [ 1 ] [ 1687 1545 1869 ] [    0    0    0 ] [      0      0      0 ] [ 0 ],drive [ 03 ] [ 1 ] [ 1670 1526 1869 ] [   37   41   19 ] [   5900  10940  11072 ] [ 0 ],1.10,1.10,1.10,1.10,4.58,28.37,0.00,0.50,0.50,0.50,0.50,-9.97,-4.14,0.00,0.00,0.00,0.00,0.50,0.00,0.00,0.00,0
1.63512,5,24,115,0,DRIVE [ 04 ] [ 1 ] [ 1700 1572 1869 ] [    0    0    0 ] [      0      0      0 ] [ 0 ],drive [ 04 ] [ 1 ] [ 1687 1545 1869 ] [   27   48   23 ] [   5900  10940  11072 ] [ 0 ],1.10,1.10,1.10,1.10,5.12,26.29,0.00,0.50,0.50,0.50,0.50,-9.93,-3.92,0.00,0.00,0.00,0.00,0.50,0.00,0.00,0.00,0
1.64703,6,22,113,0,DRIVE [ 05 ] [ 1 ] [ 1711 1609 1869 ] [    0    0    0 ] [      0      0      0 ] [ 0 ],drive [ 04 ] [ 1 ] [ 1700 1572 1869 ] [   27   48   23 ] [   5900  10940  11072 ] [ 0 ],1.10,1.10,1.10,1.10,6.09,24.13,0.00,0.50,0.50,0.50,0.50,-9.88,-3.73,0.00,0.00,0.00,0.00,0.50,0.00,0.00,0.00,0
1.65902,7,20,112,0,DRIVE [ 05 ] [ 1 ] [ 1714 1653 1869 ] [    0    0    0 ] [      0      0      0 ] [ 0 ],drive [ 05 ] [ 1 ] [ 1711 1609 1869 ] [   27   48   23 ] [   5900  10940  11072 ] [ 0 ],1.10,1.10,1.10,1.10,7.57,22.04,0.00,0.50,0.50,0.50,0.50,-9.80,-3.55,0.00,0.00,0.00,0.00,0.50,0.00,0.00,0.00,0
1.67326,9,18,111,0,DRIVE [ 06 ] [ 1 ] [ 1707 1706 1869 ] [    0    0    0 ] [      0      0      0 ] [ 0 ],drive [ 05 ] [ 1 ] [ 1714 1653 1869 ] [   27   48   23 ] [   6021  11408  10879 ] [ 0 ],1.10,1.10,1.10,1.10,9.67,20.04,0.00,0.50,0.50,0.50,0.50,-9.71,-3.38,0.00,0.00,0.00,0.00,0.50,0.00,0.00,0.00,0
1.68506,12,16,109,0,DRIVE [ 06 ] [ 1 ] [ 1672 1781 1869 ] [    0    0    0 ] [      0      0      0 ] [ 0 ],drive [ 06 ] [ 1 ] [ 1707 1706 1869 ] [   38   26   11 ] [   6021  11408  10879 ] [ 0 ],1.10,1.10,1.10,1.10,13.43,17.60,0.00,0.50,0.50,0.50,0.50,-9.56,-3.25,0.00,0.00,0.00,0.00,0.50,0.00,0.00,0.00,0
1.69963,16,14,107,0,DRIVE [ 07 ] [ 1 ] [ 1610 1847 1869 ] [    0    0    0 ] [      0      0      0 ] [ 0 ],drive [ 06 ] [ 1 ] [ 1672 1781 1869 ] [   38   26   11 ] [   6021  11408  10879 ] [ 0 ],1.10,1.10,1.10,1.10,17.25,15.21,0.00,0.50,0.50,0.50,0.50,-9.38,-3.13,0.00,0.00,0.00,0.00,0.50,0.00,0.00,0.00,0
1.7119,19,12,105,0,DRIVE [ 07 ] [ 1 ] [ 1513 1909 1869 ] [    0    0    0 ] [      0      0      0 ] [ 0 ],drive [ 07 ] [ 1 ] [ 1610 1847 1869 ] [   38   26   11 ] [   6021  11408  10879 ] [ 0 ],1.10,1.10,1.10,1.10,21.13,12.85,0.00,0.50,0.50,0.50,0.50,-9.16,-3.03,0.00,0.00,0.00,0.00,0.50,0.00,0.00,0.00,0
1.72664,22,10,103,0,DRIVE [ 08 ] [ 1 ] [ 1469 1909 1848 ] [    0    0    0 ] [      0      0      0 ] [ 0 ],drive [ 07 ] [ 1 ] [ 1513 1909 1869 ] [   38   26   11 ] [   6319  11402  10701 ] [ 0 ],1.10,1.10,1.10,1.10,24.72,10.52,0.00,0.50,0.50,0.50,0.50,-8.92,-2.95,0.00,0.00,0.00,0.00,0.50,0.00,0.00,0.00,0
1.74123,25,7,101,0,DRIVE [ 08 ] [ 1 ] [ 1447 1909 1794 ] [    0    0    0 ] [      0      0      0 ] [ 0 ],drive [ 08 ] [ 1 ] [ 1469 1909 1848 ] [   33    5   24 ] [   6319  11402  10701 ] [ 0 ],1.10,1.10,1.10,1.10,27.87,8.06,0.00,0.50,0.50,0.50,0.50,-8.65,-2.90,0.00,0.00,0.00,0.00,0.50,0.00,0.00,0.00,0
1.75326,28,5,99,0,DRIVE [ 09 ] [ 1 ] [ 1424 1909 1739 ] [    0    0    0 ] [      0      0      0 ] [ 0 ],drive [ 08 ] [ 1 ] [ 1447 1909 1794 ] [   33    5   24 ] [   6319  11402  10701 ] [ 0 ],1.10,1.10,1.10,1.10,30.45,5.52,0.00,0.50,0.50,0.50,0.50,-8.37,-2.87,0.00,0.00,0.00,0.00,0.50,0.00,0.00,0.00,0
1.76473,30,3,97,0,DRIVE [ 09 ] [ 1 ] [ 1407 1909 1683 ] [    0    0    0 ] [      0      0      0 ] [ 0 ],drive [ 09 ] [ 1 ] [ 1424 1909 1739 ] [   33    5   24 ] [   6319  11402  10701 ] [ 0 ],1.10,1.10,1.10,1.10,32.45,2.86,0.00,0.50,0.50,0.50,0.50,-8.07,-2.86,0.00,0.00,0.00,0.00,0.50,0.00,0.00,0.00,0
1.77638,31,0,96,0,DRIVE [ 10 ] [ 1 ] [ 1402 1909 1625 ] [    0    0    0 ] [      0      0      0 ] [ 0 ],drive [ 09 ] [ 1 ] [ 1407 1909 1683 ] [   33    5   24 ] [   7623  10869  10570 ] [ 0 ],1.10,1.10,1.10,1.10,33.73,-0.04,0.00,0.50,0.50,0.50,0.50,-7.77,-2.88,0.00,0.00,0.00,0.00,0.50,0.00,0.00,0.00,0
1.78725,30,-4,93,0,DRIVE [ 10 ] [ 1 ] [ 1434 1909 1554 ] [    0    0    0 ] [      0      0      0 ] [ 0 ],drive [ 10 ] [ 1 ] [ 1402 1909 1625 ] [   63    8   21 ] [   7623  10869  10570 ] [ 0 ],1.10,1.10,1.10,1.10,33.36,-4.10,0.00,0.50,0.50,0.50,0.50,-7.49,-2.95,0.00,0.00,0.00,0.00,0.50,0.00,0.00,0.00,0
1.79867,29,-7,91,0,DRIVE [ 11 ] [ 1 ] [ 1477 1909 1486 ] [    0    0    0 ] [      0      0      0 ] [ 0 ],drive [ 10 ] [ 1 ] [ 1434 1909 1554 ] [   63    8   21 ] [   7623  10869  10570 ] [ 0 ],1.10,1.10,1.10,1.10,31.91,-7.83,0.00,0.50,0.50,0.50,0.50,-7.23,-3.04,0.00,0.00,0.00,0.00,0.50,0.00,0.00,0.00,0
1.80981,27,-10,89,0,DRIVE [ 11 ] [ 1 ] [ 1531 1909 1419 ] [    0    0    0 ] [      0      0      0 ] [ 0 ],drive [ 11 ] [ 1 ] [ 1477 1909 1486 ] [   63    8   21 ] [   7623  10869  10570 ] [ 0 ],1.10,1.10,1.10,1.10,29.53,-11.27,0.00,0.50,0.50,0.50,0.50,-7.00,-3.16,0.00,0.00,0.00,0.00,0.50,0.00,0.00,0.00,0
1.82071,24,-13,87,0,DRIVE [ 12 ] [ 1 ] [ 1591 1909 1347 ] [    0    0    0 ] [      0      0      0 ] [ 0 ],drive [ 11 ] [ 1 ] [ 1531 1909 1419 ] [   63    8   21 ] [   9231  10149  10581 ] [ 0 ],1.10,1.10,1.10,1.10,26.49,-14.45,0.00,0.50,0.50,0.50,0.50,-6.80,-3.31,0.00,0.00,0.00,0.00,0.50,0.00,0.00,0.00,0
1.83081,21,-16,85,0,DRIVE [ 12 ] [ 1 ] [ 1655 1909 1262 ] [    0    0    0 ] [      0      0      0 ] [ 0 ],drive [ 12 ] [ 1 ] [ 1591 1909 1347 ] [   63    8   21 ] [   9231  10149  10581 ] [ 0 ],1.10,1.10,1.10,1.10,22.98,-17.50,0.00,0.50,0.50,0.50,0.50,-6.64,-3.49,0.00,0.00,0.00,0.00,0.50,0.00,0.00,0.00,0
1.84142,18,-19,82,0,DRIVE [ 13 ] [ 1 ] [ 1716 1909 1158 ] [    0    0    0 ] [      0      0      0 ] [ 0 ],drive [ 12 ] [ 1 ] [ 1655 1909 1262 ] [   46   18   69 ] [   9231  10149  10581 ] [ 0 ],1.10,1.10,1.10,1.10,19.28,-20.40,0.00,0.50,0.50,0.50,0.50,-6.50,-3.68,0.00,0.00,0.00,0.00,0.50,0.00,0.00,0.00,0
1.85159,14,-21,80,0,DRIVE [ 13 ] [ 1 ] [ 1772 1909 1037 ] [    0    0    0 ] [      0      0      0 ] [ 0 ],drive [ 13 ] [ 1 ] [ 1716 1909 1158 ] [   46   18   69 ] [   9231  10149  10581 ] [ 0 ],1.10,1.10,1.10,1.10,15.77,-23.08,0.00,0.50,0.50,0.50,0.50,-6.40,-3.90,0.00,0.00,0.00,0.00,0.50,0.00,0.00,0.00,0
1.86231,12,-23,78,0,DRIVE [ 14 ] [ 1 ] [ 1820 1909 0909 ] [    0    0    0 ] [      0      0      0 ] [ 0 ],drive [ 13 ] [ 1 ] [ 1772 1909 1037 ] [   46   18   69 ] [   9231  10149  10581 ] [ 0 ],1.10,1.10,1.10,1.10,12.75,-25.46,0.00,0.50,0.50,0.50,0.50,-6.32,-4.14,0.00,0.00,0.00,0.00,0.50,0.00,0.00,0.00,0
1.87272,9,-25,76,0,DRIVE [ 14 ] [ 1 ] [ 1859 1909 0841 ] [    0    0    0 ] [      0      0      0 ] [ 0 ],drive [ 14 ] [ 1 ] [ 1820 1909 0909 ] [   46   18   69 ] [   9296  10126  10973 ] [ 0 ],1.10,1.10,1.10,1.10,10.27,-27.49,0.00,0.50,0.50,0.50,0.50,-6.25,-4.39,0.00,0.00,0.00,0.00,0.50,0.00,0.00,0.00,0
1.88246,7,-27,74,0,DRIVE [ 15 ] [ 1 ] [ 1892 1909 0841 ] [    0    0    0 ] [      0      0      0 ] [ 0 ],drive [ 14 ] [ 1 ] [ 1859 1909 0841 ] [   12   10  102 ] [   9296  10126  10973 ] [ 0 ],1.10,1.10,1.10,1.10,8.19,-29.16,0.00,0.50,0.50,0.50,0.50,-6.19,-4.65,0.00,0.00,0.00,0.00,0.50,0.00,0.00,0.00,0
1.89267,6,-28,72,0,DRIVE [ 15 ] [ 1 ] [ 1922 1909 0841 ] [    0    0    0 ] [      0      0      0 ] [ 0 ],drive [ 15 ] [ 1 ] [ 1892 1909 0841 ] [   12   10  102 ] [   9296  10126  10973 ] [ 0 ],1.10,1.10,1.10,1.10,6.39,-30.39,0.00,0.50,0.50,0.50,0.50,-6.15,-4.92,0.00,0.00,0.00,0.00,0.50,0.00,0.00,0.00,0
1.9037,4,-28,71,0,DRIVE [ 16 ] [ 1 ] [ 1922 1899 0841 ] [    0    0    0 ] [      0      0      0 ] [ 0 ],drive [ 15 ] [ 1 ] [ 1922 1909 0841 ] [   12   10  102 ] [   9296  10126  10973 ] [ 0 ],1.10,1.10,1.10,1.10,4.64,-31.04,0.00,0.50,0.50,0.50,0.50,-6.13,-5.19,0.00,0.00,0.00,0.00,0.50,0.00,0.00,0.00,0
1.91304,3,-28,69,0,DRIVE [ 16 ] [ 1 ] [ 1922 1867 0841 ] [    0    0    0 ] [      0      0      0 ] [ 0 ],drive [ 16 ] [ 1 ] [ 1922 1899 0841 ] [   12   10  102 ] [   9296  10126  10973 ] [ 0 ],1.10,1.10,1.10,1.10,2.86,-30.86,0.00,0.50,0.50,0.50,0.50,-6.11,-5.45,0.00,0.00,0.00,0.00,0.50,0.00,0.00,0.00,0
1.92326,1,-27,67,0,DRIVE [ 17 ] [ 1 ] [ 1922 1832 0841 ] [    0    0    0 ] [      0      0      0 ] [ 0 ],drive [ 16 ] [ 1 ] [ 1922 1867 0841 ] [   12   10  102 ] [   8541   9860  12253 ] [ 0 ],1.10,1.10,1.10,1.10,1.05,-29.68,0.00,0.50,0.50,0.50,0.50,-6.12,-5.68,0.00,0.00,0.00,0.00,0.50,0.00,0.00,0.00,0
1.93282,-1,-25,65,0,DRIVE [ 17 ] [ 1 ] [ 1922 1793 0841 ] [    0    0    0 ] [      0      0      0 ] [ 0 ],drive [ 17 ] [ 1 ] [ 1922 1832 0841 ] [    0    9  101 ] [   8541   9860  12253 ] [ 0 ],1.10,1.10,1.10,1.10,-0.78,-27.75,0.00,0.50,0.50,0.50,0.50,-6.14,-5.90,0.00,0.00,0.00,0.00,0.50,0.00,0.00,0.00,0
1.94276,-2,-23,63,0,DRIVE [ 18 ] [ 1 ] [ 1922 1752 0841 ] [    0    0    0 ] [      0      0      0 ] [ 0 ],drive [ 17 ] [ 1 ] [ 1922 1793 0841 ] [    0    9  101 ] [   8541   9860  12253 ] [ 0 ],1.10,1.10,1.10,1.10,-2.52,-25.19,0.00,0.50,0.50,0.50,0.50,-6.17,-6.08,0.00,0.00,0.00,0.00,0.50,0.00,0.00,0.00,0
1.95247,-4,-21,61,0,DRIVE [ 18 ] [ 1 ] [ 1922 1707 0841 ] [    0    0    0 ] [      0      0      0 ] [ 0 ],drive [ 18 ] [ 1 ] [ 1922 1752 0841 ] [    0    9  101 ] [   8541   9860  12253 ] [ 0 ],1.10,1.10,1.10,1.10,-4.20,-22.66,0.00,0.50,0.50,0.50,0.50,-6.22,-6.25,0.00,0.00,0.00,0.00,0.50,0.00,0.00,0.00,0
1.9618,-5,-19,59,0,DRIVE [ 19 ] [ 1 ] [ 1922 1662 0841 ] [    0    0    0 ] [      0      0      0 ] [ 1 ],drive [ 18 ] [ 1 ] [ 1922 1707 0841 ] [    0    9  101 ] [   8541   9860  12253 ] [ 0 ],1.10,1.10,1.10,1.10,-5.76,-20.76,0.00,0.50,0.50,0.50,0.50,-6.28,-6.41,0.00,0.00,0.00,0.00,0.50,0.00,0.00,0.00,0
1.97162,-6,-18,57,0,DRIVE [ 19 ] [ 1 ] [ 1922 1619 0841 ] [    0    0    0 ] [      0      0      0 ] [ 1 ],drive [ 19 ] [ 1 ] [ 1922 1662 0841 ] [    0    9  101 ] [   7841   9564  12591 ] [ 1 ],1.10,1.10,1.10,1.10,-7.13,-19.41,0.00,0.50,0.50,0.50,0.50,-6.34,-6.55,0.00,0.00,0.00,0.00,0.50,0.00,0.00,0.00,0
1.98101,-8,-17,55,0,DRIVE [ 20 ] [ 1 ] [ 1922 1576 0841 ] [    0    0    0 ] [      0      0      0 ] [ 1 ],drive [ 19 ] [ 1 ] [ 1922 1619 0841 ] [   -1   23   99 ] [   7841   9564  12591 ] [ 1 ],1.10,1.10,1.10,1.10,-8.35,-18.43,0.00,0.50,0.50,0.50,0.50,-6.42,-6.70,0.00,0.00,0.00,0.00,0.50,0.00,0.00,0.00,0
1.99073,-9,-16,53,0,DRIVE [ 20 ] [ 1 ] [ 1922 1536 0841 ] [    0    0    0 ] [      0      0      0 ] [ 1 ],drive [ 20 ] [ 1 ] [ 1922 1576 0841 ] [   -1   23   99 ] [   7841   9564  12591 ] [ 1 ],1.10,1.10,1.10,1.10,-9.42,-17.66,0.00,0.50,0.50,0.50,0.50,-6.51,-6.84,0.00,0.00,0.00,0.00,0.50,0.00,0.00,0.00,0
2.00066,-10,-16,51,0,DRIVE [ 21 ] [ 1 ] [ 1922 1494 0841 ] [    0    0    0 ] [      0      0      0 ] [ 1 ],drive [ 20 ] [ 1 ] [ 1922 1536 0841 ] [   -1   23   99 ] [   7841   9564  12591 ] [ 1 ],1.10,1.10,1.10,1.10,-10.47,-17.10,0.00,0.50,0.50,0.50,0.50,-6.60,-6.98,0.00,0.00,0.00,0.00,0.50,0.00,0.00,0.00,0
2.01003,-11,-15,50,0,DRIVE [ 21 ] [ 1 ] [ 1922 1448 0841 ] [    0    0    0 ] [      0      0      0 ] [ 1 ],drive [ 21 ] [ 1 ] [ 1922 1494 0841 ] [   -1   23   99 ] [   7841   9564  12591 ] [ 1 ],1.10,1.10,1.10,1.10,-11.57,-16.58,0.00,0.50,0.50,0.50,0.50,-6.71,-7.12,0.00,0.00,0.00,0.00,0.50,0.00,0.00,0.00,0
2.01976,-11,-15,48,0,DRIVE [ 22 ] [ 1 ] [ 1922 1401 0841 ] [    0    0    0 ] [      0      0      0 ] [ 1 ],drive [ 21 ] [ 1 ] [ 1922 1448 0841 ] [   -1   23   99 ] [   7688   9822  12592 ] [ 1 ],1.10,1.10,1.10,1.10,-12.63,-16.05,0.00,0.50,0.50,0.50,0.50,-6.82,-7.25,0.00,0.00,0.00,0.00,0.50,0.00,0.00,0.00,0
2.03022,-12,-14,47,0,DRIVE [ 22 ] [ 1 ] [ 1922 1352 0841 ] [    0    0    0 ] [      0      0      0 ] [ 1 ],drive [ 22 ] [ 1 ] [ 1922 1401 0841 ] [   -1   23   99 ] [   7688   9822  12592 ] [ 1 ],1.10,1.10,1.10,1.10,-13.70,-15.52,0.00,0.50,0.50,0.50,0.50,-6.94,-7.38,0.00,0.00,0.00,0.00,0.50,0.00,0.00,0.00,0
2.0422,-13,-14,45,0,DRIVE [ 23 ] [ 1 ] [ 1922 1300 0841 ] [    0    0    0 ] [      0      0      0 ] [ 1 ],drive [ 22 ] [ 1 ] [ 1922 1352 0841 ] [   17   60   98 ] [   7688   9822  12592 ] [ 1 ],1.10,1.10,1.10,1.10,-14.72,-14.88,0.00,0.50,0.50,0.50,0.50,-7.07,-7.51,0.00,0.00,0.00,0.00,0.50,0.00,0.00,0.00,0
2.05397,-14,-13,44,0,DRIVE [ 23 ] [ 1 ] [ 1922 1248 0841 ] [    0    0    0 ] [      0      0      0 ] [ 1 ],drive [ 23 ] [ 1 ] [ 1922 1300 0841 ] [   17   60   98 ] [   7688   9822  12592 ] [ 1 ],1.10,1.10,1.10,1.10,-15.67,-14.17,0.00,0.50,0.50,0.50,0.50,-7.22,-7.63,0.00,0.00,0.00,0.00,0.50,0.00,0.00,0.00,0
2.06622,-15,-12,43,0,DRIVE [ 24 ] [ 1 ] [ 1922 1194 0841 ] [    0    0    0 ] [      0      0      0 ] [ 1 ],drive [ 23 ] [ 1 ] [ 1922 1248 0841 ] [   17   60   98 ] [   7688   9822  12592 ] [ 1 ],1.10,1.10,1.10,1.10,-16.55,-13.30,0.00,0.50,0.50,0.50,0.50,-7.37,-7.74,0.00,0.00,0.00,0.00,0.50,0.00,0.00,0.00,0
2.07584,-16,-11,41,0,DRIVE [ 24 ] [ 1 ] [ 1922 1136 0841 ] [    0    0    0 ] [      0      0      0 ] [ 1 ],drive [ 24 ] [ 1 ] [ 1922 1194 0841 ] [   17   60   98 ] [   7203  10233  12600 ] [ 1 ],1.10,1.10,1.10,1.10,-17.37,-12.29,0.00,0.50,0.50,0.50,0.50,-7.52,-7.84,0.00,0.00,0.00,0.00,0.50,0.00,0.00,0.00,0
2.08617,-16,-10,40,0,DRIVE [ 25 ] [ 1 ] [ 1922 1076 0841 ] [    0    0    0 ] [      0      0      0 ] [ 1 ],drive [ 24 ] [ 1 ] [ 1922 1136 0841 ] [    6   71   98 ] [   7203  10233  12600 ] [ 1 ],1.10,1.10,1.10,1.10,-18.10,-11.19,0.00,0.50,0.50,0.50,0.50,-7.68,-7.93,0.00,0.00,0.00,0.00,0.50,0.00,0.00,0.00,0
2.0983,-17,-9,39,0,DRIVE [ 25 ] [ 1 ] [ 1922 1025 0841 ] [    0    0    0 ] [      0      0      0 ] [ 1 ],drive [ 25 ] [ 1 ] [ 1922 1076 0841 ] [    6   71   98 ] [   7203  10233  12600 ] [ 1 ],1.10,1.10,1.10,1.10,-18.67,-10.07,0.00,0.50,0.50,0.50,0.50,-7.85,-8.01,0.00,0.00,0.00,0.00,0.50,0.00,0.00,0.00,0
2.1101,-17,-8,37,0,DRIVE [ 26 ] [ 1 ] [ 1922 1025 0841 ] [    0    0    0 ] [      0      0      0 ] [ 1 ],drive [ 25 ] [ 1 ] [ 1922 1025 0841 ] [    6   71   98 ] [   7203  10233  12600 ] [ 1 ],1.10,1.10,1.10,1.10,-19.02,-8.87,0.00,0.50,0.50,0.50,0.50,-8.02,-8.08,0.00,0.00,0.00,0.00,0.50,0.00,0.00,0.00,0
2.12229,-17,-7,36,0,DRIVE [ 26 ] [ 1 ] [ 1922 1025 0841 ] [    0    0    0 ] [      0      0      0 ] [ 1 ],drive [ 26 ] [ 1 ] [ 1922 1025 0841 ] [    6   71   98 ] [   6587  10788  12597 ] [ 1 ],1.10,1.10,1.10,1.10,-19.16,-7.66,0.00,0.50,0.50,0.50,0.50,-8.18,-8.14,0.00,0.00,0.00,0.00,0.50,0.00,0.00,0.00,0
2.13407,-17,-6,35,0,DRIVE [ 27 ] [ 1 ] [ 1922 1025 0854 ] [    0    0    0 ] [      0      0      0 ] [ 1 ],drive [ 26 ] [ 1 ] [ 1922 1025 0841 ] [   22  101   98 ] [   6587  10788  12597 ] [ 1 ],1.10,1.10,1.10,1.10,-19.15,-6.41,0.00,0.50,0.50,0.50,0.50,-8.35,-8.19,0.00,0.00,0.00,0.00,0.50,0.00,0.00,0.00,0
2.14382,-17,-5,33,0,DRIVE [ 27 ] [ 1 ] [ 1922 1025 0890 ] [    0    0    0 ] [      0      0      0 ] [ 1 ],drive [ 27 ] [ 1 ] [ 1922 1025 0854 ] [   22  101   98 ] [   6587  10788  12597 ] [ 1 ],1.10,1.10,1.10,1.10,-19.10,-5.12,0.00,0.50,0.50,0.50,0.50,-8.51,-8.23,0.00,0.00,0.00,0.00,0.50,0.00,0.00,0.00,0
2.15423,-17,-3,32,0,DRIVE [ 28 ] [ 1 ] [ 1922 1025 0927 ] [    0    0    0 ] [      0      0      0 ] [ 1 ],drive [ 27 ] [ 1 ] [ 1922 1025 0890 ] [   22  101   98 ] [   6587  10788  12597 ] [ 1 ],1.10,1.10,1.10,1.10,-19.07,-3.82,0.00,0.50,0.50,0.50,0.50,-8.68,-8.25,0.00,0.00,0.00,0.00,0.50,0.00,0.00,0.00,0
2.16608,-17,-3,32,0,DRIVE [ 28 ] [ 1 ] [ 1922 1025 0927 ] [    0    0    0 ] [      0      0      0 ] [ 0 ],drive [ 28 ] [ 1 ] [ 1922 1025 0927 ] [   22  101   98 ] [   6587  10788  12597 ] [ 1 ],1.10,1.10,1.10,1.10,-17.16,-3.44,0.00,0.50,0.50,0.50,0.50,-7.81,-7.43,0.00,0.00,0.00,0.00,0.50,0.00,0.00,0.00,0
2.17819,-17,-3,32,0,DRIVE [ 29 ] [ 1 ] [ 1922 1025 0994 ] [    0    0    0 ] [      0      0      0 ] [ 0 ],drive [ 28 ] [ 1 ] [ 1922 1025 0927 ] [   22  101   98 ] [   6157  11445  12599 ] [ 0 ],1.10,1.10,1.10,1.10,-15.45,-3.10,0.00,0.50,0.50,0.50,0.50,-7.03,-6.68,0.00,0.00,0.00,0.00,0.50,0.00,0.00,0.00,0
2.19027,-17,-3,32,0,DRIVE [ 29 ] [ 1 ] [ 1922 1025 1063 ] [    0    0    0 ] [      0      0      0 ] [ 0 ],drive [ 29 ] [ 1 ] [ 1922 1025 0994 ] [   23   87   89 ] [   6157  11445  12599 ] [ 0 ],1.10,1.10,1.10,1.10,-13.90,-2.79,0.00,0.50,0.50,0.50,0.50,-6.33,-6.02,0.00,0.00,0.00,0.00,0.50,0.00,0.00,0.00,0
2.20228,-17,-3,32,0,DRIVE [ 30 ] [ 1 ] [ 1922 1066 1129 ] [    0    0    0 ] [      0      0      0 ] [ 0 ],drive [ 29 ] [ 1 ] [ 1922 1025 1063 ] [   23   87   89 ] [   6157  11445  12599 ] [ 0 ],1.10,1.10,1.10,1.10,-12.51,-2.51,0.00,0.50,0.50,0.50,0.50,-5.69,-5.41,0.00,0.00,0.00,0.00,0.50,0.00,0.00,0.00,0
2.21313,-17,-3,32,0,DRIVE [ 30 ] [ 1 ] [ 1922 1138 1192 ] [    0    0    0 ] [      0      0      0 ] [ 0 ],drive [ 30 ] [ 1 ] [ 1922 1066 1129 ] [   23   87   89 ] [   6157  11445  12599 ] [ 0 ],1.10,1.10,1.10,1.10,-11.26,-2.26,0.00,0.50,0.50,0.50,0.50,-5.12,-4.87,0.00,0.00,0.00,0.00,0.50,0.00,0.00,0.00,0
2.22273,-17,-3,32,0,DRIVE [ 31 ] [ 1 ] [ 1922 1205 1251 ] [    0    0    0 ] [      0      0      0 ] [ 0 ],drive [ 30 ] [ 1 ] [ 1922 1138 1192 ] [   23   87   89 ] [   6153  11444  12574 ] [ 0 ],1.10,1.10,1.10,1.10,-10.14,-2.03,0.00,0.50,0.50,0.50,0.50,-4.61,-4.39,0.00,0.00,0.00,0.00,0.50,0.00,0.00,0.00,0
2.23406,-17,-3,32,0,DRIVE [ 31 ] [ 1 ] [ 1922 1269 1307 ] [    0    0    0 ] [      0      0      0 ] [ 0 ],drive [ 31 ] [ 1 ] [ 1922 1205 1251 ] [   20   73   89 ] [   6153  11444  12574 ] [ 0 ],1.10,1.10,1.10,1.10,-9.12,-1.83,0.00,0.50,0.50,0.50,0.50,-4.15,-3.95,0.00,0.00,0.00,0.00,0.50,0.00,0.00,0.00,0
2.24603,-17,-3,32,1,DRIVE [ 32 ] [ 1 ] [ 1922 1328 1359 ] [    0    0    0 ] [      0      0      0 ] [ 0 ],drive [ 31 ] [ 1 ] [ 1922 1269 1307 ] [   20   73   89 ] [   6153  11444  12574 ] [ 0 ],1.10,1.10,1.10,1.10,-8.21,-1.65,0.00,0.50,0.50,0.50,0.50,-3.73,-3.55,0.00,0.00,0.00,0.00,0.50,0.00,0.00,0.00,0
