timestamp,Xmm,Ymm,Zmm,TouchDetected,OutgoingPacket,IncomingPacket,GainPropAb, GainPropAd, GainPropFl, GainPropEx,PropA, PropB, PropC,GainIntegAb, GainIntegAd, GainIntegFl, GainIntegEx,IntegA, IntegB, IntegC,GainDerivAb, GainDerivAd, GainDerivFl, GainDerivEx,DerivA, DerivB, DerivC,Heading5
2.16995,-139,-124,642,1,DRIVE [ 84 ] [ 1 ] [ 1921 1745 1127 ] [    0    0    0 ] [      0      0      0 ] [ 0 ],drive [ 83 ] [ 1 ] [ 1921 1726 1049 ] [    4   28  107 ] [   8058  12517  11942 ] [ 0 ],1.10,1.10,1.10,1.10,-4.73,-8.46,0.00,0.50,0.50,0.50,0.50,-0.22,-2.62,0.00,0.00,0.00,0.00,0.50,0.00,0.00,0.00,0
0.00142143,-139,-124,642,0,DRIVE [ 58 ] [ 1 ] [ 1921 1926 1885 ] [    0    0    0 ] [      0      0      0 ] [ 0 ],drive [ 58 ] [ 1 ] [ 1921 1576 1325 ] [    5   43   54 ] [   2942  15871  13748 ] [ 0 ],1.10,1.10,1.10,1.10,-137.22,-122.39,0.00,0.50,0.50,0.50,0.50,-0.37,-1.49,0.00,0.00,0.00,0.00,0.50,0.00,0.00,0.00,0
0.0170686,-139,-124,642,0,DRIVE [ 59 ] [ 1 ] [ 1921 1926 1885 ] [    0    0    0 ] [      0      0      0 ] [ 0 ],drive [ 58 ] [ 1 ] [ 1921 1926 1885 ] [    5   43   54 ] [   2942  15871  13748 ] [ 0 ],1.10,1.10,1.10,1.10,-123.50,-110.15,0.00,0.50,0.50,0.50,0.50,-0.33,-1.34,0.00,0.00,0.00,0.00,0.50,0.00,0.00,0.00,0
0.0317116,-137,-128,621,0,DRIVE [ 59 ] [ 1 ] [ 1921 1920 1875 ] [    0    0    0 ] [      0      0      0 ] [ 0 ],drive [ 59 ] [ 1 ] [ 1921 1926 1885 ] [    5   43   54 ] [   2942  15871  13748 ] [ 0 ],1.10,1.10,1.10,1.10,-151.17,-140.25,0.00,0.50,0.50,0.50,0.50,0.00,0.00,0.00,0.00,0.00,0.00,0.50,0.00,0.00,0.00,0
0.0463298,-137,-128,621,0,DRIVE [ 60 ] [ 1 ] [ 1921 1921 1876 ] [    0    0    0 ] [      0      0      0 ] [ 0 ],drive [ 59 ] [ 1 ] [ 1921 1920 1875 ] [    5   43   54 ] [   2943  15883  13630 ] [ 0 ],1.10,1.10,1.10,1.10,-136.05,-126.23,0.00,0.50,0.50,0.50,0.50,0.00,0.00,0.00,0.00,0.00,0.00,0.50,0.00,0.00,0.00,0
0.0611669,-137,-128,621,0,DRIVE [ 60 ] [ 1 ] [ 1921 1921 1877 ] [    0    0    0 ] [      0      0      0 ] [ 0 ],drive [ 60 ] [ 1 ] [ 1921 1921 1876 ] [    5   23   23 ] [   2943  15883  13630 ] [ 0 ],1.10,1.10,1.10,1.10,-122.45,-113.60,0.00,0.50,0.50,0.50,0.50,0.00,0.00,0.00,0.00,0.00,0.00,0.50,0.00,0.00,0.00,0
0.075581,-138,-139,633,0,DRIVE [ 61 ] [ 1 ] [ 1921 1904 1846 ] [    0    0    0 ] [      0      0      0 ] [ 0 ],drive [ 60 ] [ 1 ] [ 1921 1921 1877 ] [    5   23   23 ] [   2943  15883  13630 ] [ 0 ],1.10,1.10,1.10,1.10,-152.14,-152.92,0.00,0.50,0.50,0.50,0.50,0.00,0.00,0.00,0.00,0.00,0.00,0.50,0.00,0.00,0.00,0
0.0894851,-141,-144,640,0,DRIVE [ 61 ] [ 1 ] [ 1921 1899 1836 ] [    0    0    0 ] [      0      0      0 ] [ 0 ],drive [ 61 ] [ 1 ] [ 1921 1904 1846 ] [    5   23   23 ] [   2944  15689  13362 ] [ 0 ],1.10,1.10,1.10,1.10,-155.42,-158.63,0.00,0.50,0.50,0.50,0.50,0.00,0.00,0.00,0.00,0.00,0.00,0.50,0.00,0.00,0.00,0
0.103145,-141,-147,636,0,DRIVE [ 62 ] [ 1 ] [ 1921 1894 1826 ] [    0    0    0 ] [      0      0      0 ] [ 0 ],drive [ 61 ] [ 1 ] [ 1921 1899 1836 ] [    5    6   25 ] [   2944  15689  13362 ] [ 0 ],1.10,1.10,1.10,1.10,-155.52,-161.94,0.00,0.50,0.50,0.50,0.50,0.00,0.00,0.00,0.00,0.00,0.00,0.50,0.00,0.00,0.00,0
0.117941,-141,-147,636,0,DRIVE [ 62 ] [ 1 ] [ 1921 1897 1831 ] [    0    0    0 ] [      0      0      0 ] [ 0 ],drive [ 62 ] [ 1 ] [ 1921 1894 1826 ] [    5    6   25 ] [   2944  15689  13362 ] [ 0 ],1.10,1.10,1.10,1.10,-139.97,-145.74,0.00,0.50,0.50,0.50,0.50,0.00,0.00,0.00,0.00,0.00,0.00,0.50,0.00,0.00,0.00,0
0.133173,-182,47,717,0,DRIVE [ 63 ] [ 1 ] [ 1921 1843 1868 ] [    0    0    0 ] [      0      0      0 ] [ 0 ],drive [ 62 ] [ 1 ] [ 1921 1897 1831 ] [    5    6   25 ] [   2944  15689  13362 ] [ 0 ],1.10,1.10,1.10,1.10,-200.61,51.21,0.00,0.50,0.50,0.50,0.50,0.00,0.00,0.00,0.00,0.00,0.00,0.50,0.00,0.00,0.00,0
0.148184,-169,45,671,0,DRIVE [ 63 ] [ 1 ] [ 1921 1833 1867 ] [    0    0    0 ] [      0      0      0 ] [ 0 ],drive [ 63 ] [ 1 ] [ 1921 1843 1868 ] [    5    6   25 ] [   2944  15691  13333 ] [ 0 ],1.10,1.10,1.10,1.10,-185.78,49.82,0.00,0.50,0.50,0.50,0.50,0.00,0.00,0.00,0.00,0.00,0.00,0.50,0.00,0.00,0.00,0
0.163006,-169,46,676,0,DRIVE [ 64 ] [ 1 ] [ 1921 1823 1866 ] [    0    0    0 ] [      0      0      0 ] [ 0 ],drive [ 63 ] [ 1 ] [ 1921 1833 1867 ] [    6    6   30 ] [   2944  15691  13333 ] [ 0 ],1.10,1.10,1.10,1.10,-185.48,51.03,0.00,0.50,0.50,0.50,0.50,0.00,0.00,0.00,0.00,0.00,0.00,0.50,0.00,0.00,0.00,0
0.177691,-169,46,676,0,DRIVE [ 64 ] [ 1 ] [ 1921 1833 1867 ] [    0    0    0 ] [      0      0      0 ] [ 0 ],drive [ 64 ] [ 1 ] [ 1921 1823 1866 ] [    6    6   30 ] [   2944  15691  13333 ] [ 0 ],1.10,1.10,1.10,1.10,-166.93,45.93,0.00,0.50,0.50,0.50,0.50,0.00,0.00,0.00,0.00,0.00,0.00,0.50,0.00,0.00,0.00,0
0.191608,-166,50,672,0,DRIVE [ 65 ] [ 1 ] [ 1921 1801 1863 ] [    0    0    0 ] [      0      0      0 ] [ 0 ],drive [ 64 ] [ 1 ] [ 1921 1833 1867 ] [    6    6   30 ] [   2946  15697  13275 ] [ 0 ],1.10,1.10,1.10,1.10,-182.06,54.75,0.00,0.50,0.50,0.50,0.50,0.00,0.00,0.00,0.00,0.00,0.00,0.50,0.00,-0.00,0.00,0
0.206376,-168,54,690,0,DRIVE [ 65 ] [ 1 ] [ 1921 1790 1863 ] [    0    0    0 ] [      0      0      0 ] [ 0 ],drive [ 65 ] [ 1 ] [ 1921 1801 1863 ] [    7   20   11 ] [   2946  15697  13275 ] [ 0 ],1.10,1.10,1.10,1.10,-185.25,59.43,0.00,0.50,0.50,0.50,0.50,0.00,0.00,0.00,0.00,0.00,0.00,0.50,0.00,0.00,0.00,0
0.220673,-163,57,678,0,DRIVE [ 66 ] [ 1 ] [ 1921 1779 1863 ] [    0    0    0 ] [      0      0      0 ] [ 0 ],drive [ 65 ] [ 1 ] [ 1921 1790 1863 ] [    7   20   11 ] [   2946  15697  13275 ] [ 0 ],1.10,1.10,1.10,1.10,-179.38,62.21,0.00,0.50,0.50,0.50,0.50,0.00,0.00,0.00,0.00,0.00,0.00,0.50,0.00,-0.00,0.00,0
0.234878,-163,57,678,0,DRIVE [ 66 ] [ 1 ] [ 1921 1794 1865 ] [    0    0    0 ] [      0      0      0 ] [ 0 ],drive [ 66 ] [ 1 ] [ 1921 1779 1863 ] [    7   20   11 ] [   2946  15697  13275 ] [ 0 ],1.10,1.10,1.10,1.10,-161.44,55.99,0.00,0.50,0.50,0.50,0.50,0.00,0.00,0.00,0.00,0.00,0.00,0.50,0.00,-0.00,0.00,0
0.249476,-157,58,664,0,DRIVE [ 67 ] [ 1 ] [ 1921 1759 1863 ] [    0    0    0 ] [      0      0      0 ] [ 0 ],drive [ 66 ] [ 1 ] [ 1921 1794 1865 ] [    7   20   11 ] [   2950  15702  13026 ] [ 0 ],1.10,1.10,1.10,1.10,-172.18,64.16,0.00,0.50,0.50,0.50,0.50,0.00,0.00,0.00,0.00,0.00,0.00,0.50,0.00,-0.00,0.00,0
0.263947,-157,58,664,0,DRIVE [ 67 ] [ 1 ] [ 1921 1775 1865 ] [    0    0    0 ] [      0      0      0 ] [ 0 ],drive [ 67 ] [ 1 ] [ 1921 1759 1863 ] [   22   26   26 ] [   2950  15702  13026 ] [ 0 ],1.10,1.10,1.10,1.10,-154.96,57.75,0.00,0.50,0.50,0.50,0.50,0.00,0.00,0.00,0.00,0.00,0.00,0.50,0.00,-0.00,0.00,0
0.278322,-157,58,664,0,DRIVE [ 68 ] [ 1 ] [ 1921 1790 1867 ] [    0    0    0 ] [      0      0      0 ] [ 0 ],drive [ 67 ] [ 1 ] [ 1921 1775 1865 ] [   22   26   26 ] [   2950  15702  13026 ] [ 0 ],1.10,1.10,1.10,1.10,-139.46,51.97,0.00,0.50,0.50,0.50,0.50,0.00,0.00,0.00,0.00,0.00,0.00,0.50,0.00,-0.00,0.00,0
0.293432,-148,60,653,0,DRIVE [ 68 ] [ 1 ] [ 1921 1730 1862 ] [    0    0    0 ] [      0      0      0 ] [ 0 ],drive [ 68 ] [ 1 ] [ 1921 1790 1867 ] [   22   26   26 ] [   3021  15702  12997 ] [ 0 ],1.10,1.10,1.10,1.10,-162.60,65.97,0.00,0.50,0.50,0.50,0.50,0.00,0.00,0.00,0.00,0.00,0.00,0.50,0.00,-0.00,0.00,0
0.307962,-141,62,646,0,DRIVE [ 69 ] [ 1 ] [ 1921 1722 1865 ] [    0    0    0 ] [      0      0      0 ] [ 0 ],drive [ 68 ] [ 1 ] [ 1921 1730 1862 ] [   10   24   26 ] [   3021  15702  12997 ] [ 0 ],1.10,1.10,1.10,1.10,-155.17,68.38,0.00,0.50,0.50,0.50,0.50,0.00,0.00,0.00,0.00,0.00,0.00,0.50,0.00,-0.00,0.00,0
0.322181,-141,62,646,0,DRIVE [ 69 ] [ 1 ] [ 1921 1742 1867 ] [    0    0    0 ] [      0      0      0 ] [ 0 ],drive [ 69 ] [ 1 ] [ 1921 1722 1865 ] [   10   24   26 ] [   3021  15702  12997 ] [ 0 ],1.10,1.10,1.10,1.10,-139.65,61.54,0.00,0.50,0.50,0.50,0.50,0.00,0.00,0.00,0.00,0.00,0.00,0.50,0.00,-0.00,0.00,0
0.336766,-141,62,646,0,DRIVE [ 70 ] [ 1 ] [ 1921 1760 1868 ] [    0    0    0 ] [      0      0      0 ] [ 0 ],drive [ 69 ] [ 1 ] [ 1921 1742 1867 ] [   10   24   26 ] [   3021  15702  12997 ] [ 0 ],1.10,1.10,1.10,1.10,-125.69,55.39,0.00,0.50,0.50,0.50,0.50,0.00,0.00,0.00,0.00,0.00,0.00,0.50,0.00,-0.00,0.00,0
0.350489,-133,67,641,0,DRIVE [ 70 ] [ 1 ] [ 1921 1692 1868 ] [    0    0    0 ] [      0      0      0 ] [ 0 ],drive [ 70 ] [ 1 ] [ 1921 1760 1868 ] [   10   24   26 ] [   3076  15701  12979 ] [ 0 ],1.10,1.10,1.10,1.10,-145.82,73.86,0.00,0.50,0.50,0.50,0.50,0.00,0.00,0.00,0.00,0.00,0.00,0.50,0.00,-0.00,0.00,0
0.364842,-124,72,634,0,DRIVE [ 71 ] [ 1 ] [ 1921 1682 1875 ] [    0    0    0 ] [      0      0      0 ] [ 0 ],drive [ 70 ] [ 1 ] [ 1921 1692 1868 ] [   13   29   12 ] [   3076  15701  12979 ] [ 0 ],1.10,1.10,1.10,1.10,-136.07,79.57,0.00,0.50,0.50,0.50,0.50,0.00,0.00,0.00,0.00,0.00,0.00,0.50,0.00,-0.00,0.00,0
0.379556,-115,76,622,0,DRIVE [ 71 ] [ 1 ] [ 1921 1670 1882 ] [    0    0    0 ] [      0      0      0 ] [ 0 ],drive [ 71 ] [ 1 ] [ 1921 1682 1875 ] [   13   29   12 ] [   3076  15701  12979 ] [ 0 ],1.10,1.10,1.10,1.10,-126.18,83.44,0.00,0.50,0.50,0.50,0.50,0.00,0.00,0.00,0.00,0.00,0.00,0.50,0.00,-0.00,0.00,0
0.393868,-107,79,613,0,DRIVE [ 72 ] [ 1 ] [ 1922 1665 1882 ] [    0    0    0 ] [      0      0      0 ] [ 0 ],drive [ 71 ] [ 1 ] [ 1921 1670 1882 ] [   13   29   12 ] [   3117  15706  12933 ] [ 0 ],1.10,1.10,1.10,1.10,-117.85,87.20,0.00,0.50,0.50,0.50,0.50,0.00,0.00,0.00,0.00,0.00,0.00,0.50,0.00,-0.00,0.00,0
0.408458,-101,82,605,0,DRIVE [ 72 ] [ 1 ] [ 1915 1665 1882 ] [    0    0    0 ] [      0      0      0 ] [ 0 ],drive [ 72 ] [ 1 ] [ 1922 1665 1882 ] [   20   38   22 ] [   3117  15706  12933 ] [ 0 ],1.10,1.10,1.10,1.10,-110.57,90.54,0.00,0.50,0.50,0.50,0.50,0.00,0.00,0.00,0.00,0.00,0.00,0.50,0.00,-0.00,0.00,0
0.421776,-101,82,605,0,DRIVE [ 73 ] [ 1 ] [ 1916 1691 1882 ] [    0    0    0 ] [      0      0      0 ] [ 0 ],drive [ 72 ] [ 1 ] [ 1915 1665 1882 ] [   20   38   22 ] [   3117  15706  12933 ] [ 0 ],1.10,1.10,1.10,1.10,-99.51,81.49,0.00,0.50,0.50,0.50,0.50,0.00,0.00,0.00,0.00,0.00,0.00,0.50,0.00,-0.00,0.00,0
0.43617,-93,86,593,0,DRIVE [ 73 ] [ 1 ] [ 1905 1657 1882 ] [    0    0    0 ] [      0      0      0 ] [ 0 ],drive [ 73 ] [ 1 ] [ 1916 1691 1882 ] [   20   38   22 ] [   3117  15706  12933 ] [ 0 ],1.10,1.10,1.10,1.10,-102.29,94.61,0.00,0.50,0.50,0.50,0.50,0.00,0.00,0.00,0.00,0.00,0.00,0.50,0.00,-0.00,0.00,0
0.450406,-88,90,590,0,DRIVE [ 74 ] [ 1 ] [ 1897 1656 1882 ] [    0    0    0 ] [      0      0      0 ] [ 0 ],drive [ 73 ] [ 1 ] [ 1905 1657 1882 ] [   20   38   22 ] [   3533  15709  12772 ] [ 0 ],1.10,1.10,1.10,1.10,-97.09,98.87,0.00,0.50,0.50,0.50,0.50,0.00,0.00,0.00,0.00,0.00,0.00,0.50,0.00,-0.00,0.00,0
0.464941,-84,92,584,0,DRIVE [ 74 ] [ 1 ] [ 1890 1652 1882 ] [    0    0    0 ] [      0      0      0 ] [ 0 ],drive [ 74 ] [ 1 ] [ 1897 1656 1882 ] [   25   37    4 ] [   3533  15709  12772 ] [ 0 ],1.10,1.10,1.10,1.10,-92.71,101.43,0.00,0.50,0.50,0.50,0.50,0.00,0.00,0.00,0.00,0.00,0.00,0.50,0.00,-0.00,0.00,0
0.479164,-80,93,571,0,DRIVE [ 75 ] [ 1 ] [ 1884 1646 1882 ] [    0    0    0 ] [      0      0      0 ] [ 0 ],drive [ 74 ] [ 1 ] [ 1890 1652 1882 ] [   25   37    4 ] [   3533  15709  12772 ] [ 0 ],1.10,1.10,1.10,1.10,-88.44,102.75,0.00,0.50,0.50,0.50,0.50,0.00,0.00,0.00,0.00,0.00,0.00,0.50,0.00,-0.00,0.00,0
0.493639,-77,94,559,0,DRIVE [ 75 ] [ 1 ] [ 1878 1639 1882 ] [    0    0    0 ] [      0      0      0 ] [ 0 ],drive [ 75 ] [ 1 ] [ 1884 1646 1882 ] [   25   37    4 ] [   3801  15709  12630 ] [ 0 ],1.10,1.10,1.10,1.10,-84.93,103.55,0.00,0.50,0.50,0.50,0.50,0.00,0.00,0.00,0.00,0.00,0.00,0.50,0.00,-0.00,0.00,0
0.508266,-75,96,554,0,DRIVE [ 76 ] [ 1 ] [ 1873 1631 1882 ] [    0    0    0 ] [      0      0      0 ] [ 0 ],drive [ 75 ] [ 1 ] [ 1878 1639 1882 ] [   27   43   13 ] [   3801  15709  12630 ] [ 0 ],1.10,1.10,1.10,1.10,-82.77,105.26,0.00,0.50,0.50,0.50,0.50,0.00,0.00,0.00,0.00,0.00,0.00,0.50,0.00,-0.00,0.00,0
0.522507,-73,97,548,0,DRIVE [ 76 ] [ 1 ] [ 1867 1623 1882 ] [    0    0    0 ] [      0      0      0 ] [ 0 ],drive [ 76 ] [ 1 ] [ 1873 1631 1882 ] [   27   43   13 ] [   3801  15709  12630 ] [ 0 ],1.10,1.10,1.10,1.10,-80.85,106.66,0.00,0.50,0.50,0.50,0.50,0.00,0.00,0.00,0.00,0.00,0.00,0.50,0.00,-0.00,0.00,0
0.53697,-71,98,538,0,DRIVE [ 77 ] [ 1 ] [ 1860 1614 1882 ] [    0    0    0 ] [      0      0      0 ] [ 0 ],drive [ 76 ] [ 1 ] [ 1867 1623 1882 ] [   27   43   13 ] [   4089  15718  12582 ] [ 0 ],1.10,1.10,1.10,1.10,-78.14,107.86,0.00,0.50,0.50,0.50,0.50,0.00,0.00,0.00,0.00,0.00,0.00,0.50,0.00,-0.00,0.00,0
0.550976,-69,99,528,0,DRIVE [ 77 ] [ 1 ] [ 1853 1605 1882 ] [    0    0    0 ] [      0      0      0 ] [ 0 ],drive [ 77 ] [ 1 ] [ 1860 1614 1882 ] [   27   43   13 ] [   4089  15718  12582 ] [ 0 ],1.10,1.10,1.10,1.10,-75.69,109.41,0.00,0.50,0.50,0.50,0.50,0.00,0.00,0.00,0.00,0.00,0.00,0.50,0.00,-0.00,0.00,0
0.565223,-67,102,523,0,DRIVE [ 78 ] [ 1 ] [ 1845 1596 1882 ] [    0    0    0 ] [      0      0      0 ] [ 0 ],drive [ 77 ] [ 1 ] [ 1853 1605 1882 ] [    4   50    6 ] [   4089  15718  12582 ] [ 0 ],1.10,1.10,1.10,1.10,-73.85,111.98,0.00,0.50,0.50,0.50,0.50,0.00,0.00,0.00,0.00,0.00,0.00,0.50,0.00,-0.00,0.00,0
0.579137,-65,104,515,0,DRIVE [ 78 ] [ 1 ] [ 1836 1585 1882 ] [    0    0    0 ] [      0      0      0 ] [ 0 ],drive [ 78 ] [ 1 ] [ 1845 1596 1882 ] [    4   50    6 ] [   4089  15718  12582 ] [ 0 ],1.10,1.10,1.10,1.10,-71.55,114.31,0.00,0.50,0.50,0.50,0.50,0.00,0.00,0.00,0.00,0.00,0.00,0.50,0.00,-0.00,0.00,0
0.593358,-63,105,506,0,DRIVE [ 79 ] [ 1 ] [ 1828 1576 1882 ] [    0    0    0 ] [      0      0      0 ] [ 0 ],drive [ 78 ] [ 1 ] [ 1836 1585 1882 ] [    4   50    6 ] [   4468  15743  12264 ] [ 0 ],1.10,1.10,1.10,1.10,-69.24,115.40,0.00,0.50,0.50,0.50,0.50,0.00,0.00,0.00,0.00,0.00,0.00,0.50,0.00,-0.00,0.00,0
0.607599,-61,105,496,0,DRIVE [ 79 ] [ 1 ] [ 1821 1567 1882 ] [    0    0    0 ] [      0      0      0 ] [ 0 ],drive [ 79 ] [ 1 ] [ 1828 1576 1882 ] [   31   49   12 ] [   4468  15743  12264 ] [ 0 ],1.10,1.10,1.10,1.10,-67.03,115.52,0.00,0.50,0.50,0.50,0.50,0.00,0.00,0.00,0.00,0.00,0.00,0.50,0.00,-0.00,0.00,0
0.621148,-59,105,489,0,DRIVE [ 80 ] [ 1 ] [ 1815 1558 1882 ] [    0    0    0 ] [      0      0      0 ] [ 0 ],drive [ 79 ] [ 1 ] [ 1821 1567 1882 ] [   31   49   12 ] [   4468  15743  12264 ] [ 0 ],1.10,1.10,1.10,1.10,-65.30,115.63,0.00,0.50,0.50,0.50,0.50,0.00,0.00,0.00,0.00,0.00,0.00,0.50,0.00,-0.00,0.00,0
0.635413,-57,105,481,0,DRIVE [ 80 ] [ 1 ] [ 1808 1550 1882 ] [    0    0    0 ] [      0      0      0 ] [ 0 ],drive [ 80 ] [ 1 ] [ 1815 1558 1882 ] [   31   49   12 ] [   4468  15743  12264 ] [ 0 ],1.10,1.10,1.10,1.10,-63.22,115.75,0.00,0.50,0.50,0.50,0.50,0.00,0.00,0.00,0.00,0.00,0.00,0.50,0.00,-0.00,0.00,0
0.649451,-55,105,471,0,DRIVE [ 81 ] [ 1 ] [ 1800 1542 1882 ] [    0    0    0 ] [      0      0      0 ] [ 0 ],drive [ 80 ] [ 1 ] [ 1808 1550 1882 ] [   31   49   12 ] [   4672  15748  12093 ] [ 0 ],1.10,1.10,1.10,1.10,-60.82,115.31,0.00,0.50,0.50,0.50,0.50,0.00,0.00,0.00,0.00,0.00,0.00,0.50,0.00,-0.00,0.00,0
0.66374,-53,106,465,0,DRIVE [ 81 ] [ 1 ] [ 1791 1534 1882 ] [    0    0    0 ] [      0      0      0 ] [ 0 ],drive [ 81 ] [ 1 ] [ 1800 1542 1882 ] [   22   48   14 ] [   4672  15748  12093 ] [ 0 ],1.10,1.10,1.10,1.10,-58.80,116.23,0.00,0.50,0.50,0.50,0.50,0.00,0.00,0.00,0.00,0.00,0.00,0.50,0.00,-0.00,0.00,0
0.677872,-51,106,458,0,DRIVE [ 82 ] [ 1 ] [ 1781 1525 1882 ] [    0    0    0 ] [      0      0      0 ] [ 0 ],drive [ 81 ] [ 1 ] [ 1791 1534 1882 ] [   22   48   14 ] [   4672  15748  12093 ] [ 0 ],1.10,1.10,1.10,1.10,-56.52,117.10,0.00,0.50,0.50,0.50,0.50,0.00,0.00,0.00,0.00,0.00,0.00,0.50,0.00,-0.00,0.00,0
0.69118,-48,108,449,0,DRIVE [ 82 ] [ 1 ] [ 1766 1518 1882 ] [    0    0    0 ] [      0      0      0 ] [ 0 ],drive [ 82 ] [ 1 ] [ 1781 1525 1882 ] [   22   48   14 ] [   4758  15754  12056 ] [ 0 ],1.10,1.10,1.10,1.10,-52.85,118.90,0.00,0.50,0.50,0.50,0.50,0.00,0.00,0.00,0.00,0.00,0.00,0.50,0.00,0.00,0.00,0
0.705108,-45,109,438,0,DRIVE [ 83 ] [ 1 ] [ 1750 1510 1882 ] [    0    0    0 ] [      0      0      0 ] [ 0 ],drive [ 82 ] [ 1 ] [ 1766 1518 1882 ] [   35   50    8 ] [   4758  15754  12056 ] [ 0 ],1.10,1.10,1.10,1.10,-49.17,120.19,0.00,0.50,0.50,0.50,0.50,0.00,0.00,0.00,0.00,0.00,0.00,0.50,0.00,0.00,0.00,0
0.718825,-42,111,430,0,DRIVE [ 83 ] [ 1 ] [ 1732 1501 1882 ] [    0    0    0 ] [      0      0      0 ] [ 0 ],drive [ 83 ] [ 1 ] [ 1750 1510 1882 ] [   35   50    8 ] [   4758  15754  12056 ] [ 0 ],1.10,1.10,1.10,1.10,-46.01,122.48,0.00,0.50,0.50,0.50,0.50,0.00,0.00,0.00,0.00,0.00,0.00,0.50,0.00,0.00,0.00,0
0.732402,-40,114,425,0,DRIVE [ 84 ] [ 1 ] [ 1716 1489 1882 ] [    0    0    0 ] [      0      0      0 ] [ 0 ],drive [ 83 ] [ 1 ] [ 1732 1501 1882 ] [   35   50    8 ] [   4758  15754  12056 ] [ 0 ],1.10,1.10,1.10,1.10,-43.97,125.40,0.00,0.50,0.50,0.50,0.50,0.00,0.00,0.00,0.00,0.00,0.00,0.50,0.00,0.00,0.00,0
0.745932,-39,116,416,0,DRIVE [ 84 ] [ 1 ] [ 1701 1471 1882 ] [    0    0    0 ] [      0      0      0 ] [ 0 ],drive [ 84 ] [ 1 ] [ 1716 1489 1882 ] [   35   50    8 ] [   5236  15757  11935 ] [ 0 ],1.10,1.10,1.10,1.10,-42.74,127.15,0.00,0.50,0.50,0.50,0.50,0.00,0.00,0.00,0.00,0.00,0.00,0.50,0.00,0.00,0.00,0
0.759376,-39,117,407,0,DRIVE [ 85 ] [ 1 ] [ 1689 1452 1882 ] [    0    0    0 ] [      0      0      0 ] [ 0 ],drive [ 84 ] [ 1 ] [ 1701 1471 1882 ] [   33   51   26 ] [   5236  15757  11935 ] [ 0 ],1.10,1.10,1.10,1.10,-42.41,128.35,0.00,0.50,0.50,0.50,0.50,0.00,0.00,0.00,0.00,0.00,0.00,0.50,0.00,0.00,0.00,0
0.772832,-39,118,402,0,DRIVE [ 85 ] [ 1 ] [ 1680 1434 1882 ] [    0    0    0 ] [      0      0      0 ] [ 0 ],drive [ 85 ] [ 1 ] [ 1689 1452 1882 ] [   33   51   26 ] [   5236  15757  11935 ] [ 0 ],1.10,1.10,1.10,1.10,-42.73,129.28,0.00,0.50,0.50,0.50,0.50,0.00,0.00,0.00,0.00,0.00,0.00,0.50,0.00,0.00,0.00,0
0.786557,-39,118,395,0,DRIVE [ 86 ] [ 1 ] [ 1673 1416 1882 ] [    0    0    0 ] [      0      0      0 ] [ 0 ],drive [ 85 ] [ 1 ] [ 1680 1434 1882 ] [   33   51   26 ] [   5602  15770  11837 ] [ 0 ],1.10,1.10,1.10,1.10,-43.27,129.28,0.00,0.50,0.50,0.50,0.50,0.00,0.00,0.00,0.00,0.00,0.00,0.50,0.00,0.00,0.00,0
0.799596,-40,117,389,0,DRIVE [ 86 ] [ 1 ] [ 1667 1397 1882 ] [    0    0    0 ] [      0      0      0 ] [ 0 ],drive [ 86 ] [ 1 ] [ 1673 1416 1882 ] [   33   51   26 ] [   5602  15770  11837 ] [ 0 ],1.10,1.10,1.10,1.10,-44.06,129.14,0.00,0.50,0.50,0.50,0.50,0.00,0.00,0.00,0.00,0.00,0.00,0.50,0.00,0.00,0.00,0
0.813226,-41,117,380,0,DRIVE [ 87 ] [ 1 ] [ 1663 1372 1882 ] [    0    0    0 ] [      0      0      0 ] [ 0 ],drive [ 86 ] [ 1 ] [ 1667 1397 1882 ] [   25   50   16 ] [   5602  15770  11837 ] [ 0 ],1.10,1.10,1.10,1.10,-45.50,128.16,0.00,0.50,0.50,0.50,0.50,0.00,0.00,0.00,0.00,0.00,0.00,0.50,0.00,0.00,0.00,0
0.826642,-43,116,372,0,DRIVE [ 87 ] [ 1 ] [ 1659 1344 1882 ] [    0    0    0 ] [      0      0      0 ] [ 0 ],drive [ 87 ] [ 1 ] [ 1663 1372 1882 ] [   25   50   16 ] [   5602  15770  11837 ] [ 0 ],1.10,1.10,1.10,1.10,-47.50,127.83,0.00,0.50,0.50,0.50,0.50,0.00,0.00,0.00,0.00,0.00,0.00,0.50,0.00,0.00,0.00,0
0.840231,-46,116,365,0,DRIVE [ 88 ] [ 1 ] [ 1657 1313 1882 ] [    0    0    0 ] [      0      0      0 ] [ 0 ],drive [ 87 ] [ 1 ] [ 1659 1344 1882 ] [   25   50   16 ] [   5960  15803  11835 ] [ 0 ],1.10,1.10,1.10,1.10,-50.22,127.82,0.00,0.50,0.50,0.50,0.50,0.00,0.00,0.00,0.00,0.00,0.00,0.50,0.00,0.00,0.00,0
0.853858,-48,116,358,0,DRIVE [ 88 ] [ 1 ] [ 1656 1278 1882 ] [    0    0    0 ] [      0      0      0 ] [ 0 ],drive [ 88 ] [ 1 ] [ 1657 1313 1882 ] [   39   57    5 ] [   5960  15803  11835 ] [ 0 ],1.10,1.10,1.10,1.10,-53.10,127.47,0.00,0.50,0.50,0.50,0.50,0.00,0.00,0.00,0.00,0.00,0.00,0.50,0.00,0.00,0.00,0
0.866665,-52,116,353,0,DRIVE [ 89 ] [ 1 ] [ 1657 1241 1882 ] [    0    0    0 ] [      0      0      0 ] [ 0 ],drive [ 88 ] [ 1 ] [ 1656 1278 1882 ] [   39   57    5 ] [   5960  15803  11835 ] [ 0 ],1.10,1.10,1.10,1.10,-56.75,127.77,0.00,0.50,0.50,0.50,0.50,0.00,0.00,0.00,0.00,0.00,0.00,0.50,0.00,0.00,0.00,0
0.879984,-55,115,345,0,DRIVE [ 89 ] [ 1 ] [ 1661 1200 1882 ] [    0    0    0 ] [      0      0      0 ] [ 0 ],drive [ 89 ] [ 1 ] [ 1657 1241 1882 ] [   39   57    5 ] [   5960  15803  11835 ] [ 0 ],1.10,1.10,1.10,1.10,-60.44,126.13,0.00,0.50,0.50,0.50,0.50,0.00,0.00,0.00,0.00,0.00,0.00,0.50,0.00,0.00,0.00,0
0.893125,-58,113,337,0,DRIVE [ 90 ] [ 1 ] [ 1667 1162 1882 ] [    0    0    0 ] [      0      0      0 ] [ 0 ],drive [ 89 ] [ 1 ] [ 1661 1200 1882 ] [   39   57    5 ] [   6122  16154  11679 ] [ 0 ],1.10,1.10,1.10,1.10,-63.76,124.28,0.00,0.50,0.50,0.50,0.50,0.00,0.00,0.00,0.00,0.00,0.00,0.50,0.00,0.00,0.00,0
0.906078,-60,111,331,0,DRIVE [ 90 ] [ 1 ] [ 1674 1129 1882 ] [    0    0    0 ] [      0      0      0 ] [ 0 ],drive [ 90 ] [ 1 ] [ 1667 1162 1882 ] [   29   74   15 ] [   6122  16154  11679 ] [ 0 ],1.10,1.10,1.10,1.10,-66.27,121.79,0.00,0.50,0.50,0.50,0.50,0.00,0.00,0.00,0.00,0.00,0.00,0.50,0.00,0.00,0.00,0
0.919413,-62,108,326,0,DRIVE [ 91 ] [ 1 ] [ 1681 1104 1882 ] [    0    0    0 ] [      0      0      0 ] [ 0 ],drive [ 90 ] [ 1 ] [ 1674 1129 1882 ] [   29   74   15 ] [   6122  16154  11679 ] [ 0 ],1.10,1.10,1.10,1.10,-68.02,118.96,0.00,0.50,0.50,0.50,0.50,0.00,0.00,0.00,0.00,0.00,0.00,0.50,0.00,0.00,0.00,0
0.931545,-62,105,319,0,DRIVE [ 91 ] [ 1 ] [ 1686 1086 1882 ] [    0    0    0 ] [      0      0      0 ] [ 0 ],drive [ 91 ] [ 1 ] [ 1681 1104 1882 ] [   29   74   15 ] [   6122  16154  11679 ] [ 0 ],1.10,1.10,1.10,1.10,-68.24,115.47,0.00,0.50,0.50,0.50,0.50,0.00,0.00,0.00,0.00,0.00,0.00,0.50,0.00,-0.00,0.00,0
0.94452,-61,101,314,0,DRIVE [ 92 ] [ 1 ] [ 1689 1083 1882 ] [    0    0    0 ] [      0      0      0 ] [ 0 ],drive [ 91 ] [ 1 ] [ 1686 1086 1882 ] [   29   74   15 ] [   6121  16655  11522 ] [ 0 ],1.10,1.10,1.10,1.10,-66.74,111.59,0.00,0.50,0.50,0.50,0.50,0.00,0.00,0.00,0.00,0.00,0.00,0.50,0.00,-0.00,0.00,0
0.956595,-59,99,311,0,DRIVE [ 92 ] [ 1 ] [ 1690 1085 1882 ] [    0    0    0 ] [      0      0      0 ] [ 0 ],drive [ 92 ] [ 1 ] [ 1689 1083 1882 ] [   28   92   10 ] [   6121  16655  11522 ] [ 0 ],1.10,1.10,1.10,1.10,-65.03,108.63,0.00,0.50,0.50,0.50,0.50,0.00,0.00,0.00,0.00,0.00,0.00,0.50,0.00,-0.00,0.00,0
0.969421,-57,96,308,0,DRIVE [ 93 ] [ 1 ] [ 1691 1089 1882 ] [    0    0    0 ] [      0      0      0 ] [ 0 ],drive [ 92 ] [ 1 ] [ 1690 1085 1882 ] [   28   92   10 ] [   6121  16655  11522 ] [ 0 ],1.10,1.10,1.10,1.10,-63.23,105.85,0.00,0.50,0.50,0.50,0.50,0.00,0.00,0.00,0.00,0.00,0.00,0.50,0.00,-0.00,0.00,0
0.98215,-56,94,303,0,DRIVE [ 93 ] [ 1 ] [ 1690 1089 1882 ] [    0    0    0 ] [      0      0      0 ] [ 0 ],drive [ 93 ] [ 1 ] [ 1691 1089 1882 ] [   28   92   10 ] [   6121  16655  11522 ] [ 0 ],1.10,1.10,1.10,1.10,-61.41,102.89,0.00,0.50,0.50,0.50,0.50,0.00,0.00,0.00,0.00,0.00,0.00,0.50,0.00,-0.00,0.00,0
0.994995,-55,92,299,0,DRIVE [ 94 ] [ 1 ] [ 1689 1085 1882 ] [    0    0    0 ] [      0      0      0 ] [ 0 ],drive [ 93 ] [ 1 ] [ 1690 1089 1882 ] [   28   92   10 ] [   6121  16725  11485 ] [ 0 ],1.10,1.10,1.10,1.10,-60.19,100.88,0.00,0.50,0.50,0.50,0.50,0.00,0.00,0.00,0.00,0.00,0.00,0.50,0.00,-0.00,0.00,0
1.00781,-54,90,294,0,DRIVE [ 94 ] [ 1 ] [ 1687 1075 1882 ] [    0    0    0 ] [      0      0      0 ] [ 0 ],drive [ 94 ] [ 1 ] [ 1689 1085 1882 ] [   27   94   10 ] [   6121  16725  11485 ] [ 0 ],1.10,1.10,1.10,1.10,-59.15,98.88,0.00,0.50,0.50,0.50,0.50,0.00,0.00,0.00,0.00,0.00,0.00,0.50,0.00,-0.00,0.00,0
1.02011,-53,89,290,0,DRIVE [ 95 ] [ 1 ] [ 1686 1067 1882 ] [    0    0    0 ] [      0      0      0 ] [ 0 ],drive [ 94 ] [ 1 ] [ 1687 1075 1882 ] [   27   94   10 ] [   6121  16725  11485 ] [ 0 ],1.10,1.10,1.10,1.10,-58.66,97.69,0.00,0.50,0.50,0.50,0.50,0.00,0.00,0.00,0.00,0.00,0.00,0.50,0.00,-0.00,0.00,0
1.03274,-53,87,284,0,DRIVE [ 95 ] [ 1 ] [ 1685 1063 1882 ] [    0    0    0 ] [      0      0      0 ] [ 0 ],drive [ 95 ] [ 1 ] [ 1686 1067 1882 ] [   27   94   10 ] [   6121  16725  11485 ] [ 0 ],1.10,1.10,1.10,1.10,-57.75,96.18,0.00,0.50,0.50,0.50,0.50,0.00,0.00,0.00,0.00,0.00,0.00,0.50,0.00,-0.00,0.00,0
1.04518,-52,87,279,0,DRIVE [ 96 ] [ 1 ] [ 1683 1059 1882 ] [    0    0    0 ] [      0      0      0 ] [ 0 ],drive [ 95 ] [ 1 ] [ 1685 1063 1882 ] [   27   94   10 ] [   6122  16893  11357 ] [ 0 ],1.10,1.10,1.10,1.10,-57.03,95.30,0.00,0.50,0.50,0.50,0.50,0.00,0.00,0.00,0.00,0.00,0.00,0.50,0.00,-0.00,0.00,0
1.05753,-50,86,275,0,DRIVE [ 96 ] [ 1 ] [ 1678 1062 1882 ] [    0    0    0 ] [      0      0      0 ] [ 0 ],drive [ 96 ] [ 1 ] [ 1683 1059 1882 ] [   26   77   25 ] [   6122  16893  11357 ] [ 0 ],1.10,1.10,1.10,1.10,-55.43,94.31,0.00,0.50,0.50,0.50,0.50,0.00,0.00,0.00,0.00,0.00,0.00,0.50,0.00,-0.00,0.00,0
1.06974,-48,84,268,0,DRIVE [ 97 ] [ 1 ] [ 1672 1071 1882 ] [    0    0    0 ] [      0      0      0 ] [ 0 ],drive [ 96 ] [ 1 ] [ 1678 1062 1882 ] [   26   77   25 ] [   6122  16893  11357 ] [ 0 ],1.10,1.10,1.10,1.10,-52.92,92.40,0.00,0.50,0.50,0.50,0.50,0.00,0.00,0.00,0.00,0.00,0.00,0.50,0.00,-0.00,0.00,0
1.0813,-46,82,264,0,DRIVE [ 97 ] [ 1 ] [ 1666 1086 1882 ] [    0    0    0 ] [      0      0      0 ] [ 0 ],drive [ 97 ] [ 1 ] [ 1672 1071 1882 ] [   26   77   25 ] [   6122  16893  11357 ] [ 0 ],1.10,1.10,1.10,1.10,-50.19,90.75,0.00,0.50,0.50,0.50,0.50,0.00,0.00,0.00,0.00,0.00,0.00,0.50,0.00,-0.00,0.00,0
1.0937,-43,81,261,0,DRIVE [ 98 ] [ 1 ] [ 1660 1107 1882 ] [    0    0    0 ] [      0      0      0 ] [ 0 ],drive [ 97 ] [ 1 ] [ 1666 1086 1882 ] [   26   77   25 ] [   6124  17210  11169 ] [ 0 ],1.10,1.10,1.10,1.10,-47.48,89.25,0.00,0.50,0.50,0.50,0.50,0.00,0.00,0.00,0.00,0.00,0.00,0.50,0.00,-0.00,0.00,0
1.10566,-41,79,257,0,DRIVE [ 98 ] [ 1 ] [ 1655 1129 1882 ] [    0    0    0 ] [      0      0      0 ] [ 0 ],drive [ 98 ] [ 1 ] [ 1660 1107 1882 ] [   27   79    4 ] [   6124  17210  11169 ] [ 0 ],1.10,1.10,1.10,1.10,-44.59,87.26,0.00,0.50,0.50,0.50,0.50,0.00,0.00,0.00,0.00,0.00,0.00,0.50,0.00,-0.00,0.00,0
1.11832,-38,77,253,0,DRIVE [ 99 ] [ 1 ] [ 1651 1149 1882 ] [    0    0    0 ] [      0      0      0 ] [ 0 ],drive [ 98 ] [ 1 ] [ 1655 1129 1882 ] [   27   79    4 ] [   6124  17210  11169 ] [ 0 ],1.10,1.10,1.10,1.10,-41.87,84.96,0.00,0.50,0.50,0.50,0.50,0.00,0.00,0.00,0.00,0.00,0.00,0.50,0.00,-0.00,0.00,0
1.12975,-36,75,249,0,DRIVE [ 99 ] [ 1 ] [ 1648 1165 1882 ] [    0    0    0 ] [      0      0      0 ] [ 0 ],drive [ 99 ] [ 1 ] [ 1651 1149 1882 ] [   27   79    4 ] [   6124  17210  11169 ] [ 0 ],1.10,1.10,1.10,1.10,-39.68,82.82,0.00,0.50,0.50,0.50,0.50,0.00,0.00,0.00,0.00,0.00,0.00,0.50,0.00,-0.00,0.00,0
1.14172,-34,73,244,0,DRIVE [ 00 ] [ 1 ] [ 1648 1177 1882 ] [    0    0    0 ] [      0      0      0 ] [ 0 ],drive [ 99 ] [ 1 ] [ 1648 1165 1882 ] [   27   79    4 ] [   6128  17265  11095 ] [ 0 ],1.10,1.10,1.10,1.10,-37.92,80.66,0.00,0.50,0.50,0.50,0.50,0.00,0.00,0.00,0.00,0.00,0.00,0.50,0.00,-0.00,0.00,0
1.15314,-33,72,240,0,DRIVE [ 00 ] [ 1 ] [ 1647 1184 1882 ] [    0    0    0 ] [      0      0      0 ] [ 0 ],drive [ 00 ] [ 1 ] [ 1648 1177 1882 ] [   37   72   28 ] [   6128  17265  11095 ] [ 0 ],1.10,1.10,1.10,1.10,-36.64,78.76,0.00,0.50,0.50,0.50,0.50,0.00,0.00,0.00,0.00,0.00,0.00,0.50,0.00,-0.00,0.00,0
1.16514,-32,70,235,0,DRIVE [ 01 ] [ 1 ] [ 1648 1188 1882 ] [    0    0    0 ] [      0      0      0 ] [ 0 ],drive [ 00 ] [ 1 ] [ 1647 1184 1882 ] [   37   72   28 ] [   6128  17265  11095 ] [ 0 ],1.10,1.10,1.10,1.10,-35.71,76.83,0.00,0.50,0.50,0.50,0.50,0.00,0.00,0.00,0.00,0.00,0.00,0.50,0.00,-0.00,0.00,0
1.17702,-32,69,232,0,DRIVE [ 01 ] [ 1 ] [ 1650 1189 1882 ] [    0    0    0 ] [      0      0      0 ] [ 0 ],drive [ 01 ] [ 1 ] [ 1648 1188 1882 ] [   37   72   28 ] [   6128  17265  11095 ] [ 0 ],1.10,1.10,1.10,1.10,-35.36,75.62,0.00,0.50,0.50,0.50,0.50,0.00,0.00,0.00,0.00,0.00,0.00,0.50,0.00,-0.00,0.00,0
1.18877,-32,66,226,0,DRIVE [ 02 ] [ 1 ] [ 1658 1187 1882 ] [    0    0    0 ] [      0      0      0 ] [ 0 ],drive [ 01 ] [ 1 ] [ 1650 1189 1882 ] [   37   72   28 ] [   6389  17285  11005 ] [ 0 ],1.10,1.10,1.10,1.10,-35.03,72.84,0.00,0.50,0.50,0.50,0.50,0.00,0.00,0.00,0.00,0.00,0.00,0.50,0.00,-0.00,0.00,0
1.20096,-32,64,221,0,DRIVE [ 02 ] [ 1 ] [ 1666 1185 1882 ] [    0    0    0 ] [      0      0      0 ] [ 0 ],drive [ 02 ] [ 1 ] [ 1658 1187 1882 ] [   51   82   27 ] [   6389  17285  11005 ] [ 0 ],1.10,1.10,1.10,1.10,-34.89,70.23,0.00,0.50,0.50,0.50,0.50,0.00,0.00,0.00,0.00,0.00,0.00,0.50,0.00,-0.00,0.00,0
1.21206,-32,62,216,0,DRIVE [ 03 ] [ 1 ] [ 1674 1184 1882 ] [    0    0    0 ] [      0      0      0 ] [ 0 ],drive [ 02 ] [ 1 ] [ 1666 1185 1882 ] [   51   82   27 ] [   6389  17285  11005 ] [ 0 ],1.10,1.10,1.10,1.10,-34.67,67.76,0.00,0.50,0.50,0.50,0.50,0.00,0.00,0.00,0.00,0.00,0.00,0.50,0.00,-0.00,0.00,0
1.2236,-31,59,211,0,DRIVE [ 03 ] [ 1 ] [ 1681 1187 1882 ] [    0    0    0 ] [      0      0      0 ] [ 0 ],drive [ 03 ] [ 1 ] [ 1674 1184 1882 ] [   51   82   27 ] [   6389  17285  11005 ] [ 0 ],1.10,1.10,1.10,1.10,-34.13,65.36,0.00,0.50,0.50,0.50,0.50,0.00,0.00,0.00,0.00,0.00,0.00,0.50,0.00,-0.00,0.00,0
1.2345,-30,57,208,0,DRIVE [ 04 ] [ 1 ] [ 1686 1200 1882 ] [    0    0    0 ] [      0      0      0 ] [ 0 ],drive [ 03 ] [ 1 ] [ 1681 1187 1882 ] [   51   82   27 ] [   6383  17504  10917 ] [ 0 ],1.10,1.10,1.10,1.10,-32.95,62.91,0.00,0.50,0.50,0.50,0.50,0.00,0.00,0.00,0.00,0.00,0.00,0.50,0.00,-0.00,0.00,0
1.24613,-28,55,204,0,DRIVE [ 04 ] [ 1 ] [ 1688 1220 1882 ] [    0    0    0 ] [      0      0      0 ] [ 0 ],drive [ 04 ] [ 1 ] [ 1686 1200 1882 ] [   51   82   27 ] [   6383  17504  10917 ] [ 0 ],1.10,1.10,1.10,1.10,-31.15,60.50,0.00,0.50,0.50,0.50,0.50,0.00,0.00,0.00,0.00,0.00,0.00,0.50,0.00,-0.00,0.00,0
1.25771,-26,53,200,0,DRIVE [ 05 ] [ 1 ] [ 1687 1241 1882 ] [    0    0    0 ] [      0      0      0 ] [ 0 ],drive [ 04 ] [ 1 ] [ 1688 1220 1882 ] [   48   73    5 ] [   6383  17504  10917 ] [ 0 ],1.10,1.10,1.10,1.10,-29.14,58.45,0.00,0.50,0.50,0.50,0.50,0.00,0.00,0.00,0.00,0.00,0.00,0.50,0.00,-0.00,0.00,0
1.26924,-25,51,196,0,DRIVE [ 05 ] [ 1 ] [ 1684 1260 1882 ] [    0    0    0 ] [      0      0      0 ] [ 0 ],drive [ 05 ] [ 1 ] [ 1687 1241 1882 ] [   48   73    5 ] [   6383  17504  10917 ] [ 0 ],1.10,1.10,1.10,1.10,-27.18,56.59,0.00,0.50,0.50,0.50,0.50,0.00,0.00,0.00,0.00,0.00,0.00,0.50,0.00,-0.00,0.00,0
1.28041,-23,50,192,0,DRIVE [ 06 ] [ 1 ] [ 1681 1277 1882 ] [    0    0    0 ] [      0      0      0 ] [ 0 ],drive [ 05 ] [ 1 ] [ 1684 1260 1882 ] [   48   73    5 ] [   6383  17504  10917 ] [ 0 ],1.10,1.10,1.10,1.10,-25.36,54.78,0.00,0.50,0.50,0.50,0.50,0.00,0.00,0.00,0.00,0.00,0.00,0.50,0.00,-0.00,0.00,0
1.29229,-21,48,188,0,DRIVE [ 06 ] [ 1 ] [ 1677 1294 1882 ] [    0    0    0 ] [      0      0      0 ] [ 0 ],drive [ 06 ] [ 1 ] [ 1681 1277 1882 ] [   48   73    5 ] [   6381  17505  10917 ] [ 0 ],1.10,1.10,1.10,1.10,-23.60,53.24,0.00,0.50,0.50,0.50,0.50,0.00,0.00,0.00,0.00,0.00,0.00,0.50,0.00,-0.00,0.00,0
1.30397,-20,47,185,0,DRIVE [ 07 ] [ 1 ] [ 1669 1314 1882 ] [    0    0    0 ] [      0      0      0 ] [ 0 ],drive [ 06 ] [ 1 ] [ 1677 1294 1882 ] [   49   63    5 ] [   6381  17505  10917 ] [ 0 ],1.10,1.10,1.10,1.10,-21.52,51.98,0.00,0.50,0.50,0.50,0.50,0.00,0.00,0.00,0.00,0.00,0.00,0.50,0.00,-0.00,0.00,0
1.31528,-17,46,181,0,DRIVE [ 07 ] [ 1 ] [ 1656 1333 1882 ] [    0    0    0 ] [      0      0      0 ] [ 0 ],drive [ 07 ] [ 1 ] [ 1669 1314 1882 ] [   49   63    5 ] [   6381  17505  10917 ] [ 0 ],1.10,1.10,1.10,1.10,-19.11,50.89,0.00,0.50,0.50,0.50,0.50,-0.16,0.47,0.00,0.00,0.00,0.00,0.50,0.00,-0.00,0.00,0
1.32712,-15,45,178,0,DRIVE [ 08 ] [ 1 ] [ 1639 1353 1882 ] [    0    0    0 ] [      0      0      0 ] [ 0 ],drive [ 07 ] [ 1 ] [ 1656 1333 1882 ] [   49   63    5 ] [   6381  17505  10917 ] [ 0 ],1.10,1.10,1.10,1.10,-16.53,50.01,0.00,0.50,0.50,0.50,0.50,-0.30,0.93,0.00,0.00,0.00,0.00,0.50,0.00,-0.00,0.00,0
1.33889,-13,44,173,0,DRIVE [ 08 ] [ 1 ] [ 1621 1373 1882 ] [    0    0    0 ] [      0      0      0 ] [ 0 ],drive [ 08 ] [ 1 ] [ 1639 1353 1882 ] [   49   63    5 ] [   6383  17494  10917 ] [ 0 ],1.10,1.10,1.10,1.10,-13.82,48.72,0.00,0.50,0.50,0.50,0.50,-0.41,1.38,0.00,0.00,0.00,0.00,0.50,0.00,-0.00,0.00,0
1.35011,-10,43,169,0,DRIVE [ 09 ] [ 1 ] [ 1602 1391 1882 ] [    0    0    0 ] [      0      0      0 ] [ 0 ],drive [ 08 ] [ 1 ] [ 1621 1373 1882 ] [   52   52    5 ] [   6383  17494  10917 ] [ 0 ],1.10,1.10,1.10,1.10,-11.36,47.70,0.00,0.50,0.50,0.50,0.50,-0.51,1.82,0.00,0.00,0.00,0.00,0.50,0.00,-0.00,0.00,0
1.36176,-8,43,165,0,DRIVE [ 09 ] [ 1 ] [ 1582 1408 1882 ] [    0    0    0 ] [      0      0      0 ] [ 0 ],drive [ 09 ] [ 1 ] [ 1602 1391 1882 ] [   52   52    5 ] [   6383  17494  10917 ] [ 0 ],1.10,1.10,1.10,1.10,-9.06,46.77,0.00,0.50,0.50,0.50,0.50,-0.58,2.25,0.00,0.00,0.00,0.00,0.50,0.00,-0.00,0.00,0
1.37342,-6,42,162,0,DRIVE [ 10 ] [ 1 ] [ 1561 1422 1882 ] [    0    0    0 ] [      0      0      0 ] [ 0 ],drive [ 09 ] [ 1 ] [ 1582 1408 1882 ] [   52   52    5 ] [   6383  17494  10917 ] [ 0 ],1.10,1.10,1.10,1.10,-6.86,46.06,0.00,0.50,0.50,0.50,0.50,-0.64,2.67,0.00,0.00,0.00,0.00,0.50,0.00,-0.00,0.00,0
1.385,-4,41,158,0,DRIVE [ 10 ] [ 1 ] [ 1538 1435 1882 ] [    0    0    0 ] [      0      0      0 ] [ 0 ],drive [ 10 ] [ 1 ] [ 1561 1422 1882 ] [   52   52    5 ] [   6390  17467  10916 ] [ 0 ],1.10,1.10,1.10,1.10,-4.76,45.42,0.00,0.50,0.50,0.50,0.50,-0.68,3.10,0.00,0.00,0.00,0.00,0.50,0.00,-0.00,0.00,0
1.39601,-2,41,154,0,DRIVE [ 11 ] [ 1 ] [ 1512 1447 1882 ] [    0    0    0 ] [      0      0      0 ] [ 0 ],drive [ 10 ] [ 1 ] [ 1538 1435 1882 ] [   52   52    5 ] [   6390  17467  10916 ] [ 0 ],1.10,1.10,1.10,1.10,-2.65,44.79,0.00,0.50,0.50,0.50,0.50,-0.70,3.51,0.00,0.00,0.00,0.00,0.50,0.00,-0.00,0.00,0
1.40746,-1,40,150,0,DRIVE [ 11 ] [ 1 ] [ 1484 1458 1882 ] [    0    0    0 ] [      0      0      0 ] [ 0 ],drive [ 11 ] [ 1 ] [ 1512 1447 1882 ] [   38   59    3 ] [   6390  17467  10916 ] [ 0 ],1.10,1.10,1.10,1.10,-0.58,44.19,0.00,0.50,0.50,0.50,0.50,-0.70,3.92,0.00,0.00,0.00,0.00,0.50,0.00,-0.00,0.00,0
1.41816,1,40,146,0,DRIVE [ 12 ] [ 1 ] [ 1455 1467 1882 ] [    0    0    0 ] [      0      0      0 ] [ 0 ],drive [ 11 ] [ 1 ] [ 1484 1458 1882 ] [   38   59    3 ] [   6390  17467  10916 ] [ 0 ],1.10,1.10,1.10,1.10,1.26,43.63,0.00,0.50,0.50,0.50,0.50,-0.68,4.32,0.00,0.00,0.00,0.00,0.50,-0.00,-0.00,0.00,0
1.42963,3,39,142,0,DRIVE [ 12 ] [ 1 ] [ 1427 1471 1882 ] [    0    0    0 ] [      0      0      0 ] [ 0 ],drive [ 12 ] [ 1 ] [ 1455 1467 1882 ] [   38   59    3 ] [   6390  17467  10916 ] [ 0 ],1.10,1.10,1.10,1.10,2.81,43.22,0.00,0.50,0.50,0.50,0.50,-0.66,4.73,0.00,0.00,0.00,0.00,0.50,-0.00,-0.00,0.00,0
1.44083,4,39,139,0,DRIVE [ 13 ] [ 1 ] [ 1401 1472 1882 ] [    0    0    0 ] [      0      0      0 ] [ 0 ],drive [ 12 ] [ 1 ] [ 1427 1471 1882 ] [   38   59    3 ] [   6623  17360  10896 ] [ 0 ],1.10,1.10,1.10,1.10,3.96,42.89,0.00,0.50,0.50,0.50,0.50,-0.63,5.13,0.00,0.00,0.00,0.00,0.50,-0.00,-0.00,0.00,0
1.45194,4,39,135,0,DRIVE [ 13 ] [ 1 ] [ 1377 1468 1882 ] [    0    0    0 ] [      0      0      0 ] [ 0 ],drive [ 13 ] [ 1 ] [ 1401 1472 1882 ] [   44   60   25 ] [   6623  17360  10896 ] [ 0 ],1.10,1.10,1.10,1.10,4.78,42.66,0.00,0.50,0.50,0.50,0.50,-0.59,5.52,0.00,0.00,0.00,0.00,0.50,-0.00,-0.00,0.00,0
1.46276,5,39,132,0,DRIVE [ 14 ] [ 1 ] [ 1359 1458 1882 ] [    0    0    0 ] [      0      0      0 ] [ 0 ],drive [ 13 ] [ 1 ] [ 1377 1468 1882 ] [   44   60   25 ] [   6623  17360  10896 ] [ 0 ],1.10,1.10,1.10,1.10,5.04,42.40,0.00,0.50,0.50,0.50,0.50,-0.56,5.92,0.00,0.00,0.00,0.00,0.50,-0.00,-0.00,0.00,0
1.47385,4,38,128,0,DRIVE [ 14 ] [ 1 ] [ 1349 1443 1882 ] [    0    0    0 ] [      0      0      0 ] [ 0 ],drive [ 14 ] [ 1 ] [ 1359 1458 1882 ] [   44   60   25 ] [   6623  17360  10896 ] [ 0 ],1.10,1.10,1.10,1.10,4.67,42.06,0.00,0.50,0.50,0.50,0.50,-0.54,6.31,0.00,0.00,0.00,0.00,0.50,-0.00,-0.00,0.00,0
1.48427,3,38,125,0,DRIVE [ 15 ] [ 1 ] [ 1349 1422 1882 ] [    0    0    0 ] [      0      0      0 ] [ 0 ],drive [ 14 ] [ 1 ] [ 1349 1443 1882 ] [   44   60   25 ] [   7389  17277  10559 ] [ 0 ],1.10,1.10,1.10,1.10,3.68,41.60,0.00,0.50,0.50,0.50,0.50,-0.53,6.69,0.00,0.00,0.00,0.00,0.50,-0.00,-0.00,0.00,0
1.49539,2,37,122,0,DRIVE [ 15 ] [ 1 ] [ 1363 1400 1882 ] [    0    0    0 ] [      0      0      0 ] [ 0 ],drive [ 15 ] [ 1 ] [ 1349 1422 1882 ] [   44   60   25 ] [   7389  17277  10559 ] [ 0 ],1.10,1.10,1.10,1.10,2.11,40.54,0.00,0.50,0.50,0.50,0.50,-0.54,7.06,0.00,0.00,0.00,0.00,0.50,-0.00,-0.00,0.00,0
1.50628,0,35,119,0,DRIVE [ 16 ] [ 1 ] [ 1388 1376 1882 ] [    0    0    0 ] [      0      0      0 ] [ 0 ],drive [ 15 ] [ 1 ] [ 1363 1400 1882 ] [   55   50    3 ] [   7389  17277  10559 ] [ 0 ],1.10,1.10,1.10,1.10,0.10,38.93,0.00,0.50,0.50,0.50,0.50,-0.57,7.41,0.00,0.00,0.00,0.00,0.50,-0.00,-0.00,0.00,0
1.51696,-2,34,116,0,DRIVE [ 16 ] [ 1 ] [ 1425 1351 1882 ] [    0    0    0 ] [      0      0      0 ] [ 0 ],drive [ 16 ] [ 1 ] [ 1388 1376 1882 ] [   55   50    3 ] [   7389  17277  10559 ] [ 0 ],1.10,1.10,1.10,1.10,-2.32,36.90,0.00,0.50,0.50,0.50,0.50,-0.62,7.73,0.00,0.00,0.00,0.00,0.50,0.00,-0.00,0.00,0
1.52727,-4,31,114,0,DRIVE [ 17 ] [ 1 ] [ 1469 1325 1882 ] [    0    0    0 ] [      0      0      0 ] [ 0 ],drive [ 16 ] [ 1 ] [ 1425 1351 1882 ] [   55   50    3 ] [   7389  17277  10559 ] [ 0 ],1.10,1.10,1.10,1.10,-4.90,34.53,0.00,0.50,0.50,0.50,0.50,-0.70,8.03,0.00,0.00,0.00,0.00,0.50,0.00,-0.00,0.00,0
1.53793,-7,29,112,0,DRIVE [ 17 ] [ 1 ] [ 1519 1297 1882 ] [    0    0    0 ] [      0      0      0 ] [ 0 ],drive [ 17 ] [ 1 ] [ 1469 1325 1882 ] [   55   50    3 ] [   7985  17280  10030 ] [ 0 ],1.10,1.10,1.10,1.10,-7.59,31.96,0.00,0.50,0.50,0.50,0.50,-0.80,8.31,0.00,0.00,0.00,0.00,0.50,0.00,-0.00,0.00,0
1.54841,-9,27,109,0,DRIVE [ 18 ] [ 1 ] [ 1567 1266 1882 ] [    0    0    0 ] [      0      0      0 ] [ 0 ],drive [ 17 ] [ 1 ] [ 1519 1297 1882 ] [   68   66    4 ] [   7985  17280  10030 ] [ 0 ],1.10,1.10,1.10,1.10,-10.11,29.33,0.00,0.50,0.50,0.50,0.50,-0.92,8.56,0.00,0.00,0.00,0.00,0.50,0.00,-0.00,0.00,0
1.55952,-11,25,107,0,DRIVE [ 18 ] [ 1 ] [ 1611 1233 1882 ] [    0    0    0 ] [      0      0      0 ] [ 0 ],drive [ 18 ] [ 1 ] [ 1567 1266 1882 ] [   68   66    4 ] [   7985  17280  10030 ] [ 0 ],1.10,1.10,1.10,1.10,-12.41,27.04,0.00,0.50,0.50,0.50,0.50,-1.06,8.80,0.00,0.00,0.00,0.00,0.50,0.00,-0.00,0.00,0
1.57047,-13,23,105,0,DRIVE [ 19 ] [ 1 ] [ 1648 1198 1882 ] [    0    0    0 ] [      0      0      0 ] [ 0 ],drive [ 18 ] [ 1 ] [ 1611 1233 1882 ] [   68   66    4 ] [   7985  17280  10030 ] [ 0 ],1.10,1.10,1.10,1.10,-14.37,25.04,0.00,0.50,0.50,0.50,0.50,-1.21,9.02,0.00,0.00,0.00,0.00,0.50,0.00,-0.00,0.00,0
1.58094,-15,21,103,0,DRIVE [ 19 ] [ 1 ] [ 1677 1160 1882 ] [    0    0    0 ] [      0      0      0 ] [ 0 ],drive [ 19 ] [ 1 ] [ 1648 1198 1882 ] [   68   66    4 ] [   7985  17280  10030 ] [ 0 ],1.10,1.10,1.10,1.10,-16.02,23.43,0.00,0.50,0.50,0.50,0.50,-1.37,9.23,0.00,0.00,0.00,0.00,0.50,0.00,-0.00,0.00,0
1.59191,-16,20,100,0,DRIVE [ 20 ] [ 1 ] [ 1701 1121 1882 ] [    0    0    0 ] [      0      0      0 ] [ 0 ],drive [ 19 ] [ 1 ] [ 1677 1160 1882 ] [   68   66    4 ] [   7972  17314   9992 ] [ 0 ],1.10,1.10,1.10,1.10,-17.39,22.10,0.00,0.50,0.50,0.50,0.50,-1.54,9.43,0.00,0.00,0.00,0.00,0.50,0.00,-0.00,0.00,0
1.60294,-17,19,98,0,DRIVE [ 20 ] [ 1 ] [ 1719 1084 1882 ] [    0    0    0 ] [      0      0      0 ] [ 0 ],drive [ 20 ] [ 1 ] [ 1701 1121 1882 ] [   35   73    4 ] [   7972  17314   9992 ] [ 0 ],1.10,1.10,1.10,1.10,-18.45,21.05,0.00,0.50,0.50,0.50,0.50,-1.71,9.63,0.00,0.00,0.00,0.00,0.50,0.00,-0.00,0.00,0
1.61327,-17,18,96,0,DRIVE [ 21 ] [ 1 ] [ 1732 1051 1882 ] [    0    0    0 ] [      0      0      0 ] [ 0 ],drive [ 20 ] [ 1 ] [ 1719 1084 1882 ] [   35   73    4 ] [   7972  17314   9992 ] [ 0 ],1.10,1.10,1.10,1.10,-19.16,20.17,0.00,0.50,0.50,0.50,0.50,-1.89,9.82,0.00,0.00,0.00,0.00,0.50,0.00,-0.00,0.00,0
1.62408,-18,18,94,0,DRIVE [ 21 ] [ 1 ] [ 1742 1025 1882 ] [    0    0    0 ] [      0      0      0 ] [ 0 ],drive [ 21 ] [ 1 ] [ 1732 1051 1882 ] [   35   73    4 ] [   7972  17314   9992 ] [ 0 ],1.10,1.10,1.10,1.10,-19.62,19.44,0.00,0.50,0.50,0.50,0.50,-2.07,10.00,0.00,0.00,0.00,0.00,0.50,0.00,-0.00,0.00,0
1.64115,-18,17,92,0,DRIVE [ 22 ] [ 1 ] [ 1750 1025 1882 ] [    0    0    0 ] [      0      0      0 ] [ 0 ],drive [ 21 ] [ 1 ] [ 1742 1025 1882 ] [   35   73    4 ] [   7929  17528   9933 ] [ 0 ],1.10,1.10,1.10,1.10,-19.92,18.75,0.00,0.50,0.50,0.50,0.50,-2.25,10.18,0.00,0.00,0.00,0.00,0.50,0.00,-0.00,0.00,0
1.65264,-18,16,90,0,DRIVE [ 22 ] [ 1 ] [ 1756 1025 1882 ] [    0    0    0 ] [      0      0      0 ] [ 0 ],drive [ 22 ] [ 1 ] [ 1750 1025 1882 ] [   25  104    2 ] [   7929  17528   9933 ] [ 0 ],1.10,1.10,1.10,1.10,-20.13,18.12,0.00,0.50,0.50,0.50,0.50,-2.43,10.35,0.00,0.00,0.00,0.00,0.50,0.00,-0.00,0.00,0
1.66303,-18,16,88,0,DRIVE [ 23 ] [ 1 ] [ 1763 1025 1882 ] [    0    0    0 ] [      0      0      0 ] [ 0 ],drive [ 22 ] [ 1 ] [ 1756 1025 1882 ] [   25  104    2 ] [   7929  17528   9933 ] [ 0 ],1.10,1.10,1.10,1.10,-20.26,17.43,0.00,0.50,0.50,0.50,0.50,-2.62,10.51,0.00,0.00,0.00,0.00,0.50,0.00,-0.00,0.00,0
1.6741,-18,15,86,0,DRIVE [ 23 ] [ 1 ] [ 1771 1025 1882 ] [    0    0    0 ] [      0      0      0 ] [ 0 ],drive [ 23 ] [ 1 ] [ 1763 1025 1882 ] [   25  104    2 ] [   7929  17528   9933 ] [ 0 ],1.10,1.10,1.10,1.10,-20.21,16.60,0.00,0.50,0.50,0.50,0.50,-2.80,10.67,0.00,0.00,0.00,0.00,0.50,0.00,-0.00,0.00,0
1.68462,-18,14,85,0,DRIVE [ 24 ] [ 1 ] [ 1779 1025 1882 ] [    0    0    0 ] [      0      0      0 ] [ 0 ],drive [ 23 ] [ 1 ] [ 1771 1025 1882 ] [   25  104    2 ] [   7909  17763   9744 ] [ 0 ],1.10,1.10,1.10,1.10,-20.03,15.65,0.00,0.50,0.50,0.50,0.50,-2.97,10.81,0.00,0.00,0.00,0.00,0.50,0.00,-0.00,0.00,0
1.69597,-18,13,83,0,DRIVE [ 24 ] [ 1 ] [ 1787 1025 1882 ] [    0    0    0 ] [      0      0      0 ] [ 0 ],drive [ 24 ] [ 1 ] [ 1779 1025 1882 ] [   25  104    2 ] [   7909  17763   9744 ] [ 0 ],1.10,1.10,1.10,1.10,-19.76,14.70,0.00,0.50,0.50,0.50,0.50,-3.15,10.95,0.00,0.00,0.00,0.00,0.50,0.00,-0.00,0.00,0
1.70687,-18,13,81,0,DRIVE [ 25 ] [ 1 ] [ 1796 1025 1882 ] [    0    0    0 ] [      0      0      0 ] [ 0 ],drive [ 24 ] [ 1 ] [ 1787 1025 1882 ] [   23  103   27 ] [   7909  17763   9744 ] [ 0 ],1.10,1.10,1.10,1.10,-19.56,13.76,0.00,0.50,0.50,0.50,0.50,-3.32,11.08,0.00,0.00,0.00,0.00,0.50,0.00,-0.00,0.00,0
1.71801,-18,12,79,0,DRIVE [ 25 ] [ 1 ] [ 1805 1025 1882 ] [    0    0    0 ] [      0      0      0 ] [ 0 ],drive [ 25 ] [ 1 ] [ 1796 1025 1882 ] [   23  103   27 ] [   7909  17763   9744 ] [ 0 ],1.10,1.10,1.10,1.10,-19.53,12.93,0.00,0.50,0.50,0.50,0.50,-3.50,11.20,0.00,0.00,0.00,0.00,0.50,0.00,-0.00,0.00,0
1.72869,-18,11,77,0,DRIVE [ 26 ] [ 1 ] [ 1817 1025 1882 ] [    0    0    0 ] [      0      0      0 ] [ 0 ],drive [ 25 ] [ 1 ] [ 1805 1025 1882 ] [   23  103   27 ] [   7909  17763   9744 ] [ 0 ],1.10,1.10,1.10,1.10,-19.73,12.13,0.00,0.50,0.50,0.50,0.50,-3.68,11.31,0.00,0.00,0.00,0.00,0.50,0.00,-0.00,0.00,0
1.73947,-18,10,75,0,DRIVE [ 26 ] [ 1 ] [ 1831 1025 1882 ] [    0    0    0 ] [      0      0      0 ] [ 0 ],drive [ 26 ] [ 1 ] [ 1817 1025 1882 ] [   23  103   27 ] [   7897  17760   9633 ] [ 0 ],1.10,1.10,1.10,1.10,-20.11,11.38,0.00,0.50,0.50,0.50,0.50,-3.86,11.42,0.00,0.00,0.00,0.00,0.50,0.00,-0.00,0.00,0
1.74992,-19,10,73,0,DRIVE [ 27 ] [ 1 ] [ 1845 1025 1882 ] [    0    0    0 ] [      0      0      0 ] [ 0 ],drive [ 26 ] [ 1 ] [ 1831 1025 1882 ] [   28  104   26 ] [   7897  17760   9633 ] [ 0 ],1.10,1.10,1.10,1.10,-20.58,10.76,0.00,0.50,0.50,0.50,0.50,-4.05,11.52,0.00,0.00,0.00,0.00,0.50,0.00,-0.00,0.00,0
1.76085,-19,9,71,0,DRIVE [ 27 ] [ 1 ] [ 1858 1025 1882 ] [    0    0    0 ] [      0      0      0 ] [ 0 ],drive [ 27 ] [ 1 ] [ 1845 1025 1882 ] [   28  104   26 ] [   7897  17760   9633 ] [ 0 ],1.10,1.10,1.10,1.10,-21.11,10.25,0.00,0.50,0.50,0.50,0.50,-4.25,11.62,0.00,0.00,0.00,0.00,0.50,0.00,-0.00,0.00,0
1.77165,-20,9,69,0,DRIVE [ 28 ] [ 1 ] [ 1870 1025 1882 ] [    0    0    0 ] [      0      0      0 ] [ 0 ],drive [ 27 ] [ 1 ] [ 1858 1025 1882 ] [   28  104   26 ] [   7897  17760   9633 ] [ 0 ],1.10,1.10,1.10,1.10,-21.59,9.84,0.00,0.50,0.50,0.50,0.50,-4.45,11.71,0.00,0.00,0.00,0.00,0.50,0.00,-0.00,0.00,0
1.78184,-20,9,67,0,DRIVE [ 28 ] [ 1 ] [ 1880 1025 1882 ] [    0    0    0 ] [      0      0      0 ] [ 0 ],drive [ 28 ] [ 1 ] [ 1870 1025 1882 ] [   28  104   26 ] [   7897  17760   9633 ] [ 0 ],1.10,1.10,1.10,1.10,-21.93,9.49,0.00,0.50,0.50,0.50,0.50,-4.65,11.81,0.00,0.00,0.00,0.00,0.50,0.00,-0.00,0.00,0
1.79268,-20,8,66,0,DRIVE [ 29 ] [ 1 ] [ 1887 1025 1882 ] [    0    0    0 ] [      0      0      0 ] [ 0 ],drive [ 28 ] [ 1 ] [ 1880 1025 1882 ] [   28  104   26 ] [   7821  17762   9530 ] [ 0 ],1.10,1.10,1.10,1.10,-22.16,9.21,0.00,0.50,0.50,0.50,0.50,-4.85,11.90,0.00,0.00,0.00,0.00,0.50,0.00,-0.00,0.00,0
1.80362,-20,8,64,0,DRIVE [ 29 ] [ 1 ] [ 1893 1025 1882 ] [    0    0    0 ] [      0      0      0 ] [ 0 ],drive [ 29 ] [ 1 ] [ 1887 1025 1882 ] [   30  103   24 ] [   7821  17762   9530 ] [ 0 ],1.10,1.10,1.10,1.10,-22.30,9.01,0.00,0.50,0.50,0.50,0.50,-5.05,11.99,0.00,0.00,0.00,0.00,0.50,0.00,-0.00,0.00,0
1.81372,-20,8,64,0,DRIVE [ 30 ] [ 1 ] [ 1895 1025 1882 ] [    0    0    0 ] [      0      0      0 ] [ 0 ],drive [ 29 ] [ 1 ] [ 1893 1025 1882 ] [   30  103   24 ] [   7821  17762   9530 ] [ 0 ],1.10,1.10,1.10,1.10,-20.07,8.11,0.00,0.50,0.50,0.50,0.50,-4.54,10.79,0.00,0.00,0.00,0.00,0.50,0.00,-0.00,0.00,0
1.82455,-20,8,64,0,DRIVE [ 30 ] [ 1 ] [ 1898 1025 1882 ] [    0    0    0 ] [      0      0      0 ] [ 0 ],drive [ 30 ] [ 1 ] [ 1895 1025 1882 ] [   30  103   24 ] [   7821  17762   9530 ] [ 0 ],1.10,1.10,1.10,1.10,-18.06,7.30,0.00,0.50,0.50,0.50,0.50,-4.09,9.71,0.00,0.00,0.00,0.00,0.50,0.00,-0.00,0.00,0
1.83518,-20,8,64,0,DRIVE [ 31 ] [ 1 ] [ 1901 1025 1882 ] [    0    0    0 ] [      0      0      0 ] [ 0 ],drive [ 30 ] [ 1 ] [ 1898 1025 1882 ] [   30  103   24 ] [   7730  17833   9367 ] [ 0 ],1.10,1.10,1.10,1.10,-16.25,6.57,0.00,0.50,0.50,0.50,0.50,-3.68,8.74,0.00,0.00,0.00,0.00,0.50,0.00,-0.00,0.00,0
1.84512,-20,8,64,0,DRIVE [ 31 ] [ 1 ] [ 1903 1025 1882 ] [    0    0    0 ] [      0      0      0 ] [ 0 ],drive [ 31 ] [ 1 ] [ 1901 1025 1882 ] [   30  103   24 ] [   7730  17833   9367 ] [ 0 ],1.10,1.10,1.10,1.10,-14.63,5.91,0.00,0.50,0.50,0.50,0.50,-3.31,7.86,0.00,0.00,0.00,0.00,0.50,0.00,-0.00,0.00,0
1.85567,-20,8,64,0,DRIVE [ 32 ] [ 1 ] [ 1905 1039 1882 ] [    0    0    0 ] [      0      0      0 ] [ 0 ],drive [ 31 ] [ 1 ] [ 1903 1025 1882 ] [   12   84    8 ] [   7730  17833   9367 ] [ 0 ],1.10,1.10,1.10,1.10,-13.17,5.32,0.00,0.50,0.50,0.50,0.50,-2.98,7.08,0.00,0.00,0.00,0.00,0.50,0.00,-0.00,0.00,0
1.86666,-20,8,64,0,DRIVE [ 32 ] [ 1 ] [ 1907 1123 1882 ] [    0    0    0 ] [      0      0      0 ] [ 0 ],drive [ 32 ] [ 1 ] [ 1905 1039 1882 ] [   12   84    8 ] [   7730  17833   9367 ] [ 0 ],1.10,1.10,1.10,1.10,-11.85,4.79,0.00,0.50,0.50,0.50,0.50,-2.68,6.37,0.00,0.00,0.00,0.00,0.50,0.00,-0.00,0.00,0
1.87643,-20,8,64,0,DRIVE [ 33 ] [ 1 ] [ 1909 1200 1882 ] [    0    0    0 ] [      0      0      0 ] [ 0 ],drive [ 32 ] [ 1 ] [ 1907 1123 1882 ] [   12   84    8 ] [   7730  17833   9367 ] [ 0 ],1.10,1.10,1.10,1.10,-10.66,4.31,0.00,0.50,0.50,0.50,0.50,-2.41,5.73,0.00,0.00,0.00,0.00,0.50,0.00,-0.00,0.00,0
1.88627,-20,8,64,0,DRIVE [ 33 ] [ 1 ] [ 1910 1270 1882 ] [    0    0    0 ] [      0      0      0 ] [ 0 ],drive [ 33 ] [ 1 ] [ 1909 1200 1882 ] [   12   84    8 ] [   7729  17830   9310 ] [ 0 ],1.10,1.10,1.10,1.10,-9.60,3.88,0.00,0.50,0.50,0.50,0.50,-2.17,5.16,0.00,0.00,0.00,0.00,0.50,0.00,-0.00,0.00,0
1.89653,-20,8,64,0,DRIVE [ 34 ] [ 1 ] [ 1912 1333 1882 ] [    0    0    0 ] [      0      0      0 ] [ 0 ],drive [ 33 ] [ 1 ] [ 1910 1270 1882 ] [   12   84    8 ] [   7729  17830   9310 ] [ 0 ],1.10,1.10,1.10,1.10,-8.64,3.49,0.00,0.50,0.50,0.50,0.50,-1.96,4.64,0.00,0.00,0.00,0.00,0.50,0.00,-0.00,0.00,0
1.90679,-20,8,64,0,DRIVE [ 34 ] [ 1 ] [ 1913 1391 1882 ] [    0    0    0 ] [      0      0      0 ] [ 0 ],drive [ 34 ] [ 1 ] [ 1912 1333 1882 ] [    9   71   10 ] [   7729  17830   9310 ] [ 0 ],1.10,1.10,1.10,1.10,-7.77,3.14,0.00,0.50,0.50,0.50,0.50,-1.76,4.18,0.00,0.00,0.00,0.00,0.50,0.00,-0.00,0.00,0
1.91698,-20,8,64,0,DRIVE [ 35 ] [ 1 ] [ 1914 1444 1882 ] [    0    0    0 ] [      0      0      0 ] [ 0 ],drive [ 34 ] [ 1 ] [ 1913 1391 1882 ] [    9   71   10 ] [   7729  17830   9310 ] [ 0 ],1.10,1.10,1.10,1.10,-7.00,2.83,0.00,0.50,0.50,0.50,0.50,-1.58,3.76,0.00,0.00,0.00,0.00,0.50,0.00,-0.00,0.00,0
1.92705,-20,8,64,1,DRIVE [ 35 ] [ 1 ] [ 1916 1491 1882 ] [    0    0    0 ] [      0      0      0 ] [ 0 ],drive [ 35 ] [ 1 ] [ 1914 1444 1882 ] [    9   71   10 ] [   7729  17830   9310 ] [ 0 ],1.10,1.10,1.10,1.10,-6.30,2.55,0.00,0.50,0.50,0.50,0.50,-1.43,3.39,0.00,0.00,0.00,0.00,0.50,0.00,-0.00,0.00,0
