timestamp,Xmm,Ymm,Zmm,TouchDetected,OutgoingPacket,IncomingPacket,GainPropAb, GainPropAd, GainPropFl, GainPropEx,PropA, PropB, PropC,GainIntegAb, GainIntegAd, GainIntegFl, GainIntegEx,IntegA, IntegB, IntegC,GainDerivAb, GainDerivAd, GainDerivFl, GainDerivEx,DerivA, DerivB, DerivC,Heading5
1.26941,20,-91,602,1,DRIVE [ 79 ] [ 1 ] [ 1881 1926 1154 ] [    0    0    0 ] [      0      0      0 ] [ 0 ],drive [ 79 ] [ 1 ] [ 1877 1926 1078 ] [   21   21  107 ] [   5058  14592  13995 ] [ 0 ],1.10,1.10,1.10,1.10,1.85,-16.07,0.00,0.50,0.50,0.50,0.50,0.44,-2.13,0.00,0.00,0.00,0.00,0.50,-0.00,0.00,0.00,0
0.0013396,20,-91,602,0,DRIVE [ 46 ] [ 1 ] [ 1926 1837 1885 ] [    0    0    0 ] [      0      0      0 ] [ 0 ],drive [ 46 ] [ 1 ] [ 1876 1837 1435 ] [   15   27   51 ] [   3407  14793  14323 ] [ 0 ],1.10,1.10,1.10,1.10,19.83,-90.58,0.00,0.50,0.50,0.50,0.50,0.20,-0.35,0.00,0.00,0.00,0.00,0.50,0.00,0.00,0.00,0
0.0173482,20,-91,602,0,DRIVE [ 47 ] [ 1 ] [ 1926 1837 1885 ] [    0    0    0 ] [      0      0      0 ] [ 0 ],drive [ 46 ] [ 1 ] [ 1926 1837 1885 ] [   15   27   51 ] [   3407  14793  14323 ] [ 0 ],1.10,1.10,1.10,1.10,17.85,-81.52,0.00,0.50,0.50,0.50,0.50,0.18,-0.31,0.00,0.00,0.00,0.00,0.50,0.00,0.00,0.00,0
0.032331,21,-83,594,0,DRIVE [ 47 ] [ 1 ] [ 1925 1837 1878 ] [    0    0    0 ] [      0      0      0 ] [ 0 ],drive [ 47 ] [ 1 ] [ 1926 1837 1885 ] [   15   27   51 ] [   3407  14793  14323 ] [ 0 ],1.10,1.10,1.10,1.10,23.08,-91.31,0.00,0.50,0.50,0.50,0.50,0.00,0.00,0.00,0.00,0.00,0.00,0.50,0.00,0.00,0.00,0
0.0484058,21,-82,594,0,DRIVE [ 48 ] [ 1 ] [ 1924 1837 1872 ] [    0    0    0 ] [      0      0      0 ] [ 0 ],drive [ 47 ] [ 1 ] [ 1925 1837 1878 ] [   15   27   51 ] [   3403  14788  14328 ] [ 0 ],1.10,1.10,1.10,1.10,23.58,-90.56,0.00,0.50,0.50,0.50,0.50,0.00,0.00,0.00,0.00,0.00,0.00,0.50,-0.00,0.00,0.00,0
0.0635578,21,-81,588,0,DRIVE [ 48 ] [ 1 ] [ 1923 1837 1866 ] [    0    0    0 ] [      0      0      0 ] [ 0 ],drive [ 48 ] [ 1 ] [ 1924 1837 1872 ] [   10   23   29 ] [   3403  14788  14328 ] [ 0 ],1.10,1.10,1.10,1.10,23.48,-88.98,0.00,0.50,0.50,0.50,0.50,0.00,0.00,0.00,0.00,0.00,0.00,0.50,-0.00,0.00,0.00,0
0.077899,22,-80,587,0,DRIVE [ 49 ] [ 1 ] [ 1922 1837 1860 ] [    0    0    0 ] [      0      0      0 ] [ 0 ],drive [ 48 ] [ 1 ] [ 1923 1837 1866 ] [   10   23   29 ] [   3403  14788  14328 ] [ 0 ],1.10,1.10,1.10,1.10,23.69,-88.24,0.00,0.50,0.50,0.50,0.50,0.00,0.00,0.00,0.00,0.00,0.00,0.50,-0.00,0.00,0.00,0
0.0939989,22,-82,590,0,DRIVE [ 49 ] [ 1 ] [ 1921 1837 1853 ] [    0    0    0 ] [      0      0      0 ] [ 0 ],drive [ 49 ] [ 1 ] [ 1922 1837 1860 ] [   10   23   29 ] [   3405  14787  13913 ] [ 0 ],1.10,1.10,1.10,1.10,24.55,-90.30,0.00,0.50,0.50,0.50,0.50,0.00,0.00,0.00,0.00,0.00,0.00,0.50,0.00,0.00,0.00,0
0.10845,24,-87,590,0,DRIVE [ 50 ] [ 1 ] [ 1920 1837 1845 ] [    0    0    0 ] [      0      0      0 ] [ 0 ],drive [ 49 ] [ 1 ] [ 1921 1837 1853 ] [   10   23   31 ] [   3405  14787  13913 ] [ 0 ],1.10,1.10,1.10,1.10,26.17,-95.46,0.00,0.50,0.50,0.50,0.50,0.00,0.00,0.00,0.00,0.00,0.00,0.50,0.00,0.00,0.00,0
0.125317,25,-90,585,0,DRIVE [ 50 ] [ 1 ] [ 1919 1837 1836 ] [    0    0    0 ] [      0      0      0 ] [ 0 ],drive [ 50 ] [ 1 ] [ 1920 1837 1845 ] [   10   23   31 ] [   3405  14787  13913 ] [ 0 ],1.10,1.10,1.10,1.10,27.84,-99.11,0.00,0.50,0.50,0.50,0.50,0.00,0.00,0.00,0.00,0.00,0.00,0.50,0.00,0.00,0.00,0
0.142017,27,-93,583,0,DRIVE [ 51 ] [ 1 ] [ 1917 1837 1827 ] [    0    0    0 ] [      0      0      0 ] [ 0 ],drive [ 50 ] [ 1 ] [ 1919 1837 1836 ] [   10   23   31 ] [   3406  14781  13894 ] [ 0 ],1.10,1.10,1.10,1.10,29.61,-102.38,0.00,0.50,0.50,0.50,0.50,0.00,0.00,0.00,0.00,0.00,0.00,0.50,0.00,0.00,0.00,0
0.161117,-193,-142,591,0,DRIVE [ 51 ] [ 1 ] [ 1917 1847 1780 ] [    0    0    0 ] [      0      0      0 ] [ 0 ],drive [ 51 ] [ 1 ] [ 1917 1837 1827 ] [   11    7   23 ] [   3406  14781  13894 ] [ 0 ],1.10,1.10,1.10,1.10,-212.13,-156.42,0.00,0.50,0.50,0.50,0.50,0.00,0.00,0.00,0.00,0.00,0.00,0.50,0.00,0.00,0.00,0
0.17654,-185,-139,574,0,DRIVE [ 52 ] [ 1 ] [ 1917 1838 1766 ] [    0    0    0 ] [      0      0      0 ] [ 0 ],drive [ 51 ] [ 1 ] [ 1917 1847 1780 ] [   11    7   23 ] [   3406  14781  13894 ] [ 0 ],1.10,1.10,1.10,1.10,-203.01,-152.75,0.00,0.50,0.50,0.50,0.50,0.00,0.00,0.00,0.00,0.00,0.00,0.50,0.00,0.00,0.00,0
0.191093,-186,-142,585,0,DRIVE [ 52 ] [ 1 ] [ 1917 1831 1754 ] [    0    0    0 ] [      0      0      0 ] [ 0 ],drive [ 52 ] [ 1 ] [ 1917 1838 1766 ] [   11    7   23 ] [   3407  14690  13882 ] [ 0 ],1.10,1.10,1.10,1.10,-204.62,-156.06,0.00,0.50,0.50,0.50,0.50,0.00,0.00,0.00,0.00,0.00,0.00,0.50,0.00,0.00,0.00,0
0.207234,-181,-139,579,0,DRIVE [ 53 ] [ 1 ] [ 1917 1824 1745 ] [    0    0    0 ] [      0      0      0 ] [ 0 ],drive [ 52 ] [ 1 ] [ 1917 1831 1754 ] [   11   33   14 ] [   3407  14690  13882 ] [ 0 ],1.10,1.10,1.10,1.10,-199.47,-153.06,0.00,0.50,0.50,0.50,0.50,0.00,0.00,0.00,0.00,0.00,0.00,0.50,0.00,0.00,0.00,0
0.221461,-181,-139,584,0,DRIVE [ 53 ] [ 1 ] [ 1917 1817 1734 ] [    0    0    0 ] [      0      0      0 ] [ 0 ],drive [ 53 ] [ 1 ] [ 1917 1824 1745 ] [   11   33   14 ] [   3407  14690  13882 ] [ 0 ],1.10,1.10,1.10,1.10,-199.59,-153.13,0.00,0.50,0.50,0.50,0.50,0.00,0.00,0.00,0.00,0.00,0.00,0.50,0.00,0.00,0.00,0
0.23583,-178,-137,583,0,DRIVE [ 54 ] [ 1 ] [ 1917 1811 1726 ] [    0    0    0 ] [      0      0      0 ] [ 0 ],drive [ 53 ] [ 1 ] [ 1917 1817 1734 ] [   11   33   14 ] [   3408  14692  13818 ] [ 0 ],1.10,1.10,1.10,1.10,-196.20,-151.02,0.00,0.50,0.50,0.50,0.50,0.00,0.00,0.00,0.00,0.00,0.00,0.50,0.00,0.00,0.00,0
0.25259,-173,-134,575,0,DRIVE [ 54 ] [ 1 ] [ 1917 1805 1718 ] [    0    0    0 ] [      0      0      0 ] [ 0 ],drive [ 54 ] [ 1 ] [ 1917 1811 1726 ] [   17   34   36 ] [   3408  14692  13818 ] [ 0 ],1.10,1.10,1.10,1.10,-190.84,-147.53,0.00,0.50,0.50,0.50,0.50,0.00,0.00,0.00,0.00,0.00,0.00,0.50,0.00,0.00,0.00,0
0.268995,-171,-133,576,0,DRIVE [ 55 ] [ 1 ] [ 1917 1799 1708 ] [    0    0    0 ] [      0      0      0 ] [ 0 ],drive [ 54 ] [ 1 ] [ 1917 1805 1718 ] [   17   34   36 ] [   3408  14692  13818 ] [ 0 ],1.10,1.10,1.10,1.10,-187.71,-146.36,0.00,0.50,0.50,0.50,0.50,0.00,0.00,0.00,0.00,0.00,0.00,0.50,0.00,0.00,0.00,0
0.283986,-165,-130,569,0,DRIVE [ 55 ] [ 1 ] [ 1917 1794 1699 ] [    0    0    0 ] [      0      0      0 ] [ 0 ],drive [ 55 ] [ 1 ] [ 1917 1799 1708 ] [   17   34   36 ] [   3425  14694  13819 ] [ 0 ],1.10,1.10,1.10,1.10,-181.27,-143.01,0.00,0.50,0.50,0.50,0.50,0.00,0.00,0.00,0.00,0.00,0.00,0.50,0.00,0.00,0.00,0
0.29868,-161,-128,567,0,DRIVE [ 56 ] [ 1 ] [ 1917 1790 1691 ] [    0    0    0 ] [      0      0      0 ] [ 0 ],drive [ 55 ] [ 1 ] [ 1917 1794 1699 ] [   23   36   37 ] [   3425  14694  13819 ] [ 0 ],1.10,1.10,1.10,1.10,-176.56,-140.96,0.00,0.50,0.50,0.50,0.50,0.00,0.00,0.00,0.00,0.00,0.00,0.50,0.00,0.00,0.00,0
0.313196,-155,-125,558,0,DRIVE [ 56 ] [ 1 ] [ 1917 1787 1684 ] [    0    0    0 ] [      0      0      0 ] [ 0 ],drive [ 56 ] [ 1 ] [ 1917 1790 1691 ] [   23   36   37 ] [   3425  14694  13819 ] [ 0 ],1.10,1.10,1.10,1.10,-170.32,-137.33,0.00,0.50,0.50,0.50,0.50,0.00,0.00,0.00,0.00,0.00,0.00,0.50,0.00,0.00,0.00,0
0.327564,-149,-121,550,0,DRIVE [ 57 ] [ 1 ] [ 1917 1784 1677 ] [    0    0    0 ] [      0      0      0 ] [ 0 ],drive [ 56 ] [ 1 ] [ 1917 1787 1684 ] [   23   36   37 ] [   3425  14694  13819 ] [ 0 ],1.10,1.10,1.10,1.10,-163.43,-133.59,0.00,0.50,0.50,0.50,0.50,0.00,0.00,0.00,0.00,0.00,0.00,0.50,0.00,0.00,0.00,0
0.341719,-143,-118,542,0,DRIVE [ 57 ] [ 1 ] [ 1917 1781 1671 ] [    0    0    0 ] [      0      0      0 ] [ 0 ],drive [ 57 ] [ 1 ] [ 1917 1784 1677 ] [   23   36   37 ] [   3425  14654  13820 ] [ 0 ],1.10,1.10,1.10,1.10,-156.93,-129.96,0.00,0.50,0.50,0.50,0.50,0.00,0.00,0.00,0.00,0.00,0.00,0.50,0.00,0.00,0.00,0
0.356212,-136,-115,535,0,DRIVE [ 58 ] [ 1 ] [ 1917 1780 1666 ] [    0    0    0 ] [      0      0      0 ] [ 0 ],drive [ 57 ] [ 1 ] [ 1917 1781 1671 ] [   22   19   40 ] [   3425  14654  13820 ] [ 0 ],1.10,1.10,1.10,1.10,-150.14,-126.41,0.00,0.50,0.50,0.50,0.50,0.00,0.00,0.00,0.00,0.00,0.00,0.50,0.00,0.00,0.00,0
0.370943,-131,-113,529,0,DRIVE [ 58 ] [ 1 ] [ 1917 1778 1660 ] [    0    0    0 ] [      0      0      0 ] [ 0 ],drive [ 58 ] [ 1 ] [ 1917 1780 1666 ] [   22   19   40 ] [   3425  14654  13820 ] [ 0 ],1.10,1.10,1.10,1.10,-144.62,-123.81,0.00,0.50,0.50,0.50,0.50,0.00,0.00,0.00,0.00,0.00,0.00,0.50,0.00,0.00,0.00,0
0.385016,-127,-110,524,0,DRIVE [ 59 ] [ 1 ] [ 1917 1776 1653 ] [    0    0    0 ] [      0      0      0 ] [ 0 ],drive [ 58 ] [ 1 ] [ 1917 1778 1660 ] [   22   19   40 ] [   3460  14624  13820 ] [ 0 ],1.10,1.10,1.10,1.10,-139.81,-121.53,0.00,0.50,0.50,0.50,0.50,0.00,0.00,0.00,0.00,0.00,0.00,0.50,0.00,0.00,0.00,0
0.399281,-123,-109,519,0,DRIVE [ 59 ] [ 1 ] [ 1917 1774 1647 ] [    0    0    0 ] [      0      0      0 ] [ 0 ],drive [ 59 ] [ 1 ] [ 1917 1776 1653 ] [   17   21   41 ] [   3460  14624  13820 ] [ 0 ],1.10,1.10,1.10,1.10,-135.58,-119.54,0.00,0.50,0.50,0.50,0.50,0.00,0.00,0.00,0.00,0.00,0.00,0.50,0.00,0.00,0.00,0
0.413894,-119,-107,511,0,DRIVE [ 60 ] [ 1 ] [ 1917 1772 1639 ] [    0    0    0 ] [      0      0      0 ] [ 0 ],drive [ 59 ] [ 1 ] [ 1917 1774 1647 ] [   17   21   41 ] [   3460  14624  13820 ] [ 0 ],1.10,1.10,1.10,1.10,-130.91,-117.33,0.00,0.50,0.50,0.50,0.50,0.00,0.00,0.00,0.00,0.00,0.00,0.50,0.00,0.00,0.00,0
0.428666,-116,-105,504,0,DRIVE [ 60 ] [ 1 ] [ 1917 1769 1631 ] [    0    0    0 ] [      0      0      0 ] [ 0 ],drive [ 60 ] [ 1 ] [ 1917 1772 1639 ] [   17   21   41 ] [   3460  14624  13820 ] [ 0 ],1.10,1.10,1.10,1.10,-127.58,-115.84,0.00,0.50,0.50,0.50,0.50,0.00,0.00,0.00,0.00,0.00,0.00,0.50,0.00,0.00,0.00,0
0.443291,-114,-104,499,0,DRIVE [ 61 ] [ 1 ] [ 1917 1764 1622 ] [    0    0    0 ] [      0      0      0 ] [ 0 ],drive [ 60 ] [ 1 ] [ 1917 1769 1631 ] [   17   21   41 ] [   3609  14626  13821 ] [ 0 ],1.10,1.10,1.10,1.10,-125.46,-114.72,0.00,0.50,0.50,0.50,0.50,0.00,0.00,0.00,0.00,0.00,0.00,0.50,0.00,0.00,0.00,0
0.457775,-112,-102,486,0,DRIVE [ 61 ] [ 1 ] [ 1917 1757 1613 ] [    0    0    0 ] [      0      0      0 ] [ 0 ],drive [ 61 ] [ 1 ] [ 1917 1764 1622 ] [   27   18   43 ] [   3609  14626  13821 ] [ 0 ],1.10,1.10,1.10,1.10,-123.11,-111.88,0.00,0.50,0.50,0.50,0.50,0.00,0.00,0.00,0.00,0.00,0.00,0.50,0.00,0.00,0.00,0
0.472118,-111,-100,477,0,DRIVE [ 62 ] [ 1 ] [ 1917 1750 1603 ] [    0    0    0 ] [      0      0      0 ] [ 0 ],drive [ 61 ] [ 1 ] [ 1917 1757 1613 ] [   27   18   43 ] [   3609  14626  13821 ] [ 0 ],1.10,1.10,1.10,1.10,-122.22,-109.70,0.00,0.50,0.50,0.50,0.50,0.00,0.00,0.00,0.00,0.00,0.00,0.50,0.00,0.00,0.00,0
0.486679,-111,-98,469,0,DRIVE [ 62 ] [ 1 ] [ 1917 1740 1594 ] [    0    0    0 ] [      0      0      0 ] [ 0 ],drive [ 62 ] [ 1 ] [ 1917 1750 1603 ] [   27   18   43 ] [   3932  14639  13822 ] [ 0 ],1.10,1.10,1.10,1.10,-122.56,-107.93,0.00,0.50,0.50,0.50,0.50,0.00,0.00,0.00,0.00,0.00,0.00,0.50,0.00,0.00,0.00,0
0.500879,-112,-96,458,0,DRIVE [ 63 ] [ 1 ] [ 1917 1728 1583 ] [    0    0    0 ] [      0      0      0 ] [ 0 ],drive [ 62 ] [ 1 ] [ 1917 1740 1594 ] [    5   18   44 ] [   3932  14639  13822 ] [ 0 ],1.10,1.10,1.10,1.10,-123.53,-105.44,0.00,0.50,0.50,0.50,0.50,0.00,0.00,0.00,0.00,0.00,0.00,0.50,0.00,0.00,0.00,0
0.514381,-114,-94,450,0,DRIVE [ 63 ] [ 1 ] [ 1917 1714 1572 ] [    0    0    0 ] [      0      0      0 ] [ 0 ],drive [ 63 ] [ 1 ] [ 1917 1728 1583 ] [    5   18   44 ] [   3932  14639  13822 ] [ 0 ],1.10,1.10,1.10,1.10,-125.28,-103.60,0.00,0.50,0.50,0.50,0.50,0.00,0.00,0.00,0.00,0.00,0.00,0.50,0.00,0.00,0.00,0
0.528589,-116,-93,443,0,DRIVE [ 64 ] [ 1 ] [ 1917 1701 1562 ] [    0    0    0 ] [      0      0      0 ] [ 0 ],drive [ 63 ] [ 1 ] [ 1917 1714 1572 ] [    5   18   44 ] [   3932  14639  13822 ] [ 0 ],1.10,1.10,1.10,1.10,-127.16,-102.09,0.00,0.50,0.50,0.50,0.50,0.00,0.00,0.00,0.00,0.00,0.00,0.50,0.00,0.00,0.00,0
0.542665,-117,-91,435,0,DRIVE [ 64 ] [ 1 ] [ 1917 1687 1550 ] [    0    0    0 ] [      0      0      0 ] [ 0 ],drive [ 64 ] [ 1 ] [ 1917 1701 1562 ] [    5   18   44 ] [   4094  14641  13824 ] [ 0 ],1.10,1.10,1.10,1.10,-128.45,-100.58,0.00,0.50,0.50,0.50,0.50,0.00,0.00,0.00,0.00,0.00,0.00,0.50,0.00,0.00,0.00,0
0.556506,-117,-90,424,0,DRIVE [ 65 ] [ 1 ] [ 1917 1673 1538 ] [    0    0    0 ] [      0      0      0 ] [ 0 ],drive [ 64 ] [ 1 ] [ 1917 1687 1550 ] [   11   21   47 ] [   4094  14641  13824 ] [ 0 ],1.10,1.10,1.10,1.10,-129.06,-98.56,0.00,0.50,0.50,0.50,0.50,0.00,0.00,0.00,0.00,0.00,0.00,0.50,0.00,0.00,0.00,0
0.57259,-118,-88,417,0,DRIVE [ 65 ] [ 1 ] [ 1917 1659 1526 ] [    0    0    0 ] [      0      0      0 ] [ 0 ],drive [ 65 ] [ 1 ] [ 1917 1673 1538 ] [   11   21   47 ] [   4094  14641  13824 ] [ 0 ],1.10,1.10,1.10,1.10,-130.33,-97.35,0.00,0.50,0.50,0.50,0.50,0.00,0.00,0.00,0.00,0.00,0.00,0.50,0.00,0.00,0.00,0
0.586065,-118,-87,407,0,DRIVE [ 66 ] [ 1 ] [ 1917 1645 1513 ] [    0    0    0 ] [      0      0      0 ] [ 0 ],drive [ 65 ] [ 1 ] [ 1917 1659 1526 ] [   11   21   47 ] [   4094  14647  13831 ] [ 0 ],1.10,1.10,1.10,1.10,-129.77,-95.16,0.00,0.50,0.50,0.50,0.50,0.00,0.00,0.00,0.00,0.00,0.00,0.50,0.00,0.00,0.00,0
0.599518,-118,-85,398,0,DRIVE [ 66 ] [ 1 ] [ 1917 1632 1503 ] [    0    0    0 ] [      0      0      0 ] [ 0 ],drive [ 66 ] [ 1 ] [ 1917 1645 1513 ] [   11   28   47 ] [   4094  14647  13831 ] [ 0 ],1.10,1.10,1.10,1.10,-129.53,-93.24,0.00,0.50,0.50,0.50,0.50,0.00,0.00,0.00,0.00,0.00,0.00,0.50,0.00,0.00,0.00,0
0.612829,-117,-83,390,0,DRIVE [ 67 ] [ 1 ] [ 1917 1620 1494 ] [    0    0    0 ] [      0      0      0 ] [ 0 ],drive [ 66 ] [ 1 ] [ 1917 1632 1503 ] [   11   28   47 ] [   4094  14647  13831 ] [ 0 ],1.10,1.10,1.10,1.10,-129.04,-90.93,0.00,0.50,0.50,0.50,0.50,0.00,0.00,0.00,0.00,0.00,0.00,0.50,0.00,0.00,0.00,0
0.626036,-116,-80,381,0,DRIVE [ 67 ] [ 1 ] [ 1917 1608 1486 ] [    0    0    0 ] [      0      0      0 ] [ 0 ],drive [ 67 ] [ 1 ] [ 1917 1620 1494 ] [   11   28   47 ] [   4094  14647  13831 ] [ 0 ],1.10,1.10,1.10,1.10,-127.83,-88.29,0.00,0.50,0.50,0.50,0.50,0.00,0.00,0.00,0.00,0.00,0.00,0.50,0.00,0.00,0.00,0
0.639286,-114,-77,372,0,DRIVE [ 68 ] [ 1 ] [ 1917 1598 1480 ] [    0    0    0 ] [      0      0      0 ] [ 0 ],drive [ 67 ] [ 1 ] [ 1917 1608 1486 ] [   11   28   47 ] [   4094  14659  13844 ] [ 0 ],1.10,1.10,1.10,1.10,-125.56,-85.22,0.00,0.50,0.50,0.50,0.50,0.00,0.00,0.00,0.00,0.00,0.00,0.50,0.00,0.00,0.00,0
0.652108,-113,-76,366,0,DRIVE [ 68 ] [ 1 ] [ 1917 1589 1473 ] [    0    0    0 ] [      0      0      0 ] [ 0 ],drive [ 68 ] [ 1 ] [ 1917 1598 1480 ] [   11   39   44 ] [   4094  14659  13844 ] [ 0 ],1.10,1.10,1.10,1.10,-124.50,-83.21,0.00,0.50,0.50,0.50,0.50,0.00,0.00,0.00,0.00,0.00,0.00,0.50,0.00,0.00,0.00,0
0.665517,-111,-73,358,0,DRIVE [ 69 ] [ 1 ] [ 1917 1581 1468 ] [    0    0    0 ] [      0      0      0 ] [ 0 ],drive [ 68 ] [ 1 ] [ 1917 1589 1473 ] [   11   39   44 ] [   4094  14659  13844 ] [ 0 ],1.10,1.10,1.10,1.10,-122.13,-80.60,0.00,0.50,0.50,0.50,0.50,0.00,0.00,0.00,0.00,0.00,0.00,0.50,0.00,0.00,0.00,0
0.678639,-110,-71,351,0,DRIVE [ 69 ] [ 1 ] [ 1917 1570 1462 ] [    0    0    0 ] [      0      0      0 ] [ 0 ],drive [ 69 ] [ 1 ] [ 1917 1581 1468 ] [   11   39   44 ] [   4094  14659  13844 ] [ 0 ],1.10,1.10,1.10,1.10,-120.74,-78.24,0.00,0.50,0.50,0.50,0.50,0.00,0.00,0.00,0.00,0.00,0.00,0.50,0.00,0.00,0.00,0
0.691683,-108,-69,343,0,DRIVE [ 70 ] [ 1 ] [ 1917 1558 1455 ] [    0    0    0 ] [      0      0      0 ] [ 0 ],drive [ 69 ] [ 1 ] [ 1917 1570 1462 ] [   11   39   44 ] [   4102  14693  13848 ] [ 0 ],1.10,1.10,1.10,1.10,-119.23,-75.59,0.00,0.50,0.50,0.50,0.50,0.00,0.00,0.00,0.00,0.00,0.00,0.50,0.00,0.00,0.00,0
0.70477,-108,-66,335,0,DRIVE [ 70 ] [ 1 ] [ 1917 1544 1449 ] [    0    0    0 ] [      0      0      0 ] [ 0 ],drive [ 70 ] [ 1 ] [ 1917 1558 1455 ] [    7   31   42 ] [   4102  14693  13848 ] [ 0 ],1.10,1.10,1.10,1.10,-118.39,-73.02,0.00,0.50,0.50,0.50,0.50,0.00,0.00,0.00,0.00,0.00,0.00,0.50,0.00,0.00,0.00,0
0.717108,-107,-64,328,0,DRIVE [ 71 ] [ 1 ] [ 1917 1528 1443 ] [    0    0    0 ] [      0      0      0 ] [ 0 ],drive [ 70 ] [ 1 ] [ 1917 1544 1449 ] [    7   31   42 ] [   4102  14693  13848 ] [ 0 ],1.10,1.10,1.10,1.10,-117.90,-70.32,0.00,0.50,0.50,0.50,0.50,0.00,0.00,0.00,0.00,0.00,0.00,0.50,0.00,0.00,0.00,0
0.730255,-107,-61,321,0,DRIVE [ 71 ] [ 1 ] [ 1917 1510 1438 ] [    0    0    0 ] [      0      0      0 ] [ 0 ],drive [ 71 ] [ 1 ] [ 1917 1528 1443 ] [    7   31   42 ] [   4102  14693  13848 ] [ 0 ],1.10,1.10,1.10,1.10,-117.92,-67.48,0.00,0.50,0.50,0.50,0.50,0.00,0.00,0.00,0.00,0.00,0.00,0.50,0.00,0.00,0.00,0
0.743145,-107,-57,310,0,DRIVE [ 72 ] [ 1 ] [ 1917 1485 1436 ] [    0    0    0 ] [      0      0      0 ] [ 0 ],drive [ 71 ] [ 1 ] [ 1917 1510 1438 ] [    7   31   42 ] [   4425  14884  13871 ] [ 0 ],1.10,1.10,1.10,1.10,-117.27,-62.70,0.00,0.50,0.50,0.50,0.50,0.00,0.00,0.00,0.00,0.00,0.00,0.50,0.00,0.00,0.00,0
0.756076,-107,-53,302,0,DRIVE [ 72 ] [ 1 ] [ 1917 1459 1436 ] [    0    0    0 ] [      0      0      0 ] [ 0 ],drive [ 72 ] [ 1 ] [ 1917 1485 1436 ] [    4   42   48 ] [   4425  14884  13871 ] [ 0 ],1.10,1.10,1.10,1.10,-117.88,-58.38,0.00,0.50,0.50,0.50,0.50,0.00,0.00,0.00,0.00,0.00,0.00,0.50,0.00,0.00,0.00,0
0.768833,-107,-49,294,0,DRIVE [ 73 ] [ 1 ] [ 1917 1433 1436 ] [    0    0    0 ] [      0      0      0 ] [ 0 ],drive [ 72 ] [ 1 ] [ 1917 1459 1436 ] [    4   42   48 ] [   4425  14884  13871 ] [ 0 ],1.10,1.10,1.10,1.10,-117.83,-54.05,0.00,0.50,0.50,0.50,0.50,0.00,0.00,0.00,0.00,0.00,0.00,0.50,0.00,0.00,0.00,0
0.781008,-107,-45,287,0,DRIVE [ 73 ] [ 1 ] [ 1917 1405 1437 ] [    0    0    0 ] [      0      0      0 ] [ 0 ],drive [ 73 ] [ 1 ] [ 1917 1433 1436 ] [    4   42   48 ] [   4428  14906  13875 ] [ 0 ],1.10,1.10,1.10,1.10,-117.90,-49.58,0.00,0.50,0.50,0.50,0.50,0.00,0.00,0.00,0.00,0.00,0.00,0.50,0.00,0.00,0.00,0
0.793715,-108,-41,280,0,DRIVE [ 74 ] [ 1 ] [ 1917 1375 1440 ] [    0    0    0 ] [      0      0      0 ] [ 0 ],drive [ 73 ] [ 1 ] [ 1917 1405 1437 ] [    4   42   48 ] [   4428  14906  13875 ] [ 0 ],1.10,1.10,1.10,1.10,-118.39,-45.15,0.00,0.50,0.50,0.50,0.50,0.00,0.00,0.00,0.00,0.00,0.00,0.50,0.00,0.00,0.00,0
0.806135,-108,-37,274,0,DRIVE [ 74 ] [ 1 ] [ 1917 1342 1443 ] [    0    0    0 ] [      0      0      0 ] [ 0 ],drive [ 74 ] [ 1 ] [ 1917 1375 1440 ] [    5   52   49 ] [   4428  14906  13875 ] [ 0 ],1.10,1.10,1.10,1.10,-119.13,-40.80,0.00,0.50,0.50,0.50,0.50,0.00,0.00,0.00,0.00,0.00,0.00,0.50,0.00,0.00,0.00,0
0.81859,-109,-32,264,0,DRIVE [ 75 ] [ 1 ] [ 1917 1297 1449 ] [    0    0    0 ] [      0      0      0 ] [ 0 ],drive [ 74 ] [ 1 ] [ 1917 1342 1443 ] [    5   52   49 ] [   4428  14906  13875 ] [ 0 ],1.10,1.10,1.10,1.10,-119.85,-34.88,0.00,0.50,0.50,0.50,0.50,0.00,0.00,0.00,0.00,0.00,0.00,0.50,0.00,0.00,0.00,0
0.831554,-110,-27,257,0,DRIVE [ 75 ] [ 1 ] [ 1917 1250 1454 ] [    0    0    0 ] [      0      0      0 ] [ 0 ],drive [ 75 ] [ 1 ] [ 1917 1297 1449 ] [    5   52   49 ] [   4428  15255  13875 ] [ 0 ],1.10,1.10,1.10,1.10,-120.93,-29.58,0.00,0.50,0.50,0.50,0.50,0.00,0.00,0.00,0.00,0.00,0.00,0.50,0.00,0.00,0.00,0
0.843179,-111,-22,250,0,DRIVE [ 76 ] [ 1 ] [ 1917 1202 1458 ] [    0    0    0 ] [      0      0      0 ] [ 0 ],drive [ 75 ] [ 1 ] [ 1917 1250 1454 ] [    5   52   49 ] [   4428  15255  13875 ] [ 0 ],1.10,1.10,1.10,1.10,-121.99,-24.67,0.00,0.50,0.50,0.50,0.50,0.00,0.00,0.00,0.00,0.00,0.00,0.50,0.00,0.00,0.00,0
0.855253,-111,-18,243,0,DRIVE [ 76 ] [ 1 ] [ 1917 1157 1464 ] [    0    0    0 ] [      0      0      0 ] [ 0 ],drive [ 76 ] [ 1 ] [ 1917 1202 1458 ] [    5   78   48 ] [   4428  15255  13875 ] [ 0 ],1.10,1.10,1.10,1.10,-122.52,-20.05,0.00,0.50,0.50,0.50,0.50,0.00,0.00,0.00,0.00,0.00,0.00,0.50,0.00,0.00,0.00,0
0.86728,-112,-14,238,0,DRIVE [ 77 ] [ 1 ] [ 1917 1113 1470 ] [    0    0    0 ] [      0      0      0 ] [ 0 ],drive [ 76 ] [ 1 ] [ 1917 1157 1464 ] [    5   78   48 ] [   4428  15255  13875 ] [ 0 ],1.10,1.10,1.10,1.10,-122.67,-15.61,0.00,0.50,0.50,0.50,0.50,0.00,0.00,0.00,0.00,0.00,0.00,0.50,0.00,0.00,0.00,0
0.878847,-111,-10,232,0,DRIVE [ 77 ] [ 1 ] [ 1917 1072 1479 ] [    0    0    0 ] [      0      0      0 ] [ 0 ],drive [ 77 ] [ 1 ] [ 1917 1113 1470 ] [    5   78   48 ] [   4428  15255  13875 ] [ 0 ],1.10,1.10,1.10,1.10,-122.06,-11.35,0.00,0.50,0.50,0.50,0.50,0.00,0.00,0.00,0.00,0.00,0.00,0.50,0.00,0.00,0.00,0
0.890983,-111,-7,227,0,DRIVE [ 78 ] [ 1 ] [ 1917 1034 1488 ] [    0    0    0 ] [      0      0      0 ] [ 0 ],drive [ 77 ] [ 1 ] [ 1917 1072 1479 ] [    5   78   48 ] [   4428  15822  13874 ] [ 0 ],1.10,1.10,1.10,1.10,-121.61,-7.40,0.00,0.50,0.50,0.50,0.50,0.00,0.00,0.00,0.00,0.00,0.00,0.50,0.00,0.00,0.00,0
0.903243,-109,-3,222,0,DRIVE [ 78 ] [ 1 ] [ 1917 1025 1497 ] [    0    0    0 ] [      0      0      0 ] [ 0 ],drive [ 78 ] [ 1 ] [ 1917 1034 1488 ] [    4   96   46 ] [   4428  15822  13874 ] [ 0 ],1.10,1.10,1.10,1.10,-120.15,-3.76,0.00,0.50,0.50,0.50,0.50,0.00,0.00,0.00,0.00,0.00,0.00,0.50,0.00,0.00,0.00,0
0.915186,-108,0,217,0,DRIVE [ 79 ] [ 1 ] [ 1917 1025 1505 ] [    0    0    0 ] [      0      0      0 ] [ 0 ],drive [ 78 ] [ 1 ] [ 1917 1025 1497 ] [    4   96   46 ] [   4428  15822  13874 ] [ 0 ],1.10,1.10,1.10,1.10,-119.09,-0.48,0.00,0.50,0.50,0.50,0.50,0.00,0.00,0.00,0.00,0.00,0.00,0.50,0.00,0.00,0.00,0
0.927319,-108,2,212,0,DRIVE [ 79 ] [ 1 ] [ 1917 1025 1509 ] [    0    0    0 ] [      0      0      0 ] [ 0 ],drive [ 79 ] [ 1 ] [ 1917 1025 1505 ] [    4   96   46 ] [   4428  15822  13874 ] [ 0 ],1.10,1.10,1.10,1.10,-118.62,2.36,0.00,0.50,0.50,0.50,0.50,0.00,0.00,0.00,0.00,0.00,0.00,0.50,0.00,-0.00,0.00,0
0.939354,-108,4,208,0,DRIVE [ 80 ] [ 1 ] [ 1917 1025 1511 ] [    0    0    0 ] [      0      0      0 ] [ 0 ],drive [ 79 ] [ 1 ] [ 1917 1025 1509 ] [    4   96   46 ] [   4429  16181  13872 ] [ 0 ],1.10,1.10,1.10,1.10,-118.37,4.67,0.00,0.50,0.50,0.50,0.50,0.00,0.00,0.00,0.00,0.00,0.00,0.50,0.00,-0.00,0.00,0
0.951432,-108,6,203,0,DRIVE [ 80 ] [ 1 ] [ 1917 1025 1510 ] [    0    0    0 ] [      0      0      0 ] [ 0 ],drive [ 80 ] [ 1 ] [ 1917 1025 1511 ] [    5  104   39 ] [   4429  16181  13872 ] [ 0 ],1.10,1.10,1.10,1.10,-118.40,6.46,0.00,0.50,0.50,0.50,0.50,0.00,0.00,0.00,0.00,0.00,0.00,0.50,0.00,-0.00,0.00,0
0.964223,-108,7,199,0,DRIVE [ 81 ] [ 1 ] [ 1917 1025 1505 ] [    0    0    0 ] [      0      0      0 ] [ 0 ],drive [ 80 ] [ 1 ] [ 1917 1025 1510 ] [    5  104   39 ] [   4429  16181  13872 ] [ 0 ],1.10,1.10,1.10,1.10,-118.90,7.75,0.00,0.50,0.50,0.50,0.50,0.00,0.00,0.00,0.00,0.00,0.00,0.50,0.00,-0.00,0.00,0
0.97579,-108,8,195,0,DRIVE [ 81 ] [ 1 ] [ 1917 1025 1498 ] [    0    0    0 ] [      0      0      0 ] [ 0 ],drive [ 81 ] [ 1 ] [ 1917 1025 1505 ] [    5  104   39 ] [   4429  16181  13872 ] [ 0 ],1.10,1.10,1.10,1.10,-119.06,8.57,0.00,0.50,0.50,0.50,0.50,0.00,0.00,0.00,0.00,0.00,0.00,0.50,0.00,-0.00,0.00,0
0.987532,-107,8,190,0,DRIVE [ 82 ] [ 1 ] [ 1917 1025 1490 ] [    0    0    0 ] [      0      0      0 ] [ 0 ],drive [ 81 ] [ 1 ] [ 1917 1025 1498 ] [    5  104   39 ] [   4430  16891  13855 ] [ 0 ],1.10,1.10,1.10,1.10,-118.09,8.68,0.00,0.50,0.50,0.50,0.50,0.00,0.00,0.00,0.00,0.00,0.00,0.50,0.00,-0.00,0.00,0
0.998535,-106,8,186,0,DRIVE [ 82 ] [ 1 ] [ 1917 1025 1484 ] [    0    0    0 ] [      0      0      0 ] [ 0 ],drive [ 82 ] [ 1 ] [ 1917 1025 1490 ] [    4   85   41 ] [   4430  16891  13855 ] [ 0 ],1.10,1.10,1.10,1.10,-116.29,8.52,0.00,0.50,0.50,0.50,0.50,0.00,0.00,0.00,0.00,0.00,0.00,0.50,0.00,-0.00,0.00,0
1.00967,-103,8,182,0,DRIVE [ 83 ] [ 1 ] [ 1917 1025 1480 ] [    0    0    0 ] [      0      0      0 ] [ 0 ],drive [ 82 ] [ 1 ] [ 1917 1025 1484 ] [    4   85   41 ] [   4430  16891  13855 ] [ 0 ],1.10,1.10,1.10,1.10,-113.63,8.25,0.00,0.50,0.50,0.50,0.50,0.00,0.00,0.00,0.00,0.00,0.00,0.50,0.00,-0.00,0.00,0
1.02155,-100,7,177,0,DRIVE [ 83 ] [ 1 ] [ 1917 1025 1481 ] [    0    0    0 ] [      0      0      0 ] [ 0 ],drive [ 83 ] [ 1 ] [ 1917 1025 1480 ] [    4   85   41 ] [   4430  16891  13855 ] [ 0 ],1.10,1.10,1.10,1.10,-110.18,7.95,0.00,0.50,0.50,0.50,0.50,0.00,0.00,0.00,0.00,0.00,0.00,0.50,0.00,-0.00,0.00,0
1.03343,-97,7,174,0,DRIVE [ 84 ] [ 1 ] [ 1917 1025 1483 ] [    0    0    0 ] [      0      0      0 ] [ 0 ],drive [ 83 ] [ 1 ] [ 1917 1025 1481 ] [    4   85   41 ] [   4430  17142  13849 ] [ 0 ],1.10,1.10,1.10,1.10,-107.21,7.64,0.00,0.50,0.50,0.50,0.50,0.00,0.00,0.00,0.00,0.00,0.00,0.50,0.00,-0.00,0.00,0
1.04475,-96,7,172,0,DRIVE [ 84 ] [ 1 ] [ 1917 1025 1483 ] [    0    0    0 ] [      0      0      0 ] [ 0 ],drive [ 84 ] [ 1 ] [ 1917 1025 1483 ] [    5   88   42 ] [   4430  17142  13849 ] [ 0 ],1.10,1.10,1.10,1.10,-105.10,7.26,0.00,0.50,0.50,0.50,0.50,0.00,0.00,0.00,0.00,0.00,0.00,0.50,0.00,-0.00,0.00,0
1.05652,-93,6,169,0,DRIVE [ 85 ] [ 1 ] [ 1917 1025 1482 ] [    0    0    0 ] [      0      0      0 ] [ 0 ],drive [ 84 ] [ 1 ] [ 1917 1025 1483 ] [    5   88   42 ] [   4430  17142  13849 ] [ 0 ],1.10,1.10,1.10,1.10,-102.81,6.66,0.00,0.50,0.50,0.50,0.50,0.00,0.00,0.00,0.00,0.00,0.00,0.50,0.00,-0.00,0.00,0
1.06847,-92,5,166,0,DRIVE [ 85 ] [ 1 ] [ 1917 1025 1479 ] [    0    0    0 ] [      0      0      0 ] [ 0 ],drive [ 85 ] [ 1 ] [ 1917 1025 1482 ] [    5   88   42 ] [   4430  17142  13849 ] [ 0 ],1.10,1.10,1.10,1.10,-100.76,5.87,0.00,0.50,0.50,0.50,0.50,0.00,0.00,0.00,0.00,0.00,0.00,0.50,0.00,-0.00,0.00,0
1.08092,-90,5,164,0,DRIVE [ 86 ] [ 1 ] [ 1917 1025 1478 ] [    0    0    0 ] [      0      0      0 ] [ 0 ],drive [ 85 ] [ 1 ] [ 1917 1025 1479 ] [    5   88   42 ] [   4432  17331  13818 ] [ 0 ],1.10,1.10,1.10,1.10,-98.57,5.35,0.00,0.50,0.50,0.50,0.50,0.00,0.00,0.00,0.00,0.00,0.00,0.50,0.00,-0.00,0.00,0
1.09228,-87,4,160,0,DRIVE [ 86 ] [ 1 ] [ 1917 1025 1476 ] [    0    0    0 ] [      0      0      0 ] [ 0 ],drive [ 86 ] [ 1 ] [ 1917 1025 1478 ] [    5   88   42 ] [   4432  17331  13818 ] [ 0 ],1.10,1.10,1.10,1.10,-95.97,4.65,0.00,0.50,0.50,0.50,0.50,0.00,0.00,0.00,0.00,0.00,0.00,0.50,0.00,-0.00,0.00,0
1.10395,-85,3,157,0,DRIVE [ 87 ] [ 1 ] [ 1917 1025 1471 ] [    0    0    0 ] [      0      0      0 ] [ 0 ],drive [ 86 ] [ 1 ] [ 1917 1025 1476 ] [    6  104   64 ] [   4432  17331  13818 ] [ 0 ],1.10,1.10,1.10,1.10,-93.52,3.62,0.00,0.50,0.50,0.50,0.50,0.00,0.00,0.00,0.00,0.00,0.00,0.50,0.00,-0.00,0.00,0
1.11494,-82,2,154,0,DRIVE [ 87 ] [ 1 ] [ 1917 1025 1463 ] [    0    0    0 ] [      0      0      0 ] [ 0 ],drive [ 87 ] [ 1 ] [ 1917 1025 1471 ] [    6  104   64 ] [   4432  17331  13818 ] [ 0 ],1.10,1.10,1.10,1.10,-90.72,2.03,0.00,0.50,0.50,0.50,0.50,0.00,0.00,0.00,0.00,0.00,0.00,0.50,0.00,-0.00,0.00,0
1.12674,-80,0,151,0,DRIVE [ 88 ] [ 1 ] [ 1917 1025 1455 ] [    0    0    0 ] [      0      0      0 ] [ 0 ],drive [ 87 ] [ 1 ] [ 1917 1025 1463 ] [    6  104   64 ] [   4432  17331  13818 ] [ 0 ],1.10,1.10,1.10,1.10,-87.71,0.23,0.00,0.50,0.50,0.50,0.50,0.00,0.00,0.00,0.00,0.00,0.00,0.50,0.00,-0.00,0.00,0
1.13832,-76,-1,149,0,DRIVE [ 88 ] [ 1 ] [ 1917 1025 1449 ] [    0    0    0 ] [      0      0      0 ] [ 0 ],drive [ 88 ] [ 1 ] [ 1917 1025 1455 ] [    6  104   64 ] [   4556  17834  13782 ] [ 0 ],1.10,1.10,1.10,1.10,-84.05,-1.60,0.00,0.50,0.50,0.50,0.50,0.00,0.00,0.00,0.00,0.00,0.00,0.50,0.00,0.00,0.00,0
1.14972,-73,-3,146,0,DRIVE [ 89 ] [ 1 ] [ 1917 1025 1445 ] [    0    0    0 ] [      0      0      0 ] [ 0 ],drive [ 88 ] [ 1 ] [ 1917 1025 1449 ] [   26   88   66 ] [   4556  17834  13782 ] [ 0 ],1.10,1.10,1.10,1.10,-79.99,-3.41,0.00,0.50,0.50,0.50,0.50,0.00,0.00,0.00,0.00,0.00,0.00,0.50,0.00,0.00,0.00,0
1.16069,-69,-5,144,0,DRIVE [ 89 ] [ 1 ] [ 1917 1025 1441 ] [    0    0    0 ] [      0      0      0 ] [ 0 ],drive [ 89 ] [ 1 ] [ 1917 1025 1445 ] [   26   88   66 ] [   4556  17834  13782 ] [ 0 ],1.10,1.10,1.10,1.10,-75.78,-5.23,0.00,0.50,0.50,0.50,0.50,0.00,0.00,0.00,0.00,0.00,0.00,0.50,0.00,0.00,0.00,0
1.17235,-65,-6,141,0,DRIVE [ 90 ] [ 1 ] [ 1917 1025 1437 ] [    0    0    0 ] [      0      0      0 ] [ 0 ],drive [ 89 ] [ 1 ] [ 1917 1025 1441 ] [   26   88   66 ] [   4556  17834  13782 ] [ 0 ],1.10,1.10,1.10,1.10,-71.49,-7.03,0.00,0.50,0.50,0.50,0.50,0.00,0.00,0.00,0.00,0.00,0.00,0.50,0.00,0.00,0.00,0
1.1836,-61,-8,139,0,DRIVE [ 90 ] [ 1 ] [ 1917 1045 1432 ] [    0    0    0 ] [      0      0      0 ] [ 0 ],drive [ 90 ] [ 1 ] [ 1917 1025 1437 ] [   26   88   66 ] [   4587  17930  13782 ] [ 0 ],1.10,1.10,1.10,1.10,-67.28,-8.80,0.00,0.50,0.50,0.50,0.50,0.00,0.00,0.00,0.00,0.00,0.00,0.50,0.00,0.00,0.00,0
1.19554,-57,-9,136,0,DRIVE [ 91 ] [ 1 ] [ 1917 1094 1427 ] [    0    0    0 ] [      0      0      0 ] [ 0 ],drive [ 90 ] [ 1 ] [ 1917 1045 1432 ] [    2   85   67 ] [   4587  17930  13782 ] [ 0 ],1.10,1.10,1.10,1.10,-63.06,-10.42,0.00,0.50,0.50,0.50,0.50,0.00,0.00,0.00,0.00,0.00,0.00,0.50,0.00,0.00,0.00,0
1.20741,-54,-11,133,0,DRIVE [ 91 ] [ 1 ] [ 1917 1138 1422 ] [    0    0    0 ] [      0      0      0 ] [ 0 ],drive [ 91 ] [ 1 ] [ 1917 1094 1427 ] [    2   85   67 ] [   4587  17930  13782 ] [ 0 ],1.10,1.10,1.10,1.10,-59.08,-11.83,0.00,0.50,0.50,0.50,0.50,0.00,0.00,0.00,0.00,0.00,0.00,0.50,0.00,0.00,0.00,0
1.2191,-51,-12,130,0,DRIVE [ 92 ] [ 1 ] [ 1917 1181 1414 ] [    0    0    0 ] [      0      0      0 ] [ 0 ],drive [ 91 ] [ 1 ] [ 1917 1138 1422 ] [    2   85   67 ] [   4587  17930  13782 ] [ 0 ],1.10,1.10,1.10,1.10,-55.57,-13.26,0.00,0.50,0.50,0.50,0.50,0.00,0.00,0.00,0.00,0.00,0.00,0.50,0.00,0.00,0.00,0
1.23133,-47,-13,127,0,DRIVE [ 92 ] [ 1 ] [ 1917 1215 1402 ] [    0    0    0 ] [      0      0      0 ] [ 0 ],drive [ 92 ] [ 1 ] [ 1917 1181 1414 ] [    2   85   67 ] [   4669  17921  13783 ] [ 0 ],1.10,1.10,1.10,1.10,-52.08,-14.51,0.00,0.50,0.50,0.50,0.50,-0.46,-0.14,0.00,0.00,0.00,0.00,0.50,0.00,0.00,0.00,0
1.24251,-44,-14,123,0,DRIVE [ 93 ] [ 1 ] [ 1917 1248 1391 ] [    0    0    0 ] [      0      0      0 ] [ 0 ],drive [ 92 ] [ 1 ] [ 1917 1215 1402 ] [    2   85   67 ] [   4669  17921  13783 ] [ 0 ],1.10,1.10,1.10,1.10,-48.64,-15.54,0.00,0.50,0.50,0.50,0.50,-0.90,-0.29,0.00,0.00,0.00,0.00,0.50,0.00,0.00,0.00,0
1.25442,-41,-15,120,0,DRIVE [ 93 ] [ 1 ] [ 1917 1281 1377 ] [    0    0    0 ] [      0      0      0 ] [ 0 ],drive [ 93 ] [ 1 ] [ 1917 1248 1391 ] [   14   74   68 ] [   4669  17921  13783 ] [ 0 ],1.10,1.10,1.10,1.10,-45.35,-16.63,0.00,0.50,0.50,0.50,0.50,-1.30,-0.45,0.00,0.00,0.00,0.00,0.50,0.00,0.00,0.00,0
1.26789,-38,-16,117,0,DRIVE [ 94 ] [ 1 ] [ 1917 1314 1360 ] [    0    0    0 ] [      0      0      0 ] [ 0 ],drive [ 93 ] [ 1 ] [ 1917 1281 1377 ] [   14   74   68 ] [   4669  17921  13783 ] [ 0 ],1.10,1.10,1.10,1.10,-42.18,-17.77,0.00,0.50,0.50,0.50,0.50,-1.68,-0.62,0.00,0.00,0.00,0.00,0.50,0.00,0.00,0.00,0
1.27901,-35,-17,113,0,DRIVE [ 94 ] [ 1 ] [ 1917 1348 1340 ] [    0    0    0 ] [      0      0      0 ] [ 0 ],drive [ 94 ] [ 1 ] [ 1917 1314 1360 ] [   14   74   68 ] [   4669  17921  13783 ] [ 0 ],1.10,1.10,1.10,1.10,-39.05,-18.96,0.00,0.50,0.50,0.50,0.50,-2.03,-0.81,0.00,0.00,0.00,0.00,0.50,0.00,0.00,0.00,0
1.29083,-33,-18,110,0,DRIVE [ 95 ] [ 1 ] [ 1917 1381 1316 ] [    0    0    0 ] [      0      0      0 ] [ 0 ],drive [ 94 ] [ 1 ] [ 1917 1348 1340 ] [   14   74   68 ] [   4672  17904  13784 ] [ 0 ],1.10,1.10,1.10,1.10,-35.95,-20.09,0.00,0.50,0.50,0.50,0.50,-2.35,-1.00,0.00,0.00,0.00,0.00,0.50,0.00,0.00,0.00,0
1.30234,-33,-18,110,0,DRIVE [ 95 ] [ 1 ] [ 1917 1431 1369 ] [    0    0    0 ] [      0      0      0 ] [ 0 ],drive [ 95 ] [ 1 ] [ 1917 1381 1316 ] [   20   75   76 ] [   4672  17904  13784 ] [ 0 ],1.10,1.10,1.10,1.10,-32.36,-18.08,0.00,0.50,0.50,0.50,0.50,-2.12,-0.90,0.00,0.00,0.00,0.00,0.50,0.00,0.00,0.00,0
1.31327,-33,-18,110,0,DRIVE [ 96 ] [ 1 ] [ 1917 1477 1417 ] [    0    0    0 ] [      0      0      0 ] [ 0 ],drive [ 95 ] [ 1 ] [ 1917 1431 1369 ] [   20   75   76 ] [   4672  17904  13784 ] [ 0 ],1.10,1.10,1.10,1.10,-29.12,-16.28,0.00,0.50,0.50,0.50,0.50,-1.90,-0.81,0.00,0.00,0.00,0.00,0.50,0.00,0.00,0.00,0
1.32492,-33,-18,110,0,DRIVE [ 96 ] [ 1 ] [ 1917 1519 1461 ] [    0    0    0 ] [      0      0      0 ] [ 0 ],drive [ 96 ] [ 1 ] [ 1917 1477 1417 ] [   20   75   76 ] [   4672  17904  13784 ] [ 0 ],1.10,1.10,1.10,1.10,-26.21,-14.65,0.00,0.50,0.50,0.50,0.50,-1.71,-0.73,0.00,0.00,0.00,0.00,0.50,0.00,0.00,0.00,0
1.33636,-33,-18,110,0,DRIVE [ 97 ] [ 1 ] [ 1917 1558 1501 ] [    0    0    0 ] [      0      0      0 ] [ 0 ],drive [ 96 ] [ 1 ] [ 1917 1519 1461 ] [   20   75   76 ] [   4923  17867  13786 ] [ 0 ],1.10,1.10,1.10,1.10,-23.59,-13.18,0.00,0.50,0.50,0.50,0.50,-1.54,-0.65,0.00,0.00,0.00,0.00,0.50,0.00,0.00,0.00,0
1.34762,-33,-18,110,0,DRIVE [ 97 ] [ 1 ] [ 1917 1593 1538 ] [    0    0    0 ] [      0      0      0 ] [ 0 ],drive [ 97 ] [ 1 ] [ 1917 1558 1501 ] [   17   42   63 ] [   4923  17867  13786 ] [ 0 ],1.10,1.10,1.10,1.10,-21.23,-11.86,0.00,0.50,0.50,0.50,0.50,-1.39,-0.59,0.00,0.00,0.00,0.00,0.50,0.00,0.00,0.00,0
1.3586,-33,-18,110,0,DRIVE [ 98 ] [ 1 ] [ 1917 1626 1572 ] [    0    0    0 ] [      0      0      0 ] [ 0 ],drive [ 97 ] [ 1 ] [ 1917 1593 1538 ] [   17   42   63 ] [   4923  17867  13786 ] [ 0 ],1.10,1.10,1.10,1.10,-19.11,-10.68,0.00,0.50,0.50,0.50,0.50,-1.25,-0.53,0.00,0.00,0.00,0.00,0.50,0.00,0.00,0.00,0
1.37003,-33,-18,110,0,DRIVE [ 98 ] [ 1 ] [ 1917 1655 1602 ] [    0    0    0 ] [      0      0      0 ] [ 0 ],drive [ 98 ] [ 1 ] [ 1917 1626 1572 ] [   17   42   63 ] [   4923  17867  13786 ] [ 0 ],1.10,1.10,1.10,1.10,-17.20,-9.61,0.00,0.50,0.50,0.50,0.50,-1.12,-0.48,0.00,0.00,0.00,0.00,0.50,0.00,0.00,0.00,0
1.3809,-33,-18,110,0,DRIVE [ 99 ] [ 1 ] [ 1917 1681 1630 ] [    0    0    0 ] [      0      0      0 ] [ 0 ],drive [ 98 ] [ 1 ] [ 1917 1655 1602 ] [   17   42   63 ] [   5013  17687  13585 ] [ 0 ],1.10,1.10,1.10,1.10,-15.48,-8.65,0.00,0.50,0.50,0.50,0.50,-1.01,-0.43,0.00,0.00,0.00,0.00,0.50,0.00,0.00,0.00,0
1.3926,-33,-18,110,0,DRIVE [ 99 ] [ 1 ] [ 1917 1705 1655 ] [    0    0    0 ] [      0      0      0 ] [ 0 ],drive [ 99 ] [ 1 ] [ 1917 1681 1630 ] [   17   42   63 ] [   5013  17687  13585 ] [ 0 ],1.10,1.10,1.10,1.10,-13.93,-7.78,0.00,0.50,0.50,0.50,0.50,-0.91,-0.39,0.00,0.00,0.00,0.00,0.50,0.00,0.00,0.00,0
1.40402,-33,-18,110,0,DRIVE [ 00 ] [ 1 ] [ 1917 1727 1678 ] [    0    0    0 ] [      0      0      0 ] [ 0 ],drive [ 99 ] [ 1 ] [ 1917 1705 1655 ] [   25   35   36 ] [   5013  17687  13585 ] [ 0 ],1.10,1.10,1.10,1.10,-12.54,-7.01,0.00,0.50,0.50,0.50,0.50,-0.82,-0.35,0.00,0.00,0.00,0.00,0.50,0.00,0.00,0.00,0
1.4154,-33,-18,110,0,DRIVE [ 00 ] [ 1 ] [ 1917 1747 1698 ] [    0    0    0 ] [      0      0      0 ] [ 0 ],drive [ 00 ] [ 1 ] [ 1917 1727 1678 ] [   25   35   36 ] [   5013  17687  13585 ] [ 0 ],1.10,1.10,1.10,1.10,-11.28,-6.31,0.00,0.50,0.50,0.50,0.50,-0.74,-0.31,0.00,0.00,0.00,0.00,0.50,0.00,0.00,0.00,0
1.42611,-33,-18,110,0,DRIVE [ 01 ] [ 1 ] [ 1917 1765 1717 ] [    0    0    0 ] [      0      0      0 ] [ 0 ],drive [ 00 ] [ 1 ] [ 1917 1747 1698 ] [   25   35   36 ] [   5013  17687  13585 ] [ 0 ],1.10,1.10,1.10,1.10,-10.15,-5.67,0.00,0.50,0.50,0.50,0.50,-0.66,-0.28,0.00,0.00,0.00,0.00,0.50,0.00,0.00,0.00,0
1.4372,-33,-18,110,0,DRIVE [ 01 ] [ 1 ] [ 1917 1781 1733 ] [    0    0    0 ] [      0      0      0 ] [ 0 ],drive [ 01 ] [ 1 ] [ 1917 1765 1717 ] [   25   35   36 ] [   5166  17329  12851 ] [ 0 ],1.10,1.10,1.10,1.10,-9.14,-5.11,0.00,0.50,0.50,0.50,0.50,-0.60,-0.25,0.00,0.00,0.00,0.00,0.50,0.00,0.00,0.00,0
1.44758,-33,-18,110,0,DRIVE [ 02 ] [ 1 ] [ 1917 1795 1748 ] [    0    0    0 ] [      0      0      0 ] [ 0 ],drive [ 01 ] [ 1 ] [ 1917 1781 1733 ] [   19   32   23 ] [   5166  17329  12851 ] [ 0 ],1.10,1.10,1.10,1.10,-8.22,-4.60,0.00,0.50,0.50,0.50,0.50,-0.54,-0.23,0.00,0.00,0.00,0.00,0.50,0.00,0.00,0.00,0
1.45836,-33,-18,110,0,DRIVE [ 02 ] [ 1 ] [ 1917 1808 1762 ] [    0    0    0 ] [      0      0      0 ] [ 0 ],drive [ 02 ] [ 1 ] [ 1917 1795 1748 ] [   19   32   23 ] [   5166  17329  12851 ] [ 0 ],1.10,1.10,1.10,1.10,-7.40,-4.14,0.00,0.50,0.50,0.50,0.50,-0.48,-0.21,0.00,0.00,0.00,0.00,0.50,0.00,0.00,0.00,0
1.46881,-33,-18,110,0,DRIVE [ 03 ] [ 1 ] [ 1917 1820 1774 ] [    0    0    0 ] [      0      0      0 ] [ 0 ],drive [ 02 ] [ 1 ] [ 1917 1808 1762 ] [   19   32   23 ] [   5166  17329  12851 ] [ 0 ],1.10,1.10,1.10,1.10,-6.66,-3.72,0.00,0.50,0.50,0.50,0.50,-0.44,-0.18,0.00,0.00,0.00,0.00,0.50,0.00,0.00,0.00,0
1.47975,-33,-18,110,0,DRIVE [ 03 ] [ 1 ] [ 1917 1830 1785 ] [    0    0    0 ] [      0      0      0 ] [ 0 ],drive [ 03 ] [ 1 ] [ 1917 1820 1774 ] [   19   32   23 ] [   5830  16689  11925 ] [ 0 ],1.10,1.10,1.10,1.10,-6.00,-3.35,0.00,0.50,0.50,0.50,0.50,-0.39,-0.17,0.00,0.00,0.00,0.00,0.50,0.00,0.00,0.00,0
1.48994,-33,-18,110,0,DRIVE [ 04 ] [ 1 ] [ 1917 1840 1795 ] [    0    0    0 ] [      0      0      0 ] [ 0 ],drive [ 03 ] [ 1 ] [ 1917 1830 1785 ] [   19   32   23 ] [   5830  16689  11925 ] [ 0 ],1.10,1.10,1.10,1.10,-5.40,-3.02,0.00,0.50,0.50,0.50,0.50,-0.35,-0.15,0.00,0.00,0.00,0.00,0.50,0.00,0.00,0.00,0
1.5001,-33,-18,110,0,DRIVE [ 04 ] [ 1 ] [ 1917 1848 1804 ] [    0    0    0 ] [      0      0      0 ] [ 0 ],drive [ 04 ] [ 1 ] [ 1917 1840 1795 ] [   21   16   22 ] [   5830  16689  11925 ] [ 0 ],1.10,1.10,1.10,1.10,-4.86,-2.71,0.00,0.50,0.50,0.50,0.50,-0.32,-0.13,0.00,0.00,0.00,0.00,0.50,0.00,0.00,0.00,0
1.51014,-33,-18,110,0,DRIVE [ 05 ] [ 1 ] [ 1917 1856 1812 ] [    0    0    0 ] [      0      0      0 ] [ 0 ],drive [ 04 ] [ 1 ] [ 1917 1848 1804 ] [   21   16   22 ] [   5830  16689  11925 ] [ 0 ],1.10,1.10,1.10,1.10,-4.37,-2.44,0.00,0.50,0.50,0.50,0.50,-0.29,-0.12,0.00,0.00,0.00,0.00,0.50,0.00,0.00,0.00,0
1.52019,-33,-18,110,1,DRIVE [ 05 ] [ 1 ] [ 1917 1863 1819 ] [    0    0    0 ] [      0      0      0 ] [ 0 ],drive [ 05 ] [ 1 ] [ 1917 1856 1812 ] [   21   16   22 ] [   5830  16689  11925 ] [ 0 ],1.10,1.10,1.10,1.10,-3.93,-2.20,0.00,0.50,0.50,0.50,0.50,-0.26,-0.11,0.00,0.00,0.00,0.00,0.50,0.00,0.00,0.00,0
