timestamp,Xmm,Ymm,Zmm,TouchDetected,OutgoingPacket,IncomingPacket,GainPropAb, GainPropAd, GainPropFl, GainPropEx,PropA, PropB, PropC,GainIntegAb, GainIntegAd, GainIntegFl, GainIntegEx,IntegA, IntegB, IntegC,GainDerivAb, GainDerivAd, GainDerivFl, GainDerivEx,DerivA, DerivB, DerivC,Heading5
1.92705,-95,14,654,1,DRIVE [ 35 ] [ 1 ] [ 1916 1491 1882 ] [    0    0    0 ] [      0      0      0 ] [ 0 ],drive [ 35 ] [ 1 ] [ 1914 1444 1882 ] [    9   71   10 ] [   7729  17830   9310 ] [ 0 ],1.10,1.10,1.10,1.10,-6.30,2.55,0.00,0.50,0.50,0.50,0.50,-1.43,3.39,0.00,0.00,0.00,0.00,0.50,0.00,-0.00,0.00,0
0.00139593,-95,14,654,0,DRIVE [ 97 ] [ 1 ] [ 1925 1926 1885 ] [    0    0    0 ] [      0      0      0 ] [ 0 ],drive [ 97 ] [ 1 ] [ 1925 1514 1794 ] [    3   38    7 ] [   4758  17360  11476 ] [ 0 ],1.10,1.10,1.10,1.10,-94.32,13.76,0.00,0.50,0.50,0.50,0.50,-5.06,8.39,0.00,0.00,0.00,0.00,0.50,0.00,0.00,0.00,0
0.0177025,-109,7,637,0,DRIVE [ 98 ] [ 1 ] [ 1925 1920 1883 ] [    0    0    0 ] [      0      0      0 ] [ 0 ],drive [ 97 ] [ 1 ] [ 1925 1926 1885 ] [    3   38    7 ] [   4758  17360  11476 ] [ 0 ],1.10,1.10,1.10,1.10,-120.16,7.86,0.00,0.50,0.50,0.50,0.50,0.00,0.00,0.00,0.00,0.00,0.00,0.50,0.00,0.00,0.00,0
0.0337962,-111,5,640,0,DRIVE [ 98 ] [ 1 ] [ 1925 1913 1880 ] [    0    0    0 ] [      0      0      0 ] [ 0 ],drive [ 98 ] [ 1 ] [ 1925 1920 1883 ] [    3   38    7 ] [   4758  17312  11480 ] [ 0 ],1.10,1.10,1.10,1.10,-122.57,5.75,0.00,0.50,0.50,0.50,0.50,0.00,0.00,0.00,0.00,0.00,0.00,0.50,0.00,0.00,0.00,0
0.0487523,-111,4,626,0,DRIVE [ 99 ] [ 1 ] [ 1925 1906 1878 ] [    0    0    0 ] [      0      0      0 ] [ 0 ],drive [ 98 ] [ 1 ] [ 1925 1913 1880 ] [    2    2    2 ] [   4758  17312  11480 ] [ 0 ],1.10,1.10,1.10,1.10,-122.10,4.63,0.00,0.50,0.50,0.50,0.50,0.00,0.00,0.00,0.00,0.00,0.00,0.50,0.00,-0.00,0.00,0
0.0638624,-114,4,633,0,DRIVE [ 99 ] [ 1 ] [ 1925 1899 1875 ] [    0    0    0 ] [      0      0      0 ] [ 0 ],drive [ 99 ] [ 1 ] [ 1925 1906 1878 ] [    2    2    2 ] [   4758  17312  11480 ] [ 0 ],1.10,1.10,1.10,1.10,-124.95,4.09,0.00,0.50,0.50,0.50,0.50,0.00,0.00,0.00,0.00,0.00,0.00,0.50,0.00,0.00,0.00,0
0.0786818,-115,3,632,0,DRIVE [ 00 ] [ 1 ] [ 1925 1893 1873 ] [    0    0    0 ] [      0      0      0 ] [ 0 ],drive [ 99 ] [ 1 ] [ 1925 1899 1875 ] [    2    2    2 ] [   4758  17312  11480 ] [ 0 ],1.10,1.10,1.10,1.10,-126.16,3.60,0.00,0.50,0.50,0.50,0.50,0.00,0.00,0.00,0.00,0.00,0.00,0.50,0.00,0.00,0.00,0
0.0928137,-120,4,643,0,DRIVE [ 00 ] [ 1 ] [ 1925 1885 1870 ] [    0    0    0 ] [      0      0      0 ] [ 0 ],drive [ 00 ] [ 1 ] [ 1925 1893 1873 ] [    2    2    2 ] [   4759  16805  11483 ] [ 0 ],1.10,1.10,1.10,1.10,-131.60,3.97,0.00,0.50,0.50,0.50,0.50,0.00,0.00,0.00,0.00,0.00,0.00,0.50,0.00,0.00,0.00,0
0.107034,-120,4,643,0,DRIVE [ 01 ] [ 1 ] [ 1925 1889 1872 ] [    0    0    0 ] [      0      0      0 ] [ 0 ],drive [ 00 ] [ 1 ] [ 1925 1885 1870 ] [    3    5    3 ] [   4759  16805  11483 ] [ 0 ],1.10,1.10,1.10,1.10,-118.44,3.57,0.00,0.50,0.50,0.50,0.50,0.00,0.00,0.00,0.00,0.00,0.00,0.50,0.00,0.00,0.00,0
0.122936,-126,5,640,0,DRIVE [ 01 ] [ 1 ] [ 1925 1870 1865 ] [    0    0    0 ] [      0      0      0 ] [ 0 ],drive [ 01 ] [ 1 ] [ 1925 1889 1872 ] [    3    5    3 ] [   4759  16805  11483 ] [ 0 ],1.10,1.10,1.10,1.10,-138.55,5.10,0.00,0.50,0.50,0.50,0.50,0.00,0.00,0.00,0.00,0.00,0.00,0.50,0.00,0.00,0.00,0
0.138048,-133,6,649,0,DRIVE [ 02 ] [ 1 ] [ 1925 1859 1861 ] [    0    0    0 ] [      0      0      0 ] [ 0 ],drive [ 01 ] [ 1 ] [ 1925 1870 1865 ] [    3    5    3 ] [   4759  16816  11486 ] [ 0 ],1.10,1.10,1.10,1.10,-146.02,6.45,0.00,0.50,0.50,0.50,0.50,0.00,0.00,0.00,0.00,0.00,0.00,0.50,0.00,0.00,0.00,0
0.15269,156,-63,619,0,DRIVE [ 02 ] [ 1 ] [ 1854 1859 1824 ] [    0    0    0 ] [      0      0      0 ] [ 0 ],drive [ 02 ] [ 1 ] [ 1925 1859 1861 ] [    3    7    4 ] [   4759  16816  11486 ] [ 0 ],1.10,1.10,1.10,1.10,171.97,-69.73,0.00,0.50,0.50,0.50,0.50,0.00,0.00,0.00,0.00,0.00,0.00,0.50,0.00,0.00,0.00,0
0.168026,163,-65,645,0,DRIVE [ 03 ] [ 1 ] [ 1846 1859 1819 ] [    0    0    0 ] [      0      0      0 ] [ 0 ],drive [ 02 ] [ 1 ] [ 1854 1859 1824 ] [    3    7    4 ] [   4759  16816  11486 ] [ 0 ],1.10,1.10,1.10,1.10,179.16,-71.19,0.00,0.50,0.50,0.50,0.50,0.00,0.00,0.00,0.00,0.00,0.00,0.50,0.00,0.00,0.00,0
0.18282,160,-59,626,0,DRIVE [ 03 ] [ 1 ] [ 1837 1859 1815 ] [    0    0    0 ] [      0      0      0 ] [ 0 ],drive [ 03 ] [ 1 ] [ 1846 1859 1819 ] [    3    7    4 ] [   4762  16818  11487 ] [ 0 ],1.10,1.10,1.10,1.10,175.98,-64.66,0.00,0.50,0.50,0.50,0.50,0.00,0.00,0.00,0.00,0.00,0.00,0.50,-0.00,0.00,0.00,0
0.197599,161,-58,626,0,DRIVE [ 04 ] [ 1 ] [ 1829 1859 1809 ] [    0    0    0 ] [      0      0      0 ] [ 0 ],drive [ 03 ] [ 1 ] [ 1837 1859 1815 ] [   23    8   12 ] [   4762  16818  11487 ] [ 0 ],1.10,1.10,1.10,1.10,177.32,-63.55,0.00,0.50,0.50,0.50,0.50,0.00,0.00,0.00,0.00,0.00,0.00,0.50,0.00,0.00,0.00,0
0.212013,162,-57,625,0,DRIVE [ 04 ] [ 1 ] [ 1820 1859 1804 ] [    0    0    0 ] [      0      0      0 ] [ 0 ],drive [ 04 ] [ 1 ] [ 1829 1859 1809 ] [   23    8   12 ] [   4762  16818  11487 ] [ 0 ],1.10,1.10,1.10,1.10,178.39,-62.43,0.00,0.50,0.50,0.50,0.50,0.00,0.00,0.00,0.00,0.00,0.00,0.50,0.00,0.00,0.00,0
0.226953,163,-56,625,0,DRIVE [ 05 ] [ 1 ] [ 1812 1859 1798 ] [    0    0    0 ] [      0      0      0 ] [ 0 ],drive [ 04 ] [ 1 ] [ 1820 1859 1804 ] [   23    8   12 ] [   4762  16818  11487 ] [ 0 ],1.10,1.10,1.10,1.10,179.78,-61.25,0.00,0.50,0.50,0.50,0.50,0.00,0.00,0.00,0.00,0.00,0.00,0.50,0.00,0.00,0.00,0
0.241254,166,-54,626,0,DRIVE [ 05 ] [ 1 ] [ 1802 1859 1793 ] [    0    0    0 ] [      0      0      0 ] [ 0 ],drive [ 05 ] [ 1 ] [ 1812 1859 1798 ] [   23    8   12 ] [   4786  16805  11491 ] [ 0 ],1.10,1.10,1.10,1.10,182.28,-59.30,0.00,0.50,0.50,0.50,0.50,0.00,0.00,0.00,0.00,0.00,0.00,0.50,0.00,0.00,0.00,0
0.256017,167,-52,625,0,DRIVE [ 06 ] [ 1 ] [ 1792 1859 1789 ] [    0    0    0 ] [      0      0      0 ] [ 0 ],drive [ 05 ] [ 1 ] [ 1802 1859 1793 ] [   34   16   22 ] [   4786  16805  11491 ] [ 0 ],1.10,1.10,1.10,1.10,184.17,-56.96,0.00,0.50,0.50,0.50,0.50,0.00,0.00,0.00,0.00,0.00,0.00,0.50,0.00,0.00,0.00,0
0.270852,168,-49,621,0,DRIVE [ 06 ] [ 1 ] [ 1782 1859 1784 ] [    0    0    0 ] [      0      0      0 ] [ 0 ],drive [ 06 ] [ 1 ] [ 1792 1859 1789 ] [   34   16   22 ] [   4786  16805  11491 ] [ 0 ],1.10,1.10,1.10,1.10,185.04,-54.08,0.00,0.50,0.50,0.50,0.50,0.00,0.00,0.00,0.00,0.00,0.00,0.50,0.00,0.00,0.00,0
0.28551,169,-45,613,0,DRIVE [ 07 ] [ 1 ] [ 1769 1859 1780 ] [    0    0    0 ] [      0      0      0 ] [ 0 ],drive [ 06 ] [ 1 ] [ 1782 1859 1784 ] [   34   16   22 ] [   4893  16696  11514 ] [ 0 ],1.10,1.10,1.10,1.10,186.17,-49.98,0.00,0.50,0.50,0.50,0.50,0.00,0.00,0.00,0.00,0.00,0.00,0.50,0.00,0.00,0.00,0
0.300147,172,-42,613,0,DRIVE [ 07 ] [ 1 ] [ 1756 1859 1776 ] [    0    0    0 ] [      0      0      0 ] [ 0 ],drive [ 07 ] [ 1 ] [ 1769 1859 1780 ] [   33    7   30 ] [   4893  16696  11514 ] [ 0 ],1.10,1.10,1.10,1.10,189.17,-46.45,0.00,0.50,0.50,0.50,0.50,0.00,0.00,0.00,0.00,0.00,0.00,0.50,0.00,0.00,0.00,0
0.314327,173,-39,607,0,DRIVE [ 08 ] [ 1 ] [ 1744 1859 1773 ] [    0    0    0 ] [      0      0      0 ] [ 0 ],drive [ 07 ] [ 1 ] [ 1756 1859 1776 ] [   33    7   30 ] [   4893  16696  11514 ] [ 0 ],1.10,1.10,1.10,1.10,190.40,-42.79,0.00,0.50,0.50,0.50,0.50,0.00,0.00,0.00,0.00,0.00,0.00,0.50,0.00,0.00,0.00,0
0.329018,174,-35,602,0,DRIVE [ 08 ] [ 1 ] [ 1730 1859 1770 ] [    0    0    0 ] [      0      0      0 ] [ 0 ],drive [ 08 ] [ 1 ] [ 1744 1859 1773 ] [   33    7   30 ] [   4893  16696  11514 ] [ 0 ],1.10,1.10,1.10,1.10,191.91,-38.48,0.00,0.50,0.50,0.50,0.50,0.00,0.00,0.00,0.00,0.00,0.00,0.50,0.00,0.00,0.00,0
0.343504,176,-31,599,0,DRIVE [ 09 ] [ 1 ] [ 1716 1859 1767 ] [    0    0    0 ] [      0      0      0 ] [ 0 ],drive [ 08 ] [ 1 ] [ 1730 1859 1770 ] [   33    7   30 ] [   4991  16440  11513 ] [ 0 ],1.10,1.10,1.10,1.10,193.37,-34.20,0.00,0.50,0.50,0.50,0.50,0.00,0.00,0.00,0.00,0.00,0.00,0.50,0.00,0.00,0.00,0
0.35815,177,-27,596,0,DRIVE [ 09 ] [ 1 ] [ 1703 1859 1764 ] [    0    0    0 ] [      0      0      0 ] [ 0 ],drive [ 09 ] [ 1 ] [ 1716 1859 1767 ] [   30   17   32 ] [   4991  16440  11513 ] [ 0 ],1.10,1.10,1.10,1.10,194.29,-30.10,0.00,0.50,0.50,0.50,0.50,0.00,0.00,0.00,0.00,0.00,0.00,0.50,0.00,0.00,0.00,0
0.372782,176,-23,589,0,DRIVE [ 10 ] [ 1 ] [ 1688 1859 1763 ] [    0    0    0 ] [      0      0      0 ] [ 0 ],drive [ 09 ] [ 1 ] [ 1703 1859 1764 ] [   30   17   32 ] [   4991  16440  11513 ] [ 0 ],1.10,1.10,1.10,1.10,194.01,-25.40,0.00,0.50,0.50,0.50,0.50,0.00,0.00,0.00,0.00,0.00,0.00,0.50,0.00,0.00,0.00,0
0.38709,177,-19,584,0,DRIVE [ 10 ] [ 1 ] [ 1673 1859 1760 ] [    0    0    0 ] [      0      0      0 ] [ 0 ],drive [ 10 ] [ 1 ] [ 1688 1859 1763 ] [   30   17   32 ] [   5256  16326  11510 ] [ 0 ],1.10,1.10,1.10,1.10,194.40,-21.35,0.00,0.50,0.50,0.50,0.50,0.00,0.00,0.00,0.00,0.00,0.00,0.50,0.00,0.00,0.00,0
0.401751,178,-16,580,0,DRIVE [ 11 ] [ 1 ] [ 1658 1859 1758 ] [    0    0    0 ] [      0      0      0 ] [ 0 ],drive [ 10 ] [ 1 ] [ 1673 1859 1760 ] [   40   28   31 ] [   5256  16326  11510 ] [ 0 ],1.10,1.10,1.10,1.10,195.46,-18.09,0.00,0.50,0.50,0.50,0.50,0.00,0.00,0.00,0.00,0.00,0.00,0.50,0.00,0.00,0.00,0
0.416579,178,-14,575,0,DRIVE [ 11 ] [ 1 ] [ 1643 1859 1754 ] [    0    0    0 ] [      0      0      0 ] [ 0 ],drive [ 11 ] [ 1 ] [ 1658 1859 1758 ] [   40   28   31 ] [   5256  16326  11510 ] [ 0 ],1.10,1.10,1.10,1.10,195.94,-15.38,0.00,0.50,0.50,0.50,0.50,0.00,0.00,0.00,0.00,0.00,0.00,0.50,0.00,0.00,0.00,0
0.430853,178,-11,566,0,DRIVE [ 12 ] [ 1 ] [ 1626 1859 1751 ] [    0    0    0 ] [      0      0      0 ] [ 0 ],drive [ 11 ] [ 1 ] [ 1643 1859 1754 ] [   40   28   31 ] [   5256  16326  11510 ] [ 0 ],1.10,1.10,1.10,1.10,195.58,-12.26,0.00,0.50,0.50,0.50,0.50,0.00,0.00,0.00,0.00,0.00,0.00,0.50,0.00,0.00,0.00,0
0.445188,178,-9,558,0,DRIVE [ 12 ] [ 1 ] [ 1609 1859 1748 ] [    0    0    0 ] [      0      0      0 ] [ 0 ],drive [ 12 ] [ 1 ] [ 1626 1859 1751 ] [   40   28   31 ] [   5541  16294  11503 ] [ 0 ],1.10,1.10,1.10,1.10,195.61,-9.54,0.00,0.50,0.50,0.50,0.50,0.00,0.00,0.00,0.00,0.00,0.00,0.50,0.00,0.00,0.00,0
0.459499,180,-6,555,0,DRIVE [ 13 ] [ 1 ] [ 1592 1859 1744 ] [    0    0    0 ] [      0      0      0 ] [ 0 ],drive [ 12 ] [ 1 ] [ 1609 1859 1748 ] [   32   28   29 ] [   5541  16294  11503 ] [ 0 ],1.10,1.10,1.10,1.10,197.52,-7.11,0.00,0.50,0.50,0.50,0.50,0.00,0.00,0.00,0.00,0.00,0.00,0.50,0.00,0.00,0.00,0
0.473898,182,-4,553,0,DRIVE [ 13 ] [ 1 ] [ 1573 1859 1740 ] [    0    0    0 ] [      0      0      0 ] [ 0 ],drive [ 13 ] [ 1 ] [ 1592 1859 1744 ] [   32   28   29 ] [   5541  16294  11503 ] [ 0 ],1.10,1.10,1.10,1.10,200.48,-4.45,0.00,0.50,0.50,0.50,0.50,0.00,0.00,0.00,0.00,0.00,0.00,0.50,0.00,0.00,0.00,0
0.488409,184,-2,552,0,DRIVE [ 14 ] [ 1 ] [ 1554 1859 1737 ] [    0    0    0 ] [      0      0      0 ] [ 0 ],drive [ 13 ] [ 1 ] [ 1573 1859 1740 ] [   32   28   29 ] [   5899  16274  11501 ] [ 0 ],1.10,1.10,1.10,1.10,202.90,-1.82,0.00,0.50,0.50,0.50,0.50,0.00,0.00,0.00,0.00,0.00,0.00,0.50,0.00,0.00,0.00,0
0.502567,186,1,549,0,DRIVE [ 14 ] [ 1 ] [ 1535 1859 1734 ] [    0    0    0 ] [      0      0      0 ] [ 0 ],drive [ 14 ] [ 1 ] [ 1554 1859 1737 ] [   47   23   28 ] [   5899  16274  11501 ] [ 0 ],1.10,1.10,1.10,1.10,204.32,0.91,0.00,0.50,0.50,0.50,0.50,0.00,0.00,0.00,0.00,0.00,0.00,0.50,0.00,0.00,0.00,0
0.516747,187,4,546,0,DRIVE [ 15 ] [ 1 ] [ 1516 1859 1732 ] [    0    0    0 ] [      0      0      0 ] [ 0 ],drive [ 14 ] [ 1 ] [ 1535 1859 1734 ] [   47   23   28 ] [   5899  16274  11501 ] [ 0 ],1.10,1.10,1.10,1.10,205.45,3.92,0.00,0.50,0.50,0.50,0.50,0.00,0.00,0.00,0.00,0.00,0.00,0.50,0.00,0.00,0.00,0
0.531273,187,4,546,0,DRIVE [ 15 ] [ 1 ] [ 1556 1859 1747 ] [    0    0    0 ] [      0      0      0 ] [ 0 ],drive [ 15 ] [ 1 ] [ 1516 1859 1732 ] [   47   23   28 ] [   6200  16275  11498 ] [ 0 ],1.10,1.10,1.10,1.10,184.90,3.53,0.00,0.50,0.50,0.50,0.50,0.00,0.00,0.00,0.00,0.00,0.00,0.50,0.00,0.00,0.00,0
0.545439,186,8,534,0,DRIVE [ 16 ] [ 1 ] [ 1480 1859 1728 ] [    0    0    0 ] [      0      0      0 ] [ 0 ],drive [ 15 ] [ 1 ] [ 1556 1859 1747 ] [   47   23   28 ] [   6200  16275  11498 ] [ 0 ],1.10,1.10,1.10,1.10,204.08,8.96,0.00,0.50,0.50,0.50,0.50,0.00,0.00,0.00,0.00,0.00,0.00,0.50,0.00,0.00,0.00,0
0.559938,184,12,521,0,DRIVE [ 16 ] [ 1 ] [ 1455 1859 1728 ] [    0    0    0 ] [      0      0      0 ] [ 0 ],drive [ 16 ] [ 1 ] [ 1480 1859 1728 ] [   39   23   27 ] [   6200  16275  11498 ] [ 0 ],1.10,1.10,1.10,1.10,201.91,13.29,0.00,0.50,0.50,0.50,0.50,0.00,0.00,0.00,0.00,0.00,0.00,0.50,0.00,0.00,0.00,0
0.574257,183,17,509,0,DRIVE [ 17 ] [ 1 ] [ 1425 1859 1729 ] [    0    0    0 ] [      0      0      0 ] [ 0 ],drive [ 16 ] [ 1 ] [ 1455 1859 1728 ] [   39   23   27 ] [   6200  16275  11498 ] [ 0 ],1.10,1.10,1.10,1.10,200.98,18.93,0.00,0.50,0.50,0.50,0.50,0.00,0.00,0.00,0.00,0.00,0.00,0.50,0.00,0.00,0.00,0
0.588732,183,22,500,0,DRIVE [ 17 ] [ 1 ] [ 1394 1859 1730 ] [    0    0    0 ] [      0      0      0 ] [ 0 ],drive [ 17 ] [ 1 ] [ 1425 1859 1729 ] [   39   23   27 ] [   6235  16241  11494 ] [ 0 ],1.10,1.10,1.10,1.10,201.39,24.06,0.00,0.50,0.50,0.50,0.50,0.00,0.00,0.00,0.00,0.00,0.00,0.50,0.00,0.00,0.00,0
0.602972,183,26,490,0,DRIVE [ 18 ] [ 1 ] [ 1363 1859 1730 ] [    0    0    0 ] [      0      0      0 ] [ 0 ],drive [ 17 ] [ 1 ] [ 1394 1859 1730 ] [   48   30   24 ] [   6235  16241  11494 ] [ 0 ],1.10,1.10,1.10,1.10,201.08,28.39,0.00,0.50,0.50,0.50,0.50,0.00,0.00,0.00,0.00,0.00,0.00,0.50,0.00,0.00,0.00,0
0.617141,184,29,482,0,DRIVE [ 18 ] [ 1 ] [ 1332 1859 1729 ] [    0    0    0 ] [      0      0      0 ] [ 0 ],drive [ 18 ] [ 1 ] [ 1363 1859 1730 ] [   48   30   24 ] [   6235  16241  11494 ] [ 0 ],1.10,1.10,1.10,1.10,201.91,32.24,0.00,0.50,0.50,0.50,0.50,0.00,0.00,0.00,0.00,0.00,0.00,0.50,0.00,0.00,0.00,0
0.631287,183,33,472,0,DRIVE [ 19 ] [ 1 ] [ 1299 1859 1730 ] [    0    0    0 ] [      0      0      0 ] [ 0 ],drive [ 18 ] [ 1 ] [ 1332 1859 1729 ] [   48   30   24 ] [   6399  15652  11483 ] [ 0 ],1.10,1.10,1.10,1.10,201.06,36.24,0.00,0.50,0.50,0.50,0.50,0.00,0.00,0.00,0.00,0.00,0.00,0.50,0.00,0.00,0.00,0
0.645232,180,36,458,0,DRIVE [ 19 ] [ 1 ] [ 1269 1859 1732 ] [    0    0    0 ] [      0      0      0 ] [ 0 ],drive [ 19 ] [ 1 ] [ 1299 1859 1730 ] [   48   30   24 ] [   6399  15652  11483 ] [ 0 ],1.10,1.10,1.10,1.10,197.61,39.69,0.00,0.50,0.50,0.50,0.50,0.00,0.00,0.00,0.00,0.00,0.00,0.50,0.00,0.00,0.00,0
0.658985,177,39,450,0,DRIVE [ 20 ] [ 1 ] [ 1243 1859 1735 ] [    0    0    0 ] [      0      0      0 ] [ 0 ],drive [ 19 ] [ 1 ] [ 1269 1859 1732 ] [   76   21   25 ] [   6399  15652  11483 ] [ 0 ],1.10,1.10,1.10,1.10,194.47,43.34,0.00,0.50,0.50,0.50,0.50,0.00,0.00,0.00,0.00,0.00,0.00,0.50,0.00,0.00,0.00,0
0.672782,173,43,444,0,DRIVE [ 20 ] [ 1 ] [ 1221 1859 1742 ] [    0    0    0 ] [      0      0      0 ] [ 0 ],drive [ 20 ] [ 1 ] [ 1243 1859 1735 ] [   76   21   25 ] [   6399  15652  11483 ] [ 0 ],1.10,1.10,1.10,1.10,190.83,47.22,0.00,0.50,0.50,0.50,0.50,0.00,0.00,0.00,0.00,0.00,0.00,0.50,0.00,0.00,0.00,0
0.686394,166,47,438,0,DRIVE [ 21 ] [ 1 ] [ 1208 1859 1754 ] [    0    0    0 ] [      0      0      0 ] [ 0 ],drive [ 20 ] [ 1 ] [ 1221 1859 1742 ] [   76   21   25 ] [   7099  15507  11413 ] [ 0 ],1.10,1.10,1.10,1.10,182.69,51.59,0.00,0.50,0.50,0.50,0.50,0.00,0.00,0.00,0.00,0.00,0.00,0.50,0.00,0.00,0.00,0
0.700137,159,50,431,0,DRIVE [ 21 ] [ 1 ] [ 1197 1859 1767 ] [    0    0    0 ] [      0      0      0 ] [ 0 ],drive [ 21 ] [ 1 ] [ 1208 1859 1754 ] [   79   25   39 ] [   7099  15507  11413 ] [ 0 ],1.10,1.10,1.10,1.10,174.43,55.40,0.00,0.50,0.50,0.50,0.50,0.00,0.00,0.00,0.00,0.00,0.00,0.50,-0.00,-0.00,0.00,0
0.713331,151,53,424,0,DRIVE [ 22 ] [ 1 ] [ 1189 1859 1779 ] [    0    0    0 ] [      0      0      0 ] [ 0 ],drive [ 21 ] [ 1 ] [ 1197 1859 1767 ] [   79   25   39 ] [   7099  15507  11413 ] [ 0 ],1.10,1.10,1.10,1.10,165.76,58.26,0.00,0.50,0.50,0.50,0.50,0.00,0.00,0.00,0.00,0.00,0.00,0.50,-0.00,-0.00,0.00,0
0.727117,143,55,418,0,DRIVE [ 22 ] [ 1 ] [ 1182 1859 1791 ] [    0    0    0 ] [      0      0      0 ] [ 0 ],drive [ 22 ] [ 1 ] [ 1189 1859 1779 ] [   79   25   39 ] [   7099  15507  11413 ] [ 0 ],1.10,1.10,1.10,1.10,157.82,60.56,0.00,0.50,0.50,0.50,0.50,0.00,0.00,0.00,0.00,0.00,0.00,0.50,-0.00,-0.00,0.00,0
0.740425,137,57,412,0,DRIVE [ 23 ] [ 1 ] [ 1175 1859 1802 ] [    0    0    0 ] [      0      0      0 ] [ 0 ],drive [ 22 ] [ 1 ] [ 1182 1859 1791 ] [   79   25   39 ] [   7527  15499  11334 ] [ 0 ],1.10,1.10,1.10,1.10,150.16,62.58,0.00,0.50,0.50,0.50,0.50,0.00,0.00,0.00,0.00,0.00,0.00,0.50,-0.00,-0.00,0.00,0
0.75388,128,58,404,0,DRIVE [ 23 ] [ 1 ] [ 1171 1859 1816 ] [    0    0    0 ] [      0      0      0 ] [ 0 ],drive [ 23 ] [ 1 ] [ 1175 1859 1802 ] [   90   27   11 ] [   7527  15499  11334 ] [ 0 ],1.10,1.10,1.10,1.10,140.91,64.27,0.00,0.50,0.50,0.50,0.50,0.00,0.00,0.00,0.00,0.00,0.00,0.50,-0.00,-0.00,0.00,0
0.767135,121,59,397,0,DRIVE [ 24 ] [ 1 ] [ 1168 1859 1827 ] [    0    0    0 ] [      0      0      0 ] [ 0 ],drive [ 23 ] [ 1 ] [ 1171 1859 1816 ] [   90   27   11 ] [   7527  15499  11334 ] [ 0 ],1.10,1.10,1.10,1.10,132.57,65.13,0.00,0.50,0.50,0.50,0.50,0.00,0.00,0.00,0.00,0.00,0.00,0.50,-0.00,-0.00,0.00,0
0.779984,114,59,390,0,DRIVE [ 24 ] [ 1 ] [ 1168 1859 1837 ] [    0    0    0 ] [      0      0      0 ] [ 0 ],drive [ 24 ] [ 1 ] [ 1168 1859 1827 ] [   90   27   11 ] [   7941  15497  11085 ] [ 0 ],1.10,1.10,1.10,1.10,124.88,65.35,0.00,0.50,0.50,0.50,0.50,0.00,0.00,0.00,0.00,0.00,0.00,0.50,-0.00,-0.00,0.00,0
0.793111,107,59,383,0,DRIVE [ 25 ] [ 1 ] [ 1170 1859 1846 ] [    0    0    0 ] [      0      0      0 ] [ 0 ],drive [ 24 ] [ 1 ] [ 1168 1859 1837 ] [   90   27   11 ] [   7941  15497  11085 ] [ 0 ],1.10,1.10,1.10,1.10,117.25,64.85,0.00,0.50,0.50,0.50,0.50,0.00,0.00,0.00,0.00,0.00,0.00,0.50,-0.00,-0.00,0.00,0
0.806095,98,58,376,0,DRIVE [ 25 ] [ 1 ] [ 1182 1859 1857 ] [    0    0    0 ] [      0      0      0 ] [ 0 ],drive [ 25 ] [ 1 ] [ 1170 1859 1846 ] [   90   26   26 ] [   7941  15497  11085 ] [ 0 ],1.10,1.10,1.10,1.10,108.07,63.85,0.00,0.50,0.50,0.50,0.50,0.00,0.00,0.00,0.00,0.00,0.00,0.50,-0.00,-0.00,0.00,0
0.818914,91,57,370,0,DRIVE [ 26 ] [ 1 ] [ 1195 1859 1867 ] [    0    0    0 ] [      0      0      0 ] [ 0 ],drive [ 25 ] [ 1 ] [ 1182 1859 1857 ] [   90   26   26 ] [   7941  15497  11085 ] [ 0 ],1.10,1.10,1.10,1.10,99.92,62.59,0.00,0.50,0.50,0.50,0.50,0.00,0.00,0.00,0.00,0.00,0.00,0.50,-0.00,-0.00,0.00,0
0.83196,84,55,365,0,DRIVE [ 26 ] [ 1 ] [ 1211 1859 1876 ] [    0    0    0 ] [      0      0      0 ] [ 0 ],drive [ 26 ] [ 1 ] [ 1195 1859 1867 ] [   90   26   26 ] [   8413  15496  10824 ] [ 0 ],1.10,1.10,1.10,1.10,92.22,60.89,0.00,0.50,0.50,0.50,0.50,0.00,0.00,0.00,0.00,0.00,0.00,0.50,-0.00,-0.00,0.00,0
0.844089,77,53,358,0,DRIVE [ 27 ] [ 1 ] [ 1228 1859 1883 ] [    0    0    0 ] [      0      0      0 ] [ 0 ],drive [ 26 ] [ 1 ] [ 1211 1859 1876 ] [   67   27   24 ] [   8413  15496  10824 ] [ 0 ],1.10,1.10,1.10,1.10,84.56,58.71,0.00,0.50,0.50,0.50,0.50,0.00,0.00,0.00,0.00,0.00,0.00,0.50,-0.00,-0.00,0.00,0
0.857043,71,52,358,0,DRIVE [ 27 ] [ 1 ] [ 1264 1918 1883 ] [    0    0    0 ] [      0      0      0 ] [ 0 ],drive [ 27 ] [ 1 ] [ 1228 1859 1883 ] [   67   27   24 ] [   8413  15496  10824 ] [ 0 ],1.10,1.10,1.10,1.10,78.20,57.36,0.00,0.50,0.50,0.50,0.50,0.00,0.00,0.00,0.00,0.00,0.00,0.50,-0.00,-0.00,0.00,0
0.869439,63,49,349,0,DRIVE [ 28 ] [ 1 ] [ 1314 1907 1883 ] [    0    0    0 ] [      0      0      0 ] [ 0 ],drive [ 27 ] [ 1 ] [ 1264 1918 1883 ] [   67   27   24 ] [   8413  15496  10824 ] [ 0 ],1.10,1.10,1.10,1.10,68.76,54.35,0.00,0.50,0.50,0.50,0.50,0.00,0.00,0.00,0.00,0.00,0.00,0.50,-0.00,-0.00,0.00,0
0.8819,55,47,341,0,DRIVE [ 28 ] [ 1 ] [ 1362 1897 1883 ] [    0    0    0 ] [      0      0      0 ] [ 0 ],drive [ 28 ] [ 1 ] [ 1314 1907 1883 ] [   67   27   24 ] [   8531  15494  10516 ] [ 0 ],1.10,1.10,1.10,1.10,60.41,51.40,0.00,0.50,0.50,0.50,0.50,0.00,0.00,0.00,0.00,0.00,0.00,0.50,-0.00,-0.00,0.00,0
0.893849,48,44,335,0,DRIVE [ 29 ] [ 1 ] [ 1407 1888 1883 ] [    0    0    0 ] [      0      0      0 ] [ 0 ],drive [ 28 ] [ 1 ] [ 1362 1897 1883 ] [   61    3   30 ] [   8531  15494  10516 ] [ 0 ],1.10,1.10,1.10,1.10,52.99,48.60,0.00,0.50,0.50,0.50,0.50,0.00,0.00,0.00,0.00,0.00,0.00,0.50,-0.00,-0.00,0.00,0
0.906256,42,42,330,0,DRIVE [ 29 ] [ 1 ] [ 1450 1880 1883 ] [    0    0    0 ] [      0      0      0 ] [ 0 ],drive [ 29 ] [ 1 ] [ 1407 1888 1883 ] [   61    3   30 ] [   8531  15494  10516 ] [ 0 ],1.10,1.10,1.10,1.10,46.57,45.96,0.00,0.50,0.50,0.50,0.50,0.00,0.00,0.00,0.00,0.00,0.00,0.50,-0.00,-0.00,0.00,0
0.918462,37,39,327,0,DRIVE [ 30 ] [ 1 ] [ 1491 1874 1883 ] [    0    0    0 ] [      0      0      0 ] [ 0 ],drive [ 29 ] [ 1 ] [ 1450 1880 1883 ] [   61    3   30 ] [   8531  15494  10516 ] [ 0 ],1.10,1.10,1.10,1.10,40.80,43.19,0.00,0.50,0.50,0.50,0.50,0.00,0.00,0.00,0.00,0.00,0.00,0.50,-0.00,-0.00,0.00,0
0.93052,32,37,321,0,DRIVE [ 30 ] [ 1 ] [ 1528 1869 1883 ] [    0    0    0 ] [      0      0      0 ] [ 0 ],drive [ 30 ] [ 1 ] [ 1491 1874 1883 ] [   61    3   30 ] [   8522  15233  10301 ] [ 0 ],1.10,1.10,1.10,1.10,35.28,40.22,0.00,0.50,0.50,0.50,0.50,0.32,0.33,0.00,0.00,0.00,0.00,0.50,-0.00,-0.00,0.00,0
0.943003,27,34,316,0,DRIVE [ 31 ] [ 1 ] [ 1568 1861 1883 ] [    0    0    0 ] [      0      0      0 ] [ 0 ],drive [ 30 ] [ 1 ] [ 1528 1869 1883 ] [   61    3   30 ] [   8522  15233  10301 ] [ 0 ],1.10,1.10,1.10,1.10,29.39,37.53,0.00,0.50,0.50,0.50,0.50,0.58,0.65,0.00,0.00,0.00,0.00,0.50,-0.00,-0.00,0.00,0
0.955759,21,32,312,0,DRIVE [ 31 ] [ 1 ] [ 1612 1848 1883 ] [    0    0    0 ] [      0      0      0 ] [ 0 ],drive [ 31 ] [ 1 ] [ 1568 1861 1883 ] [   39    8   17 ] [   8522  15233  10301 ] [ 0 ],1.10,1.10,1.10,1.10,23.17,35.64,0.00,0.50,0.50,0.50,0.50,0.78,0.95,0.00,0.00,0.00,0.00,0.50,-0.00,-0.00,0.00,0
0.968162,15,31,307,0,DRIVE [ 32 ] [ 1 ] [ 1659 1827 1883 ] [    0    0    0 ] [      0      0      0 ] [ 0 ],drive [ 31 ] [ 1 ] [ 1612 1848 1883 ] [   39    8   17 ] [   8522  15233  10301 ] [ 0 ],1.10,1.10,1.10,1.10,16.03,34.65,0.00,0.50,0.50,0.50,0.50,0.91,1.26,0.00,0.00,0.00,0.00,0.50,-0.00,-0.00,0.00,0
0.980016,8,31,301,0,DRIVE [ 32 ] [ 1 ] [ 1703 1796 1883 ] [    0    0    0 ] [      0      0      0 ] [ 0 ],drive [ 32 ] [ 1 ] [ 1659 1827 1883 ] [   39    8   17 ] [   8511  15201  10301 ] [ 0 ],1.10,1.10,1.10,1.10,8.32,34.31,0.00,0.50,0.50,0.50,0.50,0.97,1.57,0.00,0.00,0.00,0.00,0.50,-0.00,-0.00,0.00,0
0.992267,-2,31,295,0,DRIVE [ 33 ] [ 1 ] [ 1753 1741 1883 ] [    0    0    0 ] [      0      0      0 ] [ 0 ],drive [ 32 ] [ 1 ] [ 1703 1796 1883 ] [   39    8   17 ] [   8511  15201  10301 ] [ 0 ],1.10,1.10,1.10,1.10,-2.02,34.45,0.00,0.50,0.50,0.50,0.50,0.90,1.89,0.00,0.00,0.00,0.00,0.50,0.00,0.00,0.00,0
1.00454,-11,31,289,0,DRIVE [ 33 ] [ 1 ] [ 1790 1675 1883 ] [    0    0    0 ] [      0      0      0 ] [ 0 ],drive [ 33 ] [ 1 ] [ 1753 1741 1883 ] [   21    8   17 ] [   8511  15201  10301 ] [ 0 ],1.10,1.10,1.10,1.10,-11.60,34.54,0.00,0.50,0.50,0.50,0.50,0.76,2.20,0.00,0.00,0.00,0.00,0.50,0.00,0.00,0.00,0
1.01661,-19,32,283,0,DRIVE [ 34 ] [ 1 ] [ 1821 1596 1883 ] [    0    0    0 ] [      0      0      0 ] [ 0 ],drive [ 33 ] [ 1 ] [ 1790 1675 1883 ] [   21    8   17 ] [   8511  15201  10301 ] [ 0 ],1.10,1.10,1.10,1.10,-20.67,34.69,0.00,0.50,0.50,0.50,0.50,0.55,2.52,0.00,0.00,0.00,0.00,0.50,0.00,0.00,0.00,0
1.02904,-27,31,279,0,DRIVE [ 34 ] [ 1 ] [ 1849 1507 1883 ] [    0    0    0 ] [      0      0      0 ] [ 0 ],drive [ 34 ] [ 1 ] [ 1821 1596 1883 ] [   21    8   17 ] [   8511  15201  10301 ] [ 0 ],1.10,1.10,1.10,1.10,-29.52,34.62,0.00,0.50,0.50,0.50,0.50,0.25,2.84,0.00,0.00,0.00,0.00,0.50,0.00,0.00,0.00,0
1.04037,-34,31,274,0,DRIVE [ 35 ] [ 1 ] [ 1876 1411 1883 ] [    0    0    0 ] [      0      0      0 ] [ 0 ],drive [ 34 ] [ 1 ] [ 1849 1507 1883 ] [   21    8   17 ] [   8460  15282  10298 ] [ 0 ],1.10,1.10,1.10,1.10,-37.82,34.35,0.00,0.50,0.50,0.50,0.50,-0.11,3.15,0.00,0.00,0.00,0.00,0.50,0.00,0.00,0.00,0
1.05214,-42,31,270,0,DRIVE [ 35 ] [ 1 ] [ 1904 1317 1883 ] [    0    0    0 ] [      0      0      0 ] [ 0 ],drive [ 35 ] [ 1 ] [ 1876 1411 1883 ] [   23   31   21 ] [   8460  15282  10298 ] [ 0 ],1.10,1.10,1.10,1.10,-45.73,33.94,0.00,0.50,0.50,0.50,0.50,-0.10,2.99,0.00,0.00,0.00,0.00,0.50,0.00,0.00,0.00,0
1.06353,-48,30,265,0,DRIVE [ 36 ] [ 1 ] [ 1904 1234 1880 ] [    0    0    0 ] [      0      0      0 ] [ 0 ],drive [ 35 ] [ 1 ] [ 1904 1317 1883 ] [   23   31   21 ] [   8460  15282  10298 ] [ 0 ],1.10,1.10,1.10,1.10,-53.02,33.14,0.00,0.50,0.50,0.50,0.50,-0.10,2.84,0.00,0.00,0.00,0.00,0.50,0.00,0.00,0.00,0
1.07522,-54,29,262,0,DRIVE [ 36 ] [ 1 ] [ 1904 1198 1856 ] [    0    0    0 ] [      0      0      0 ] [ 0 ],drive [ 36 ] [ 1 ] [ 1904 1234 1880 ] [   23   31   21 ] [   8460  15282  10298 ] [ 0 ],1.10,1.10,1.10,1.10,-59.67,32.09,0.00,0.50,0.50,0.50,0.50,-0.09,2.70,0.00,0.00,0.00,0.00,0.50,0.00,0.00,0.00,0
1.08686,-59,28,257,0,DRIVE [ 37 ] [ 1 ] [ 1904 1165 1832 ] [    0    0    0 ] [      0      0      0 ] [ 0 ],drive [ 36 ] [ 1 ] [ 1904 1198 1856 ] [   23   31   21 ] [   7889  15939  10296 ] [ 0 ],1.10,1.10,1.10,1.10,-65.07,30.60,0.00,0.50,0.50,0.50,0.50,-0.09,2.57,0.00,0.00,0.00,0.00,0.50,0.00,0.00,0.00,0
1.09824,-63,26,253,0,DRIVE [ 37 ] [ 1 ] [ 1904 1140 1810 ] [    0    0    0 ] [      0      0      0 ] [ 0 ],drive [ 37 ] [ 1 ] [ 1904 1165 1832 ] [   19   75   22 ] [   7889  15939  10296 ] [ 0 ],1.10,1.10,1.10,1.10,-69.55,28.84,0.00,0.50,0.50,0.50,0.50,-0.08,2.44,0.00,0.00,0.00,0.00,0.50,0.00,0.00,0.00,0
1.10966,-66,24,249,0,DRIVE [ 38 ] [ 1 ] [ 1904 1124 1790 ] [    0    0    0 ] [      0      0      0 ] [ 0 ],drive [ 37 ] [ 1 ] [ 1904 1140 1810 ] [   19   75   22 ] [   7889  15939  10296 ] [ 0 ],1.10,1.10,1.10,1.10,-73.05,26.90,0.00,0.50,0.50,0.50,0.50,-0.08,2.32,0.00,0.00,0.00,0.00,0.50,0.00,0.00,0.00,0
1.1211,-68,23,245,0,DRIVE [ 38 ] [ 1 ] [ 1904 1116 1772 ] [    0    0    0 ] [      0      0      0 ] [ 0 ],drive [ 38 ] [ 1 ] [ 1904 1124 1790 ] [   19   75   22 ] [   7889  15939  10296 ] [ 0 ],1.10,1.10,1.10,1.10,-75.13,24.76,0.00,0.50,0.50,0.50,0.50,-0.08,2.20,0.00,0.00,0.00,0.00,0.50,0.00,0.00,0.00,0
1.13254,-69,20,240,0,DRIVE [ 39 ] [ 1 ] [ 1904 1120 1755 ] [    0    0    0 ] [      0      0      0 ] [ 0 ],drive [ 38 ] [ 1 ] [ 1904 1116 1772 ] [   19   75   22 ] [   7023  17152  10305 ] [ 0 ],1.10,1.10,1.10,1.10,-75.55,22.08,0.00,0.50,0.50,0.50,0.50,-0.07,2.09,0.00,0.00,0.00,0.00,0.50,0.00,0.00,0.00,0
1.14345,-68,18,237,0,DRIVE [ 39 ] [ 1 ] [ 1904 1133 1742 ] [    0    0    0 ] [      0      0      0 ] [ 0 ],drive [ 39 ] [ 1 ] [ 1904 1120 1755 ] [    4   76   14 ] [   7023  17152  10305 ] [ 0 ],1.10,1.10,1.10,1.10,-75.27,19.56,0.00,0.50,0.50,0.50,0.50,-0.07,1.99,0.00,0.00,0.00,0.00,0.50,0.00,0.00,0.00,0
1.15503,-67,15,235,0,DRIVE [ 40 ] [ 1 ] [ 1904 1155 1731 ] [    0    0    0 ] [      0      0      0 ] [ 0 ],drive [ 39 ] [ 1 ] [ 1904 1133 1742 ] [    4   76   14 ] [   7023  17152  10305 ] [ 0 ],1.10,1.10,1.10,1.10,-74.22,17.02,0.00,0.50,0.50,0.50,0.50,-0.07,1.89,0.00,0.00,0.00,0.00,0.50,0.00,0.00,0.00,0
1.16647,-66,13,232,0,DRIVE [ 40 ] [ 1 ] [ 1904 1177 1722 ] [    0    0    0 ] [      0      0      0 ] [ 0 ],drive [ 40 ] [ 1 ] [ 1904 1155 1731 ] [    4   76   14 ] [   7023  17152  10305 ] [ 0 ],1.10,1.10,1.10,1.10,-72.59,14.65,0.00,0.50,0.50,0.50,0.50,-0.06,1.79,0.00,0.00,0.00,0.00,0.50,0.00,0.00,0.00,0
1.17773,-65,11,229,0,DRIVE [ 41 ] [ 1 ] [ 1904 1195 1714 ] [    0    0    0 ] [      0      0      0 ] [ 0 ],drive [ 40 ] [ 1 ] [ 1904 1177 1722 ] [    4   76   14 ] [   7023  17152  10305 ] [ 0 ],1.10,1.10,1.10,1.10,-71.11,12.55,0.00,0.50,0.50,0.50,0.50,-0.06,1.70,0.00,0.00,0.00,0.00,0.50,0.00,0.00,0.00,0
1.18926,-64,10,226,0,DRIVE [ 41 ] [ 1 ] [ 1904 1207 1703 ] [    0    0    0 ] [      0      0      0 ] [ 0 ],drive [ 41 ] [ 1 ] [ 1904 1195 1714 ] [    4   76   14 ] [   6833  17405  10354 ] [ 0 ],1.10,1.10,1.10,1.10,-70.57,10.64,0.00,0.50,0.50,0.50,0.50,-0.06,1.62,0.00,0.00,0.00,0.00,0.50,0.00,0.00,0.00,0
1.20073,-64,8,223,0,DRIVE [ 42 ] [ 1 ] [ 1904 1209 1691 ] [    0    0    0 ] [      0      0      0 ] [ 0 ],drive [ 41 ] [ 1 ] [ 1904 1207 1703 ] [   27   88   37 ] [   6833  17405  10354 ] [ 0 ],1.10,1.10,1.10,1.10,-70.78,9.00,0.00,0.50,0.50,0.50,0.50,-0.05,1.54,0.00,0.00,0.00,0.00,0.50,0.00,0.00,0.00,0
1.21212,-65,7,220,0,DRIVE [ 42 ] [ 1 ] [ 1904 1203 1676 ] [    0    0    0 ] [      0      0      0 ] [ 0 ],drive [ 42 ] [ 1 ] [ 1904 1209 1691 ] [   27   88   37 ] [   6833  17405  10354 ] [ 0 ],1.10,1.10,1.10,1.10,-71.63,7.35,0.00,0.50,0.50,0.50,0.50,-0.05,1.46,0.00,0.00,0.00,0.00,0.50,0.00,0.00,0.00,0
1.22328,-66,5,215,0,DRIVE [ 43 ] [ 1 ] [ 1904 1193 1658 ] [    0    0    0 ] [      0      0      0 ] [ 0 ],drive [ 42 ] [ 1 ] [ 1904 1203 1676 ] [   27   88   37 ] [   6833  17405  10354 ] [ 0 ],1.10,1.10,1.10,1.10,-72.62,5.63,0.00,0.50,0.50,0.50,0.50,-0.05,1.39,0.00,0.00,0.00,0.00,0.50,0.00,0.00,0.00,0
1.23494,-67,4,212,0,DRIVE [ 43 ] [ 1 ] [ 1904 1182 1640 ] [    0    0    0 ] [      0      0      0 ] [ 0 ],drive [ 43 ] [ 1 ] [ 1904 1193 1658 ] [   27   88   37 ] [   6766  17675  10375 ] [ 0 ],1.10,1.10,1.10,1.10,-74.17,4.02,0.00,0.50,0.50,0.50,0.50,-0.05,1.32,0.00,0.00,0.00,0.00,0.50,0.00,0.00,0.00,0
1.24596,-68,2,210,0,DRIVE [ 44 ] [ 1 ] [ 1904 1180 1624 ] [    0    0    0 ] [      0      0      0 ] [ 0 ],drive [ 43 ] [ 1 ] [ 1904 1182 1640 ] [    3   67   48 ] [   6766  17675  10375 ] [ 0 ],1.10,1.10,1.10,1.10,-74.94,2.17,0.00,0.50,0.50,0.50,0.50,-0.04,1.25,0.00,0.00,0.00,0.00,0.50,0.00,0.00,0.00,0
1.25731,-68,0,207,0,DRIVE [ 44 ] [ 1 ] [ 1904 1190 1610 ] [    0    0    0 ] [      0      0      0 ] [ 0 ],drive [ 44 ] [ 1 ] [ 1904 1180 1624 ] [    3   67   48 ] [   6766  17675  10375 ] [ 0 ],1.10,1.10,1.10,1.10,-74.27,0.18,0.00,0.50,0.50,0.50,0.50,-0.04,1.19,0.00,0.00,0.00,0.00,0.50,0.00,0.00,0.00,0
1.26877,-66,-2,204,0,DRIVE [ 45 ] [ 1 ] [ 1904 1212 1602 ] [    0    0    0 ] [      0      0      0 ] [ 0 ],drive [ 44 ] [ 1 ] [ 1904 1190 1610 ] [    3   67   48 ] [   6766  17675  10375 ] [ 0 ],1.10,1.10,1.10,1.10,-72.06,-1.72,0.00,0.50,0.50,0.50,0.50,-0.04,1.13,0.00,0.00,0.00,0.00,0.50,0.00,0.00,0.00,0
1.28015,-62,-3,201,0,DRIVE [ 45 ] [ 1 ] [ 1904 1248 1600 ] [    0    0    0 ] [      0      0      0 ] [ 0 ],drive [ 45 ] [ 1 ] [ 1904 1212 1602 ] [    3   67   48 ] [   6062  18314  10513 ] [ 0 ],1.10,1.10,1.10,1.10,-68.48,-3.50,0.00,0.50,0.50,0.50,0.50,-0.04,1.07,0.00,0.00,0.00,0.00,0.50,0.00,0.00,0.00,0
1.29097,-58,-5,198,0,DRIVE [ 46 ] [ 1 ] [ 1904 1296 1603 ] [    0    0    0 ] [      0      0      0 ] [ 0 ],drive [ 45 ] [ 1 ] [ 1904 1248 1600 ] [    3   67   48 ] [   6062  18314  10513 ] [ 0 ],1.10,1.10,1.10,1.10,-63.54,-5.15,0.00,0.50,0.50,0.50,0.50,-0.04,1.02,0.00,0.00,0.00,0.00,0.50,0.00,0.00,0.00,0
1.30253,-53,-6,196,0,DRIVE [ 46 ] [ 1 ] [ 1904 1348 1610 ] [    0    0    0 ] [      0      0      0 ] [ 0 ],drive [ 46 ] [ 1 ] [ 1904 1296 1603 ] [   28   82   27 ] [   6062  18314  10513 ] [ 0 ],1.10,1.10,1.10,1.10,-57.86,-6.45,0.00,0.50,0.50,0.50,0.50,-0.49,0.96,0.00,0.00,0.00,0.00,0.50,0.00,0.00,0.00,0
1.3141,-47,-7,193,0,DRIVE [ 47 ] [ 1 ] [ 1904 1401 1621 ] [    0    0    0 ] [      0      0      0 ] [ 0 ],drive [ 46 ] [ 1 ] [ 1904 1348 1610 ] [   28   82   27 ] [   6062  18314  10513 ] [ 0 ],1.10,1.10,1.10,1.10,-51.94,-7.28,0.00,0.50,0.50,0.50,0.50,-0.89,0.90,0.00,0.00,0.00,0.00,0.50,0.00,0.00,0.00,0
1.32517,-42,-7,190,0,DRIVE [ 47 ] [ 1 ] [ 1904 1448 1636 ] [    0    0    0 ] [      0      0      0 ] [ 0 ],drive [ 47 ] [ 1 ] [ 1904 1401 1621 ] [   28   82   27 ] [   6062  18314  10513 ] [ 0 ],1.10,1.10,1.10,1.10,-46.31,-7.37,0.00,0.50,0.50,0.50,0.50,-1.24,0.85,0.00,0.00,0.00,0.00,0.50,0.00,0.00,0.00,0
1.33654,-37,-6,187,0,DRIVE [ 48 ] [ 1 ] [ 1904 1488 1655 ] [    0    0    0 ] [      0      0      0 ] [ 0 ],drive [ 47 ] [ 1 ] [ 1904 1448 1636 ] [   28   82   27 ] [   5910  18307  10826 ] [ 0 ],1.10,1.10,1.10,1.10,-41.20,-6.88,0.00,0.50,0.50,0.50,0.50,-1.56,0.80,0.00,0.00,0.00,0.00,0.50,0.00,0.00,0.00,0
1.34783,-33,-6,183,0,DRIVE [ 48 ] [ 1 ] [ 1904 1523 1673 ] [    0    0    0 ] [      0      0      0 ] [ 0 ],drive [ 48 ] [ 1 ] [ 1904 1488 1655 ] [   21   42   43 ] [   5910  18307  10826 ] [ 0 ],1.10,1.10,1.10,1.10,-36.67,-6.28,0.00,0.50,0.50,0.50,0.50,-1.85,0.76,0.00,0.00,0.00,0.00,0.50,0.00,0.00,0.00,0
1.35875,-30,-5,180,0,DRIVE [ 49 ] [ 1 ] [ 1904 1556 1691 ] [    0    0    0 ] [      0      0      0 ] [ 0 ],drive [ 48 ] [ 1 ] [ 1904 1523 1673 ] [   21   42   43 ] [   5910  18307  10826 ] [ 0 ],1.10,1.10,1.10,1.10,-32.46,-5.60,0.00,0.50,0.50,0.50,0.50,-2.10,0.73,0.00,0.00,0.00,0.00,0.50,0.00,0.00,0.00,0
1.37013,-26,-5,176,0,DRIVE [ 49 ] [ 1 ] [ 1904 1591 1709 ] [    0    0    0 ] [      0      0      0 ] [ 0 ],drive [ 49 ] [ 1 ] [ 1904 1556 1691 ] [   21   42   43 ] [   5910  18307  10826 ] [ 0 ],1.10,1.10,1.10,1.10,-28.32,-5.03,0.00,0.50,0.50,0.50,0.50,-2.32,0.70,0.00,0.00,0.00,0.00,0.50,0.00,0.00,0.00,0
1.38146,-22,-4,173,0,DRIVE [ 50 ] [ 1 ] [ 1904 1627 1728 ] [    0    0    0 ] [      0      0      0 ] [ 0 ],drive [ 49 ] [ 1 ] [ 1904 1591 1709 ] [   21   42   43 ] [   5910  18268  10824 ] [ 0 ],1.10,1.10,1.10,1.10,-24.32,-4.52,0.00,0.50,0.50,0.50,0.50,-2.51,0.67,0.00,0.00,0.00,0.00,0.50,0.00,0.00,0.00,0
1.39241,-18,-4,170,0,DRIVE [ 50 ] [ 1 ] [ 1904 1667 1747 ] [    0    0    0 ] [      0      0      0 ] [ 1 ],drive [ 50 ] [ 1 ] [ 1904 1627 1728 ] [   21   42   43 ] [   5910  18268  10824 ] [ 0 ],1.10,1.10,1.10,1.10,-20.21,-4.05,0.00,0.50,0.50,0.50,0.50,-2.66,0.65,0.00,0.00,0.00,0.00,0.50,0.00,0.00,0.00,0
1.40375,-15,-3,166,0,DRIVE [ 51 ] [ 1 ] [ 1904 1708 1767 ] [    0    0    0 ] [      0      0      0 ] [ 1 ],drive [ 50 ] [ 1 ] [ 1904 1667 1747 ] [   21   44   35 ] [   5910  18268  10824 ] [ 1 ],1.10,1.10,1.10,1.10,-16.06,-3.56,0.00,0.50,0.50,0.50,0.50,-2.77,0.63,0.00,0.00,0.00,0.00,0.50,0.00,0.00,0.00,0
1.4149,-11,-3,163,0,DRIVE [ 51 ] [ 1 ] [ 1904 1755 1789 ] [    0    0    0 ] [      0      0      0 ] [ 1 ],drive [ 51 ] [ 1 ] [ 1904 1708 1767 ] [   21   44   35 ] [   5910  18268  10824 ] [ 1 ],1.10,1.10,1.10,1.10,-11.79,-3.15,0.00,0.50,0.50,0.50,0.50,-2.85,0.61,0.00,0.00,0.00,0.00,0.50,0.00,0.00,0.00,0
1.42559,-7,-2,160,0,DRIVE [ 52 ] [ 1 ] [ 1904 1803 1813 ] [    0    0    0 ] [      0      0      0 ] [ 1 ],drive [ 51 ] [ 1 ] [ 1904 1755 1789 ] [   21   44   35 ] [   5910  18268  10824 ] [ 1 ],1.10,1.10,1.10,1.10,-7.55,-2.66,0.00,0.50,0.50,0.50,0.50,-2.89,0.59,0.00,0.00,0.00,0.00,0.50,0.00,0.00,0.00,0
1.43664,-3,-2,157,0,DRIVE [ 52 ] [ 1 ] [ 1904 1849 1838 ] [    0    0    0 ] [      0      0      0 ] [ 1 ],drive [ 52 ] [ 1 ] [ 1904 1803 1813 ] [   21   44   35 ] [   5910  18043  10822 ] [ 1 ],1.10,1.10,1.10,1.10,-3.54,-2.02,0.00,0.50,0.50,0.50,0.50,-2.89,0.59,0.00,0.00,0.00,0.00,0.50,0.00,0.00,0.00,0
1.44758,0,-1,153,0,DRIVE [ 53 ] [ 1 ] [ 1904 1893 1865 ] [    0    0    0 ] [      0      0      0 ] [ 1 ],drive [ 52 ] [ 1 ] [ 1904 1849 1838 ] [   21   20   21 ] [   5910  18043  10822 ] [ 1 ],1.10,1.10,1.10,1.10,0.19,-1.15,0.00,0.50,0.50,0.50,0.50,-2.87,0.59,0.00,0.00,0.00,0.00,0.50,0.00,0.00,0.00,0
1.45839,3,0,150,0,DRIVE [ 53 ] [ 1 ] [ 1912 1923 1865 ] [    0    0    0 ] [      0      0      0 ] [ 1 ],drive [ 53 ] [ 1 ] [ 1904 1893 1865 ] [   21   20   21 ] [   5910  18043  10822 ] [ 1 ],1.10,1.10,1.10,1.10,3.33,0.01,0.00,0.50,0.50,0.50,0.50,-2.83,0.60,0.00,0.00,0.00,0.00,0.50,0.00,0.00,0.00,0
1.46937,5,1,147,0,DRIVE [ 54 ] [ 1 ] [ 1852 1923 1884 ] [    0    0    0 ] [      0      0      0 ] [ 1 ],drive [ 53 ] [ 1 ] [ 1912 1923 1865 ] [   21   20   21 ] [   5910  18043  10822 ] [ 1 ],1.10,1.10,1.10,1.10,5.83,1.44,0.00,0.50,0.50,0.50,0.50,-2.77,0.63,0.00,0.00,0.00,0.00,0.50,0.00,0.00,0.00,0
1.48026,7,3,143,0,DRIVE [ 54 ] [ 1 ] [ 1799 1925 1884 ] [    0    0    0 ] [      0      0      0 ] [ 1 ],drive [ 54 ] [ 1 ] [ 1852 1923 1884 ] [   21   20   21 ] [   5910  17300  10811 ] [ 1 ],1.10,1.10,1.10,1.10,7.75,2.96,0.00,0.50,0.50,0.50,0.50,-2.69,0.68,0.00,0.00,0.00,0.00,0.50,0.00,0.00,0.00,0
1.49076,8,4,140,0,DRIVE [ 55 ] [ 1 ] [ 1754 1919 1884 ] [    0    0    0 ] [      0      0      0 ] [ 1 ],drive [ 54 ] [ 1 ] [ 1799 1925 1884 ] [   21   20   21 ] [   5910  17300  10811 ] [ 1 ],1.10,1.10,1.10,1.10,9.22,4.60,0.00,0.50,0.50,0.50,0.50,-2.61,0.74,0.00,0.00,0.00,0.00,0.50,0.00,0.00,0.00,0
1.50151,10,6,136,0,DRIVE [ 55 ] [ 1 ] [ 1711 1912 1884 ] [    0    0    0 ] [      0      0      0 ] [ 1 ],drive [ 55 ] [ 1 ] [ 1754 1919 1884 ] [   30   20    4 ] [   5910  17300  10811 ] [ 1 ],1.10,1.10,1.10,1.10,10.47,6.27,0.00,0.50,0.50,0.50,0.50,-2.52,0.81,0.00,0.00,0.00,0.00,0.50,0.00,0.00,0.00,0
1.51164,11,7,132,0,DRIVE [ 56 ] [ 1 ] [ 1665 1904 1884 ] [    0    0    0 ] [      0      0      0 ] [ 1 ],drive [ 55 ] [ 1 ] [ 1711 1912 1884 ] [   30   20    4 ] [   5910  17300  10811 ] [ 1 ],1.10,1.10,1.10,1.10,11.72,7.87,0.00,0.50,0.50,0.50,0.50,-2.42,0.90,0.00,0.00,0.00,0.00,0.50,0.00,0.00,0.00,0
1.52231,12,9,129,0,DRIVE [ 56 ] [ 1 ] [ 1619 1897 1884 ] [    0    0    0 ] [      0      0      0 ] [ 1 ],drive [ 56 ] [ 1 ] [ 1665 1904 1884 ] [   30   20    4 ] [   5910  17300  10811 ] [ 1 ],1.10,1.10,1.10,1.10,12.88,9.37,0.00,0.50,0.50,0.50,0.50,-2.31,1.00,0.00,0.00,0.00,0.00,0.50,0.00,0.00,0.00,0
1.53281,13,10,126,0,DRIVE [ 57 ] [ 1 ] [ 1573 1890 1884 ] [    0    0    0 ] [      0      0      0 ] [ 1 ],drive [ 56 ] [ 1 ] [ 1619 1897 1884 ] [   30   20    4 ] [   6067  16850  10752 ] [ 1 ],1.10,1.10,1.10,1.10,14.01,10.72,0.00,0.50,0.50,0.50,0.50,-2.19,1.10,0.00,0.00,0.00,0.00,0.50,0.00,0.00,0.00,0
1.54435,14,11,122,0,DRIVE [ 57 ] [ 1 ] [ 1529 1884 1884 ] [    0    0    0 ] [      0      0      0 ] [ 1 ],drive [ 57 ] [ 1 ] [ 1573 1890 1884 ] [   50    9   17 ] [   6067  16850  10752 ] [ 1 ],1.10,1.10,1.10,1.10,14.96,11.91,0.00,0.50,0.50,0.50,0.50,-2.06,1.22,0.00,0.00,0.00,0.00,0.50,0.00,0.00,0.00,0
1.55455,14,12,119,0,DRIVE [ 58 ] [ 1 ] [ 1490 1877 1884 ] [    0    0    0 ] [      0      0      0 ] [ 1 ],drive [ 57 ] [ 1 ] [ 1529 1884 1884 ] [   50    9   17 ] [   6067  16850  10752 ] [ 1 ],1.10,1.10,1.10,1.10,15.65,12.89,0.00,0.50,0.50,0.50,0.50,-1.93,1.34,0.00,0.00,0.00,0.00,0.50,0.00,0.00,0.00,0
1.56498,15,12,115,0,DRIVE [ 58 ] [ 1 ] [ 1454 1871 1884 ] [    0    0    0 ] [      0      0      0 ] [ 1 ],drive [ 58 ] [ 1 ] [ 1490 1877 1884 ] [   50    9   17 ] [   6067  16850  10752 ] [ 1 ],1.10,1.10,1.10,1.10,16.23,13.66,0.00,0.50,0.50,0.50,0.50,-1.79,1.47,0.00,0.00,0.00,0.00,0.50,0.00,0.00,0.00,0
1.57483,15,13,112,0,DRIVE [ 59 ] [ 1 ] [ 1420 1868 1884 ] [    0    0    0 ] [      0      0      0 ] [ 1 ],drive [ 58 ] [ 1 ] [ 1454 1871 1884 ] [   50    9   17 ] [   6067  16850  10752 ] [ 1 ],1.10,1.10,1.10,1.10,16.74,14.19,0.00,0.50,0.50,0.50,0.50,-1.65,1.60,0.00,0.00,0.00,0.00,0.50,0.00,0.00,0.00,0
1.58517,16,13,109,0,DRIVE [ 59 ] [ 1 ] [ 1385 1866 1884 ] [    0    0    0 ] [      0      0      0 ] [ 0 ],drive [ 59 ] [ 1 ] [ 1420 1868 1884 ] [   50    9   17 ] [   6412  16700  10570 ] [ 1 ],1.10,1.10,1.10,1.10,17.25,14.49,0.00,0.50,0.50,0.50,0.50,-1.50,1.73,0.00,0.00,0.00,0.00,0.50,0.00,0.00,0.00,0
1.59507,16,13,106,0,DRIVE [ 60 ] [ 1 ] [ 1351 1867 1884 ] [    0    0    0 ] [      0      0      0 ] [ 0 ],drive [ 59 ] [ 1 ] [ 1385 1866 1884 ] [   68   27   14 ] [   6412  16700  10570 ] [ 0 ],1.10,1.10,1.10,1.10,17.73,14.59,0.00,0.50,0.50,0.50,0.50,-1.35,1.86,0.00,0.00,0.00,0.00,0.50,0.00,0.00,0.00,0
1.60549,16,13,103,0,DRIVE [ 60 ] [ 1 ] [ 1321 1870 1884 ] [    0    0    0 ] [      0      0      0 ] [ 0 ],drive [ 60 ] [ 1 ] [ 1351 1867 1884 ] [   68   27   14 ] [   6412  16700  10570 ] [ 0 ],1.10,1.10,1.10,1.10,18.11,14.48,0.00,0.50,0.50,0.50,0.50,-1.20,1.98,0.00,0.00,0.00,0.00,0.50,0.00,0.00,0.00,0
1.6153,17,13,100,0,DRIVE [ 61 ] [ 1 ] [ 1297 1874 1884 ] [    0    0    0 ] [      0      0      0 ] [ 0 ],drive [ 60 ] [ 1 ] [ 1321 1870 1884 ] [   68   27   14 ] [   6412  16700  10570 ] [ 0 ],1.10,1.10,1.10,1.10,18.29,14.18,0.00,0.50,0.50,0.50,0.50,-1.04,2.11,0.00,0.00,0.00,0.00,0.50,0.00,0.00,0.00,0
1.62509,16,13,98,0,DRIVE [ 61 ] [ 1 ] [ 1285 1875 1884 ] [    0    0    0 ] [      0      0      0 ] [ 0 ],drive [ 61 ] [ 1 ] [ 1297 1874 1884 ] [   68   27   14 ] [   6412  16700  10570 ] [ 0 ],1.10,1.10,1.10,1.10,18.05,13.78,0.00,0.50,0.50,0.50,0.50,-0.90,2.22,0.00,0.00,0.00,0.00,0.50,0.00,0.00,0.00,0
1.63503,16,12,95,0,DRIVE [ 62 ] [ 1 ] [ 1285 1873 1884 ] [    0    0    0 ] [      0      0      0 ] [ 1 ],drive [ 61 ] [ 1 ] [ 1285 1875 1884 ] [   68   27   14 ] [   7062  16458  10298 ] [ 0 ],1.10,1.10,1.10,1.10,17.42,13.37,0.00,0.50,0.50,0.50,0.50,-0.76,2.33,0.00,0.00,0.00,0.00,0.50,0.00,0.00,0.00,0
1.64549,15,12,92,0,DRIVE [ 62 ] [ 1 ] [ 1292 1869 1884 ] [    0    0    0 ] [      0      0      0 ] [ 1 ],drive [ 62 ] [ 1 ] [ 1285 1873 1884 ] [   83   24    1 ] [   7062  16458  10298 ] [ 1 ],1.10,1.10,1.10,1.10,16.57,12.97,0.00,0.50,0.50,0.50,0.50,-0.63,2.44,0.00,0.00,0.00,0.00,0.50,0.00,0.00,0.00,0
1.65516,14,11,90,0,DRIVE [ 63 ] [ 1 ] [ 1306 1864 1884 ] [    0    0    0 ] [      0      0      0 ] [ 1 ],drive [ 62 ] [ 1 ] [ 1292 1869 1884 ] [   83   24    1 ] [   7062  16458  10298 ] [ 1 ],1.10,1.10,1.10,1.10,15.57,12.47,0.00,0.50,0.50,0.50,0.50,-0.51,2.55,0.00,0.00,0.00,0.00,0.50,0.00,0.00,0.00,0
1.6652,13,11,88,0,DRIVE [ 63 ] [ 1 ] [ 1324 1858 1884 ] [    0    0    0 ] [      0      0      0 ] [ 1 ],drive [ 63 ] [ 1 ] [ 1306 1864 1884 ] [   83   24    1 ] [   7062  16458  10298 ] [ 1 ],1.10,1.10,1.10,1.10,14.51,12.05,0.00,0.50,0.50,0.50,0.50,-0.40,2.65,0.00,0.00,0.00,0.00,0.50,0.00,0.00,0.00,0
1.67502,12,11,85,0,DRIVE [ 64 ] [ 1 ] [ 1341 1851 1884 ] [    0    0    0 ] [      0      0      0 ] [ 1 ],drive [ 63 ] [ 1 ] [ 1324 1858 1884 ] [   83   24    1 ] [   7062  16458  10298 ] [ 1 ],1.10,1.10,1.10,1.10,13.44,11.59,0.00,0.50,0.50,0.50,0.50,-0.29,2.75,0.00,0.00,0.00,0.00,0.50,0.00,0.00,0.00,0
1.68516,11,10,83,0,DRIVE [ 64 ] [ 1 ] [ 1360 1844 1884 ] [    0    0    0 ] [      0      0      0 ] [ 1 ],drive [ 64 ] [ 1 ] [ 1341 1851 1884 ] [   83   24    1 ] [   7598  16276  10113 ] [ 1 ],1.10,1.10,1.10,1.10,12.40,11.13,0.00,0.50,0.50,0.50,0.50,-0.20,2.84,0.00,0.00,0.00,0.00,0.50,0.00,0.00,0.00,0
1.69508,10,10,80,0,DRIVE [ 65 ] [ 1 ] [ 1378 1836 1884 ] [    0    0    0 ] [      0      0      0 ] [ 1 ],drive [ 64 ] [ 1 ] [ 1360 1844 1884 ] [   63   13   18 ] [   7598  16276  10113 ] [ 1 ],1.10,1.10,1.10,1.10,11.40,10.76,0.00,0.50,0.50,0.50,0.50,-0.11,2.94,0.00,0.00,0.00,0.00,0.50,0.00,0.00,0.00,0
1.70458,10,10,78,0,DRIVE [ 65 ] [ 1 ] [ 1392 1828 1884 ] [    0    0    0 ] [      0      0      0 ] [ 1 ],drive [ 65 ] [ 1 ] [ 1378 1836 1884 ] [   63   13   18 ] [   7598  16276  10113 ] [ 1 ],1.10,1.10,1.10,1.10,10.55,10.46,0.00,0.50,0.50,0.50,0.50,-0.03,3.03,0.00,0.00,0.00,0.00,0.50,0.00,0.00,0.00,0
1.71462,9,9,76,0,DRIVE [ 66 ] [ 1 ] [ 1401 1822 1884 ] [    0    0    0 ] [      0      0      0 ] [ 1 ],drive [ 65 ] [ 1 ] [ 1392 1828 1884 ] [   63   13   18 ] [   7598  16276  10113 ] [ 1 ],1.10,1.10,1.10,1.10,9.88,10.15,0.00,0.50,0.50,0.50,0.50,0.05,3.11,0.00,0.00,0.00,0.00,0.50,0.00,0.00,0.00,0
1.72418,9,9,74,0,DRIVE [ 66 ] [ 1 ] [ 1400 1820 1884 ] [    0    0    0 ] [      0      0      0 ] [ 1 ],drive [ 66 ] [ 1 ] [ 1401 1822 1884 ] [   63   13   18 ] [   7598  16276  10113 ] [ 1 ],1.10,1.10,1.10,1.10,9.50,9.78,0.00,0.50,0.50,0.50,0.50,0.13,3.20,0.00,0.00,0.00,0.00,0.50,0.00,0.00,0.00,0
1.73488,9,8,72,0,DRIVE [ 67 ] [ 1 ] [ 1390 1823 1884 ] [    0    0    0 ] [      0      0      0 ] [ 1 ],drive [ 66 ] [ 1 ] [ 1400 1820 1884 ] [   63   13   18 ] [   7614  16190  10000 ] [ 1 ],1.10,1.10,1.10,1.10,9.40,9.34,0.00,0.50,0.50,0.50,0.50,0.21,3.27,0.00,0.00,0.00,0.00,0.50,0.00,0.00,0.00,0
1.74687,9,8,70,0,DRIVE [ 67 ] [ 1 ] [ 1373 1831 1884 ] [    0    0    0 ] [      0      0      0 ] [ 1 ],drive [ 67 ] [ 1 ] [ 1390 1823 1884 ] [   53   31   23 ] [   7614  16190  10000 ] [ 1 ],1.10,1.10,1.10,1.10,9.53,8.85,0.00,0.50,0.50,0.50,0.50,0.29,3.35,0.00,0.00,0.00,0.00,0.50,0.00,0.00,0.00,0
1.75874,9,7,68,0,DRIVE [ 68 ] [ 1 ] [ 1349 1844 1884 ] [    0    0    0 ] [      0      0      0 ] [ 1 ],drive [ 67 ] [ 1 ] [ 1373 1831 1884 ] [   53   31   23 ] [   7614  16190  10000 ] [ 1 ],1.10,1.10,1.10,1.10,9.84,8.22,0.00,0.50,0.50,0.50,0.50,0.38,3.42,0.00,0.00,0.00,0.00,0.50,0.00,0.00,0.00,0
1.76876,9,7,66,0,DRIVE [ 68 ] [ 1 ] [ 1323 1861 1884 ] [    0    0    0 ] [      0      0      0 ] [ 1 ],drive [ 68 ] [ 1 ] [ 1349 1844 1884 ] [   53   31   23 ] [   7614  16190  10000 ] [ 1 ],1.10,1.10,1.10,1.10,10.20,7.46,0.00,0.50,0.50,0.50,0.50,0.48,3.48,0.00,0.00,0.00,0.00,0.50,0.00,0.00,0.00,0
1.77873,9,6,64,0,DRIVE [ 69 ] [ 1 ] [ 1300 1878 1884 ] [    0    0    0 ] [      0      0      0 ] [ 1 ],drive [ 68 ] [ 1 ] [ 1323 1861 1884 ] [   53   31   23 ] [   7614  16185   9734 ] [ 1 ],1.10,1.10,1.10,1.10,10.44,6.64,0.00,0.50,0.50,0.50,0.50,0.57,3.53,0.00,0.00,0.00,0.00,0.50,0.00,0.00,0.00,0
1.79078,10,5,62,0,DRIVE [ 69 ] [ 1 ] [ 1283 1895 1884 ] [    0    0    0 ] [      0      0      0 ] [ 1 ],drive [ 69 ] [ 1 ] [ 1300 1878 1884 ] [   53   31   23 ] [   7614  16185   9734 ] [ 1 ],1.10,1.10,1.10,1.10,10.51,5.80,0.00,0.50,0.50,0.50,0.50,0.67,3.58,0.00,0.00,0.00,0.00,0.50,0.00,0.00,0.00,0
1.80293,9,5,61,0,DRIVE [ 70 ] [ 1 ] [ 1274 1908 1884 ] [    0    0    0 ] [      0      0      0 ] [ 1 ],drive [ 69 ] [ 1 ] [ 1283 1895 1884 ] [   67    8    4 ] [   7614  16185   9734 ] [ 1 ],1.10,1.10,1.10,1.10,10.38,5.06,0.00,0.50,0.50,0.50,0.50,0.76,3.62,0.00,0.00,0.00,0.00,0.50,0.00,0.00,0.00,0
1.81473,9,4,59,0,DRIVE [ 70 ] [ 1 ] [ 1275 1915 1884 ] [    0    0    0 ] [      0      0      0 ] [ 1 ],drive [ 70 ] [ 1 ] [ 1274 1908 1884 ] [   67    8    4 ] [   7614  16185   9734 ] [ 1 ],1.10,1.10,1.10,1.10,10.02,4.44,0.00,0.50,0.50,0.50,0.50,0.84,3.66,0.00,0.00,0.00,0.00,0.50,0.00,0.00,0.00,0
1.82676,9,4,57,0,DRIVE [ 71 ] [ 1 ] [ 1291 1916 1884 ] [    0    0    0 ] [      0      0      0 ] [ 1 ],drive [ 70 ] [ 1 ] [ 1275 1915 1884 ] [   67    8    4 ] [   7614  16185   9734 ] [ 1 ],1.10,1.10,1.10,1.10,9.37,3.97,0.00,0.50,0.50,0.50,0.50,0.92,3.69,0.00,0.00,0.00,0.00,0.50,0.00,0.00,0.00,0
1.83679,8,3,56,0,DRIVE [ 71 ] [ 1 ] [ 1318 1907 1884 ] [    0    0    0 ] [      0      0      0 ] [ 1 ],drive [ 71 ] [ 1 ] [ 1291 1916 1884 ] [   67    8    4 ] [   7822  15789   9553 ] [ 1 ],1.10,1.10,1.10,1.10,8.50,3.75,0.00,0.50,0.50,0.50,0.50,0.99,3.73,0.00,0.00,0.00,0.00,0.50,-0.00,-0.00,0.00,0
1.8469,7,3,54,0,DRIVE [ 72 ] [ 1 ] [ 1356 1889 1884 ] [    0    0    0 ] [      0      0      0 ] [ 1 ],drive [ 71 ] [ 1 ] [ 1318 1907 1884 ] [   75    1    2 ] [   7822  15789   9553 ] [ 1 ],1.10,1.10,1.10,1.10,7.44,3.76,0.00,0.50,0.50,0.50,0.50,1.04,3.76,0.00,0.00,0.00,0.00,0.50,-0.00,-0.00,0.00,0
1.85882,6,4,52,0,DRIVE [ 72 ] [ 1 ] [ 1397 1864 1884 ] [    0    0    0 ] [      0      0      0 ] [ 1 ],drive [ 72 ] [ 1 ] [ 1356 1889 1884 ] [   75    1    2 ] [   7822  15789   9553 ] [ 1 ],1.10,1.10,1.10,1.10,6.27,3.93,0.00,0.50,0.50,0.50,0.50,1.09,3.80,0.00,0.00,0.00,0.00,0.50,-0.00,-0.00,0.00,0
1.87103,5,4,51,0,DRIVE [ 73 ] [ 1 ] [ 1439 1836 1884 ] [    0    0    0 ] [      0      0      0 ] [ 1 ],drive [ 72 ] [ 1 ] [ 1397 1864 1884 ] [   75    1    2 ] [   7822  15789   9553 ] [ 1 ],1.10,1.10,1.10,1.10,5.09,4.12,0.00,0.50,0.50,0.50,0.50,1.12,3.85,0.00,0.00,0.00,0.00,0.50,-0.00,-0.00,0.00,0
1.88276,4,4,49,0,DRIVE [ 73 ] [ 1 ] [ 1473 1808 1884 ] [    0    0    0 ] [      0      0      0 ] [ 1 ],drive [ 73 ] [ 1 ] [ 1439 1836 1884 ] [   75    1    2 ] [   8055  15294   9402 ] [ 1 ],1.10,1.10,1.10,1.10,4.04,4.29,0.00,0.50,0.50,0.50,0.50,1.15,3.89,0.00,0.00,0.00,0.00,0.50,-0.00,-0.00,0.00,0
1.89453,3,4,48,0,DRIVE [ 74 ] [ 1 ] [ 1500 1782 1884 ] [    0    0    0 ] [      0      0      0 ] [ 1 ],drive [ 73 ] [ 1 ] [ 1473 1808 1884 ] [   42   26    3 ] [   8055  15294   9402 ] [ 1 ],1.10,1.10,1.10,1.10,3.12,4.41,0.00,0.50,0.50,0.50,0.50,1.17,3.93,0.00,0.00,0.00,0.00,0.50,-0.00,-0.00,0.00,0
1.90472,2,4,46,0,DRIVE [ 74 ] [ 1 ] [ 1514 1762 1884 ] [    0    0    0 ] [      0      0      0 ] [ 1 ],drive [ 74 ] [ 1 ] [ 1500 1782 1884 ] [   42   26    3 ] [   8055  15294   9402 ] [ 1 ],1.10,1.10,1.10,1.10,2.51,4.47,0.00,0.50,0.50,0.50,0.50,1.19,3.97,0.00,0.00,0.00,0.00,0.50,-0.00,-0.00,0.00,0
1.91478,2,4,45,0,DRIVE [ 75 ] [ 1 ] [ 1515 1748 1884 ] [    0    0    0 ] [      0      0      0 ] [ 1 ],drive [ 74 ] [ 1 ] [ 1514 1762 1884 ] [   42   26    3 ] [   8055  15294   9402 ] [ 1 ],1.10,1.10,1.10,1.10,2.19,4.48,0.00,0.50,0.50,0.50,0.50,1.21,4.02,0.00,0.00,0.00,0.00,0.50,-0.00,-0.00,0.00,0
1.92681,2,4,44,0,DRIVE [ 75 ] [ 1 ] [ 1504 1742 1884 ] [    0    0    0 ] [      0      0      0 ] [ 1 ],drive [ 75 ] [ 1 ] [ 1515 1748 1884 ] [   42   26    3 ] [   8055  15294   9402 ] [ 1 ],1.10,1.10,1.10,1.10,2.15,4.46,0.00,0.50,0.50,0.50,0.50,1.23,4.06,0.00,0.00,0.00,0.00,0.50,-0.00,-0.00,0.00,0
1.9389,2,4,43,0,DRIVE [ 76 ] [ 1 ] [ 1486 1742 1884 ] [    0    0    0 ] [      0      0      0 ] [ 1 ],drive [ 75 ] [ 1 ] [ 1504 1742 1884 ] [   42   26    3 ] [   8048  15337   9076 ] [ 1 ],1.10,1.10,1.10,1.10,2.29,4.38,0.00,0.50,0.50,0.50,0.50,1.26,4.10,0.00,0.00,0.00,0.00,0.50,-0.00,-0.00,0.00,0
1.95081,2,4,41,0,DRIVE [ 76 ] [ 1 ] [ 1464 1745 1884 ] [    0    0    0 ] [      0      0      0 ] [ 1 ],drive [ 76 ] [ 1 ] [ 1486 1742 1884 ] [   36   18    7 ] [   8048  15337   9076 ] [ 1 ],1.10,1.10,1.10,1.10,2.48,4.30,0.00,0.50,0.50,0.50,0.50,1.28,4.14,0.00,0.00,0.00,0.00,0.50,-0.00,-0.00,0.00,0
1.96064,2,4,40,0,DRIVE [ 77 ] [ 1 ] [ 1439 1745 1884 ] [    0    0    0 ] [      0      0      0 ] [ 1 ],drive [ 76 ] [ 1 ] [ 1464 1745 1884 ] [   36   18    7 ] [   8048  15337   9076 ] [ 1 ],1.10,1.10,1.10,1.10,2.67,4.28,0.00,0.50,0.50,0.50,0.50,1.31,4.18,0.00,0.00,0.00,0.00,0.50,-0.00,-0.00,0.00,0
1.97044,3,4,39,0,DRIVE [ 77 ] [ 1 ] [ 1413 1743 1884 ] [    0    0    0 ] [      0      0      0 ] [ 1 ],drive [ 77 ] [ 1 ] [ 1439 1745 1884 ] [   36   18    7 ] [   8048  15337   9076 ] [ 1 ],1.10,1.10,1.10,1.10,2.84,4.30,0.00,0.50,0.50,0.50,0.50,1.34,4.22,0.00,0.00,0.00,0.00,0.50,-0.00,-0.00,0.00,0
1.98266,3,4,38,0,DRIVE [ 78 ] [ 1 ] [ 1388 1737 1884 ] [    0    0    0 ] [      0      0      0 ] [ 1 ],drive [ 77 ] [ 1 ] [ 1413 1743 1884 ] [   36   18    7 ] [   8048  15329   8693 ] [ 1 ],1.10,1.10,1.10,1.10,2.92,4.40,0.00,0.50,0.50,0.50,0.50,1.37,4.26,0.00,0.00,0.00,0.00,0.50,-0.00,-0.00,0.00,0
1.99455,3,4,37,0,DRIVE [ 78 ] [ 1 ] [ 1366 1724 1884 ] [    0    0    0 ] [      0      0      0 ] [ 1 ],drive [ 78 ] [ 1 ] [ 1388 1737 1884 ] [   45   23    6 ] [   8048  15329   8693 ] [ 1 ],1.10,1.10,1.10,1.10,2.90,4.56,0.00,0.50,0.50,0.50,0.50,1.40,4.30,0.00,0.00,0.00,0.00,0.50,-0.00,-0.00,0.00,0
2.0068,3,4,36,0,DRIVE [ 79 ] [ 1 ] [ 1347 1704 1884 ] [    0    0    0 ] [      0      0      0 ] [ 1 ],drive [ 78 ] [ 1 ] [ 1366 1724 1884 ] [   45   23    6 ] [   8048  15329   8693 ] [ 1 ],1.10,1.10,1.10,1.10,2.77,4.82,0.00,0.50,0.50,0.50,0.50,1.42,4.35,0.00,0.00,0.00,0.00,0.50,-0.00,-0.00,0.00,0
2.01876,2,5,35,0,DRIVE [ 79 ] [ 1 ] [ 1335 1678 1884 ] [    0    0    0 ] [      0      0      0 ] [ 1 ],drive [ 79 ] [ 1 ] [ 1347 1704 1884 ] [   45   23    6 ] [   8048  15329   8693 ] [ 1 ],1.10,1.10,1.10,1.10,2.50,5.11,0.00,0.50,0.50,0.50,0.50,1.44,4.40,0.00,0.00,0.00,0.00,0.50,-0.00,-0.00,0.00,0
2.02855,2,5,34,0,DRIVE [ 80 ] [ 1 ] [ 1328 1647 1884 ] [    0    0    0 ] [      0      0      0 ] [ 1 ],drive [ 79 ] [ 1 ] [ 1335 1678 1884 ] [   45   23    6 ] [   8051  15302   8494 ] [ 1 ],1.10,1.10,1.10,1.10,2.13,5.41,0.00,0.50,0.50,0.50,0.50,1.46,4.45,0.00,0.00,0.00,0.00,0.50,-0.00,-0.00,0.00,0
2.03889,2,5,33,1,DRIVE [ 80 ] [ 1 ] [ 1317 1617 1884 ] [    0    0    0 ] [      0      0      0 ] [ 1 ],drive [ 80 ] [ 1 ] [ 1328 1647 1884 ] [   45   23    6 ] [   8051  15302   8494 ] [ 1 ],1.10,1.10,1.10,1.10,1.85,5.72,0.00,0.50,0.50,0.50,0.50,1.48,4.51,0.00,0.00,0.00,0.00,0.50,-0.00,-0.00,0.00,0
