timestamp,Xmm,Ymm,Zmm,TouchDetected,OutgoingPacket,IncomingPacket,GainPropAb, GainPropAd, GainPropFl, GainPropEx,PropA, PropB, PropC,GainIntegAb, GainIntegAd, GainIntegFl, GainIntegEx,IntegA, IntegB, IntegC,GainDerivAb, GainDerivAd, GainDerivFl, GainDerivEx,DerivA, DerivB, DerivC,Heading5
2.37174,-30,24,632,1,DRIVE [ 31 ] [ 1 ] [ 1920 1237 1916 ] [    0    0    0 ] [      0      0      0 ] [ 0 ],drive [ 30 ] [ 1 ] [ 1920 1230 1915 ] [    4   66   13 ] [  10423  16235  15308 ] [ 0 ],0.80,0.80,0.80,0.80,-6.32,4.15,0.00,0.00,0.00,0.00,0.00,0.00,0.00,0.00,0.00,0.00,0.00,0.00,0.00,0.00,0.00,0
0.00140472,-30,24,632,0,DRIVE [ 99 ] [ 1 ] [ 1921 1926 1926 ] [    0    0    0 ] [      0      0      0 ] [ 0 ],drive [ 98 ] [ 1 ] [ 1921 1789 1924 ] [   17   15   -1 ] [   6415  17160  17596 ] [ 0 ],0.80,0.80,0.80,0.80,-21.49,17.12,0.00,0.00,0.00,0.00,0.00,-0.00,0.00,0.00,0.00,0.00,0.00,0.00,0.00,-0.00,0.00,0
0.0174291,-43,17,628,0,DRIVE [ 99 ] [ 1 ] [ 1921 1923 1925 ] [    0    0    0 ] [      0      0      0 ] [ 0 ],drive [ 99 ] [ 1 ] [ 1921 1926 1926 ] [   17   36    0 ] [   6415  17160  17596 ] [ 0 ],0.80,0.80,0.80,0.80,-34.55,13.57,0.00,0.00,0.00,0.00,0.00,0.00,0.00,0.00,0.00,0.00,0.00,0.00,0.00,0.00,0.00,0
0.0333978,-50,12,621,0,DRIVE [ 00 ] [ 1 ] [ 1921 1921 1925 ] [    0    0    0 ] [      0      0      0 ] [ 0 ],drive [ 99 ] [ 1 ] [ 1921 1923 1925 ] [   17   36    0 ] [   6415  17160  17596 ] [ 0 ],0.80,0.80,0.80,0.80,-39.78,9.63,0.00,0.00,0.00,0.00,0.00,0.00,0.00,0.00,0.00,0.00,0.00,0.00,0.00,0.00,0.00,0
0.0478924,-52,11,626,0,DRIVE [ 00 ] [ 1 ] [ 1921 1918 1924 ] [    0    0    0 ] [      0      0      0 ] [ 0 ],drive [ 00 ] [ 1 ] [ 1921 1921 1925 ] [   17   36    0 ] [   6348  17233  17597 ] [ 0 ],0.80,0.80,0.80,0.80,-41.65,8.49,0.00,0.00,0.00,0.00,0.00,0.00,0.00,0.00,0.00,0.00,0.00,0.00,0.00,0.00,0.00,0
0.0634746,-52,11,626,0,DRIVE [ 01 ] [ 1 ] [ 1921 1919 1924 ] [    0    0    0 ] [      0      0      0 ] [ 0 ],drive [ 00 ] [ 1 ] [ 1921 1918 1924 ] [   10   13   -3 ] [   6348  17233  17597 ] [ 0 ],0.80,0.80,0.80,0.80,-37.49,7.64,0.00,0.00,0.00,0.00,0.00,0.00,0.00,0.00,0.00,0.00,0.00,0.00,0.00,0.00,0.00,0
0.0779993,-52,11,626,0,DRIVE [ 01 ] [ 1 ] [ 1921 1920 1924 ] [    0    0    0 ] [      0      0      0 ] [ 0 ],drive [ 01 ] [ 1 ] [ 1921 1919 1924 ] [   10   13   -3 ] [   6348  17233  17597 ] [ 0 ],0.80,0.80,0.80,0.80,-33.74,6.87,0.00,0.00,0.00,0.00,0.00,0.00,0.00,0.00,0.00,0.00,0.00,0.00,0.00,0.00,0.00,0
0.0955553,-56,8,633,0,DRIVE [ 02 ] [ 1 ] [ 1921 1911 1921 ] [    0    0    0 ] [      0      0      0 ] [ 0 ],drive [ 01 ] [ 1 ] [ 1921 1920 1924 ] [   10   13   -3 ] [   6304  17236  17597 ] [ 0 ],0.80,0.80,0.80,0.80,-45.00,6.16,0.00,0.00,0.00,0.00,0.00,0.00,0.00,0.00,0.00,0.00,0.00,0.00,0.00,0.00,0.00,0
0.112571,-59,5,635,0,DRIVE [ 02 ] [ 1 ] [ 1921 1907 1920 ] [    0    0    0 ] [      0      0      0 ] [ 0 ],drive [ 02 ] [ 1 ] [ 1921 1911 1921 ] [   11   10   -1 ] [   6304  17236  17597 ] [ 0 ],0.80,0.80,0.80,0.80,-47.31,4.13,0.00,0.00,0.00,0.00,0.00,0.00,0.00,0.00,0.00,0.00,0.00,0.00,0.00,0.00,0.00,0
0.127192,-62,2,633,0,DRIVE [ 03 ] [ 1 ] [ 1921 1904 1918 ] [    0    0    0 ] [      0      0      0 ] [ 0 ],drive [ 02 ] [ 1 ] [ 1921 1907 1920 ] [   11   10   -1 ] [   6304  17236  17597 ] [ 0 ],0.80,0.80,0.80,0.80,-49.38,1.95,0.00,0.00,0.00,0.00,0.00,0.00,0.00,0.00,0.00,0.00,0.00,0.00,0.00,0.00,0.00,0
0.14229,-64,0,635,0,DRIVE [ 03 ] [ 1 ] [ 1921 1902 1916 ] [    0    0    0 ] [      0      0      0 ] [ 0 ],drive [ 03 ] [ 1 ] [ 1921 1904 1918 ] [   11   10   -1 ] [   6304  17236  17597 ] [ 0 ],0.80,0.80,0.80,0.80,-51.20,0.32,0.00,0.00,0.00,0.00,0.00,0.00,0.00,0.00,0.00,0.00,0.00,0.00,0.00,0.00,0.00,0
0.157744,66,15,668,0,DRIVE [ 04 ] [ 1 ] [ 1895 1902 1919 ] [    0    0    0 ] [      0      0      0 ] [ 0 ],drive [ 03 ] [ 1 ] [ 1921 1902 1916 ] [   11   10   -1 ] [   6304  17235  17600 ] [ 0 ],0.80,0.80,0.80,0.80,52.70,12.00,0.00,0.00,0.00,0.00,0.00,0.00,0.00,0.00,0.00,0.00,0.00,0.00,0.00,0.00,0.00,0
0.172432,66,15,668,0,DRIVE [ 04 ] [ 1 ] [ 1898 1902 1920 ] [    0    0    0 ] [      0      0      0 ] [ 0 ],drive [ 04 ] [ 1 ] [ 1895 1902 1919 ] [   10   14   -1 ] [   6304  17235  17600 ] [ 0 ],0.80,0.80,0.80,0.80,47.43,10.80,0.00,0.00,0.00,0.00,0.00,0.00,0.00,0.00,0.00,0.00,0.00,0.00,0.00,0.00,0.00,0
0.187397,72,13,720,0,DRIVE [ 05 ] [ 1 ] [ 1890 1902 1917 ] [    0    0    0 ] [      0      0      0 ] [ 0 ],drive [ 04 ] [ 1 ] [ 1898 1902 1920 ] [   10   14   -1 ] [   6304  17235  17600 ] [ 0 ],0.80,0.80,0.80,0.80,57.91,10.24,0.00,0.00,0.00,0.00,0.00,0.00,0.00,0.00,0.00,0.00,0.00,0.00,0.00,0.00,0.00,0
0.202382,72,12,693,0,DRIVE [ 05 ] [ 1 ] [ 1886 1902 1916 ] [    0    0    0 ] [      0      0      0 ] [ 0 ],drive [ 05 ] [ 1 ] [ 1890 1902 1917 ] [   10   14   -1 ] [   6310  17230  17599 ] [ 0 ],0.80,0.80,0.80,0.80,57.28,9.48,0.00,0.00,0.00,0.00,0.00,0.00,0.00,0.00,0.00,0.00,0.00,0.00,-0.00,-0.00,0.00,0
0.216605,76,12,708,0,DRIVE [ 06 ] [ 1 ] [ 1882 1902 1914 ] [    0    0    0 ] [      0      0      0 ] [ 0 ],drive [ 05 ] [ 1 ] [ 1886 1902 1916 ] [   12   16   -1 ] [   6310  17230  17599 ] [ 0 ],0.80,0.80,0.80,0.80,60.96,9.42,0.00,0.00,0.00,0.00,0.00,0.00,0.00,0.00,0.00,0.00,0.00,0.00,0.00,0.00,0.00,0
0.230855,76,12,708,0,DRIVE [ 06 ] [ 1 ] [ 1886 1902 1915 ] [    0    0    0 ] [      0      0      0 ] [ 0 ],drive [ 06 ] [ 1 ] [ 1882 1902 1914 ] [   12   16   -1 ] [   6310  17230  17599 ] [ 0 ],0.80,0.80,0.80,0.80,54.86,8.48,0.00,0.00,0.00,0.00,0.00,0.00,0.00,0.00,0.00,0.00,0.00,0.00,0.00,0.00,0.00,0
0.244645,82,12,702,0,DRIVE [ 07 ] [ 1 ] [ 1872 1902 1911 ] [    0    0    0 ] [      0      0      0 ] [ 0 ],drive [ 06 ] [ 1 ] [ 1886 1902 1915 ] [   12   16   -1 ] [   6309  17225  17597 ] [ 0 ],0.80,0.80,0.80,0.80,65.81,9.76,0.00,0.00,0.00,0.00,0.00,0.00,0.00,0.00,0.00,0.00,0.00,0.00,0.00,0.00,0.00,0
0.258638,88,12,698,0,DRIVE [ 07 ] [ 1 ] [ 1865 1902 1909 ] [    0    0    0 ] [      0      0      0 ] [ 0 ],drive [ 07 ] [ 1 ] [ 1872 1902 1911 ] [   14   19   -1 ] [   6309  17225  17597 ] [ 0 ],0.80,0.80,0.80,0.80,70.23,9.95,0.00,0.00,0.00,0.00,0.00,0.00,0.00,0.00,0.00,0.00,0.00,0.00,0.00,0.00,0.00,0
0.272265,93,12,693,0,DRIVE [ 08 ] [ 1 ] [ 1858 1902 1907 ] [    0    0    0 ] [      0      0      0 ] [ 0 ],drive [ 07 ] [ 1 ] [ 1865 1902 1909 ] [   14   19   -1 ] [   6309  17225  17597 ] [ 0 ],0.80,0.80,0.80,0.80,74.50,9.80,0.00,0.00,0.00,0.00,0.00,0.00,0.00,0.00,0.00,0.00,0.00,0.00,0.00,0.00,0.00,0
0.286446,102,12,691,0,DRIVE [ 08 ] [ 1 ] [ 1849 1902 1903 ] [    0    0    0 ] [      0      0      0 ] [ 0 ],drive [ 08 ] [ 1 ] [ 1858 1902 1907 ] [   14   19   -1 ] [   6309  17225  17597 ] [ 0 ],0.80,0.80,0.80,0.80,81.77,9.39,0.00,0.00,0.00,0.00,0.00,0.00,0.00,0.00,0.00,0.00,0.00,0.00,0.00,0.00,0.00,0
0.300378,111,11,685,0,DRIVE [ 09 ] [ 1 ] [ 1838 1902 1899 ] [    0    0    0 ] [      0      0      0 ] [ 0 ],drive [ 08 ] [ 1 ] [ 1849 1902 1903 ] [   14   19   -1 ] [   6315  17182  17597 ] [ 0 ],0.80,0.80,0.80,0.80,88.61,8.72,0.00,0.00,0.00,0.00,0.00,0.00,0.00,0.00,0.00,0.00,0.00,0.00,0.00,0.00,0.00,0
0.314477,122,10,692,0,DRIVE [ 09 ] [ 1 ] [ 1827 1902 1894 ] [    0    0    0 ] [      0      0      0 ] [ 0 ],drive [ 09 ] [ 1 ] [ 1838 1902 1899 ] [    8    4    1 ] [   6315  17182  17597 ] [ 0 ],0.80,0.80,0.80,0.80,97.50,8.09,0.00,0.00,0.00,0.00,0.00,0.00,0.00,0.00,0.00,0.00,0.00,0.00,0.00,0.00,0.00,0
0.328697,131,9,691,0,DRIVE [ 10 ] [ 1 ] [ 1816 1902 1889 ] [    0    0    0 ] [      0      0      0 ] [ 0 ],drive [ 09 ] [ 1 ] [ 1827 1902 1894 ] [    8    4    1 ] [   6315  17182  17597 ] [ 0 ],0.80,0.80,0.80,0.80,105.02,7.22,0.00,0.00,0.00,0.00,0.00,0.00,0.00,0.00,0.00,0.00,0.00,0.00,0.00,0.00,0.00,0
0.343041,143,7,685,0,DRIVE [ 10 ] [ 1 ] [ 1801 1902 1883 ] [    0    0    0 ] [      0      0      0 ] [ 0 ],drive [ 10 ] [ 1 ] [ 1816 1902 1889 ] [    8    4    1 ] [   6350  17066  17595 ] [ 0 ],0.80,0.80,0.80,0.80,114.19,5.83,0.00,0.00,0.00,0.00,0.00,0.00,0.00,0.00,0.00,0.00,0.00,0.00,0.00,0.00,0.00,0
0.357115,153,5,677,0,DRIVE [ 11 ] [ 1 ] [ 1787 1902 1876 ] [    0    0    0 ] [      0      0      0 ] [ 0 ],drive [ 10 ] [ 1 ] [ 1801 1902 1883 ] [   19    4    3 ] [   6350  17066  17595 ] [ 0 ],0.80,0.80,0.80,0.80,122.41,4.27,0.00,0.00,0.00,0.00,0.00,0.00,0.00,0.00,0.00,0.00,0.00,0.00,0.00,0.00,0.00,0
0.37124,164,4,671,0,DRIVE [ 11 ] [ 1 ] [ 1771 1902 1869 ] [    0    0    0 ] [      0      0      0 ] [ 0 ],drive [ 11 ] [ 1 ] [ 1787 1902 1876 ] [   19    4    3 ] [   6350  17066  17595 ] [ 0 ],0.80,0.80,0.80,0.80,130.89,3.02,0.00,0.00,0.00,0.00,0.00,0.00,0.00,0.00,0.00,0.00,0.00,0.00,0.00,0.00,0.00,0
0.385329,176,2,672,0,DRIVE [ 12 ] [ 1 ] [ 1755 1902 1861 ] [    0    0    0 ] [      0      0      0 ] [ 0 ],drive [ 11 ] [ 1 ] [ 1771 1902 1869 ] [   19    4    3 ] [   6350  17066  17595 ] [ 0 ],0.80,0.80,0.80,0.80,140.46,1.69,0.00,0.00,0.00,0.00,0.00,0.00,0.00,0.00,0.00,0.00,0.00,0.00,0.00,0.00,0.00,0
0.398705,176,2,672,0,DRIVE [ 12 ] [ 1 ] [ 1772 1902 1867 ] [    0    0    0 ] [      0      0      0 ] [ 0 ],drive [ 12 ] [ 1 ] [ 1755 1902 1861 ] [   19    4    3 ] [   6496  16841  17591 ] [ 0 ],0.80,0.80,0.80,0.80,126.42,1.52,0.00,0.00,0.00,0.00,0.00,0.00,0.00,0.00,0.00,0.00,0.00,0.00,0.00,0.00,0.00,0
0.412906,186,0,651,0,DRIVE [ 13 ] [ 1 ] [ 1727 1902 1848 ] [    0    0    0 ] [      0      0      0 ] [ 0 ],drive [ 12 ] [ 1 ] [ 1772 1902 1867 ] [   13   26    7 ] [   6496  16841  17591 ] [ 0 ],0.80,0.80,0.80,0.80,149.13,-0.09,0.00,0.00,0.00,0.00,0.00,0.00,0.00,0.00,0.00,0.00,0.00,0.00,0.00,0.00,0.00,0
0.427443,196,-2,637,0,DRIVE [ 13 ] [ 1 ] [ 1706 1902 1838 ] [    0    0    0 ] [      0      0      0 ] [ 0 ],drive [ 13 ] [ 1 ] [ 1727 1902 1848 ] [   13   26    7 ] [   6496  16841  17591 ] [ 0 ],0.80,0.80,0.80,0.80,156.89,-1.52,0.00,0.00,0.00,0.00,0.00,0.00,0.00,0.00,0.00,0.00,0.00,0.00,0.00,0.00,0.00,0
0.4422,205,-3,627,0,DRIVE [ 14 ] [ 1 ] [ 1685 1902 1829 ] [    0    0    0 ] [      0      0      0 ] [ 0 ],drive [ 13 ] [ 1 ] [ 1706 1902 1838 ] [   13   26    7 ] [   6496  16841  17591 ] [ 0 ],0.80,0.80,0.80,0.80,164.11,-2.43,0.00,0.00,0.00,0.00,0.00,0.00,0.00,0.00,0.00,0.00,0.00,0.00,0.00,0.00,0.00,0
0.456807,212,-3,619,0,DRIVE [ 14 ] [ 1 ] [ 1665 1902 1821 ] [    0    0    0 ] [      0      0      0 ] [ 0 ],drive [ 14 ] [ 1 ] [ 1685 1902 1829 ] [   13   26    7 ] [   7045  16582  17591 ] [ 0 ],0.80,0.80,0.80,0.80,169.91,-2.58,0.00,0.00,0.00,0.00,0.00,0.00,0.00,0.00,0.00,0.00,0.00,0.00,0.00,0.00,0.00,0
0.470856,218,-2,613,0,DRIVE [ 15 ] [ 1 ] [ 1646 1902 1814 ] [    0    0    0 ] [      0      0      0 ] [ 0 ],drive [ 14 ] [ 1 ] [ 1665 1902 1821 ] [   34   22    9 ] [   7045  16582  17591 ] [ 0 ],0.80,0.80,0.80,0.80,174.74,-1.69,0.00,0.00,0.00,0.00,0.00,0.00,0.00,0.00,0.00,0.00,0.00,0.00,0.00,0.00,0.00,0
0.485342,224,1,605,0,DRIVE [ 15 ] [ 1 ] [ 1624 1902 1810 ] [    0    0    0 ] [      0      0      0 ] [ 0 ],drive [ 15 ] [ 1 ] [ 1646 1902 1814 ] [   34   22    9 ] [   7045  16582  17591 ] [ 0 ],0.80,0.80,0.80,0.80,178.82,0.97,0.00,0.00,0.00,0.00,0.00,0.00,0.00,0.00,0.00,0.00,0.00,0.00,0.00,0.00,0.00,0
0.499918,230,5,602,0,DRIVE [ 16 ] [ 1 ] [ 1602 1902 1806 ] [    0    0    0 ] [      0      0      0 ] [ 0 ],drive [ 15 ] [ 1 ] [ 1624 1902 1810 ] [   34   22    9 ] [   7553  16434  17590 ] [ 0 ],0.80,0.80,0.80,0.80,183.87,3.91,0.00,0.00,0.00,0.00,0.00,0.00,0.00,0.00,0.00,0.00,0.00,0.00,0.00,0.00,0.00,0
0.514097,230,5,602,0,DRIVE [ 16 ] [ 1 ] [ 1634 1902 1818 ] [    0    0    0 ] [      0      0      0 ] [ 0 ],drive [ 16 ] [ 1 ] [ 1602 1902 1806 ] [   39    3   15 ] [   7553  16434  17590 ] [ 0 ],0.80,0.80,0.80,0.80,165.48,3.52,0.00,0.00,0.00,0.00,0.00,0.00,0.00,0.00,0.00,0.00,0.00,0.00,0.00,0.00,0.00,0
0.528473,232,9,583,0,DRIVE [ 17 ] [ 1 ] [ 1566 1902 1797 ] [    0    0    0 ] [      0      0      0 ] [ 0 ],drive [ 16 ] [ 1 ] [ 1634 1902 1818 ] [   39    3   15 ] [   7553  16434  17590 ] [ 0 ],0.80,0.80,0.80,0.80,185.53,6.84,0.00,0.00,0.00,0.00,0.00,0.00,0.00,0.00,0.00,0.00,0.00,0.00,0.00,0.00,0.00,0
0.542906,234,12,566,0,DRIVE [ 17 ] [ 1 ] [ 1539 1902 1792 ] [    0    0    0 ] [      0      0      0 ] [ 0 ],drive [ 17 ] [ 1 ] [ 1566 1902 1797 ] [   39    3   15 ] [   7916  16081  17581 ] [ 0 ],0.80,0.80,0.80,0.80,186.85,9.21,0.00,0.00,0.00,0.00,0.00,0.00,0.00,0.00,0.00,0.00,0.00,0.00,0.00,0.00,0.00,0
0.557335,234,14,548,0,DRIVE [ 18 ] [ 1 ] [ 1514 1902 1787 ] [    0    0    0 ] [      0      0      0 ] [ 0 ],drive [ 17 ] [ 1 ] [ 1539 1902 1792 ] [   54    9   19 ] [   7916  16081  17581 ] [ 0 ],0.80,0.80,0.80,0.80,186.92,11.31,0.00,0.00,0.00,0.00,0.00,0.00,0.00,0.00,0.00,0.00,0.00,0.00,0.00,0.00,0.00,0
0.571833,235,17,536,0,DRIVE [ 18 ] [ 1 ] [ 1489 1902 1782 ] [    0    0    0 ] [      0      0      0 ] [ 0 ],drive [ 18 ] [ 1 ] [ 1514 1902 1787 ] [   54    9   19 ] [   7916  16081  17581 ] [ 0 ],0.80,0.80,0.80,0.80,187.70,13.48,0.00,0.00,0.00,0.00,0.00,0.00,0.00,0.00,0.00,0.00,0.00,0.00,0.00,0.00,0.00,0
0.586178,235,21,525,0,DRIVE [ 19 ] [ 1 ] [ 1462 1902 1780 ] [    0    0    0 ] [      0      0      0 ] [ 0 ],drive [ 18 ] [ 1 ] [ 1489 1902 1782 ] [   54    9   19 ] [   7916  16081  17581 ] [ 0 ],0.80,0.80,0.80,0.80,188.28,17.01,0.00,0.00,0.00,0.00,0.00,0.00,0.00,0.00,0.00,0.00,0.00,0.00,0.00,0.00,0.00,0
0.600068,235,26,515,0,DRIVE [ 19 ] [ 1 ] [ 1435 1902 1780 ] [    0    0    0 ] [      0      0      0 ] [ 0 ],drive [ 19 ] [ 1 ] [ 1462 1902 1780 ] [   54    9   19 ] [   8265  15827  17583 ] [ 0 ],0.80,0.80,0.80,0.80,187.91,20.96,0.00,0.00,0.00,0.00,0.00,0.00,0.00,0.00,0.00,0.00,0.00,0.00,0.00,0.00,0.00,0
0.614671,235,32,507,0,DRIVE [ 20 ] [ 1 ] [ 1409 1902 1781 ] [    0    0    0 ] [      0      0      0 ] [ 0 ],drive [ 19 ] [ 1 ] [ 1435 1902 1780 ] [   53   21   20 ] [   8265  15827  17583 ] [ 0 ],0.80,0.80,0.80,0.80,187.87,25.26,0.00,0.00,0.00,0.00,0.00,0.00,0.00,0.00,0.00,0.00,0.00,0.00,0.00,0.00,0.00,0
0.631692,234,36,496,0,DRIVE [ 20 ] [ 1 ] [ 1381 1902 1781 ] [    0    0    0 ] [      0      0      0 ] [ 0 ],drive [ 20 ] [ 1 ] [ 1409 1902 1781 ] [   53   21   20 ] [   8265  15827  17583 ] [ 0 ],0.80,0.80,0.80,0.80,186.99,29.09,0.00,0.00,0.00,0.00,0.00,0.00,0.00,0.00,0.00,0.00,0.00,0.00,0.00,0.00,0.00,0
0.646267,233,40,488,0,DRIVE [ 21 ] [ 1 ] [ 1351 1902 1781 ] [    0    0    0 ] [      0      0      0 ] [ 0 ],drive [ 20 ] [ 1 ] [ 1381 1902 1781 ] [   53   21   20 ] [   8895  15817  17581 ] [ 0 ],0.80,0.80,0.80,0.80,186.61,32.39,0.00,0.00,0.00,0.00,0.00,0.00,0.00,0.00,0.00,0.00,0.00,0.00,0.00,0.00,0.00,0
0.660676,232,44,480,0,DRIVE [ 21 ] [ 1 ] [ 1325 1902 1781 ] [    0    0    0 ] [      0      0      0 ] [ 0 ],drive [ 21 ] [ 1 ] [ 1351 1902 1781 ] [   59    6   24 ] [   8895  15817  17581 ] [ 0 ],0.80,0.80,0.80,0.80,185.58,35.18,0.00,0.00,0.00,0.00,0.00,0.00,0.00,0.00,0.00,0.00,0.00,0.00,0.00,0.00,0.00,0
0.675057,228,48,468,0,DRIVE [ 22 ] [ 1 ] [ 1298 1902 1782 ] [    0    0    0 ] [      0      0      0 ] [ 0 ],drive [ 21 ] [ 1 ] [ 1325 1902 1781 ] [   59    6   24 ] [   8895  15817  17581 ] [ 0 ],0.80,0.80,0.80,0.80,182.71,38.08,0.00,0.00,0.00,0.00,0.00,0.00,0.00,0.00,0.00,0.00,0.00,0.00,0.00,0.00,0.00,0
0.689493,228,51,464,0,DRIVE [ 22 ] [ 1 ] [ 1273 1902 1784 ] [    0    0    0 ] [      0      0      0 ] [ 0 ],drive [ 22 ] [ 1 ] [ 1298 1902 1782 ] [   59    6   24 ] [   8895  15817  17581 ] [ 0 ],0.80,0.80,0.80,0.80,182.35,41.02,0.00,0.00,0.00,0.00,0.00,0.00,0.00,0.00,0.00,0.00,0.00,0.00,0.00,0.00,0.00,0
0.704264,225,54,456,0,DRIVE [ 23 ] [ 1 ] [ 1250 1902 1785 ] [    0    0    0 ] [      0      0      0 ] [ 0 ],drive [ 22 ] [ 1 ] [ 1273 1902 1784 ] [   59    6   24 ] [   9430  15444  17557 ] [ 0 ],0.80,0.80,0.80,0.80,180.37,42.93,0.00,0.00,0.00,0.00,0.00,0.00,0.00,0.00,0.00,0.00,0.00,0.00,0.00,0.00,0.00,0
0.718759,222,55,448,0,DRIVE [ 23 ] [ 1 ] [ 1230 1902 1785 ] [    0    0    0 ] [      0      0      0 ] [ 0 ],drive [ 23 ] [ 1 ] [ 1250 1902 1785 ] [   85    0   34 ] [   9430  15444  17557 ] [ 0 ],0.80,0.80,0.80,0.80,177.50,44.18,0.00,0.00,0.00,0.00,0.00,0.00,0.00,0.00,0.00,0.00,0.00,0.00,0.00,0.00,0.00,0
0.7324,217,57,440,0,DRIVE [ 24 ] [ 1 ] [ 1230 1902 1788 ] [    0    0    0 ] [      0      0      0 ] [ 0 ],drive [ 23 ] [ 1 ] [ 1230 1902 1785 ] [   85    0   34 ] [   9430  15444  17557 ] [ 0 ],0.80,0.80,0.80,0.80,173.51,45.73,0.00,0.00,0.00,0.00,0.00,0.00,0.00,0.00,0.00,0.00,0.00,0.00,0.00,0.00,0.00,0
0.745924,210,59,432,0,DRIVE [ 24 ] [ 1 ] [ 1230 1902 1792 ] [    0    0    0 ] [      0      0      0 ] [ 0 ],drive [ 24 ] [ 1 ] [ 1230 1902 1788 ] [   85    0   34 ] [  10023  14848  17424 ] [ 0 ],0.80,0.80,0.80,0.80,168.21,46.91,0.00,0.00,0.00,0.00,0.00,0.00,0.00,0.00,0.00,0.00,0.00,0.00,0.00,0.00,0.00,0
0.759649,205,60,427,0,DRIVE [ 25 ] [ 1 ] [ 1230 1902 1797 ] [    0    0    0 ] [      0      0      0 ] [ 0 ],drive [ 24 ] [ 1 ] [ 1230 1902 1792 ] [   73   10   35 ] [  10023  14848  17424 ] [ 0 ],0.80,0.80,0.80,0.80,163.68,48.02,0.00,0.00,0.00,0.00,0.00,0.00,0.00,0.00,0.00,0.00,0.00,0.00,0.00,0.00,0.00,0
0.772836,196,60,422,0,DRIVE [ 25 ] [ 1 ] [ 1230 1902 1803 ] [    0    0    0 ] [      0      0      0 ] [ 0 ],drive [ 25 ] [ 1 ] [ 1230 1902 1797 ] [   73   10   35 ] [  10023  14848  17424 ] [ 0 ],0.80,0.80,0.80,0.80,156.80,48.08,0.00,0.00,0.00,0.00,0.00,0.00,0.00,0.00,0.00,0.00,0.00,0.00,0.00,0.00,0.00,0
0.786303,187,59,417,0,DRIVE [ 26 ] [ 1 ] [ 1230 1902 1808 ] [    0    0    0 ] [      0      0      0 ] [ 0 ],drive [ 25 ] [ 1 ] [ 1230 1902 1803 ] [   73   10   35 ] [  10023  14848  17424 ] [ 0 ],0.80,0.80,0.80,0.80,149.75,47.56,0.00,0.00,0.00,0.00,0.00,0.00,0.00,0.00,0.00,0.00,0.00,0.00,-0.00,-0.00,0.00,0
0.80141,178,59,413,0,DRIVE [ 26 ] [ 1 ] [ 1230 1902 1814 ] [    0    0    0 ] [      0      0      0 ] [ 0 ],drive [ 26 ] [ 1 ] [ 1230 1902 1808 ] [   73   10   35 ] [  10542  14680  17144 ] [ 0 ],0.80,0.80,0.80,0.80,142.76,46.96,0.00,0.00,0.00,0.00,0.00,0.00,0.00,0.00,0.00,0.00,0.00,0.00,-0.00,-0.00,0.00,0
0.815112,170,58,410,0,DRIVE [ 27 ] [ 1 ] [ 1230 1902 1821 ] [    0    0    0 ] [      0      0      0 ] [ 0 ],drive [ 26 ] [ 1 ] [ 1230 1902 1814 ] [   65   22   32 ] [  10542  14680  17144 ] [ 0 ],0.80,0.80,0.80,0.80,135.83,46.53,0.00,0.00,0.00,0.00,0.00,0.00,0.00,0.00,0.00,0.00,0.00,0.00,-0.00,-0.00,0.00,0
0.829437,162,58,408,0,DRIVE [ 27 ] [ 1 ] [ 1230 1902 1828 ] [    0    0    0 ] [      0      0      0 ] [ 0 ],drive [ 27 ] [ 1 ] [ 1230 1902 1821 ] [   65   22   32 ] [  10542  14680  17144 ] [ 0 ],0.80,0.80,0.80,0.80,129.75,46.40,0.00,0.00,0.00,0.00,0.00,0.00,0.00,0.00,0.00,0.00,0.00,0.00,-0.00,-0.00,0.00,0
0.845747,152,57,401,0,DRIVE [ 28 ] [ 1 ] [ 1232 1902 1836 ] [    0    0    0 ] [      0      0      0 ] [ 0 ],drive [ 27 ] [ 1 ] [ 1230 1902 1828 ] [   65   22   32 ] [  10831  14667  16975 ] [ 0 ],0.80,0.80,0.80,0.80,121.77,45.85,0.00,0.00,0.00,0.00,0.00,0.00,0.00,0.00,0.00,0.00,0.00,0.00,-0.00,-0.00,0.00,0
0.861584,144,57,396,0,DRIVE [ 28 ] [ 1 ] [ 1240 1902 1843 ] [    0    0    0 ] [      0      0      0 ] [ 0 ],drive [ 28 ] [ 1 ] [ 1232 1902 1836 ] [   90   15   20 ] [  10831  14667  16975 ] [ 0 ],0.80,0.80,0.80,0.80,115.10,45.39,0.00,0.00,0.00,0.00,0.00,0.00,0.00,0.00,0.00,0.00,0.00,0.00,-0.00,-0.00,0.00,0
0.87476,137,57,395,0,DRIVE [ 29 ] [ 1 ] [ 1247 1902 1850 ] [    0    0    0 ] [      0      0      0 ] [ 0 ],drive [ 28 ] [ 1 ] [ 1240 1902 1843 ] [   90   15   20 ] [  10831  14667  16975 ] [ 0 ],0.80,0.80,0.80,0.80,109.69,45.30,0.00,0.00,0.00,0.00,0.00,0.00,0.00,0.00,0.00,0.00,0.00,0.00,-0.00,-0.00,0.00,0
0.88936,130,56,392,0,DRIVE [ 29 ] [ 1 ] [ 1257 1902 1857 ] [    0    0    0 ] [      0      0      0 ] [ 0 ],drive [ 29 ] [ 1 ] [ 1247 1902 1850 ] [   90   15   20 ] [  10831  14667  16975 ] [ 0 ],0.80,0.80,0.80,0.80,104.15,44.82,0.00,0.00,0.00,0.00,0.00,0.00,0.00,0.00,0.00,0.00,0.00,0.00,-0.00,-0.00,0.00,0
0.902198,121,55,388,0,DRIVE [ 30 ] [ 1 ] [ 1272 1902 1865 ] [    0    0    0 ] [      0      0      0 ] [ 0 ],drive [ 29 ] [ 1 ] [ 1257 1902 1857 ] [   90   15   20 ] [  11170  14343  16761 ] [ 0 ],0.80,0.80,0.80,0.80,97.17,44.07,0.00,0.00,0.00,0.00,0.00,0.00,0.00,0.00,0.00,0.00,0.00,0.00,-0.00,-0.00,0.00,0
0.914927,113,54,385,0,DRIVE [ 30 ] [ 1 ] [ 1290 1902 1875 ] [    0    0    0 ] [      0      0      0 ] [ 0 ],drive [ 30 ] [ 1 ] [ 1272 1902 1865 ] [   76    9    9 ] [  11170  14343  16761 ] [ 0 ],0.80,0.80,0.80,0.80,90.20,43.50,0.00,0.00,0.00,0.00,0.00,0.00,0.00,0.00,0.00,0.00,0.00,0.00,-0.00,-0.00,0.00,0
0.927853,101,54,381,0,DRIVE [ 31 ] [ 1 ] [ 1316 1902 1890 ] [    0    0    0 ] [      0      0      0 ] [ 0 ],drive [ 30 ] [ 1 ] [ 1290 1902 1875 ] [   76    9    9 ] [  11170  14343  16761 ] [ 0 ],0.80,0.80,0.80,0.80,81.09,43.16,0.00,0.00,0.00,0.00,0.00,0.00,0.00,0.00,0.00,0.00,0.00,0.00,-0.00,-0.00,0.00,0
0.940182,90,54,377,0,DRIVE [ 31 ] [ 1 ] [ 1340 1902 1905 ] [    0    0    0 ] [      0      0      0 ] [ 0 ],drive [ 31 ] [ 1 ] [ 1316 1902 1890 ] [   76    9    9 ] [  11170  14343  16761 ] [ 0 ],0.80,0.80,0.80,0.80,72.38,42.91,0.00,0.00,0.00,0.00,0.00,0.00,0.00,0.00,0.00,0.00,0.00,0.00,-0.00,-0.00,0.00,0
0.953512,80,53,373,0,DRIVE [ 32 ] [ 1 ] [ 1361 1902 1920 ] [    0    0    0 ] [      0      0      0 ] [ 0 ],drive [ 31 ] [ 1 ] [ 1340 1902 1905 ] [   76    9    9 ] [  11509  14271  16605 ] [ 0 ],0.80,0.80,0.80,0.80,64.23,42.76,0.00,0.00,0.00,0.00,0.00,0.00,0.00,0.00,0.00,0.00,0.00,0.00,-0.00,-0.00,0.00,0
0.965634,71,53,370,0,DRIVE [ 32 ] [ 1 ] [ 1396 1917 1920 ] [    0    0    0 ] [      0      0      0 ] [ 0 ],drive [ 32 ] [ 1 ] [ 1361 1902 1920 ] [   58   10   21 ] [  11509  14271  16605 ] [ 0 ],0.80,0.80,0.80,0.80,57.00,42.54,0.00,0.00,0.00,0.00,0.00,0.00,0.00,0.00,0.00,0.00,0.00,0.00,-0.00,-0.00,0.00,0
0.977824,63,52,367,0,DRIVE [ 33 ] [ 1 ] [ 1440 1904 1920 ] [    0    0    0 ] [      0      0      0 ] [ 0 ],drive [ 32 ] [ 1 ] [ 1396 1917 1920 ] [   58   10   21 ] [  11509  14271  16605 ] [ 0 ],0.80,0.80,0.80,0.80,50.42,41.97,0.00,0.00,0.00,0.00,0.00,0.00,0.00,0.00,0.00,0.00,0.00,0.00,-0.00,-0.00,0.00,0
0.990478,55,52,364,0,DRIVE [ 33 ] [ 1 ] [ 1481 1891 1920 ] [    0    0    0 ] [      0      0      0 ] [ 0 ],drive [ 33 ] [ 1 ] [ 1440 1904 1920 ] [   58   10   21 ] [  11594  14271  16420 ] [ 0 ],0.80,0.80,0.80,0.80,44.36,41.34,0.00,0.00,0.00,0.00,0.00,0.00,0.00,0.00,0.00,0.00,0.00,0.00,-0.00,-0.00,0.00,0
1.00241,47,50,361,0,DRIVE [ 34 ] [ 1 ] [ 1530 1878 1920 ] [    0    0    0 ] [      0      0      0 ] [ 0 ],drive [ 33 ] [ 1 ] [ 1481 1891 1920 ] [   58   10   21 ] [  11594  14271  16420 ] [ 0 ],0.80,0.80,0.80,0.80,37.60,40.16,0.00,0.00,0.00,0.00,0.00,0.00,0.00,0.00,0.00,0.00,0.00,0.00,-0.00,-0.00,0.00,0
1.01433,39,48,355,0,DRIVE [ 34 ] [ 1 ] [ 1576 1867 1920 ] [    0    0    0 ] [      0      0      0 ] [ 0 ],drive [ 34 ] [ 1 ] [ 1530 1878 1920 ] [   51    9    7 ] [  11594  14271  16420 ] [ 0 ],0.80,0.80,0.80,0.80,31.41,38.65,0.00,0.00,0.00,0.00,0.00,0.00,0.00,0.00,0.00,0.00,0.00,0.00,-0.00,-0.00,0.00,0
1.02696,33,47,352,0,DRIVE [ 35 ] [ 1 ] [ 1617 1857 1920 ] [    0    0    0 ] [      0      0      0 ] [ 0 ],drive [ 34 ] [ 1 ] [ 1576 1867 1920 ] [   51    9    7 ] [  11594  14271  16420 ] [ 0 ],0.80,0.80,0.80,0.80,26.06,37.27,0.00,0.00,0.00,0.00,0.00,0.00,0.00,0.00,0.00,0.00,0.00,0.00,-0.00,-0.00,0.00,0
1.03985,26,45,346,0,DRIVE [ 35 ] [ 1 ] [ 1654 1848 1920 ] [    0    0    0 ] [      0      0      0 ] [ 0 ],drive [ 35 ] [ 1 ] [ 1617 1857 1920 ] [   51    9    7 ] [  11594  14271  16420 ] [ 0 ],0.80,0.80,0.80,0.80,21.01,35.70,0.00,0.00,0.00,0.00,0.00,0.00,0.00,0.00,0.00,0.00,0.00,0.00,-0.00,-0.00,0.00,0
1.06041,21,43,342,0,DRIVE [ 36 ] [ 1 ] [ 1686 1839 1920 ] [    0    0    0 ] [      0      0      0 ] [ 0 ],drive [ 35 ] [ 1 ] [ 1654 1848 1920 ] [   51    9    7 ] [  11583  14277  16373 ] [ 0 ],0.80,0.80,0.80,0.80,16.61,34.43,0.00,0.00,0.00,0.00,0.00,0.00,0.00,0.00,0.00,0.00,0.00,0.00,-0.00,-0.00,0.00,0
1.07249,16,42,338,0,DRIVE [ 36 ] [ 1 ] [ 1714 1830 1920 ] [    0    0    0 ] [      0      0      0 ] [ 0 ],drive [ 36 ] [ 1 ] [ 1686 1839 1920 ] [   32    6    5 ] [  11583  14277  16373 ] [ 0 ],0.80,0.80,0.80,0.80,12.66,33.26,0.00,0.00,0.00,0.00,0.00,0.00,0.00,0.00,0.00,0.00,0.00,0.00,-0.00,-0.00,0.00,0
1.08477,11,40,333,0,DRIVE [ 37 ] [ 1 ] [ 1737 1821 1920 ] [    0    0    0 ] [      0      0      0 ] [ 0 ],drive [ 36 ] [ 1 ] [ 1714 1830 1920 ] [   32    6    5 ] [  11583  14277  16373 ] [ 0 ],0.80,0.80,0.80,0.80,9.07,32.15,0.00,0.00,0.00,0.00,0.00,0.00,0.00,0.00,0.00,0.00,0.00,0.00,-0.00,-0.00,0.00,0
1.09749,7,39,330,0,DRIVE [ 37 ] [ 1 ] [ 1758 1813 1920 ] [    0    0    0 ] [      0      0      0 ] [ 0 ],drive [ 37 ] [ 1 ] [ 1737 1821 1920 ] [   32    6    5 ] [  11554  14292  16358 ] [ 0 ],0.80,0.80,0.80,0.80,5.88,31.16,0.00,0.00,0.00,0.00,0.00,0.00,0.00,0.00,0.00,0.00,0.00,0.00,-0.00,-0.00,0.00,0
1.10947,3,37,326,0,DRIVE [ 38 ] [ 1 ] [ 1780 1801 1920 ] [    0    0    0 ] [      0      0      0 ] [ 0 ],drive [ 37 ] [ 1 ] [ 1758 1813 1920 ] [   30    8   14 ] [  11554  14292  16358 ] [ 0 ],0.80,0.80,0.80,0.80,2.19,29.98,0.00,0.00,0.00,0.00,0.00,0.00,0.00,0.00,0.00,0.00,0.00,0.00,-0.00,-0.00,0.00,0
1.12215,-2,36,322,0,DRIVE [ 38 ] [ 1 ] [ 1800 1788 1920 ] [    0    0    0 ] [      0      0      0 ] [ 0 ],drive [ 38 ] [ 1 ] [ 1780 1801 1920 ] [   30    8   14 ] [  11554  14292  16358 ] [ 0 ],0.80,0.80,0.80,0.80,-1.24,28.94,0.00,0.00,0.00,0.00,0.00,0.00,0.00,0.00,0.00,0.00,0.00,0.00,0.00,-0.00,0.00,0
1.13427,-5,35,317,0,DRIVE [ 39 ] [ 1 ] [ 1816 1774 1920 ] [    0    0    0 ] [      0      0      0 ] [ 0 ],drive [ 38 ] [ 1 ] [ 1800 1788 1920 ] [   30    8   14 ] [  11554  14292  16358 ] [ 0 ],0.80,0.80,0.80,0.80,-4.34,27.94,0.00,0.00,0.00,0.00,0.00,0.00,0.00,0.00,0.00,0.00,0.00,0.00,0.00,0.00,0.00,0
1.14654,-9,34,314,0,DRIVE [ 39 ] [ 1 ] [ 1831 1760 1920 ] [    0    0    0 ] [      0      0      0 ] [ 0 ],drive [ 39 ] [ 1 ] [ 1816 1774 1920 ] [   30    8   14 ] [  11451  14321  16300 ] [ 0 ],0.80,0.80,0.80,0.80,-7.30,27.01,0.00,0.00,0.00,0.00,0.00,0.00,0.00,0.00,0.00,0.00,0.00,0.00,0.00,0.00,0.00,0
1.15895,-13,33,310,0,DRIVE [ 40 ] [ 1 ] [ 1845 1743 1920 ] [    0    0    0 ] [      0      0      0 ] [ 0 ],drive [ 39 ] [ 1 ] [ 1831 1760 1920 ] [    9   16   21 ] [  11451  14321  16300 ] [ 0 ],0.80,0.80,0.80,0.80,-10.06,26.05,0.00,0.00,0.00,0.00,0.00,0.00,0.00,0.00,0.00,0.00,0.00,0.00,0.00,0.00,0.00,0
1.17068,-16,32,305,0,DRIVE [ 40 ] [ 1 ] [ 1857 1720 1920 ] [    0    0    0 ] [      0      0      0 ] [ 0 ],drive [ 40 ] [ 1 ] [ 1845 1743 1920 ] [    9   16   21 ] [  11451  14321  16300 ] [ 0 ],0.80,0.80,0.80,0.80,-13.17,25.36,0.00,0.00,0.00,0.00,0.00,0.00,0.00,0.00,0.00,0.00,0.00,0.00,0.00,0.00,0.00,0
1.18544,-20,31,299,0,DRIVE [ 41 ] [ 1 ] [ 1867 1697 1920 ] [    0    0    0 ] [      0      0      0 ] [ 0 ],drive [ 40 ] [ 1 ] [ 1857 1720 1920 ] [    9   16   21 ] [  11451  14321  16300 ] [ 0 ],0.80,0.80,0.80,0.80,-15.76,24.87,0.00,0.00,0.00,0.00,0.00,0.00,0.00,0.00,0.00,0.00,0.00,0.00,0.00,0.00,0.00,0
1.19707,-22,31,295,0,DRIVE [ 41 ] [ 1 ] [ 1873 1678 1920 ] [    0    0    0 ] [      0      0      0 ] [ 0 ],drive [ 41 ] [ 1 ] [ 1867 1697 1920 ] [    9   16   21 ] [  11100  14720  16301 ] [ 0 ],0.80,0.80,0.80,0.80,-17.68,24.52,0.00,0.00,0.00,0.00,0.00,0.00,0.00,0.00,0.00,0.00,0.00,0.00,0.00,0.00,0.00,0
1.21101,-24,30,290,0,DRIVE [ 42 ] [ 1 ] [ 1878 1664 1920 ] [    0    0    0 ] [      0      0      0 ] [ 0 ],drive [ 41 ] [ 1 ] [ 1873 1678 1920 ] [   25   33   20 ] [  11100  14720  16301 ] [ 0 ],0.80,0.80,0.80,0.80,-18.86,24.20,0.00,0.00,0.00,0.00,0.00,-0.00,0.00,0.00,0.00,0.00,0.00,0.00,0.00,0.00,0.00,0
1.22618,-24,30,286,0,DRIVE [ 42 ] [ 1 ] [ 1881 1655 1920 ] [    0    0    0 ] [      0      0      0 ] [ 0 ],drive [ 42 ] [ 1 ] [ 1878 1664 1920 ] [   25   33   20 ] [  11100  14720  16301 ] [ 0 ],0.80,0.80,0.80,0.80,-19.57,23.95,0.00,0.00,0.00,0.00,0.00,-0.00,0.00,0.00,0.00,0.00,0.00,0.00,0.00,0.00,0.00,0
1.23754,-25,30,282,0,DRIVE [ 43 ] [ 1 ] [ 1882 1650 1920 ] [    0    0    0 ] [      0      0      0 ] [ 0 ],drive [ 42 ] [ 1 ] [ 1881 1655 1920 ] [   25   33   20 ] [  11100  14720  16301 ] [ 0 ],0.80,0.80,0.80,0.80,-19.75,23.66,0.00,0.00,0.00,0.00,0.00,-0.00,0.00,0.00,0.00,0.00,0.00,0.00,0.00,0.00,0.00,0
1.24965,-25,29,277,0,DRIVE [ 43 ] [ 1 ] [ 1883 1645 1920 ] [    0    0    0 ] [      0      0      0 ] [ 0 ],drive [ 43 ] [ 1 ] [ 1882 1650 1920 ] [   25   33   20 ] [  10757  15017  16302 ] [ 0 ],0.80,0.80,0.80,0.80,-19.87,23.35,0.00,0.00,0.00,0.00,0.00,-0.00,0.00,0.00,0.00,0.00,0.00,0.00,0.00,0.00,0.00,0
1.2612,-25,29,274,0,DRIVE [ 44 ] [ 1 ] [ 1883 1642 1920 ] [    0    0    0 ] [      0      0      0 ] [ 0 ],drive [ 43 ] [ 1 ] [ 1883 1645 1920 ] [    3   26   20 ] [  10757  15017  16302 ] [ 0 ],0.80,0.80,0.80,0.80,-19.96,23.31,0.00,0.00,0.00,0.00,0.00,-0.00,0.00,0.00,0.00,0.00,0.00,0.00,0.00,0.00,0.00,0
1.27248,-25,29,269,0,DRIVE [ 44 ] [ 1 ] [ 1883 1637 1920 ] [    0    0    0 ] [      0      0      0 ] [ 0 ],drive [ 44 ] [ 1 ] [ 1883 1642 1920 ] [    3   26   20 ] [  10757  15017  16302 ] [ 0 ],0.80,0.80,0.80,0.80,-19.99,23.07,0.00,0.00,0.00,0.00,0.00,-0.00,0.00,0.00,0.00,0.00,0.00,0.00,0.00,0.00,0.00,0
1.28369,-25,29,266,0,DRIVE [ 45 ] [ 1 ] [ 1883 1635 1920 ] [    0    0    0 ] [      0      0      0 ] [ 0 ],drive [ 44 ] [ 1 ] [ 1883 1637 1920 ] [    3   26   20 ] [  10757  15017  16302 ] [ 0 ],0.80,0.80,0.80,0.80,-19.86,23.02,0.00,0.00,0.00,0.00,0.00,-0.00,0.00,0.00,0.00,0.00,0.00,0.00,0.00,0.00,0.00,0
1.29579,-24,29,263,0,DRIVE [ 45 ] [ 1 ] [ 1881 1635 1920 ] [    0    0    0 ] [      0      0      0 ] [ 0 ],drive [ 45 ] [ 1 ] [ 1883 1635 1920 ] [    3   26   20 ] [  10546  15124  16304 ] [ 0 ],0.80,0.80,0.80,0.80,-19.54,23.05,0.00,0.00,0.00,0.00,0.00,-0.00,0.00,0.00,0.00,0.00,0.00,0.00,0.00,0.00,0.00,0
1.30712,-24,29,259,0,DRIVE [ 46 ] [ 1 ] [ 1880 1632 1920 ] [    0    0    0 ] [      0      0      0 ] [ 0 ],drive [ 45 ] [ 1 ] [ 1881 1635 1920 ] [   16   49   21 ] [  10546  15124  16304 ] [ 0 ],0.80,0.80,0.80,0.80,-19.38,23.07,0.00,0.00,0.00,0.00,0.00,-0.00,0.00,0.00,0.00,0.00,0.00,0.00,0.00,0.00,0.00,0
1.31892,-24,29,255,0,DRIVE [ 46 ] [ 1 ] [ 1879 1629 1920 ] [    0    0    0 ] [      0      0      0 ] [ 0 ],drive [ 46 ] [ 1 ] [ 1880 1632 1920 ] [   16   49   21 ] [  10546  15124  16304 ] [ 0 ],0.80,0.80,0.80,0.80,-19.27,23.00,0.00,0.00,0.00,0.00,0.00,-0.00,0.00,0.00,0.00,0.00,0.00,0.00,0.00,0.00,0.00,0
1.33024,-24,29,252,0,DRIVE [ 47 ] [ 1 ] [ 1879 1623 1920 ] [    0    0    0 ] [      0      0      0 ] [ 0 ],drive [ 46 ] [ 1 ] [ 1879 1629 1920 ] [   16   49   21 ] [  10546  15124  16304 ] [ 0 ],0.80,0.80,0.80,0.80,-19.54,23.09,0.00,0.00,0.00,0.00,0.00,-0.00,0.00,0.00,0.00,0.00,0.00,0.00,0.00,0.00,0.00,0
1.3414,-25,29,249,0,DRIVE [ 47 ] [ 1 ] [ 1878 1617 1920 ] [    0    0    0 ] [      0      0      0 ] [ 0 ],drive [ 47 ] [ 1 ] [ 1879 1623 1920 ] [   16   49   21 ] [  10401  15493  16311 ] [ 0 ],0.80,0.80,0.80,0.80,-19.63,23.09,0.00,0.00,0.00,0.00,0.00,-0.00,0.00,0.00,0.00,0.00,0.00,0.00,0.00,0.00,0.00,0
1.3527,-24,29,245,0,DRIVE [ 48 ] [ 1 ] [ 1877 1616 1920 ] [    0    0    0 ] [      0      0      0 ] [ 0 ],drive [ 47 ] [ 1 ] [ 1878 1617 1920 ] [   16   49   21 ] [  10401  15493  16311 ] [ 0 ],0.80,0.80,0.80,0.80,-19.37,23.02,0.00,0.00,0.00,0.00,0.00,-0.00,0.00,0.00,0.00,0.00,0.00,0.00,0.00,0.00,0.00,0
1.36376,-23,29,243,0,DRIVE [ 48 ] [ 1 ] [ 1873 1622 1920 ] [    0    0    0 ] [      0      0      0 ] [ 0 ],drive [ 48 ] [ 1 ] [ 1877 1616 1920 ] [   19   30   18 ] [  10401  15493  16311 ] [ 0 ],0.80,0.80,0.80,0.80,-18.56,23.06,0.00,0.00,0.00,0.00,0.00,-0.00,0.00,0.00,0.00,0.00,0.00,0.00,0.00,0.00,0.00,0
1.37479,-21,29,241,0,DRIVE [ 49 ] [ 1 ] [ 1868 1635 1920 ] [    0    0    0 ] [      0      0      0 ] [ 0 ],drive [ 48 ] [ 1 ] [ 1873 1622 1920 ] [   19   30   18 ] [  10401  15493  16311 ] [ 0 ],0.80,0.80,0.80,0.80,-17.20,23.06,0.00,0.00,0.00,0.00,0.00,-0.00,0.00,0.00,0.00,0.00,0.00,0.00,0.00,0.00,0.00,0
1.38592,-19,28,237,0,DRIVE [ 49 ] [ 1 ] [ 1861 1653 1920 ] [    0    0    0 ] [      0      0      0 ] [ 0 ],drive [ 49 ] [ 1 ] [ 1868 1635 1920 ] [   19   30   18 ] [  10401  15493  16311 ] [ 0 ],0.80,0.80,0.80,0.80,-15.32,22.76,0.00,0.00,0.00,0.00,0.00,-0.00,0.00,0.00,0.00,0.00,0.00,0.00,0.00,0.00,0.00,0
1.39683,-16,28,235,0,DRIVE [ 50 ] [ 1 ] [ 1853 1674 1920 ] [    0    0    0 ] [      0      0      0 ] [ 0 ],drive [ 49 ] [ 1 ] [ 1861 1653 1920 ] [   19   30   18 ] [  10111  15812  16314 ] [ 0 ],0.80,0.80,0.80,0.80,-13.15,22.49,0.00,0.00,0.00,0.00,0.00,-0.00,0.00,0.00,0.00,0.00,0.00,0.00,0.00,0.00,0.00,0
1.40781,-14,28,231,0,DRIVE [ 50 ] [ 1 ] [ 1845 1695 1920 ] [    0    0    0 ] [      0      0      0 ] [ 0 ],drive [ 50 ] [ 1 ] [ 1853 1674 1920 ] [    8   45   18 ] [  10111  15812  16314 ] [ 0 ],0.80,0.80,0.80,0.80,-10.99,22.12,0.00,0.00,0.00,0.00,0.00,-0.00,0.00,0.00,0.00,0.00,0.00,0.00,0.00,0.00,0.00,0
1.41924,-11,27,228,0,DRIVE [ 51 ] [ 1 ] [ 1836 1714 1920 ] [    0    0    0 ] [      0      0      0 ] [ 0 ],drive [ 50 ] [ 1 ] [ 1845 1695 1920 ] [    8   45   18 ] [  10111  15812  16314 ] [ 0 ],0.80,0.80,0.80,0.80,-8.89,21.74,0.00,0.00,0.00,0.00,0.00,-0.00,0.00,0.00,0.00,0.00,0.00,0.00,0.00,0.00,0.00,0
1.43028,-9,27,226,0,DRIVE [ 51 ] [ 1 ] [ 1829 1731 1920 ] [    0    0    0 ] [      0      0      0 ] [ 0 ],drive [ 51 ] [ 1 ] [ 1836 1714 1920 ] [    8   45   18 ] [  10111  15812  16314 ] [ 0 ],0.80,0.80,0.80,0.80,-7.11,21.39,0.00,0.00,0.00,0.00,0.00,-0.00,0.00,0.00,0.00,0.00,0.00,0.00,0.00,-0.00,0.00,0
1.44106,-7,26,223,0,DRIVE [ 52 ] [ 1 ] [ 1821 1746 1920 ] [    0    0    0 ] [      0      0      0 ] [ 0 ],drive [ 51 ] [ 1 ] [ 1829 1731 1920 ] [    8   45   18 ] [  10086  15823  16314 ] [ 0 ],0.80,0.80,0.80,0.80,-5.45,20.99,0.00,0.00,0.00,0.00,0.00,-0.00,0.00,0.00,0.00,0.00,0.00,0.00,0.00,-0.00,0.00,0
1.45236,-5,26,220,0,DRIVE [ 52 ] [ 1 ] [ 1814 1759 1920 ] [    0    0    0 ] [      0      0      0 ] [ 0 ],drive [ 52 ] [ 1 ] [ 1821 1746 1920 ] [    8   45   18 ] [  10086  15823  16314 ] [ 0 ],0.80,0.80,0.80,0.80,-4.00,20.59,0.00,0.00,0.00,0.00,0.00,-0.00,0.00,0.00,0.00,0.00,0.00,0.00,0.00,-0.00,0.00,0
1.46357,-3,25,218,0,DRIVE [ 53 ] [ 1 ] [ 1806 1770 1920 ] [    0    0    0 ] [      0      0      0 ] [ 0 ],drive [ 52 ] [ 1 ] [ 1814 1759 1920 ] [    9   37   18 ] [  10086  15823  16314 ] [ 0 ],0.80,0.80,0.80,0.80,-2.58,20.33,0.00,0.00,0.00,0.00,0.00,-0.00,0.00,0.00,0.00,0.00,0.00,0.00,0.00,-0.00,0.00,0
1.47441,-1,25,215,0,DRIVE [ 53 ] [ 1 ] [ 1797 1781 1920 ] [    0    0    0 ] [      0      0      0 ] [ 0 ],drive [ 53 ] [ 1 ] [ 1806 1770 1920 ] [    9   37   18 ] [  10086  15823  16314 ] [ 0 ],0.80,0.80,0.80,0.80,-1.14,20.08,0.00,0.00,0.00,0.00,0.00,-0.00,0.00,0.00,0.00,0.00,0.00,0.00,0.00,-0.00,0.00,0
1.48585,0,25,211,0,DRIVE [ 54 ] [ 1 ] [ 1786 1791 1920 ] [    0    0    0 ] [      0      0      0 ] [ 0 ],drive [ 53 ] [ 1 ] [ 1797 1781 1920 ] [    9   37   18 ] [  10086  15823  16314 ] [ 0 ],0.80,0.80,0.80,0.80,0.36,19.84,0.00,0.00,0.00,0.00,0.00,-0.00,0.00,0.00,0.00,0.00,0.00,0.00,-0.00,-0.00,0.00,0
1.49715,2,24,208,0,DRIVE [ 54 ] [ 1 ] [ 1773 1801 1920 ] [    0    0    0 ] [      0      0      0 ] [ 0 ],drive [ 54 ] [ 1 ] [ 1786 1791 1920 ] [    9   37   18 ] [  10086  15815  16314 ] [ 0 ],0.80,0.80,0.80,0.80,1.88,19.58,0.00,0.00,0.00,0.00,0.00,-0.00,0.00,0.00,0.00,0.00,0.00,0.00,-0.00,-0.00,0.00,0
1.50813,4,24,204,0,DRIVE [ 55 ] [ 1 ] [ 1759 1810 1920 ] [    0    0    0 ] [      0      0      0 ] [ 0 ],drive [ 54 ] [ 1 ] [ 1773 1801 1920 ] [   12   23   18 ] [  10086  15815  16314 ] [ 0 ],0.80,0.80,0.80,0.80,3.40,19.36,0.00,0.00,0.00,0.00,0.00,-0.00,0.00,0.00,0.00,0.00,0.00,0.00,-0.00,-0.00,0.00,0
1.51943,6,24,201,0,DRIVE [ 55 ] [ 1 ] [ 1744 1819 1920 ] [    0    0    0 ] [      0      0      0 ] [ 0 ],drive [ 55 ] [ 1 ] [ 1759 1810 1920 ] [   12   23   18 ] [  10086  15815  16314 ] [ 0 ],0.80,0.80,0.80,0.80,4.85,19.21,0.00,0.00,0.00,0.00,0.00,-0.00,0.00,0.00,0.00,0.00,0.00,0.00,-0.00,-0.00,0.00,0
1.53002,8,24,198,0,DRIVE [ 56 ] [ 1 ] [ 1728 1826 1920 ] [    0    0    0 ] [      0      0      0 ] [ 0 ],drive [ 55 ] [ 1 ] [ 1744 1819 1920 ] [   12   23   18 ] [  10086  15815  16314 ] [ 0 ],0.80,0.80,0.80,0.80,6.26,19.16,0.00,0.00,0.00,0.00,0.00,-0.00,0.00,0.00,0.00,0.00,0.00,0.00,-0.00,-0.00,0.00,0
1.54088,9,24,195,0,DRIVE [ 56 ] [ 1 ] [ 1711 1832 1920 ] [    0    0    0 ] [      0      0      0 ] [ 0 ],drive [ 56 ] [ 1 ] [ 1728 1826 1920 ] [   12   23   18 ] [  10092  15792  16313 ] [ 0 ],0.80,0.80,0.80,0.80,7.53,19.14,0.00,0.00,0.00,0.00,0.00,-0.00,0.00,0.00,0.00,0.00,0.00,0.00,-0.00,-0.00,0.00,0
1.55193,11,24,192,0,DRIVE [ 57 ] [ 1 ] [ 1693 1836 1920 ] [    0    0    0 ] [      0      0      0 ] [ 0 ],drive [ 56 ] [ 1 ] [ 1711 1832 1920 ] [   12   23   18 ] [  10092  15792  16313 ] [ 0 ],0.80,0.80,0.80,0.80,8.70,19.30,0.00,0.00,0.00,0.00,0.00,-0.00,0.00,0.00,0.00,0.00,0.00,0.00,-0.00,-0.00,0.00,0
1.5628,12,24,188,0,DRIVE [ 57 ] [ 1 ] [ 1675 1838 1920 ] [    0    0    0 ] [      0      0      0 ] [ 0 ],drive [ 57 ] [ 1 ] [ 1693 1836 1920 ] [   17   22   18 ] [  10092  15792  16313 ] [ 0 ],0.80,0.80,0.80,0.80,9.76,19.53,0.00,0.00,0.00,0.00,0.00,-0.00,0.00,0.00,0.00,0.00,0.00,0.00,0.00,0.00,0.00,0
1.57319,13,25,185,0,DRIVE [ 58 ] [ 1 ] [ 1656 1839 1920 ] [    0    0    0 ] [      0      0      0 ] [ 0 ],drive [ 57 ] [ 1 ] [ 1675 1838 1920 ] [   17   22   18 ] [  10092  15792  16313 ] [ 0 ],0.80,0.80,0.80,0.80,10.72,19.89,0.00,0.00,0.00,0.00,0.00,-0.00,0.00,0.00,0.00,0.00,0.00,0.00,0.00,0.00,0.00,0
1.58435,14,25,182,0,DRIVE [ 58 ] [ 1 ] [ 1638 1839 1920 ] [    0    0    0 ] [      0      0      0 ] [ 0 ],drive [ 58 ] [ 1 ] [ 1656 1839 1920 ] [   17   22   18 ] [  10092  15792  16313 ] [ 0 ],0.80,0.80,0.80,0.80,11.50,20.29,0.00,0.00,0.00,0.00,0.00,-0.00,0.00,0.00,0.00,0.00,0.00,0.00,0.00,0.00,0.00,0
1.5948,15,26,179,0,DRIVE [ 59 ] [ 1 ] [ 1621 1837 1920 ] [    0    0    0 ] [      0      0      0 ] [ 0 ],drive [ 58 ] [ 1 ] [ 1638 1839 1920 ] [   17   22   18 ] [  10107  15737  16303 ] [ 0 ],0.80,0.80,0.80,0.80,12.12,20.84,0.00,0.00,0.00,0.00,0.00,-0.00,0.00,0.00,0.00,0.00,0.00,0.00,0.00,0.00,0.00,0
1.60586,16,27,175,0,DRIVE [ 59 ] [ 1 ] [ 1607 1834 1920 ] [    0    0    0 ] [      0      0      0 ] [ 0 ],drive [ 59 ] [ 1 ] [ 1621 1837 1920 ] [   30   31   21 ] [  10107  15737  16303 ] [ 0 ],0.80,0.80,0.80,0.80,12.49,21.30,0.00,0.00,0.00,0.00,0.00,-0.00,0.00,0.00,0.00,0.00,0.00,0.00,0.00,0.00,0.00,0
1.61833,16,27,172,0,DRIVE [ 60 ] [ 1 ] [ 1595 1829 1920 ] [    0    0    0 ] [      0      0      0 ] [ 0 ],drive [ 59 ] [ 1 ] [ 1607 1834 1920 ] [   30   31   21 ] [  10107  15737  16303 ] [ 0 ],0.80,0.80,0.80,0.80,12.66,21.76,0.00,0.00,0.00,0.00,0.00,-0.00,0.00,0.00,0.00,0.00,0.00,0.00,0.00,0.00,0.00,0
1.62888,16,28,169,0,DRIVE [ 60 ] [ 1 ] [ 1584 1823 1920 ] [    0    0    0 ] [      0      0      0 ] [ 0 ],drive [ 60 ] [ 1 ] [ 1595 1829 1920 ] [   30   31   21 ] [  10107  15737  16303 ] [ 0 ],0.80,0.80,0.80,0.80,12.69,22.37,0.00,0.00,0.00,0.00,0.00,-0.00,0.00,0.00,0.00,0.00,0.00,0.00,0.00,0.00,0.00,0
1.63986,16,29,165,0,DRIVE [ 61 ] [ 1 ] [ 1573 1815 1920 ] [    0    0    0 ] [      0      0      0 ] [ 0 ],drive [ 60 ] [ 1 ] [ 1584 1823 1920 ] [   30   31   21 ] [  10127  15737  16303 ] [ 0 ],0.80,0.80,0.80,0.80,12.71,23.06,0.00,0.00,0.00,0.00,0.00,-0.00,0.00,0.00,0.00,0.00,0.00,0.00,0.00,0.00,0.00,0
1.6506,16,30,163,0,DRIVE [ 61 ] [ 1 ] [ 1561 1807 1920 ] [    0    0    0 ] [      0      0      0 ] [ 0 ],drive [ 61 ] [ 1 ] [ 1573 1815 1920 ] [   30   31   21 ] [  10127  15737  16303 ] [ 0 ],0.80,0.80,0.80,0.80,12.68,23.84,0.00,0.00,0.00,0.00,0.00,-0.00,0.00,0.00,0.00,0.00,0.00,0.00,0.00,0.00,0.00,0
1.66077,16,31,159,0,DRIVE [ 62 ] [ 1 ] [ 1550 1799 1920 ] [    0    0    0 ] [      0      0      0 ] [ 0 ],drive [ 61 ] [ 1 ] [ 1561 1807 1920 ] [   52   32   20 ] [  10127  15737  16303 ] [ 0 ],0.80,0.80,0.80,0.80,12.63,24.52,0.00,0.00,0.00,0.00,0.00,-0.00,0.00,0.00,0.00,0.00,0.00,0.00,0.00,0.00,0.00,0
1.67151,16,32,156,0,DRIVE [ 62 ] [ 1 ] [ 1538 1790 1920 ] [    0    0    0 ] [      0      0      0 ] [ 0 ],drive [ 62 ] [ 1 ] [ 1550 1799 1920 ] [   52   32   20 ] [  10127  15737  16303 ] [ 0 ],0.80,0.80,0.80,0.80,12.59,25.23,0.00,0.00,0.00,0.00,0.00,-0.00,0.00,0.00,0.00,0.00,0.00,0.00,0.00,0.00,0.00,0
1.68191,16,32,154,0,DRIVE [ 63 ] [ 1 ] [ 1528 1781 1920 ] [    0    0    0 ] [      0      0      0 ] [ 0 ],drive [ 62 ] [ 1 ] [ 1538 1790 1920 ] [   52   32   20 ] [  10127  15737  16303 ] [ 0 ],0.80,0.80,0.80,0.80,12.46,25.87,0.00,0.00,0.00,0.00,0.00,-0.00,0.00,0.00,0.00,0.00,0.00,0.00,0.00,0.00,0.00,0
1.69424,15,33,151,0,DRIVE [ 63 ] [ 1 ] [ 1520 1772 1920 ] [    0    0    0 ] [      0      0      0 ] [ 0 ],drive [ 63 ] [ 1 ] [ 1528 1781 1920 ] [   52   32   20 ] [  10190  15742  16304 ] [ 0 ],0.80,0.80,0.80,0.80,12.23,26.48,0.00,0.00,0.00,0.00,0.00,-0.00,0.00,0.00,0.00,0.00,0.00,0.00,0.00,0.00,0.00,0
1.70671,15,34,148,0,DRIVE [ 64 ] [ 1 ] [ 1514 1762 1920 ] [    0    0    0 ] [      0      0      0 ] [ 0 ],drive [ 63 ] [ 1 ] [ 1520 1772 1920 ] [   38   30   20 ] [  10190  15742  16304 ] [ 0 ],0.80,0.80,0.80,0.80,11.83,26.98,0.00,0.00,0.00,0.00,0.00,-0.00,0.00,0.00,0.00,0.00,0.00,0.00,0.00,0.00,0.00,0
1.71725,14,34,146,0,DRIVE [ 64 ] [ 1 ] [ 1511 1752 1920 ] [    0    0    0 ] [      0      0      0 ] [ 0 ],drive [ 64 ] [ 1 ] [ 1514 1762 1920 ] [   38   30   20 ] [  10190  15742  16304 ] [ 0 ],0.80,0.80,0.80,0.80,11.37,27.36,0.00,0.00,0.00,0.00,0.00,-0.00,0.00,0.00,0.00,0.00,0.00,0.00,0.00,0.00,0.00,0
1.72745,14,35,143,0,DRIVE [ 65 ] [ 1 ] [ 1508 1742 1920 ] [    0    0    0 ] [      0      0      0 ] [ 0 ],drive [ 64 ] [ 1 ] [ 1511 1752 1920 ] [   38   30   20 ] [  10190  15742  16304 ] [ 0 ],0.80,0.80,0.80,0.80,10.91,27.73,0.00,0.00,0.00,0.00,0.00,-0.00,0.00,0.00,0.00,0.00,0.00,0.00,0.00,0.00,0.00,0
1.73821,13,35,141,0,DRIVE [ 65 ] [ 1 ] [ 1506 1734 1920 ] [    0    0    0 ] [      0      0      0 ] [ 0 ],drive [ 65 ] [ 1 ] [ 1508 1742 1920 ] [   38   30   20 ] [  10190  15742  16304 ] [ 0 ],0.80,0.80,0.80,0.80,10.46,27.98,0.00,0.00,0.00,0.00,0.00,-0.00,0.00,0.00,0.00,0.00,0.00,0.00,0.00,0.00,0.00,0
1.74854,13,35,139,0,DRIVE [ 66 ] [ 1 ] [ 1505 1727 1920 ] [    0    0    0 ] [      0      0      0 ] [ 0 ],drive [ 65 ] [ 1 ] [ 1506 1734 1920 ] [   38   30   20 ] [  10207  15767  16303 ] [ 0 ],0.80,0.80,0.80,0.80,10.07,28.11,0.00,0.00,0.00,0.00,0.00,-0.00,0.00,0.00,0.00,0.00,0.00,0.00,0.00,0.00,0.00,0
1.75945,12,35,137,0,DRIVE [ 66 ] [ 1 ] [ 1504 1720 1920 ] [    0    0    0 ] [      0      0      0 ] [ 0 ],drive [ 66 ] [ 1 ] [ 1505 1727 1920 ] [   40   22   21 ] [  10207  15767  16303 ] [ 0 ],0.80,0.80,0.80,0.80,9.71,28.17,0.00,0.00,0.00,0.00,0.00,-0.00,0.00,0.00,0.00,0.00,0.00,0.00,0.00,0.00,0.00,0
1.77005,12,35,135,0,DRIVE [ 67 ] [ 1 ] [ 1502 1715 1920 ] [    0    0    0 ] [      0      0      0 ] [ 0 ],drive [ 66 ] [ 1 ] [ 1504 1720 1920 ] [   40   22   21 ] [  10207  15767  16303 ] [ 0 ],0.80,0.80,0.80,0.80,9.44,28.23,0.00,0.00,0.00,0.00,0.00,-0.00,0.00,0.00,0.00,0.00,0.00,0.00,0.00,0.00,0.00,0
1.7816,11,35,134,0,DRIVE [ 67 ] [ 1 ] [ 1501 1710 1920 ] [    0    0    0 ] [      0      0      0 ] [ 0 ],drive [ 67 ] [ 1 ] [ 1502 1715 1920 ] [   40   22   21 ] [  10207  15767  16303 ] [ 0 ],0.80,0.80,0.80,0.80,9.18,28.28,0.00,0.00,0.00,0.00,0.00,0.00,0.00,0.00,0.00,0.00,0.00,0.00,0.00,0.00,0.00,0
1.79176,11,35,132,0,DRIVE [ 68 ] [ 1 ] [ 1499 1705 1920 ] [    0    0    0 ] [      0      0      0 ] [ 0 ],drive [ 67 ] [ 1 ] [ 1501 1710 1920 ] [   40   22   21 ] [  10207  15780  16303 ] [ 0 ],0.80,0.80,0.80,0.80,8.94,28.21,0.00,0.00,0.00,0.00,0.00,0.00,0.00,0.00,0.00,0.00,0.00,0.00,0.00,0.00,0.00,0
1.80203,11,35,130,0,DRIVE [ 68 ] [ 1 ] [ 1498 1701 1920 ] [    0    0    0 ] [      0      0      0 ] [ 0 ],drive [ 68 ] [ 1 ] [ 1499 1705 1920 ] [   40   22   21 ] [  10207  15780  16303 ] [ 0 ],0.80,0.80,0.80,0.80,8.69,28.20,0.00,0.00,0.00,0.00,0.00,0.00,0.00,0.00,0.00,0.00,0.00,0.00,0.00,0.00,0.00,0
1.81281,11,35,129,0,DRIVE [ 69 ] [ 1 ] [ 1497 1696 1920 ] [    0    0    0 ] [      0      0      0 ] [ 0 ],drive [ 68 ] [ 1 ] [ 1498 1701 1920 ] [   40   23   20 ] [  10207  15780  16303 ] [ 0 ],0.80,0.80,0.80,0.80,8.41,28.17,0.00,0.00,0.00,0.00,0.00,0.00,0.00,0.00,0.00,0.00,0.00,0.00,0.00,0.00,0.00,0
1.82301,10,35,127,0,DRIVE [ 69 ] [ 1 ] [ 1497 1691 1920 ] [    0    0    0 ] [      0      0      0 ] [ 0 ],drive [ 69 ] [ 1 ] [ 1497 1696 1920 ] [   40   23   20 ] [  10207  15780  16303 ] [ 0 ],0.80,0.80,0.80,0.80,8.12,28.10,0.00,0.00,0.00,0.00,0.00,0.00,0.00,0.00,0.00,0.00,0.00,0.00,0.00,0.00,0.00,0
1.83361,10,35,125,0,DRIVE [ 70 ] [ 1 ] [ 1498 1686 1920 ] [    0    0    0 ] [      0      0      0 ] [ 0 ],drive [ 69 ] [ 1 ] [ 1497 1691 1920 ] [   40   23   20 ] [  10207  15780  16303 ] [ 0 ],0.80,0.80,0.80,0.80,7.76,27.99,0.00,0.00,0.00,0.00,0.00,0.00,0.00,0.00,0.00,0.00,0.00,0.00,0.00,0.00,0.00,0
1.84388,9,35,124,0,DRIVE [ 70 ] [ 1 ] [ 1498 1681 1920 ] [    0    0    0 ] [      0      0      0 ] [ 0 ],drive [ 70 ] [ 1 ] [ 1498 1686 1920 ] [   40   23   20 ] [  10207  15779  16281 ] [ 0 ],0.80,0.80,0.80,0.80,7.45,27.92,0.00,0.00,0.00,0.00,0.00,0.00,0.00,0.00,0.00,0.00,0.00,0.00,0.00,0.00,0.00,0
1.85441,9,35,122,0,DRIVE [ 71 ] [ 1 ] [ 1498 1675 1920 ] [    0    0    0 ] [      0      0      0 ] [ 0 ],drive [ 70 ] [ 1 ] [ 1498 1681 1920 ] [   40   25   15 ] [  10207  15779  16281 ] [ 0 ],0.80,0.80,0.80,0.80,7.14,27.88,0.00,0.00,0.00,0.00,0.00,0.00,0.00,0.00,0.00,0.00,0.00,0.00,0.00,0.00,0.00,0
1.86451,9,35,121,0,DRIVE [ 71 ] [ 1 ] [ 1498 1669 1920 ] [    0    0    0 ] [      0      0      0 ] [ 0 ],drive [ 71 ] [ 1 ] [ 1498 1675 1920 ] [   40   25   15 ] [  10207  15779  16281 ] [ 0 ],0.80,0.80,0.80,0.80,6.84,27.88,0.00,0.00,0.00,0.00,0.00,0.00,0.00,0.00,0.00,0.00,0.00,0.00,0.00,0.00,0.00,0
1.87564,8,35,119,0,DRIVE [ 72 ] [ 1 ] [ 1496 1663 1920 ] [    0    0    0 ] [      0      0      0 ] [ 0 ],drive [ 71 ] [ 1 ] [ 1498 1669 1920 ] [   40   25   15 ] [  10207  15779  16281 ] [ 0 ],0.80,0.80,0.80,0.80,6.57,27.89,0.00,0.00,0.00,0.00,0.00,0.00,0.00,0.00,0.00,0.00,0.00,0.00,0.00,0.00,0.00,0
1.88588,8,35,118,0,DRIVE [ 72 ] [ 1 ] [ 1493 1656 1920 ] [    0    0    0 ] [      0      0      0 ] [ 0 ],drive [ 72 ] [ 1 ] [ 1496 1663 1920 ] [   40   25   15 ] [  10207  15779  16281 ] [ 0 ],0.80,0.80,0.80,0.80,6.37,28.01,0.00,0.00,0.00,0.00,0.00,0.00,0.00,0.00,0.00,0.00,0.00,0.00,0.00,0.00,0.00,0
1.89585,8,35,116,0,DRIVE [ 73 ] [ 1 ] [ 1488 1650 1920 ] [    0    0    0 ] [      0      0      0 ] [ 0 ],drive [ 72 ] [ 1 ] [ 1493 1656 1920 ] [   40   25   15 ] [  10207  15810  16273 ] [ 0 ],0.80,0.80,0.80,0.80,6.21,28.10,0.00,0.00,0.00,0.00,0.00,0.00,0.00,0.00,0.00,0.00,0.00,0.00,0.00,0.00,0.00,0
1.90653,8,35,114,0,DRIVE [ 73 ] [ 1 ] [ 1481 1644 1920 ] [    0    0    0 ] [      0      0      0 ] [ 0 ],drive [ 73 ] [ 1 ] [ 1488 1650 1920 ] [   41   31   13 ] [  10207  15810  16273 ] [ 0 ],0.80,0.80,0.80,0.80,6.19,28.22,0.00,0.00,0.00,0.00,0.00,0.00,0.00,0.00,0.00,0.00,0.00,0.00,0.00,0.00,0.00,0
1.91692,8,35,113,0,DRIVE [ 74 ] [ 1 ] [ 1472 1641 1920 ] [    0    0    0 ] [      0      0      0 ] [ 0 ],drive [ 73 ] [ 1 ] [ 1481 1644 1920 ] [   41   31   13 ] [  10207  15810  16273 ] [ 0 ],0.80,0.80,0.80,0.80,6.33,28.36,0.00,0.00,0.00,0.00,0.00,0.00,0.00,0.00,0.00,0.00,0.00,0.00,0.00,0.00,0.00,0
1.92674,8,36,111,0,DRIVE [ 74 ] [ 1 ] [ 1460 1639 1920 ] [    0    0    0 ] [      0      0      0 ] [ 0 ],drive [ 74 ] [ 1 ] [ 1472 1641 1920 ] [   41   31   13 ] [  10207  15810  16273 ] [ 0 ],0.80,0.80,0.80,0.80,6.61,28.49,0.00,0.00,0.00,0.00,0.00,0.00,0.00,0.00,0.00,0.00,0.00,0.00,0.00,0.00,0.00,0
1.93911,9,36,110,0,DRIVE [ 75 ] [ 1 ] [ 1447 1637 1920 ] [    0    0    0 ] [      0      0      0 ] [ 0 ],drive [ 74 ] [ 1 ] [ 1460 1639 1920 ] [   41   31   13 ] [  10207  15810  16273 ] [ 0 ],0.80,0.80,0.80,0.80,6.93,28.67,0.00,0.00,0.00,0.00,0.00,0.00,0.00,0.00,0.00,0.00,0.00,0.00,0.00,0.00,0.00,0
1.95127,9,36,109,0,DRIVE [ 75 ] [ 1 ] [ 1435 1634 1920 ] [    0    0    0 ] [      0      0      0 ] [ 0 ],drive [ 75 ] [ 1 ] [ 1447 1637 1920 ] [   41   31   13 ] [  10206  15964  16269 ] [ 0 ],0.80,0.80,0.80,0.80,7.22,28.83,0.00,0.00,0.00,0.00,0.00,0.00,0.00,0.00,0.00,0.00,0.00,0.00,0.00,0.00,0.00,0
1.96263,9,36,107,0,DRIVE [ 76 ] [ 1 ] [ 1423 1630 1920 ] [    0    0    0 ] [      0      0      0 ] [ 0 ],drive [ 75 ] [ 1 ] [ 1435 1634 1920 ] [   44   42    1 ] [  10206  15964  16269 ] [ 0 ],0.80,0.80,0.80,0.80,7.40,29.06,0.00,0.00,0.00,0.00,0.00,0.00,0.00,0.00,0.00,0.00,0.00,0.00,0.00,0.00,0.00,0
1.97322,9,37,106,0,DRIVE [ 76 ] [ 1 ] [ 1412 1625 1920 ] [    0    0    0 ] [      0      0      0 ] [ 0 ],drive [ 76 ] [ 1 ] [ 1423 1630 1920 ] [   44   42    1 ] [  10206  15964  16269 ] [ 0 ],0.80,0.80,0.80,0.80,7.50,29.20,0.00,0.00,0.00,0.00,0.00,0.00,0.00,0.00,0.00,0.00,0.00,0.00,0.00,0.00,0.00,0
1.98332,9,37,105,0,DRIVE [ 77 ] [ 1 ] [ 1403 1621 1920 ] [    0    0    0 ] [      0      0      0 ] [ 0 ],drive [ 76 ] [ 1 ] [ 1412 1625 1920 ] [   44   42    1 ] [  10206  15964  16269 ] [ 0 ],0.80,0.80,0.80,0.80,7.58,29.36,0.00,0.00,0.00,0.00,0.00,0.00,0.00,0.00,0.00,0.00,0.00,0.00,0.00,0.00,0.00,0
1.9937,10,37,103,0,DRIVE [ 77 ] [ 1 ] [ 1393 1617 1920 ] [    0    0    0 ] [      0      0      0 ] [ 0 ],drive [ 77 ] [ 1 ] [ 1403 1621 1920 ] [   44   42    1 ] [  10217  15973  16142 ] [ 0 ],0.80,0.80,0.80,0.80,7.68,29.45,0.00,0.00,0.00,0.00,0.00,0.00,0.00,0.00,0.00,0.00,0.00,0.00,0.00,0.00,0.00,0
2.00403,10,37,102,0,DRIVE [ 78 ] [ 1 ] [ 1381 1614 1920 ] [    0    0    0 ] [      0      0      0 ] [ 0 ],drive [ 77 ] [ 1 ] [ 1393 1617 1920 ] [   54   43   22 ] [  10217  15973  16142 ] [ 0 ],0.80,0.80,0.80,0.80,7.89,29.51,0.00,0.00,0.00,0.00,0.00,0.00,0.00,0.00,0.00,0.00,0.00,0.00,0.00,0.00,0.00,0
2.01414,10,37,100,0,DRIVE [ 78 ] [ 1 ] [ 1368 1613 1920 ] [    0    0    0 ] [      0      0      0 ] [ 0 ],drive [ 78 ] [ 1 ] [ 1381 1614 1920 ] [   54   43   22 ] [  10217  15973  16142 ] [ 0 ],0.80,0.80,0.80,0.80,8.22,29.57,0.00,0.00,0.00,0.00,0.00,0.00,0.00,0.00,0.00,0.00,0.00,0.00,0.00,0.00,0.00,0
2.02583,11,37,99,0,DRIVE [ 79 ] [ 1 ] [ 1351 1614 1920 ] [    0    0    0 ] [      0      0      0 ] [ 0 ],drive [ 78 ] [ 1 ] [ 1368 1613 1920 ] [   54   43   22 ] [  10217  15973  16142 ] [ 0 ],0.80,0.80,0.80,0.80,8.70,29.61,0.00,0.00,0.00,0.00,0.00,0.00,0.00,0.00,0.00,0.00,0.00,0.00,0.00,0.00,0.00,0
2.03786,12,37,98,0,DRIVE [ 79 ] [ 1 ] [ 1331 1615 1920 ] [    0    0    0 ] [      0      0      0 ] [ 0 ],drive [ 79 ] [ 1 ] [ 1351 1614 1920 ] [   54   43   22 ] [  10217  15973  16142 ] [ 0 ],0.80,0.80,0.80,0.80,9.23,29.71,0.00,0.00,0.00,0.00,0.00,0.00,0.00,0.00,0.00,0.00,0.00,0.00,0.00,0.00,0.00,0
2.04961,12,37,96,0,DRIVE [ 80 ] [ 1 ] [ 1310 1616 1920 ] [    0    0    0 ] [      0      0      0 ] [ 0 ],drive [ 79 ] [ 1 ] [ 1331 1615 1920 ] [   54   43   22 ] [  10217  15976  15981 ] [ 0 ],0.80,0.80,0.80,0.80,9.82,29.82,0.00,0.00,0.00,0.00,0.00,0.00,0.00,0.00,0.00,0.00,0.00,0.00,0.00,0.00,0.00,0
2.06155,13,38,95,0,DRIVE [ 80 ] [ 1 ] [ 1287 1617 1920 ] [    0    0    0 ] [      0      0      0 ] [ 0 ],drive [ 80 ] [ 1 ] [ 1310 1616 1920 ] [   58   44   26 ] [  10217  15976  15981 ] [ 0 ],0.80,0.80,0.80,0.80,10.42,30.02,0.00,0.00,0.00,0.00,0.00,0.00,0.00,0.00,0.00,0.00,0.00,0.00,0.00,0.00,0.00,0
2.0718,14,38,93,0,DRIVE [ 81 ] [ 1 ] [ 1263 1617 1920 ] [    0    0    0 ] [      0      0      0 ] [ 0 ],drive [ 80 ] [ 1 ] [ 1287 1617 1920 ] [   58   44   26 ] [  10217  15976  15981 ] [ 0 ],0.80,0.80,0.80,0.80,11.03,30.20,0.00,0.00,0.00,0.00,0.00,0.00,0.00,0.00,0.00,0.00,0.00,0.00,0.00,0.00,0.00,0
2.08136,15,38,92,0,DRIVE [ 81 ] [ 1 ] [ 1237 1617 1920 ] [    0    0    0 ] [      0      0      0 ] [ 0 ],drive [ 81 ] [ 1 ] [ 1263 1617 1920 ] [   58   44   26 ] [  10217  15976  15981 ] [ 0 ],0.80,0.80,0.80,0.80,11.63,30.38,0.00,0.00,0.00,0.00,0.00,0.00,0.00,0.00,0.00,0.00,0.00,0.00,0.00,0.00,0.00,0
2.09371,15,38,91,0,DRIVE [ 82 ] [ 1 ] [ 1230 1617 1920 ] [    0    0    0 ] [      0      0      0 ] [ 0 ],drive [ 81 ] [ 1 ] [ 1237 1617 1920 ] [   58   44   26 ] [  10221  15964  15959 ] [ 0 ],0.80,0.80,0.80,0.80,12.20,30.57,0.00,0.00,0.00,0.00,0.00,0.00,0.00,0.00,0.00,0.00,0.00,0.00,0.00,0.00,0.00,0
2.10555,16,38,89,0,DRIVE [ 82 ] [ 1 ] [ 1230 1615 1920 ] [    0    0    0 ] [      0      0      0 ] [ 0 ],drive [ 82 ] [ 1 ] [ 1230 1617 1920 ] [   69   49   26 ] [  10221  15964  15959 ] [ 0 ],0.80,0.80,0.80,0.80,12.70,30.78,0.00,0.00,0.00,0.00,0.00,0.00,0.00,0.00,0.00,0.00,0.00,0.00,0.00,0.00,0.00,0
2.11752,16,39,88,0,DRIVE [ 83 ] [ 1 ] [ 1230 1612 1920 ] [    0    0    0 ] [      0      0      0 ] [ 0 ],drive [ 82 ] [ 1 ] [ 1230 1615 1920 ] [   69   49   26 ] [  10221  15964  15959 ] [ 0 ],0.80,0.80,0.80,0.80,13.17,31.03,0.00,0.00,0.00,0.00,0.00,0.00,0.00,0.00,0.00,0.00,0.00,0.00,0.00,0.00,0.00,0
2.12926,17,39,86,0,DRIVE [ 83 ] [ 1 ] [ 1230 1609 1920 ] [    0    0    0 ] [      0      0      0 ] [ 0 ],drive [ 83 ] [ 1 ] [ 1230 1612 1920 ] [   69   49   26 ] [  10221  15964  15959 ] [ 0 ],0.80,0.80,0.80,0.80,13.55,31.26,0.00,0.00,0.00,0.00,0.00,0.00,0.00,0.00,0.00,0.00,0.00,0.00,0.00,0.00,0.00,0
2.13929,17,39,85,0,DRIVE [ 84 ] [ 1 ] [ 1230 1605 1920 ] [    0    0    0 ] [      0      0      0 ] [ 0 ],drive [ 83 ] [ 1 ] [ 1230 1609 1920 ] [   69   49   26 ] [  10342  15962  15954 ] [ 0 ],0.80,0.80,0.80,0.80,13.88,31.44,0.00,0.00,0.00,0.00,0.00,0.00,0.00,0.00,0.00,0.00,0.00,0.00,0.00,0.00,0.00,0
2.1497,18,40,83,0,DRIVE [ 84 ] [ 1 ] [ 1230 1601 1920 ] [    0    0    0 ] [      0      0      0 ] [ 0 ],drive [ 84 ] [ 1 ] [ 1230 1605 1920 ] [   69   49   26 ] [  10342  15962  15954 ] [ 0 ],0.80,0.80,0.80,0.80,14.21,31.66,0.00,0.00,0.00,0.00,0.00,0.00,0.00,0.00,0.00,0.00,0.00,0.00,0.00,0.00,0.00,0
2.1611,18,40,82,0,DRIVE [ 85 ] [ 1 ] [ 1230 1597 1920 ] [    0    0    0 ] [      0      0      0 ] [ 0 ],drive [ 84 ] [ 1 ] [ 1230 1601 1920 ] [   77   48   25 ] [  10342  15962  15954 ] [ 0 ],0.80,0.80,0.80,0.80,14.51,31.87,0.00,0.00,0.00,0.00,0.00,0.00,0.00,0.00,0.00,0.00,0.00,0.00,0.00,0.00,0.00,0
2.17334,19,40,80,0,DRIVE [ 85 ] [ 1 ] [ 1230 1593 1920 ] [    0    0    0 ] [      0      0      0 ] [ 0 ],drive [ 85 ] [ 1 ] [ 1230 1597 1920 ] [   77   48   25 ] [  10342  15962  15954 ] [ 0 ],0.80,0.80,0.80,0.80,14.82,32.01,0.00,0.00,0.00,0.00,0.00,0.00,0.00,0.00,0.00,0.00,0.00,0.00,0.00,0.00,0.00,0
2.18538,19,40,79,0,DRIVE [ 86 ] [ 1 ] [ 1230 1588 1920 ] [    0    0    0 ] [      0      0      0 ] [ 0 ],drive [ 85 ] [ 1 ] [ 1230 1593 1920 ] [   77   48   25 ] [  10342  15962  15954 ] [ 0 ],0.80,0.80,0.80,0.80,15.15,32.23,0.00,0.00,0.00,0.00,0.00,0.00,0.00,0.00,0.00,0.00,0.00,0.00,0.00,0.00,0.00,0
2.19474,19,41,77,0,DRIVE [ 86 ] [ 1 ] [ 1230 1583 1920 ] [    0    0    0 ] [      0      0      0 ] [ 0 ],drive [ 86 ] [ 1 ] [ 1230 1588 1920 ] [   77   48   25 ] [  10341  15967  15950 ] [ 0 ],0.80,0.80,0.80,0.80,15.47,32.49,0.00,0.00,0.00,0.00,0.00,0.00,0.00,0.00,0.00,0.00,0.00,0.00,0.00,0.00,0.00,0
2.20542,20,41,76,0,DRIVE [ 87 ] [ 1 ] [ 1230 1577 1920 ] [    0    0    0 ] [      0      0      0 ] [ 0 ],drive [ 86 ] [ 1 ] [ 1230 1583 1920 ] [   77   50   26 ] [  10341  15967  15950 ] [ 0 ],0.80,0.80,0.80,0.80,15.72,32.73,0.00,0.00,0.00,0.00,0.00,0.00,0.00,0.00,0.00,0.00,0.00,0.00,0.00,0.00,0.00,0
2.21756,20,41,74,0,DRIVE [ 87 ] [ 1 ] [ 1230 1569 1920 ] [    0    0    0 ] [      0      0      0 ] [ 0 ],drive [ 87 ] [ 1 ] [ 1230 1577 1920 ] [   77   50   26 ] [  10341  15967  15950 ] [ 0 ],0.80,0.80,0.80,0.80,15.95,33.04,0.00,0.00,0.00,0.00,0.00,0.00,0.00,0.00,0.00,0.00,0.00,0.00,0.00,0.00,0.00,0
2.22911,20,42,73,0,DRIVE [ 88 ] [ 1 ] [ 1230 1561 1920 ] [    0    0    0 ] [      0      0      0 ] [ 0 ],drive [ 87 ] [ 1 ] [ 1230 1569 1920 ] [   77   50   26 ] [  10341  15967  15950 ] [ 0 ],0.80,0.80,0.80,0.80,16.25,33.39,0.00,0.00,0.00,0.00,0.00,0.00,0.00,0.00,0.00,0.00,0.00,0.00,0.00,0.00,0.00,0
2.24168,21,42,71,0,DRIVE [ 88 ] [ 1 ] [ 1230 1553 1920 ] [    0    0    0 ] [      0      0      0 ] [ 0 ],drive [ 88 ] [ 1 ] [ 1230 1561 1920 ] [   77   50   26 ] [  10341  15967  15950 ] [ 0 ],0.80,0.80,0.80,0.80,16.67,33.74,0.00,0.00,0.00,0.00,0.00,0.00,0.00,0.00,0.00,0.00,0.00,0.00,0.00,0.00,0.00,0
2.25326,22,43,70,0,DRIVE [ 89 ] [ 1 ] [ 1230 1548 1920 ] [    0    0    0 ] [      0      0      0 ] [ 0 ],drive [ 88 ] [ 1 ] [ 1230 1553 1920 ] [   77   50   26 ] [  10341  15967  15950 ] [ 0 ],0.80,0.80,0.80,0.80,17.24,34.12,0.00,0.00,0.00,0.00,0.00,0.00,0.00,0.00,0.00,0.00,0.00,0.00,0.00,0.00,0.00,0
2.2628,22,43,68,0,DRIVE [ 89 ] [ 1 ] [ 1230 1543 1920 ] [    0    0    0 ] [      0      0      0 ] [ 0 ],drive [ 89 ] [ 1 ] [ 1230 1548 1920 ] [   77   51   25 ] [  10341  15967  15950 ] [ 0 ],0.80,0.80,0.80,0.80,17.96,34.56,0.00,0.00,0.00,0.00,0.00,0.00,0.00,0.00,0.00,0.00,0.00,0.00,0.00,0.00,0.00,0
2.27337,23,44,66,0,DRIVE [ 90 ] [ 1 ] [ 1230 1539 1920 ] [    0    0    0 ] [      0      0      0 ] [ 0 ],drive [ 89 ] [ 1 ] [ 1230 1543 1920 ] [   77   51   25 ] [  10341  15967  15950 ] [ 0 ],0.80,0.80,0.80,0.80,18.76,35.02,0.00,0.00,0.00,0.00,0.00,0.00,0.00,0.00,0.00,0.00,0.00,0.00,0.00,0.00,0.00,0
2.28531,23,44,66,0,DRIVE [ 90 ] [ 1 ] [ 1230 1571 1920 ] [    0    0    0 ] [      0      0      0 ] [ 0 ],drive [ 90 ] [ 1 ] [ 1230 1539 1920 ] [   77   51   25 ] [  10341  15967  15950 ] [ 0 ],0.80,0.80,0.80,0.80,16.88,31.52,0.00,0.00,0.00,0.00,0.00,0.00,0.00,0.00,0.00,0.00,0.00,0.00,0.00,0.00,0.00,0
2.29708,23,44,66,0,DRIVE [ 91 ] [ 1 ] [ 1230 1602 1920 ] [    0    0    0 ] [      0      0      0 ] [ 0 ],drive [ 90 ] [ 1 ] [ 1230 1571 1920 ] [   77   51   25 ] [  10341  15977  15933 ] [ 0 ],0.80,0.80,0.80,0.80,15.19,28.37,0.00,0.00,0.00,0.00,0.00,0.00,0.00,0.00,0.00,0.00,0.00,0.00,0.00,0.00,0.00,0
2.30924,23,44,66,0,DRIVE [ 91 ] [ 1 ] [ 1230 1631 1920 ] [    0    0    0 ] [      0      0      0 ] [ 0 ],drive [ 91 ] [ 1 ] [ 1230 1602 1920 ] [   77   46    3 ] [  10341  15977  15933 ] [ 0 ],0.80,0.80,0.80,0.80,13.67,25.53,0.00,0.00,0.00,0.00,0.00,0.00,0.00,0.00,0.00,0.00,0.00,0.00,0.00,0.00,0.00,0
2.3212,23,44,66,0,DRIVE [ 92 ] [ 1 ] [ 1230 1657 1920 ] [    0    0    0 ] [      0      0      0 ] [ 0 ],drive [ 91 ] [ 1 ] [ 1230 1631 1920 ] [   77   46    3 ] [  10341  15977  15933 ] [ 0 ],0.80,0.80,0.80,0.80,12.31,22.98,0.00,0.00,0.00,0.00,0.00,0.00,0.00,0.00,0.00,0.00,0.00,0.00,0.00,0.00,0.00,0
2.33078,23,44,66,0,DRIVE [ 92 ] [ 1 ] [ 1230 1682 1920 ] [    0    0    0 ] [      0      0      0 ] [ 0 ],drive [ 92 ] [ 1 ] [ 1230 1657 1920 ] [   77   46    3 ] [  10341  15977  15933 ] [ 0 ],0.80,0.80,0.80,0.80,11.08,20.68,0.00,0.00,0.00,0.00,0.00,0.00,0.00,0.00,0.00,0.00,0.00,0.00,0.00,0.00,0.00,0
2.34114,23,44,66,0,DRIVE [ 93 ] [ 1 ] [ 1242 1705 1920 ] [    0    0    0 ] [      0      0      0 ] [ 0 ],drive [ 92 ] [ 1 ] [ 1230 1682 1920 ] [   77   46    3 ] [  10342  15966  15814 ] [ 0 ],0.80,0.80,0.80,0.80,9.97,18.61,0.00,0.00,0.00,0.00,0.00,0.00,0.00,0.00,0.00,0.00,0.00,0.00,0.00,0.00,0.00,0
2.35312,23,44,66,0,DRIVE [ 93 ] [ 1 ] [ 1306 1726 1920 ] [    0    0    0 ] [      0      0      0 ] [ 0 ],drive [ 93 ] [ 1 ] [ 1242 1705 1920 ] [   77   46    3 ] [  10342  15966  15814 ] [ 0 ],0.80,0.80,0.80,0.80,8.97,16.75,0.00,0.00,0.00,0.00,0.00,0.00,0.00,0.00,0.00,0.00,0.00,0.00,0.00,0.00,0.00,0
2.36514,23,44,66,0,DRIVE [ 94 ] [ 1 ] [ 1365 1745 1920 ] [    0    0    0 ] [      0      0      0 ] [ 0 ],drive [ 93 ] [ 1 ] [ 1306 1726 1920 ] [   77   42    8 ] [  10342  15966  15814 ] [ 0 ],0.80,0.80,0.80,0.80,8.07,15.08,0.00,0.00,0.00,0.00,0.00,0.00,0.00,0.00,0.00,0.00,0.00,0.00,0.00,0.00,0.00,0
2.37718,23,44,66,0,DRIVE [ 94 ] [ 1 ] [ 1419 1762 1920 ] [    0    0    0 ] [      0      0      0 ] [ 0 ],drive [ 94 ] [ 1 ] [ 1365 1745 1920 ] [   77   42    8 ] [  10342  15966  15814 ] [ 0 ],0.80,0.80,0.80,0.80,7.27,13.57,0.00,0.00,0.00,0.00,0.00,0.00,0.00,0.00,0.00,0.00,0.00,0.00,0.00,0.00,0.00,0
2.38679,23,44,66,0,DRIVE [ 95 ] [ 1 ] [ 1469 1778 1920 ] [    0    0    0 ] [      0      0      0 ] [ 0 ],drive [ 94 ] [ 1 ] [ 1419 1762 1920 ] [   77   42    8 ] [  10342  15966  15814 ] [ 0 ],0.80,0.80,0.80,0.80,6.54,12.21,0.00,0.00,0.00,0.00,0.00,0.00,0.00,0.00,0.00,0.00,0.00,0.00,0.00,0.00,0.00,0
2.3971,23,44,66,0,DRIVE [ 95 ] [ 1 ] [ 1513 1793 1920 ] [    0    0    0 ] [      0      0      0 ] [ 0 ],drive [ 95 ] [ 1 ] [ 1469 1778 1920 ] [   77   42    8 ] [  10338  15954  15789 ] [ 0 ],0.80,0.80,0.80,0.80,5.89,10.99,0.00,0.00,0.00,0.00,0.00,0.00,0.00,0.00,0.00,0.00,0.00,0.00,0.00,0.00,0.00,0
2.40914,23,44,66,0,DRIVE [ 96 ] [ 1 ] [ 1554 1806 1920 ] [    0    0    0 ] [      0      0      0 ] [ 0 ],drive [ 95 ] [ 1 ] [ 1513 1793 1920 ] [   45   36   17 ] [  10338  15954  15789 ] [ 0 ],0.80,0.80,0.80,0.80,5.30,9.89,0.00,0.00,0.00,0.00,0.00,0.00,0.00,0.00,0.00,0.00,0.00,0.00,0.00,0.00,0.00,0
2.42114,23,44,66,0,DRIVE [ 96 ] [ 1 ] [ 1590 1817 1920 ] [    0    0    0 ] [      0      0      0 ] [ 0 ],drive [ 96 ] [ 1 ] [ 1554 1806 1920 ] [   45   36   17 ] [  10338  15954  15789 ] [ 0 ],0.80,0.80,0.80,0.80,4.77,8.90,0.00,0.00,0.00,0.00,0.00,0.00,0.00,0.00,0.00,0.00,0.00,0.00,0.00,0.00,0.00,0
2.43312,23,44,66,0,DRIVE [ 97 ] [ 1 ] [ 1623 1828 1920 ] [    0    0    0 ] [      0      0      0 ] [ 0 ],drive [ 96 ] [ 1 ] [ 1590 1817 1920 ] [   45   36   17 ] [  10338  15954  15789 ] [ 0 ],0.80,0.80,0.80,0.80,4.29,8.01,0.00,0.00,0.00,0.00,0.00,0.00,0.00,0.00,0.00,0.00,0.00,0.00,0.00,0.00,0.00,0
2.44577,23,44,66,0,DRIVE [ 97 ] [ 1 ] [ 1653 1838 1920 ] [    0    0    0 ] [      0      0      0 ] [ 0 ],drive [ 97 ] [ 1 ] [ 1623 1828 1920 ] [   45   36   17 ] [  10315  15926  15741 ] [ 0 ],0.80,0.80,0.80,0.80,3.86,7.21,0.00,0.00,0.00,0.00,0.00,0.00,0.00,0.00,0.00,0.00,0.00,0.00,0.00,0.00,0.00,0
2.45617,23,44,66,0,DRIVE [ 98 ] [ 1 ] [ 1680 1846 1920 ] [    0    0    0 ] [      0      0      0 ] [ 0 ],drive [ 97 ] [ 1 ] [ 1653 1838 1920 ] [   26   13   22 ] [  10315  15926  15741 ] [ 0 ],0.80,0.80,0.80,0.80,3.48,6.49,0.00,0.00,0.00,0.00,0.00,0.00,0.00,0.00,0.00,0.00,0.00,0.00,0.00,0.00,0.00,0
2.46669,23,44,66,0,DRIVE [ 98 ] [ 1 ] [ 1705 1854 1920 ] [    0    0    0 ] [      0      0      0 ] [ 0 ],drive [ 98 ] [ 1 ] [ 1680 1846 1920 ] [   26   13   22 ] [  10315  15926  15741 ] [ 0 ],0.80,0.80,0.80,0.80,3.13,5.84,0.00,0.00,0.00,0.00,0.00,0.00,0.00,0.00,0.00,0.00,0.00,0.00,0.00,0.00,0.00,0
2.47701,23,44,66,0,DRIVE [ 99 ] [ 1 ] [ 1727 1861 1920 ] [    0    0    0 ] [      0      0      0 ] [ 0 ],drive [ 98 ] [ 1 ] [ 1705 1854 1920 ] [   26   13   22 ] [  10315  15926  15741 ] [ 0 ],0.80,0.80,0.80,0.80,2.82,5.26,0.00,0.00,0.00,0.00,0.00,0.00,0.00,0.00,0.00,0.00,0.00,0.00,0.00,0.00,0.00,0
2.49017,23,44,66,0,DRIVE [ 99 ] [ 1 ] [ 1746 1868 1920 ] [    0    0    0 ] [      0      0      0 ] [ 0 ],drive [ 99 ] [ 1 ] [ 1727 1861 1920 ] [   26   13   22 ] [  10315  15926  15741 ] [ 0 ],0.80,0.80,0.80,0.80,2.53,4.73,0.00,0.00,0.00,0.00,0.00,0.00,0.00,0.00,0.00,0.00,0.00,0.00,0.00,0.00,0.00,0
2.50118,23,44,66,0,DRIVE [ 00 ] [ 1 ] [ 1764 1874 1920 ] [    0    0    0 ] [      0      0      0 ] [ 0 ],drive [ 99 ] [ 1 ] [ 1746 1868 1920 ] [   26   13   22 ] [  10281  15771  15718 ] [ 0 ],0.80,0.80,0.80,0.80,2.28,4.26,0.00,0.00,0.00,0.00,0.00,0.00,0.00,0.00,0.00,0.00,0.00,0.00,0.00,0.00,0.00,0
2.5128,23,44,66,0,DRIVE [ 00 ] [ 1 ] [ 1780 1879 1920 ] [    0    0    0 ] [      0      0      0 ] [ 0 ],drive [ 00 ] [ 1 ] [ 1764 1874 1920 ] [   22   18   21 ] [  10281  15771  15718 ] [ 0 ],0.80,0.80,0.80,0.80,2.05,3.83,0.00,0.00,0.00,0.00,0.00,0.00,0.00,0.00,0.00,0.00,0.00,0.00,0.00,0.00,0.00,0
2.52241,23,44,66,0,DRIVE [ 01 ] [ 1 ] [ 1795 1883 1920 ] [    0    0    0 ] [      0      0      0 ] [ 0 ],drive [ 00 ] [ 1 ] [ 1780 1879 1920 ] [   22   18   21 ] [  10281  15771  15718 ] [ 0 ],0.80,0.80,0.80,0.80,1.85,3.45,0.00,0.00,0.00,0.00,0.00,0.00,0.00,0.00,0.00,0.00,0.00,0.00,0.00,0.00,0.00,0
2.53447,23,44,66,0,DRIVE [ 01 ] [ 1 ] [ 1808 1888 1920 ] [    0    0    0 ] [      0      0      0 ] [ 0 ],drive [ 01 ] [ 1 ] [ 1795 1883 1920 ] [   22   18   21 ] [  10281  15771  15718 ] [ 0 ],0.80,0.80,0.80,0.80,1.66,3.10,0.00,0.00,0.00,0.00,0.00,0.00,0.00,0.00,0.00,0.00,0.00,0.00,0.00,0.00,0.00,0
2.54551,23,44,66,1,DRIVE [ 02 ] [ 1 ] [ 1820 1891 1920 ] [    0    0    0 ] [      0      0      0 ] [ 0 ],drive [ 01 ] [ 1 ] [ 1808 1888 1920 ] [   22   18   21 ] [  10120  15682  15730 ] [ 0 ],0.80,0.80,0.80,0.80,1.50,2.79,0.00,0.00,0.00,0.00,0.00,0.00,0.00,0.00,0.00,0.00,0.00,0.00,0.00,0.00,0.00,0
