timestamp,Xmm,Ymm,Zmm,TouchDetected,OutgoingPacket,IncomingPacket,GainPropAb, GainPropAd, GainPropFl, GainPropEx,PropA, PropB, PropC,GainIntegAb, GainIntegAd, GainIntegFl, GainIntegEx,IntegA, IntegB, IntegC,GainDerivAb, GainDerivAd, GainDerivFl, GainDerivEx,DerivA, DerivB, DerivC,Heading5
2.02746,-103,14,648,1,DRIVE [ 53 ] [ 1 ] [ 1230 1893 1837 ] [    0    0    0 ] [      0      0      0 ] [ 0 ],drive [ 52 ] [ 1 ] [ 1230 1893 1828 ] [   65   21   27 ] [  12876  16523  17141 ] [ 0 ],0.80,0.80,0.80,0.80,9.47,4.28,0.00,0.00,0.00,0.00,0.00,-0.00,0.00,0.00,0.00,0.00,0.00,0.00,0.00,0.00,0.00,0
0.00150262,-103,14,648,0,DRIVE [ 29 ] [ 1 ] [ 1924 1926 1926 ] [    0    0    0 ] [      0      0      0 ] [ 0 ],drive [ 28 ] [ 1 ] [ 1924 1634 1843 ] [    5   31   10 ] [   8939  19099  17592 ] [ 0 ],0.80,0.80,0.80,0.80,-74.10,9.76,0.00,0.00,0.00,0.00,0.00,-0.00,0.00,0.00,0.00,0.00,0.00,0.00,0.00,0.00,0.00,0
0.0171961,-76,18,612,0,DRIVE [ 29 ] [ 1 ] [ 1924 1922 1925 ] [    0    0    0 ] [      0      0      0 ] [ 0 ],drive [ 29 ] [ 1 ] [ 1924 1926 1926 ] [    5   31   10 ] [   8940  19097  17591 ] [ 0 ],0.80,0.80,0.80,0.80,-60.71,14.08,0.00,0.00,0.00,0.00,0.00,0.00,0.00,0.00,0.00,0.00,0.00,0.00,0.00,0.00,0.00,0
0.0316715,-75,18,622,0,DRIVE [ 30 ] [ 1 ] [ 1924 1919 1924 ] [    0    0    0 ] [      0      0      0 ] [ 0 ],drive [ 29 ] [ 1 ] [ 1924 1922 1925 ] [    4    3    1 ] [   8940  19097  17591 ] [ 0 ],0.80,0.80,0.80,0.80,-60.38,14.30,0.00,0.00,0.00,0.00,0.00,0.00,0.00,0.00,0.00,0.00,0.00,0.00,0.00,-0.00,0.00,0
0.0465572,-76,18,632,0,DRIVE [ 30 ] [ 1 ] [ 1924 1915 1923 ] [    0    0    0 ] [      0      0      0 ] [ 0 ],drive [ 30 ] [ 1 ] [ 1924 1919 1924 ] [    4    3    1 ] [   8940  19097  17591 ] [ 0 ],0.80,0.80,0.80,0.80,-60.53,14.62,0.00,0.00,0.00,0.00,0.00,0.00,0.00,0.00,0.00,0.00,0.00,0.00,0.00,0.00,0.00,0
0.0631938,-74,18,636,0,DRIVE [ 31 ] [ 1 ] [ 1924 1912 1923 ] [    0    0    0 ] [      0      0      0 ] [ 0 ],drive [ 30 ] [ 1 ] [ 1924 1915 1923 ] [    4    3    1 ] [   8941  18743  17530 ] [ 0 ],0.80,0.80,0.80,0.80,-59.29,14.74,0.00,0.00,0.00,0.00,0.00,0.00,0.00,0.00,0.00,0.00,0.00,0.00,0.00,-0.00,0.00,0
0.0776484,-73,19,638,0,DRIVE [ 31 ] [ 1 ] [ 1924 1908 1922 ] [    0    0    0 ] [      0      0      0 ] [ 0 ],drive [ 31 ] [ 1 ] [ 1924 1912 1923 ] [    3   12   18 ] [   8941  18743  17530 ] [ 0 ],0.80,0.80,0.80,0.80,-58.35,14.81,0.00,0.00,0.00,0.00,0.00,0.00,0.00,0.00,0.00,0.00,0.00,0.00,0.00,-0.00,0.00,0
0.0920935,-72,18,631,0,DRIVE [ 32 ] [ 1 ] [ 1924 1905 1922 ] [    0    0    0 ] [      0      0      0 ] [ 0 ],drive [ 31 ] [ 1 ] [ 1924 1908 1922 ] [    3   12   18 ] [   8941  18743  17530 ] [ 0 ],0.80,0.80,0.80,0.80,-57.63,14.79,0.00,0.00,0.00,0.00,0.00,0.00,0.00,0.00,0.00,0.00,0.00,0.00,0.00,-0.00,0.00,0
0.105975,-72,19,628,0,DRIVE [ 32 ] [ 1 ] [ 1924 1901 1921 ] [    0    0    0 ] [      0      0      0 ] [ 0 ],drive [ 32 ] [ 1 ] [ 1924 1905 1922 ] [    3   12   18 ] [   8941  18743  17530 ] [ 0 ],0.80,0.80,0.80,0.80,-57.95,15.00,0.00,0.00,0.00,0.00,0.00,0.00,0.00,0.00,0.00,0.00,0.00,0.00,0.00,-0.00,0.00,0
0.120247,-73,20,627,0,DRIVE [ 33 ] [ 1 ] [ 1924 1898 1920 ] [    0    0    0 ] [      0      0      0 ] [ 0 ],drive [ 32 ] [ 1 ] [ 1924 1901 1921 ] [    3   12   18 ] [   8942  18651  17530 ] [ 0 ],0.80,0.80,0.80,0.80,-58.53,15.64,0.00,0.00,0.00,0.00,0.00,0.00,0.00,0.00,0.00,0.00,0.00,0.00,0.00,0.00,0.00,0
0.134989,-72,20,621,0,DRIVE [ 33 ] [ 1 ] [ 1924 1894 1920 ] [    0    0    0 ] [      0      0      0 ] [ 0 ],drive [ 33 ] [ 1 ] [ 1924 1898 1920 ] [    4   11   17 ] [   8942  18651  17530 ] [ 0 ],0.80,0.80,0.80,0.80,-57.99,16.23,0.00,0.00,0.00,0.00,0.00,0.00,0.00,0.00,0.00,0.00,0.00,0.00,0.00,-0.00,0.00,0
0.149146,-301,8,619,0,DRIVE [ 34 ] [ 1 ] [ 1924 1803 1881 ] [    0    0    0 ] [      0      0      0 ] [ 0 ],drive [ 33 ] [ 1 ] [ 1924 1894 1920 ] [    4   11   17 ] [   8942  18651  17530 ] [ 0 ],0.80,0.80,0.80,0.80,-240.77,6.35,0.00,0.00,0.00,0.00,0.00,0.00,0.00,0.00,0.00,0.00,0.00,0.00,0.00,0.00,0.00,0
0.163848,-294,9,607,0,DRIVE [ 34 ] [ 1 ] [ 1924 1791 1877 ] [    0    0    0 ] [      0      0      0 ] [ 0 ],drive [ 34 ] [ 1 ] [ 1924 1803 1881 ] [    4   11   17 ] [   8941  18552  17530 ] [ 0 ],0.80,0.80,0.80,0.80,-235.10,7.09,0.00,0.00,0.00,0.00,0.00,0.00,0.00,0.00,0.00,0.00,0.00,0.00,0.00,0.00,0.00,0
0.177893,-293,10,607,0,DRIVE [ 35 ] [ 1 ] [ 1924 1779 1873 ] [    0    0    0 ] [      0      0      0 ] [ 0 ],drive [ 34 ] [ 1 ] [ 1924 1791 1877 ] [    3   28   22 ] [   8941  18552  17530 ] [ 0 ],0.80,0.80,0.80,0.80,-234.24,7.82,0.00,0.00,0.00,0.00,0.00,0.00,0.00,0.00,0.00,0.00,0.00,0.00,0.00,-0.00,0.00,0
0.192454,-287,12,598,0,DRIVE [ 35 ] [ 1 ] [ 1924 1767 1870 ] [    0    0    0 ] [      0      0      0 ] [ 0 ],drive [ 35 ] [ 1 ] [ 1924 1779 1873 ] [    3   28   22 ] [   8941  18552  17530 ] [ 0 ],0.80,0.80,0.80,0.80,-229.76,9.61,0.00,0.00,0.00,0.00,0.00,0.00,0.00,0.00,0.00,0.00,0.00,0.00,0.00,-0.00,0.00,0
0.206333,-287,14,598,0,DRIVE [ 36 ] [ 1 ] [ 1924 1755 1866 ] [    0    0    0 ] [      0      0      0 ] [ 0 ],drive [ 35 ] [ 1 ] [ 1924 1767 1870 ] [    3   28   22 ] [   8941  18552  17530 ] [ 0 ],0.80,0.80,0.80,0.80,-229.43,11.26,0.00,0.00,0.00,0.00,0.00,0.00,0.00,0.00,0.00,0.00,0.00,0.00,0.00,-0.00,0.00,0
0.220635,-285,16,596,0,DRIVE [ 36 ] [ 1 ] [ 1924 1743 1863 ] [    0    0    0 ] [      0      0      0 ] [ 0 ],drive [ 36 ] [ 1 ] [ 1924 1755 1866 ] [    3   28   22 ] [   8942  18466  17533 ] [ 0 ],0.80,0.80,0.80,0.80,-228.31,12.80,0.00,0.00,0.00,0.00,0.00,0.00,0.00,0.00,0.00,0.00,0.00,0.00,0.00,-0.00,0.00,0
0.234295,-284,18,595,0,DRIVE [ 37 ] [ 1 ] [ 1924 1731 1860 ] [    0    0    0 ] [      0      0      0 ] [ 0 ],drive [ 36 ] [ 1 ] [ 1924 1743 1863 ] [    1   34   24 ] [   8942  18466  17533 ] [ 0 ],0.80,0.80,0.80,0.80,-227.01,14.24,0.00,0.00,0.00,0.00,0.00,0.00,0.00,0.00,0.00,0.00,0.00,0.00,0.00,-0.00,0.00,0
0.248083,-281,20,593,0,DRIVE [ 37 ] [ 1 ] [ 1924 1719 1858 ] [    0    0    0 ] [      0      0      0 ] [ 0 ],drive [ 37 ] [ 1 ] [ 1924 1731 1860 ] [    1   34   24 ] [   8942  18466  17533 ] [ 0 ],0.80,0.80,0.80,0.80,-224.92,16.37,0.00,0.00,0.00,0.00,0.00,0.00,0.00,0.00,0.00,0.00,0.00,0.00,0.00,-0.00,0.00,0
0.262421,-278,23,590,0,DRIVE [ 38 ] [ 1 ] [ 1924 1708 1856 ] [    0    0    0 ] [      0      0      0 ] [ 0 ],drive [ 37 ] [ 1 ] [ 1924 1719 1858 ] [    1   34   24 ] [   8952  18467  17542 ] [ 0 ],0.80,0.80,0.80,0.80,-222.36,18.06,0.00,0.00,0.00,0.00,0.00,0.00,0.00,0.00,0.00,0.00,0.00,0.00,0.00,-0.00,0.00,0
0.276605,-278,23,590,0,DRIVE [ 38 ] [ 1 ] [ 1924 1730 1863 ] [    0    0    0 ] [      0      0      0 ] [ 0 ],drive [ 38 ] [ 1 ] [ 1924 1708 1856 ] [   -1   39   26 ] [   8952  18467  17542 ] [ 0 ],0.80,0.80,0.80,0.80,-200.13,16.25,0.00,0.00,0.00,0.00,0.00,0.00,0.00,0.00,0.00,0.00,0.00,0.00,0.00,-0.00,0.00,0
0.290958,-276,24,590,0,DRIVE [ 39 ] [ 1 ] [ 1924 1685 1850 ] [    0    0    0 ] [      0      0      0 ] [ 0 ],drive [ 38 ] [ 1 ] [ 1924 1730 1863 ] [   -1   39   26 ] [   8952  18467  17542 ] [ 0 ],0.80,0.80,0.80,0.80,-220.41,19.45,0.00,0.00,0.00,0.00,0.00,0.00,0.00,0.00,0.00,0.00,0.00,0.00,0.00,-0.00,0.00,0
0.305198,-272,25,587,0,DRIVE [ 39 ] [ 1 ] [ 1924 1674 1847 ] [    0    0    0 ] [      0      0      0 ] [ 0 ],drive [ 39 ] [ 1 ] [ 1924 1685 1850 ] [   -1   39   26 ] [   8952  18467  17542 ] [ 0 ],0.80,0.80,0.80,0.80,-217.63,20.29,0.00,0.00,0.00,0.00,0.00,0.00,0.00,0.00,0.00,0.00,0.00,0.00,0.00,-0.00,0.00,0
0.318967,-267,26,583,0,DRIVE [ 40 ] [ 1 ] [ 1924 1664 1845 ] [    0    0    0 ] [      0      0      0 ] [ 0 ],drive [ 39 ] [ 1 ] [ 1924 1674 1847 ] [   -1   39   26 ] [   8953  18454  17540 ] [ 0 ],0.80,0.80,0.80,0.80,-213.81,20.83,0.00,0.00,0.00,0.00,0.00,0.00,0.00,0.00,0.00,0.00,0.00,0.00,0.00,-0.00,0.00,0
0.333318,-263,27,579,0,DRIVE [ 40 ] [ 1 ] [ 1924 1655 1843 ] [    0    0    0 ] [      0      0      0 ] [ 0 ],drive [ 40 ] [ 1 ] [ 1924 1664 1845 ] [   -1   45   28 ] [   8953  18454  17540 ] [ 0 ],0.80,0.80,0.80,0.80,-210.46,21.22,0.00,0.00,0.00,0.00,0.00,0.00,0.00,0.00,0.00,0.00,0.00,0.00,0.00,-0.00,0.00,0
0.347653,-258,27,574,0,DRIVE [ 41 ] [ 1 ] [ 1924 1646 1841 ] [    0    0    0 ] [      0      0      0 ] [ 0 ],drive [ 40 ] [ 1 ] [ 1924 1655 1843 ] [   -1   45   28 ] [   8953  18454  17540 ] [ 0 ],0.80,0.80,0.80,0.80,-206.52,21.39,0.00,0.00,0.00,0.00,0.00,0.00,0.00,0.00,0.00,0.00,0.00,0.00,0.00,-0.00,0.00,0
0.362239,-254,27,569,0,DRIVE [ 41 ] [ 1 ] [ 1924 1636 1838 ] [    0    0    0 ] [      0      0      0 ] [ 0 ],drive [ 41 ] [ 1 ] [ 1924 1646 1841 ] [   -1   45   28 ] [   8963  18439  17536 ] [ 0 ],0.80,0.80,0.80,0.80,-203.20,21.46,0.00,0.00,0.00,0.00,0.00,0.00,0.00,0.00,0.00,0.00,0.00,0.00,0.00,-0.00,0.00,0
0.376755,-249,27,563,0,DRIVE [ 42 ] [ 1 ] [ 1924 1626 1836 ] [    0    0    0 ] [      0      0      0 ] [ 0 ],drive [ 41 ] [ 1 ] [ 1924 1636 1838 ] [    1   49   28 ] [   8963  18439  17536 ] [ 0 ],0.80,0.80,0.80,0.80,-199.50,21.53,0.00,0.00,0.00,0.00,0.00,0.00,0.00,0.00,0.00,0.00,0.00,0.00,0.00,-0.00,0.00,0
0.39135,-245,27,557,0,DRIVE [ 42 ] [ 1 ] [ 1924 1616 1834 ] [    0    0    0 ] [      0      0      0 ] [ 0 ],drive [ 42 ] [ 1 ] [ 1924 1626 1836 ] [    1   49   28 ] [   8963  18439  17536 ] [ 0 ],0.80,0.80,0.80,0.80,-196.17,21.94,0.00,0.00,0.00,0.00,0.00,0.00,0.00,0.00,0.00,0.00,0.00,0.00,0.00,-0.00,0.00,0
0.405653,-241,28,551,0,DRIVE [ 43 ] [ 1 ] [ 1924 1605 1832 ] [    0    0    0 ] [      0      0      0 ] [ 0 ],drive [ 42 ] [ 1 ] [ 1924 1616 1834 ] [    1   49   28 ] [   8963  18439  17536 ] [ 0 ],0.80,0.80,0.80,0.80,-193.08,22.74,0.00,0.00,0.00,0.00,0.00,0.00,0.00,0.00,0.00,0.00,0.00,0.00,0.00,-0.00,0.00,0
0.420083,-238,30,544,0,DRIVE [ 43 ] [ 1 ] [ 1924 1593 1830 ] [    0    0    0 ] [      0      0      0 ] [ 0 ],drive [ 43 ] [ 1 ] [ 1924 1605 1832 ] [    1   49   28 ] [   8977  18454  17536 ] [ 0 ],0.80,0.80,0.80,0.80,-190.01,23.75,0.00,0.00,0.00,0.00,0.00,0.00,0.00,0.00,0.00,0.00,0.00,0.00,0.00,-0.00,0.00,0
0.434407,-234,32,539,0,DRIVE [ 44 ] [ 1 ] [ 1924 1581 1829 ] [    0    0    0 ] [      0      0      0 ] [ 0 ],drive [ 43 ] [ 1 ] [ 1924 1593 1830 ] [   20   47   28 ] [   8977  18454  17536 ] [ 0 ],0.80,0.80,0.80,0.80,-187.21,25.48,0.00,0.00,0.00,0.00,0.00,0.00,0.00,0.00,0.00,0.00,0.00,0.00,0.00,-0.00,0.00,0
0.448387,-232,34,538,0,DRIVE [ 44 ] [ 1 ] [ 1924 1568 1829 ] [    0    0    0 ] [      0      0      0 ] [ 0 ],drive [ 44 ] [ 1 ] [ 1924 1581 1829 ] [   20   47   28 ] [   8977  18454  17536 ] [ 0 ],0.80,0.80,0.80,0.80,-185.91,27.40,0.00,0.00,0.00,0.00,0.00,0.00,0.00,0.00,0.00,0.00,0.00,0.00,0.00,-0.00,0.00,0
0.463004,-229,36,533,0,DRIVE [ 45 ] [ 1 ] [ 1924 1557 1829 ] [    0    0    0 ] [      0      0      0 ] [ 0 ],drive [ 44 ] [ 1 ] [ 1924 1568 1829 ] [   20   47   28 ] [   9074  18476  17537 ] [ 0 ],0.80,0.80,0.80,0.80,-183.03,28.88,0.00,0.00,0.00,0.00,0.00,0.00,0.00,0.00,0.00,0.00,0.00,0.00,0.00,-0.00,0.00,0
0.477534,-226,38,534,0,DRIVE [ 45 ] [ 1 ] [ 1924 1547 1829 ] [    0    0    0 ] [      0      0      0 ] [ 0 ],drive [ 45 ] [ 1 ] [ 1924 1557 1829 ] [    2   44   29 ] [   9074  18476  17537 ] [ 0 ],0.80,0.80,0.80,0.80,-181.05,30.65,0.00,0.00,0.00,0.00,0.00,0.00,0.00,0.00,0.00,0.00,0.00,0.00,0.00,-0.00,0.00,0
0.491804,-221,40,527,0,DRIVE [ 46 ] [ 1 ] [ 1924 1537 1829 ] [    0    0    0 ] [      0      0      0 ] [ 0 ],drive [ 45 ] [ 1 ] [ 1924 1547 1829 ] [    2   44   29 ] [   9074  18476  17537 ] [ 0 ],0.80,0.80,0.80,0.80,-176.57,31.70,0.00,0.00,0.00,0.00,0.00,0.00,0.00,0.00,0.00,0.00,0.00,0.00,0.00,-0.00,0.00,0
0.506101,-215,41,521,0,DRIVE [ 46 ] [ 1 ] [ 1924 1529 1829 ] [    0    0    0 ] [      0      0      0 ] [ 0 ],drive [ 46 ] [ 1 ] [ 1924 1537 1829 ] [    2   44   29 ] [   9074  18476  17537 ] [ 0 ],0.80,0.80,0.80,0.80,-172.30,32.41,0.00,0.00,0.00,0.00,0.00,0.00,0.00,0.00,0.00,0.00,0.00,0.00,0.00,-0.00,0.00,0
0.519781,-208,41,510,0,DRIVE [ 47 ] [ 1 ] [ 1924 1522 1830 ] [    0    0    0 ] [      0      0      0 ] [ 0 ],drive [ 46 ] [ 1 ] [ 1924 1529 1829 ] [    2   44   29 ] [   9083  18503  17537 ] [ 0 ],0.80,0.80,0.80,0.80,-166.01,32.67,0.00,0.00,0.00,0.00,0.00,0.00,0.00,0.00,0.00,0.00,0.00,0.00,0.00,-0.00,0.00,0
0.53382,-203,41,508,0,DRIVE [ 47 ] [ 1 ] [ 1924 1516 1831 ] [    0    0    0 ] [      0      0      0 ] [ 0 ],drive [ 47 ] [ 1 ] [ 1924 1522 1830 ] [    2   36   29 ] [   9083  18503  17537 ] [ 0 ],0.80,0.80,0.80,0.80,-162.31,32.94,0.00,0.00,0.00,0.00,0.00,0.00,0.00,0.00,0.00,0.00,0.00,0.00,0.00,-0.00,0.00,0
0.547923,-197,41,501,0,DRIVE [ 48 ] [ 1 ] [ 1924 1512 1831 ] [    0    0    0 ] [      0      0      0 ] [ 0 ],drive [ 47 ] [ 1 ] [ 1924 1516 1831 ] [    2   36   29 ] [   9083  18503  17537 ] [ 0 ],0.80,0.80,0.80,0.80,-157.45,32.80,0.00,0.00,0.00,0.00,0.00,0.00,0.00,0.00,0.00,0.00,0.00,0.00,0.00,-0.00,0.00,0
0.561846,-188,40,493,0,DRIVE [ 48 ] [ 1 ] [ 1924 1510 1832 ] [    0    0    0 ] [      0      0      0 ] [ 0 ],drive [ 48 ] [ 1 ] [ 1924 1512 1831 ] [    2   36   29 ] [   9083  18510  17537 ] [ 0 ],0.80,0.80,0.80,0.80,-150.59,32.28,0.00,0.00,0.00,0.00,0.00,0.00,0.00,0.00,0.00,0.00,0.00,0.00,0.00,-0.00,0.00,0
0.575696,-179,40,483,0,DRIVE [ 49 ] [ 1 ] [ 1924 1510 1834 ] [    0    0    0 ] [      0      0      0 ] [ 0 ],drive [ 48 ] [ 1 ] [ 1924 1510 1832 ] [    3   39   29 ] [   9083  18510  17537 ] [ 0 ],0.80,0.80,0.80,0.80,-143.51,31.82,0.00,0.00,0.00,0.00,0.00,0.00,0.00,0.00,0.00,0.00,0.00,0.00,0.00,-0.00,0.00,0
0.590994,-172,40,476,0,DRIVE [ 49 ] [ 1 ] [ 1924 1510 1837 ] [    0    0    0 ] [      0      0      0 ] [ 0 ],drive [ 49 ] [ 1 ] [ 1924 1510 1834 ] [    3   39   29 ] [   9083  18510  17537 ] [ 0 ],0.80,0.80,0.80,0.80,-137.28,31.67,0.00,0.00,0.00,0.00,0.00,0.00,0.00,0.00,0.00,0.00,0.00,0.00,0.00,-0.00,0.00,0
0.60523,-163,39,467,0,DRIVE [ 50 ] [ 1 ] [ 1924 1509 1839 ] [    0    0    0 ] [      0      0      0 ] [ 0 ],drive [ 49 ] [ 1 ] [ 1924 1510 1837 ] [    3   39   29 ] [   9083  18510  17537 ] [ 0 ],0.80,0.80,0.80,0.80,-130.48,31.27,0.00,0.00,0.00,0.00,0.00,0.00,0.00,0.00,0.00,0.00,0.00,0.00,0.00,-0.00,0.00,0
0.619142,-156,39,459,0,DRIVE [ 50 ] [ 1 ] [ 1924 1508 1841 ] [    0    0    0 ] [      0      0      0 ] [ 0 ],drive [ 50 ] [ 1 ] [ 1924 1509 1839 ] [    3   39   29 ] [   9084  18512  17536 ] [ 0 ],0.80,0.80,0.80,0.80,-124.55,31.13,0.00,0.00,0.00,0.00,0.00,0.00,0.00,0.00,0.00,0.00,0.00,0.00,0.00,-0.00,0.00,0
0.633904,-148,39,455,0,DRIVE [ 51 ] [ 1 ] [ 1924 1512 1846 ] [    0    0    0 ] [      0      0      0 ] [ 0 ],drive [ 50 ] [ 1 ] [ 1924 1508 1841 ] [    8   39   29 ] [   9084  18512  17536 ] [ 0 ],0.80,0.80,0.80,0.80,-118.35,31.39,0.00,0.00,0.00,0.00,0.00,0.00,0.00,0.00,0.00,0.00,0.00,0.00,0.00,-0.00,0.00,0
0.647205,-139,39,446,0,DRIVE [ 51 ] [ 1 ] [ 1924 1514 1850 ] [    0    0    0 ] [      0      0      0 ] [ 0 ],drive [ 51 ] [ 1 ] [ 1924 1512 1846 ] [    8   39   29 ] [   9084  18512  17536 ] [ 0 ],0.80,0.80,0.80,0.80,-111.31,31.33,0.00,0.00,0.00,0.00,0.00,0.00,0.00,0.00,0.00,0.00,0.00,0.00,0.00,-0.00,0.00,0
0.66099,-132,39,439,0,DRIVE [ 52 ] [ 1 ] [ 1924 1516 1855 ] [    0    0    0 ] [      0      0      0 ] [ 0 ],drive [ 51 ] [ 1 ] [ 1924 1514 1850 ] [    8   39   29 ] [   9091  18513  17536 ] [ 0 ],0.80,0.80,0.80,0.80,-105.46,31.37,0.00,0.00,0.00,0.00,0.00,0.00,0.00,0.00,0.00,0.00,0.00,0.00,0.00,-0.00,0.00,0
0.675089,-125,39,432,0,DRIVE [ 52 ] [ 1 ] [ 1924 1518 1859 ] [    0    0    0 ] [      0      0      0 ] [ 0 ],drive [ 52 ] [ 1 ] [ 1924 1516 1855 ] [    9   39   26 ] [   9091  18513  17536 ] [ 0 ],0.80,0.80,0.80,0.80,-99.98,31.46,0.00,0.00,0.00,0.00,0.00,0.00,0.00,0.00,0.00,0.00,0.00,0.00,0.00,-0.00,0.00,0
0.68905,-119,40,428,0,DRIVE [ 53 ] [ 1 ] [ 1924 1519 1863 ] [    0    0    0 ] [      0      0      0 ] [ 0 ],drive [ 52 ] [ 1 ] [ 1924 1518 1859 ] [    9   39   26 ] [   9091  18513  17536 ] [ 0 ],0.80,0.80,0.80,0.80,-95.24,31.75,0.00,0.00,0.00,0.00,0.00,0.00,0.00,0.00,0.00,0.00,0.00,0.00,0.00,-0.00,0.00,0
0.702886,-112,40,420,0,DRIVE [ 53 ] [ 1 ] [ 1924 1520 1870 ] [    0    0    0 ] [      0      0      0 ] [ 0 ],drive [ 53 ] [ 1 ] [ 1924 1519 1863 ] [    9   39   26 ] [   9091  18513  17536 ] [ 0 ],0.80,0.80,0.80,0.80,-89.52,32.32,0.00,0.00,0.00,0.00,0.00,0.00,0.00,0.00,0.00,0.00,0.00,0.00,0.00,-0.00,0.00,0
0.716019,-106,41,415,0,DRIVE [ 54 ] [ 1 ] [ 1924 1519 1875 ] [    0    0    0 ] [      0      0      0 ] [ 0 ],drive [ 53 ] [ 1 ] [ 1924 1520 1870 ] [    9   39   26 ] [   9094  18514  17533 ] [ 0 ],0.80,0.80,0.80,0.80,-84.97,32.98,0.00,0.00,0.00,0.00,0.00,0.00,0.00,0.00,0.00,0.00,0.00,0.00,0.00,-0.00,0.00,0
0.729654,-101,42,409,0,DRIVE [ 54 ] [ 1 ] [ 1924 1517 1881 ] [    0    0    0 ] [      0      0      0 ] [ 0 ],drive [ 54 ] [ 1 ] [ 1924 1519 1875 ] [   24   38   25 ] [   9094  18514  17533 ] [ 0 ],0.80,0.80,0.80,0.80,-80.83,33.66,0.00,0.00,0.00,0.00,0.00,0.00,0.00,0.00,0.00,0.00,0.00,0.00,0.00,-0.00,0.00,0
0.743461,-97,43,402,0,DRIVE [ 55 ] [ 1 ] [ 1924 1513 1885 ] [    0    0    0 ] [      0      0      0 ] [ 0 ],drive [ 54 ] [ 1 ] [ 1924 1517 1881 ] [   24   38   25 ] [   9094  18514  17533 ] [ 0 ],0.80,0.80,0.80,0.80,-77.22,34.11,0.00,0.00,0.00,0.00,0.00,0.00,0.00,0.00,0.00,0.00,0.00,0.00,0.00,-0.00,0.00,0
0.756802,-93,44,396,0,DRIVE [ 55 ] [ 1 ] [ 1924 1506 1890 ] [    0    0    0 ] [      0      0      0 ] [ 0 ],drive [ 55 ] [ 1 ] [ 1924 1513 1885 ] [   24   38   25 ] [   9289  18514  17519 ] [ 0 ],0.80,0.80,0.80,0.80,-74.24,34.89,0.00,0.00,0.00,0.00,0.00,0.00,0.00,0.00,0.00,0.00,0.00,0.00,0.00,-0.00,0.00,0
0.770322,-89,44,389,0,DRIVE [ 56 ] [ 1 ] [ 1924 1499 1894 ] [    0    0    0 ] [      0      0      0 ] [ 0 ],drive [ 55 ] [ 1 ] [ 1924 1506 1890 ] [   24   38   25 ] [   9289  18514  17519 ] [ 0 ],0.80,0.80,0.80,0.80,-71.42,35.37,0.00,0.00,0.00,0.00,0.00,0.00,0.00,0.00,0.00,0.00,0.00,0.00,0.00,-0.00,0.00,0
0.783701,-87,45,384,0,DRIVE [ 56 ] [ 1 ] [ 1924 1491 1897 ] [    0    0    0 ] [      0      0      0 ] [ 0 ],drive [ 56 ] [ 1 ] [ 1924 1499 1894 ] [   14   38    3 ] [   9289  18514  17519 ] [ 0 ],0.80,0.80,0.80,0.80,-69.36,35.81,0.00,0.00,0.00,0.00,0.00,0.00,0.00,0.00,0.00,0.00,0.00,0.00,0.00,-0.00,0.00,0
0.796948,-85,45,380,0,DRIVE [ 57 ] [ 1 ] [ 1924 1483 1899 ] [    0    0    0 ] [      0      0      0 ] [ 0 ],drive [ 56 ] [ 1 ] [ 1924 1491 1897 ] [   14   38    3 ] [   9289  18514  17519 ] [ 0 ],0.80,0.80,0.80,0.80,-68.02,36.12,0.00,0.00,0.00,0.00,0.00,0.00,0.00,0.00,0.00,0.00,0.00,0.00,0.00,-0.00,0.00,0
0.810632,-84,45,376,0,DRIVE [ 57 ] [ 1 ] [ 1924 1474 1901 ] [    0    0    0 ] [      0      0      0 ] [ 0 ],drive [ 57 ] [ 1 ] [ 1924 1483 1899 ] [   14   38    3 ] [   9324  18550  17416 ] [ 0 ],0.80,0.80,0.80,0.80,-66.89,36.36,0.00,0.00,0.00,0.00,0.00,0.00,0.00,0.00,0.00,0.00,0.00,0.00,0.00,-0.00,0.00,0
0.823703,-81,45,367,0,DRIVE [ 58 ] [ 1 ] [ 1924 1466 1903 ] [    0    0    0 ] [      0      0      0 ] [ 0 ],drive [ 57 ] [ 1 ] [ 1924 1474 1901 ] [   12   57   21 ] [   9324  18550  17416 ] [ 0 ],0.80,0.80,0.80,0.80,-64.61,35.95,0.00,0.00,0.00,0.00,0.00,0.00,0.00,0.00,0.00,0.00,0.00,0.00,0.00,-0.00,0.00,0
0.836994,-79,45,361,0,DRIVE [ 58 ] [ 1 ] [ 1924 1460 1905 ] [    0    0    0 ] [      0      0      0 ] [ 0 ],drive [ 58 ] [ 1 ] [ 1924 1466 1903 ] [   12   57   21 ] [   9324  18550  17416 ] [ 0 ],0.80,0.80,0.80,0.80,-62.90,35.76,0.00,0.00,0.00,0.00,0.00,0.00,0.00,0.00,0.00,0.00,0.00,0.00,0.00,-0.00,0.00,0
0.850264,-76,44,351,0,DRIVE [ 59 ] [ 1 ] [ 1924 1453 1907 ] [    0    0    0 ] [      0      0      0 ] [ 0 ],drive [ 58 ] [ 1 ] [ 1924 1460 1905 ] [   12   57   21 ] [   9324  18550  17416 ] [ 0 ],0.80,0.80,0.80,0.80,-60.47,35.22,0.00,0.00,0.00,0.00,0.00,0.00,0.00,0.00,0.00,0.00,0.00,0.00,0.00,-0.00,0.00,0
0.86332,-73,44,346,0,DRIVE [ 59 ] [ 1 ] [ 1924 1446 1910 ] [    0    0    0 ] [      0      0      0 ] [ 0 ],drive [ 59 ] [ 1 ] [ 1924 1453 1907 ] [   12   57   21 ] [   9324  18611  17415 ] [ 0 ],0.80,0.80,0.80,0.80,-58.76,35.30,0.00,0.00,0.00,0.00,0.00,0.00,0.00,0.00,0.00,0.00,0.00,0.00,0.00,-0.00,0.00,0
0.876812,-71,44,340,0,DRIVE [ 60 ] [ 1 ] [ 1924 1439 1913 ] [    0    0    0 ] [      0      0      0 ] [ 0 ],drive [ 59 ] [ 1 ] [ 1924 1446 1910 ] [   13   52   20 ] [   9324  18611  17415 ] [ 0 ],0.80,0.80,0.80,0.80,-56.79,35.29,0.00,0.00,0.00,0.00,0.00,0.00,0.00,0.00,0.00,0.00,0.00,0.00,0.00,-0.00,0.00,0
0.889297,-68,44,333,0,DRIVE [ 60 ] [ 1 ] [ 1924 1430 1918 ] [    0    0    0 ] [      0      0      0 ] [ 0 ],drive [ 60 ] [ 1 ] [ 1924 1439 1913 ] [   13   52   20 ] [   9324  18611  17415 ] [ 0 ],0.80,0.80,0.80,0.80,-54.31,35.56,0.00,0.00,0.00,0.00,0.00,0.00,0.00,0.00,0.00,0.00,0.00,0.00,0.00,-0.00,0.00,0
0.902361,-65,45,327,0,DRIVE [ 61 ] [ 1 ] [ 1924 1420 1924 ] [    0    0    0 ] [      0      0      0 ] [ 0 ],drive [ 60 ] [ 1 ] [ 1924 1430 1918 ] [   13   52   20 ] [   9324  18611  17415 ] [ 0 ],0.80,0.80,0.80,0.80,-52.13,35.98,0.00,0.00,0.00,0.00,0.00,0.00,0.00,0.00,0.00,0.00,0.00,0.00,0.00,-0.00,0.00,0
0.915105,-63,46,321,0,DRIVE [ 61 ] [ 1 ] [ 1920 1418 1924 ] [    0    0    0 ] [      0      0      0 ] [ 0 ],drive [ 61 ] [ 1 ] [ 1924 1420 1924 ] [   13   52   20 ] [   9324  18612  17415 ] [ 0 ],0.80,0.80,0.80,0.80,-50.08,36.62,0.00,0.00,0.00,0.00,0.00,0.00,0.00,0.00,0.00,0.00,0.00,0.00,0.00,-0.00,0.00,0
0.927989,-60,47,316,0,DRIVE [ 62 ] [ 1 ] [ 1912 1421 1924 ] [    0    0    0 ] [      0      0      0 ] [ 0 ],drive [ 61 ] [ 1 ] [ 1920 1418 1924 ] [   12   53   18 ] [   9324  18612  17415 ] [ 0 ],0.80,0.80,0.80,0.80,-48.01,37.36,0.00,0.00,0.00,0.00,0.00,0.00,0.00,0.00,0.00,0.00,0.00,0.00,0.00,-0.00,0.00,0
0.941062,-57,48,309,0,DRIVE [ 62 ] [ 1 ] [ 1900 1427 1924 ] [    0    0    0 ] [      0      0      0 ] [ 0 ],drive [ 62 ] [ 1 ] [ 1912 1421 1924 ] [   12   53   18 ] [   9324  18612  17415 ] [ 0 ],0.80,0.80,0.80,0.80,-45.23,38.56,0.00,0.00,0.00,0.00,0.00,0.00,0.00,0.00,0.00,0.00,0.00,0.00,0.00,-0.00,0.00,0
0.953658,-53,49,302,0,DRIVE [ 63 ] [ 1 ] [ 1888 1432 1924 ] [    0    0    0 ] [      0      0      0 ] [ 0 ],drive [ 62 ] [ 1 ] [ 1900 1427 1924 ] [   12   53   18 ] [   9324  18612  17415 ] [ 0 ],0.80,0.80,0.80,0.80,-42.51,39.53,0.00,0.00,0.00,0.00,0.00,0.00,0.00,0.00,0.00,0.00,0.00,0.00,0.00,-0.00,0.00,0
0.966925,-51,51,297,0,DRIVE [ 63 ] [ 1 ] [ 1876 1435 1924 ] [    0    0    0 ] [      0      0      0 ] [ 0 ],drive [ 63 ] [ 1 ] [ 1888 1432 1924 ] [   12   53   18 ] [   9325  18612  17395 ] [ 0 ],0.80,0.80,0.80,0.80,-40.42,40.60,0.00,0.00,0.00,0.00,0.00,0.00,0.00,0.00,0.00,0.00,0.00,0.00,0.00,-0.00,0.00,0
0.979772,-48,52,292,0,DRIVE [ 64 ] [ 1 ] [ 1865 1435 1924 ] [    0    0    0 ] [      0      0      0 ] [ 0 ],drive [ 63 ] [ 1 ] [ 1876 1435 1924 ] [   15   50   -1 ] [   9325  18612  17395 ] [ 0 ],0.80,0.80,0.80,0.80,-38.59,41.52,0.00,0.00,0.00,0.00,0.00,0.00,0.00,0.00,0.00,0.00,0.00,0.00,0.00,-0.00,0.00,0
0.992593,-46,53,286,0,DRIVE [ 64 ] [ 1 ] [ 1855 1434 1924 ] [    0    0    0 ] [      0      0      0 ] [ 0 ],drive [ 64 ] [ 1 ] [ 1865 1435 1924 ] [   15   50   -1 ] [   9325  18612  17395 ] [ 0 ],0.80,0.80,0.80,0.80,-36.89,42.15,0.00,0.00,0.00,0.00,0.00,0.00,0.00,0.00,0.00,0.00,0.00,0.00,0.00,-0.00,0.00,0
1.00548,-44,53,281,0,DRIVE [ 65 ] [ 1 ] [ 1846 1433 1924 ] [    0    0    0 ] [      0      0      0 ] [ 0 ],drive [ 64 ] [ 1 ] [ 1855 1434 1924 ] [   15   50   -1 ] [   9325  18612  17395 ] [ 0 ],0.80,0.80,0.80,0.80,-35.47,42.77,0.00,0.00,0.00,0.00,0.00,0.00,0.00,0.00,0.00,0.00,0.00,0.00,0.00,-0.00,0.00,0
1.01788,-43,54,275,0,DRIVE [ 65 ] [ 1 ] [ 1838 1434 1924 ] [    0    0    0 ] [      0      0      0 ] [ 0 ],drive [ 65 ] [ 1 ] [ 1846 1433 1924 ] [   15   50   -1 ] [   9388  18612  17333 ] [ 0 ],0.80,0.80,0.80,0.80,-34.19,43.27,0.00,0.00,0.00,0.00,0.00,0.00,0.00,0.00,0.00,0.00,0.00,0.00,0.00,-0.00,0.00,0
1.0305,-41,55,271,0,DRIVE [ 66 ] [ 1 ] [ 1830 1435 1924 ] [    0    0    0 ] [      0      0      0 ] [ 0 ],drive [ 65 ] [ 1 ] [ 1838 1434 1924 ] [   33   50   19 ] [   9388  18612  17333 ] [ 0 ],0.80,0.80,0.80,0.80,-33.07,43.71,0.00,0.00,0.00,0.00,0.00,0.00,0.00,0.00,0.00,0.00,0.00,0.00,0.00,-0.00,0.00,0
1.04581,-41,55,267,0,DRIVE [ 66 ] [ 1 ] [ 1824 1433 1924 ] [    0    0    0 ] [      0      0      0 ] [ 0 ],drive [ 66 ] [ 1 ] [ 1830 1435 1924 ] [   33   50   19 ] [   9388  18612  17333 ] [ 0 ],0.80,0.80,0.80,0.80,-32.42,44.34,0.00,0.00,0.00,0.00,0.00,0.00,0.00,0.00,0.00,0.00,0.00,0.00,0.00,-0.00,0.00,0
1.05842,-40,56,262,0,DRIVE [ 67 ] [ 1 ] [ 1819 1428 1924 ] [    0    0    0 ] [      0      0      0 ] [ 0 ],drive [ 66 ] [ 1 ] [ 1824 1433 1924 ] [   33   50   19 ] [   9783  18612  17236 ] [ 0 ],0.80,0.80,0.80,0.80,-31.81,44.45,0.00,0.00,0.00,0.00,0.00,0.00,0.00,0.00,0.00,0.00,0.00,0.00,0.00,-0.00,0.00,0
1.07143,-39,55,256,0,DRIVE [ 67 ] [ 1 ] [ 1816 1421 1924 ] [    0    0    0 ] [      0      0      0 ] [ 0 ],drive [ 67 ] [ 1 ] [ 1819 1428 1924 ] [   30   48   12 ] [   9783  18612  17236 ] [ 0 ],0.80,0.80,0.80,0.80,-31.54,44.40,0.00,0.00,0.00,0.00,0.00,0.00,0.00,0.00,0.00,0.00,0.00,0.00,0.00,-0.00,0.00,0
1.08394,-40,56,252,0,DRIVE [ 68 ] [ 1 ] [ 1815 1411 1924 ] [    0    0    0 ] [      0      0      0 ] [ 0 ],drive [ 67 ] [ 1 ] [ 1816 1421 1924 ] [   30   48   12 ] [   9783  18612  17236 ] [ 0 ],0.80,0.80,0.80,0.80,-31.62,44.44,0.00,0.00,0.00,0.00,0.00,0.00,0.00,0.00,0.00,0.00,0.00,0.00,0.00,-0.00,0.00,0
1.09643,-40,55,248,0,DRIVE [ 68 ] [ 1 ] [ 1814 1402 1924 ] [    0    0    0 ] [      0      0      0 ] [ 0 ],drive [ 68 ] [ 1 ] [ 1815 1411 1924 ] [   30   48   12 ] [   9783  18612  17236 ] [ 0 ],0.80,0.80,0.80,0.80,-31.80,44.29,0.00,0.00,0.00,0.00,0.00,0.00,0.00,0.00,0.00,0.00,0.00,0.00,0.00,-0.00,0.00,0
1.1092,-40,55,245,0,DRIVE [ 69 ] [ 1 ] [ 1815 1392 1924 ] [    0    0    0 ] [      0      0      0 ] [ 0 ],drive [ 68 ] [ 1 ] [ 1814 1402 1924 ] [   30   48   12 ] [   9892  18629  17125 ] [ 0 ],0.80,0.80,0.80,0.80,-32.15,44.22,0.00,0.00,0.00,0.00,0.00,0.00,0.00,0.00,0.00,0.00,0.00,0.00,0.00,-0.00,0.00,0
1.12176,-40,55,240,0,DRIVE [ 69 ] [ 1 ] [ 1815 1385 1924 ] [    0    0    0 ] [      0      0      0 ] [ 0 ],drive [ 69 ] [ 1 ] [ 1815 1392 1924 ] [   27   60   21 ] [   9892  18629  17125 ] [ 0 ],0.80,0.80,0.80,0.80,-32.14,43.83,0.00,0.00,0.00,0.00,0.00,0.00,0.00,0.00,0.00,0.00,0.00,0.00,0.00,-0.00,0.00,0
1.13537,-40,55,236,0,DRIVE [ 70 ] [ 1 ] [ 1813 1377 1924 ] [    0    0    0 ] [      0      0      0 ] [ 0 ],drive [ 69 ] [ 1 ] [ 1815 1385 1924 ] [   27   60   21 ] [   9892  18629  17125 ] [ 0 ],0.80,0.80,0.80,0.80,-31.96,43.64,0.00,0.00,0.00,0.00,0.00,0.00,0.00,0.00,0.00,0.00,0.00,0.00,0.00,-0.00,0.00,0
1.14763,-40,54,232,0,DRIVE [ 70 ] [ 1 ] [ 1812 1372 1924 ] [    0    0    0 ] [      0      0      0 ] [ 0 ],drive [ 70 ] [ 1 ] [ 1813 1377 1924 ] [   27   60   21 ] [   9892  18629  17125 ] [ 0 ],0.80,0.80,0.80,0.80,-31.71,43.35,0.00,0.00,0.00,0.00,0.00,0.00,0.00,0.00,0.00,0.00,0.00,0.00,0.00,-0.00,0.00,0
1.16017,-39,54,227,0,DRIVE [ 71 ] [ 1 ] [ 1809 1369 1924 ] [    0    0    0 ] [      0      0      0 ] [ 0 ],drive [ 70 ] [ 1 ] [ 1812 1372 1924 ] [   27   60   21 ] [   9897  18702  17068 ] [ 0 ],0.80,0.80,0.80,0.80,-31.21,43.03,0.00,0.00,0.00,0.00,0.00,0.00,0.00,0.00,0.00,0.00,0.00,0.00,0.00,-0.00,0.00,0
1.17297,-38,53,223,0,DRIVE [ 71 ] [ 1 ] [ 1806 1367 1924 ] [    0    0    0 ] [      0      0      0 ] [ 0 ],drive [ 71 ] [ 1 ] [ 1809 1369 1924 ] [   27   60   15 ] [   9897  18702  17068 ] [ 0 ],0.80,0.80,0.80,0.80,-30.52,42.66,0.00,0.00,0.00,0.00,0.00,0.00,0.00,0.00,0.00,0.00,0.00,0.00,0.00,-0.00,0.00,0
1.18549,-37,53,219,0,DRIVE [ 72 ] [ 1 ] [ 1801 1366 1924 ] [    0    0    0 ] [      0      0      0 ] [ 0 ],drive [ 71 ] [ 1 ] [ 1806 1367 1924 ] [   27   60   15 ] [   9897  18702  17068 ] [ 0 ],0.80,0.80,0.80,0.80,-29.84,42.67,0.00,0.00,0.00,0.00,0.00,0.00,0.00,0.00,0.00,0.00,0.00,0.00,0.00,-0.00,0.00,0
1.19997,-36,53,216,0,DRIVE [ 72 ] [ 1 ] [ 1795 1368 1924 ] [    0    0    0 ] [      0      0      0 ] [ 0 ],drive [ 72 ] [ 1 ] [ 1801 1366 1924 ] [   27   60   15 ] [   9897  18702  17068 ] [ 0 ],0.80,0.80,0.80,0.80,-28.93,42.73,0.00,0.00,0.00,0.00,0.00,0.00,0.00,0.00,0.00,0.00,0.00,0.00,0.00,-0.00,0.00,0
1.2131,-35,53,212,0,DRIVE [ 73 ] [ 1 ] [ 1788 1369 1924 ] [    0    0    0 ] [      0      0      0 ] [ 0 ],drive [ 72 ] [ 1 ] [ 1795 1368 1924 ] [   27   60   15 ] [   9898  18710  17068 ] [ 0 ],0.80,0.80,0.80,0.80,-27.94,42.79,0.00,0.00,0.00,0.00,0.00,0.00,0.00,0.00,0.00,0.00,0.00,0.00,0.00,-0.00,0.00,0
1.2261,-33,53,207,0,DRIVE [ 73 ] [ 1 ] [ 1779 1371 1924 ] [    0    0    0 ] [      0      0      0 ] [ 0 ],drive [ 73 ] [ 1 ] [ 1788 1369 1924 ] [   29   61   14 ] [   9898  18710  17068 ] [ 0 ],0.80,0.80,0.80,0.80,-26.71,42.77,0.00,0.00,0.00,0.00,0.00,0.00,0.00,0.00,0.00,0.00,0.00,0.00,0.00,-0.00,0.00,0
1.23908,-32,53,202,0,DRIVE [ 74 ] [ 1 ] [ 1772 1371 1924 ] [    0    0    0 ] [      0      0      0 ] [ 0 ],drive [ 73 ] [ 1 ] [ 1779 1371 1924 ] [   29   61   14 ] [   9898  18710  17068 ] [ 0 ],0.80,0.80,0.80,0.80,-25.70,42.66,0.00,0.00,0.00,0.00,0.00,0.00,0.00,0.00,0.00,0.00,0.00,0.00,0.00,-0.00,0.00,0
1.25146,-31,53,198,0,DRIVE [ 74 ] [ 1 ] [ 1766 1371 1924 ] [    0    0    0 ] [      0      0      0 ] [ 0 ],drive [ 74 ] [ 1 ] [ 1772 1371 1924 ] [   29   61   14 ] [   9898  18710  17068 ] [ 0 ],0.80,0.80,0.80,0.80,-24.90,42.56,0.00,0.00,0.00,0.00,0.00,0.00,0.00,0.00,0.00,0.00,0.00,0.00,0.00,-0.00,0.00,0
1.2639,-30,53,195,0,DRIVE [ 75 ] [ 1 ] [ 1761 1371 1924 ] [    0    0    0 ] [      0      0      0 ] [ 0 ],drive [ 74 ] [ 1 ] [ 1766 1371 1924 ] [   29   61   14 ] [  10078  18710  17025 ] [ 0 ],0.80,0.80,0.80,0.80,-24.28,42.37,0.00,0.00,0.00,0.00,0.00,0.00,0.00,0.00,0.00,0.00,0.00,0.00,0.00,-0.00,0.00,0
1.27681,-30,52,192,0,DRIVE [ 75 ] [ 1 ] [ 1759 1369 1924 ] [    0    0    0 ] [      0      0      0 ] [ 0 ],drive [ 75 ] [ 1 ] [ 1761 1371 1924 ] [   19   60   -2 ] [  10078  18710  17025 ] [ 0 ],0.80,0.80,0.80,0.80,-23.84,41.88,0.00,0.00,0.00,0.00,0.00,0.00,0.00,0.00,0.00,0.00,0.00,0.00,0.00,-0.00,0.00,0
1.28911,-30,51,188,0,DRIVE [ 76 ] [ 1 ] [ 1761 1367 1924 ] [    0    0    0 ] [      0      0      0 ] [ 0 ],drive [ 75 ] [ 1 ] [ 1759 1369 1924 ] [   19   60   -2 ] [  10078  18710  17025 ] [ 0 ],0.80,0.80,0.80,0.80,-23.65,41.10,0.00,0.00,0.00,0.00,0.00,0.00,0.00,0.00,0.00,0.00,0.00,0.00,0.00,-0.00,0.00,0
1.30197,-30,50,186,0,DRIVE [ 76 ] [ 1 ] [ 1767 1364 1924 ] [    0    0    0 ] [      0      0      0 ] [ 0 ],drive [ 76 ] [ 1 ] [ 1761 1367 1924 ] [   19   60   -2 ] [  10078  18710  17025 ] [ 0 ],0.80,0.80,0.80,0.80,-23.77,40.02,0.00,0.00,0.00,0.00,0.00,0.00,0.00,0.00,0.00,0.00,0.00,0.00,0.00,-0.00,0.00,0
1.31395,-30,48,182,0,DRIVE [ 77 ] [ 1 ] [ 1778 1358 1924 ] [    0    0    0 ] [      0      0      0 ] [ 0 ],drive [ 76 ] [ 1 ] [ 1767 1364 1924 ] [   19   60   -2 ] [  10375  18723  16776 ] [ 0 ],0.80,0.80,0.80,0.80,-24.19,38.37,0.00,0.00,0.00,0.00,0.00,0.00,0.00,0.00,0.00,0.00,0.00,0.00,0.00,-0.00,0.00,0
1.32834,-32,45,179,0,DRIVE [ 77 ] [ 1 ] [ 1800 1346 1924 ] [    0    0    0 ] [      0      0      0 ] [ 0 ],drive [ 77 ] [ 1 ] [ 1778 1358 1924 ] [   28   54   23 ] [  10375  18723  16776 ] [ 0 ],0.80,0.80,0.80,0.80,-25.40,35.68,0.00,0.00,0.00,0.00,0.00,0.00,0.00,0.00,0.00,0.00,0.00,0.00,0.00,-0.00,0.00,0
1.34098,-32,45,179,0,DRIVE [ 78 ] [ 1 ] [ 1813 1402 1924 ] [    0    0    0 ] [      0      0      0 ] [ 0 ],drive [ 77 ] [ 1 ] [ 1800 1346 1924 ] [   28   54   23 ] [  10375  18723  16776 ] [ 0 ],0.80,0.80,0.80,0.80,-22.86,32.11,0.00,0.00,0.00,0.00,0.00,0.00,0.00,0.00,0.00,0.00,0.00,0.00,0.00,-0.00,0.00,0
1.35302,-32,45,179,0,DRIVE [ 78 ] [ 1 ] [ 1824 1453 1924 ] [    0    0    0 ] [      0      0      0 ] [ 0 ],drive [ 78 ] [ 1 ] [ 1813 1402 1924 ] [   28   54   23 ] [  10375  18723  16776 ] [ 0 ],0.80,0.80,0.80,0.80,-20.58,28.90,0.00,0.00,0.00,0.00,0.00,0.00,0.00,0.00,0.00,0.00,0.00,0.00,0.00,-0.00,0.00,0
1.36587,-32,45,179,0,DRIVE [ 79 ] [ 1 ] [ 1834 1499 1924 ] [    0    0    0 ] [      0      0      0 ] [ 0 ],drive [ 78 ] [ 1 ] [ 1824 1453 1924 ] [   28   54   23 ] [  10465  18781  16740 ] [ 0 ],0.80,0.80,0.80,0.80,-18.52,26.01,0.00,0.00,0.00,0.00,0.00,0.00,0.00,0.00,0.00,0.00,0.00,0.00,0.00,-0.00,0.00,0
1.37787,-32,45,179,0,DRIVE [ 79 ] [ 1 ] [ 1843 1541 1924 ] [    0    0    0 ] [      0      0      0 ] [ 0 ],drive [ 79 ] [ 1 ] [ 1834 1499 1924 ] [   32   46   22 ] [  10465  18781  16740 ] [ 0 ],0.80,0.80,0.80,0.80,-16.67,23.41,0.00,0.00,0.00,0.00,0.00,0.00,0.00,0.00,0.00,0.00,0.00,0.00,0.00,-0.00,0.00,0
1.38971,-32,45,179,0,DRIVE [ 80 ] [ 1 ] [ 1851 1579 1924 ] [    0    0    0 ] [      0      0      0 ] [ 0 ],drive [ 79 ] [ 1 ] [ 1843 1541 1924 ] [   32   46   22 ] [  10465  18781  16740 ] [ 0 ],0.80,0.80,0.80,0.80,-15.00,21.07,0.00,0.00,0.00,0.00,0.00,0.00,0.00,0.00,0.00,0.00,0.00,0.00,0.00,-0.00,0.00,0
1.40212,-32,45,179,0,DRIVE [ 80 ] [ 1 ] [ 1858 1613 1924 ] [    0    0    0 ] [      0      0      0 ] [ 0 ],drive [ 80 ] [ 1 ] [ 1851 1579 1924 ] [   32   46   22 ] [  10465  18781  16740 ] [ 0 ],0.80,0.80,0.80,0.80,-13.50,18.96,0.00,0.00,0.00,0.00,0.00,0.00,0.00,0.00,0.00,0.00,0.00,0.00,0.00,-0.00,0.00,0
1.41398,-32,45,179,0,DRIVE [ 81 ] [ 1 ] [ 1865 1644 1924 ] [    0    0    0 ] [      0      0      0 ] [ 0 ],drive [ 80 ] [ 1 ] [ 1858 1613 1924 ] [   32   46   22 ] [  10463  18851  16738 ] [ 0 ],0.80,0.80,0.80,0.80,-12.15,17.06,0.00,0.00,0.00,0.00,0.00,0.00,0.00,0.00,0.00,0.00,0.00,0.00,0.00,-0.00,0.00,0
1.42594,-32,45,179,0,DRIVE [ 81 ] [ 1 ] [ 1871 1672 1924 ] [    0    0    0 ] [      0      0      0 ] [ 0 ],drive [ 81 ] [ 1 ] [ 1865 1644 1924 ] [   27   30   19 ] [  10463  18851  16738 ] [ 0 ],0.80,0.80,0.80,0.80,-10.94,15.36,0.00,0.00,0.00,0.00,0.00,0.00,0.00,0.00,0.00,0.00,0.00,0.00,0.00,-0.00,0.00,0
1.43807,-32,45,179,0,DRIVE [ 82 ] [ 1 ] [ 1876 1697 1924 ] [    0    0    0 ] [      0      0      0 ] [ 0 ],drive [ 81 ] [ 1 ] [ 1871 1672 1924 ] [   27   30   19 ] [  10463  18851  16738 ] [ 0 ],0.80,0.80,0.80,0.80,-9.84,13.82,0.00,0.00,0.00,0.00,0.00,0.00,0.00,0.00,0.00,0.00,0.00,0.00,0.00,-0.00,0.00,0
1.45019,-32,45,179,0,DRIVE [ 82 ] [ 1 ] [ 1881 1720 1924 ] [    0    0    0 ] [      0      0      0 ] [ 0 ],drive [ 82 ] [ 1 ] [ 1876 1697 1924 ] [   27   30   19 ] [  10463  18851  16738 ] [ 0 ],0.80,0.80,0.80,0.80,-8.86,12.44,0.00,0.00,0.00,0.00,0.00,0.00,0.00,0.00,0.00,0.00,0.00,0.00,0.00,-0.00,0.00,0
1.4626,-32,45,179,0,DRIVE [ 83 ] [ 1 ] [ 1886 1740 1924 ] [    0    0    0 ] [      0      0      0 ] [ 0 ],drive [ 82 ] [ 1 ] [ 1881 1720 1924 ] [   27   30   19 ] [  10461  18818  16726 ] [ 0 ],0.80,0.80,0.80,0.80,-7.97,11.20,0.00,0.00,0.00,0.00,0.00,0.00,0.00,0.00,0.00,0.00,0.00,0.00,0.00,-0.00,0.00,0
1.47552,-32,45,179,0,DRIVE [ 83 ] [ 1 ] [ 1890 1759 1924 ] [    0    0    0 ] [      0      0      0 ] [ 0 ],drive [ 83 ] [ 1 ] [ 1886 1740 1924 ] [   26   42   16 ] [  10461  18818  16726 ] [ 0 ],0.80,0.80,0.80,0.80,-7.17,10.08,0.00,0.00,0.00,0.00,0.00,0.00,0.00,0.00,0.00,0.00,0.00,0.00,0.00,-0.00,0.00,0
1.4876,-32,45,179,0,DRIVE [ 84 ] [ 1 ] [ 1893 1776 1924 ] [    0    0    0 ] [      0      0      0 ] [ 0 ],drive [ 83 ] [ 1 ] [ 1890 1759 1924 ] [   26   42   16 ] [  10461  18818  16726 ] [ 0 ],0.80,0.80,0.80,0.80,-6.46,9.07,0.00,0.00,0.00,0.00,0.00,0.00,0.00,0.00,0.00,0.00,0.00,0.00,0.00,-0.00,0.00,0
1.50006,-32,45,179,0,DRIVE [ 84 ] [ 1 ] [ 1897 1790 1924 ] [    0    0    0 ] [      0      0      0 ] [ 0 ],drive [ 84 ] [ 1 ] [ 1893 1776 1924 ] [   26   42   16 ] [  10461  18818  16726 ] [ 0 ],0.80,0.80,0.80,0.80,-5.81,8.16,0.00,0.00,0.00,0.00,0.00,0.00,0.00,0.00,0.00,0.00,0.00,0.00,0.00,-0.00,0.00,0
1.51223,-35,33,165,0,DRIVE [ 85 ] [ 1 ] [ 1874 1301 1924 ] [    0    0    0 ] [      0      0      0 ] [ 0 ],drive [ 84 ] [ 1 ] [ 1897 1790 1924 ] [   26   42   16 ] [  10460  18682  16726 ] [ 0 ],0.80,0.80,0.80,0.80,-28.11,26.63,0.00,0.00,0.00,0.00,0.00,-0.00,0.00,0.00,0.00,0.00,0.00,0.00,0.00,-0.00,0.00,0
1.52398,-35,33,165,0,DRIVE [ 85 ] [ 1 ] [ 1879 1361 1924 ] [    0    0    0 ] [      0      0      0 ] [ 0 ],drive [ 85 ] [ 1 ] [ 1874 1301 1924 ] [   24   35   17 ] [  10460  18682  16726 ] [ 0 ],0.80,0.80,0.80,0.80,-25.30,23.97,0.00,0.00,0.00,0.00,0.00,-0.00,0.00,0.00,0.00,0.00,0.00,0.00,0.00,-0.00,0.00,0
1.53609,-35,33,165,0,DRIVE [ 86 ] [ 1 ] [ 1883 1416 1924 ] [    0    0    0 ] [      0      0      0 ] [ 0 ],drive [ 85 ] [ 1 ] [ 1879 1361 1924 ] [   24   35   17 ] [  10460  18682  16726 ] [ 0 ],0.80,0.80,0.80,0.80,-22.77,21.57,0.00,0.00,0.00,0.00,0.00,-0.00,0.00,0.00,0.00,0.00,0.00,0.00,0.00,-0.00,0.00,0
1.54763,-35,33,165,0,DRIVE [ 86 ] [ 1 ] [ 1888 1466 1924 ] [    0    0    0 ] [      0      0      0 ] [ 0 ],drive [ 86 ] [ 1 ] [ 1883 1416 1924 ] [   24   35   17 ] [  10460  18682  16726 ] [ 0 ],0.80,0.80,0.80,0.80,-20.49,19.41,0.00,0.00,0.00,0.00,0.00,-0.00,0.00,0.00,0.00,0.00,0.00,0.00,0.00,-0.00,0.00,0
1.5594,-35,33,165,0,DRIVE [ 87 ] [ 1 ] [ 1891 1512 1924 ] [    0    0    0 ] [      0      0      0 ] [ 0 ],drive [ 86 ] [ 1 ] [ 1888 1466 1924 ] [   24   35   17 ] [  10452  18856  16723 ] [ 0 ],0.80,0.80,0.80,0.80,-18.44,17.47,0.00,0.00,0.00,0.00,0.00,-0.00,0.00,0.00,0.00,0.00,0.00,0.00,0.00,-0.00,0.00,0
1.57145,-35,33,165,0,DRIVE [ 87 ] [ 1 ] [ 1895 1552 1924 ] [    0    0    0 ] [      0      0      0 ] [ 0 ],drive [ 87 ] [ 1 ] [ 1891 1512 1924 ] [    8   46   -3 ] [  10452  18856  16723 ] [ 0 ],0.80,0.80,0.80,0.80,-16.60,15.73,0.00,0.00,0.00,0.00,0.00,-0.00,0.00,0.00,0.00,0.00,0.00,0.00,0.00,-0.00,0.00,0
1.58311,-35,24,149,0,DRIVE [ 88 ] [ 1 ] [ 1895 1274 1922 ] [    0    0    0 ] [      0      0      0 ] [ 0 ],drive [ 87 ] [ 1 ] [ 1895 1552 1924 ] [    8   46   -3 ] [  10452  18856  16723 ] [ 0 ],0.80,0.80,0.80,0.80,-28.00,19.12,0.00,0.00,0.00,0.00,0.00,-0.00,0.00,0.00,0.00,0.00,0.00,0.00,0.00,-0.00,0.00,0
1.59513,-34,17,138,0,DRIVE [ 88 ] [ 1 ] [ 1895 1332 1883 ] [    0    0    0 ] [      0      0      0 ] [ 0 ],drive [ 88 ] [ 1 ] [ 1895 1274 1922 ] [    8   46   -3 ] [  10452  18856  16723 ] [ 0 ],0.80,0.80,0.80,0.80,-27.18,13.62,0.00,0.00,0.00,0.00,0.00,-0.00,0.00,0.00,0.00,0.00,0.00,0.00,0.00,-0.00,0.00,0
1.6072,-34,17,138,0,DRIVE [ 89 ] [ 1 ] [ 1895 1390 1887 ] [    0    0    0 ] [      0      0      0 ] [ 0 ],drive [ 88 ] [ 1 ] [ 1895 1332 1883 ] [    8   46   -3 ] [  10442  18926  16605 ] [ 0 ],0.80,0.80,0.80,0.80,-24.46,12.25,0.00,0.00,0.00,0.00,0.00,-0.00,0.00,0.00,0.00,0.00,0.00,0.00,0.00,-0.00,0.00,0
1.61939,-34,17,138,0,DRIVE [ 89 ] [ 1 ] [ 1895 1443 1891 ] [    0    0    0 ] [      0      0      0 ] [ 0 ],drive [ 89 ] [ 1 ] [ 1895 1390 1887 ] [    8   46   -3 ] [  10442  18926  16605 ] [ 0 ],0.80,0.80,0.80,0.80,-22.01,11.03,0.00,0.00,0.00,0.00,0.00,-0.00,0.00,0.00,0.00,0.00,0.00,0.00,0.00,-0.00,0.00,0
1.6321,-32,12,127,0,DRIVE [ 90 ] [ 1 ] [ 1895 1381 1853 ] [    0    0    0 ] [      0      0      0 ] [ 0 ],drive [ 89 ] [ 1 ] [ 1895 1443 1891 ] [    9   75   15 ] [  10442  18926  16605 ] [ 0 ],0.80,0.80,0.80,0.80,-25.51,9.44,0.00,0.00,0.00,0.00,0.00,-0.00,0.00,0.00,0.00,0.00,0.00,0.00,0.00,-0.00,0.00,0
1.64373,-32,12,127,0,DRIVE [ 90 ] [ 1 ] [ 1895 1434 1860 ] [    0    0    0 ] [      0      0      0 ] [ 0 ],drive [ 90 ] [ 1 ] [ 1895 1381 1853 ] [    9   75   15 ] [  10442  18926  16605 ] [ 0 ],0.80,0.80,0.80,0.80,-22.96,8.49,0.00,0.00,0.00,0.00,0.00,-0.00,0.00,0.00,0.00,0.00,0.00,0.00,0.00,-0.00,0.00,0
1.65596,-32,12,127,0,DRIVE [ 91 ] [ 1 ] [ 1895 1482 1866 ] [    0    0    0 ] [      0      0      0 ] [ 0 ],drive [ 90 ] [ 1 ] [ 1895 1434 1860 ] [    9   75   15 ] [  10442  19000  16608 ] [ 0 ],0.80,0.80,0.80,0.80,-20.66,7.64,0.00,0.00,0.00,0.00,0.00,-0.00,0.00,0.00,0.00,0.00,0.00,0.00,0.00,-0.00,0.00,0
1.66821,-32,12,127,0,DRIVE [ 91 ] [ 1 ] [ 1895 1526 1872 ] [    0    0    0 ] [      0      0      0 ] [ 0 ],drive [ 91 ] [ 1 ] [ 1895 1482 1866 ] [    9   75   15 ] [  10442  19000  16608 ] [ 0 ],0.80,0.80,0.80,0.80,-18.60,6.88,0.00,0.00,0.00,0.00,0.00,-0.00,0.00,0.00,0.00,0.00,0.00,0.00,0.00,-0.00,0.00,0
1.68006,-32,12,127,0,DRIVE [ 92 ] [ 1 ] [ 1895 1565 1878 ] [    0    0    0 ] [      0      0      0 ] [ 0 ],drive [ 91 ] [ 1 ] [ 1895 1526 1872 ] [    8   59   19 ] [  10442  19000  16608 ] [ 0 ],0.80,0.80,0.80,0.80,-16.74,6.19,0.00,0.00,0.00,0.00,0.00,-0.00,0.00,0.00,0.00,0.00,0.00,0.00,0.00,-0.00,0.00,0
1.69253,-32,12,127,0,DRIVE [ 92 ] [ 1 ] [ 1895 1601 1882 ] [    0    0    0 ] [      0      0      0 ] [ 0 ],drive [ 92 ] [ 1 ] [ 1895 1565 1878 ] [    8   59   19 ] [  10442  19000  16608 ] [ 0 ],0.80,0.80,0.80,0.80,-15.06,5.57,0.00,0.00,0.00,0.00,0.00,-0.00,0.00,0.00,0.00,0.00,0.00,0.00,0.00,-0.00,0.00,0
1.70475,-32,12,127,0,DRIVE [ 93 ] [ 1 ] [ 1895 1633 1887 ] [    0    0    0 ] [      0      0      0 ] [ 0 ],drive [ 92 ] [ 1 ] [ 1895 1601 1882 ] [    8   59   19 ] [  10442  19000  16608 ] [ 0 ],0.80,0.80,0.80,0.80,-13.56,5.02,0.00,0.00,0.00,0.00,0.00,-0.00,0.00,0.00,0.00,0.00,0.00,0.00,0.00,-0.00,0.00,0
1.71645,-32,12,127,0,DRIVE [ 93 ] [ 1 ] [ 1895 1662 1890 ] [    0    0    0 ] [      0      0      0 ] [ 0 ],drive [ 93 ] [ 1 ] [ 1895 1633 1887 ] [    8   59   19 ] [  10444  18962  16609 ] [ 0 ],0.80,0.80,0.80,0.80,-12.20,4.51,0.00,0.00,0.00,0.00,0.00,-0.00,0.00,0.00,0.00,0.00,0.00,0.00,0.00,-0.00,0.00,0
1.729,-32,12,127,0,DRIVE [ 94 ] [ 1 ] [ 1895 1688 1894 ] [    0    0    0 ] [      0      0      0 ] [ 0 ],drive [ 93 ] [ 1 ] [ 1895 1662 1890 ] [    8   47   17 ] [  10444  18962  16609 ] [ 0 ],0.80,0.80,0.80,0.80,-10.98,4.06,0.00,0.00,0.00,0.00,0.00,-0.00,0.00,0.00,0.00,0.00,0.00,0.00,0.00,-0.00,0.00,0
1.74123,-32,12,127,0,DRIVE [ 94 ] [ 1 ] [ 1895 1712 1897 ] [    0    0    0 ] [      0      0      0 ] [ 0 ],drive [ 94 ] [ 1 ] [ 1895 1688 1894 ] [    8   47   17 ] [  10444  18962  16609 ] [ 0 ],0.80,0.80,0.80,0.80,-9.88,3.66,0.00,0.00,0.00,0.00,0.00,-0.00,0.00,0.00,0.00,0.00,0.00,0.00,0.00,-0.00,0.00,0
1.7534,-32,12,127,0,DRIVE [ 95 ] [ 1 ] [ 1895 1733 1900 ] [    0    0    0 ] [      0      0      0 ] [ 0 ],drive [ 94 ] [ 1 ] [ 1895 1712 1897 ] [    8   47   17 ] [  10444  18962  16609 ] [ 0 ],0.80,0.80,0.80,0.80,-8.89,3.29,0.00,0.00,0.00,0.00,0.00,-0.00,0.00,0.00,0.00,0.00,0.00,0.00,0.00,-0.00,0.00,0
1.76555,-32,12,127,0,DRIVE [ 95 ] [ 1 ] [ 1895 1752 1903 ] [    0    0    0 ] [      0      0      0 ] [ 0 ],drive [ 95 ] [ 1 ] [ 1895 1733 1900 ] [    8   47   17 ] [  10445  18857  16607 ] [ 0 ],0.80,0.80,0.80,0.80,-8.01,2.96,0.00,0.00,0.00,0.00,0.00,-0.00,0.00,0.00,0.00,0.00,0.00,0.00,0.00,-0.00,0.00,0
1.77699,-32,12,127,0,DRIVE [ 96 ] [ 1 ] [ 1895 1770 1905 ] [    0    0    0 ] [      0      0      0 ] [ 0 ],drive [ 95 ] [ 1 ] [ 1895 1752 1903 ] [    9   23   13 ] [  10445  18857  16607 ] [ 0 ],0.80,0.80,0.80,0.80,-7.20,2.67,0.00,0.00,0.00,0.00,0.00,-0.00,0.00,0.00,0.00,0.00,0.00,0.00,0.00,-0.00,0.00,0
1.78907,-32,12,127,0,DRIVE [ 96 ] [ 1 ] [ 1895 1785 1907 ] [    0    0    0 ] [      0      0      0 ] [ 0 ],drive [ 96 ] [ 1 ] [ 1895 1770 1905 ] [    9   23   13 ] [  10445  18857  16607 ] [ 0 ],0.80,0.80,0.80,0.80,-6.48,2.40,0.00,0.00,0.00,0.00,0.00,-0.00,0.00,0.00,0.00,0.00,0.00,0.00,0.00,-0.00,0.00,0
1.80157,-32,12,127,0,DRIVE [ 97 ] [ 1 ] [ 1895 1799 1909 ] [    0    0    0 ] [      0      0      0 ] [ 0 ],drive [ 96 ] [ 1 ] [ 1895 1785 1907 ] [    9   23   13 ] [  10445  18857  16607 ] [ 0 ],0.80,0.80,0.80,0.80,-5.84,2.16,0.00,0.00,0.00,0.00,0.00,-0.00,0.00,0.00,0.00,0.00,0.00,0.00,0.00,-0.00,0.00,0
1.81298,-32,12,127,0,DRIVE [ 97 ] [ 1 ] [ 1895 1812 1910 ] [    0    0    0 ] [      0      0      0 ] [ 0 ],drive [ 97 ] [ 1 ] [ 1895 1799 1909 ] [    9   23   13 ] [  10445  18531  16589 ] [ 0 ],0.80,0.80,0.80,0.80,-5.25,1.94,0.00,0.00,0.00,0.00,0.00,-0.00,0.00,0.00,0.00,0.00,0.00,0.00,0.00,-0.00,0.00,0
1.82474,-32,12,127,0,DRIVE [ 98 ] [ 1 ] [ 1895 1823 1912 ] [    0    0    0 ] [      0      0      0 ] [ 0 ],drive [ 97 ] [ 1 ] [ 1895 1812 1910 ] [   10   10   24 ] [  10445  18531  16589 ] [ 0 ],0.80,0.80,0.80,0.80,-4.73,1.75,0.00,0.00,0.00,0.00,0.00,-0.00,0.00,0.00,0.00,0.00,0.00,0.00,0.00,-0.00,0.00,0
1.83586,-32,12,127,0,DRIVE [ 98 ] [ 1 ] [ 1895 1833 1913 ] [    0    0    0 ] [      0      0      0 ] [ 0 ],drive [ 98 ] [ 1 ] [ 1895 1823 1912 ] [   10   10   24 ] [  10445  18531  16589 ] [ 0 ],0.80,0.80,0.80,0.80,-4.25,1.57,0.00,0.00,0.00,0.00,0.00,-0.00,0.00,0.00,0.00,0.00,0.00,0.00,0.00,-0.00,0.00,0
1.8468,-32,12,127,0,DRIVE [ 99 ] [ 1 ] [ 1895 1843 1915 ] [    0    0    0 ] [      0      0      0 ] [ 0 ],drive [ 98 ] [ 1 ] [ 1895 1833 1913 ] [   10   10   24 ] [  10445  18531  16589 ] [ 0 ],0.80,0.80,0.80,0.80,-3.83,1.42,0.00,0.00,0.00,0.00,0.00,-0.00,0.00,0.00,0.00,0.00,0.00,0.00,0.00,-0.00,0.00,0
1.85835,-32,12,127,0,DRIVE [ 99 ] [ 1 ] [ 1895 1851 1916 ] [    0    0    0 ] [      0      0      0 ] [ 0 ],drive [ 99 ] [ 1 ] [ 1895 1843 1915 ] [   10   10   24 ] [  10446  18184  16403 ] [ 0 ],0.80,0.80,0.80,0.80,-3.45,1.27,0.00,0.00,0.00,0.00,0.00,-0.00,0.00,0.00,0.00,0.00,0.00,0.00,0.00,-0.00,0.00,0
1.86988,-32,12,127,0,DRIVE [ 00 ] [ 1 ] [ 1895 1858 1917 ] [    0    0    0 ] [      0      0      0 ] [ 0 ],drive [ 99 ] [ 1 ] [ 1895 1851 1916 ] [   10   17   11 ] [  10446  18184  16403 ] [ 0 ],0.80,0.80,0.80,0.80,-3.10,1.15,0.00,0.00,0.00,0.00,0.00,-0.00,0.00,0.00,0.00,0.00,0.00,0.00,0.00,-0.00,0.00,0
1.8811,-32,12,127,0,DRIVE [ 00 ] [ 1 ] [ 1895 1865 1918 ] [    0    0    0 ] [      0      0      0 ] [ 0 ],drive [ 00 ] [ 1 ] [ 1895 1858 1917 ] [   10   17   11 ] [  10446  18184  16403 ] [ 0 ],0.80,0.80,0.80,0.80,-2.79,1.03,0.00,0.00,0.00,0.00,0.00,-0.00,0.00,0.00,0.00,0.00,0.00,0.00,0.00,-0.00,0.00,0
1.89194,-32,12,127,0,DRIVE [ 01 ] [ 1 ] [ 1895 1871 1918 ] [    0    0    0 ] [      0      0      0 ] [ 0 ],drive [ 00 ] [ 1 ] [ 1895 1865 1918 ] [   10   17   11 ] [  10446  18184  16403 ] [ 0 ],0.80,0.80,0.80,0.80,-2.51,0.93,0.00,0.00,0.00,0.00,0.00,-0.00,0.00,0.00,0.00,0.00,0.00,0.00,0.00,-0.00,0.00,0
1.90279,-32,12,127,0,DRIVE [ 01 ] [ 1 ] [ 1895 1877 1919 ] [    0    0    0 ] [      0      0      0 ] [ 0 ],drive [ 01 ] [ 1 ] [ 1895 1871 1918 ] [   10   17   11 ] [  10446  18184  16403 ] [ 0 ],0.80,0.80,0.80,0.80,-2.26,0.84,0.00,0.00,0.00,0.00,0.00,-0.00,0.00,0.00,0.00,0.00,0.00,0.00,0.00,-0.00,0.00,0
1.91314,-32,12,127,0,DRIVE [ 02 ] [ 1 ] [ 1895 1882 1920 ] [    0    0    0 ] [      0      0      0 ] [ 0 ],drive [ 01 ] [ 1 ] [ 1895 1877 1919 ] [   10   17   11 ] [  10447  17929  16373 ] [ 0 ],0.80,0.80,0.80,0.80,-2.03,0.75,0.00,0.00,0.00,0.00,0.00,-0.00,0.00,0.00,0.00,0.00,0.00,0.00,0.00,-0.00,0.00,0
1.92404,-32,12,127,0,DRIVE [ 02 ] [ 1 ] [ 1895 1886 1920 ] [    0    0    0 ] [      0      0      0 ] [ 0 ],drive [ 02 ] [ 1 ] [ 1895 1882 1920 ] [   10   19    4 ] [  10447  17929  16373 ] [ 0 ],0.80,0.80,0.80,0.80,-1.83,0.68,0.00,0.00,0.00,0.00,0.00,-0.00,0.00,0.00,0.00,0.00,0.00,0.00,0.00,-0.00,0.00,0
1.93462,-32,12,127,0,DRIVE [ 03 ] [ 1 ] [ 1895 1890 1921 ] [    0    0    0 ] [      0      0      0 ] [ 0 ],drive [ 02 ] [ 1 ] [ 1895 1886 1920 ] [   10   19    4 ] [  10447  17929  16373 ] [ 0 ],0.80,0.80,0.80,0.80,-1.65,0.61,0.00,0.00,0.00,0.00,0.00,-0.00,0.00,0.00,0.00,0.00,0.00,0.00,0.00,-0.00,0.00,0
1.94459,-32,12,127,0,DRIVE [ 03 ] [ 1 ] [ 1895 1894 1921 ] [    0    0    0 ] [      0      0      0 ] [ 0 ],drive [ 03 ] [ 1 ] [ 1895 1890 1921 ] [   10   19    4 ] [  10447  17929  16373 ] [ 0 ],0.80,0.80,0.80,0.80,-1.48,0.55,0.00,0.00,0.00,0.00,0.00,-0.00,0.00,0.00,0.00,0.00,0.00,0.00,0.00,-0.00,0.00,0
1.95523,-32,12,127,0,DRIVE [ 04 ] [ 1 ] [ 1895 1897 1922 ] [    0    0    0 ] [      0      0      0 ] [ 0 ],drive [ 03 ] [ 1 ] [ 1895 1894 1921 ] [   10   19    4 ] [  10447  17728  16373 ] [ 0 ],0.80,0.80,0.80,0.80,-1.34,0.49,0.00,0.00,0.00,0.00,0.00,-0.00,0.00,0.00,0.00,0.00,0.00,0.00,0.00,-0.00,0.00,0
1.96549,-32,12,127,0,DRIVE [ 04 ] [ 1 ] [ 1895 1900 1922 ] [    0    0    0 ] [      0      0      0 ] [ 0 ],drive [ 04 ] [ 1 ] [ 1895 1897 1922 ] [   10   19    4 ] [  10447  17728  16373 ] [ 0 ],0.80,0.80,0.80,0.80,-1.20,0.44,0.00,0.00,0.00,0.00,0.00,-0.00,0.00,0.00,0.00,0.00,0.00,0.00,0.00,-0.00,0.00,0
1.97504,-32,12,127,0,DRIVE [ 05 ] [ 1 ] [ 1895 1902 1923 ] [    0    0    0 ] [      0      0      0 ] [ 0 ],drive [ 04 ] [ 1 ] [ 1895 1900 1922 ] [   10   25    2 ] [  10447  17728  16373 ] [ 0 ],0.80,0.80,0.80,0.80,-1.08,0.40,0.00,0.00,0.00,0.00,0.00,-0.00,0.00,0.00,0.00,0.00,0.00,0.00,0.00,-0.00,0.00,0
1.98524,-32,12,127,0,DRIVE [ 05 ] [ 1 ] [ 1895 1905 1923 ] [    0    0    0 ] [      0      0      0 ] [ 0 ],drive [ 05 ] [ 1 ] [ 1895 1902 1923 ] [   10   25    2 ] [  10447  17728  16373 ] [ 0 ],0.80,0.80,0.80,0.80,-0.97,0.36,0.00,0.00,0.00,0.00,0.00,-0.00,0.00,0.00,0.00,0.00,0.00,0.00,0.00,-0.00,0.00,0
1.99596,-32,12,127,1,DRIVE [ 06 ] [ 1 ] [ 1895 1907 1923 ] [    0    0    0 ] [      0      0      0 ] [ 0 ],drive [ 05 ] [ 1 ] [ 1895 1905 1923 ] [   10   25    2 ] [  10447  17728  16373 ] [ 0 ],0.80,0.80,0.80,0.80,-0.88,0.32,0.00,0.00,0.00,0.00,0.00,-0.00,0.00,0.00,0.00,0.00,0.00,0.00,0.00,-0.00,0.00,0
