timestamp,Xmm,Ymm,Zmm,TouchDetected,OutgoingPacket,IncomingPacket,GainPropAb, GainPropAd, GainPropFl, GainPropEx,PropA, PropB, PropC,GainIntegAb, GainIntegAd, GainIntegFl, GainIntegEx,IntegA, IntegB, IntegC,GainDerivAb, GainDerivAd, GainDerivFl, GainDerivEx,DerivA, DerivB, DerivC,Heading5
2.61738,-96,18,669,1,DRIVE [ 08 ] [ 1 ] [ 1636 1823 1926 ] [    0    0    0 ] [      0      0      0 ] [ 0 ],drive [ 08 ] [ 1 ] [ 1604 1812 1926 ] [   65   30   16 ] [  11742  17121  15937 ] [ 0 ],0.80,0.80,0.80,0.80,2.87,5.82,0.00,0.00,0.00,0.00,0.00,-0.00,0.00,0.00,0.00,0.00,0.00,0.00,-0.00,-0.00,0.00,0
0.00150142,-96,18,669,0,DRIVE [ 76 ] [ 1 ] [ 1923 1926 1926 ] [    0    0    0 ] [      0      0      0 ] [ 0 ],drive [ 75 ] [ 1 ] [ 1923 1652 1860 ] [    0   41    9 ] [   9177  18663  17131 ] [ 0 ],0.80,0.80,0.80,0.80,-68.89,13.18,0.00,0.00,0.00,0.00,0.00,-0.00,0.00,0.00,0.00,0.00,0.00,0.00,0.00,0.00,0.00,0
0.0178387,-90,26,635,0,DRIVE [ 76 ] [ 1 ] [ 1923 1922 1925 ] [    0    0    0 ] [      0      0      0 ] [ 0 ],drive [ 76 ] [ 1 ] [ 1923 1926 1926 ] [    0   41    9 ] [   9177  18663  17131 ] [ 0 ],0.80,0.80,0.80,0.80,-71.64,20.53,0.00,0.00,0.00,0.00,0.00,0.00,0.00,0.00,0.00,0.00,0.00,0.00,0.00,0.00,0.00,0
0.0334934,-93,27,659,0,DRIVE [ 77 ] [ 1 ] [ 1923 1917 1924 ] [    0    0    0 ] [      0      0      0 ] [ 0 ],drive [ 76 ] [ 1 ] [ 1923 1922 1925 ] [    0   41    9 ] [   9171  18662  17131 ] [ 0 ],0.80,0.80,0.80,0.80,-74.76,21.85,0.00,0.00,0.00,0.00,0.00,0.00,0.00,0.00,0.00,0.00,0.00,0.00,0.00,0.00,0.00,0
0.0512059,-94,28,661,0,DRIVE [ 77 ] [ 1 ] [ 1923 1912 1923 ] [    0    0    0 ] [      0      0      0 ] [ 0 ],drive [ 77 ] [ 1 ] [ 1923 1917 1924 ] [   11   20    6 ] [   9171  18662  17131 ] [ 0 ],0.80,0.80,0.80,0.80,-74.99,22.28,0.00,0.00,0.00,0.00,0.00,0.00,0.00,0.00,0.00,0.00,0.00,0.00,0.00,0.00,0.00,0
0.0675746,-94,28,661,0,DRIVE [ 78 ] [ 1 ] [ 1923 1907 1922 ] [    0    0    0 ] [      0      0      0 ] [ 0 ],drive [ 77 ] [ 1 ] [ 1923 1912 1923 ] [   11   20    6 ] [   9171  18662  17131 ] [ 0 ],0.80,0.80,0.80,0.80,-75.07,22.77,0.00,0.00,0.00,0.00,0.00,0.00,0.00,0.00,0.00,0.00,0.00,0.00,0.00,0.00,0.00,0
0.0825145,-94,30,662,0,DRIVE [ 78 ] [ 1 ] [ 1923 1902 1922 ] [    0    0    0 ] [      0      0      0 ] [ 0 ],drive [ 78 ] [ 1 ] [ 1923 1907 1922 ] [   11   20    6 ] [   9100  18390  17125 ] [ 0 ],0.80,0.80,0.80,0.80,-74.83,23.62,0.00,0.00,0.00,0.00,0.00,0.00,0.00,0.00,0.00,0.00,0.00,0.00,0.00,0.00,0.00,0
0.0982016,-93,31,658,0,DRIVE [ 79 ] [ 1 ] [ 1923 1897 1921 ] [    0    0    0 ] [      0      0      0 ] [ 0 ],drive [ 78 ] [ 1 ] [ 1923 1902 1922 ] [   12    0    4 ] [   9100  18390  17125 ] [ 0 ],0.80,0.80,0.80,0.80,-74.66,24.59,0.00,0.00,0.00,0.00,0.00,0.00,0.00,0.00,0.00,0.00,0.00,0.00,0.00,0.00,0.00,0
0.113223,-96,33,663,0,DRIVE [ 79 ] [ 1 ] [ 1923 1891 1921 ] [    0    0    0 ] [      0      0      0 ] [ 0 ],drive [ 79 ] [ 1 ] [ 1923 1897 1921 ] [   12    0    4 ] [   9100  18390  17125 ] [ 0 ],0.80,0.80,0.80,0.80,-76.95,26.51,0.00,0.00,0.00,0.00,0.00,0.00,0.00,0.00,0.00,0.00,0.00,0.00,0.00,0.00,0.00,0
0.128672,-96,33,663,0,DRIVE [ 80 ] [ 1 ] [ 1923 1894 1921 ] [    0    0    0 ] [      0      0      0 ] [ 0 ],drive [ 79 ] [ 1 ] [ 1923 1891 1921 ] [   12    0    4 ] [   8975  18397  17129 ] [ 0 ],0.80,0.80,0.80,0.80,-69.25,23.86,0.00,0.00,0.00,0.00,0.00,0.00,0.00,0.00,0.00,0.00,0.00,0.00,0.00,0.00,0.00,0
0.143819,-96,36,659,0,DRIVE [ 80 ] [ 1 ] [ 1923 1880 1920 ] [    0    0    0 ] [      0      0      0 ] [ 0 ],drive [ 80 ] [ 1 ] [ 1923 1894 1921 ] [   -1    1    4 ] [   8975  18397  17129 ] [ 0 ],0.80,0.80,0.80,0.80,-76.73,28.45,0.00,0.00,0.00,0.00,0.00,0.00,0.00,0.00,0.00,0.00,0.00,0.00,0.00,0.00,0.00,0
0.159997,-198,-118,592,0,DRIVE [ 81 ] [ 1 ] [ 1923 1858 1851 ] [    0    0    0 ] [      0      0      0 ] [ 0 ],drive [ 80 ] [ 1 ] [ 1923 1880 1920 ] [   -1    1    4 ] [   8975  18397  17129 ] [ 0 ],0.80,0.80,0.80,0.80,-158.30,-94.27,0.00,0.00,0.00,0.00,0.00,0.00,0.00,0.00,0.00,0.00,0.00,0.00,0.00,0.00,0.00,0
0.175459,-205,-123,615,0,DRIVE [ 81 ] [ 1 ] [ 1923 1851 1843 ] [    0    0    0 ] [      0      0      0 ] [ 0 ],drive [ 81 ] [ 1 ] [ 1923 1858 1851 ] [   -1    1    4 ] [   8968  18394  17128 ] [ 0 ],0.80,0.80,0.80,0.80,-163.99,-98.46,0.00,0.00,0.00,0.00,0.00,0.00,0.00,0.00,0.00,0.00,0.00,0.00,0.00,0.00,0.00,0
0.190543,-205,-126,617,0,DRIVE [ 82 ] [ 1 ] [ 1923 1845 1834 ] [    0    0    0 ] [      0      0      0 ] [ 0 ],drive [ 81 ] [ 1 ] [ 1923 1851 1843 ] [    0    4    9 ] [   8968  18394  17128 ] [ 0 ],0.80,0.80,0.80,0.80,-163.68,-100.90,0.00,0.00,0.00,0.00,0.00,0.00,0.00,0.00,0.00,0.00,0.00,0.00,0.00,0.00,0.00,0
0.205451,-204,-127,617,0,DRIVE [ 82 ] [ 1 ] [ 1923 1839 1827 ] [    0    0    0 ] [      0      0      0 ] [ 0 ],drive [ 82 ] [ 1 ] [ 1923 1845 1834 ] [    0    4    9 ] [   8968  18394  17128 ] [ 0 ],0.80,0.80,0.80,0.80,-163.27,-101.45,0.00,0.00,0.00,0.00,0.00,0.00,0.00,0.00,0.00,0.00,0.00,0.00,0.00,0.00,0.00,0
0.219691,-202,-127,613,0,DRIVE [ 83 ] [ 1 ] [ 1923 1834 1819 ] [    0    0    0 ] [      0      0      0 ] [ 0 ],drive [ 82 ] [ 1 ] [ 1923 1839 1827 ] [    0    4    9 ] [   8968  18394  17128 ] [ 0 ],0.80,0.80,0.80,0.80,-161.37,-101.48,0.00,0.00,0.00,0.00,0.00,0.00,0.00,0.00,0.00,0.00,0.00,0.00,0.00,0.00,0.00,0
0.234528,-200,-127,611,0,DRIVE [ 83 ] [ 1 ] [ 1923 1828 1812 ] [    0    0    0 ] [      0      0      0 ] [ 0 ],drive [ 83 ] [ 1 ] [ 1923 1834 1819 ] [    0    4    9 ] [   8968  18389  17139 ] [ 0 ],0.80,0.80,0.80,0.80,-160.08,-101.49,0.00,0.00,0.00,0.00,0.00,0.00,0.00,0.00,0.00,0.00,0.00,0.00,0.00,0.00,0.00,0
0.250683,-200,-127,611,0,DRIVE [ 84 ] [ 1 ] [ 1923 1822 1804 ] [    0    0    0 ] [      0      0      0 ] [ 0 ],drive [ 83 ] [ 1 ] [ 1923 1828 1812 ] [    0   11    8 ] [   8968  18389  17139 ] [ 0 ],0.80,0.80,0.80,0.80,-159.64,-101.86,0.00,0.00,0.00,0.00,0.00,0.00,0.00,0.00,0.00,0.00,0.00,0.00,0.00,0.00,0.00,0
0.26492,-198,-127,609,0,DRIVE [ 84 ] [ 1 ] [ 1923 1816 1797 ] [    0    0    0 ] [      0      0      0 ] [ 0 ],drive [ 84 ] [ 1 ] [ 1923 1822 1804 ] [    0   11    8 ] [   8968  18389  17139 ] [ 0 ],0.80,0.80,0.80,0.80,-158.74,-101.77,0.00,0.00,0.00,0.00,0.00,0.00,0.00,0.00,0.00,0.00,0.00,0.00,0.00,0.00,0.00,0
0.279256,-198,-127,609,0,DRIVE [ 85 ] [ 1 ] [ 1923 1827 1809 ] [    0    0    0 ] [      0      0      0 ] [ 0 ],drive [ 84 ] [ 1 ] [ 1923 1816 1797 ] [    0   11    8 ] [   8968  18337  17141 ] [ 0 ],0.80,0.80,0.80,0.80,-142.87,-91.59,0.00,0.00,0.00,0.00,0.00,0.00,0.00,0.00,0.00,0.00,0.00,0.00,0.00,0.00,0.00,0
0.294153,-195,-124,603,0,DRIVE [ 85 ] [ 1 ] [ 1923 1805 1784 ] [    0    0    0 ] [      0      0      0 ] [ 0 ],drive [ 85 ] [ 1 ] [ 1923 1827 1809 ] [   -1   31   10 ] [   8968  18337  17141 ] [ 0 ],0.80,0.80,0.80,0.80,-156.35,-99.53,0.00,0.00,0.00,0.00,0.00,0.00,0.00,0.00,0.00,0.00,0.00,0.00,0.00,0.00,0.00,0
0.308814,-195,-123,603,0,DRIVE [ 86 ] [ 1 ] [ 1923 1799 1778 ] [    0    0    0 ] [      0      0      0 ] [ 0 ],drive [ 85 ] [ 1 ] [ 1923 1805 1784 ] [   -1   31   10 ] [   8968  18337  17141 ] [ 0 ],0.80,0.80,0.80,0.80,-155.83,-98.40,0.00,0.00,0.00,0.00,0.00,0.00,0.00,0.00,0.00,0.00,0.00,0.00,0.00,0.00,0.00,0
0.323423,-194,-121,605,0,DRIVE [ 86 ] [ 1 ] [ 1923 1794 1773 ] [    0    0    0 ] [      0      0      0 ] [ 0 ],drive [ 86 ] [ 1 ] [ 1923 1799 1778 ] [   -1   31   10 ] [   8968  18306  17145 ] [ 0 ],0.80,0.80,0.80,0.80,-155.10,-96.90,0.00,0.00,0.00,0.00,0.00,0.00,0.00,0.00,0.00,0.00,0.00,0.00,0.00,0.00,0.00,0
0.337919,-191,-118,600,0,DRIVE [ 87 ] [ 1 ] [ 1923 1788 1769 ] [    0    0    0 ] [      0      0      0 ] [ 0 ],drive [ 86 ] [ 1 ] [ 1923 1794 1773 ] [   -1   19   11 ] [   8968  18306  17145 ] [ 0 ],0.80,0.80,0.80,0.80,-152.67,-94.34,0.00,0.00,0.00,0.00,0.00,0.00,0.00,0.00,0.00,0.00,0.00,0.00,0.00,0.00,0.00,0
0.352751,-189,-115,599,0,DRIVE [ 87 ] [ 1 ] [ 1923 1784 1765 ] [    0    0    0 ] [      0      0      0 ] [ 0 ],drive [ 87 ] [ 1 ] [ 1923 1788 1769 ] [   -1   19   11 ] [   8968  18306  17145 ] [ 0 ],0.80,0.80,0.80,0.80,-151.14,-92.17,0.00,0.00,0.00,0.00,0.00,0.00,0.00,0.00,0.00,0.00,0.00,0.00,0.00,0.00,0.00,0
0.367474,-187,-113,598,0,DRIVE [ 88 ] [ 1 ] [ 1923 1778 1761 ] [    0    0    0 ] [      0      0      0 ] [ 0 ],drive [ 87 ] [ 1 ] [ 1923 1784 1765 ] [   -1   19   11 ] [   8968  18306  17145 ] [ 0 ],0.80,0.80,0.80,0.80,-149.88,-90.06,0.00,0.00,0.00,0.00,0.00,0.00,0.00,0.00,0.00,0.00,0.00,0.00,0.00,0.00,0.00,0
0.382273,-184,-109,591,0,DRIVE [ 88 ] [ 1 ] [ 1923 1773 1757 ] [    0    0    0 ] [      0      0      0 ] [ 0 ],drive [ 88 ] [ 1 ] [ 1923 1778 1761 ] [   -1   19   11 ] [   8969  18183  17149 ] [ 0 ],0.80,0.80,0.80,0.80,-147.24,-87.23,0.00,0.00,0.00,0.00,0.00,0.00,0.00,0.00,0.00,0.00,0.00,0.00,0.00,0.00,0.00,0
0.397028,-184,-107,592,0,DRIVE [ 89 ] [ 1 ] [ 1923 1767 1753 ] [    0    0    0 ] [      0      0      0 ] [ 0 ],drive [ 88 ] [ 1 ] [ 1923 1773 1757 ] [   -1   17   12 ] [   8969  18183  17149 ] [ 0 ],0.80,0.80,0.80,0.80,-147.04,-85.73,0.00,0.00,0.00,0.00,0.00,0.00,0.00,0.00,0.00,0.00,0.00,0.00,0.00,0.00,0.00,0
0.411498,-180,-103,582,0,DRIVE [ 89 ] [ 1 ] [ 1923 1762 1749 ] [    0    0    0 ] [      0      0      0 ] [ 0 ],drive [ 89 ] [ 1 ] [ 1923 1767 1753 ] [   -1   17   12 ] [   8969  18183  17149 ] [ 0 ],0.80,0.80,0.80,0.80,-143.73,-82.72,0.00,0.00,0.00,0.00,0.00,0.00,0.00,0.00,0.00,0.00,0.00,0.00,0.00,0.00,0.00,0
0.4261,-177,-101,578,0,DRIVE [ 90 ] [ 1 ] [ 1923 1757 1745 ] [    0    0    0 ] [      0      0      0 ] [ 0 ],drive [ 89 ] [ 1 ] [ 1923 1762 1749 ] [   -1   17   12 ] [   8970  18184  17152 ] [ 0 ],0.80,0.80,0.80,0.80,-141.80,-80.62,0.00,0.00,0.00,0.00,0.00,0.00,0.00,0.00,0.00,0.00,0.00,0.00,0.00,0.00,0.00,0
0.442593,-176,-99,580,0,DRIVE [ 90 ] [ 1 ] [ 1923 1752 1742 ] [    0    0    0 ] [      0      0      0 ] [ 0 ],drive [ 90 ] [ 1 ] [ 1923 1757 1745 ] [    1   20   14 ] [   8970  18184  17152 ] [ 0 ],0.80,0.80,0.80,0.80,-140.79,-79.19,0.00,0.00,0.00,0.00,0.00,0.00,0.00,0.00,0.00,0.00,0.00,0.00,0.00,0.00,0.00,0
0.457118,-174,-97,577,0,DRIVE [ 91 ] [ 1 ] [ 1923 1747 1738 ] [    0    0    0 ] [      0      0      0 ] [ 0 ],drive [ 90 ] [ 1 ] [ 1923 1752 1742 ] [    1   20   14 ] [   8970  18184  17152 ] [ 0 ],0.80,0.80,0.80,0.80,-138.82,-77.45,0.00,0.00,0.00,0.00,0.00,0.00,0.00,0.00,0.00,0.00,0.00,0.00,0.00,0.00,0.00,0
0.471749,-170,-94,574,0,DRIVE [ 91 ] [ 1 ] [ 1923 1744 1736 ] [    0    0    0 ] [      0      0      0 ] [ 0 ],drive [ 91 ] [ 1 ] [ 1923 1747 1738 ] [    1   20   14 ] [   8970  18185  17153 ] [ 0 ],0.80,0.80,0.80,0.80,-136.01,-75.43,0.00,0.00,0.00,0.00,0.00,0.00,0.00,0.00,0.00,0.00,0.00,0.00,0.00,0.00,0.00,0
0.487364,-165,-91,564,0,DRIVE [ 92 ] [ 1 ] [ 1923 1741 1733 ] [    0    0    0 ] [      0      0      0 ] [ 0 ],drive [ 91 ] [ 1 ] [ 1923 1744 1736 ] [    1   22   16 ] [   8970  18185  17153 ] [ 0 ],0.80,0.80,0.80,0.80,-131.87,-72.87,0.00,0.00,0.00,0.00,0.00,0.00,0.00,0.00,0.00,0.00,0.00,0.00,0.00,0.00,0.00,0
0.501599,-161,-89,561,0,DRIVE [ 92 ] [ 1 ] [ 1923 1738 1730 ] [    0    0    0 ] [      0      0      0 ] [ 0 ],drive [ 92 ] [ 1 ] [ 1923 1741 1733 ] [    1   22   16 ] [   8970  18185  17153 ] [ 0 ],0.80,0.80,0.80,0.80,-129.08,-71.15,0.00,0.00,0.00,0.00,0.00,0.00,0.00,0.00,0.00,0.00,0.00,0.00,0.00,0.00,0.00,0
0.516379,-157,-86,558,0,DRIVE [ 93 ] [ 1 ] [ 1923 1736 1729 ] [    0    0    0 ] [      0      0      0 ] [ 0 ],drive [ 92 ] [ 1 ] [ 1923 1738 1730 ] [    1   22   16 ] [   8970  18185  17153 ] [ 0 ],0.80,0.80,0.80,0.80,-125.91,-68.91,0.00,0.00,0.00,0.00,0.00,0.00,0.00,0.00,0.00,0.00,0.00,0.00,0.00,0.00,0.00,0
0.53089,-153,-83,552,0,DRIVE [ 93 ] [ 1 ] [ 1923 1734 1729 ] [    0    0    0 ] [      0      0      0 ] [ 0 ],drive [ 93 ] [ 1 ] [ 1923 1736 1729 ] [    1   22   16 ] [   8971  18190  17157 ] [ 0 ],0.80,0.80,0.80,0.80,-122.19,-66.29,0.00,0.00,0.00,0.00,0.00,0.00,0.00,0.00,0.00,0.00,0.00,0.00,0.00,0.00,0.00,0
0.545749,-148,-79,547,0,DRIVE [ 94 ] [ 1 ] [ 1923 1734 1730 ] [    0    0    0 ] [      0      0      0 ] [ 0 ],drive [ 93 ] [ 1 ] [ 1923 1734 1729 ] [    1   30   16 ] [   8971  18190  17157 ] [ 0 ],0.80,0.80,0.80,0.80,-118.07,-62.92,0.00,0.00,0.00,0.00,0.00,0.00,0.00,0.00,0.00,0.00,0.00,0.00,0.00,0.00,0.00,0
0.56025,-142,-74,540,0,DRIVE [ 94 ] [ 1 ] [ 1923 1732 1732 ] [    0    0    0 ] [      0      0      0 ] [ 0 ],drive [ 94 ] [ 1 ] [ 1923 1734 1730 ] [    1   30   16 ] [   8971  18190  17157 ] [ 0 ],0.80,0.80,0.80,0.80,-113.69,-59.47,0.00,0.00,0.00,0.00,0.00,0.00,0.00,0.00,0.00,0.00,0.00,0.00,0.00,0.00,0.00,0
0.574532,-137,-70,532,0,DRIVE [ 95 ] [ 1 ] [ 1923 1732 1734 ] [    0    0    0 ] [      0      0      0 ] [ 0 ],drive [ 94 ] [ 1 ] [ 1923 1732 1732 ] [    1   30   16 ] [   8971  18204  17158 ] [ 0 ],0.80,0.80,0.80,0.80,-109.32,-56.02,0.00,0.00,0.00,0.00,0.00,0.00,0.00,0.00,0.00,0.00,0.00,0.00,0.00,0.00,0.00,0
0.588724,-133,-67,530,0,DRIVE [ 95 ] [ 1 ] [ 1923 1731 1736 ] [    0    0    0 ] [      0      0      0 ] [ 0 ],drive [ 95 ] [ 1 ] [ 1923 1732 1734 ] [   -1   34   17 ] [   8971  18204  17158 ] [ 0 ],0.80,0.80,0.80,0.80,-106.13,-53.41,0.00,0.00,0.00,0.00,0.00,0.00,0.00,0.00,0.00,0.00,0.00,0.00,0.00,0.00,0.00,0
0.603183,-127,-63,524,0,DRIVE [ 96 ] [ 1 ] [ 1923 1732 1739 ] [    0    0    0 ] [      0      0      0 ] [ 0 ],drive [ 95 ] [ 1 ] [ 1923 1731 1736 ] [   -1   34   17 ] [   8971  18204  17158 ] [ 0 ],0.80,0.80,0.80,0.80,-101.92,-50.25,0.00,0.00,0.00,0.00,0.00,0.00,0.00,0.00,0.00,0.00,0.00,0.00,0.00,0.00,0.00,0
0.617711,-122,-59,516,0,DRIVE [ 96 ] [ 1 ] [ 1923 1732 1742 ] [    0    0    0 ] [      0      0      0 ] [ 0 ],drive [ 96 ] [ 1 ] [ 1923 1732 1739 ] [   -1   34   17 ] [   8971  18204  17158 ] [ 0 ],0.80,0.80,0.80,0.80,-97.62,-47.23,0.00,0.00,0.00,0.00,0.00,0.00,0.00,0.00,0.00,0.00,0.00,0.00,0.00,0.00,0.00,0
0.632003,-118,-56,511,0,DRIVE [ 97 ] [ 1 ] [ 1923 1732 1745 ] [    0    0    0 ] [      0      0      0 ] [ 0 ],drive [ 96 ] [ 1 ] [ 1923 1732 1742 ] [   -1   34   17 ] [   8971  18204  17158 ] [ 0 ],0.80,0.80,0.80,0.80,-94.02,-44.72,0.00,0.00,0.00,0.00,0.00,0.00,0.00,0.00,0.00,0.00,0.00,0.00,0.00,0.00,0.00,0
0.646304,-114,-53,508,0,DRIVE [ 97 ] [ 1 ] [ 1923 1732 1747 ] [    0    0    0 ] [      0      0      0 ] [ 0 ],drive [ 97 ] [ 1 ] [ 1923 1732 1745 ] [    1   33   17 ] [   8971  18204  17158 ] [ 0 ],0.80,0.80,0.80,0.80,-90.98,-42.61,0.00,0.00,0.00,0.00,0.00,0.00,0.00,0.00,0.00,0.00,0.00,0.00,0.00,0.00,0.00,0
0.660616,-109,-50,503,0,DRIVE [ 98 ] [ 1 ] [ 1923 1734 1751 ] [    0    0    0 ] [      0      0      0 ] [ 0 ],drive [ 97 ] [ 1 ] [ 1923 1732 1747 ] [    1   33   17 ] [   8971  18204  17158 ] [ 0 ],0.80,0.80,0.80,0.80,-87.23,-39.85,0.00,0.00,0.00,0.00,0.00,0.00,0.00,0.00,0.00,0.00,0.00,0.00,0.00,0.00,0.00,0
0.675399,-105,-47,498,0,DRIVE [ 98 ] [ 1 ] [ 1923 1734 1755 ] [    0    0    0 ] [      0      0      0 ] [ 0 ],drive [ 98 ] [ 1 ] [ 1923 1734 1751 ] [    1   33   17 ] [   8971  18204  17158 ] [ 0 ],0.80,0.80,0.80,0.80,-83.91,-37.33,0.00,0.00,0.00,0.00,0.00,0.00,0.00,0.00,0.00,0.00,0.00,0.00,0.00,0.00,0.00,0
0.691039,-101,-44,492,0,DRIVE [ 99 ] [ 1 ] [ 1923 1735 1758 ] [    0    0    0 ] [      0      0      0 ] [ 0 ],drive [ 98 ] [ 1 ] [ 1923 1734 1755 ] [    1   33   16 ] [   8971  18204  17158 ] [ 0 ],0.80,0.80,0.80,0.80,-80.58,-35.01,0.00,0.00,0.00,0.00,0.00,0.00,0.00,0.00,0.00,0.00,0.00,0.00,0.00,0.00,0.00,0
0.705706,-97,-41,487,0,DRIVE [ 99 ] [ 1 ] [ 1923 1736 1762 ] [    0    0    0 ] [      0      0      0 ] [ 0 ],drive [ 99 ] [ 1 ] [ 1923 1735 1758 ] [    1   33   16 ] [   8971  18204  17158 ] [ 0 ],0.80,0.80,0.80,0.80,-77.33,-32.77,0.00,0.00,0.00,0.00,0.00,0.00,0.00,0.00,0.00,0.00,0.00,0.00,0.00,0.00,0.00,0
0.720288,-92,-38,479,0,DRIVE [ 00 ] [ 1 ] [ 1923 1737 1765 ] [    0    0    0 ] [      0      0      0 ] [ 0 ],drive [ 99 ] [ 1 ] [ 1923 1736 1762 ] [    1   33   16 ] [   8971  18204  17158 ] [ 0 ],0.80,0.80,0.80,0.80,-73.74,-30.66,0.00,0.00,0.00,0.00,0.00,0.00,0.00,0.00,0.00,0.00,0.00,0.00,0.00,0.00,0.00,0
0.734769,-89,-37,475,0,DRIVE [ 00 ] [ 1 ] [ 1923 1737 1767 ] [    0    0    0 ] [      0      0      0 ] [ 0 ],drive [ 00 ] [ 1 ] [ 1923 1737 1765 ] [    1   33   16 ] [   8971  18200  17158 ] [ 0 ],0.80,0.80,0.80,0.80,-71.31,-29.20,0.00,0.00,0.00,0.00,0.00,0.00,0.00,0.00,0.00,0.00,0.00,0.00,0.00,0.00,0.00,0
0.749405,-86,-35,470,0,DRIVE [ 01 ] [ 1 ] [ 1923 1738 1768 ] [    0    0    0 ] [      0      0      0 ] [ 0 ],drive [ 00 ] [ 1 ] [ 1923 1737 1767 ] [    1   31   15 ] [   8971  18200  17158 ] [ 0 ],0.80,0.80,0.80,0.80,-68.70,-27.92,0.00,0.00,0.00,0.00,0.00,0.00,0.00,0.00,0.00,0.00,0.00,0.00,0.00,0.00,0.00,0
0.763559,-83,-34,466,0,DRIVE [ 01 ] [ 1 ] [ 1923 1739 1769 ] [    0    0    0 ] [      0      0      0 ] [ 0 ],drive [ 01 ] [ 1 ] [ 1923 1738 1768 ] [    1   31   15 ] [   8971  18200  17158 ] [ 0 ],0.80,0.80,0.80,0.80,-66.72,-27.07,0.00,0.00,0.00,0.00,0.00,0.00,0.00,0.00,0.00,0.00,0.00,0.00,0.00,0.00,0.00,0
0.778247,-82,-33,467,0,DRIVE [ 02 ] [ 1 ] [ 1923 1739 1769 ] [    0    0    0 ] [      0      0      0 ] [ 0 ],drive [ 01 ] [ 1 ] [ 1923 1739 1769 ] [    1   31   15 ] [   8973  18196  17158 ] [ 0 ],0.80,0.80,0.80,0.80,-65.71,-26.64,0.00,0.00,0.00,0.00,0.00,0.00,0.00,0.00,0.00,0.00,0.00,0.00,0.00,0.00,0.00,0
0.79327,-80,-32,459,0,DRIVE [ 02 ] [ 1 ] [ 1923 1737 1768 ] [    0    0    0 ] [      0      0      0 ] [ 0 ],drive [ 02 ] [ 1 ] [ 1923 1739 1769 ] [    8   30   14 ] [   8973  18196  17158 ] [ 0 ],0.80,0.80,0.80,0.80,-63.86,-25.56,0.00,0.00,0.00,0.00,0.00,0.00,0.00,0.00,0.00,0.00,0.00,0.00,0.00,0.00,0.00,0
0.808207,-78,-31,451,0,DRIVE [ 03 ] [ 1 ] [ 1923 1734 1767 ] [    0    0    0 ] [      0      0      0 ] [ 0 ],drive [ 02 ] [ 1 ] [ 1923 1737 1768 ] [    8   30   14 ] [   8973  18196  17158 ] [ 0 ],0.80,0.80,0.80,0.80,-62.34,-24.65,0.00,0.00,0.00,0.00,0.00,0.00,0.00,0.00,0.00,0.00,0.00,0.00,0.00,0.00,0.00,0
0.822874,-77,-30,449,0,DRIVE [ 03 ] [ 1 ] [ 1923 1731 1766 ] [    0    0    0 ] [      0      0      0 ] [ 0 ],drive [ 03 ] [ 1 ] [ 1923 1734 1767 ] [    8   30   14 ] [   8995  18196  17158 ] [ 0 ],0.80,0.80,0.80,0.80,-61.97,-24.21,0.00,0.00,0.00,0.00,0.00,0.00,0.00,0.00,0.00,0.00,0.00,0.00,0.00,0.00,0.00,0
0.839858,-76,-29,439,0,DRIVE [ 04 ] [ 1 ] [ 1923 1727 1764 ] [    0    0    0 ] [      0      0      0 ] [ 0 ],drive [ 03 ] [ 1 ] [ 1923 1731 1766 ] [   21   30   14 ] [   8995  18196  17158 ] [ 0 ],0.80,0.80,0.80,0.80,-60.40,-23.41,0.00,0.00,0.00,0.00,0.00,0.00,0.00,0.00,0.00,0.00,0.00,0.00,0.00,0.00,0.00,0
0.854684,-74,-29,431,0,DRIVE [ 04 ] [ 1 ] [ 1923 1724 1760 ] [    0    0    0 ] [      0      0      0 ] [ 0 ],drive [ 04 ] [ 1 ] [ 1923 1727 1764 ] [   21   30   14 ] [   8995  18196  17158 ] [ 0 ],0.80,0.80,0.80,0.80,-59.36,-23.07,0.00,0.00,0.00,0.00,0.00,0.00,0.00,0.00,0.00,0.00,0.00,0.00,0.00,0.00,0.00,0
0.869207,-73,-28,423,0,DRIVE [ 05 ] [ 1 ] [ 1923 1720 1757 ] [    0    0    0 ] [      0      0      0 ] [ 0 ],drive [ 04 ] [ 1 ] [ 1923 1724 1760 ] [   21   30   14 ] [   8995  18196  17158 ] [ 0 ],0.80,0.80,0.80,0.80,-58.21,-22.76,0.00,0.00,0.00,0.00,0.00,0.00,0.00,0.00,0.00,0.00,0.00,0.00,0.00,0.00,0.00,0
0.883676,-72,-29,421,0,DRIVE [ 05 ] [ 1 ] [ 1923 1717 1753 ] [    0    0    0 ] [      0      0      0 ] [ 0 ],drive [ 05 ] [ 1 ] [ 1923 1720 1757 ] [   21   30   14 ] [   8995  18195  17158 ] [ 0 ],0.80,0.80,0.80,0.80,-57.91,-22.91,0.00,0.00,0.00,0.00,0.00,0.00,0.00,0.00,0.00,0.00,0.00,0.00,0.00,0.00,0.00,0
0.898429,-71,-29,415,0,DRIVE [ 06 ] [ 1 ] [ 1923 1714 1749 ] [    0    0    0 ] [      0      0      0 ] [ 0 ],drive [ 05 ] [ 1 ] [ 1923 1717 1753 ] [   22   31   16 ] [   8995  18195  17158 ] [ 0 ],0.80,0.80,0.80,0.80,-57.14,-22.88,0.00,0.00,0.00,0.00,0.00,0.00,0.00,0.00,0.00,0.00,0.00,0.00,0.00,0.00,0.00,0
0.912366,-70,-29,406,0,DRIVE [ 06 ] [ 1 ] [ 1923 1710 1744 ] [    0    0    0 ] [      0      0      0 ] [ 0 ],drive [ 06 ] [ 1 ] [ 1923 1714 1749 ] [   22   31   16 ] [   8995  18195  17158 ] [ 0 ],0.80,0.80,0.80,0.80,-56.22,-22.89,0.00,0.00,0.00,0.00,0.00,0.00,0.00,0.00,0.00,0.00,0.00,0.00,0.00,0.00,0.00,0
0.926946,-70,-29,401,0,DRIVE [ 07 ] [ 1 ] [ 1923 1706 1739 ] [    0    0    0 ] [      0      0      0 ] [ 0 ],drive [ 06 ] [ 1 ] [ 1923 1710 1744 ] [   22   31   16 ] [   9034  18195  17158 ] [ 0 ],0.80,0.80,0.80,0.80,-55.99,-23.09,0.00,0.00,0.00,0.00,0.00,0.00,0.00,0.00,0.00,0.00,0.00,0.00,0.00,0.00,0.00,0
0.94278,-70,-29,396,0,DRIVE [ 07 ] [ 1 ] [ 1923 1701 1733 ] [    0    0    0 ] [      0      0      0 ] [ 0 ],drive [ 07 ] [ 1 ] [ 1923 1706 1739 ] [   19   32   16 ] [   9034  18195  17158 ] [ 0 ],0.80,0.80,0.80,0.80,-55.63,-23.26,0.00,0.00,0.00,0.00,0.00,0.00,0.00,0.00,0.00,0.00,0.00,0.00,0.00,0.00,0.00,0
0.957482,-69,-29,388,0,DRIVE [ 08 ] [ 1 ] [ 1923 1696 1728 ] [    0    0    0 ] [      0      0      0 ] [ 0 ],drive [ 07 ] [ 1 ] [ 1923 1701 1733 ] [   19   32   16 ] [   9034  18195  17158 ] [ 0 ],0.80,0.80,0.80,0.80,-54.99,-23.27,0.00,0.00,0.00,0.00,0.00,0.00,0.00,0.00,0.00,0.00,0.00,0.00,0.00,0.00,0.00,0
0.971226,-68,-29,382,0,DRIVE [ 08 ] [ 1 ] [ 1923 1691 1722 ] [    0    0    0 ] [      0      0      0 ] [ 0 ],drive [ 08 ] [ 1 ] [ 1923 1696 1728 ] [   19   32   16 ] [   9101  18195  17158 ] [ 0 ],0.80,0.80,0.80,0.80,-54.47,-23.32,0.00,0.00,0.00,0.00,0.00,0.00,0.00,0.00,0.00,0.00,0.00,0.00,0.00,0.00,0.00,0
0.985249,-67,-29,375,0,DRIVE [ 09 ] [ 1 ] [ 1923 1687 1715 ] [    0    0    0 ] [      0      0      0 ] [ 0 ],drive [ 08 ] [ 1 ] [ 1923 1691 1722 ] [   18   32   19 ] [   9101  18195  17158 ] [ 0 ],0.80,0.80,0.80,0.80,-53.88,-23.53,0.00,0.00,0.00,0.00,0.00,0.00,0.00,0.00,0.00,0.00,0.00,0.00,0.00,0.00,0.00,0
0.998647,-67,-30,369,0,DRIVE [ 09 ] [ 1 ] [ 1923 1683 1709 ] [    0    0    0 ] [      0      0      0 ] [ 0 ],drive [ 09 ] [ 1 ] [ 1923 1687 1715 ] [   18   32   19 ] [   9101  18195  17158 ] [ 0 ],0.80,0.80,0.80,0.80,-53.34,-23.73,0.00,0.00,0.00,0.00,0.00,0.00,0.00,0.00,0.00,0.00,0.00,0.00,0.00,0.00,0.00,0
1.01217,-66,-30,364,0,DRIVE [ 10 ] [ 1 ] [ 1923 1683 1705 ] [    0    0    0 ] [      0      0      0 ] [ 0 ],drive [ 09 ] [ 1 ] [ 1923 1683 1709 ] [   18   32   19 ] [   9101  18195  17158 ] [ 0 ],0.80,0.80,0.80,0.80,-52.86,-24.05,0.00,0.00,0.00,0.00,0.00,0.00,0.00,0.00,0.00,0.00,0.00,0.00,0.00,0.00,0.00,0
1.02588,-65,-30,358,0,DRIVE [ 10 ] [ 1 ] [ 1923 1683 1703 ] [    0    0    0 ] [      0      0      0 ] [ 0 ],drive [ 10 ] [ 1 ] [ 1923 1683 1705 ] [   18   32   19 ] [   9101  18194  17160 ] [ 0 ],0.80,0.80,0.80,0.80,-51.98,-24.15,0.00,0.00,0.00,0.00,0.00,0.00,0.00,0.00,0.00,0.00,0.00,0.00,0.00,0.00,0.00,0
1.03944,-64,-30,352,0,DRIVE [ 11 ] [ 1 ] [ 1923 1685 1701 ] [    0    0    0 ] [      0      0      0 ] [ 0 ],drive [ 10 ] [ 1 ] [ 1923 1683 1703 ] [   18   33   25 ] [   9101  18194  17160 ] [ 0 ],0.80,0.80,0.80,0.80,-50.95,-24.16,0.00,0.00,0.00,0.00,0.00,0.00,0.00,0.00,0.00,0.00,0.00,0.00,0.00,0.00,0.00,0
1.05501,-63,-30,346,0,DRIVE [ 11 ] [ 1 ] [ 1923 1686 1699 ] [    0    0    0 ] [      0      0      0 ] [ 0 ],drive [ 11 ] [ 1 ] [ 1923 1685 1701 ] [   18   33   25 ] [   9101  18194  17160 ] [ 0 ],0.80,0.80,0.80,0.80,-50.02,-24.12,0.00,0.00,0.00,0.00,0.00,0.00,0.00,0.00,0.00,0.00,0.00,0.00,0.00,0.00,0.00,0
1.06886,-62,-30,342,0,DRIVE [ 12 ] [ 1 ] [ 1923 1687 1698 ] [    0    0    0 ] [      0      0      0 ] [ 0 ],drive [ 11 ] [ 1 ] [ 1923 1686 1699 ] [   18   33   25 ] [   9101  18194  17160 ] [ 0 ],0.80,0.80,0.80,0.80,-49.33,-24.11,0.00,0.00,0.00,0.00,0.00,0.00,0.00,0.00,0.00,0.00,0.00,0.00,0.00,0.00,0.00,0
1.08224,-61,-30,338,0,DRIVE [ 12 ] [ 1 ] [ 1923 1688 1697 ] [    0    0    0 ] [      0      0      0 ] [ 0 ],drive [ 12 ] [ 1 ] [ 1923 1687 1698 ] [   18   33   25 ] [   9101  18195  17169 ] [ 0 ],0.80,0.80,0.80,0.80,-48.52,-24.03,0.00,0.00,0.00,0.00,0.00,0.00,0.00,0.00,0.00,0.00,0.00,0.00,0.00,0.00,0.00,0
1.09525,-60,-30,334,0,DRIVE [ 13 ] [ 1 ] [ 1923 1690 1696 ] [    0    0    0 ] [      0      0      0 ] [ 0 ],drive [ 12 ] [ 1 ] [ 1923 1688 1697 ] [   18   33   35 ] [   9101  18195  17169 ] [ 0 ],0.80,0.80,0.80,0.80,-47.72,-24.02,0.00,0.00,0.00,0.00,0.00,0.00,0.00,0.00,0.00,0.00,0.00,0.00,0.00,0.00,0.00,0
1.10846,-58,-30,327,0,DRIVE [ 13 ] [ 1 ] [ 1923 1692 1694 ] [    0    0    0 ] [      0      0      0 ] [ 0 ],drive [ 13 ] [ 1 ] [ 1923 1690 1696 ] [   18   33   35 ] [   9101  18195  17169 ] [ 0 ],0.80,0.80,0.80,0.80,-46.43,-23.89,0.00,0.00,0.00,0.00,0.00,0.00,0.00,0.00,0.00,0.00,0.00,0.00,0.00,0.00,0.00,0
1.12414,-56,-30,320,0,DRIVE [ 14 ] [ 1 ] [ 1923 1695 1693 ] [    0    0    0 ] [      0      0      0 ] [ 0 ],drive [ 13 ] [ 1 ] [ 1923 1692 1694 ] [   18   33   35 ] [   9101  18193  17204 ] [ 0 ],0.80,0.80,0.80,0.80,-45.18,-23.79,0.00,0.00,0.00,0.00,0.00,0.00,0.00,0.00,0.00,0.00,0.00,0.00,0.00,0.00,0.00,0
1.13893,-55,-30,316,0,DRIVE [ 14 ] [ 1 ] [ 1923 1697 1691 ] [    0    0    0 ] [      0      0      0 ] [ 0 ],drive [ 14 ] [ 1 ] [ 1923 1695 1693 ] [   19   29   33 ] [   9101  18193  17204 ] [ 0 ],0.80,0.80,0.80,0.80,-44.24,-23.86,0.00,0.00,0.00,0.00,0.00,0.00,0.00,0.00,0.00,0.00,0.00,0.00,0.00,0.00,0.00,0
1.15949,-54,-30,313,0,DRIVE [ 15 ] [ 1 ] [ 1923 1699 1690 ] [    0    0    0 ] [      0      0      0 ] [ 0 ],drive [ 14 ] [ 1 ] [ 1923 1697 1691 ] [   19   29   33 ] [   9101  18193  17204 ] [ 0 ],0.80,0.80,0.80,0.80,-43.59,-24.02,0.00,0.00,0.00,0.00,0.00,0.00,0.00,0.00,0.00,0.00,0.00,0.00,0.00,0.00,0.00,0
1.17254,-54,-30,308,0,DRIVE [ 15 ] [ 1 ] [ 1923 1701 1688 ] [    0    0    0 ] [      0      0      0 ] [ 0 ],drive [ 15 ] [ 1 ] [ 1923 1699 1690 ] [   19   29   33 ] [   9101  18187  17270 ] [ 0 ],0.80,0.80,0.80,0.80,-42.80,-24.00,0.00,0.00,0.00,0.00,0.00,0.00,0.00,0.00,0.00,0.00,0.00,0.00,0.00,0.00,0.00,0
1.18714,-52,-30,302,0,DRIVE [ 16 ] [ 1 ] [ 1923 1701 1687 ] [    0    0    0 ] [      0      0      0 ] [ 0 ],drive [ 15 ] [ 1 ] [ 1923 1701 1688 ] [   18   28   24 ] [   9101  18187  17270 ] [ 0 ],0.80,0.80,0.80,0.80,-41.92,-23.66,0.00,0.00,0.00,0.00,0.00,0.00,0.00,0.00,0.00,0.00,0.00,0.00,0.00,0.00,0.00,0
1.1997,-51,-29,295,0,DRIVE [ 16 ] [ 1 ] [ 1923 1701 1687 ] [    0    0    0 ] [      0      0      0 ] [ 0 ],drive [ 16 ] [ 1 ] [ 1923 1701 1687 ] [   18   28   24 ] [   9101  18187  17270 ] [ 0 ],0.80,0.80,0.80,0.80,-41.01,-23.16,0.00,0.00,0.00,0.00,0.00,0.00,0.00,0.00,0.00,0.00,0.00,0.00,0.00,0.00,0.00,0
1.21285,-50,-29,289,0,DRIVE [ 17 ] [ 1 ] [ 1923 1700 1685 ] [    0    0    0 ] [      0      0      0 ] [ 0 ],drive [ 16 ] [ 1 ] [ 1923 1701 1687 ] [   18   28   24 ] [   9101  18187  17270 ] [ 0 ],0.80,0.80,0.80,0.80,-40.30,-22.93,0.00,0.00,0.00,0.00,0.00,0.00,0.00,0.00,0.00,0.00,0.00,0.00,0.00,0.00,0.00,0
1.22559,-50,-29,286,0,DRIVE [ 17 ] [ 1 ] [ 1923 1701 1682 ] [    0    0    0 ] [      0      0      0 ] [ 0 ],drive [ 17 ] [ 1 ] [ 1923 1700 1685 ] [   18   28   24 ] [   9101  18187  17270 ] [ 0 ],0.80,0.80,0.80,0.80,-39.97,-23.03,0.00,0.00,0.00,0.00,0.00,0.00,0.00,0.00,0.00,0.00,0.00,0.00,0.00,0.00,0.00,0
1.23806,-49,-29,280,0,DRIVE [ 18 ] [ 1 ] [ 1923 1701 1678 ] [    0    0    0 ] [      0      0      0 ] [ 0 ],drive [ 17 ] [ 1 ] [ 1923 1701 1682 ] [   18   27   23 ] [   9101  18187  17270 ] [ 0 ],0.80,0.80,0.80,0.80,-39.19,-23.10,0.00,0.00,0.00,0.00,0.00,0.00,0.00,0.00,0.00,0.00,0.00,0.00,0.00,0.00,0.00,0
1.25148,-48,-29,275,0,DRIVE [ 18 ] [ 1 ] [ 1923 1701 1674 ] [    0    0    0 ] [      0      0      0 ] [ 0 ],drive [ 18 ] [ 1 ] [ 1923 1701 1678 ] [   18   27   23 ] [   9101  18187  17270 ] [ 0 ],0.80,0.80,0.80,0.80,-38.54,-23.30,0.00,0.00,0.00,0.00,0.00,0.00,0.00,0.00,0.00,0.00,0.00,0.00,0.00,0.00,0.00,0
1.26718,-48,-29,270,0,DRIVE [ 19 ] [ 1 ] [ 1923 1702 1669 ] [    0    0    0 ] [      0      0      0 ] [ 0 ],drive [ 18 ] [ 1 ] [ 1923 1701 1674 ] [   18   27   23 ] [   9101  18187  17270 ] [ 0 ],0.80,0.80,0.80,0.80,-38.02,-23.57,0.00,0.00,0.00,0.00,0.00,0.00,0.00,0.00,0.00,0.00,0.00,0.00,0.00,0.00,0.00,0
1.2821,-47,-30,267,0,DRIVE [ 19 ] [ 1 ] [ 1923 1702 1664 ] [    0    0    0 ] [      0      0      0 ] [ 0 ],drive [ 19 ] [ 1 ] [ 1923 1702 1669 ] [   18   27   23 ] [   9101  18187  17271 ] [ 0 ],0.80,0.80,0.80,0.80,-37.68,-23.89,0.00,0.00,0.00,0.00,0.00,0.00,0.00,0.00,0.00,0.00,0.00,0.00,0.00,0.00,0.00,0
1.29564,-46,-30,263,0,DRIVE [ 20 ] [ 1 ] [ 1923 1703 1660 ] [    0    0    0 ] [      0      0      0 ] [ 0 ],drive [ 19 ] [ 1 ] [ 1923 1702 1664 ] [   18   27   25 ] [   9101  18187  17271 ] [ 0 ],0.80,0.80,0.80,0.80,-37.16,-24.11,0.00,0.00,0.00,0.00,0.00,0.00,0.00,0.00,0.00,0.00,0.00,0.00,0.00,0.00,0.00,0
1.3082,-46,-31,261,0,DRIVE [ 20 ] [ 1 ] [ 1923 1703 1656 ] [    0    0    0 ] [      0      0      0 ] [ 0 ],drive [ 20 ] [ 1 ] [ 1923 1703 1660 ] [   18   27   25 ] [   9101  18187  17271 ] [ 0 ],0.80,0.80,0.80,0.80,-36.82,-24.41,0.00,0.00,0.00,0.00,0.00,0.00,0.00,0.00,0.00,0.00,0.00,0.00,0.00,0.00,0.00,0
1.32078,-45,-31,256,0,DRIVE [ 21 ] [ 1 ] [ 1923 1705 1651 ] [    0    0    0 ] [      0      0      0 ] [ 0 ],drive [ 20 ] [ 1 ] [ 1923 1703 1656 ] [   18   27   25 ] [   9101  18163  17279 ] [ 0 ],0.80,0.80,0.80,0.80,-36.10,-24.68,0.00,0.00,0.00,0.00,0.00,0.00,0.00,0.00,0.00,0.00,0.00,0.00,0.00,0.00,0.00,0
1.33294,-44,-31,252,0,DRIVE [ 21 ] [ 1 ] [ 1923 1707 1646 ] [    0    0    0 ] [      0      0      0 ] [ 0 ],drive [ 21 ] [ 1 ] [ 1923 1705 1651 ] [   18   27   25 ] [   9101  18163  17279 ] [ 0 ],0.80,0.80,0.80,0.80,-35.27,-24.86,0.00,0.00,0.00,0.00,0.00,0.00,0.00,0.00,0.00,0.00,0.00,0.00,0.00,0.00,0.00,0
1.34566,-43,-31,247,0,DRIVE [ 22 ] [ 1 ] [ 1923 1710 1642 ] [    0    0    0 ] [      0      0      0 ] [ 0 ],drive [ 21 ] [ 1 ] [ 1923 1707 1646 ] [   18   43   41 ] [   9101  18163  17279 ] [ 0 ],0.80,0.80,0.80,0.80,-34.39,-25.00,0.00,0.00,0.00,0.00,0.00,0.00,0.00,0.00,0.00,0.00,0.00,0.00,0.00,0.00,0.00,0
1.35814,-42,-31,243,0,DRIVE [ 22 ] [ 1 ] [ 1923 1712 1637 ] [    0    0    0 ] [      0      0      0 ] [ 0 ],drive [ 22 ] [ 1 ] [ 1923 1710 1642 ] [   18   43   41 ] [   9101  18163  17279 ] [ 0 ],0.80,0.80,0.80,0.80,-33.66,-25.15,0.00,0.00,0.00,0.00,0.00,0.00,0.00,0.00,0.00,0.00,0.00,0.00,0.00,0.00,0.00,0
1.37003,-41,-32,238,0,DRIVE [ 23 ] [ 1 ] [ 1923 1714 1633 ] [    0    0    0 ] [      0      0      0 ] [ 0 ],drive [ 22 ] [ 1 ] [ 1923 1712 1637 ] [   18   43   41 ] [   9101  18087  17369 ] [ 0 ],0.80,0.80,0.80,0.80,-32.88,-25.27,0.00,0.00,0.00,0.00,0.00,0.00,0.00,0.00,0.00,0.00,0.00,0.00,0.00,0.00,0.00,0
1.38264,-40,-32,233,0,DRIVE [ 23 ] [ 1 ] [ 1923 1715 1628 ] [    0    0    0 ] [      0      0      0 ] [ 0 ],drive [ 23 ] [ 1 ] [ 1923 1714 1633 ] [   18   43   41 ] [   9101  18087  17369 ] [ 0 ],0.80,0.80,0.80,0.80,-32.02,-25.24,0.00,0.00,0.00,0.00,0.00,0.00,0.00,0.00,0.00,0.00,0.00,0.00,0.00,0.00,0.00,0
1.39446,-39,-31,229,0,DRIVE [ 24 ] [ 1 ] [ 1923 1717 1625 ] [    0    0    0 ] [      0      0      0 ] [ 0 ],drive [ 23 ] [ 1 ] [ 1923 1715 1628 ] [   19   34   27 ] [   9101  18087  17369 ] [ 0 ],0.80,0.80,0.80,0.80,-31.29,-25.20,0.00,0.00,0.00,0.00,0.00,0.00,0.00,0.00,0.00,0.00,0.00,0.00,0.00,0.00,0.00,0
1.40668,-38,-31,226,0,DRIVE [ 24 ] [ 1 ] [ 1923 1720 1622 ] [    0    0    0 ] [      0      0      0 ] [ 0 ],drive [ 24 ] [ 1 ] [ 1923 1717 1625 ] [   19   34   27 ] [   9101  18087  17369 ] [ 0 ],0.80,0.80,0.80,0.80,-30.59,-25.20,0.00,0.00,0.00,0.00,0.00,-0.00,-0.00,0.00,0.00,0.00,0.00,0.00,0.00,0.00,0.00,0
1.41886,-37,-32,223,0,DRIVE [ 25 ] [ 1 ] [ 1923 1723 1619 ] [    0    0    0 ] [      0      0      0 ] [ 0 ],drive [ 24 ] [ 1 ] [ 1923 1720 1622 ] [   19   34   27 ] [   9100  18086  17375 ] [ 0 ],0.80,0.80,0.80,0.80,-29.76,-25.30,0.00,0.00,0.00,0.00,0.00,-0.00,-0.00,0.00,0.00,0.00,0.00,0.00,0.00,0.00,0.00,0
1.43088,-36,-32,219,0,DRIVE [ 25 ] [ 1 ] [ 1923 1728 1614 ] [    0    0    0 ] [      0      0      0 ] [ 0 ],drive [ 25 ] [ 1 ] [ 1923 1723 1619 ] [   19   34   27 ] [   9100  18086  17375 ] [ 0 ],0.80,0.80,0.80,0.80,-28.79,-25.43,0.00,0.00,0.00,0.00,0.00,-0.00,-0.00,0.00,0.00,0.00,0.00,0.00,0.00,0.00,0.00,0
1.44317,-35,-32,215,0,DRIVE [ 26 ] [ 1 ] [ 1923 1733 1609 ] [    0    0    0 ] [      0      0      0 ] [ 0 ],drive [ 25 ] [ 1 ] [ 1923 1728 1614 ] [   18   33   28 ] [   9100  18086  17375 ] [ 0 ],0.80,0.80,0.80,0.80,-27.73,-25.62,0.00,0.00,0.00,0.00,0.00,-0.00,-0.00,0.00,0.00,0.00,0.00,0.00,0.00,0.00,0.00,0
1.45579,-33,-32,211,0,DRIVE [ 26 ] [ 1 ] [ 1923 1738 1603 ] [    0    0    0 ] [      0      0      0 ] [ 0 ],drive [ 26 ] [ 1 ] [ 1923 1733 1609 ] [   18   33   28 ] [   9100  18086  17375 ] [ 0 ],0.80,0.80,0.80,0.80,-26.75,-25.88,0.00,0.00,0.00,0.00,0.00,-0.00,-0.00,0.00,0.00,0.00,0.00,0.00,0.00,0.00,0.00,0
1.46779,-32,-33,208,0,DRIVE [ 27 ] [ 1 ] [ 1923 1742 1595 ] [    0    0    0 ] [      0      0      0 ] [ 0 ],drive [ 26 ] [ 1 ] [ 1923 1738 1603 ] [   18   33   28 ] [   9100  18086  17375 ] [ 0 ],0.80,0.80,0.80,0.80,-25.89,-26.30,0.00,0.00,0.00,0.00,0.00,-0.00,-0.00,0.00,0.00,0.00,0.00,0.00,0.00,0.00,0.00,0
1.47999,-31,-33,206,0,DRIVE [ 27 ] [ 1 ] [ 1923 1747 1587 ] [    0    0    0 ] [      0      0      0 ] [ 0 ],drive [ 27 ] [ 1 ] [ 1923 1742 1595 ] [   18   33   28 ] [   9100  18079  17376 ] [ 0 ],0.80,0.80,0.80,0.80,-25.10,-26.77,0.00,0.00,0.00,0.00,0.00,-0.00,-0.00,0.00,0.00,0.00,0.00,0.00,0.00,0.00,0.00,0
1.49197,-30,-34,202,0,DRIVE [ 28 ] [ 1 ] [ 1923 1751 1578 ] [    0    0    0 ] [      0      0      0 ] [ 0 ],drive [ 27 ] [ 1 ] [ 1923 1747 1587 ] [   16   21   29 ] [   9100  18079  17376 ] [ 0 ],0.80,0.80,0.80,0.80,-24.21,-27.15,0.00,0.00,0.00,0.00,0.00,-0.00,-0.00,0.00,0.00,0.00,0.00,0.00,0.00,0.00,0.00,0
1.50386,-29,-35,200,0,DRIVE [ 28 ] [ 1 ] [ 1923 1756 1569 ] [    0    0    0 ] [      0      0      0 ] [ 0 ],drive [ 28 ] [ 1 ] [ 1923 1751 1578 ] [   16   21   29 ] [   9100  18079  17376 ] [ 0 ],0.80,0.80,0.80,0.80,-23.45,-27.62,0.00,0.00,0.00,0.00,0.00,-0.00,-0.00,0.00,0.00,0.00,0.00,0.00,0.00,0.00,0.00,0
1.51599,-28,-35,197,0,DRIVE [ 29 ] [ 1 ] [ 1923 1761 1560 ] [    0    0    0 ] [      0      0      0 ] [ 0 ],drive [ 28 ] [ 1 ] [ 1923 1756 1569 ] [   16   21   29 ] [   9100  18079  17376 ] [ 0 ],0.80,0.80,0.80,0.80,-22.59,-28.06,0.00,0.00,0.00,0.00,0.00,-0.00,-0.00,0.00,0.00,0.00,0.00,0.00,0.00,0.00,0.00,0
1.52745,-27,-36,193,0,DRIVE [ 29 ] [ 1 ] [ 1923 1766 1550 ] [    0    0    0 ] [      0      0      0 ] [ 0 ],drive [ 29 ] [ 1 ] [ 1923 1761 1560 ] [   16   21   29 ] [   9100  17987  17437 ] [ 0 ],0.80,0.80,0.80,0.80,-21.64,-28.41,0.00,0.00,0.00,0.00,0.00,-0.00,-0.00,0.00,0.00,0.00,0.00,0.00,0.00,0.00,0.00,0
1.53935,-26,-36,189,0,DRIVE [ 30 ] [ 1 ] [ 1923 1772 1541 ] [    0    0    0 ] [      0      0      0 ] [ 0 ],drive [ 29 ] [ 1 ] [ 1923 1766 1550 ] [   16   37   53 ] [   9100  17987  17437 ] [ 0 ],0.80,0.80,0.80,0.80,-20.42,-28.56,0.00,0.00,0.00,0.00,0.00,-0.00,-0.00,0.00,0.00,0.00,0.00,0.00,0.00,0.00,0.00,0
1.55133,-24,-36,185,0,DRIVE [ 30 ] [ 1 ] [ 1923 1780 1533 ] [    0    0    0 ] [      0      0      0 ] [ 0 ],drive [ 30 ] [ 1 ] [ 1923 1772 1541 ] [   16   37   53 ] [   9100  17987  17437 ] [ 0 ],0.80,0.80,0.80,0.80,-19.14,-28.56,0.00,0.00,0.00,0.00,0.00,-0.00,-0.00,0.00,0.00,0.00,0.00,0.00,0.00,0.00,0.00,0
1.56304,-22,-36,182,0,DRIVE [ 31 ] [ 1 ] [ 1923 1788 1528 ] [    0    0    0 ] [      0      0      0 ] [ 0 ],drive [ 30 ] [ 1 ] [ 1923 1780 1533 ] [   16   37   53 ] [   9100  17987  17437 ] [ 0 ],0.80,0.80,0.80,0.80,-17.80,-28.45,0.00,0.00,0.00,0.00,0.00,-0.00,-0.00,0.00,0.00,0.00,0.00,0.00,0.00,0.00,0.00,0
1.57444,-21,-35,179,0,DRIVE [ 31 ] [ 1 ] [ 1923 1797 1524 ] [    0    0    0 ] [      0      0      0 ] [ 0 ],drive [ 31 ] [ 1 ] [ 1923 1788 1528 ] [   16   37   53 ] [   9098  17937  17605 ] [ 0 ],0.80,0.80,0.80,0.80,-16.53,-28.25,0.00,0.00,0.00,0.00,0.00,-0.00,-0.00,0.00,0.00,0.00,0.00,0.00,0.00,0.00,0.00,0
1.58684,-19,-35,176,0,DRIVE [ 32 ] [ 1 ] [ 1923 1806 1520 ] [    0    0    0 ] [      0      0      0 ] [ 0 ],drive [ 31 ] [ 1 ] [ 1923 1797 1524 ] [   16   29   33 ] [   9098  17937  17605 ] [ 0 ],0.80,0.80,0.80,0.80,-15.18,-27.96,0.00,0.00,0.00,0.00,0.00,-0.00,-0.00,0.00,0.00,0.00,0.00,0.00,0.00,0.00,0.00,0
1.59873,-18,-35,173,0,DRIVE [ 32 ] [ 1 ] [ 1923 1814 1514 ] [    0    0    0 ] [      0      0      0 ] [ 0 ],drive [ 32 ] [ 1 ] [ 1923 1806 1520 ] [   16   29   33 ] [   9098  17937  17605 ] [ 0 ],0.80,0.80,0.80,0.80,-14.04,-27.89,0.00,0.00,0.00,0.00,0.00,-0.00,-0.00,0.00,0.00,0.00,0.00,0.00,0.00,0.00,0.00,0
1.61018,-16,-35,170,0,DRIVE [ 33 ] [ 1 ] [ 1923 1821 1507 ] [    0    0    0 ] [      0      0      0 ] [ 0 ],drive [ 32 ] [ 1 ] [ 1923 1814 1514 ] [   16   29   33 ] [   9098  17937  17605 ] [ 0 ],0.80,0.80,0.80,0.80,-12.97,-27.84,0.00,0.00,0.00,0.00,0.00,-0.00,-0.00,0.00,0.00,0.00,0.00,0.00,0.00,0.00,0.00,0
1.62227,-15,-35,168,0,DRIVE [ 33 ] [ 1 ] [ 1923 1827 1499 ] [    0    0    0 ] [      0      0      0 ] [ 0 ],drive [ 33 ] [ 1 ] [ 1923 1821 1507 ] [   16   29   33 ] [   9098  17797  17629 ] [ 0 ],0.80,0.80,0.80,0.80,-12.03,-27.81,0.00,0.00,0.00,0.00,0.00,-0.00,-0.00,0.00,0.00,0.00,0.00,0.00,0.00,0.00,0.00,0
1.63603,-14,-35,165,0,DRIVE [ 34 ] [ 1 ] [ 1923 1834 1491 ] [    0    0    0 ] [      0      0      0 ] [ 0 ],drive [ 33 ] [ 1 ] [ 1923 1827 1499 ] [   15   19   58 ] [   9098  17797  17629 ] [ 0 ],0.80,0.80,0.80,0.80,-11.05,-27.76,0.00,0.00,0.00,0.00,0.00,-0.00,-0.00,0.00,0.00,0.00,0.00,0.00,0.00,0.00,0.00,0
1.64822,-13,-35,162,0,DRIVE [ 34 ] [ 1 ] [ 1923 1841 1481 ] [    0    0    0 ] [      0      0      0 ] [ 0 ],drive [ 34 ] [ 1 ] [ 1923 1834 1491 ] [   15   19   58 ] [   9098  17797  17629 ] [ 0 ],0.80,0.80,0.80,0.80,-10.06,-27.75,0.00,0.00,0.00,0.00,0.00,-0.00,-0.00,0.00,0.00,0.00,0.00,0.00,0.00,0.00,0.00,0
1.65986,-11,-35,159,0,DRIVE [ 35 ] [ 1 ] [ 1923 1849 1470 ] [    0    0    0 ] [      0      0      0 ] [ 0 ],drive [ 34 ] [ 1 ] [ 1923 1841 1481 ] [   15   19   58 ] [   9098  17797  17629 ] [ 0 ],0.80,0.80,0.80,0.80,-9.03,-27.75,0.00,0.00,0.00,0.00,0.00,-0.00,-0.00,0.00,0.00,0.00,0.00,0.00,0.00,0.00,0.00,0
1.67187,-10,-35,156,0,DRIVE [ 35 ] [ 1 ] [ 1923 1858 1456 ] [    0    0    0 ] [      0      0      0 ] [ 0 ],drive [ 35 ] [ 1 ] [ 1923 1849 1470 ] [   15   19   58 ] [   9098  17783  17788 ] [ 0 ],0.80,0.80,0.80,0.80,-7.82,-27.84,0.00,0.00,0.00,0.00,0.00,-0.00,-0.00,0.00,0.00,0.00,0.00,0.00,0.00,0.00,0.00,0
1.68374,-8,-35,154,0,DRIVE [ 36 ] [ 1 ] [ 1923 1869 1441 ] [    0    0    0 ] [      0      0      0 ] [ 0 ],drive [ 35 ] [ 1 ] [ 1923 1858 1456 ] [   15   12   44 ] [   9098  17783  17788 ] [ 0 ],0.80,0.80,0.80,0.80,-6.54,-28.00,0.00,0.00,0.00,0.00,0.00,-0.00,-0.00,0.00,0.00,0.00,0.00,0.00,0.00,0.00,0.00,0
1.6955,-6,-35,150,0,DRIVE [ 36 ] [ 1 ] [ 1923 1883 1419 ] [    0    0    0 ] [      0      0      0 ] [ 0 ],drive [ 36 ] [ 1 ] [ 1923 1869 1441 ] [   15   12   44 ] [   9098  17783  17788 ] [ 0 ],0.80,0.80,0.80,0.80,-4.83,-28.08,0.00,0.00,0.00,0.00,0.00,-0.00,-0.00,0.00,0.00,0.00,0.00,0.00,0.00,0.00,0.00,0
1.70759,-4,-35,147,0,DRIVE [ 37 ] [ 1 ] [ 1923 1896 1396 ] [    0    0    0 ] [      0      0      0 ] [ 0 ],drive [ 36 ] [ 1 ] [ 1923 1883 1419 ] [   15   12   44 ] [   9098  17783  17788 ] [ 0 ],0.80,0.80,0.80,0.80,-3.28,-28.22,0.00,0.00,0.00,0.00,0.00,-0.00,-0.00,0.00,0.00,0.00,0.00,0.00,0.00,0.00,0.00,0
1.72112,-2,-35,144,0,DRIVE [ 37 ] [ 1 ] [ 1923 1908 1373 ] [    0    0    0 ] [      0      0      0 ] [ 0 ],drive [ 37 ] [ 1 ] [ 1923 1896 1396 ] [   15   12   44 ] [   9098  17579  17859 ] [ 0 ],0.80,0.80,0.80,0.80,-1.93,-28.32,0.00,0.00,0.00,0.00,0.00,-0.00,-0.00,0.00,0.00,0.00,0.00,0.00,0.00,0.00,0.00,0
1.73333,-1,-36,141,0,DRIVE [ 38 ] [ 1 ] [ 1923 1919 1347 ] [    0    0    0 ] [      0      0      0 ] [ 0 ],drive [ 37 ] [ 1 ] [ 1923 1908 1373 ] [   15   12   44 ] [   9098  17579  17859 ] [ 0 ],0.80,0.80,0.80,0.80,-0.67,-28.50,0.00,0.00,0.00,0.00,0.00,-0.00,-0.00,0.00,0.00,0.00,0.00,0.00,0.00,0.00,0.00,0
1.74539,1,-36,138,0,DRIVE [ 38 ] [ 1 ] [ 1921 1919 1329 ] [    0    0    0 ] [      0      0      0 ] [ 0 ],drive [ 38 ] [ 1 ] [ 1923 1919 1347 ] [   16    3   68 ] [   9098  17579  17859 ] [ 0 ],0.80,0.80,0.80,0.80,0.47,-28.73,0.00,0.00,0.00,0.00,0.00,-0.00,-0.00,0.00,0.00,0.00,0.00,0.00,0.00,0.00,0.00,0
1.75695,2,-36,135,0,DRIVE [ 39 ] [ 1 ] [ 1911 1919 1321 ] [    0    0    0 ] [      0      0      0 ] [ 0 ],drive [ 38 ] [ 1 ] [ 1921 1919 1329 ] [   16    3   68 ] [   9098  17579  17859 ] [ 0 ],0.80,0.80,0.80,0.80,1.52,-28.98,0.00,0.00,0.00,0.00,0.00,-0.00,-0.00,0.00,0.00,0.00,0.00,0.00,0.00,0.00,0.00,0
1.76896,3,-36,133,0,DRIVE [ 39 ] [ 1 ] [ 1901 1919 1314 ] [    0    0    0 ] [      0      0      0 ] [ 0 ],drive [ 39 ] [ 1 ] [ 1911 1919 1321 ] [   16    3   68 ] [   9095  17214  18144 ] [ 0 ],0.80,0.80,0.80,0.80,2.51,-29.18,0.00,0.00,0.00,0.00,0.00,-0.00,-0.00,0.00,0.00,0.00,0.00,0.00,0.00,0.00,0.00,0
1.78128,4,-36,130,0,DRIVE [ 40 ] [ 1 ] [ 1892 1919 1311 ] [    0    0    0 ] [      0      0      0 ] [ 0 ],drive [ 39 ] [ 1 ] [ 1901 1919 1314 ] [   16    3   68 ] [   9095  17214  18144 ] [ 0 ],0.80,0.80,0.80,0.80,3.35,-29.09,0.00,0.00,0.00,0.00,0.00,-0.00,-0.00,0.00,0.00,0.00,0.00,0.00,0.00,0.00,0.00,0
1.79272,5,-36,128,0,DRIVE [ 40 ] [ 1 ] [ 1883 1919 1312 ] [    0    0    0 ] [      0      0      0 ] [ 0 ],drive [ 40 ] [ 1 ] [ 1892 1919 1311 ] [    9    2   75 ] [   9095  17214  18144 ] [ 0 ],0.80,0.80,0.80,0.80,4.12,-28.78,0.00,0.00,0.00,0.00,0.00,-0.00,-0.00,0.00,0.00,0.00,0.00,0.00,0.00,0.00,0.00,0
1.80455,6,-35,125,0,DRIVE [ 41 ] [ 1 ] [ 1876 1919 1315 ] [    0    0    0 ] [      0      0      0 ] [ 0 ],drive [ 40 ] [ 1 ] [ 1883 1919 1312 ] [    9    2   75 ] [   9095  17214  18144 ] [ 0 ],0.80,0.80,0.80,0.80,4.72,-28.19,0.00,0.00,0.00,0.00,0.00,-0.00,-0.00,0.00,0.00,0.00,0.00,0.00,0.00,0.00,0.00,0
1.816,7,-34,122,0,DRIVE [ 41 ] [ 1 ] [ 1869 1919 1323 ] [    0    0    0 ] [      0      0      0 ] [ 0 ],drive [ 41 ] [ 1 ] [ 1876 1919 1315 ] [    9    2   75 ] [   9095  17214  18144 ] [ 0 ],0.80,0.80,0.80,0.80,5.24,-27.44,0.00,0.00,0.00,0.00,0.00,-0.00,-0.00,0.00,0.00,0.00,0.00,0.00,0.00,0.00,0.00,0
1.8273,7,-33,120,0,DRIVE [ 42 ] [ 1 ] [ 1862 1919 1335 ] [    0    0    0 ] [      0      0      0 ] [ 0 ],drive [ 41 ] [ 1 ] [ 1869 1919 1323 ] [    9    2   75 ] [   9092  16846  18445 ] [ 0 ],0.80,0.80,0.80,0.80,5.68,-26.51,0.00,0.00,0.00,0.00,0.00,-0.00,-0.00,0.00,0.00,0.00,0.00,0.00,0.00,0.00,0.00,0
1.83906,8,-32,117,0,DRIVE [ 42 ] [ 1 ] [ 1856 1919 1350 ] [    0    0    0 ] [      0      0      0 ] [ 0 ],drive [ 42 ] [ 1 ] [ 1862 1919 1335 ] [   13    5   63 ] [   9092  16846  18445 ] [ 0 ],0.80,0.80,0.80,0.80,6.10,-25.43,0.00,0.00,0.00,0.00,0.00,-0.00,-0.00,0.00,0.00,0.00,0.00,0.00,0.00,0.00,0.00,0
1.85067,8,-30,114,0,DRIVE [ 43 ] [ 1 ] [ 1849 1919 1368 ] [    0    0    0 ] [      0      0      0 ] [ 0 ],drive [ 42 ] [ 1 ] [ 1856 1919 1350 ] [   13    5   63 ] [   9092  16846  18445 ] [ 0 ],0.80,0.80,0.80,0.80,6.52,-24.24,0.00,0.00,0.00,0.00,0.00,-0.00,-0.00,0.00,0.00,0.00,0.00,0.00,0.00,0.00,0.00,0
1.86225,9,-28,111,0,DRIVE [ 43 ] [ 1 ] [ 1837 1919 1393 ] [    0    0    0 ] [      0      0      0 ] [ 0 ],drive [ 43 ] [ 1 ] [ 1849 1919 1368 ] [   13    5   63 ] [   9092  16846  18445 ] [ 0 ],0.80,0.80,0.80,0.80,7.29,-22.69,0.00,0.00,0.00,0.00,0.00,-0.00,-0.00,0.00,0.00,0.00,0.00,0.00,0.00,0.00,0.00,0
1.87355,10,-27,107,0,DRIVE [ 44 ] [ 1 ] [ 1825 1919 1413 ] [    0    0    0 ] [      0      0      0 ] [ 0 ],drive [ 43 ] [ 1 ] [ 1837 1919 1393 ] [   13    5   63 ] [   9093  16823  18505 ] [ 0 ],0.80,0.80,0.80,0.80,8.02,-21.33,0.00,0.00,0.00,0.00,0.00,-0.00,-0.00,0.00,0.00,0.00,0.00,0.00,-0.00,0.00,0.00,0
1.88515,11,-25,104,0,DRIVE [ 44 ] [ 1 ] [ 1810 1919 1432 ] [    0    0    0 ] [      0      0      0 ] [ 0 ],drive [ 44 ] [ 1 ] [ 1825 1919 1413 ] [   16    3   54 ] [   9093  16823  18505 ] [ 0 ],0.80,0.80,0.80,0.80,8.81,-20.10,0.00,0.00,0.00,0.00,0.00,-0.00,-0.00,0.00,0.00,0.00,0.00,0.00,-0.00,0.00,0.00,0
1.89635,12,-24,101,0,DRIVE [ 45 ] [ 1 ] [ 1795 1919 1449 ] [    0    0    0 ] [      0      0      0 ] [ 0 ],drive [ 44 ] [ 1 ] [ 1810 1919 1432 ] [   16    3   54 ] [   9093  16823  18505 ] [ 0 ],0.80,0.80,0.80,0.80,9.60,-18.94,0.00,0.00,0.00,0.00,0.00,-0.00,-0.00,0.00,0.00,0.00,0.00,0.00,0.00,0.00,0.00,0
1.90833,13,-22,99,0,DRIVE [ 45 ] [ 1 ] [ 1778 1919 1468 ] [    0    0    0 ] [      0      0      0 ] [ 0 ],drive [ 45 ] [ 1 ] [ 1795 1919 1449 ] [   16    3   54 ] [   9093  16823  18505 ] [ 0 ],0.80,0.80,0.80,0.80,10.44,-17.78,0.00,0.00,0.00,0.00,0.00,-0.00,-0.00,0.00,0.00,0.00,0.00,0.00,0.00,0.00,0.00,0
1.91987,14,-21,96,0,DRIVE [ 46 ] [ 1 ] [ 1761 1919 1487 ] [    0    0    0 ] [      0      0      0 ] [ 0 ],drive [ 45 ] [ 1 ] [ 1778 1919 1468 ] [   16    3   54 ] [   9098  16697  18503 ] [ 0 ],0.80,0.80,0.80,0.80,11.22,-16.58,0.00,0.00,0.00,0.00,0.00,-0.00,-0.00,0.00,0.00,0.00,0.00,0.00,0.00,0.00,0.00,0
1.93137,15,-19,93,0,DRIVE [ 46 ] [ 1 ] [ 1743 1919 1508 ] [    0    0    0 ] [      0      0      0 ] [ 0 ],drive [ 46 ] [ 1 ] [ 1761 1919 1487 ] [   16    3   54 ] [   9098  16697  18503 ] [ 0 ],0.80,0.80,0.80,0.80,11.93,-15.26,0.00,0.00,0.00,0.00,0.00,-0.00,-0.00,0.00,0.00,0.00,0.00,0.00,0.00,0.00,0.00,0
1.94239,16,-17,91,0,DRIVE [ 47 ] [ 1 ] [ 1725 1919 1529 ] [    0    0    0 ] [      0      0      0 ] [ 0 ],drive [ 46 ] [ 1 ] [ 1743 1919 1508 ] [   31   18   49 ] [   9098  16697  18503 ] [ 0 ],0.80,0.80,0.80,0.80,12.55,-13.89,0.00,0.00,0.00,0.00,0.00,-0.00,-0.00,0.00,0.00,0.00,0.00,0.00,0.00,0.00,0.00,0
1.95397,16,-16,88,0,DRIVE [ 47 ] [ 1 ] [ 1706 1919 1552 ] [    0    0    0 ] [      0      0      0 ] [ 0 ],drive [ 47 ] [ 1 ] [ 1725 1919 1529 ] [   31   18   49 ] [   9098  16697  18503 ] [ 0 ],0.80,0.80,0.80,0.80,13.07,-12.50,0.00,0.00,0.00,0.00,0.00,-0.00,-0.00,0.00,0.00,0.00,0.00,0.00,0.00,0.00,0.00,0
1.96504,17,-14,86,0,DRIVE [ 48 ] [ 1 ] [ 1687 1919 1575 ] [    0    0    0 ] [      0      0      0 ] [ 0 ],drive [ 47 ] [ 1 ] [ 1706 1919 1552 ] [   31   18   49 ] [   9098  16697  18503 ] [ 0 ],0.80,0.80,0.80,0.80,13.48,-11.06,0.00,0.00,0.00,0.00,0.00,-0.00,-0.00,0.00,0.00,0.00,0.00,0.00,0.00,0.00,0.00,0
1.97651,17,-12,83,0,DRIVE [ 48 ] [ 1 ] [ 1667 1919 1598 ] [    0    0    0 ] [      0      0      0 ] [ 0 ],drive [ 48 ] [ 1 ] [ 1687 1919 1575 ] [   31   18   49 ] [   9212  16468  18502 ] [ 0 ],0.80,0.80,0.80,0.80,13.81,-9.63,0.00,0.00,0.00,0.00,0.00,-0.00,-0.00,0.00,0.00,0.00,0.00,0.00,0.00,0.00,0.00,0
1.98795,18,-10,81,0,DRIVE [ 49 ] [ 1 ] [ 1648 1919 1621 ] [    0    0    0 ] [      0      0      0 ] [ 0 ],drive [ 48 ] [ 1 ] [ 1667 1919 1598 ] [   41   12   42 ] [   9212  16468  18502 ] [ 0 ],0.80,0.80,0.80,0.80,14.06,-8.23,0.00,0.00,0.00,0.00,0.00,-0.00,-0.00,0.00,0.00,0.00,0.00,0.00,0.00,0.00,0.00,0
1.99919,18,-9,79,0,DRIVE [ 49 ] [ 1 ] [ 1628 1919 1644 ] [    0    0    0 ] [      0      0      0 ] [ 1 ],drive [ 49 ] [ 1 ] [ 1648 1919 1621 ] [   41   12   42 ] [   9212  16468  18502 ] [ 0 ],0.80,0.80,0.80,0.80,14.19,-6.86,0.00,0.00,0.00,0.00,0.00,-0.00,-0.00,0.00,0.00,0.00,0.00,0.00,0.00,0.00,0.00,0
2.01127,18,-7,76,0,DRIVE [ 50 ] [ 1 ] [ 1609 1919 1667 ] [    0    0    0 ] [      0      0      0 ] [ 1 ],drive [ 49 ] [ 1 ] [ 1628 1919 1644 ] [   41   12   42 ] [   9212  16468  18502 ] [ 1 ],0.80,0.80,0.80,0.80,14.17,-5.49,0.00,0.00,0.00,0.00,0.00,-0.00,-0.00,0.00,0.00,0.00,0.00,0.00,0.00,0.00,0.00,0
2.02187,18,-5,74,0,DRIVE [ 50 ] [ 1 ] [ 1588 1919 1692 ] [    0    0    0 ] [      0      0      0 ] [ 1 ],drive [ 50 ] [ 1 ] [ 1609 1919 1667 ] [   41   12   42 ] [   9447  16262  18496 ] [ 1 ],0.80,0.80,0.80,0.80,14.08,-4.07,0.00,0.00,0.00,0.00,0.00,-0.00,-0.00,0.00,0.00,0.00,0.00,0.00,0.00,0.00,0.00,0
2.03382,17,-3,72,0,DRIVE [ 51 ] [ 1 ] [ 1566 1919 1718 ] [    0    0    0 ] [      0      0      0 ] [ 1 ],drive [ 50 ] [ 1 ] [ 1588 1919 1692 ] [   46    6   38 ] [   9447  16262  18496 ] [ 1 ],0.80,0.80,0.80,0.80,13.89,-2.64,0.00,0.00,0.00,0.00,0.00,-0.00,-0.00,0.00,0.00,0.00,0.00,0.00,0.00,0.00,0.00,0
2.04505,17,-1,70,0,DRIVE [ 51 ] [ 1 ] [ 1541 1919 1745 ] [    0    0    0 ] [      0      0      0 ] [ 1 ],drive [ 51 ] [ 1 ] [ 1566 1919 1718 ] [   46    6   38 ] [   9447  16262  18496 ] [ 1 ],0.80,0.80,0.80,0.80,13.63,-1.18,0.00,0.00,0.00,0.00,0.00,-0.00,-0.00,0.00,0.00,0.00,0.00,0.00,0.00,0.00,0.00,0
2.05658,17,0,68,0,DRIVE [ 52 ] [ 1 ] [ 1512 1919 1772 ] [    0    0    0 ] [      0      0      0 ] [ 1 ],drive [ 51 ] [ 1 ] [ 1541 1919 1745 ] [   46    6   38 ] [   9447  16262  18496 ] [ 1 ],0.80,0.80,0.80,0.80,13.36,0.25,0.00,0.00,0.00,0.00,0.00,-0.00,-0.00,0.00,0.00,0.00,0.00,0.00,0.00,0.00,0.00,0
2.06781,16,2,66,0,DRIVE [ 52 ] [ 1 ] [ 1478 1919 1797 ] [    0    0    0 ] [      0      0      0 ] [ 1 ],drive [ 52 ] [ 1 ] [ 1512 1919 1772 ] [   46    6   38 ] [   9853  16157  18440 ] [ 1 ],0.80,0.80,0.80,0.80,13.07,1.62,0.00,0.00,0.00,0.00,0.00,-0.00,-0.00,0.00,0.00,0.00,0.00,0.00,0.00,0.00,0.00,0
2.07903,16,4,64,0,DRIVE [ 53 ] [ 1 ] [ 1443 1919 1822 ] [    0    0    0 ] [      0      0      0 ] [ 1 ],drive [ 52 ] [ 1 ] [ 1478 1919 1797 ] [   46    6   38 ] [   9853  16157  18440 ] [ 1 ],0.80,0.80,0.80,0.80,12.73,2.90,0.00,0.00,0.00,0.00,0.00,-0.00,-0.00,0.00,0.00,0.00,0.00,0.00,0.00,0.00,0.00,0
2.08954,15,5,63,0,DRIVE [ 53 ] [ 1 ] [ 1409 1919 1847 ] [    0    0    0 ] [      0      0      0 ] [ 1 ],drive [ 53 ] [ 1 ] [ 1443 1919 1822 ] [   51   13   33 ] [   9853  16157  18440 ] [ 1 ],0.80,0.80,0.80,0.80,12.23,4.10,0.00,0.00,0.00,0.00,0.00,-0.00,-0.00,0.00,0.00,0.00,0.00,0.00,0.00,0.00,0.00,0
2.10067,15,6,61,0,DRIVE [ 54 ] [ 1 ] [ 1377 1919 1873 ] [    0    0    0 ] [      0      0      0 ] [ 1 ],drive [ 53 ] [ 1 ] [ 1409 1919 1847 ] [   51   13   33 ] [   9853  16157  18440 ] [ 1 ],0.80,0.80,0.80,0.80,11.61,5.19,0.00,0.00,0.00,0.00,0.00,-0.00,-0.00,0.00,0.00,0.00,0.00,0.00,0.00,0.00,0.00,0
2.11119,14,8,60,0,DRIVE [ 54 ] [ 1 ] [ 1351 1919 1898 ] [    0    0    0 ] [      0      0      0 ] [ 1 ],drive [ 54 ] [ 1 ] [ 1377 1919 1873 ] [   51   13   33 ] [   9853  16157  18440 ] [ 1 ],0.80,0.80,0.80,0.80,10.85,6.07,0.00,0.00,0.00,0.00,0.00,-0.00,-0.00,0.00,0.00,0.00,0.00,0.00,0.00,0.00,0.00,0
2.12207,12,9,58,0,DRIVE [ 55 ] [ 1 ] [ 1330 1919 1923 ] [    0    0    0 ] [      0      0      0 ] [ 1 ],drive [ 54 ] [ 1 ] [ 1351 1919 1898 ] [   51   13   33 ] [  10390  16054  18077 ] [ 1 ],0.80,0.80,0.80,0.80,9.95,6.84,0.00,0.00,0.00,0.00,0.00,-0.00,-0.00,0.00,0.00,0.00,0.00,0.00,0.00,0.00,0.00,0
2.13264,11,9,57,0,DRIVE [ 55 ] [ 1 ] [ 1363 1900 1923 ] [    0    0    0 ] [      0      0      0 ] [ 1 ],drive [ 55 ] [ 1 ] [ 1330 1919 1923 ] [   71   10   26 ] [  10390  16054  18077 ] [ 1 ],0.80,0.80,0.80,0.80,8.93,7.42,0.00,0.00,0.00,0.00,0.00,-0.00,-0.00,0.00,0.00,0.00,0.00,0.00,0.00,0.00,0.00,0
2.14401,10,10,56,0,DRIVE [ 56 ] [ 1 ] [ 1407 1870 1923 ] [    0    0    0 ] [      0      0      0 ] [ 1 ],drive [ 55 ] [ 1 ] [ 1363 1900 1923 ] [   71   10   26 ] [  10390  16054  18077 ] [ 1 ],0.80,0.80,0.80,0.80,7.76,7.92,0.00,0.00,0.00,0.00,0.00,-0.00,-0.00,0.00,0.00,0.00,0.00,0.00,0.00,0.00,0.00,0
2.15378,8,10,55,0,DRIVE [ 56 ] [ 1 ] [ 1460 1837 1923 ] [    0    0    0 ] [      0      0      0 ] [ 1 ],drive [ 56 ] [ 1 ] [ 1407 1870 1923 ] [   71   10   26 ] [  10390  16054  18077 ] [ 1 ],0.80,0.80,0.80,0.80,6.38,8.32,0.00,0.00,0.00,0.00,0.00,-0.00,-0.00,0.00,0.00,0.00,0.00,0.00,0.00,0.00,0.00,0
2.16373,6,11,54,0,DRIVE [ 57 ] [ 1 ] [ 1524 1799 1923 ] [    0    0    0 ] [      0      0      0 ] [ 1 ],drive [ 56 ] [ 1 ] [ 1460 1837 1923 ] [   71   10   26 ] [  10390  16054  18077 ] [ 1 ],0.80,0.80,0.80,0.80,4.70,8.60,0.00,0.00,0.00,0.00,0.00,-0.00,-0.00,0.00,0.00,0.00,0.00,0.00,0.00,0.00,0.00,0
2.17392,3,11,53,0,DRIVE [ 57 ] [ 1 ] [ 1595 1752 1923 ] [    0    0    0 ] [      0      0      0 ] [ 1 ],drive [ 57 ] [ 1 ] [ 1524 1799 1923 ] [   71   10   26 ] [  11159  15604  17498 ] [ 1 ],0.80,0.80,0.80,0.80,2.71,8.78,0.00,0.00,0.00,0.00,0.00,-0.00,-0.00,0.00,0.00,0.00,0.00,0.00,0.00,0.00,0.00,0
2.18384,1,11,52,0,DRIVE [ 58 ] [ 1 ] [ 1663 1694 1923 ] [    0    0    0 ] [      0      0      0 ] [ 1 ],drive [ 57 ] [ 1 ] [ 1595 1752 1923 ] [   45   24   19 ] [  11159  15604  17498 ] [ 1 ],0.80,0.80,0.80,0.80,0.54,8.85,0.00,0.00,0.00,0.00,0.00,-0.00,-0.00,0.00,0.00,0.00,0.00,0.00,0.00,0.00,0.00,0
2.19364,-2,11,51,0,DRIVE [ 58 ] [ 1 ] [ 1719 1623 1923 ] [    0    0    0 ] [      0      0      0 ] [ 1 ],drive [ 58 ] [ 1 ] [ 1663 1694 1923 ] [   45   24   19 ] [  11159  15604  17498 ] [ 1 ],0.80,0.80,0.80,0.80,-1.62,8.86,0.00,0.00,0.00,0.00,0.00,-0.00,-0.00,0.00,0.00,0.00,0.00,0.00,0.00,0.00,0.00,0
2.20303,-4,11,51,0,DRIVE [ 59 ] [ 1 ] [ 1763 1544 1923 ] [    0    0    0 ] [      0      0      0 ] [ 1 ],drive [ 58 ] [ 1 ] [ 1719 1623 1923 ] [   45   24   19 ] [  11159  15604  17498 ] [ 1 ],0.80,0.80,0.80,0.80,-3.57,8.82,0.00,0.00,0.00,0.00,0.00,-0.00,-0.00,0.00,0.00,0.00,0.00,0.00,0.00,0.00,0.00,0
2.21311,-7,11,50,0,DRIVE [ 59 ] [ 1 ] [ 1797 1466 1923 ] [    0    0    0 ] [      0      0      0 ] [ 1 ],drive [ 59 ] [ 1 ] [ 1763 1544 1923 ] [   45   24   19 ] [  11159  15604  17498 ] [ 1 ],0.80,0.80,0.80,0.80,-5.23,8.72,0.00,0.00,0.00,0.00,0.00,-0.00,-0.00,0.00,0.00,0.00,0.00,0.00,0.00,0.00,0.00,0
2.22242,-8,11,49,0,DRIVE [ 60 ] [ 1 ] [ 1824 1388 1923 ] [    0    0    0 ] [      0      0      0 ] [ 1 ],drive [ 59 ] [ 1 ] [ 1797 1466 1923 ] [   45   24   19 ] [  11311  15782  17198 ] [ 1 ],0.80,0.80,0.80,0.80,-6.65,8.68,0.00,0.00,0.00,0.00,0.00,-0.00,-0.00,0.00,0.00,0.00,0.00,0.00,0.00,0.00,0.00,0
2.23238,-10,11,49,0,DRIVE [ 60 ] [ 1 ] [ 1849 1318 1923 ] [    0    0    0 ] [      0      0      0 ] [ 1 ],drive [ 60 ] [ 1 ] [ 1824 1388 1923 ] [   30   48    4 ] [  11311  15782  17198 ] [ 1 ],0.80,0.80,0.80,0.80,-7.86,8.53,0.00,0.00,0.00,0.00,0.00,-0.00,-0.00,0.00,0.00,0.00,0.00,0.00,0.00,0.00,0.00,0
2.24184,-11,10,48,0,DRIVE [ 61 ] [ 1 ] [ 1873 1253 1923 ] [    0    0    0 ] [      0      0      0 ] [ 1 ],drive [ 60 ] [ 1 ] [ 1849 1318 1923 ] [   30   48    4 ] [  11311  15782  17198 ] [ 1 ],0.80,0.80,0.80,0.80,-8.94,8.35,0.00,0.00,0.00,0.00,0.00,-0.00,-0.00,0.00,0.00,0.00,0.00,0.00,0.00,0.00,0.00,0
2.25168,-12,10,48,0,DRIVE [ 61 ] [ 1 ] [ 1895 1230 1923 ] [    0    0    0 ] [      0      0      0 ] [ 1 ],drive [ 61 ] [ 1 ] [ 1873 1253 1923 ] [   30   48    4 ] [  11311  15782  17198 ] [ 1 ],0.80,0.80,0.80,0.80,-9.76,8.05,0.00,0.00,0.00,0.00,0.00,-0.00,-0.00,0.00,0.00,0.00,0.00,0.00,0.00,0.00,0.00,0
2.26134,-13,9,48,0,DRIVE [ 62 ] [ 1 ] [ 1918 1230 1923 ] [    0    0    0 ] [      0      0      0 ] [ 1 ],drive [ 61 ] [ 1 ] [ 1895 1230 1923 ] [   30   48    4 ] [  11311  15782  17198 ] [ 1 ],0.80,0.80,0.80,0.80,-10.38,7.59,0.00,0.00,0.00,0.00,0.00,-0.00,-0.00,0.00,0.00,0.00,0.00,0.00,0.00,0.00,0.00,0
2.27078,-13,9,48,0,DRIVE [ 62 ] [ 1 ] [ 1918 1230 1913 ] [    0    0    0 ] [      0      0      0 ] [ 1 ],drive [ 62 ] [ 1 ] [ 1918 1230 1923 ] [   30   48    4 ] [  11075  16712  16956 ] [ 1 ],0.80,0.80,0.80,0.80,-10.71,6.95,0.00,0.00,0.00,0.00,0.00,-0.00,-0.00,0.00,0.00,0.00,0.00,0.00,0.00,0.00,0.00,0
2.2806,-13,8,49,0,DRIVE [ 63 ] [ 1 ] [ 1918 1230 1894 ] [    0    0    0 ] [      0      0      0 ] [ 1 ],drive [ 62 ] [ 1 ] [ 1918 1230 1913 ] [   30   48    4 ] [  11075  16712  16956 ] [ 1 ],0.80,0.80,0.80,0.80,-10.75,6.11,0.00,0.00,0.00,0.00,0.00,-0.00,-0.00,0.00,0.00,0.00,0.00,0.00,0.00,0.00,0.00,0
2.29273,-13,6,49,0,DRIVE [ 63 ] [ 1 ] [ 1918 1290 1874 ] [    0    0    0 ] [      0      0      0 ] [ 1 ],drive [ 63 ] [ 1 ] [ 1918 1230 1894 ] [    2   84   14 ] [  11075  16712  16956 ] [ 1 ],0.80,0.80,0.80,0.80,-10.59,5.08,0.00,0.00,0.00,0.00,0.00,-0.00,-0.00,0.00,0.00,0.00,0.00,0.00,0.00,0.00,0.00,0
2.30481,-13,5,50,0,DRIVE [ 64 ] [ 1 ] [ 1918 1355 1853 ] [    0    0    0 ] [      0      0      0 ] [ 1 ],drive [ 63 ] [ 1 ] [ 1918 1290 1874 ] [    2   84   14 ] [  11075  16712  16956 ] [ 1 ],0.80,0.80,0.80,0.80,-10.37,3.96,0.00,0.00,0.00,0.00,0.00,-0.00,-0.00,0.00,0.00,0.00,0.00,0.00,0.00,0.00,0.00,0
2.31457,-13,4,50,0,DRIVE [ 64 ] [ 1 ] [ 1918 1409 1829 ] [    0    0    0 ] [      0      0      0 ] [ 1 ],drive [ 64 ] [ 1 ] [ 1918 1355 1853 ] [    2   84   14 ] [  11075  16712  16956 ] [ 1 ],0.80,0.80,0.80,0.80,-10.28,2.83,0.00,0.00,0.00,0.00,0.00,-0.00,-0.00,0.00,0.00,0.00,0.00,0.00,0.00,0.00,0.00,0
2.32453,-13,2,51,0,DRIVE [ 65 ] [ 1 ] [ 1918 1446 1801 ] [    0    0    0 ] [      0      0      0 ] [ 1 ],drive [ 64 ] [ 1 ] [ 1918 1409 1829 ] [    2   84   14 ] [  10658  17603  16747 ] [ 1 ],0.80,0.80,0.80,0.80,-10.49,1.69,0.00,0.00,0.00,0.00,0.00,-0.00,-0.00,0.00,0.00,0.00,0.00,0.00,0.00,0.00,0.00,0
2.3368,-14,1,51,0,DRIVE [ 65 ] [ 1 ] [ 1918 1460 1764 ] [    0    0    0 ] [      0      0      0 ] [ 1 ],drive [ 65 ] [ 1 ] [ 1918 1446 1801 ] [    1   48   30 ] [  10658  17603  16747 ] [ 1 ],0.80,0.80,0.80,0.80,-11.12,0.55,0.00,0.00,0.00,0.00,0.00,-0.00,-0.00,0.00,0.00,0.00,0.00,0.00,0.00,0.00,0.00,0
2.34878,-15,-1,52,0,DRIVE [ 66 ] [ 1 ] [ 1918 1458 1720 ] [    0    0    0 ] [      0      0      0 ] [ 1 ],drive [ 65 ] [ 1 ] [ 1918 1460 1764 ] [    1   48   30 ] [  10658  17603  16747 ] [ 1 ],0.80,0.80,0.80,0.80,-12.05,-0.67,0.00,0.00,0.00,0.00,0.00,-0.00,-0.00,0.00,0.00,0.00,0.00,0.00,0.00,0.00,0.00,0
2.36062,-16,-2,52,0,DRIVE [ 66 ] [ 1 ] [ 1918 1449 1670 ] [    0    0    0 ] [      0      0      0 ] [ 1 ],drive [ 66 ] [ 1 ] [ 1918 1458 1720 ] [    1   48   30 ] [  10658  17603  16747 ] [ 1 ],0.80,0.80,0.80,0.80,-13.05,-1.97,0.00,0.00,0.00,0.00,0.00,-0.00,-0.00,0.00,0.00,0.00,0.00,0.00,0.00,0.00,0.00,0
2.37277,-18,-4,52,0,DRIVE [ 67 ] [ 1 ] [ 1918 1436 1616 ] [    0    0    0 ] [      0      0      0 ] [ 1 ],drive [ 66 ] [ 1 ] [ 1918 1449 1670 ] [    1   48   30 ] [  10665  17600  16757 ] [ 1 ],0.80,0.80,0.80,0.80,-14.14,-3.38,0.00,0.00,0.00,0.00,0.00,-0.00,-0.00,0.00,0.00,0.00,0.00,0.00,0.00,0.00,0.00,0
2.38254,-19,-6,52,0,DRIVE [ 67 ] [ 1 ] [ 1918 1426 1559 ] [    0    0    0 ] [      0      0      0 ] [ 1 ],drive [ 67 ] [ 1 ] [ 1918 1436 1616 ] [    2   44   40 ] [  10665  17600  16757 ] [ 1 ],0.80,0.80,0.80,0.80,-15.10,-4.89,0.00,0.00,0.00,0.00,0.00,-0.00,-0.00,0.00,0.00,0.00,0.00,0.00,0.00,0.00,0.00,0
2.39327,-20,-8,52,0,DRIVE [ 68 ] [ 1 ] [ 1918 1419 1501 ] [    0    0    0 ] [      0      0      0 ] [ 0 ],drive [ 67 ] [ 1 ] [ 1918 1426 1559 ] [    2   44   40 ] [  10665  17600  16757 ] [ 1 ],0.80,0.80,0.80,0.80,-15.92,-6.44,0.00,0.00,0.00,0.00,0.00,-0.00,-0.00,0.00,0.00,0.00,0.00,0.00,0.00,0.00,0.00,0
2.40458,-21,-10,52,0,DRIVE [ 68 ] [ 1 ] [ 1918 1416 1442 ] [    0    0    0 ] [      0      0      0 ] [ 0 ],drive [ 68 ] [ 1 ] [ 1918 1419 1501 ] [    2   44   40 ] [  10665  17600  16757 ] [ 0 ],0.80,0.80,0.80,0.80,-16.59,-8.05,0.00,0.00,0.00,0.00,0.00,-0.00,-0.00,0.00,0.00,0.00,0.00,0.00,0.00,0.00,0.00,0
2.41677,-21,-12,52,0,DRIVE [ 69 ] [ 1 ] [ 1918 1417 1384 ] [    0    0    0 ] [      0      0      0 ] [ 0 ],drive [ 68 ] [ 1 ] [ 1918 1416 1442 ] [    2   44   40 ] [  10665  17600  16757 ] [ 0 ],0.80,0.80,0.80,0.80,-17.06,-9.65,0.00,0.00,0.00,0.00,0.00,-0.00,-0.00,0.00,0.00,0.00,0.00,0.00,0.00,0.00,0.00,0
2.42852,-22,-14,52,0,DRIVE [ 69 ] [ 1 ] [ 1918 1424 1329 ] [    0    0    0 ] [      0      0      0 ] [ 0 ],drive [ 69 ] [ 1 ] [ 1918 1417 1384 ] [    2   44   40 ] [  10665  17653  16834 ] [ 0 ],0.80,0.80,0.80,0.80,-17.31,-11.20,0.00,0.00,0.00,0.00,0.00,-0.00,-0.00,0.00,0.00,0.00,0.00,0.00,0.00,0.00,0.00,0
2.44078,-22,-16,52,0,DRIVE [ 70 ] [ 1 ] [ 1918 1437 1281 ] [    0    0    0 ] [      0      0      0 ] [ 0 ],drive [ 69 ] [ 1 ] [ 1918 1424 1329 ] [    1   50   63 ] [  10665  17653  16834 ] [ 0 ],0.80,0.80,0.80,0.80,-17.22,-12.57,0.00,0.00,0.00,0.00,0.00,-0.00,-0.00,0.00,0.00,0.00,0.00,0.00,0.00,0.00,0.00,0
2.45041,-21,-17,52,0,DRIVE [ 70 ] [ 1 ] [ 1918 1454 1241 ] [    0    0    0 ] [      0      0      0 ] [ 0 ],drive [ 70 ] [ 1 ] [ 1918 1437 1281 ] [    1   50   63 ] [  10665  17653  16834 ] [ 0 ],0.80,0.80,0.80,0.80,-16.92,-13.71,0.00,0.00,0.00,0.00,0.00,-0.00,-0.00,0.00,0.00,0.00,0.00,0.00,0.00,0.00,0.00,0
2.46058,-20,-18,52,0,DRIVE [ 71 ] [ 1 ] [ 1918 1475 1230 ] [    0    0    0 ] [      0      0      0 ] [ 0 ],drive [ 70 ] [ 1 ] [ 1918 1454 1241 ] [    1   50   63 ] [  10665  17653  16834 ] [ 0 ],0.80,0.80,0.80,0.80,-16.39,-14.60,0.00,0.00,0.00,0.00,0.00,-0.00,-0.00,0.00,0.00,0.00,0.00,0.00,0.00,0.00,0.00,0
2.4727,-20,-19,52,0,DRIVE [ 71 ] [ 1 ] [ 1918 1499 1230 ] [    0    0    0 ] [      0      0      0 ] [ 0 ],drive [ 71 ] [ 1 ] [ 1918 1475 1230 ] [    1   50   63 ] [  10658  17724  17445 ] [ 0 ],0.80,0.80,0.80,0.80,-15.66,-15.25,0.00,0.00,0.00,0.00,0.00,-0.00,-0.00,0.00,0.00,0.00,0.00,0.00,0.00,0.00,0.00,0
2.48468,-18,-20,52,0,DRIVE [ 72 ] [ 1 ] [ 1918 1526 1230 ] [    0    0    0 ] [      0      0      0 ] [ 0 ],drive [ 71 ] [ 1 ] [ 1918 1499 1230 ] [    0   44   66 ] [  10658  17724  17445 ] [ 0 ],0.80,0.80,0.80,0.80,-14.78,-15.69,0.00,0.00,0.00,0.00,0.00,-0.00,-0.00,0.00,0.00,0.00,0.00,0.00,0.00,0.00,0.00,0
2.49647,-17,-20,52,0,DRIVE [ 72 ] [ 1 ] [ 1918 1556 1230 ] [    0    0    0 ] [      0      0      0 ] [ 0 ],drive [ 72 ] [ 1 ] [ 1918 1526 1230 ] [    0   44   66 ] [  10658  17724  17445 ] [ 0 ],0.80,0.80,0.80,0.80,-13.74,-16.08,0.00,0.00,0.00,0.00,0.00,-0.00,-0.00,0.00,0.00,0.00,0.00,0.00,0.00,0.00,0.00,0
2.50635,-17,-20,52,0,DRIVE [ 73 ] [ 1 ] [ 1918 1590 1230 ] [    0    0    0 ] [      0      0      0 ] [ 0 ],drive [ 72 ] [ 1 ] [ 1918 1556 1230 ] [    0   44   66 ] [  10658  17724  17445 ] [ 0 ],0.80,0.80,0.80,0.80,-12.37,-14.47,0.00,0.00,0.00,0.00,0.00,-0.00,-0.00,0.00,0.00,0.00,0.00,0.00,0.00,0.00,0.00,0
2.51657,-17,-20,52,0,DRIVE [ 73 ] [ 1 ] [ 1918 1621 1291 ] [    0    0    0 ] [      0      0      0 ] [ 0 ],drive [ 73 ] [ 1 ] [ 1918 1590 1230 ] [    0   44   66 ] [  10655  17720  17801 ] [ 0 ],0.80,0.80,0.80,0.80,-11.13,-13.03,0.00,0.00,0.00,0.00,0.00,-0.00,-0.00,0.00,0.00,0.00,0.00,0.00,0.00,0.00,0.00,0
2.5283,-17,-20,52,0,DRIVE [ 74 ] [ 1 ] [ 1918 1650 1351 ] [    0    0    0 ] [      0      0      0 ] [ 0 ],drive [ 73 ] [ 1 ] [ 1918 1621 1291 ] [    0   44   66 ] [  10655  17720  17801 ] [ 0 ],0.80,0.80,0.80,0.80,-10.02,-11.72,0.00,0.00,0.00,0.00,0.00,-0.00,-0.00,0.00,0.00,0.00,0.00,0.00,0.00,0.00,0.00,0
2.54035,-17,-20,52,0,DRIVE [ 74 ] [ 1 ] [ 1918 1676 1406 ] [    0    0    0 ] [      0      0      0 ] [ 0 ],drive [ 74 ] [ 1 ] [ 1918 1650 1351 ] [    1   32   75 ] [  10655  17720  17801 ] [ 0 ],0.80,0.80,0.80,0.80,-9.01,-10.55,0.00,0.00,0.00,0.00,0.00,-0.00,-0.00,0.00,0.00,0.00,0.00,0.00,0.00,0.00,0.00,0
2.55239,-17,-20,52,0,DRIVE [ 75 ] [ 1 ] [ 1918 1700 1456 ] [    0    0    0 ] [      0      0      0 ] [ 0 ],drive [ 74 ] [ 1 ] [ 1918 1676 1406 ] [    1   32   75 ] [  10655  17720  17801 ] [ 0 ],0.80,0.80,0.80,0.80,-8.11,-9.50,0.00,0.00,0.00,0.00,0.00,-0.00,-0.00,0.00,0.00,0.00,0.00,0.00,0.00,0.00,0.00,0
2.56425,-17,-20,52,0,DRIVE [ 75 ] [ 1 ] [ 1918 1722 1501 ] [    0    0    0 ] [      0      0      0 ] [ 0 ],drive [ 75 ] [ 1 ] [ 1918 1700 1456 ] [    1   32   75 ] [  10655  17720  17801 ] [ 0 ],0.80,0.80,0.80,0.80,-7.30,-8.55,0.00,0.00,0.00,0.00,0.00,-0.00,-0.00,0.00,0.00,0.00,0.00,0.00,0.00,0.00,0.00,0
2.57428,-17,-20,52,0,DRIVE [ 76 ] [ 1 ] [ 1918 1742 1542 ] [    0    0    0 ] [      0      0      0 ] [ 0 ],drive [ 75 ] [ 1 ] [ 1918 1722 1501 ] [    1   32   75 ] [  10655  17684  17816 ] [ 0 ],0.80,0.80,0.80,0.80,-6.57,-7.69,0.00,0.00,0.00,0.00,0.00,-0.00,-0.00,0.00,0.00,0.00,0.00,0.00,0.00,0.00,0.00,0
2.58465,-17,-20,52,0,DRIVE [ 76 ] [ 1 ] [ 1918 1760 1580 ] [    0    0    0 ] [      0      0      0 ] [ 0 ],drive [ 76 ] [ 1 ] [ 1918 1742 1542 ] [   -1   40   48 ] [  10655  17684  17816 ] [ 0 ],0.80,0.80,0.80,0.80,-5.91,-6.92,0.00,0.00,0.00,0.00,0.00,-0.00,-0.00,0.00,0.00,0.00,0.00,0.00,0.00,0.00,0.00,0
2.59672,-17,-20,52,0,DRIVE [ 77 ] [ 1 ] [ 1918 1776 1614 ] [    0    0    0 ] [      0      0      0 ] [ 0 ],drive [ 76 ] [ 1 ] [ 1918 1760 1580 ] [   -1   40   48 ] [  10655  17684  17816 ] [ 0 ],0.80,0.80,0.80,0.80,-5.32,-6.23,0.00,0.00,0.00,0.00,0.00,-0.00,-0.00,0.00,0.00,0.00,0.00,0.00,0.00,0.00,0.00,0
2.60856,-17,-20,52,0,DRIVE [ 77 ] [ 1 ] [ 1918 1791 1645 ] [    0    0    0 ] [      0      0      0 ] [ 0 ],drive [ 77 ] [ 1 ] [ 1918 1776 1614 ] [   -1   40   48 ] [  10655  17684  17816 ] [ 0 ],0.80,0.80,0.80,0.80,-4.79,-5.61,0.00,0.00,0.00,0.00,0.00,-0.00,-0.00,0.00,0.00,0.00,0.00,0.00,0.00,0.00,0.00,0
2.62053,-17,-20,52,0,DRIVE [ 78 ] [ 1 ] [ 1918 1804 1672 ] [    0    0    0 ] [      0      0      0 ] [ 0 ],drive [ 77 ] [ 1 ] [ 1918 1791 1645 ] [   -1   40   48 ] [  10656  17457  17810 ] [ 0 ],0.80,0.80,0.80,0.80,-4.31,-5.05,0.00,0.00,0.00,0.00,0.00,-0.00,-0.00,0.00,0.00,0.00,0.00,0.00,0.00,0.00,0.00,0
2.63234,-17,-20,52,0,DRIVE [ 78 ] [ 1 ] [ 1918 1816 1698 ] [    0    0    0 ] [      0      0      0 ] [ 0 ],drive [ 78 ] [ 1 ] [ 1918 1804 1672 ] [   -1   40   48 ] [  10656  17457  17810 ] [ 0 ],0.80,0.80,0.80,0.80,-3.88,-4.54,0.00,0.00,0.00,0.00,0.00,-0.00,-0.00,0.00,0.00,0.00,0.00,0.00,0.00,0.00,0.00,0
2.64188,-17,-20,52,0,DRIVE [ 79 ] [ 1 ] [ 1918 1827 1720 ] [    0    0    0 ] [      0      0      0 ] [ 0 ],drive [ 78 ] [ 1 ] [ 1918 1816 1698 ] [    1   32   39 ] [  10656  17457  17810 ] [ 0 ],0.80,0.80,0.80,0.80,-3.49,-4.09,0.00,0.00,0.00,0.00,0.00,-0.00,-0.00,0.00,0.00,0.00,0.00,0.00,0.00,0.00,0.00,0
2.65257,-17,-20,52,0,DRIVE [ 79 ] [ 1 ] [ 1918 1837 1741 ] [    0    0    0 ] [      0      0      0 ] [ 0 ],drive [ 79 ] [ 1 ] [ 1918 1827 1720 ] [    1   32   39 ] [  10656  17457  17810 ] [ 0 ],0.80,0.80,0.80,0.80,-3.14,-3.68,0.00,0.00,0.00,0.00,0.00,-0.00,-0.00,0.00,0.00,0.00,0.00,0.00,0.00,0.00,0.00,0
2.66452,-17,-20,52,0,DRIVE [ 80 ] [ 1 ] [ 1918 1846 1759 ] [    0    0    0 ] [      0      0      0 ] [ 0 ],drive [ 79 ] [ 1 ] [ 1918 1837 1741 ] [    1   32   39 ] [  10656  17457  17810 ] [ 0 ],0.80,0.80,0.80,0.80,-2.83,-3.31,0.00,0.00,0.00,0.00,0.00,-0.00,-0.00,0.00,0.00,0.00,0.00,0.00,0.00,0.00,0.00,0
2.67634,-17,-20,52,0,DRIVE [ 80 ] [ 1 ] [ 1918 1854 1776 ] [    0    0    0 ] [      0      0      0 ] [ 0 ],drive [ 80 ] [ 1 ] [ 1918 1846 1759 ] [    1   32   39 ] [  10658  17145  17800 ] [ 0 ],0.80,0.80,0.80,0.80,-2.55,-2.98,0.00,0.00,0.00,0.00,0.00,-0.00,-0.00,0.00,0.00,0.00,0.00,0.00,0.00,0.00,0.00,0
2.68865,-17,-20,52,0,DRIVE [ 81 ] [ 1 ] [ 1918 1861 1791 ] [    0    0    0 ] [      0      0      0 ] [ 0 ],drive [ 80 ] [ 1 ] [ 1918 1854 1776 ] [    0    6   37 ] [  10658  17145  17800 ] [ 0 ],0.80,0.80,0.80,0.80,-2.29,-2.68,0.00,0.00,0.00,0.00,0.00,-0.00,-0.00,0.00,0.00,0.00,0.00,0.00,0.00,0.00,0.00,0
2.69812,-17,-20,52,0,DRIVE [ 81 ] [ 1 ] [ 1918 1867 1804 ] [    0    0    0 ] [      0      0      0 ] [ 0 ],drive [ 81 ] [ 1 ] [ 1918 1861 1791 ] [    0    6   37 ] [  10658  17145  17800 ] [ 0 ],0.80,0.80,0.80,0.80,-2.06,-2.41,0.00,0.00,0.00,0.00,0.00,-0.00,-0.00,0.00,0.00,0.00,0.00,0.00,0.00,0.00,0.00,0
2.70835,-17,-20,52,0,DRIVE [ 82 ] [ 1 ] [ 1918 1873 1816 ] [    0    0    0 ] [      0      0      0 ] [ 0 ],drive [ 81 ] [ 1 ] [ 1918 1867 1804 ] [    0    6   37 ] [  10658  17145  17800 ] [ 0 ],0.80,0.80,0.80,0.80,-1.86,-2.17,0.00,0.00,0.00,0.00,0.00,-0.00,-0.00,0.00,0.00,0.00,0.00,0.00,0.00,0.00,0.00,0
2.72077,-17,-20,52,0,DRIVE [ 82 ] [ 1 ] [ 1918 1878 1827 ] [    0    0    0 ] [      0      0      0 ] [ 0 ],drive [ 82 ] [ 1 ] [ 1918 1873 1816 ] [    0    6   37 ] [  10660  16793  17779 ] [ 0 ],0.80,0.80,0.80,0.80,-1.67,-1.96,0.00,0.00,0.00,0.00,0.00,-0.00,-0.00,0.00,0.00,0.00,0.00,0.00,0.00,0.00,0.00,0
2.73258,-17,-20,52,0,DRIVE [ 83 ] [ 1 ] [ 1918 1883 1837 ] [    0    0    0 ] [      0      0      0 ] [ 0 ],drive [ 82 ] [ 1 ] [ 1918 1878 1827 ] [    0    6   37 ] [  10660  16793  17779 ] [ 0 ],0.80,0.80,0.80,0.80,-1.50,-1.76,0.00,0.00,0.00,0.00,0.00,-0.00,-0.00,0.00,0.00,0.00,0.00,0.00,0.00,0.00,0.00,0
2.7445,-17,-20,52,0,DRIVE [ 83 ] [ 1 ] [ 1918 1887 1846 ] [    0    0    0 ] [      0      0      0 ] [ 0 ],drive [ 83 ] [ 1 ] [ 1918 1883 1837 ] [    1   13   32 ] [  10660  16793  17779 ] [ 0 ],0.80,0.80,0.80,0.80,-1.35,-1.58,0.00,0.00,0.00,0.00,0.00,-0.00,-0.00,0.00,0.00,0.00,0.00,0.00,0.00,0.00,0.00,0
2.75648,-17,-20,52,0,DRIVE [ 84 ] [ 1 ] [ 1918 1891 1854 ] [    0    0    0 ] [      0      0      0 ] [ 0 ],drive [ 83 ] [ 1 ] [ 1918 1887 1846 ] [    1   13   32 ] [  10660  16793  17779 ] [ 0 ],0.80,0.80,0.80,0.80,-1.22,-1.43,0.00,0.00,0.00,0.00,0.00,-0.00,-0.00,0.00,0.00,0.00,0.00,0.00,0.00,0.00,0.00,0
2.7662,-17,-20,52,1,DRIVE [ 84 ] [ 1 ] [ 1918 1895 1861 ] [    0    0    0 ] [      0      0      0 ] [ 0 ],drive [ 84 ] [ 1 ] [ 1918 1891 1854 ] [    1   13   32 ] [  10672  16559  17746 ] [ 0 ],0.80,0.80,0.80,0.80,-1.10,-1.28,0.00,0.00,0.00,0.00,0.00,-0.00,-0.00,0.00,0.00,0.00,0.00,0.00,0.00,0.00,0.00,0
