timestamp,Xmm,Ymm,Zmm,TouchDetected,OutgoingPacket,IncomingPacket,GainPropAb, GainPropAd, GainPropFl, GainPropEx,PropA, PropB, PropC,GainIntegAb, GainIntegAd, GainIntegFl, GainIntegEx,IntegA, IntegB, IntegC,GainDerivAb, GainDerivAd, GainDerivFl, GainDerivEx,DerivA, DerivB, DerivC,Heading5
2.476,134,5,338,0,DRIVE [ 69 ] [ 1 ] [ 1084 1923 1635 ] [    0    0    0 ] [      0      0      0 ] [ 0 ],drive [ 69 ] [ 1 ] [ 1083 1923 1636 ] [   79    7   40 ] [  14297   4047  11211 ] [ 0 ],1.00,1.00,1.00,1.00,134.06,5.41,0.00,0.50,0.50,0.50,0.50,0.00,0.00,0.00,0.15,0.15,0.15,0.50,0.00,0.00,0.00,0
0.00141255,134,5,338,0,DRIVE [ 70 ] [ 1 ] [ 1905 1923 1926 ] [    0    0    0 ] [      0      0      0 ] [ 0 ],drive [ 70 ] [ 1 ] [ 1086 1923 1635 ] [   79    7   40 ] [  14297   4049  11211 ] [ 0 ],1.00,1.00,1.00,1.00,121.02,4.74,0.00,0.50,0.50,0.50,0.50,0.00,0.00,0.00,0.15,0.15,0.15,0.50,0.00,0.00,0.00,0
0.018062,132,6,338,0,DRIVE [ 71 ] [ 1 ] [ 1895 1923 1922 ] [    0    0    0 ] [      0      0      0 ] [ 0 ],drive [ 70 ] [ 1 ] [ 1905 1923 1926 ] [   79    7   40 ] [  14297   4049  11211 ] [ 0 ],1.00,1.00,1.00,1.00,131.81,6.42,0.00,0.50,0.50,0.50,0.50,0.00,0.00,0.00,0.15,0.15,0.15,0.50,0.00,0.00,0.00,0
0.0420031,131,7,338,0,DRIVE [ 71 ] [ 1 ] [ 1881 1923 1917 ] [    0    0    0 ] [      0      0      0 ] [ 0 ],drive [ 71 ] [ 1 ] [ 1895 1923 1922 ] [   79    7   40 ] [  14297   4049  11211 ] [ 0 ],1.00,1.00,1.00,1.00,131.34,7.43,0.00,0.50,0.50,0.50,0.50,0.00,0.00,0.00,0.15,0.15,0.15,0.50,-0.00,-0.00,0.00,0
0.061642,128,6,340,0,DRIVE [ 72 ] [ 1 ] [ 1862 1923 1911 ] [    0    0    0 ] [      0      0      0 ] [ 0 ],drive [ 71 ] [ 1 ] [ 1881 1923 1917 ] [   79    7   40 ] [  13245   4111  11047 ] [ 0 ],1.00,1.00,1.00,1.00,127.68,6.04,0.00,0.50,0.50,0.50,0.50,0.00,0.00,0.00,0.15,0.15,0.15,0.50,-0.09,-0.00,0.00,0
0.0857369,124,6,341,0,DRIVE [ 72 ] [ 1 ] [ 1848 1923 1906 ] [    0    0    0 ] [      0      0      0 ] [ 0 ],drive [ 72 ] [ 1 ] [ 1862 1923 1911 ] [   15   13   16 ] [  13245   4111  11047 ] [ 0 ],1.00,1.00,1.00,1.00,124.28,6.39,0.00,0.50,0.50,0.50,0.50,0.00,0.00,0.00,0.15,0.15,0.15,0.50,-0.32,-0.02,0.00,0
0.0984252,122,7,342,0,DRIVE [ 73 ] [ 1 ] [ 1830 1923 1900 ] [    0    0    0 ] [      0      0      0 ] [ 0 ],drive [ 72 ] [ 1 ] [ 1848 1923 1906 ] [   15   13   16 ] [  13245   4111  11047 ] [ 0 ],1.00,1.00,1.00,1.00,122.26,6.76,0.00,0.50,0.50,0.50,0.50,0.00,0.00,0.00,0.15,0.15,0.15,0.50,-0.58,-0.03,0.00,0
0.110771,-75,114,299,0,DRIVE [ 73 ] [ 1 ] [ 1877 1809 1900 ] [    0    0    0 ] [      0      0      0 ] [ 0 ],drive [ 73 ] [ 1 ] [ 1830 1923 1900 ] [   15   13   16 ] [  11485   4138  11048 ] [ 0 ],1.00,1.00,1.00,1.00,-74.60,113.70,0.00,0.50,0.50,0.50,0.50,0.00,0.00,0.00,0.15,0.15,0.15,0.50,0.00,0.00,0.00,0
0.129921,-75,115,299,0,DRIVE [ 74 ] [ 1 ] [ 1873 1795 1900 ] [    0    0    0 ] [      0      0      0 ] [ 0 ],drive [ 73 ] [ 1 ] [ 1877 1809 1900 ] [    8   19   17 ] [  11485   4138  11048 ] [ 0 ],1.00,1.00,1.00,1.00,-74.58,115.18,0.00,0.50,0.50,0.50,0.50,0.00,0.00,0.00,0.15,0.15,0.15,0.50,0.00,0.00,0.00,0
0.142352,-75,118,304,0,DRIVE [ 74 ] [ 1 ] [ 1866 1775 1900 ] [    0    0    0 ] [      0      0      0 ] [ 0 ],drive [ 74 ] [ 1 ] [ 1873 1795 1900 ] [    8   19   17 ] [  11485   4138  11048 ] [ 0 ],1.00,1.00,1.00,1.00,-75.27,118.03,0.00,0.50,0.50,0.50,0.50,0.00,0.00,0.00,0.15,0.15,0.15,0.50,0.00,0.00,0.00,0
0.156033,-75,119,304,0,DRIVE [ 75 ] [ 1 ] [ 1862 1761 1900 ] [    0    0    0 ] [      0      0      0 ] [ 0 ],drive [ 74 ] [ 1 ] [ 1866 1775 1900 ] [    8   19   17 ] [  11025   4162  11050 ] [ 0 ],1.00,1.00,1.00,1.00,-75.25,119.05,0.00,0.50,0.50,0.50,0.50,0.00,0.00,0.00,0.15,0.15,0.15,0.50,0.00,0.00,0.00,0
0.168332,-75,120,303,0,DRIVE [ 75 ] [ 1 ] [ 1858 1746 1900 ] [    0    0    0 ] [      0      0      0 ] [ 0 ],drive [ 75 ] [ 1 ] [ 1862 1761 1900 ] [   20   15   19 ] [  11025   4162  11050 ] [ 0 ],1.00,1.00,1.00,1.00,-74.77,119.58,0.00,0.50,0.50,0.50,0.50,0.00,0.00,0.00,0.15,0.15,0.15,0.50,0.00,0.00,0.00,0
0.182667,-74,120,301,0,DRIVE [ 76 ] [ 1 ] [ 1853 1733 1900 ] [    0    0    0 ] [      0      0      0 ] [ 0 ],drive [ 75 ] [ 1 ] [ 1858 1746 1900 ] [   20   15   19 ] [  11025   4162  11050 ] [ 0 ],1.00,1.00,1.00,1.00,-74.13,119.84,0.00,0.50,0.50,0.50,0.50,0.00,0.00,0.00,0.15,0.15,0.15,0.50,0.00,0.00,0.00,0
0.195532,-74,121,301,0,DRIVE [ 76 ] [ 1 ] [ 1848 1717 1900 ] [    0    0    0 ] [      0      0      0 ] [ 0 ],drive [ 76 ] [ 1 ] [ 1853 1733 1900 ] [   20   15   19 ] [  11025   4162  11050 ] [ 0 ],1.00,1.00,1.00,1.00,-73.66,120.51,0.00,0.50,0.50,0.50,0.50,0.00,0.00,0.00,0.15,0.15,0.15,0.50,0.00,0.00,0.00,0
0.207525,-73,121,299,0,DRIVE [ 77 ] [ 1 ] [ 1843 1703 1900 ] [    0    0    0 ] [      0      0      0 ] [ 0 ],drive [ 76 ] [ 1 ] [ 1848 1717 1900 ] [   20   15   19 ] [  10909   4174  11066 ] [ 0 ],1.00,1.00,1.00,1.00,-72.92,121.07,0.00,0.50,0.50,0.50,0.50,0.00,0.00,0.00,0.15,0.15,0.15,0.50,0.00,0.00,0.00,0
0.233647,-72,122,299,0,DRIVE [ 77 ] [ 1 ] [ 1838 1690 1900 ] [    0    0    0 ] [      0      0      0 ] [ 0 ],drive [ 77 ] [ 1 ] [ 1843 1703 1900 ] [   15   17   26 ] [  10909   4174  11066 ] [ 0 ],1.00,1.00,1.00,1.00,-71.87,122.40,0.00,0.50,0.50,0.50,0.50,0.00,0.00,0.00,0.15,0.15,0.15,0.50,0.00,0.00,0.00,0
0.246412,-71,124,298,0,DRIVE [ 78 ] [ 1 ] [ 1827 1663 1900 ] [    0    0    0 ] [      0      0      0 ] [ 0 ],drive [ 77 ] [ 1 ] [ 1838 1690 1900 ] [   15   17   26 ] [  10909   4174  11066 ] [ 0 ],1.00,1.00,1.00,1.00,-70.96,123.83,0.00,0.50,0.50,0.50,0.50,0.00,0.00,0.00,0.15,0.15,0.15,0.50,0.00,0.00,0.00,0
0.259373,-70,125,298,0,DRIVE [ 78 ] [ 1 ] [ 1821 1649 1900 ] [    0    0    0 ] [      0      0      0 ] [ 0 ],drive [ 78 ] [ 1 ] [ 1827 1663 1900 ] [   15   17   26 ] [  10904   4197  11070 ] [ 0 ],1.00,1.00,1.00,1.00,-70.14,125.16,0.00,0.50,0.50,0.50,0.50,0.00,0.00,0.00,0.15,0.15,0.15,0.50,0.00,0.00,0.00,0
0.290137,-69,126,298,0,DRIVE [ 79 ] [ 1 ] [ 1814 1636 1900 ] [    0    0    0 ] [      0      0      0 ] [ 0 ],drive [ 78 ] [ 1 ] [ 1821 1649 1900 ] [   16   25   26 ] [  10904   4197  11070 ] [ 0 ],1.00,1.00,1.00,1.00,-68.93,126.08,0.00,0.50,0.50,0.50,0.50,0.00,0.00,0.00,0.15,0.15,0.15,0.50,0.00,0.00,0.00,0
0.30299,-68,127,297,0,DRIVE [ 79 ] [ 1 ] [ 1802 1605 1900 ] [    0    0    0 ] [      0      0      0 ] [ 0 ],drive [ 79 ] [ 1 ] [ 1814 1636 1900 ] [   16   25   26 ] [  10906   4369  11070 ] [ 0 ],1.00,1.00,1.00,1.00,-67.93,126.62,0.00,0.50,0.50,0.50,0.50,0.00,0.00,0.00,0.15,0.15,0.15,0.50,0.00,0.00,0.00,0
0.315974,-67,127,296,0,DRIVE [ 80 ] [ 1 ] [ 1796 1591 1900 ] [    0    0    0 ] [      0      0      0 ] [ 0 ],drive [ 79 ] [ 1 ] [ 1802 1605 1900 ] [   18   41   28 ] [  10906   4369  11070 ] [ 0 ],1.00,1.00,1.00,1.00,-67.25,127.15,0.00,0.50,0.50,0.50,0.50,0.00,0.00,0.00,0.15,0.15,0.15,0.50,0.00,0.00,0.00,0
0.329062,-67,128,296,0,DRIVE [ 80 ] [ 1 ] [ 1790 1578 1900 ] [    0    0    0 ] [      0      0      0 ] [ 0 ],drive [ 80 ] [ 1 ] [ 1796 1591 1900 ] [   18   41   28 ] [  10906   4369  11070 ] [ 0 ],1.00,1.00,1.00,1.00,-66.96,127.69,0.00,0.50,0.50,0.50,0.50,0.00,0.00,0.00,0.15,0.15,0.15,0.50,0.00,0.00,0.00,0
0.341962,-67,128,295,0,DRIVE [ 81 ] [ 1 ] [ 1785 1564 1900 ] [    0    0    0 ] [      0      0      0 ] [ 0 ],drive [ 80 ] [ 1 ] [ 1790 1578 1900 ] [   18   41   28 ] [  10906   4369  11070 ] [ 0 ],1.00,1.00,1.00,1.00,-66.52,127.52,0.00,0.50,0.50,0.50,0.50,0.00,0.00,0.00,0.15,0.15,0.15,0.50,0.00,0.00,0.00,0
0.354484,-66,127,293,0,DRIVE [ 81 ] [ 1 ] [ 1780 1550 1900 ] [    0    0    0 ] [      0      0      0 ] [ 0 ],drive [ 81 ] [ 1 ] [ 1785 1564 1900 ] [   18   41   28 ] [  10909   4718  11070 ] [ 0 ],1.00,1.00,1.00,1.00,-66.10,127.13,0.00,0.50,0.50,0.50,0.50,0.00,0.00,0.00,0.15,0.15,0.15,0.50,0.00,0.00,0.00,0
0.367268,-66,127,293,0,DRIVE [ 82 ] [ 1 ] [ 1776 1537 1900 ] [    0    0    0 ] [      0      0      0 ] [ 0 ],drive [ 81 ] [ 1 ] [ 1780 1550 1900 ] [   24   54   28 ] [  10909   4718  11070 ] [ 0 ],1.00,1.00,1.00,1.00,-66.11,127.23,0.00,0.50,0.50,0.50,0.50,0.00,0.00,0.00,0.15,0.15,0.15,0.50,0.00,0.00,0.00,0
0.380064,-66,126,292,0,DRIVE [ 82 ] [ 1 ] [ 1771 1525 1900 ] [    0    0    0 ] [      0      0      0 ] [ 0 ],drive [ 82 ] [ 1 ] [ 1776 1537 1900 ] [   24   54   28 ] [  10909   4718  11070 ] [ 0 ],1.00,1.00,1.00,1.00,-65.64,126.43,0.00,0.50,0.50,0.50,0.50,0.00,0.00,0.00,0.15,0.15,0.15,0.50,0.02,-0.04,0.00,0
0.402046,-65,126,291,0,DRIVE [ 83 ] [ 1 ] [ 1768 1514 1900 ] [    0    0    0 ] [      0      0      0 ] [ 0 ],drive [ 82 ] [ 1 ] [ 1771 1525 1900 ] [   24   54   28 ] [  10909   4718  11070 ] [ 0 ],1.00,1.00,1.00,1.00,-65.22,125.89,0.00,0.50,0.50,0.50,0.50,0.00,0.00,0.00,0.15,0.15,0.15,0.50,0.25,-0.49,0.00,0
0.426229,-64,125,291,0,DRIVE [ 83 ] [ 1 ] [ 1761 1497 1900 ] [    0    0    0 ] [      0      0      0 ] [ 0 ],drive [ 83 ] [ 1 ] [ 1768 1514 1900 ] [   27   49   27 ] [  10914   4906  11070 ] [ 0 ],1.00,1.00,1.00,1.00,-64.45,125.26,0.00,0.50,0.50,0.50,0.50,0.00,0.00,0.00,0.15,0.15,0.15,0.50,0.56,-1.08,0.00,0
0.439067,-64,125,291,0,DRIVE [ 84 ] [ 1 ] [ 1753 1479 1900 ] [    0    0    0 ] [      0      0      0 ] [ 0 ],drive [ 83 ] [ 1 ] [ 1761 1497 1900 ] [   27   49   27 ] [  10914   4906  11070 ] [ 0 ],1.00,1.00,1.00,1.00,-63.57,124.54,0.00,0.50,0.50,0.50,0.50,0.00,0.00,0.00,0.15,0.15,0.15,0.50,0.89,-1.74,0.00,0
0.451934,-62,124,290,0,DRIVE [ 84 ] [ 1 ] [ 1749 1473 1900 ] [    0    0    0 ] [      0      0      0 ] [ 0 ],drive [ 84 ] [ 1 ] [ 1753 1479 1900 ] [   27   49   27 ] [  10921   5061  11070 ] [ 0 ],1.00,1.00,1.00,1.00,-62.44,123.64,0.00,0.50,0.50,0.50,0.50,0.00,0.00,0.00,0.15,0.15,0.15,0.50,1.30,-2.57,0.00,0
0.469948,-61,123,290,0,DRIVE [ 85 ] [ 1 ] [ 1745 1468 1900 ] [    0    0    0 ] [      0      0      0 ] [ 0 ],drive [ 84 ] [ 1 ] [ 1749 1473 1900 ] [   42   56   26 ] [  10921   5061  11070 ] [ 0 ],1.00,1.00,1.00,1.00,-61.25,123.18,0.00,0.50,0.50,0.50,0.50,0.00,0.00,0.00,0.15,0.15,0.15,0.50,1.54,-3.11,0.00,0
0.50185,-59,123,289,0,DRIVE [ 85 ] [ 1 ] [ 1738 1462 1900 ] [    0    0    0 ] [      0      0      0 ] [ 0 ],drive [ 85 ] [ 1 ] [ 1745 1468 1900 ] [   42   56   26 ] [  10921   5061  11070 ] [ 0 ],1.00,1.00,1.00,1.00,-59.29,122.51,0.00,0.50,0.50,0.50,0.50,0.00,0.00,0.00,0.15,0.15,0.15,0.50,1.92,-3.98,0.00,0
0.526108,-57,122,289,0,DRIVE [ 86 ] [ 1 ] [ 1726 1445 1900 ] [    0    0    0 ] [      0      0      0 ] [ 0 ],drive [ 85 ] [ 1 ] [ 1738 1462 1900 ] [   16   51   26 ] [  10941   5219  11069 ] [ 0 ],1.00,1.00,1.00,1.00,-56.99,121.94,0.00,0.50,0.50,0.50,0.50,0.00,0.00,0.00,0.15,0.15,0.15,0.50,2.26,-4.83,0.00,0
0.539019,-54,121,287,0,DRIVE [ 86 ] [ 1 ] [ 1716 1438 1900 ] [    0    0    0 ] [      0      0      0 ] [ 0 ],drive [ 86 ] [ 1 ] [ 1726 1445 1900 ] [   16   51   26 ] [  10941   5219  11069 ] [ 0 ],1.00,1.00,1.00,1.00,-54.42,120.72,0.00,0.50,0.50,0.50,0.50,0.00,0.00,0.00,0.15,0.15,0.15,0.50,2.77,-6.15,0.00,0
0.570007,-51,120,285,0,DRIVE [ 87 ] [ 1 ] [ 1708 1444 1900 ] [    0    0    0 ] [      0      0      0 ] [ 0 ],drive [ 86 ] [ 1 ] [ 1716 1438 1900 ] [   16   51   26 ] [  11060   5225  11063 ] [ 0 ],1.00,1.00,1.00,1.00,-51.07,119.92,0.00,0.50,0.50,0.50,0.50,0.00,0.00,0.00,0.15,0.15,0.15,0.50,3.11,-7.30,0.00,0
0.582743,-48,120,284,0,DRIVE [ 87 ] [ 1 ] [ 1693 1431 1900 ] [    0    0    0 ] [      0      0      0 ] [ 0 ],drive [ 87 ] [ 1 ] [ 1708 1444 1900 ] [   23   61   25 ] [  11060   5225  11063 ] [ 0 ],1.00,1.00,1.00,1.00,-48.06,119.51,0.00,0.50,0.50,0.50,0.50,0.00,0.00,0.00,0.15,0.15,0.15,0.50,3.19,-7.94,0.00,0
0.605744,-45,119,283,0,DRIVE [ 88 ] [ 1 ] [ 1681 1434 1900 ] [    0    0    0 ] [      0      0      0 ] [ 0 ],drive [ 87 ] [ 1 ] [ 1693 1431 1900 ] [   23   61   25 ] [  11060   5225  11063 ] [ 0 ],1.00,1.00,1.00,1.00,-44.86,119.38,0.00,0.50,0.50,0.50,0.50,0.00,0.00,0.00,0.15,0.15,0.15,0.50,3.12,-8.31,0.00,0
0.618278,-42,120,282,0,DRIVE [ 88 ] [ 1 ] [ 1665 1425 1900 ] [    0    0    0 ] [      0      0      0 ] [ 0 ],drive [ 88 ] [ 1 ] [ 1681 1434 1900 ] [   26   48   23 ] [  11135   5275  11059 ] [ 0 ],1.00,1.00,1.00,1.00,-41.98,119.55,0.00,0.50,0.50,0.50,0.50,0.00,0.00,0.00,0.15,0.15,0.15,0.50,2.90,-8.27,0.00,0
0.630818,-39,119,280,0,DRIVE [ 89 ] [ 1 ] [ 1654 1426 1900 ] [    0    0    0 ] [      0      0      0 ] [ 0 ],drive [ 88 ] [ 1 ] [ 1665 1425 1900 ] [   26   48   23 ] [  11135   5275  11059 ] [ 0 ],1.00,1.00,1.00,1.00,-39.15,119.30,0.00,0.50,0.50,0.50,0.50,0.00,0.00,0.00,0.15,0.15,0.15,0.50,2.78,-8.47,0.00,0
0.661688,-35,120,279,0,DRIVE [ 89 ] [ 1 ] [ 1636 1429 1900 ] [    0    0    0 ] [      0      0      0 ] [ 0 ],drive [ 89 ] [ 1 ] [ 1654 1426 1900 ] [   26   48   23 ] [  11135   5275  11059 ] [ 0 ],1.00,1.00,1.00,1.00,-35.12,119.73,0.00,0.50,0.50,0.50,0.50,0.00,0.00,0.00,0.15,0.15,0.15,0.50,2.39,-8.16,0.00,0
0.674243,-31,119,276,0,DRIVE [ 90 ] [ 1 ] [ 1613 1421 1900 ] [    0    0    0 ] [      0      0      0 ] [ 0 ],drive [ 89 ] [ 1 ] [ 1636 1429 1900 ] [   41   48   23 ] [  11140   5304  11058 ] [ 0 ],1.00,1.00,1.00,1.00,-31.16,119.10,0.00,0.50,0.50,0.50,0.50,0.00,0.00,0.00,0.15,0.15,0.15,0.50,2.24,-8.56,0.00,0
0.686621,-28,119,275,0,DRIVE [ 90 ] [ 1 ] [ 1594 1422 1900 ] [    0    0    0 ] [      0      0      0 ] [ 0 ],drive [ 90 ] [ 1 ] [ 1613 1421 1900 ] [   41   48   23 ] [  11140   5304  11058 ] [ 0 ],1.00,1.00,1.00,1.00,-27.55,119.34,0.00,0.50,0.50,0.50,0.50,0.00,0.00,0.00,0.15,0.15,0.15,0.50,1.85,-8.03,0.00,0
0.705483,-23,119,272,0,DRIVE [ 91 ] [ 1 ] [ 1573 1428 1900 ] [    0    0    0 ] [      0      0      0 ] [ 0 ],drive [ 90 ] [ 1 ] [ 1594 1422 1900 ] [   41   48   23 ] [  11349   5313  11047 ] [ 0 ],1.00,1.00,1.00,1.00,-23.01,118.95,0.00,0.50,0.50,0.50,0.50,0.00,0.00,0.00,0.15,0.15,0.15,0.50,1.52,-7.88,0.00,0
0.729369,-18,119,268,0,DRIVE [ 91 ] [ 1 ] [ 1544 1431 1900 ] [    0    0    0 ] [      0      0      0 ] [ 0 ],drive [ 91 ] [ 1 ] [ 1573 1428 1900 ] [   53   47   16 ] [  11349   5313  11047 ] [ 0 ],1.00,1.00,1.00,1.00,-17.89,118.61,0.00,0.50,0.50,0.50,0.50,0.00,0.00,0.00,0.15,0.15,0.15,0.50,1.11,-7.37,0.00,0
0.749146,-12,119,266,0,DRIVE [ 92 ] [ 1 ] [ 1507 1430 1900 ] [    0    0    0 ] [      0      0      0 ] [ 0 ],drive [ 91 ] [ 1 ] [ 1544 1431 1900 ] [   53   47   16 ] [  11349   5313  11047 ] [ 0 ],1.00,1.00,1.00,1.00,-12.39,118.73,0.00,0.50,0.50,0.50,0.50,0.00,0.00,0.00,0.15,0.15,0.15,0.50,0.64,-6.09,0.00,0
0.761909,-8,119,264,0,DRIVE [ 92 ] [ 1 ] [ 1471 1430 1900 ] [    0    0    0 ] [      0      0      0 ] [ 0 ],drive [ 92 ] [ 1 ] [ 1507 1430 1900 ] [   53   47   16 ] [  11602   5326  11046 ] [ 0 ],1.00,1.00,1.00,1.00,-7.55,118.52,0.00,0.50,0.50,0.50,0.50,0.00,0.00,0.00,0.15,0.15,0.15,0.50,0.31,-4.94,0.00,0
0.785117,-2,118,261,0,DRIVE [ 93 ] [ 1 ] [ 1436 1436 1900 ] [    0    0    0 ] [      0      0      0 ] [ 0 ],drive [ 92 ] [ 1 ] [ 1471 1430 1900 ] [   46   48   16 ] [  11602   5326  11046 ] [ 0 ],1.00,1.00,1.00,1.00,-2.34,118.17,0.00,0.50,0.50,0.50,0.50,0.00,0.00,0.00,0.15,0.15,0.15,0.50,0.07,-3.57,0.00,0
0.808962,3,117,257,0,DRIVE [ 93 ] [ 1 ] [ 1388 1437 1900 ] [    0    0    0 ] [      0      0      0 ] [ 0 ],drive [ 93 ] [ 1 ] [ 1436 1436 1900 ] [   46   48   16 ] [  11602   5326  11046 ] [ 0 ],1.00,1.00,1.00,1.00,3.23,117.49,0.00,0.50,0.50,0.50,0.50,0.00,0.00,0.00,0.15,0.15,0.15,0.50,-0.06,-2.12,0.00,0
0.829437,9,118,255,0,DRIVE [ 94 ] [ 1 ] [ 1331 1437 1900 ] [    0    0    0 ] [      0      0      0 ] [ 0 ],drive [ 93 ] [ 1 ] [ 1388 1437 1900 ] [   61   49   13 ] [  11874   5343  11040 ] [ 0 ],1.00,1.00,1.00,1.00,9.16,117.59,0.00,0.50,0.50,0.50,0.50,0.00,0.00,0.00,0.15,0.15,0.15,0.50,0.00,0.00,0.00,0
0.864832,16,117,251,0,DRIVE [ 94 ] [ 1 ] [ 1273 1451 1900 ] [    0    0    0 ] [      0      0      0 ] [ 0 ],drive [ 94 ] [ 1 ] [ 1331 1437 1900 ] [   61   49   13 ] [  11874   5343  11040 ] [ 0 ],1.00,1.00,1.00,1.00,16.17,117.27,0.00,0.50,0.50,0.50,0.50,0.00,0.00,0.00,0.15,0.15,0.15,0.50,0.00,0.00,0.00,0
0.877121,22,117,247,0,DRIVE [ 95 ] [ 1 ] [ 1208 1454 1900 ] [    0    0    0 ] [      0      0      0 ] [ 0 ],drive [ 94 ] [ 1 ] [ 1273 1451 1900 ] [   66   61   12 ] [  12512   5575  10835 ] [ 0 ],1.00,1.00,1.00,1.00,22.00,116.94,0.00,0.50,0.50,0.50,0.50,0.00,0.00,0.00,0.15,0.15,0.15,0.50,0.00,0.00,0.00,0
0.888652,27,117,244,0,DRIVE [ 95 ] [ 1 ] [ 1160 1467 1900 ] [    0    0    0 ] [      0      0      0 ] [ 0 ],drive [ 95 ] [ 1 ] [ 1208 1454 1900 ] [   66   61   12 ] [  12512   5575  10835 ] [ 0 ],1.00,1.00,1.00,1.00,27.18,116.66,0.00,0.50,0.50,0.50,0.50,0.00,0.00,0.00,0.15,0.15,0.15,0.50,0.00,0.00,0.00,0
0.901498,31,116,241,0,DRIVE [ 96 ] [ 1 ] [ 1117 1478 1900 ] [    0    0    0 ] [      0      0      0 ] [ 0 ],drive [ 95 ] [ 1 ] [ 1160 1467 1900 ] [   66   61   12 ] [  13250   5644  10756 ] [ 0 ],1.00,1.00,1.00,1.00,31.45,115.86,0.00,0.50,0.50,0.50,0.50,0.00,0.00,0.00,0.15,0.15,0.15,0.50,0.00,0.00,0.00,0
0.91298,35,115,238,0,DRIVE [ 96 ] [ 1 ] [ 1075 1486 1900 ] [    0    0    0 ] [      0      0      0 ] [ 0 ],drive [ 96 ] [ 1 ] [ 1117 1478 1900 ] [   66   61   12 ] [  13250   5644  10756 ] [ 0 ],1.00,1.00,1.00,1.00,35.10,115.36,0.00,0.50,0.50,0.50,0.50,0.00,0.00,0.00,0.15,0.15,0.15,0.50,0.00,0.00,0.00,0
0.924278,38,115,236,0,DRIVE [ 97 ] [ 1 ] [ 1036 1493 1900 ] [    0    0    0 ] [      0      0      0 ] [ 0 ],drive [ 96 ] [ 1 ] [ 1075 1486 1900 ] [   90   42    2 ] [  13250   5644  10756 ] [ 0 ],1.00,1.00,1.00,1.00,38.37,115.11,0.00,0.50,0.50,0.50,0.50,0.00,0.00,0.00,0.15,0.15,0.15,0.50,0.00,0.00,0.00,0
0.937393,41,114,233,0,DRIVE [ 97 ] [ 1 ] [ 0998 1499 1900 ] [    0    0    0 ] [      0      0      0 ] [ 0 ],drive [ 97 ] [ 1 ] [ 1036 1493 1900 ] [   90   42    2 ] [  13250   5644  10756 ] [ 0 ],1.00,1.00,1.00,1.00,41.25,114.42,0.00,0.50,0.50,0.50,0.50,0.00,0.00,0.00,0.15,0.15,0.15,0.50,0.00,0.00,0.00,0
0.948667,44,114,230,0,DRIVE [ 98 ] [ 1 ] [ 0958 1504 1900 ] [    0    0    0 ] [      0      0      0 ] [ 0 ],drive [ 97 ] [ 1 ] [ 0998 1499 1900 ] [   90   42    2 ] [  14216   5643  10511 ] [ 0 ],1.00,1.00,1.00,1.00,44.12,114.28,0.00,0.50,0.50,0.50,0.50,0.00,0.00,0.00,0.15,0.15,0.15,0.50,0.00,0.00,0.00,0
0.960269,47,115,230,0,DRIVE [ 98 ] [ 1 ] [ 0920 1509 1900 ] [    0    0    0 ] [      0      0      0 ] [ 0 ],drive [ 98 ] [ 1 ] [ 0958 1504 1900 ] [   90   42    2 ] [  14216   5643  10511 ] [ 0 ],1.00,1.00,1.00,1.00,47.02,114.76,0.00,0.50,0.50,0.50,0.50,0.00,0.00,0.00,0.15,0.15,0.15,0.50,0.00,0.00,0.00,0
0.972479,50,115,228,0,DRIVE [ 99 ] [ 1 ] [ 0883 1513 1900 ] [    0    0    0 ] [      0      0      0 ] [ 0 ],drive [ 98 ] [ 1 ] [ 0920 1509 1900 ] [   86   40   26 ] [  14216   5643  10511 ] [ 0 ],1.00,1.00,1.00,1.00,49.66,114.77,0.00,0.50,0.50,0.50,0.50,0.00,0.00,0.00,0.15,0.15,0.15,0.50,0.00,0.00,0.00,0
0.983704,52,114,225,0,DRIVE [ 99 ] [ 1 ] [ 0849 1517 1900 ] [    0    0    0 ] [      0      0      0 ] [ 0 ],drive [ 99 ] [ 1 ] [ 0883 1513 1900 ] [   86   40   26 ] [  14216   5643  10511 ] [ 0 ],1.00,1.00,1.00,1.00,51.58,114.03,0.00,0.50,0.50,0.50,0.50,0.00,0.00,0.00,0.15,0.15,0.15,0.50,0.00,0.00,0.00,0
0.995317,53,113,223,0,DRIVE [ 00 ] [ 1 ] [ 0820 1520 1900 ] [    0    0    0 ] [      0      0      0 ] [ 0 ],drive [ 99 ] [ 1 ] [ 0849 1517 1900 ] [   86   40   26 ] [  14216   5643  10511 ] [ 0 ],1.00,1.00,1.00,1.00,53.07,113.37,0.00,0.50,0.50,0.50,0.50,0.00,0.00,0.00,0.15,0.15,0.15,0.50,0.00,0.00,0.00,0
1.0108,54,113,222,0,DRIVE [ 00 ] [ 1 ] [ 0801 1523 1900 ] [    0    0    0 ] [      0      0      0 ] [ 0 ],drive [ 00 ] [ 1 ] [ 0820 1520 1900 ] [   86   40   26 ] [  14447   5642  10272 ] [ 0 ],1.00,1.00,1.00,1.00,54.20,112.90,0.00,0.50,0.50,0.50,0.50,0.00,0.00,0.00,0.15,0.15,0.15,0.50,0.00,0.00,0.00,0
1.02203,55,113,221,0,DRIVE [ 01 ] [ 1 ] [ 0790 1527 1900 ] [    0    0    0 ] [      0      0      0 ] [ 0 ],drive [ 00 ] [ 1 ] [ 0801 1523 1900 ] [  123   38   25 ] [  14447   5642  10272 ] [ 0 ],1.00,1.00,1.00,1.00,54.99,112.56,0.00,0.50,0.50,0.50,0.50,0.00,0.00,0.00,0.15,0.15,0.15,0.50,0.00,0.00,0.00,0
1.03426,55,112,219,0,DRIVE [ 01 ] [ 1 ] [ 0783 1530 1900 ] [    0    0    0 ] [      0      0      0 ] [ 0 ],drive [ 01 ] [ 1 ] [ 0790 1527 1900 ] [  123   38   25 ] [  14447   5642  10272 ] [ 0 ],1.00,1.00,1.00,1.00,55.41,111.93,0.00,0.50,0.50,0.50,0.50,0.00,0.00,0.00,0.15,0.15,0.15,0.50,0.00,0.00,0.00,0
1.04553,56,112,218,0,DRIVE [ 02 ] [ 1 ] [ 0774 1531 1900 ] [    0    0    0 ] [      0      0      0 ] [ 0 ],drive [ 01 ] [ 1 ] [ 0783 1530 1900 ] [  123   38   25 ] [  14447   5642  10272 ] [ 0 ],1.00,1.00,1.00,1.00,55.81,111.54,0.00,0.50,0.50,0.50,0.50,0.00,0.00,0.00,0.15,0.15,0.15,0.50,0.00,0.00,0.00,0
1.06463,56,111,216,0,DRIVE [ 02 ] [ 1 ] [ 0765 1533 1900 ] [    0    0    0 ] [      0      0      0 ] [ 0 ],drive [ 02 ] [ 1 ] [ 0774 1531 1900 ] [  123   38   25 ] [  14741   5633  10243 ] [ 0 ],1.00,1.00,1.00,1.00,56.10,110.77,0.00,0.50,0.50,0.50,0.50,0.00,0.00,0.00,0.15,0.15,0.15,0.50,0.00,0.00,0.00,0
1.07662,56,110,214,0,DRIVE [ 03 ] [ 1 ] [ 0757 1535 1900 ] [    0    0    0 ] [      0      0      0 ] [ 0 ],drive [ 02 ] [ 1 ] [ 0765 1533 1900 ] [  109   43   21 ] [  14741   5633  10243 ] [ 0 ],1.00,1.00,1.00,1.00,56.39,110.34,0.00,0.50,0.50,0.50,0.50,0.00,0.00,0.00,0.15,0.15,0.15,0.50,0.00,0.00,0.00,0
1.08855,56,110,212,0,DRIVE [ 03 ] [ 1 ] [ 0751 1536 1900 ] [    0    0    0 ] [      0      0      0 ] [ 0 ],drive [ 03 ] [ 1 ] [ 0757 1535 1900 ] [  109   43   21 ] [  14741   5633  10243 ] [ 0 ],1.00,1.00,1.00,1.00,56.40,109.55,0.00,0.50,0.50,0.50,0.50,0.00,0.00,0.00,0.15,0.15,0.15,0.50,0.00,0.00,0.00,0
1.1009,56,109,210,0,DRIVE [ 04 ] [ 1 ] [ 0744 1537 1900 ] [    0    0    0 ] [      0      0      0 ] [ 0 ],drive [ 03 ] [ 1 ] [ 0751 1536 1900 ] [  109   43   21 ] [  15468   5627   9865 ] [ 0 ],1.00,1.00,1.00,1.00,56.50,108.87,0.00,0.50,0.50,0.50,0.50,0.00,0.00,0.00,0.15,0.15,0.15,0.50,0.00,0.00,0.00,0
1.12474,57,108,208,0,DRIVE [ 04 ] [ 1 ] [ 0735 1540 1900 ] [    0    0    0 ] [      0      0      0 ] [ 0 ],drive [ 04 ] [ 1 ] [ 0744 1537 1900 ] [  109   43   21 ] [  15468   5627   9865 ] [ 0 ],1.00,1.00,1.00,1.00,56.84,108.00,0.00,0.50,0.50,0.50,0.50,0.00,0.00,0.00,0.15,0.15,0.15,0.50,0.00,0.00,0.00,0
1.14471,57,107,206,0,DRIVE [ 05 ] [ 1 ] [ 0730 1545 1900 ] [    0    0    0 ] [      0      0      0 ] [ 0 ],drive [ 04 ] [ 1 ] [ 0735 1540 1900 ] [  117   43    2 ] [  15468   5627   9865 ] [ 0 ],1.00,1.00,1.00,1.00,56.99,106.72,0.00,0.50,0.50,0.50,0.50,0.00,0.00,0.00,0.15,0.15,0.15,0.50,0.00,0.00,0.00,0
1.1562,57,105,205,0,DRIVE [ 05 ] [ 1 ] [ 0729 1549 1900 ] [    0    0    0 ] [      0      0      0 ] [ 0 ],drive [ 05 ] [ 1 ] [ 0730 1545 1900 ] [  117   43    2 ] [  15692   5623   9675 ] [ 0 ],1.00,1.00,1.00,1.00,56.78,105.31,0.00,0.50,0.50,0.50,0.50,0.00,0.00,0.00,0.15,0.15,0.15,0.50,0.00,0.00,0.00,0
1.16843,56,104,203,0,DRIVE [ 06 ] [ 1 ] [ 0730 1553 1900 ] [    0    0    0 ] [      0      0      0 ] [ 0 ],drive [ 05 ] [ 1 ] [ 0729 1549 1900 ] [  121   43   14 ] [  15692   5623   9675 ] [ 0 ],1.00,1.00,1.00,1.00,56.42,103.87,0.00,0.50,0.50,0.50,0.50,0.00,0.00,0.00,0.15,0.15,0.15,0.50,0.00,0.00,0.00,0
1.17997,56,103,202,0,DRIVE [ 06 ] [ 1 ] [ 0734 1556 1900 ] [    0    0    0 ] [      0      0      0 ] [ 0 ],drive [ 06 ] [ 1 ] [ 0730 1553 1900 ] [  121   43   14 ] [  15692   5623   9675 ] [ 0 ],1.00,1.00,1.00,1.00,56.06,102.75,0.00,0.50,0.50,0.50,0.50,0.00,0.00,0.00,0.15,0.15,0.15,0.50,0.00,0.00,0.00,0
1.1925,56,102,201,0,DRIVE [ 07 ] [ 1 ] [ 0740 1559 1900 ] [    0    0    0 ] [      0      0      0 ] [ 0 ],drive [ 06 ] [ 1 ] [ 0734 1556 1900 ] [  121   43   14 ] [  15692   5623   9675 ] [ 0 ],1.00,1.00,1.00,1.00,55.66,101.74,0.00,0.50,0.50,0.50,0.50,0.00,0.00,0.00,0.15,0.15,0.15,0.50,0.00,0.00,0.00,0
1.21247,55,100,200,0,DRIVE [ 07 ] [ 1 ] [ 0745 1564 1900 ] [    0    0    0 ] [      0      0      0 ] [ 0 ],drive [ 07 ] [ 1 ] [ 0740 1559 1900 ] [  121   43   14 ] [  15905   5620   9471 ] [ 0 ],1.00,1.00,1.00,1.00,55.16,100.15,0.00,0.50,0.50,0.50,0.50,0.00,0.00,0.00,0.15,0.15,0.15,0.50,0.00,0.00,0.00,0
1.2243,55,99,199,0,DRIVE [ 08 ] [ 1 ] [ 0757 1570 1900 ] [    0    0    0 ] [      0      0      0 ] [ 0 ],drive [ 07 ] [ 1 ] [ 0745 1564 1900 ] [  131   45   14 ] [  15905   5620   9471 ] [ 0 ],1.00,1.00,1.00,1.00,54.75,98.82,0.00,0.50,0.50,0.50,0.50,0.00,0.00,0.00,0.15,0.15,0.15,0.50,-0.42,-0.76,0.00,0
1.23652,54,97,198,0,DRIVE [ 08 ] [ 1 ] [ 0771 1577 1900 ] [    0    0    0 ] [      0      0      0 ] [ 0 ],drive [ 08 ] [ 1 ] [ 0757 1570 1900 ] [  131   45   14 ] [  15905   5620   9471 ] [ 0 ],1.00,1.00,1.00,1.00,54.35,97.48,0.00,0.50,0.50,0.50,0.50,0.00,0.00,0.00,0.15,0.15,0.15,0.50,-0.96,-1.72,0.00,0
1.24825,54,96,198,0,DRIVE [ 09 ] [ 1 ] [ 0784 1583 1900 ] [    0    0    0 ] [      0      0      0 ] [ 0 ],drive [ 08 ] [ 1 ] [ 0771 1577 1900 ] [  131   45   14 ] [  15905   5620   9471 ] [ 0 ],1.00,1.00,1.00,1.00,53.97,96.42,0.00,0.50,0.50,0.50,0.50,0.00,0.00,0.00,0.15,0.15,0.15,0.50,-1.37,-2.44,0.00,0
1.25946,53,95,196,0,DRIVE [ 09 ] [ 1 ] [ 0804 1590 1900 ] [    0    0    0 ] [      0      0      0 ] [ 0 ],drive [ 09 ] [ 1 ] [ 0784 1583 1900 ] [  131   45   14 ] [  16560   5617   9149 ] [ 0 ],1.00,1.00,1.00,1.00,53.23,94.87,0.00,0.50,0.50,0.50,0.50,0.00,0.00,0.00,0.15,0.15,0.15,0.50,-2.02,-3.60,0.00,0
1.27095,52,93,195,0,DRIVE [ 10 ] [ 1 ] [ 0825 1596 1900 ] [    0    0    0 ] [      0      0      0 ] [ 0 ],drive [ 09 ] [ 1 ] [ 0804 1590 1900 ] [  111   45    5 ] [  16560   5617   9149 ] [ 0 ],1.00,1.00,1.00,1.00,52.39,93.42,0.00,0.50,0.50,0.50,0.50,0.00,0.00,0.00,0.15,0.15,0.15,0.50,-2.62,-4.67,0.00,0
1.2924,51,92,194,0,DRIVE [ 10 ] [ 1 ] [ 0856 1604 1900 ] [    0    0    0 ] [      0      0      0 ] [ 0 ],drive [ 10 ] [ 1 ] [ 0825 1596 1900 ] [  111   45    5 ] [  16560   5617   9149 ] [ 0 ],1.00,1.00,1.00,1.00,51.14,91.53,0.00,0.50,0.50,0.50,0.50,0.00,0.00,0.00,0.15,0.15,0.15,0.50,-3.44,-6.16,0.00,0
1.30415,50,90,193,0,DRIVE [ 11 ] [ 1 ] [ 0887 1611 1900 ] [    0    0    0 ] [      0      0      0 ] [ 0 ],drive [ 10 ] [ 1 ] [ 0856 1604 1900 ] [  111   45    5 ] [  16595   5608   9028 ] [ 0 ],1.00,1.00,1.00,1.00,49.88,89.74,0.00,0.50,0.50,0.50,0.50,0.00,0.00,0.00,0.15,0.15,0.15,0.50,-4.17,-7.51,0.00,0
1.33621,49,87,191,0,DRIVE [ 11 ] [ 1 ] [ 0924 1623 1900 ] [    0    0    0 ] [      0      0      0 ] [ 0 ],drive [ 11 ] [ 1 ] [ 0887 1611 1900 ] [  102   55   27 ] [  16595   5608   9028 ] [ 0 ],1.00,1.00,1.00,1.00,48.53,87.37,0.00,0.50,0.50,0.50,0.50,0.00,0.00,0.00,0.15,0.15,0.15,0.50,-5.09,-9.17,0.00,0
1.34818,47,85,190,0,DRIVE [ 12 ] [ 1 ] [ 0954 1632 1900 ] [    0    0    0 ] [      0      0      0 ] [ 0 ],drive [ 11 ] [ 1 ] [ 0924 1623 1900 ] [  102   55   27 ] [  16595   5608   9028 ] [ 0 ],1.00,1.00,1.00,1.00,47.50,85.43,0.00,0.50,0.50,0.50,0.50,0.00,0.00,0.00,0.15,0.15,0.15,0.50,-5.73,-10.31,0.00,0
1.36037,46,83,189,0,DRIVE [ 12 ] [ 1 ] [ 0983 1642 1900 ] [    0    0    0 ] [      0      0      0 ] [ 0 ],drive [ 12 ] [ 1 ] [ 0954 1632 1900 ] [  102   55   27 ] [  16595   5566   9004 ] [ 0 ],1.00,1.00,1.00,1.00,46.47,83.36,0.00,0.50,0.50,0.50,0.50,0.00,0.00,0.00,0.15,0.15,0.15,0.50,-6.39,-11.46,0.00,0
1.37222,46,81,187,0,DRIVE [ 13 ] [ 1 ] [ 1008 1651 1900 ] [    0    0    0 ] [      0      0      0 ] [ 0 ],drive [ 12 ] [ 1 ] [ 0983 1642 1900 ] [   96   42   25 ] [  16595   5566   9004 ] [ 0 ],1.00,1.00,1.00,1.00,45.56,81.39,0.00,0.50,0.50,0.50,0.50,0.00,0.00,0.00,0.15,0.15,0.15,0.50,-6.95,-12.42,0.00,0
1.39245,45,79,186,0,DRIVE [ 13 ] [ 1 ] [ 1035 1661 1900 ] [    0    0    0 ] [      0      0      0 ] [ 0 ],drive [ 13 ] [ 1 ] [ 1008 1651 1900 ] [   96   42   25 ] [  16595   5566   9004 ] [ 0 ],1.00,1.00,1.00,1.00,44.68,79.31,0.00,0.50,0.50,0.50,0.50,0.00,0.00,0.00,0.15,0.15,0.15,0.50,-7.53,-13.37,0.00,0
1.41625,44,77,185,0,DRIVE [ 14 ] [ 1 ] [ 1061 1671 1900 ] [    0    0    0 ] [      0      0      0 ] [ 0 ],drive [ 13 ] [ 1 ] [ 1035 1661 1900 ] [   96   42   25 ] [  16593   5555   8977 ] [ 0 ],1.00,1.00,1.00,1.00,43.85,77.44,0.00,0.50,0.50,0.50,0.50,0.00,0.00,0.00,0.15,0.15,0.15,0.50,-7.99,-14.10,0.00,0
1.42822,43,75,184,0,DRIVE [ 14 ] [ 1 ] [ 1088 1681 1900 ] [    0    0    0 ] [      0      0      0 ] [ 0 ],drive [ 14 ] [ 1 ] [ 1061 1671 1900 ] [   86   35    1 ] [  16593   5555   8977 ] [ 0 ],1.00,1.00,1.00,1.00,42.92,75.48,0.00,0.50,0.50,0.50,0.50,0.00,0.00,0.00,0.15,0.15,0.15,0.50,-8.48,-14.91,0.00,0
1.44011,42,74,183,0,DRIVE [ 15 ] [ 1 ] [ 1115 1688 1900 ] [    0    0    0 ] [      0      0      0 ] [ 0 ],drive [ 14 ] [ 1 ] [ 1088 1681 1900 ] [   86   35    1 ] [  16593   5555   8977 ] [ 0 ],1.00,1.00,1.00,1.00,41.86,73.69,0.00,0.50,0.50,0.50,0.50,0.00,0.00,0.00,0.15,0.15,0.15,0.50,-8.88,-15.63,0.00,0
1.45071,41,72,182,0,DRIVE [ 15 ] [ 1 ] [ 1142 1694 1900 ] [    0    0    0 ] [      0      0      0 ] [ 0 ],drive [ 15 ] [ 1 ] [ 1115 1688 1900 ] [   86   35    1 ] [  16601   5473   8850 ] [ 0 ],1.00,1.00,1.00,1.00,40.69,72.16,0.00,0.50,0.50,0.50,0.50,0.00,0.00,0.00,0.15,0.15,0.15,0.50,-9.15,-16.22,0.00,0
1.472,39,71,181,0,DRIVE [ 16 ] [ 1 ] [ 1182 1700 1900 ] [    0    0    0 ] [      0      0      0 ] [ 0 ],drive [ 15 ] [ 1 ] [ 1142 1694 1900 ] [   86   35    1 ] [  16601   5473   8850 ] [ 0 ],1.00,1.00,1.00,1.00,38.82,70.52,0.00,0.50,0.50,0.50,0.50,0.00,0.00,0.00,0.15,0.15,0.15,0.50,-9.49,-17.24,0.00,0
1.48436,37,69,181,0,DRIVE [ 16 ] [ 1 ] [ 1220 1704 1900 ] [    0    0    0 ] [      0      0      0 ] [ 0 ],drive [ 16 ] [ 1 ] [ 1182 1700 1900 ] [   83   42    6 ] [  16601   5473   8850 ] [ 0 ],1.00,1.00,1.00,1.00,36.92,69.03,0.00,0.50,0.50,0.50,0.50,0.00,0.00,0.00,0.15,0.15,0.15,0.50,-9.69,-18.12,0.00,0
1.49593,35,68,180,0,DRIVE [ 17 ] [ 1 ] [ 1258 1708 1900 ] [    0    0    0 ] [      0      0      0 ] [ 0 ],drive [ 16 ] [ 1 ] [ 1220 1704 1900 ] [   83   42    6 ] [  16601   5473   8850 ] [ 0 ],1.00,1.00,1.00,1.00,34.93,67.54,0.00,0.50,0.50,0.50,0.50,0.00,0.00,0.00,0.15,0.15,0.15,0.50,-9.82,-18.99,0.00,0
1.50814,33,66,180,0,DRIVE [ 17 ] [ 1 ] [ 1293 1711 1900 ] [    0    0    0 ] [      0      0      0 ] [ 0 ],drive [ 17 ] [ 1 ] [ 1258 1708 1900 ] [   83   42    6 ] [  16611   5447   8788 ] [ 0 ],1.00,1.00,1.00,1.00,32.96,66.29,0.00,0.50,0.50,0.50,0.50,0.00,0.00,0.00,0.15,0.15,0.15,0.50,-9.77,-19.66,0.00,0
1.5519,29,63,178,0,DRIVE [ 18 ] [ 1 ] [ 1379 1723 1900 ] [    0    0    0 ] [      0      0      0 ] [ 0 ],drive [ 17 ] [ 1 ] [ 1293 1711 1900 ] [   75   25   21 ] [  16611   5447   8788 ] [ 0 ],1.00,1.00,1.00,1.00,28.85,63.48,0.00,0.50,0.50,0.50,0.50,0.00,0.00,0.00,0.15,0.15,0.15,0.50,-10.13,-22.29,0.00,0
1.56397,25,61,177,0,DRIVE [ 18 ] [ 1 ] [ 1448 1734 1900 ] [    0    0    0 ] [      0      0      0 ] [ 0 ],drive [ 18 ] [ 1 ] [ 1379 1723 1900 ] [   68   26   22 ] [  16604   5365   8786 ] [ 0 ],1.00,1.00,1.00,1.00,25.33,61.07,0.00,0.50,0.50,0.50,0.50,0.00,0.00,0.00,0.15,0.15,0.15,0.50,-10.02,-24.17,0.00,0
1.58395,22,58,176,0,DRIVE [ 19 ] [ 1 ] [ 1517 1747 1900 ] [    0    0    0 ] [      0      0      0 ] [ 0 ],drive [ 18 ] [ 1 ] [ 1448 1734 1900 ] [   68   26   22 ] [  16604   5365   8786 ] [ 0 ],1.00,1.00,1.00,1.00,21.66,58.44,0.00,0.50,0.50,0.50,0.50,0.00,0.00,0.00,0.15,0.15,0.15,0.50,-9.66,-26.06,0.00,0
1.59591,18,56,175,0,DRIVE [ 19 ] [ 1 ] [ 1573 1758 1900 ] [    0    0    0 ] [      0      0      0 ] [ 0 ],drive [ 19 ] [ 1 ] [ 1517 1747 1900 ] [   68   26   22 ] [  16604   5365   8786 ] [ 0 ],1.00,1.00,1.00,1.00,18.43,56.01,0.00,0.50,0.50,0.50,0.50,0.00,0.00,0.00,0.15,0.15,0.15,0.50,-9.01,-27.39,0.00,0
1.60792,16,54,174,0,DRIVE [ 20 ] [ 1 ] [ 1616 1767 1900 ] [    0    0    0 ] [      0      0      0 ] [ 0 ],drive [ 19 ] [ 1 ] [ 1573 1758 1900 ] [   68   26   22 ] [  16586   5151   8785 ] [ 0 ],1.00,1.00,1.00,1.00,15.54,53.93,0.00,0.50,0.50,0.50,0.50,0.00,0.00,0.00,0.15,0.15,0.15,0.50,-8.11,-28.14,0.00,0
1.61995,13,52,174,0,DRIVE [ 20 ] [ 1 ] [ 1649 1774 1900 ] [    0    0    0 ] [      0      0      0 ] [ 0 ],drive [ 20 ] [ 1 ] [ 1616 1767 1900 ] [   40   17   22 ] [  16586   5151   8785 ] [ 0 ],1.00,1.00,1.00,1.00,13.02,52.05,0.00,0.50,0.50,0.50,0.50,0.00,0.00,0.00,0.15,0.15,0.15,0.50,-7.12,-28.44,0.00,0
1.63979,10,50,173,0,DRIVE [ 21 ] [ 1 ] [ 1686 1783 1900 ] [    0    0    0 ] [      0      0      0 ] [ 0 ],drive [ 20 ] [ 1 ] [ 1649 1774 1900 ] [   40   17   22 ] [  16586   5151   8785 ] [ 0 ],1.00,1.00,1.00,1.00,10.30,49.83,0.00,0.50,0.50,0.50,0.50,0.00,0.00,0.00,0.15,0.15,0.15,0.50,-5.96,-28.84,0.00,0
1.6518,8,48,172,0,DRIVE [ 21 ] [ 1 ] [ 1707 1785 1900 ] [    0    0    0 ] [      0      0      0 ] [ 0 ],drive [ 21 ] [ 1 ] [ 1686 1783 1900 ] [   40   17   22 ] [  16495   4969   8786 ] [ 0 ],1.00,1.00,1.00,1.00,8.00,47.93,0.00,0.50,0.50,0.50,0.50,0.07,0.48,0.00,0.15,0.15,0.15,0.50,-4.80,-28.73,0.00,0
1.66379,6,46,171,0,DRIVE [ 22 ] [ 1 ] [ 1723 1786 1900 ] [    0    0    0 ] [      0      0      0 ] [ 0 ],drive [ 21 ] [ 1 ] [ 1707 1785 1900 ] [   22   35   21 ] [  16495   4969   8786 ] [ 0 ],1.00,1.00,1.00,1.00,5.96,46.14,0.00,0.50,0.50,0.50,0.50,0.12,0.94,0.00,0.15,0.15,0.15,0.50,-3.66,-28.35,0.00,0
1.69969,3,44,170,0,DRIVE [ 22 ] [ 1 ] [ 1748 1791 1900 ] [    0    0    0 ] [      0      0      0 ] [ 0 ],drive [ 22 ] [ 1 ] [ 1723 1786 1900 ] [   22   35   21 ] [  16495   4969   8786 ] [ 0 ],1.00,1.00,1.00,1.00,3.17,43.66,0.00,0.50,0.50,0.50,0.50,0.14,1.37,0.00,0.15,0.15,0.15,0.50,-2.04,-28.13,0.00,0
1.71063,1,42,170,0,DRIVE [ 23 ] [ 1 ] [ 1761 1789 1900 ] [    0    0    0 ] [      0      0      0 ] [ 0 ],drive [ 22 ] [ 1 ] [ 1748 1791 1900 ] [   22   35   21 ] [  16069   4850   8792 ] [ 0 ],1.00,1.00,1.00,1.00,0.84,41.75,0.00,0.50,0.50,0.50,0.50,0.14,1.78,0.00,0.15,0.15,0.15,0.50,-0.55,-27.17,0.00,0
1.73174,-1,40,169,0,DRIVE [ 23 ] [ 1 ] [ 1771 1785 1900 ] [    0    0    0 ] [      0      0      0 ] [ 0 ],drive [ 23 ] [ 1 ] [ 1761 1789 1900 ] [   39   32   18 ] [  16069   4850   8792 ] [ 0 ],1.00,1.00,1.00,1.00,-1.33,39.73,0.00,0.50,0.50,0.50,0.50,0.12,2.18,0.00,0.15,0.15,0.15,0.50,0.87,-26.04,0.00,0
1.74382,-3,38,168,0,DRIVE [ 24 ] [ 1 ] [ 1773 1775 1900 ] [    0    0    0 ] [      0      0      0 ] [ 0 ],drive [ 23 ] [ 1 ] [ 1771 1785 1900 ] [   39   32   18 ] [  16069   4850   8792 ] [ 0 ],1.00,1.00,1.00,1.00,-3.10,38.20,0.00,0.50,0.50,0.50,0.50,0.09,2.56,0.00,0.15,0.15,0.15,0.50,1.99,-24.49,0.00,0
1.75591,-5,37,167,0,DRIVE [ 24 ] [ 1 ] [ 1772 1761 1900 ] [    0    0    0 ] [      0      0      0 ] [ 0 ],drive [ 24 ] [ 1 ] [ 1773 1775 1900 ] [   39   32   18 ] [  15742   4799   8797 ] [ 0 ],1.00,1.00,1.00,1.00,-4.59,36.90,0.00,0.50,0.50,0.50,0.50,0.05,2.94,0.00,0.15,0.15,0.15,0.50,2.84,-22.81,0.00,0
1.76793,-6,36,166,0,DRIVE [ 25 ] [ 1 ] [ 1769 1746 1900 ] [    0    0    0 ] [      0      0      0 ] [ 0 ],drive [ 24 ] [ 1 ] [ 1772 1761 1900 ] [   19   34   18 ] [  15742   4799   8797 ] [ 0 ],1.00,1.00,1.00,1.00,-5.84,35.74,0.00,0.50,0.50,0.50,0.50,-0.01,3.30,0.00,0.15,0.15,0.15,0.50,3.46,-21.18,0.00,0
1.77886,-7,35,166,0,DRIVE [ 25 ] [ 1 ] [ 1764 1726 1900 ] [    0    0    0 ] [      0      0      0 ] [ 0 ],drive [ 25 ] [ 1 ] [ 1769 1746 1900 ] [   19   34   18 ] [  15742   4799   8797 ] [ 0 ],1.00,1.00,1.00,1.00,-6.94,34.89,0.00,0.50,0.50,0.50,0.50,-0.07,3.66,0.00,0.15,0.15,0.15,0.50,3.87,-19.44,0.00,0
1.78975,-8,34,165,0,DRIVE [ 26 ] [ 1 ] [ 1758 1706 1900 ] [    0    0    0 ] [      0      0      0 ] [ 0 ],drive [ 25 ] [ 1 ] [ 1764 1726 1900 ] [   19   34   18 ] [  15742   4799   8797 ] [ 0 ],1.00,1.00,1.00,1.00,-7.85,34.13,0.00,0.50,0.50,0.50,0.50,-0.14,4.01,0.00,0.15,0.15,0.15,0.50,4.11,-17.86,0.00,0
1.81176,-9,33,163,0,DRIVE [ 26 ] [ 1 ] [ 1753 1686 1900 ] [    0    0    0 ] [      0      0      0 ] [ 0 ],drive [ 26 ] [ 1 ] [ 1758 1706 1900 ] [   19   34   18 ] [  15578   4746   8819 ] [ 0 ],1.00,1.00,1.00,1.00,-8.72,33.44,0.00,0.50,0.50,0.50,0.50,-0.22,4.35,0.00,0.15,0.15,0.15,0.50,4.26,-16.33,0.00,0
1.83173,-10,33,161,0,DRIVE [ 27 ] [ 1 ] [ 1748 1663 1900 ] [    0    0    0 ] [      0      0      0 ] [ 0 ],drive [ 26 ] [ 1 ] [ 1753 1686 1900 ] [   21   19    8 ] [  15578   4746   8819 ] [ 0 ],1.00,1.00,1.00,1.00,-9.55,32.76,0.00,0.50,0.50,0.50,0.50,-0.31,4.69,0.00,0.15,0.15,0.15,0.50,4.34,-14.87,0.00,0
1.84378,-10,32,159,0,DRIVE [ 27 ] [ 1 ] [ 1742 1639 1900 ] [    0    0    0 ] [      0      0      0 ] [ 0 ],drive [ 27 ] [ 1 ] [ 1748 1663 1900 ] [   21   19    8 ] [  15578   4746   8819 ] [ 0 ],1.00,1.00,1.00,1.00,-10.27,32.24,0.00,0.50,0.50,0.50,0.50,-0.40,5.02,0.00,0.15,0.15,0.15,0.50,4.31,-13.52,0.00,0
1.8677,-11,32,157,0,DRIVE [ 28 ] [ 1 ] [ 1734 1611 1900 ] [    0    0    0 ] [      0      0      0 ] [ 0 ],drive [ 27 ] [ 1 ] [ 1742 1639 1900 ] [   21   19    8 ] [  15578   4745   8826 ] [ 0 ],1.00,1.00,1.00,1.00,-10.98,31.95,0.00,0.50,0.50,0.50,0.50,-0.51,5.36,0.00,0.15,0.15,0.15,0.50,4.17,-12.12,0.00,0
1.8796,-12,32,155,0,DRIVE [ 28 ] [ 1 ] [ 1727 1585 1900 ] [    0    0    0 ] [      0      0      0 ] [ 0 ],drive [ 28 ] [ 1 ] [ 1734 1611 1900 ] [   22   23    7 ] [  15578   4745   8826 ] [ 0 ],1.00,1.00,1.00,1.00,-11.52,31.75,0.00,0.50,0.50,0.50,0.50,-0.61,5.69,0.00,0.15,0.15,0.15,0.50,3.97,-10.94,0.00,0
1.89958,-12,32,153,0,DRIVE [ 29 ] [ 1 ] [ 1718 1558 1900 ] [    0    0    0 ] [      0      0      0 ] [ 0 ],drive [ 28 ] [ 1 ] [ 1727 1585 1900 ] [   22   23    7 ] [  15578   4745   8826 ] [ 0 ],1.00,1.00,1.00,1.00,-12.01,31.70,0.00,0.50,0.50,0.50,0.50,-0.72,6.02,0.00,0.15,0.15,0.15,0.50,3.72,-9.82,0.00,0
1.91165,-12,32,151,0,DRIVE [ 29 ] [ 1 ] [ 1710 1531 1900 ] [    0    0    0 ] [      0      0      0 ] [ 0 ],drive [ 29 ] [ 1 ] [ 1718 1558 1900 ] [   22   23    7 ] [  15579   4762   8827 ] [ 0 ],1.00,1.00,1.00,1.00,-12.43,31.69,0.00,0.50,0.50,0.50,0.50,-0.84,6.35,0.00,0.15,0.15,0.15,0.50,3.47,-8.83,0.00,0
1.92371,-13,32,150,0,DRIVE [ 30 ] [ 1 ] [ 1702 1506 1900 ] [    0    0    0 ] [      0      0      0 ] [ 0 ],drive [ 29 ] [ 1 ] [ 1710 1531 1900 ] [   24   39    7 ] [  15579   4762   8827 ] [ 0 ],1.00,1.00,1.00,1.00,-12.80,31.77,0.00,0.50,0.50,0.50,0.50,-0.96,6.68,0.00,0.15,0.15,0.15,0.50,3.19,-7.92,0.00,0
1.93551,-13,32,148,0,DRIVE [ 30 ] [ 1 ] [ 1693 1481 1900 ] [    0    0    0 ] [      0      0      0 ] [ 0 ],drive [ 30 ] [ 1 ] [ 1702 1506 1900 ] [   24   39    7 ] [  15579   4762   8827 ] [ 0 ],1.00,1.00,1.00,1.00,-13.09,31.88,0.00,0.50,0.50,0.50,0.50,-1.08,7.01,0.00,0.15,0.15,0.15,0.50,2.93,-7.14,0.00,0
1.94754,-13,32,146,0,DRIVE [ 31 ] [ 1 ] [ 1685 1457 1900 ] [    0    0    0 ] [      0      0      0 ] [ 0 ],drive [ 30 ] [ 1 ] [ 1693 1481 1900 ] [   24   39    7 ] [  15579   4762   8827 ] [ 0 ],1.00,1.00,1.00,1.00,-13.36,32.01,0.00,0.50,0.50,0.50,0.50,-1.20,7.34,0.00,0.15,0.15,0.15,0.50,2.68,-6.41,0.00,0
1.95814,-14,32,145,0,DRIVE [ 31 ] [ 1 ] [ 1678 1434 1900 ] [    0    0    0 ] [      0      0      0 ] [ 0 ],drive [ 31 ] [ 1 ] [ 1685 1457 1900 ] [   24   39    7 ] [  15579   4845   8827 ] [ 0 ],1.00,1.00,1.00,1.00,-13.63,32.09,0.00,0.50,0.50,0.50,0.50,-1.33,7.67,0.00,0.15,0.15,0.15,0.50,2.45,-5.76,0.00,0
1.96867,-14,32,143,0,DRIVE [ 32 ] [ 1 ] [ 1671 1410 1900 ] [    0    0    0 ] [      0      0      0 ] [ 0 ],drive [ 31 ] [ 1 ] [ 1678 1434 1900 ] [   28   59    7 ] [  15579   4845   8827 ] [ 0 ],1.00,1.00,1.00,1.00,-13.95,32.18,0.00,0.50,0.50,0.50,0.50,-1.46,8.01,0.00,0.15,0.15,0.15,0.50,2.22,-5.12,0.00,0
1.97937,-14,32,142,0,DRIVE [ 32 ] [ 1 ] [ 1666 1389 1900 ] [    0    0    0 ] [      0      0      0 ] [ 0 ],drive [ 32 ] [ 1 ] [ 1671 1410 1900 ] [   28   59    7 ] [  15579   4845   8827 ] [ 0 ],1.00,1.00,1.00,1.00,-14.25,32.20,0.00,0.50,0.50,0.50,0.50,-1.60,8.34,0.00,0.15,0.15,0.15,0.50,2.02,-4.56,0.00,0
1.99184,-15,32,141,0,DRIVE [ 33 ] [ 1 ] [ 1662 1369 1900 ] [    0    0    0 ] [      0      0      0 ] [ 0 ],drive [ 32 ] [ 1 ] [ 1666 1389 1900 ] [   28   59    7 ] [  15579   4845   8827 ] [ 0 ],1.00,1.00,1.00,1.00,-14.58,32.13,0.00,0.50,0.50,0.50,0.50,-1.74,8.67,0.00,0.15,0.15,0.15,0.50,1.85,-4.08,0.00,0
2.02355,-15,32,140,0,DRIVE [ 33 ] [ 1 ] [ 1662 1345 1900 ] [    0    0    0 ] [      0      0      0 ] [ 0 ],drive [ 33 ] [ 1 ] [ 1662 1369 1900 ] [   28   59    7 ] [  15581   5087   8824 ] [ 0 ],1.00,1.00,1.00,1.00,-15.22,31.76,0.00,0.50,0.50,0.50,0.50,-1.89,8.99,0.00,0.15,0.15,0.15,0.50,1.70,-3.54,0.00,0
2.03733,-16,31,138,0,DRIVE [ 34 ] [ 1 ] [ 1664 1326 1900 ] [    0    0    0 ] [      0      0      0 ] [ 0 ],drive [ 33 ] [ 1 ] [ 1662 1345 1900 ] [   31   70    8 ] [  15581   5087   8824 ] [ 0 ],1.00,1.00,1.00,1.00,-15.75,31.22,0.00,0.50,0.50,0.50,0.50,-2.04,9.30,0.00,0.15,0.15,0.15,0.50,1.62,-3.20,0.00,0
2.04798,-16,31,137,0,DRIVE [ 34 ] [ 1 ] [ 1667 1311 1900 ] [    0    0    0 ] [      0      0      0 ] [ 0 ],drive [ 34 ] [ 1 ] [ 1664 1326 1900 ] [   31   70    8 ] [  15580   5482   8820 ] [ 0 ],1.00,1.00,1.00,1.00,-16.20,30.67,0.00,0.50,0.50,0.50,0.50,-2.20,9.61,0.00,0.15,0.15,0.15,0.50,1.55,-2.94,0.00,0
2.06,-16,30,136,0,DRIVE [ 35 ] [ 1 ] [ 1672 1303 1900 ] [    0    0    0 ] [      0      0      0 ] [ 0 ],drive [ 34 ] [ 1 ] [ 1667 1311 1900 ] [   31   70    8 ] [  15580   5482   8820 ] [ 0 ],1.00,1.00,1.00,1.00,-16.49,30.00,0.00,0.50,0.50,0.50,0.50,-2.35,9.91,0.00,0.15,0.15,0.15,0.50,1.57,-2.86,0.00,0
2.07184,-17,29,136,0,DRIVE [ 35 ] [ 1 ] [ 1677 1301 1900 ] [    0    0    0 ] [      0      0      0 ] [ 0 ],drive [ 35 ] [ 1 ] [ 1672 1303 1900 ] [   31   57   10 ] [  15580   5482   8820 ] [ 0 ],1.00,1.00,1.00,1.00,-16.65,29.27,0.00,0.50,0.50,0.50,0.50,-2.51,10.20,0.00,0.15,0.15,0.15,0.50,1.66,-2.91,0.00,0
2.08341,-17,28,135,0,DRIVE [ 36 ] [ 1 ] [ 1684 1308 1900 ] [    0    0    0 ] [      0      0      0 ] [ 0 ],drive [ 35 ] [ 1 ] [ 1677 1301 1900 ] [   31   57   10 ] [  15580   5482   8820 ] [ 0 ],1.00,1.00,1.00,1.00,-16.58,28.36,0.00,0.50,0.50,0.50,0.50,-2.67,10.49,0.00,0.15,0.15,0.15,0.50,1.87,-3.19,0.00,0
2.0947,-16,27,134,0,DRIVE [ 36 ] [ 1 ] [ 1692 1323 1900 ] [    0    0    0 ] [      0      0      0 ] [ 0 ],drive [ 36 ] [ 1 ] [ 1684 1308 1900 ] [   31   57   10 ] [  15580   5482   8820 ] [ 0 ],1.00,1.00,1.00,1.00,-16.32,27.24,0.00,0.50,0.50,0.50,0.50,-2.82,10.75,0.00,0.15,0.15,0.15,0.50,2.21,-3.69,0.00,0
2.11576,-16,26,133,0,DRIVE [ 37 ] [ 1 ] [ 1704 1349 1900 ] [    0    0    0 ] [      0      0      0 ] [ 0 ],drive [ 36 ] [ 1 ] [ 1692 1323 1900 ] [   31   57   10 ] [  15580   5643   8819 ] [ 0 ],1.00,1.00,1.00,1.00,-15.93,25.80,0.00,0.50,0.50,0.50,0.50,-2.97,11.00,0.00,0.15,0.15,0.15,0.50,2.69,-4.36,0.00,0
2.12772,-15,24,133,0,DRIVE [ 37 ] [ 1 ] [ 1716 1377 1900 ] [    0    0    0 ] [      0      0      0 ] [ 0 ],drive [ 37 ] [ 1 ] [ 1704 1349 1900 ] [   29   79   10 ] [  15580   5643   8819 ] [ 0 ],1.00,1.00,1.00,1.00,-15.47,24.34,0.00,0.50,0.50,0.50,0.50,-3.11,11.24,0.00,0.15,0.15,0.15,0.50,3.19,-5.02,0.00,0
2.13951,-15,23,133,0,DRIVE [ 38 ] [ 1 ] [ 1727 1408 1900 ] [    0    0    0 ] [      0      0      0 ] [ 0 ],drive [ 37 ] [ 1 ] [ 1716 1377 1900 ] [   29   79   10 ] [  15580   5643   8819 ] [ 0 ],1.00,1.00,1.00,1.00,-14.91,22.89,0.00,0.50,0.50,0.50,0.50,-3.25,11.46,0.00,0.15,0.15,0.15,0.50,3.71,-5.70,0.00,0
2.14988,-14,22,132,0,DRIVE [ 38 ] [ 1 ] [ 1736 1437 1900 ] [    0    0    0 ] [      0      0      0 ] [ 0 ],drive [ 38 ] [ 1 ] [ 1727 1408 1900 ] [   29   79   10 ] [  15578   5784   8819 ] [ 0 ],1.00,1.00,1.00,1.00,-14.34,21.53,0.00,0.50,0.50,0.50,0.50,-3.38,11.67,0.00,0.15,0.15,0.15,0.50,4.18,-6.28,0.00,0
2.16087,-14,20,132,0,DRIVE [ 39 ] [ 1 ] [ 1746 1470 1900 ] [    0    0    0 ] [      0      0      0 ] [ 0 ],drive [ 38 ] [ 1 ] [ 1736 1437 1900 ] [   29   79   10 ] [  15578   5784   8819 ] [ 0 ],1.00,1.00,1.00,1.00,-13.69,20.18,0.00,0.50,0.50,0.50,0.50,-3.51,11.87,0.00,0.15,0.15,0.15,0.50,4.66,-6.87,0.00,0
2.17165,-13,19,132,0,DRIVE [ 39 ] [ 1 ] [ 1754 1503 1900 ] [    0    0    0 ] [      0      0      0 ] [ 0 ],drive [ 39 ] [ 1 ] [ 1746 1470 1900 ] [   18   52   11 ] [  15578   5784   8819 ] [ 0 ],1.00,1.00,1.00,1.00,-12.93,18.88,0.00,0.50,0.50,0.50,0.50,-3.63,12.05,0.00,0.15,0.15,0.15,0.50,5.13,-7.50,0.00,0
2.18374,-12,18,131,0,DRIVE [ 40 ] [ 1 ] [ 1762 1537 1900 ] [    0    0    0 ] [      0      0      0 ] [ 0 ],drive [ 39 ] [ 1 ] [ 1754 1503 1900 ] [   18   52   11 ] [  15578   5784   8819 ] [ 0 ],1.00,1.00,1.00,1.00,-12.13,17.66,0.00,0.50,0.50,0.50,0.50,-3.73,12.23,0.00,0.15,0.15,0.15,0.50,5.56,-8.10,0.00,0
2.19532,-11,16,131,0,DRIVE [ 40 ] [ 1 ] [ 1769 1567 1900 ] [    0    0    0 ] [      0      0      0 ] [ 0 ],drive [ 40 ] [ 1 ] [ 1762 1537 1900 ] [   18   52   11 ] [  15578   5784   8819 ] [ 0 ],1.00,1.00,1.00,1.00,-11.41,16.43,0.00,0.50,0.50,0.50,0.50,-3.84,12.39,0.00,0.15,0.15,0.15,0.50,5.96,-8.58,0.00,0
2.20786,-11,15,130,0,DRIVE [ 41 ] [ 1 ] [ 1776 1595 1900 ] [    0    0    0 ] [      0      0      0 ] [ 1 ],drive [ 40 ] [ 1 ] [ 1769 1567 1900 ] [   18   52   11 ] [  15402   5770   8822 ] [ 0 ],1.00,1.00,1.00,1.00,-10.75,15.26,0.00,0.50,0.50,0.50,0.50,-3.94,12.54,0.00,0.15,0.15,0.15,0.50,6.30,-8.94,0.00,0
2.22801,-10,14,130,0,DRIVE [ 41 ] [ 1 ] [ 1784 1634 1900 ] [    0    0    0 ] [      0      0      0 ] [ 1 ],drive [ 41 ] [ 1 ] [ 1776 1595 1900 ] [   30   39    7 ] [  15402   5770   8822 ] [ 1 ],1.00,1.00,1.00,1.00,-9.84,13.88,0.00,0.50,0.50,0.50,0.50,-4.02,12.67,0.00,0.15,0.15,0.15,0.50,6.78,-9.57,0.00,0
2.23989,-9,13,129,0,DRIVE [ 42 ] [ 1 ] [ 1791 1671 1900 ] [    0    0    0 ] [      0      0      0 ] [ 1 ],drive [ 41 ] [ 1 ] [ 1784 1634 1900 ] [   30   39    7 ] [  15402   5770   8822 ] [ 1 ],1.00,1.00,1.00,1.00,-8.91,12.63,0.00,0.50,0.50,0.50,0.50,-4.10,12.80,0.00,0.15,0.15,0.15,0.50,7.17,-10.15,0.00,0
2.25181,-8,11,129,0,DRIVE [ 42 ] [ 1 ] [ 1798 1705 1900 ] [    0    0    0 ] [      0      0      0 ] [ 1 ],drive [ 42 ] [ 1 ] [ 1791 1671 1900 ] [   30   39    7 ] [  15132   5745   8839 ] [ 1 ],1.00,1.00,1.00,1.00,-7.96,11.50,0.00,0.50,0.50,0.50,0.50,-4.17,12.91,0.00,0.15,0.15,0.15,0.50,7.44,-10.74,0.00,0
2.26388,-7,10,128,0,DRIVE [ 43 ] [ 1 ] [ 1805 1736 1900 ] [    0    0    0 ] [      0      0      0 ] [ 1 ],drive [ 42 ] [ 1 ] [ 1798 1705 1900 ] [   17   41    1 ] [  15132   5745   8839 ] [ 1 ],1.00,1.00,1.00,1.00,-7.03,10.47,0.00,0.50,0.50,0.50,0.50,-4.23,13.02,0.00,0.15,0.15,0.15,0.50,7.59,-11.30,0.00,0
2.27584,-6,10,128,0,DRIVE [ 43 ] [ 1 ] [ 1812 1767 1900 ] [    0    0    0 ] [      0      0      0 ] [ 1 ],drive [ 43 ] [ 1 ] [ 1805 1736 1900 ] [   17   41    1 ] [  15132   5745   8839 ] [ 1 ],1.00,1.00,1.00,1.00,-6.02,9.55,0.00,0.50,0.50,0.50,0.50,-4.28,13.11,0.00,0.15,0.15,0.15,0.50,7.56,-11.98,0.00,0
2.2871,-5,9,128,0,DRIVE [ 44 ] [ 1 ] [ 1822 1794 1900 ] [    0    0    0 ] [      0      0      0 ] [ 1 ],drive [ 43 ] [ 1 ] [ 1812 1767 1900 ] [   17   41    1 ] [  15132   5745   8839 ] [ 1 ],1.00,1.00,1.00,1.00,-5.00,8.66,0.00,0.50,0.50,0.50,0.50,-4.32,13.20,0.00,0.15,0.15,0.15,0.50,7.34,-12.70,0.00,0
2.29762,-4,8,127,0,DRIVE [ 44 ] [ 1 ] [ 1834 1820 1900 ] [    0    0    0 ] [      0      0      0 ] [ 1 ],drive [ 44 ] [ 1 ] [ 1822 1794 1900 ] [   17   41    1 ] [  14991   5699   8893 ] [ 1 ],1.00,1.00,1.00,1.00,-3.97,7.77,0.00,0.50,0.50,0.50,0.50,-4.35,13.28,0.00,0.15,0.15,0.15,0.50,6.89,-13.49,0.00,0
2.30862,-3,7,126,0,DRIVE [ 45 ] [ 1 ] [ 1850 1841 1900 ] [    0    0    0 ] [      0      0      0 ] [ 1 ],drive [ 44 ] [ 1 ] [ 1834 1820 1900 ] [   17   41    1 ] [  14991   5699   8893 ] [ 1 ],1.00,1.00,1.00,1.00,-2.91,6.88,0.00,0.50,0.50,0.50,0.50,-4.37,13.35,0.00,0.15,0.15,0.15,0.50,6.05,-14.31,0.00,0
2.33208,-1,6,126,0,DRIVE [ 45 ] [ 1 ] [ 1883 1853 1900 ] [    0    0    0 ] [      0      0      0 ] [ 1 ],drive [ 45 ] [ 1 ] [ 1850 1841 1900 ] [   29   16   22 ] [  14991   5699   8893 ] [ 1 ],1.00,1.00,1.00,1.00,-1.37,5.71,0.00,0.50,0.50,0.50,0.50,-4.37,13.40,0.00,0.15,0.15,0.15,0.50,3.72,-15.56,0.00,0
2.343,0,5,125,0,DRIVE [ 46 ] [ 1 ] [ 1883 1795 1923 ] [    0    0    0 ] [      0      0      0 ] [ 1 ],drive [ 45 ] [ 1 ] [ 1883 1853 1900 ] [   29   16   22 ] [  14991   5699   8893 ] [ 1 ],1.00,1.00,1.00,1.00,0.20,4.54,0.00,0.50,0.50,0.50,0.50,-4.36,13.45,0.00,0.15,0.15,0.15,0.50,-0.67,-14.93,0.00,0
2.35369,2,3,125,0,DRIVE [ 46 ] [ 1 ] [ 1874 1704 1923 ] [    0    0    0 ] [      0      0      0 ] [ 1 ],drive [ 46 ] [ 1 ] [ 1883 1795 1923 ] [   29   16   22 ] [  14767   5386   8956 ] [ 1 ],1.00,1.00,1.00,1.00,1.81,3.47,0.00,0.50,0.50,0.50,0.50,-4.33,13.48,0.00,0.15,0.15,0.15,0.50,-4.63,-8.89,0.00,0
2.36437,3,2,124,0,DRIVE [ 47 ] [ 1 ] [ 1759 1719 1923 ] [    0    0    0 ] [      0      0      0 ] [ 1 ],drive [ 46 ] [ 1 ] [ 1874 1704 1923 ] [    3   16   23 ] [  14767   5386   8956 ] [ 1 ],1.00,1.00,1.00,1.00,3.41,2.47,0.00,0.50,0.50,0.50,0.50,-4.28,13.51,0.00,0.15,0.15,0.15,0.50,-1.60,-1.16,0.00,0
2.37603,5,2,124,0,DRIVE [ 47 ] [ 1 ] [ 1719 1757 1923 ] [    0    0    0 ] [      0      0      0 ] [ 1 ],drive [ 47 ] [ 1 ] [ 1759 1719 1923 ] [    3   16   23 ] [  14767   5386   8956 ] [ 1 ],1.00,1.00,1.00,1.00,4.95,1.54,0.00,0.50,0.50,0.50,0.50,-4.22,13.52,0.00,0.15,0.15,0.15,0.50,0.00,0.00,0.00,0
2.38827,6,1,124,0,DRIVE [ 48 ] [ 1 ] [ 1708 1785 1923 ] [    0    0    0 ] [      0      0      0 ] [ 1 ],drive [ 47 ] [ 1 ] [ 1719 1757 1923 ] [    3   16   23 ] [  14767   5386   8956 ] [ 1 ],1.00,1.00,1.00,1.00,6.46,0.60,0.00,0.50,0.50,0.50,0.50,-4.15,13.53,0.00,0.15,0.15,0.15,0.50,0.00,0.00,0.00,0
2.40005,8,0,123,0,DRIVE [ 48 ] [ 1 ] [ 1695 1809 1923 ] [    0    0    0 ] [      0      0      0 ] [ 1 ],drive [ 48 ] [ 1 ] [ 1708 1785 1923 ] [    3   16   23 ] [  14506   5335   9027 ] [ 1 ],1.00,1.00,1.00,1.00,7.80,-0.24,0.00,0.50,0.50,0.50,0.50,-4.06,13.53,0.00,0.15,0.15,0.15,0.50,0.00,0.00,0.00,0
2.41036,9,-1,122,0,DRIVE [ 49 ] [ 1 ] [ 1676 1828 1923 ] [    0    0    0 ] [      0      0      0 ] [ 1 ],drive [ 48 ] [ 1 ] [ 1695 1809 1923 ] [    3   16   23 ] [  14506   5335   9027 ] [ 1 ],1.00,1.00,1.00,1.00,9.14,-0.82,0.00,0.50,0.50,0.50,0.50,-3.97,13.53,0.00,0.15,0.15,0.15,0.50,0.00,0.00,0.00,0
2.42148,11,-1,122,0,DRIVE [ 49 ] [ 1 ] [ 1648 1849 1923 ] [    0    0    0 ] [      0      0      0 ] [ 1 ],drive [ 49 ] [ 1 ] [ 1676 1828 1923 ] [   22   15   18 ] [  14506   5335   9027 ] [ 1 ],1.00,1.00,1.00,1.00,10.78,-1.44,0.00,0.50,0.50,0.50,0.50,-3.85,13.52,0.00,0.15,0.15,0.15,0.50,0.00,0.00,0.00,0
2.43223,13,-2,121,0,DRIVE [ 50 ] [ 1 ] [ 1613 1870 1923 ] [    0    0    0 ] [      0      0      0 ] [ 1 ],drive [ 49 ] [ 1 ] [ 1648 1849 1923 ] [   22   15   18 ] [  14506   5335   9027 ] [ 1 ],1.00,1.00,1.00,1.00,12.51,-1.96,0.00,0.50,0.50,0.50,0.50,-3.71,13.50,0.00,0.15,0.15,0.15,0.50,0.00,0.00,0.00,0
2.45607,15,-2,121,0,DRIVE [ 50 ] [ 1 ] [ 1558 1892 1923 ] [    0    0    0 ] [      0      0      0 ] [ 1 ],drive [ 50 ] [ 1 ] [ 1613 1870 1923 ] [   22   15   18 ] [  14506   5335   9027 ] [ 1 ],1.00,1.00,1.00,1.00,14.76,-2.42,0.00,0.50,0.50,0.50,0.50,-3.55,13.48,0.00,0.15,0.15,0.15,0.50,0.00,0.00,0.00,0
2.46827,17,-3,120,0,DRIVE [ 51 ] [ 1 ] [ 1500 1914 1923 ] [    0    0    0 ] [      0      0      0 ] [ 1 ],drive [ 50 ] [ 1 ] [ 1558 1892 1923 ] [   32    6    8 ] [  14532   5237   9052 ] [ 1 ],1.00,1.00,1.00,1.00,16.91,-2.85,0.00,0.50,0.50,0.50,0.50,-3.37,13.46,0.00,0.15,0.15,0.15,0.50,0.00,0.00,0.00,0
2.47951,19,-3,120,0,DRIVE [ 51 ] [ 1 ] [ 1453 1914 1919 ] [    0    0    0 ] [      0      0      0 ] [ 1 ],drive [ 51 ] [ 1 ] [ 1500 1914 1923 ] [   32    6    8 ] [  14532   5237   9052 ] [ 1 ],1.00,1.00,1.00,1.00,18.94,-3.09,0.00,0.50,0.50,0.50,0.50,-3.17,13.43,0.00,0.15,0.15,0.15,0.50,0.00,0.00,0.00,0
2.49046,21,-3,119,0,DRIVE [ 52 ] [ 1 ] [ 1423 1914 1903 ] [    0    0    0 ] [      0      0      0 ] [ 0 ],drive [ 51 ] [ 1 ] [ 1453 1914 1919 ] [   32    6    8 ] [  14532   5237   9052 ] [ 1 ],1.00,1.00,1.00,1.00,20.94,-3.27,0.00,0.50,0.50,0.50,0.50,-2.95,13.41,0.00,0.15,0.15,0.15,0.50,0.00,0.00,0.00,0
2.51205,24,-3,118,0,DRIVE [ 52 ] [ 1 ] [ 1382 1914 1882 ] [    0    0    0 ] [      0      0      0 ] [ 0 ],drive [ 52 ] [ 1 ] [ 1423 1914 1903 ] [   32    6    8 ] [  14568   4870   9065 ] [ 0 ],1.00,1.00,1.00,1.00,23.57,-3.48,0.00,0.50,0.50,0.50,0.50,-2.70,13.38,0.00,0.15,0.15,0.15,0.50,0.00,0.00,0.00,0
2.52401,26,-4,117,0,DRIVE [ 53 ] [ 1 ] [ 1339 1914 1862 ] [    0    0    0 ] [      0      0      0 ] [ 0 ],drive [ 52 ] [ 1 ] [ 1382 1914 1882 ] [   54    3    2 ] [  14568   4870   9065 ] [ 0 ],1.00,1.00,1.00,1.00,26.08,-3.63,0.00,0.50,0.50,0.50,0.50,-2.42,13.35,0.00,0.15,0.15,0.15,0.50,0.00,0.00,0.00,0
2.53495,29,-4,117,0,DRIVE [ 53 ] [ 1 ] [ 1294 1914 1842 ] [    0    0    0 ] [      0      0      0 ] [ 0 ],drive [ 53 ] [ 1 ] [ 1339 1914 1862 ] [   54    3    2 ] [  14568   4870   9065 ] [ 0 ],1.00,1.00,1.00,1.00,28.62,-3.68,0.00,0.50,0.50,0.50,0.50,-2.12,13.32,0.00,0.15,0.15,0.15,0.50,0.00,0.00,0.00,0
2.54532,31,-4,116,0,DRIVE [ 54 ] [ 1 ] [ 1249 1914 1823 ] [    0    0    0 ] [      0      0      0 ] [ 0 ],drive [ 53 ] [ 1 ] [ 1294 1914 1842 ] [   54    3    2 ] [  14568   4870   9065 ] [ 0 ],1.00,1.00,1.00,1.00,31.06,-3.76,0.00,0.50,0.50,0.50,0.50,-1.80,13.29,0.00,0.15,0.15,0.15,0.50,0.00,0.00,0.00,0
2.56814,34,-4,115,0,DRIVE [ 54 ] [ 1 ] [ 1198 1914 1803 ] [    0    0    0 ] [      0      0      0 ] [ 0 ],drive [ 54 ] [ 1 ] [ 1249 1914 1823 ] [   54    3    2 ] [  15028   4329   9104 ] [ 0 ],1.00,1.00,1.00,1.00,33.52,-3.76,0.00,0.50,0.50,0.50,0.50,-1.45,13.26,0.00,0.15,0.15,0.15,0.50,0.00,0.00,0.00,0
2.58013,36,-4,114,0,DRIVE [ 55 ] [ 1 ] [ 1154 1914 1786 ] [    0    0    0 ] [      0      0      0 ] [ 0 ],drive [ 54 ] [ 1 ] [ 1198 1914 1803 ] [   74   18   22 ] [  15028   4329   9104 ] [ 0 ],1.00,1.00,1.00,1.00,35.61,-3.75,0.00,0.50,0.50,0.50,0.50,-1.09,13.23,0.00,0.15,0.15,0.15,0.50,0.00,0.00,0.00,0
2.59214,37,-4,113,0,DRIVE [ 55 ] [ 1 ] [ 1115 1914 1770 ] [    0    0    0 ] [      0      0      0 ] [ 0 ],drive [ 55 ] [ 1 ] [ 1154 1914 1786 ] [   74   18   22 ] [  15028   4329   9104 ] [ 0 ],1.00,1.00,1.00,1.00,37.41,-3.76,0.00,0.50,0.50,0.50,0.50,-0.71,13.20,0.00,0.15,0.15,0.15,0.50,0.00,0.00,0.00,0
2.61211,39,-4,112,0,DRIVE [ 56 ] [ 1 ] [ 1078 1914 1754 ] [    0    0    0 ] [      0      0      0 ] [ 0 ],drive [ 55 ] [ 1 ] [ 1115 1914 1770 ] [   74   18   22 ] [  15446   4229   9166 ] [ 0 ],1.00,1.00,1.00,1.00,39.09,-3.84,0.00,0.50,0.50,0.50,0.50,-0.32,13.16,0.00,0.15,0.15,0.15,0.50,0.00,0.00,0.00,0
2.62411,40,-4,112,0,DRIVE [ 56 ] [ 1 ] [ 1048 1914 1740 ] [    0    0    0 ] [      0      0      0 ] [ 0 ],drive [ 56 ] [ 1 ] [ 1078 1914 1754 ] [   93   23   22 ] [  15446   4229   9166 ] [ 0 ],1.00,1.00,1.00,1.00,40.39,-3.94,0.00,0.50,0.50,0.50,0.50,0.08,13.13,0.00,0.15,0.15,0.15,0.50,0.00,0.00,0.00,0
2.64828,42,-4,111,0,DRIVE [ 57 ] [ 1 ] [ 1020 1914 1727 ] [    0    0    0 ] [      0      0      0 ] [ 0 ],drive [ 56 ] [ 1 ] [ 1048 1914 1740 ] [   93   23   22 ] [  15446   4229   9166 ] [ 0 ],1.00,1.00,1.00,1.00,41.54,-4.12,0.00,0.50,0.50,0.50,0.50,0.49,13.09,0.00,0.15,0.15,0.15,0.50,0.00,0.00,0.00,0
2.66815,43,-4,110,0,DRIVE [ 57 ] [ 1 ] [ 0996 1914 1711 ] [    0    0    0 ] [      0      0      0 ] [ 0 ],drive [ 57 ] [ 1 ] [ 1020 1914 1727 ] [   93   23   22 ] [  15936   4099   9182 ] [ 0 ],1.00,1.00,1.00,1.00,42.66,-4.49,0.00,0.50,0.50,0.50,0.50,0.91,13.05,0.00,0.15,0.15,0.15,0.50,0.00,0.00,0.00,0
2.68023,44,-5,110,0,DRIVE [ 58 ] [ 1 ] [ 0976 1914 1697 ] [    0    0    0 ] [      0      0      0 ] [ 0 ],drive [ 57 ] [ 1 ] [ 0996 1914 1711 ] [   86   18   21 ] [  15936   4099   9182 ] [ 0 ],1.00,1.00,1.00,1.00,43.61,-4.85,0.00,0.50,0.50,0.50,0.50,1.34,13.00,0.00,0.15,0.15,0.15,0.50,0.00,0.00,0.00,0
2.69239,44,-5,109,0,DRIVE [ 58 ] [ 1 ] [ 0962 1914 1683 ] [    0    0    0 ] [      0      0      0 ] [ 0 ],drive [ 58 ] [ 1 ] [ 0976 1914 1697 ] [   86   18   21 ] [  15936   4099   9182 ] [ 0 ],1.00,1.00,1.00,1.00,44.31,-5.30,0.00,0.50,0.50,0.50,0.50,1.78,12.95,0.00,0.15,0.15,0.15,0.50,0.00,0.00,0.00,0
2.70404,45,-6,109,0,DRIVE [ 59 ] [ 1 ] [ 0951 1914 1671 ] [    0    0    0 ] [      0      0      0 ] [ 0 ],drive [ 58 ] [ 1 ] [ 0962 1914 1683 ] [   86   18   21 ] [  16489   3831   9251 ] [ 0 ],1.00,1.00,1.00,1.00,44.84,-5.73,0.00,0.50,0.50,0.50,0.50,2.22,12.89,0.00,0.15,0.15,0.15,0.50,0.00,0.00,0.00,0
2.71612,45,-6,108,0,DRIVE [ 59 ] [ 1 ] [ 0944 1914 1660 ] [    0    0    0 ] [      0      0      0 ] [ 0 ],drive [ 59 ] [ 1 ] [ 0951 1914 1671 ] [  106   17   39 ] [  16489   3831   9251 ] [ 0 ],1.00,1.00,1.00,1.00,45.04,-6.17,0.00,0.50,0.50,0.50,0.50,2.65,12.83,0.00,0.15,0.15,0.15,0.50,0.00,0.00,0.00,0
2.72705,45,-7,108,0,DRIVE [ 60 ] [ 1 ] [ 0941 1914 1649 ] [    0    0    0 ] [      0      0      0 ] [ 0 ],drive [ 59 ] [ 1 ] [ 0944 1914 1660 ] [  106   17   39 ] [  16489   3831   9251 ] [ 0 ],1.00,1.00,1.00,1.00,45.24,-6.69,0.00,0.50,0.50,0.50,0.50,3.10,12.76,0.00,0.15,0.15,0.15,0.50,0.00,0.00,0.00,0
2.73839,45,-7,108,0,DRIVE [ 60 ] [ 1 ] [ 0941 1914 1640 ] [    0    0    0 ] [      0      0      0 ] [ 0 ],drive [ 60 ] [ 1 ] [ 0941 1914 1649 ] [  106   17   39 ] [  16489   3831   9251 ] [ 0 ],1.00,1.00,1.00,1.00,45.24,-7.18,0.00,0.50,0.50,0.50,0.50,3.53,12.69,0.00,0.15,0.15,0.15,0.50,0.00,0.00,0.00,0
2.74914,45,-8,108,0,DRIVE [ 61 ] [ 1 ] [ 0943 1914 1632 ] [    0    0    0 ] [      0      0      0 ] [ 0 ],drive [ 60 ] [ 1 ] [ 0941 1914 1640 ] [  106   17   39 ] [  16881   3650   9268 ] [ 0 ],1.00,1.00,1.00,1.00,45.11,-7.67,0.00,0.50,0.50,0.50,0.50,3.97,12.61,0.00,0.15,0.15,0.15,0.50,0.00,0.00,0.00,0
2.77238,45,-8,108,0,DRIVE [ 61 ] [ 1 ] [ 0952 1914 1623 ] [    0    0    0 ] [      0      0      0 ] [ 0 ],drive [ 61 ] [ 1 ] [ 0943 1914 1632 ] [  106   17   39 ] [  16881   3650   9268 ] [ 0 ],1.00,1.00,1.00,1.00,44.80,-8.33,0.00,0.50,0.50,0.50,0.50,4.40,12.53,0.00,0.15,0.15,0.15,0.50,0.00,0.00,0.00,0
2.78403,44,-9,108,0,DRIVE [ 62 ] [ 1 ] [ 0962 1914 1615 ] [    0    0    0 ] [      0      0      0 ] [ 0 ],drive [ 61 ] [ 1 ] [ 0952 1914 1623 ] [  109   23   30 ] [  16881   3650   9268 ] [ 0 ],1.00,1.00,1.00,1.00,44.29,-9.00,0.00,0.50,0.50,0.50,0.50,4.83,12.43,0.00,0.15,0.15,0.15,0.50,0.00,0.00,0.00,0
2.80418,44,-10,108,0,DRIVE [ 62 ] [ 1 ] [ 0978 1914 1607 ] [    0    0    0 ] [      0      0      0 ] [ 0 ],drive [ 62 ] [ 1 ] [ 0962 1914 1615 ] [  109   23   30 ] [  16881   3650   9268 ] [ 0 ],1.00,1.00,1.00,1.00,43.50,-9.75,0.00,0.50,0.50,0.50,0.50,5.25,12.33,0.00,0.15,0.15,0.15,0.50,0.00,0.00,0.00,0
2.81617,43,-10,108,0,DRIVE [ 63 ] [ 1 ] [ 0996 1914 1601 ] [    0    0    0 ] [      0      0      0 ] [ 0 ],drive [ 62 ] [ 1 ] [ 0978 1914 1607 ] [   98   14   45 ] [  17057   3309   9318 ] [ 0 ],1.00,1.00,1.00,1.00,42.64,-10.47,0.00,0.50,0.50,0.50,0.50,5.66,12.23,0.00,0.15,0.15,0.15,0.50,0.00,0.00,0.00,0
2.84041,41,-11,108,1,DRIVE [ 63 ] [ 1 ] [ 1022 1914 1598 ] [    0    0    0 ] [      0      0      0 ] [ 0 ],drive [ 63 ] [ 1 ] [ 0996 1914 1601 ] [   98   14   45 ] [  17057   3309   9318 ] [ 0 ],1.00,1.00,1.00,1.00,41.30,-11.16,0.00,0.50,0.50,0.50,0.50,6.05,12.11,0.00,0.15,0.15,0.15,0.50,0.00,0.00,0.00,0
