timestamp,Xmm,Ymm,Zmm,TouchDetected,OutgoingPacket,IncomingPacket,GainPropAb, GainPropAd, GainPropFl, GainPropEx,PropA, PropB, PropC,GainIntegAb, GainIntegAd, GainIntegFl, GainIntegEx,IntegA, IntegB, IntegC,GainDerivAb, GainDerivAd, GainDerivFl, GainDerivEx,DerivA, DerivB, DerivC,Heading5
1.88037,-89,-153,668,1,DRIVE [ 07 ] [ 1 ] [ 1892 2027 1518 ] [    0    0    0 ] [      0      0      0 ] [ 0 ],drive [ 07 ] [ 1 ] [ 1888 2027 1473 ] [    9    6   60 ] [  12283  12899  17274 ] [ 0 ],1.00,1.00,1.00,1.00,1.07,-6.33,0.00,0.00,0.00,0.00,0.00,0.00,-0.00,0.00,0.00,0.00,0.00,0.00,-0.00,0.00,0.00,0
0.00139388,-89,-153,668,0,DRIVE [ 08 ] [ 1 ] [ 1919 2028 1926 ] [    0    0    0 ] [      0      0      0 ] [ 0 ],drive [ 07 ] [ 1 ] [ 1919 1844 1349 ] [   13    4   42 ] [   8705  16128  18981 ] [ 0 ],1.00,1.00,1.00,1.00,-80.36,-137.83,0.00,0.00,0.00,0.00,0.00,0.00,-0.00,0.00,0.00,0.00,0.00,0.00,0.00,0.00,0.00,0
0.0183804,-88,-148,658,0,DRIVE [ 08 ] [ 1 ] [ 1919 2025 1917 ] [    0    0    0 ] [      0      0      0 ] [ 0 ],drive [ 08 ] [ 1 ] [ 1919 2028 1926 ] [   13    4   42 ] [   8705  16128  18981 ] [ 0 ],1.00,1.00,1.00,1.00,-87.89,-147.54,0.00,0.00,0.00,0.00,0.00,0.00,0.00,0.00,0.00,0.00,0.00,0.00,0.00,0.00,0.00,0
0.0335224,-89,-147,659,0,DRIVE [ 09 ] [ 1 ] [ 1919 2022 1908 ] [    0    0    0 ] [      0      0      0 ] [ 0 ],drive [ 08 ] [ 1 ] [ 1919 2025 1917 ] [   14   -6   21 ] [   8705  16128  18981 ] [ 0 ],1.00,1.00,1.00,1.00,-89.47,-146.90,0.00,0.00,0.00,0.00,0.00,0.00,0.00,0.00,0.00,0.00,0.00,0.00,0.00,0.00,0.00,0
0.0489424,-92,-149,667,0,DRIVE [ 09 ] [ 1 ] [ 1919 2019 1899 ] [    0    0    0 ] [      0      0      0 ] [ 0 ],drive [ 09 ] [ 1 ] [ 1919 2022 1908 ] [   14   -6   21 ] [   8705  16128  18981 ] [ 0 ],1.00,1.00,1.00,1.00,-91.88,-148.63,0.00,0.00,0.00,0.00,0.00,0.00,0.00,0.00,0.00,0.00,0.00,0.00,0.00,0.00,0.00,0
0.0641515,-92,-149,667,0,DRIVE [ 10 ] [ 1 ] [ 1919 2020 1902 ] [    0    0    0 ] [      0      0      0 ] [ 0 ],drive [ 09 ] [ 1 ] [ 1919 2019 1899 ] [   14   -6   21 ] [   8713  15924  18194 ] [ 0 ],1.00,1.00,1.00,1.00,-82.69,-133.76,0.00,0.00,0.00,0.00,0.00,0.00,0.00,0.00,0.00,0.00,0.00,0.00,0.00,0.00,0.00,0
0.0788922,-93,-149,670,0,DRIVE [ 10 ] [ 1 ] [ 1919 2013 1881 ] [    0    0    0 ] [      0      0      0 ] [ 0 ],drive [ 10 ] [ 1 ] [ 1919 2020 1902 ] [    3   10    4 ] [   8713  15924  18194 ] [ 0 ],1.00,1.00,1.00,1.00,-93.20,-149.27,0.00,0.00,0.00,0.00,0.00,0.00,0.00,0.00,0.00,0.00,0.00,0.00,0.00,0.00,0.00,0
0.0928389,-93,-149,670,0,DRIVE [ 11 ] [ 1 ] [ 1919 2014 1886 ] [    0    0    0 ] [      0      0      0 ] [ 0 ],drive [ 10 ] [ 1 ] [ 1919 2013 1881 ] [    3   10    4 ] [   8713  15924  18194 ] [ 0 ],1.00,1.00,1.00,1.00,-83.88,-134.34,0.00,0.00,0.00,0.00,0.00,0.00,0.00,0.00,0.00,0.00,0.00,0.00,0.00,0.00,0.00,0
0.107703,-93,-149,670,0,DRIVE [ 11 ] [ 1 ] [ 1919 2016 1890 ] [    0    0    0 ] [      0      0      0 ] [ 0 ],drive [ 11 ] [ 1 ] [ 1919 2014 1886 ] [    3   10    4 ] [   8713  15924  18194 ] [ 0 ],1.00,1.00,1.00,1.00,-75.49,-120.91,0.00,0.00,0.00,0.00,0.00,0.00,0.00,0.00,0.00,0.00,0.00,0.00,0.00,0.00,0.00,0
0.121696,-93,-149,670,0,DRIVE [ 12 ] [ 1 ] [ 1919 2017 1893 ] [    0    0    0 ] [      0      0      0 ] [ 0 ],drive [ 11 ] [ 1 ] [ 1919 2016 1890 ] [    3   10    4 ] [   8720  15935  17946 ] [ 0 ],1.00,1.00,1.00,1.00,-67.94,-108.82,0.00,0.00,0.00,0.00,0.00,0.00,0.00,0.00,0.00,0.00,0.00,0.00,0.00,0.00,0.00,0
0.136989,-237,-88,659,0,DRIVE [ 12 ] [ 1 ] [ 1919 1943 1859 ] [    0    0    0 ] [      0      0      0 ] [ 0 ],drive [ 12 ] [ 1 ] [ 1919 2017 1893 ] [    3   10    7 ] [   8720  15935  17946 ] [ 0 ],1.00,1.00,1.00,1.00,-237.27,-87.52,0.00,0.00,0.00,0.00,0.00,0.00,0.00,0.00,0.00,0.00,0.00,0.00,0.00,0.00,0.00,0
0.152645,-232,-86,643,0,DRIVE [ 13 ] [ 1 ] [ 1919 1934 1851 ] [    0    0    0 ] [      0      0      0 ] [ 0 ],drive [ 12 ] [ 1 ] [ 1919 1943 1859 ] [    3   10    7 ] [   8720  15935  17946 ] [ 0 ],1.00,1.00,1.00,1.00,-232.12,-85.74,0.00,0.00,0.00,0.00,0.00,0.00,0.00,0.00,0.00,0.00,0.00,0.00,0.00,0.00,0.00,0
0.167981,-239,-89,662,0,DRIVE [ 13 ] [ 1 ] [ 1919 1924 1843 ] [    0    0    0 ] [      0      0      0 ] [ 0 ],drive [ 13 ] [ 1 ] [ 1919 1934 1851 ] [    3   10    7 ] [   8720  15934  17942 ] [ 0 ],1.00,1.00,1.00,1.00,-239.30,-89.01,0.00,0.00,0.00,0.00,0.00,0.00,0.00,0.00,0.00,0.00,0.00,0.00,0.00,0.00,0.00,0
0.183261,-239,-89,661,0,DRIVE [ 14 ] [ 1 ] [ 1919 1914 1835 ] [    0    0    0 ] [      0      0      0 ] [ 0 ],drive [ 13 ] [ 1 ] [ 1919 1924 1843 ] [    3   20    9 ] [   8720  15934  17942 ] [ 0 ],1.00,1.00,1.00,1.00,-238.88,-88.89,0.00,0.00,0.00,0.00,0.00,0.00,0.00,0.00,0.00,0.00,0.00,0.00,0.00,0.00,0.00,0
0.197848,-239,-89,661,0,DRIVE [ 14 ] [ 1 ] [ 1919 1905 1827 ] [    0    0    0 ] [      0      0      0 ] [ 0 ],drive [ 14 ] [ 1 ] [ 1919 1914 1835 ] [    3   20    9 ] [   8720  15934  17942 ] [ 0 ],1.00,1.00,1.00,1.00,-239.21,-89.36,0.00,0.00,0.00,0.00,0.00,0.00,0.00,0.00,0.00,0.00,0.00,0.00,0.00,0.00,0.00,0
0.21278,-239,-89,661,0,DRIVE [ 15 ] [ 1 ] [ 1919 1917 1837 ] [    0    0    0 ] [      0      0      0 ] [ 0 ],drive [ 14 ] [ 1 ] [ 1919 1905 1827 ] [    3   20    9 ] [   8722  15963  17937 ] [ 0 ],1.00,1.00,1.00,1.00,-215.29,-80.42,0.00,0.00,0.00,0.00,0.00,0.00,0.00,0.00,0.00,0.00,0.00,0.00,0.00,0.00,0.00,0
0.227522,-240,-91,662,0,DRIVE [ 15 ] [ 1 ] [ 1919 1886 1812 ] [    0    0    0 ] [      0      0      0 ] [ 0 ],drive [ 15 ] [ 1 ] [ 1919 1917 1837 ] [    2   21   15 ] [   8722  15963  17937 ] [ 0 ],1.00,1.00,1.00,1.00,-239.55,-90.83,0.00,0.00,0.00,0.00,0.00,0.00,0.00,0.00,0.00,0.00,0.00,0.00,0.00,0.00,0.00,0
0.242695,-239,-92,662,0,DRIVE [ 16 ] [ 1 ] [ 1919 1877 1804 ] [    0    0    0 ] [      0      0      0 ] [ 0 ],drive [ 15 ] [ 1 ] [ 1919 1886 1812 ] [    2   21   15 ] [   8722  15963  17937 ] [ 0 ],1.00,1.00,1.00,1.00,-239.34,-91.55,0.00,0.00,0.00,0.00,0.00,0.00,0.00,0.00,0.00,0.00,0.00,0.00,0.00,0.00,0.00,0
0.257356,-239,-92,662,0,DRIVE [ 16 ] [ 1 ] [ 1919 1868 1796 ] [    0    0    0 ] [      0      0      0 ] [ 0 ],drive [ 16 ] [ 1 ] [ 1919 1877 1804 ] [    2   21   15 ] [   8722  15963  17937 ] [ 0 ],1.00,1.00,1.00,1.00,-239.33,-92.17,0.00,0.00,0.00,0.00,0.00,0.00,0.00,0.00,0.00,0.00,0.00,0.00,0.00,0.00,0.00,0
0.272467,-237,-92,657,0,DRIVE [ 17 ] [ 1 ] [ 1919 1860 1789 ] [    0    0    0 ] [      0      0      0 ] [ 0 ],drive [ 16 ] [ 1 ] [ 1919 1868 1796 ] [    2   21   15 ] [   8722  15955  17937 ] [ 0 ],1.00,1.00,1.00,1.00,-236.69,-91.60,0.00,0.00,0.00,0.00,0.00,0.00,0.00,0.00,0.00,0.00,0.00,0.00,0.00,0.00,0.00,0
0.287653,-234,-91,653,0,DRIVE [ 17 ] [ 1 ] [ 1919 1851 1782 ] [    0    0    0 ] [      0      0      0 ] [ 0 ],drive [ 17 ] [ 1 ] [ 1919 1860 1789 ] [    2   26   16 ] [   8722  15955  17937 ] [ 0 ],1.00,1.00,1.00,1.00,-234.15,-90.78,0.00,0.00,0.00,0.00,0.00,0.00,0.00,0.00,0.00,0.00,0.00,0.00,0.00,0.00,0.00,0
0.303019,-232,-90,650,0,DRIVE [ 18 ] [ 1 ] [ 1919 1843 1775 ] [    0    0    0 ] [      0      0      0 ] [ 0 ],drive [ 17 ] [ 1 ] [ 1919 1851 1782 ] [    2   26   16 ] [   8722  15955  17937 ] [ 0 ],1.00,1.00,1.00,1.00,-231.61,-89.74,0.00,0.00,0.00,0.00,0.00,0.00,0.00,0.00,0.00,0.00,0.00,0.00,0.00,0.00,0.00,0
0.317994,-230,-89,653,0,DRIVE [ 18 ] [ 1 ] [ 1919 1836 1770 ] [    0    0    0 ] [      0      0      0 ] [ 0 ],drive [ 18 ] [ 1 ] [ 1919 1843 1775 ] [    2   26   16 ] [   8722  15954  17938 ] [ 0 ],1.00,1.00,1.00,1.00,-229.82,-88.57,0.00,0.00,0.00,0.00,0.00,0.00,0.00,0.00,0.00,0.00,0.00,0.00,0.00,0.00,0.00,0
0.332893,-226,-86,652,0,DRIVE [ 19 ] [ 1 ] [ 1919 1830 1765 ] [    0    0    0 ] [      0      0      0 ] [ 0 ],drive [ 18 ] [ 1 ] [ 1919 1836 1770 ] [    2   29   18 ] [   8722  15954  17938 ] [ 0 ],1.00,1.00,1.00,1.00,-226.27,-86.43,0.00,0.00,0.00,0.00,0.00,0.00,0.00,0.00,0.00,0.00,0.00,0.00,0.00,0.00,0.00,0
0.347532,-223,-84,653,0,DRIVE [ 19 ] [ 1 ] [ 1919 1823 1761 ] [    0    0    0 ] [      0      0      0 ] [ 0 ],drive [ 19 ] [ 1 ] [ 1919 1830 1765 ] [    2   29   18 ] [   8722  15954  17938 ] [ 0 ],1.00,1.00,1.00,1.00,-223.25,-84.28,0.00,0.00,0.00,0.00,0.00,0.00,0.00,0.00,0.00,0.00,0.00,0.00,0.00,0.00,0.00,0
0.362353,-218,-80,651,0,DRIVE [ 20 ] [ 1 ] [ 1919 1819 1760 ] [    0    0    0 ] [      0      0      0 ] [ 0 ],drive [ 19 ] [ 1 ] [ 1919 1823 1761 ] [    2   29   18 ] [   8723  15959  17939 ] [ 0 ],1.00,1.00,1.00,1.00,-217.80,-80.32,0.00,0.00,0.00,0.00,0.00,0.00,0.00,0.00,0.00,0.00,0.00,0.00,0.00,0.00,0.00,0
0.37686,-214,-77,654,0,DRIVE [ 20 ] [ 1 ] [ 1919 1813 1759 ] [    0    0    0 ] [      0      0      0 ] [ 0 ],drive [ 20 ] [ 1 ] [ 1919 1819 1760 ] [    1   30   19 ] [   8723  15959  17939 ] [ 0 ],1.00,1.00,1.00,1.00,-214.34,-76.69,0.00,0.00,0.00,0.00,0.00,0.00,0.00,0.00,0.00,0.00,0.00,0.00,0.00,0.00,0.00,0
0.390983,-207,-72,646,0,DRIVE [ 21 ] [ 1 ] [ 1919 1809 1758 ] [    0    0    0 ] [      0      0      0 ] [ 0 ],drive [ 20 ] [ 1 ] [ 1919 1813 1759 ] [    1   30   19 ] [   8723  15959  17939 ] [ 0 ],1.00,1.00,1.00,1.00,-207.32,-71.85,0.00,0.00,0.00,0.00,0.00,0.00,0.00,0.00,0.00,0.00,0.00,0.00,0.00,0.00,0.00,0
0.405711,-201,-66,643,0,DRIVE [ 21 ] [ 1 ] [ 1919 1806 1760 ] [    0    0    0 ] [      0      0      0 ] [ 0 ],drive [ 21 ] [ 1 ] [ 1919 1809 1758 ] [    1   30   19 ] [   8723  15959  17939 ] [ 0 ],1.00,1.00,1.00,1.00,-200.88,-66.47,0.00,0.00,0.00,0.00,0.00,0.00,0.00,0.00,0.00,0.00,0.00,0.00,0.00,0.00,0.00,0
0.420627,-196,-62,642,0,DRIVE [ 22 ] [ 1 ] [ 1919 1802 1762 ] [    0    0    0 ] [      0      0      0 ] [ 0 ],drive [ 21 ] [ 1 ] [ 1919 1806 1760 ] [    1   30   19 ] [   8730  15962  17940 ] [ 0 ],1.00,1.00,1.00,1.00,-195.54,-61.87,0.00,0.00,0.00,0.00,0.00,0.00,0.00,0.00,0.00,0.00,0.00,0.00,0.00,0.00,0.00,0
0.435649,-191,-58,642,0,DRIVE [ 22 ] [ 1 ] [ 1919 1798 1763 ] [    0    0    0 ] [      0      0      0 ] [ 0 ],drive [ 22 ] [ 1 ] [ 1919 1802 1762 ] [    1   31   19 ] [   8730  15962  17940 ] [ 0 ],1.00,1.00,1.00,1.00,-190.69,-57.71,0.00,0.00,0.00,0.00,0.00,0.00,0.00,0.00,0.00,0.00,0.00,0.00,0.00,0.00,0.00,0
0.450803,-186,-54,642,0,DRIVE [ 23 ] [ 1 ] [ 1919 1794 1764 ] [    0    0    0 ] [      0      0      0 ] [ 0 ],drive [ 22 ] [ 1 ] [ 1919 1798 1763 ] [    1   31   19 ] [   8730  15962  17940 ] [ 0 ],1.00,1.00,1.00,1.00,-186.40,-54.24,0.00,0.00,0.00,0.00,0.00,0.00,0.00,0.00,0.00,0.00,0.00,0.00,0.00,0.00,0.00,0
0.465717,-179,-50,632,0,DRIVE [ 23 ] [ 1 ] [ 1919 1792 1765 ] [    0    0    0 ] [      0      0      0 ] [ 0 ],drive [ 23 ] [ 1 ] [ 1919 1794 1764 ] [    1   31   19 ] [   8744  15965  17940 ] [ 0 ],1.00,1.00,1.00,1.00,-178.85,-50.08,0.00,0.00,0.00,0.00,0.00,0.00,0.00,0.00,0.00,0.00,0.00,0.00,0.00,0.00,0.00,0
0.480722,-172,-47,622,0,DRIVE [ 24 ] [ 1 ] [ 1919 1789 1765 ] [    0    0    0 ] [      0      0      0 ] [ 0 ],drive [ 23 ] [ 1 ] [ 1919 1792 1765 ] [    8   28   20 ] [   8744  15965  17940 ] [ 0 ],1.00,1.00,1.00,1.00,-171.82,-46.71,0.00,0.00,0.00,0.00,0.00,0.00,0.00,0.00,0.00,0.00,0.00,0.00,0.00,0.00,0.00,0
0.495566,-168,-45,623,0,DRIVE [ 24 ] [ 1 ] [ 1919 1787 1766 ] [    0    0    0 ] [      0      0      0 ] [ 0 ],drive [ 24 ] [ 1 ] [ 1919 1789 1765 ] [    8   28   20 ] [   8744  15965  17940 ] [ 0 ],1.00,1.00,1.00,1.00,-167.73,-44.65,0.00,0.00,0.00,0.00,0.00,0.00,0.00,0.00,0.00,0.00,0.00,0.00,0.00,0.00,0.00,0
0.510515,-161,-43,617,0,DRIVE [ 25 ] [ 1 ] [ 1919 1787 1766 ] [    0    0    0 ] [      0      0      0 ] [ 0 ],drive [ 24 ] [ 1 ] [ 1919 1787 1766 ] [    8   28   20 ] [   8744  15965  17940 ] [ 0 ],1.00,1.00,1.00,1.00,-161.34,-42.56,0.00,0.00,0.00,0.00,0.00,0.00,0.00,0.00,0.00,0.00,0.00,0.00,0.00,0.00,0.00,0
0.524996,-155,-41,610,0,DRIVE [ 25 ] [ 1 ] [ 1919 1786 1766 ] [    0    0    0 ] [      0      0      0 ] [ 0 ],drive [ 25 ] [ 1 ] [ 1919 1787 1766 ] [    8   28   20 ] [   8931  15979  17935 ] [ 0 ],1.00,1.00,1.00,1.00,-155.31,-40.96,0.00,0.00,0.00,0.00,0.00,0.00,0.00,0.00,0.00,0.00,0.00,0.00,0.00,0.00,0.00,0
0.542863,-151,-40,608,0,DRIVE [ 26 ] [ 1 ] [ 1919 1786 1764 ] [    0    0    0 ] [      0      0      0 ] [ 0 ],drive [ 25 ] [ 1 ] [ 1919 1786 1766 ] [    3   28   26 ] [   8931  15979  17935 ] [ 0 ],1.00,1.00,1.00,1.00,-151.22,-40.45,0.00,0.00,0.00,0.00,0.00,0.00,0.00,0.00,0.00,0.00,0.00,0.00,0.00,0.00,0.00,0
0.559645,-147,-40,601,0,DRIVE [ 26 ] [ 1 ] [ 1919 1782 1760 ] [    0    0    0 ] [      0      0      0 ] [ 0 ],drive [ 26 ] [ 1 ] [ 1919 1786 1764 ] [    3   28   26 ] [   8931  15979  17935 ] [ 0 ],1.00,1.00,1.00,1.00,-147.26,-40.20,0.00,0.00,0.00,0.00,0.00,0.00,0.00,0.00,0.00,0.00,0.00,0.00,0.00,0.00,0.00,0
0.577291,-147,-40,601,0,DRIVE [ 27 ] [ 1 ] [ 1919 1806 1777 ] [    0    0    0 ] [      0      0      0 ] [ 0 ],drive [ 26 ] [ 1 ] [ 1919 1782 1760 ] [    3   28   26 ] [   9257  15975  17885 ] [ 0 ],1.00,1.00,1.00,1.00,-132.53,-36.18,0.00,0.00,0.00,0.00,0.00,0.00,0.00,0.00,0.00,0.00,0.00,0.00,0.00,0.00,0.00,0
0.592588,-146,-41,599,0,DRIVE [ 27 ] [ 1 ] [ 1919 1770 1750 ] [    0    0    0 ] [      0      0      0 ] [ 0 ],drive [ 27 ] [ 1 ] [ 1919 1806 1777 ] [   24   28   31 ] [   9257  15975  17885 ] [ 0 ],1.00,1.00,1.00,1.00,-145.57,-40.70,0.00,0.00,0.00,0.00,0.00,0.00,0.00,0.00,0.00,0.00,0.00,0.00,0.00,0.00,0.00,0
0.607523,-142,-40,587,0,DRIVE [ 28 ] [ 1 ] [ 1919 1765 1745 ] [    0    0    0 ] [      0      0      0 ] [ 0 ],drive [ 27 ] [ 1 ] [ 1919 1770 1750 ] [   24   28   31 ] [   9257  15975  17885 ] [ 0 ],1.00,1.00,1.00,1.00,-142.06,-40.37,0.00,0.00,0.00,0.00,0.00,0.00,0.00,0.00,0.00,0.00,0.00,0.00,0.00,0.00,0.00,0
0.622598,-140,-40,583,0,DRIVE [ 28 ] [ 1 ] [ 1919 1760 1742 ] [    0    0    0 ] [      0      0      0 ] [ 0 ],drive [ 28 ] [ 1 ] [ 1919 1765 1745 ] [   24   28   31 ] [   9442  15972  17863 ] [ 0 ],1.00,1.00,1.00,1.00,-140.36,-39.97,0.00,0.00,0.00,0.00,0.00,0.00,0.00,0.00,0.00,0.00,0.00,0.00,0.00,0.00,0.00,0
0.637546,-138,-38,576,0,DRIVE [ 29 ] [ 1 ] [ 1919 1754 1740 ] [    0    0    0 ] [      0      0      0 ] [ 0 ],drive [ 28 ] [ 1 ] [ 1919 1760 1742 ] [   14   30   25 ] [   9442  15972  17863 ] [ 0 ],1.00,1.00,1.00,1.00,-138.00,-38.22,0.00,0.00,0.00,0.00,0.00,0.00,0.00,0.00,0.00,0.00,0.00,0.00,0.00,0.00,0.00,0
0.652577,-137,-37,575,0,DRIVE [ 29 ] [ 1 ] [ 1919 1747 1738 ] [    0    0    0 ] [      0      0      0 ] [ 0 ],drive [ 29 ] [ 1 ] [ 1919 1754 1740 ] [   14   30   25 ] [   9442  15972  17863 ] [ 0 ],1.00,1.00,1.00,1.00,-137.47,-36.85,0.00,0.00,0.00,0.00,0.00,0.00,0.00,0.00,0.00,0.00,0.00,0.00,0.00,0.00,0.00,0
0.667343,-134,-34,564,0,DRIVE [ 30 ] [ 1 ] [ 1919 1740 1739 ] [    0    0    0 ] [      0      0      0 ] [ 0 ],drive [ 29 ] [ 1 ] [ 1919 1747 1738 ] [   14   30   25 ] [   9440  15972  17862 ] [ 0 ],1.00,1.00,1.00,1.00,-134.07,-33.80,0.00,0.00,0.00,0.00,0.00,0.00,0.00,0.00,0.00,0.00,0.00,0.00,0.00,0.00,0.00,0
0.68205,-131,-31,554,0,DRIVE [ 30 ] [ 1 ] [ 1919 1734 1741 ] [    0    0    0 ] [      0      0      0 ] [ 0 ],drive [ 30 ] [ 1 ] [ 1919 1740 1739 ] [   17   32   27 ] [   9440  15972  17862 ] [ 0 ],1.00,1.00,1.00,1.00,-130.66,-30.91,0.00,0.00,0.00,0.00,0.00,0.00,0.00,0.00,0.00,0.00,0.00,0.00,0.00,0.00,0.00,0
0.697084,-130,-28,554,0,DRIVE [ 31 ] [ 1 ] [ 1919 1727 1743 ] [    0    0    0 ] [      0      0      0 ] [ 0 ],drive [ 30 ] [ 1 ] [ 1919 1734 1741 ] [   17   32   27 ] [   9440  15972  17862 ] [ 0 ],1.00,1.00,1.00,1.00,-129.63,-28.19,0.00,0.00,0.00,0.00,0.00,0.00,0.00,0.00,0.00,0.00,0.00,0.00,0.00,0.00,0.00,0
0.712162,-126,-25,544,0,DRIVE [ 31 ] [ 1 ] [ 1919 1720 1746 ] [    0    0    0 ] [      0      0      0 ] [ 0 ],drive [ 31 ] [ 1 ] [ 1919 1727 1743 ] [   17   32   27 ] [   9447  15977  17859 ] [ 0 ],1.00,1.00,1.00,1.00,-126.31,-24.50,0.00,0.00,0.00,0.00,0.00,0.00,0.00,0.00,0.00,0.00,0.00,0.00,0.00,0.00,0.00,0
0.72652,-124,-21,537,0,DRIVE [ 32 ] [ 1 ] [ 1919 1711 1749 ] [    0    0    0 ] [      0      0      0 ] [ 0 ],drive [ 31 ] [ 1 ] [ 1919 1720 1746 ] [   16   32   20 ] [   9447  15977  17859 ] [ 0 ],1.00,1.00,1.00,1.00,-123.98,-21.17,0.00,0.00,0.00,0.00,0.00,0.00,0.00,0.00,0.00,0.00,0.00,0.00,0.00,0.00,0.00,0
0.744133,-122,-18,531,0,DRIVE [ 32 ] [ 1 ] [ 1919 1702 1752 ] [    0    0    0 ] [      0      0      0 ] [ 0 ],drive [ 32 ] [ 1 ] [ 1919 1711 1749 ] [   16   32   20 ] [   9447  15977  17859 ] [ 0 ],1.00,1.00,1.00,1.00,-122.27,-18.28,0.00,0.00,0.00,0.00,0.00,0.00,0.00,0.00,0.00,0.00,0.00,0.00,0.00,0.00,0.00,0
0.759061,-120,-15,524,0,DRIVE [ 33 ] [ 1 ] [ 1919 1693 1755 ] [    0    0    0 ] [      0      0      0 ] [ 0 ],drive [ 32 ] [ 1 ] [ 1919 1702 1752 ] [   16   32   20 ] [   9447  15977  17859 ] [ 0 ],1.00,1.00,1.00,1.00,-119.61,-15.12,0.00,0.00,0.00,0.00,0.00,0.00,0.00,0.00,0.00,0.00,0.00,0.00,0.00,0.00,0.00,0
0.773904,-117,-13,518,0,DRIVE [ 33 ] [ 1 ] [ 1919 1686 1757 ] [    0    0    0 ] [      0      0      0 ] [ 0 ],drive [ 33 ] [ 1 ] [ 1919 1693 1755 ] [   16   32   20 ] [   9448  15982  17849 ] [ 0 ],1.00,1.00,1.00,1.00,-117.19,-12.88,0.00,0.00,0.00,0.00,0.00,0.00,0.00,0.00,0.00,0.00,0.00,0.00,0.00,0.00,0.00,0
0.788826,-114,-11,508,0,DRIVE [ 34 ] [ 1 ] [ 1919 1680 1759 ] [    0    0    0 ] [      0      0      0 ] [ 0 ],drive [ 33 ] [ 1 ] [ 1919 1686 1757 ] [   16   31   16 ] [   9448  15982  17849 ] [ 0 ],1.00,1.00,1.00,1.00,-113.85,-11.07,0.00,0.00,0.00,0.00,0.00,0.00,0.00,0.00,0.00,0.00,0.00,0.00,0.00,0.00,0.00,0
0.80352,-111,-10,502,0,DRIVE [ 34 ] [ 1 ] [ 1919 1677 1761 ] [    0    0    0 ] [      0      0      0 ] [ 0 ],drive [ 34 ] [ 1 ] [ 1919 1680 1759 ] [   16   31   16 ] [   9448  15982  17849 ] [ 0 ],1.00,1.00,1.00,1.00,-110.90,-9.67,0.00,0.00,0.00,0.00,0.00,0.00,0.00,0.00,0.00,0.00,0.00,0.00,0.00,0.00,0.00,0
0.818376,-107,-8,491,0,DRIVE [ 35 ] [ 1 ] [ 1919 1674 1762 ] [    0    0    0 ] [      0      0      0 ] [ 0 ],drive [ 34 ] [ 1 ] [ 1919 1677 1761 ] [   16   31   16 ] [   9603  15993  17804 ] [ 0 ],1.00,1.00,1.00,1.00,-106.77,-8.38,0.00,0.00,0.00,0.00,0.00,0.00,0.00,0.00,0.00,0.00,0.00,0.00,0.00,0.00,0.00,0
0.83343,-105,-7,487,0,DRIVE [ 35 ] [ 1 ] [ 1919 1670 1763 ] [    0    0    0 ] [      0      0      0 ] [ 0 ],drive [ 35 ] [ 1 ] [ 1919 1674 1762 ] [   11   30   33 ] [   9603  15993  17804 ] [ 0 ],1.00,1.00,1.00,1.00,-104.83,-7.49,0.00,0.00,0.00,0.00,0.00,0.00,0.00,0.00,0.00,0.00,0.00,0.00,0.00,0.00,0.00,0
0.848537,-103,-6,483,0,DRIVE [ 36 ] [ 1 ] [ 1919 1666 1764 ] [    0    0    0 ] [      0      0      0 ] [ 0 ],drive [ 35 ] [ 1 ] [ 1919 1670 1763 ] [   11   30   33 ] [   9603  15993  17804 ] [ 0 ],1.00,1.00,1.00,1.00,-102.84,-6.44,0.00,0.00,0.00,0.00,0.00,0.00,0.00,0.00,0.00,0.00,0.00,0.00,0.00,0.00,0.00,0
0.863357,-101,-5,473,0,DRIVE [ 36 ] [ 1 ] [ 1919 1658 1764 ] [    0    0    0 ] [      0      0      0 ] [ 0 ],drive [ 36 ] [ 1 ] [ 1919 1666 1764 ] [   11   30   33 ] [   9984  15993  17787 ] [ 0 ],1.00,1.00,1.00,1.00,-100.50,-5.39,0.00,0.00,0.00,0.00,0.00,0.00,0.00,0.00,0.00,0.00,0.00,0.00,0.00,0.00,0.00,0
0.878052,-99,-4,467,0,DRIVE [ 37 ] [ 1 ] [ 1919 1650 1763 ] [    0    0    0 ] [      0      0      0 ] [ 0 ],drive [ 36 ] [ 1 ] [ 1919 1658 1764 ] [    0   30   38 ] [   9984  15993  17787 ] [ 0 ],1.00,1.00,1.00,1.00,-99.15,-4.46,0.00,0.00,0.00,0.00,0.00,0.00,0.00,0.00,0.00,0.00,0.00,0.00,0.00,0.00,0.00,0
0.892586,-97,-3,461,0,DRIVE [ 37 ] [ 1 ] [ 1919 1642 1765 ] [    0    0    0 ] [      0      0      0 ] [ 0 ],drive [ 37 ] [ 1 ] [ 1919 1650 1763 ] [    0   30   38 ] [   9984  15993  17787 ] [ 0 ],1.00,1.00,1.00,1.00,-97.46,-3.01,0.00,0.00,0.00,0.00,0.00,0.00,0.00,0.00,0.00,0.00,0.00,0.00,0.00,0.00,0.00,0
0.907289,-94,-1,450,0,DRIVE [ 38 ] [ 1 ] [ 1919 1636 1768 ] [    0    0    0 ] [      0      0      0 ] [ 0 ],drive [ 37 ] [ 1 ] [ 1919 1642 1765 ] [    0   30   38 ] [   9984  15993  17787 ] [ 0 ],1.00,1.00,1.00,1.00,-94.33,-1.33,0.00,0.00,0.00,0.00,0.00,0.00,0.00,0.00,0.00,0.00,0.00,0.00,0.00,0.00,0.00,0
0.921241,-92,0,445,0,DRIVE [ 38 ] [ 1 ] [ 1919 1630 1773 ] [    0    0    0 ] [      0      0      0 ] [ 0 ],drive [ 38 ] [ 1 ] [ 1919 1636 1768 ] [    0   30   38 ] [   9985  15995  17783 ] [ 0 ],1.00,1.00,1.00,1.00,-92.01,0.46,0.00,0.00,0.00,0.00,0.00,0.00,0.00,0.00,0.00,0.00,0.00,0.00,0.00,-0.00,0.00,0
0.935505,-89,3,442,0,DRIVE [ 39 ] [ 1 ] [ 1919 1628 1781 ] [    0    0    0 ] [      0      0      0 ] [ 0 ],drive [ 38 ] [ 1 ] [ 1919 1630 1773 ] [    1   32   39 ] [   9985  15995  17783 ] [ 0 ],1.00,1.00,1.00,1.00,-88.91,2.75,0.00,0.00,0.00,0.00,0.00,0.00,0.00,0.00,0.00,0.00,0.00,0.00,0.00,-0.00,0.00,0
0.949346,-85,5,438,0,DRIVE [ 39 ] [ 1 ] [ 1919 1627 1789 ] [    0    0    0 ] [      0      0      0 ] [ 0 ],drive [ 39 ] [ 1 ] [ 1919 1628 1781 ] [    1   32   39 ] [   9985  15995  17783 ] [ 0 ],1.00,1.00,1.00,1.00,-85.38,4.91,0.00,0.00,0.00,0.00,0.00,0.00,0.00,0.00,0.00,0.00,0.00,0.00,0.00,-0.00,0.00,0
0.964317,-81,7,433,0,DRIVE [ 40 ] [ 1 ] [ 1919 1629 1799 ] [    0    0    0 ] [      0      0      0 ] [ 0 ],drive [ 39 ] [ 1 ] [ 1919 1627 1789 ] [    1   32   39 ] [   9984  16004  17783 ] [ 0 ],1.00,1.00,1.00,1.00,-81.35,6.89,0.00,0.00,0.00,0.00,0.00,0.00,0.00,0.00,0.00,0.00,0.00,0.00,0.00,-0.00,0.00,0
0.978231,-76,9,424,0,DRIVE [ 40 ] [ 1 ] [ 1919 1633 1811 ] [    0    0    0 ] [      0      0      0 ] [ 0 ],drive [ 40 ] [ 1 ] [ 1919 1629 1799 ] [    1   30   37 ] [   9984  16004  17783 ] [ 0 ],1.00,1.00,1.00,1.00,-75.51,9.18,0.00,0.00,0.00,0.00,0.00,0.00,0.00,0.00,0.00,0.00,0.00,0.00,0.00,-0.00,0.00,0
0.991678,-70,11,417,0,DRIVE [ 41 ] [ 1 ] [ 1919 1638 1824 ] [    0    0    0 ] [      0      0      0 ] [ 0 ],drive [ 40 ] [ 1 ] [ 1919 1633 1811 ] [    1   30   37 ] [   9984  16004  17783 ] [ 0 ],1.00,1.00,1.00,1.00,-70.32,11.30,0.00,0.00,0.00,0.00,0.00,0.00,0.00,0.00,0.00,0.00,0.00,0.00,0.00,-0.00,0.00,0
1.00564,-66,13,411,0,DRIVE [ 41 ] [ 1 ] [ 1919 1644 1836 ] [    0    0    0 ] [      0      0      0 ] [ 0 ],drive [ 41 ] [ 1 ] [ 1919 1638 1824 ] [    1   30   37 ] [   9984  16004  17783 ] [ 0 ],1.00,1.00,1.00,1.00,-65.60,13.28,0.00,0.00,0.00,0.00,0.00,0.00,0.00,0.00,0.00,0.00,0.00,0.00,0.00,-0.00,0.00,0
1.01937,-61,15,405,0,DRIVE [ 42 ] [ 1 ] [ 1919 1651 1850 ] [    0    0    0 ] [      0      0      0 ] [ 0 ],drive [ 41 ] [ 1 ] [ 1919 1644 1836 ] [    1   30   37 ] [   9983  16005  17777 ] [ 0 ],1.00,1.00,1.00,1.00,-61.06,15.39,0.00,0.00,0.00,0.00,0.00,0.00,0.00,0.00,0.00,0.00,0.00,0.00,0.00,-0.00,0.00,0
1.03318,-56,17,398,0,DRIVE [ 42 ] [ 1 ] [ 1919 1658 1864 ] [    0    0    0 ] [      0      0      0 ] [ 0 ],drive [ 42 ] [ 1 ] [ 1919 1651 1850 ] [    1   29   32 ] [   9983  16005  17777 ] [ 0 ],1.00,1.00,1.00,1.00,-56.48,17.40,0.00,0.00,0.00,0.00,0.00,0.00,0.00,0.00,0.00,0.00,0.00,0.00,0.00,-0.00,0.00,0
1.04702,-52,20,391,0,DRIVE [ 43 ] [ 1 ] [ 1919 1662 1880 ] [    0    0    0 ] [      0      0      0 ] [ 0 ],drive [ 42 ] [ 1 ] [ 1919 1658 1864 ] [    1   29   32 ] [   9983  16005  17777 ] [ 0 ],1.00,1.00,1.00,1.00,-51.65,19.88,0.00,0.00,0.00,0.00,0.00,0.00,0.00,0.00,0.00,0.00,0.00,0.00,0.00,-0.00,0.00,0
1.06099,-48,22,384,0,DRIVE [ 43 ] [ 1 ] [ 1919 1662 1894 ] [    0    0    0 ] [      0      0      0 ] [ 0 ],drive [ 43 ] [ 1 ] [ 1919 1662 1880 ] [    1   29   32 ] [   9984  16003  17657 ] [ 0 ],1.00,1.00,1.00,1.00,-47.61,22.20,0.00,0.00,0.00,0.00,0.00,0.00,0.00,0.00,0.00,0.00,0.00,0.00,0.00,-0.00,0.00,0
1.07509,-44,24,378,0,DRIVE [ 44 ] [ 1 ] [ 1919 1660 1906 ] [    0    0    0 ] [      0      0      0 ] [ 0 ],drive [ 43 ] [ 1 ] [ 1919 1662 1894 ] [    1   29   32 ] [   9984  16003  17657 ] [ 0 ],1.00,1.00,1.00,1.00,-44.06,24.21,0.00,0.00,0.00,0.00,0.00,0.00,0.00,0.00,0.00,0.00,0.00,0.00,0.00,-0.00,0.00,0
1.09005,-41,26,371,0,DRIVE [ 44 ] [ 1 ] [ 1919 1655 1917 ] [    0    0    0 ] [      0      0      0 ] [ 0 ],drive [ 44 ] [ 1 ] [ 1919 1660 1906 ] [    1   27   16 ] [   9984  16003  17657 ] [ 0 ],1.00,1.00,1.00,1.00,-41.10,25.91,0.00,0.00,0.00,0.00,0.00,-0.00,0.00,0.00,0.00,0.00,0.00,0.00,0.00,-0.00,0.00,0
1.10344,-38,27,363,0,DRIVE [ 45 ] [ 1 ] [ 1925 1654 1917 ] [    0    0    0 ] [      0      0      0 ] [ 0 ],drive [ 44 ] [ 1 ] [ 1919 1655 1917 ] [    1   27   16 ] [   9984  16003  17657 ] [ 0 ],1.00,1.00,1.00,1.00,-38.17,26.90,0.00,0.00,0.00,0.00,0.00,-0.00,0.00,0.00,0.00,0.00,0.00,0.00,0.00,-0.00,0.00,0
1.11817,-36,27,359,0,DRIVE [ 45 ] [ 1 ] [ 1918 1669 1917 ] [    0    0    0 ] [      0      0      0 ] [ 0 ],drive [ 45 ] [ 1 ] [ 1925 1654 1917 ] [    1   27   16 ] [   9986  16002  17288 ] [ 0 ],1.00,1.00,1.00,1.00,-35.90,27.27,0.00,0.00,0.00,0.00,0.00,-0.00,0.00,0.00,0.00,0.00,0.00,0.00,0.00,-0.00,0.00,0
1.13392,-34,27,352,0,DRIVE [ 46 ] [ 1 ] [ 1914 1681 1917 ] [    0    0    0 ] [      0      0      0 ] [ 0 ],drive [ 45 ] [ 1 ] [ 1918 1669 1917 ] [    2   27   20 ] [   9986  16002  17288 ] [ 0 ],1.00,1.00,1.00,1.00,-33.85,26.89,0.00,0.00,0.00,0.00,0.00,-0.00,0.00,0.00,0.00,0.00,0.00,0.00,0.00,-0.00,0.00,0
1.14747,-32,26,347,0,DRIVE [ 46 ] [ 1 ] [ 1912 1691 1917 ] [    0    0    0 ] [      0      0      0 ] [ 0 ],drive [ 46 ] [ 1 ] [ 1914 1681 1917 ] [    2   27   20 ] [   9986  16002  17288 ] [ 0 ],1.00,1.00,1.00,1.00,-32.26,26.31,0.00,0.00,0.00,0.00,0.00,-0.00,0.00,0.00,0.00,0.00,0.00,0.00,0.00,-0.00,0.00,0
1.16094,-31,25,339,0,DRIVE [ 47 ] [ 1 ] [ 1912 1698 1917 ] [    0    0    0 ] [      0      0      0 ] [ 0 ],drive [ 46 ] [ 1 ] [ 1912 1691 1917 ] [    2   27   20 ] [  10002  16002  17203 ] [ 0 ],1.00,1.00,1.00,1.00,-30.84,25.26,0.00,0.00,0.00,0.00,0.00,-0.00,0.00,0.00,0.00,0.00,0.00,0.00,0.00,-0.00,0.00,0
1.17445,-30,24,333,0,DRIVE [ 47 ] [ 1 ] [ 1913 1702 1917 ] [    0    0    0 ] [      0      0      0 ] [ 0 ],drive [ 47 ] [ 1 ] [ 1912 1698 1917 ] [    2   27   20 ] [  10002  16002  17203 ] [ 0 ],1.00,1.00,1.00,1.00,-29.90,24.41,0.00,0.00,0.00,0.00,0.00,-0.00,0.00,0.00,0.00,0.00,0.00,0.00,0.00,-0.00,0.00,0
1.18745,-29,24,326,0,DRIVE [ 48 ] [ 1 ] [ 1912 1704 1917 ] [    0    0    0 ] [      0      0      0 ] [ 0 ],drive [ 47 ] [ 1 ] [ 1913 1702 1917 ] [   26   25   25 ] [  10002  16002  17203 ] [ 0 ],1.00,1.00,1.00,1.00,-29.17,23.93,0.00,0.00,0.00,0.00,0.00,-0.00,0.00,0.00,0.00,0.00,0.00,0.00,0.00,-0.00,0.00,0
1.2011,-29,24,321,0,DRIVE [ 48 ] [ 1 ] [ 1910 1702 1917 ] [    0    0    0 ] [      0      0      0 ] [ 0 ],drive [ 48 ] [ 1 ] [ 1912 1704 1917 ] [   26   25   25 ] [  10002  16002  17203 ] [ 0 ],1.00,1.00,1.00,1.00,-28.67,24.16,0.00,0.00,0.00,0.00,0.00,-0.00,0.00,0.00,0.00,0.00,0.00,0.00,0.00,-0.00,0.00,0
1.21704,-28,25,316,0,DRIVE [ 49 ] [ 1 ] [ 1907 1700 1917 ] [    0    0    0 ] [      0      0      0 ] [ 0 ],drive [ 48 ] [ 1 ] [ 1910 1702 1917 ] [   26   25   25 ] [  10016  15978  17203 ] [ 0 ],1.00,1.00,1.00,1.00,-28.28,24.59,0.00,0.00,0.00,0.00,0.00,-0.00,0.00,0.00,0.00,0.00,0.00,0.00,0.00,-0.00,0.00,0
1.23061,-28,25,310,0,DRIVE [ 49 ] [ 1 ] [ 1903 1698 1917 ] [    0    0    0 ] [      0      0      0 ] [ 0 ],drive [ 49 ] [ 1 ] [ 1907 1700 1917 ] [   25   36   25 ] [  10016  15978  17203 ] [ 0 ],1.00,1.00,1.00,1.00,-27.80,25.15,0.00,0.00,0.00,0.00,0.00,-0.00,0.00,0.00,0.00,0.00,0.00,0.00,0.00,-0.00,0.00,0
1.24452,-27,26,306,0,DRIVE [ 50 ] [ 1 ] [ 1898 1696 1917 ] [    0    0    0 ] [      0      0      0 ] [ 0 ],drive [ 49 ] [ 1 ] [ 1903 1698 1917 ] [   25   36   25 ] [  10016  15978  17203 ] [ 0 ],1.00,1.00,1.00,1.00,-27.45,25.91,0.00,0.00,0.00,0.00,0.00,-0.00,0.00,0.00,0.00,0.00,0.00,0.00,0.00,-0.00,0.00,0
1.259,-27,27,303,0,DRIVE [ 50 ] [ 1 ] [ 1893 1693 1917 ] [    0    0    0 ] [      0      0      0 ] [ 0 ],drive [ 50 ] [ 1 ] [ 1898 1696 1917 ] [   25   36   25 ] [  10016  15978  17203 ] [ 0 ],1.00,1.00,1.00,1.00,-27.10,26.90,0.00,0.00,0.00,0.00,0.00,-0.00,0.00,0.00,0.00,0.00,0.00,0.00,0.00,-0.00,0.00,0
1.27298,-26,28,300,0,DRIVE [ 51 ] [ 1 ] [ 1886 1692 1917 ] [    0    0    0 ] [      0      0      0 ] [ 0 ],drive [ 50 ] [ 1 ] [ 1893 1693 1917 ] [   25   36   25 ] [  10018  15975  17203 ] [ 0 ],1.00,1.00,1.00,1.00,-26.50,27.94,0.00,0.00,0.00,0.00,0.00,-0.00,0.00,0.00,0.00,0.00,0.00,0.00,0.00,-0.00,0.00,0
1.28632,-26,29,295,0,DRIVE [ 51 ] [ 1 ] [ 1877 1691 1917 ] [    0    0    0 ] [      0      0      0 ] [ 0 ],drive [ 51 ] [ 1 ] [ 1886 1692 1917 ] [   18   36   25 ] [  10018  15975  17203 ] [ 0 ],1.00,1.00,1.00,1.00,-25.59,29.45,0.00,0.00,0.00,0.00,0.00,-0.00,0.00,0.00,0.00,0.00,0.00,0.00,0.00,-0.00,0.00,0
1.29978,-25,31,290,0,DRIVE [ 52 ] [ 1 ] [ 1867 1689 1917 ] [    0    0    0 ] [      0      0      0 ] [ 0 ],drive [ 51 ] [ 1 ] [ 1877 1691 1917 ] [   18   36   25 ] [  10018  15975  17203 ] [ 0 ],1.00,1.00,1.00,1.00,-24.70,30.78,0.00,0.00,0.00,0.00,0.00,-0.00,0.00,0.00,0.00,0.00,0.00,0.00,0.00,-0.00,0.00,0
1.31309,-24,32,285,0,DRIVE [ 52 ] [ 1 ] [ 1858 1688 1917 ] [    0    0    0 ] [      0      0      0 ] [ 0 ],drive [ 52 ] [ 1 ] [ 1867 1689 1917 ] [   18   36   25 ] [  10226  15976  17195 ] [ 0 ],1.00,1.00,1.00,1.00,-23.83,31.98,0.00,0.00,0.00,0.00,0.00,-0.00,0.00,0.00,0.00,0.00,0.00,0.00,0.00,-0.00,0.00,0
1.32633,-23,33,277,0,DRIVE [ 53 ] [ 1 ] [ 1848 1685 1917 ] [    0    0    0 ] [      0      0      0 ] [ 0 ],drive [ 52 ] [ 1 ] [ 1858 1688 1917 ] [   28   36   17 ] [  10226  15976  17195 ] [ 0 ],1.00,1.00,1.00,1.00,-22.82,32.94,0.00,0.00,0.00,0.00,0.00,-0.00,0.00,0.00,0.00,0.00,0.00,0.00,0.00,-0.00,0.00,0
1.34181,-22,34,272,0,DRIVE [ 53 ] [ 1 ] [ 1840 1682 1917 ] [    0    0    0 ] [      0      0      0 ] [ 0 ],drive [ 53 ] [ 1 ] [ 1848 1685 1917 ] [   28   36   17 ] [  10226  15976  17195 ] [ 0 ],1.00,1.00,1.00,1.00,-22.08,33.69,0.00,0.00,0.00,0.00,0.00,-0.00,0.00,0.00,0.00,0.00,0.00,0.00,0.00,-0.00,0.00,0
1.35596,-21,34,266,0,DRIVE [ 54 ] [ 1 ] [ 1833 1679 1917 ] [    0    0    0 ] [      0      0      0 ] [ 0 ],drive [ 53 ] [ 1 ] [ 1840 1682 1917 ] [   28   36   17 ] [  10226  15976  17195 ] [ 0 ],1.00,1.00,1.00,1.00,-21.35,34.25,0.00,0.00,0.00,0.00,0.00,-0.00,0.00,0.00,0.00,0.00,0.00,0.00,0.00,-0.00,0.00,0
1.36898,-21,35,261,0,DRIVE [ 54 ] [ 1 ] [ 1826 1678 1917 ] [    0    0    0 ] [      0      0      0 ] [ 0 ],drive [ 54 ] [ 1 ] [ 1833 1679 1917 ] [   28   36   17 ] [  10245  15981  17167 ] [ 0 ],1.00,1.00,1.00,1.00,-20.56,34.79,0.00,0.00,0.00,0.00,0.00,-0.00,0.00,0.00,0.00,0.00,0.00,0.00,0.00,-0.00,0.00,0
1.38235,-20,35,257,0,DRIVE [ 55 ] [ 1 ] [ 1818 1680 1917 ] [    0    0    0 ] [      0      0      0 ] [ 0 ],drive [ 54 ] [ 1 ] [ 1826 1678 1917 ] [   34   36    4 ] [  10245  15981  17167 ] [ 0 ],1.00,1.00,1.00,1.00,-19.51,35.24,0.00,0.00,0.00,0.00,0.00,-0.00,0.00,0.00,0.00,0.00,0.00,0.00,0.00,0.00,0.00,0
1.3954,-17,36,250,0,DRIVE [ 55 ] [ 1 ] [ 1803 1690 1917 ] [    0    0    0 ] [      0      0      0 ] [ 0 ],drive [ 55 ] [ 1 ] [ 1818 1680 1917 ] [   34   36    4 ] [  10245  15981  17167 ] [ 0 ],1.00,1.00,1.00,1.00,-17.20,35.66,0.00,0.00,0.00,0.00,0.00,-0.00,0.00,0.00,0.00,0.00,0.00,0.00,0.00,0.00,0.00,0
1.40863,-15,36,244,0,DRIVE [ 56 ] [ 1 ] [ 1788 1701 1917 ] [    0    0    0 ] [      0      0      0 ] [ 0 ],drive [ 55 ] [ 1 ] [ 1803 1690 1917 ] [   34   36    4 ] [  10245  15981  17167 ] [ 0 ],1.00,1.00,1.00,1.00,-14.88,36.02,0.00,0.00,0.00,0.00,0.00,-0.00,0.00,0.00,0.00,0.00,0.00,0.00,0.00,0.00,0.00,0
1.42464,-13,36,238,0,DRIVE [ 56 ] [ 1 ] [ 1772 1711 1917 ] [    0    0    0 ] [      0      0      0 ] [ 0 ],drive [ 56 ] [ 1 ] [ 1788 1701 1917 ] [   34   36    4 ] [  10344  15980  17125 ] [ 0 ],1.00,1.00,1.00,1.00,-12.61,36.43,0.00,0.00,0.00,0.00,0.00,-0.00,0.00,0.00,0.00,0.00,0.00,0.00,0.00,0.00,0.00,0
1.43755,-10,37,234,0,DRIVE [ 57 ] [ 1 ] [ 1756 1721 1917 ] [    0    0    0 ] [      0      0      0 ] [ 0 ],drive [ 56 ] [ 1 ] [ 1772 1711 1917 ] [   24   34    0 ] [  10344  15980  17125 ] [ 0 ],1.00,1.00,1.00,1.00,-10.47,36.86,0.00,0.00,0.00,0.00,0.00,-0.00,0.00,0.00,0.00,0.00,0.00,0.00,0.00,0.00,0.00,0
1.45064,-8,37,227,0,DRIVE [ 57 ] [ 1 ] [ 1737 1734 1917 ] [    0    0    0 ] [      0      0      0 ] [ 0 ],drive [ 57 ] [ 1 ] [ 1756 1721 1917 ] [   24   34    0 ] [  10344  15980  17125 ] [ 0 ],1.00,1.00,1.00,1.00,-7.85,36.93,0.00,0.00,0.00,0.00,0.00,-0.00,0.00,0.00,0.00,0.00,0.00,0.00,0.00,0.00,0.00,0
1.4637,-5,37,221,0,DRIVE [ 58 ] [ 1 ] [ 1720 1747 1917 ] [    0    0    0 ] [      0      0      0 ] [ 0 ],drive [ 57 ] [ 1 ] [ 1737 1734 1917 ] [   24   34    0 ] [  10505  15971  16955 ] [ 0 ],1.00,1.00,1.00,1.00,-5.49,36.67,0.00,0.00,0.00,0.00,0.00,-0.00,0.00,0.00,0.00,0.00,0.00,0.00,0.00,0.00,0.00,0
1.47685,-3,36,215,0,DRIVE [ 58 ] [ 1 ] [ 1705 1759 1917 ] [    0    0    0 ] [      0      0      0 ] [ 0 ],drive [ 58 ] [ 1 ] [ 1720 1747 1917 ] [   40   40   11 ] [  10505  15971  16955 ] [ 0 ],1.00,1.00,1.00,1.00,-3.40,36.19,0.00,0.00,0.00,0.00,0.00,-0.00,0.00,0.00,0.00,0.00,0.00,0.00,0.00,0.00,0.00,0
1.48987,-2,36,211,0,DRIVE [ 59 ] [ 1 ] [ 1691 1770 1917 ] [    0    0    0 ] [      0      0      0 ] [ 0 ],drive [ 58 ] [ 1 ] [ 1705 1759 1917 ] [   40   40   11 ] [  10505  15971  16955 ] [ 0 ],1.00,1.00,1.00,1.00,-1.61,35.77,0.00,0.00,0.00,0.00,0.00,-0.00,0.00,0.00,0.00,0.00,0.00,0.00,0.00,0.00,0.00,0
1.50262,0,35,206,0,DRIVE [ 59 ] [ 1 ] [ 1680 1779 1917 ] [    0    0    0 ] [      0      0      0 ] [ 0 ],drive [ 59 ] [ 1 ] [ 1691 1770 1917 ] [   40   40   11 ] [  10505  15971  16955 ] [ 0 ],1.00,1.00,1.00,1.00,-0.20,35.13,0.00,0.00,0.00,0.00,0.00,-0.00,0.00,0.00,0.00,0.00,0.00,0.00,0.00,0.00,0.00,0
1.51569,1,35,200,0,DRIVE [ 60 ] [ 1 ] [ 1670 1782 1917 ] [    0    0    0 ] [      0      0      0 ] [ 0 ],drive [ 59 ] [ 1 ] [ 1680 1779 1917 ] [   40   40   11 ] [  10911  15883  16915 ] [ 0 ],1.00,1.00,1.00,1.00,0.66,34.57,0.00,0.00,0.00,0.00,0.00,-0.00,0.00,0.00,0.00,0.00,0.00,0.00,0.00,0.00,0.00,0
1.5288,1,34,195,0,DRIVE [ 60 ] [ 1 ] [ 1662 1783 1917 ] [    0    0    0 ] [      0      0      0 ] [ 0 ],drive [ 60 ] [ 1 ] [ 1670 1782 1917 ] [   31   27   23 ] [  10911  15883  16915 ] [ 0 ],1.00,1.00,1.00,1.00,1.24,34.15,0.00,0.00,0.00,0.00,0.00,-0.00,0.00,0.00,0.00,0.00,0.00,0.00,0.00,0.00,0.00,0
1.54166,2,34,191,0,DRIVE [ 61 ] [ 1 ] [ 1655 1783 1917 ] [    0    0    0 ] [      0      0      0 ] [ 0 ],drive [ 60 ] [ 1 ] [ 1662 1783 1917 ] [   31   27   23 ] [  10911  15883  16915 ] [ 0 ],1.00,1.00,1.00,1.00,1.62,33.84,0.00,0.00,0.00,0.00,0.00,-0.00,0.00,0.00,0.00,0.00,0.00,0.00,0.00,0.00,0.00,0
1.5624,2,34,186,0,DRIVE [ 61 ] [ 1 ] [ 1650 1780 1917 ] [    0    0    0 ] [      0      0      0 ] [ 0 ],drive [ 61 ] [ 1 ] [ 1655 1783 1917 ] [   31   27   23 ] [  10911  15883  16915 ] [ 0 ],1.00,1.00,1.00,1.00,1.74,33.51,0.00,0.00,0.00,0.00,0.00,-0.00,0.00,0.00,0.00,0.00,0.00,0.00,0.00,0.00,0.00,0
1.57586,2,33,182,0,DRIVE [ 62 ] [ 1 ] [ 1647 1776 1917 ] [    0    0    0 ] [      0      0      0 ] [ 0 ],drive [ 61 ] [ 1 ] [ 1650 1780 1917 ] [   37   20   22 ] [  11199  15807  16819 ] [ 0 ],1.00,1.00,1.00,1.00,1.64,33.21,0.00,0.00,0.00,0.00,0.00,-0.00,0.00,0.00,0.00,0.00,0.00,0.00,0.00,0.00,0.00,0
1.59021,1,33,178,0,DRIVE [ 62 ] [ 1 ] [ 1648 1771 1917 ] [    0    0    0 ] [      0      0      0 ] [ 0 ],drive [ 62 ] [ 1 ] [ 1647 1776 1917 ] [   37   20   22 ] [  11199  15807  16819 ] [ 0 ],1.00,1.00,1.00,1.00,1.23,32.91,0.00,0.00,0.00,0.00,0.00,-0.00,0.00,0.00,0.00,0.00,0.00,0.00,0.00,0.00,0.00,0
1.60339,1,33,175,0,DRIVE [ 63 ] [ 1 ] [ 1651 1763 1917 ] [    0    0    0 ] [      0      0      0 ] [ 0 ],drive [ 62 ] [ 1 ] [ 1648 1771 1917 ] [   37   20   22 ] [  11199  15807  16819 ] [ 0 ],1.00,1.00,1.00,1.00,0.56,32.58,0.00,0.00,0.00,0.00,0.00,-0.00,0.00,0.00,0.00,0.00,0.00,0.00,0.00,0.00,0.00,0
1.61652,-1,32,171,0,DRIVE [ 63 ] [ 1 ] [ 1662 1751 1917 ] [    0    0    0 ] [      0      0      0 ] [ 0 ],drive [ 63 ] [ 1 ] [ 1651 1763 1917 ] [   37   20   22 ] [  11467  15674  16667 ] [ 0 ],1.00,1.00,1.00,1.00,-0.77,31.90,0.00,0.00,0.00,0.00,0.00,-0.00,0.00,0.00,0.00,0.00,0.00,0.00,0.00,0.00,0.00,0
1.62908,-3,31,166,0,DRIVE [ 64 ] [ 1 ] [ 1681 1732 1917 ] [    0    0    0 ] [      0      0      0 ] [ 0 ],drive [ 63 ] [ 1 ] [ 1662 1751 1917 ] [   37   26   19 ] [  11467  15674  16667 ] [ 0 ],1.00,1.00,1.00,1.00,-2.79,30.91,0.00,0.00,0.00,0.00,0.00,-0.00,0.00,0.00,0.00,0.00,0.00,0.00,0.00,0.00,0.00,0
1.64173,-5,30,162,0,DRIVE [ 64 ] [ 1 ] [ 1698 1712 1917 ] [    0    0    0 ] [      0      0      0 ] [ 0 ],drive [ 64 ] [ 1 ] [ 1681 1732 1917 ] [   37   26   19 ] [  11467  15674  16667 ] [ 0 ],1.00,1.00,1.00,1.00,-4.69,29.92,0.00,0.00,0.00,0.00,0.00,-0.00,0.00,0.00,0.00,0.00,0.00,0.00,0.00,-0.00,0.00,0
1.65442,-6,29,157,0,DRIVE [ 65 ] [ 1 ] [ 1715 1694 1917 ] [    0    0    0 ] [      0      0      0 ] [ 0 ],drive [ 64 ] [ 1 ] [ 1698 1712 1917 ] [   37   26   19 ] [  11467  15674  16667 ] [ 0 ],1.00,1.00,1.00,1.00,-6.36,28.90,0.00,0.00,0.00,0.00,0.00,-0.00,0.00,0.00,0.00,0.00,0.00,0.00,0.00,-0.00,0.00,0
1.66746,-8,28,153,0,DRIVE [ 65 ] [ 1 ] [ 1729 1675 1917 ] [    0    0    0 ] [      0      0      0 ] [ 0 ],drive [ 65 ] [ 1 ] [ 1715 1694 1917 ] [   37   26   19 ] [  11494  15635  16615 ] [ 0 ],1.00,1.00,1.00,1.00,-7.78,27.99,0.00,0.00,0.00,0.00,0.00,-0.00,0.00,0.00,0.00,0.00,0.00,0.00,0.00,-0.00,0.00,0
1.68014,-9,27,149,0,DRIVE [ 66 ] [ 1 ] [ 1741 1660 1917 ] [    0    0    0 ] [      0      0      0 ] [ 0 ],drive [ 65 ] [ 1 ] [ 1729 1675 1917 ] [   31   34    1 ] [  11494  15635  16615 ] [ 0 ],1.00,1.00,1.00,1.00,-8.94,27.06,0.00,0.00,0.00,0.00,0.00,-0.00,0.00,0.00,0.00,0.00,0.00,0.00,0.00,-0.00,0.00,0
1.69301,-10,26,146,0,DRIVE [ 66 ] [ 1 ] [ 1754 1646 1917 ] [    0    0    0 ] [      0      0      0 ] [ 0 ],drive [ 66 ] [ 1 ] [ 1741 1660 1917 ] [   31   34    1 ] [  11494  15635  16615 ] [ 0 ],1.00,1.00,1.00,1.00,-9.97,26.07,0.00,0.00,0.00,0.00,0.00,-0.00,0.00,0.00,0.00,0.00,0.00,0.00,0.00,-0.00,0.00,0
1.70566,-11,25,143,0,DRIVE [ 67 ] [ 1 ] [ 1768 1633 1917 ] [    0    0    0 ] [      0      0      0 ] [ 0 ],drive [ 66 ] [ 1 ] [ 1754 1646 1917 ] [   31   34    1 ] [  11494  15635  16615 ] [ 0 ],1.00,1.00,1.00,1.00,-10.89,24.99,0.00,0.00,0.00,0.00,0.00,-0.00,0.00,0.00,0.00,0.00,0.00,0.00,0.00,-0.00,0.00,0
1.71785,-12,23,139,0,DRIVE [ 67 ] [ 1 ] [ 1789 1617 1917 ] [    0    0    0 ] [      0      0      0 ] [ 0 ],drive [ 67 ] [ 1 ] [ 1768 1633 1917 ] [   31   34    1 ] [  11540  15640  16393 ] [ 0 ],1.00,1.00,1.00,1.00,-12.14,23.25,0.00,0.00,0.00,0.00,0.00,-0.00,0.00,0.00,0.00,0.00,0.00,0.00,0.00,-0.00,0.00,0
1.73043,-13,21,135,0,DRIVE [ 68 ] [ 1 ] [ 1814 1599 1917 ] [    0    0    0 ] [      0      0      0 ] [ 0 ],drive [ 67 ] [ 1 ] [ 1789 1617 1917 ] [   37   36   21 ] [  11540  15640  16393 ] [ 0 ],1.00,1.00,1.00,1.00,-13.46,21.37,0.00,0.00,0.00,0.00,0.00,-0.00,0.00,0.00,0.00,0.00,0.00,0.00,0.00,-0.00,0.00,0
1.74284,-15,19,132,0,DRIVE [ 68 ] [ 1 ] [ 1842 1576 1917 ] [    0    0    0 ] [      0      0      0 ] [ 0 ],drive [ 68 ] [ 1 ] [ 1814 1599 1917 ] [   37   36   21 ] [  11540  15640  16393 ] [ 0 ],1.00,1.00,1.00,1.00,-14.95,19.34,0.00,0.00,0.00,0.00,0.00,-0.00,0.00,0.00,0.00,0.00,0.00,0.00,0.00,-0.00,0.00,0
1.75746,-17,17,129,0,DRIVE [ 69 ] [ 1 ] [ 1872 1544 1917 ] [    0    0    0 ] [      0      0      0 ] [ 0 ],drive [ 68 ] [ 1 ] [ 1842 1576 1917 ] [   37   36   21 ] [  11540  15640  16393 ] [ 0 ],1.00,1.00,1.00,1.00,-16.66,17.21,0.00,0.00,0.00,0.00,0.00,-0.00,0.00,0.00,0.00,0.00,0.00,0.00,0.00,-0.00,0.00,0
1.76948,-19,15,127,0,DRIVE [ 69 ] [ 1 ] [ 1906 1500 1917 ] [    0    0    0 ] [      0      0      0 ] [ 0 ],drive [ 69 ] [ 1 ] [ 1872 1544 1917 ] [   37   36   21 ] [  11722  15655  16211 ] [ 0 ],1.00,1.00,1.00,1.00,-18.61,15.05,0.00,0.00,0.00,0.00,0.00,-0.00,0.00,0.00,0.00,0.00,0.00,0.00,0.00,-0.00,0.00,0
1.78198,-21,13,124,0,DRIVE [ 70 ] [ 1 ] [ 1906 1470 1912 ] [    0    0    0 ] [      0      0      0 ] [ 0 ],drive [ 69 ] [ 1 ] [ 1906 1500 1917 ] [   23   32   21 ] [  11722  15655  16211 ] [ 0 ],1.00,1.00,1.00,1.00,-20.77,13.01,0.00,0.00,0.00,0.00,0.00,-0.00,0.00,0.00,0.00,0.00,0.00,0.00,0.00,-0.00,0.00,0
1.79456,-24,11,121,0,DRIVE [ 70 ] [ 1 ] [ 1906 1462 1871 ] [    0    0    0 ] [      0      0      0 ] [ 0 ],drive [ 70 ] [ 1 ] [ 1906 1470 1912 ] [   23   32   21 ] [  11722  15655  16211 ] [ 0 ],1.00,1.00,1.00,1.00,-23.72,10.59,0.00,0.00,0.00,0.00,0.00,-0.00,0.00,0.00,0.00,0.00,0.00,0.00,0.00,0.00,0.00,0
1.80686,-26,8,118,0,DRIVE [ 71 ] [ 1 ] [ 1906 1446 1831 ] [    0    0    0 ] [      0      0      0 ] [ 0 ],drive [ 70 ] [ 1 ] [ 1906 1462 1871 ] [   23   32   21 ] [  11722  15655  16211 ] [ 0 ],1.00,1.00,1.00,1.00,-26.38,8.34,0.00,0.00,0.00,0.00,0.00,-0.00,0.00,0.00,0.00,0.00,0.00,0.00,0.00,0.00,0.00,0
1.81868,-29,6,115,0,DRIVE [ 71 ] [ 1 ] [ 1906 1424 1792 ] [    0    0    0 ] [      0      0      0 ] [ 0 ],drive [ 71 ] [ 1 ] [ 1906 1446 1831 ] [   23   32   21 ] [  11719  15732  16158 ] [ 0 ],1.00,1.00,1.00,1.00,-28.89,6.37,0.00,0.00,0.00,0.00,0.00,-0.00,0.00,0.00,0.00,0.00,0.00,0.00,0.00,0.00,0.00,0
1.83077,-31,5,112,0,DRIVE [ 72 ] [ 1 ] [ 1906 1398 1755 ] [    0    0    0 ] [      0      0      0 ] [ 0 ],drive [ 71 ] [ 1 ] [ 1906 1424 1792 ] [   15   44    9 ] [  11719  15732  16158 ] [ 0 ],1.00,1.00,1.00,1.00,-31.11,4.56,0.00,0.00,0.00,0.00,0.00,-0.00,0.00,0.00,0.00,0.00,0.00,0.00,0.00,0.00,0.00,0
1.84259,-33,3,109,0,DRIVE [ 72 ] [ 1 ] [ 1906 1369 1715 ] [    0    0    0 ] [      0      0      0 ] [ 0 ],drive [ 72 ] [ 1 ] [ 1906 1398 1755 ] [   15   44    9 ] [  11719  15732  16158 ] [ 0 ],1.00,1.00,1.00,1.00,-33.31,2.78,0.00,0.00,0.00,0.00,0.00,-0.00,0.00,0.00,0.00,0.00,0.00,0.00,0.00,0.00,0.00,0
1.85387,-36,1,107,0,DRIVE [ 73 ] [ 1 ] [ 1906 1340 1675 ] [    0    0    0 ] [      0      0      0 ] [ 0 ],drive [ 72 ] [ 1 ] [ 1906 1369 1715 ] [   15   44    9 ] [  11719  15732  16158 ] [ 0 ],1.00,1.00,1.00,1.00,-35.60,1.06,0.00,0.00,0.00,0.00,0.00,-0.00,0.00,0.00,0.00,0.00,0.00,0.00,0.00,0.00,0.00,0
1.86572,-38,-1,105,0,DRIVE [ 73 ] [ 1 ] [ 1906 1307 1635 ] [    0    0    0 ] [      0      0      0 ] [ 0 ],drive [ 73 ] [ 1 ] [ 1906 1340 1675 ] [   15   44    9 ] [  11719  15800  16148 ] [ 0 ],1.00,1.00,1.00,1.00,-37.68,-0.60,0.00,0.00,0.00,0.00,0.00,-0.00,0.00,0.00,0.00,0.00,0.00,0.00,0.00,0.00,0.00,0
1.87718,-40,-2,103,0,DRIVE [ 74 ] [ 1 ] [ 1906 1271 1596 ] [    0    0    0 ] [      0      0      0 ] [ 0 ],drive [ 73 ] [ 1 ] [ 1906 1307 1635 ] [   14   76   35 ] [  11719  15800  16148 ] [ 0 ],1.00,1.00,1.00,1.00,-39.82,-2.05,0.00,0.00,0.00,0.00,0.00,-0.00,0.00,0.00,0.00,0.00,0.00,0.00,0.00,0.00,0.00,0
1.88875,-42,-3,100,0,DRIVE [ 74 ] [ 1 ] [ 1906 1234 1558 ] [    0    0    0 ] [      0      0      0 ] [ 0 ],drive [ 74 ] [ 1 ] [ 1906 1271 1596 ] [   14   76   35 ] [  11719  15800  16148 ] [ 0 ],1.00,1.00,1.00,1.00,-41.83,-3.35,0.00,0.00,0.00,0.00,0.00,-0.00,0.00,0.00,0.00,0.00,0.00,0.00,0.00,0.00,0.00,0
1.89995,-44,-4,98,0,DRIVE [ 75 ] [ 1 ] [ 1906 1195 1522 ] [    0    0    0 ] [      0      0      0 ] [ 0 ],drive [ 74 ] [ 1 ] [ 1906 1234 1558 ] [   14   76   35 ] [  11719  15800  16148 ] [ 0 ],1.00,1.00,1.00,1.00,-43.72,-4.47,0.00,0.00,0.00,0.00,0.00,-0.00,0.00,0.00,0.00,0.00,0.00,0.00,0.00,0.00,0.00,0
1.91136,-45,-5,96,0,DRIVE [ 75 ] [ 1 ] [ 1906 1158 1489 ] [    0    0    0 ] [      0      0      0 ] [ 0 ],drive [ 75 ] [ 1 ] [ 1906 1195 1522 ] [   14   76   35 ] [  11716  16143  16177 ] [ 0 ],1.00,1.00,1.00,1.00,-45.40,-5.41,0.00,0.00,0.00,0.00,0.00,-0.00,0.00,0.00,0.00,0.00,0.00,0.00,0.00,0.00,0.00,0
1.92236,-47,-6,94,0,DRIVE [ 76 ] [ 1 ] [ 1906 1125 1459 ] [    0    0    0 ] [      0      0      0 ] [ 0 ],drive [ 75 ] [ 1 ] [ 1906 1158 1489 ] [   14   76   35 ] [  11716  16143  16177 ] [ 0 ],1.00,1.00,1.00,1.00,-46.75,-6.24,0.00,0.00,0.00,0.00,0.00,-0.00,0.00,0.00,0.00,0.00,0.00,0.00,0.00,0.00,0.00,0
1.93369,-48,-7,92,0,DRIVE [ 76 ] [ 1 ] [ 1906 1096 1432 ] [    0    0    0 ] [      0      0      0 ] [ 0 ],drive [ 76 ] [ 1 ] [ 1906 1125 1459 ] [    8   79   34 ] [  11716  16143  16177 ] [ 0 ],1.00,1.00,1.00,1.00,-47.85,-6.99,0.00,0.00,0.00,0.00,0.00,-0.00,0.00,0.00,0.00,0.00,0.00,0.00,0.00,0.00,0.00,0
1.94483,-48,-8,89,0,DRIVE [ 77 ] [ 1 ] [ 1906 1072 1409 ] [    0    0    0 ] [      0      0      0 ] [ 0 ],drive [ 76 ] [ 1 ] [ 1906 1096 1432 ] [    8   79   34 ] [  11716  16143  16177 ] [ 0 ],1.00,1.00,1.00,1.00,-48.43,-7.57,0.00,0.00,0.00,0.00,0.00,-0.00,0.00,0.00,0.00,0.00,0.00,0.00,0.00,0.00,0.00,0
1.95586,-49,-8,87,0,DRIVE [ 77 ] [ 1 ] [ 1906 1052 1392 ] [    0    0    0 ] [      0      0      0 ] [ 0 ],drive [ 77 ] [ 1 ] [ 1906 1072 1409 ] [    8   79   34 ] [  11716  16143  16177 ] [ 0 ],1.00,1.00,1.00,1.00,-48.67,-7.90,0.00,0.00,0.00,0.00,0.00,-0.00,0.00,0.00,0.00,0.00,0.00,0.00,0.00,0.00,0.00,0
1.9667,-49,-8,85,0,DRIVE [ 78 ] [ 1 ] [ 1906 1037 1382 ] [    0    0    0 ] [      0      0      0 ] [ 0 ],drive [ 77 ] [ 1 ] [ 1906 1052 1392 ] [    8   79   34 ] [  11671  16869  16447 ] [ 0 ],1.00,1.00,1.00,1.00,-48.64,-8.00,0.00,0.00,0.00,0.00,0.00,-0.00,0.00,0.00,0.00,0.00,0.00,0.00,0.00,0.00,0.00,0
1.97791,-48,-8,84,0,DRIVE [ 78 ] [ 1 ] [ 1906 1025 1378 ] [    0    0    0 ] [      0      0      0 ] [ 0 ],drive [ 78 ] [ 1 ] [ 1906 1037 1382 ] [   25   94   58 ] [  11671  16869  16447 ] [ 0 ],1.00,1.00,1.00,1.00,-48.30,-7.72,0.00,0.00,0.00,0.00,0.00,-0.00,0.00,0.00,0.00,0.00,0.00,0.00,0.00,0.00,0.00,0
1.98886,-48,-7,82,0,DRIVE [ 79 ] [ 1 ] [ 1906 1025 1380 ] [    0    0    0 ] [      0      0      0 ] [ 0 ],drive [ 78 ] [ 1 ] [ 1906 1025 1378 ] [   25   94   58 ] [  11671  16869  16447 ] [ 0 ],1.00,1.00,1.00,1.00,-47.72,-7.23,0.00,0.00,0.00,0.00,0.00,-0.00,0.00,0.00,0.00,0.00,0.00,0.00,0.00,0.00,0.00,0
2.00042,-47,-7,80,0,DRIVE [ 79 ] [ 1 ] [ 1906 1025 1384 ] [    0    0    0 ] [      0      0      0 ] [ 0 ],drive [ 79 ] [ 1 ] [ 1906 1025 1380 ] [   25   94   58 ] [  11671  16869  16447 ] [ 0 ],1.00,1.00,1.00,1.00,-47.09,-6.66,0.00,0.00,0.00,0.00,0.00,-0.00,0.00,0.00,0.00,0.00,0.00,0.00,0.00,0.00,0.00,0
2.01135,-47,-6,78,0,DRIVE [ 80 ] [ 1 ] [ 1906 1025 1391 ] [    0    0    0 ] [      0      0      0 ] [ 0 ],drive [ 79 ] [ 1 ] [ 1906 1025 1384 ] [   25   94   58 ] [  11552  17243  16705 ] [ 0 ],1.00,1.00,1.00,1.00,-46.54,-5.96,0.00,0.00,0.00,0.00,0.00,-0.00,0.00,0.00,0.00,0.00,0.00,0.00,0.00,0.00,0.00,0
2.02244,-46,-5,76,0,DRIVE [ 80 ] [ 1 ] [ 1906 1025 1397 ] [    0    0    0 ] [      0      0      0 ] [ 0 ],drive [ 80 ] [ 1 ] [ 1906 1025 1391 ] [   25   94   58 ] [  11552  17243  16705 ] [ 0 ],1.00,1.00,1.00,1.00,-45.93,-5.18,0.00,0.00,0.00,0.00,0.00,-0.00,0.00,0.00,0.00,0.00,0.00,0.00,0.00,0.00,0.00,0
2.03302,-46,-5,76,0,DRIVE [ 81 ] [ 1 ] [ 1906 1025 1403 ] [    0    0    0 ] [      0      0      0 ] [ 0 ],drive [ 80 ] [ 1 ] [ 1906 1025 1397 ] [   13   85   49 ] [  11552  17243  16705 ] [ 0 ],1.00,1.00,1.00,1.00,-46.49,-4.55,0.00,0.00,0.00,0.00,0.00,-0.00,0.00,0.00,0.00,0.00,0.00,0.00,0.00,0.00,0.00,0
2.04383,-46,-4,74,0,DRIVE [ 81 ] [ 1 ] [ 1906 1025 1403 ] [    0    0    0 ] [      0      0      0 ] [ 0 ],drive [ 81 ] [ 1 ] [ 1906 1025 1403 ] [   13   85   49 ] [  11552  17243  16705 ] [ 0 ],1.00,1.00,1.00,1.00,-45.89,-4.04,0.00,0.00,0.00,0.00,0.00,-0.00,0.00,0.00,0.00,0.00,0.00,0.00,0.00,0.00,0.00,0
2.05411,-46,-4,74,0,DRIVE [ 82 ] [ 1 ] [ 1906 1025 1447 ] [    0    0    0 ] [      0      0      0 ] [ 0 ],drive [ 81 ] [ 1 ] [ 1906 1025 1403 ] [   13   85   49 ] [  11552  17243  16705 ] [ 0 ],1.00,1.00,1.00,1.00,-41.30,-3.64,0.00,0.00,0.00,0.00,0.00,-0.00,0.00,0.00,0.00,0.00,0.00,0.00,0.00,0.00,0.00,0
2.06479,-46,-4,74,0,DRIVE [ 82 ] [ 1 ] [ 1906 1097 1488 ] [    0    0    0 ] [      0      0      0 ] [ 0 ],drive [ 82 ] [ 1 ] [ 1906 1025 1447 ] [   13   85   49 ] [  11541  17276  16705 ] [ 0 ],1.00,1.00,1.00,1.00,-37.17,-3.27,0.00,0.00,0.00,0.00,0.00,-0.00,0.00,0.00,0.00,0.00,0.00,0.00,0.00,0.00,0.00,0
2.07528,-46,-4,74,0,DRIVE [ 83 ] [ 1 ] [ 1906 1179 1526 ] [    0    0    0 ] [      0      0      0 ] [ 0 ],drive [ 82 ] [ 1 ] [ 1906 1097 1488 ] [   13  101   43 ] [  11541  17276  16705 ] [ 0 ],1.00,1.00,1.00,1.00,-33.45,-2.95,0.00,0.00,0.00,0.00,0.00,-0.00,0.00,0.00,0.00,0.00,0.00,0.00,0.00,0.00,0.00,0
2.08659,-46,-4,74,0,DRIVE [ 83 ] [ 1 ] [ 1906 1255 1562 ] [    0    0    0 ] [      0      0      0 ] [ 0 ],drive [ 83 ] [ 1 ] [ 1906 1179 1526 ] [   13  101   43 ] [  11541  17276  16705 ] [ 0 ],1.00,1.00,1.00,1.00,-30.11,-2.65,0.00,0.00,0.00,0.00,0.00,-0.00,0.00,0.00,0.00,0.00,0.00,0.00,0.00,0.00,0.00,0
2.0968,-46,-4,74,0,DRIVE [ 84 ] [ 1 ] [ 1906 1326 1595 ] [    0    0    0 ] [      0      0      0 ] [ 0 ],drive [ 83 ] [ 1 ] [ 1906 1255 1562 ] [   13  101   43 ] [  11541  17276  16705 ] [ 0 ],1.00,1.00,1.00,1.00,-27.10,-2.39,0.00,0.00,0.00,0.00,0.00,-0.00,0.00,0.00,0.00,0.00,0.00,0.00,0.00,0.00,0.00,0
2.10715,-46,-4,74,0,DRIVE [ 84 ] [ 1 ] [ 1906 1391 1626 ] [    0    0    0 ] [      0      0      0 ] [ 0 ],drive [ 84 ] [ 1 ] [ 1906 1326 1595 ] [   13  101   43 ] [  11541  17276  16705 ] [ 0 ],1.00,1.00,1.00,1.00,-24.39,-2.15,0.00,0.00,0.00,0.00,0.00,-0.00,0.00,0.00,0.00,0.00,0.00,0.00,0.00,0.00,0.00,0
2.11736,-46,-4,74,0,DRIVE [ 85 ] [ 1 ] [ 1906 1451 1654 ] [    0    0    0 ] [      0      0      0 ] [ 0 ],drive [ 84 ] [ 1 ] [ 1906 1391 1626 ] [   13  101   43 ] [  11521  17404  16701 ] [ 0 ],1.00,1.00,1.00,1.00,-21.95,-1.93,0.00,0.00,0.00,0.00,0.00,-0.00,0.00,0.00,0.00,0.00,0.00,0.00,0.00,0.00,0.00,0
2.12769,-46,-4,74,0,DRIVE [ 85 ] [ 1 ] [ 1906 1506 1680 ] [    0    0    0 ] [      0      0      0 ] [ 0 ],drive [ 85 ] [ 1 ] [ 1906 1451 1654 ] [    4   57   28 ] [  11521  17404  16701 ] [ 0 ],1.00,1.00,1.00,1.00,-19.75,-1.74,0.00,0.00,0.00,0.00,0.00,-0.00,0.00,0.00,0.00,0.00,0.00,0.00,0.00,0.00,0.00,0
2.13806,-46,-4,74,0,DRIVE [ 86 ] [ 1 ] [ 1906 1556 1704 ] [    0    0    0 ] [      0      0      0 ] [ 0 ],drive [ 85 ] [ 1 ] [ 1906 1506 1680 ] [    4   57   28 ] [  11521  17404  16701 ] [ 0 ],1.00,1.00,1.00,1.00,-17.78,-1.57,0.00,0.00,0.00,0.00,0.00,-0.00,0.00,0.00,0.00,0.00,0.00,0.00,0.00,0.00,0.00,0
2.14815,-46,-4,74,0,DRIVE [ 86 ] [ 1 ] [ 1906 1602 1725 ] [    0    0    0 ] [      0      0      0 ] [ 0 ],drive [ 86 ] [ 1 ] [ 1906 1556 1704 ] [    4   57   28 ] [  11521  17404  16701 ] [ 0 ],1.00,1.00,1.00,1.00,-16.00,-1.41,0.00,0.00,0.00,0.00,0.00,-0.00,0.00,0.00,0.00,0.00,0.00,0.00,0.00,0.00,0.00,0
2.15833,-46,-4,74,0,DRIVE [ 87 ] [ 1 ] [ 1906 1644 1745 ] [    0    0    0 ] [      0      0      0 ] [ 0 ],drive [ 86 ] [ 1 ] [ 1906 1602 1725 ] [    4   57   28 ] [  11461  17339  16651 ] [ 0 ],1.00,1.00,1.00,1.00,-14.40,-1.27,0.00,0.00,0.00,0.00,0.00,-0.00,0.00,0.00,0.00,0.00,0.00,0.00,0.00,0.00,0.00,0
2.16938,-46,-4,74,0,DRIVE [ 87 ] [ 1 ] [ 1906 1681 1762 ] [    0    0    0 ] [      0      0      0 ] [ 0 ],drive [ 87 ] [ 1 ] [ 1906 1644 1745 ] [    4   57   28 ] [  11461  17339  16651 ] [ 0 ],1.00,1.00,1.00,1.00,-12.96,-1.14,0.00,0.00,0.00,0.00,0.00,-0.00,0.00,0.00,0.00,0.00,0.00,0.00,0.00,0.00,0.00,0
2.17874,-46,-4,74,0,DRIVE [ 88 ] [ 1 ] [ 1906 1715 1779 ] [    0    0    0 ] [      0      0      0 ] [ 0 ],drive [ 87 ] [ 1 ] [ 1906 1681 1762 ] [    0   32   19 ] [  11461  17339  16651 ] [ 0 ],1.00,1.00,1.00,1.00,-11.66,-1.03,0.00,0.00,0.00,0.00,0.00,-0.00,0.00,0.00,0.00,0.00,0.00,0.00,0.00,0.00,0.00,0
2.18888,-46,-4,74,0,DRIVE [ 88 ] [ 1 ] [ 1906 1746 1793 ] [    0    0    0 ] [      0      0      0 ] [ 0 ],drive [ 88 ] [ 1 ] [ 1906 1715 1779 ] [    0   32   19 ] [  11461  17339  16651 ] [ 0 ],1.00,1.00,1.00,1.00,-10.50,-0.92,0.00,0.00,0.00,0.00,0.00,-0.00,0.00,0.00,0.00,0.00,0.00,0.00,0.00,0.00,0.00,0
2.19831,-46,-4,74,0,DRIVE [ 89 ] [ 1 ] [ 1906 1774 1806 ] [    0    0    0 ] [      0      0      0 ] [ 0 ],drive [ 88 ] [ 1 ] [ 1906 1746 1793 ] [    0   32   19 ] [  11461  17339  16651 ] [ 0 ],1.00,1.00,1.00,1.00,-9.45,-0.83,0.00,0.00,0.00,0.00,0.00,-0.00,0.00,0.00,0.00,0.00,0.00,0.00,0.00,0.00,0.00,0
2.20792,-46,-4,74,0,DRIVE [ 89 ] [ 1 ] [ 1906 1799 1818 ] [    0    0    0 ] [      0      0      0 ] [ 0 ],drive [ 89 ] [ 1 ] [ 1906 1774 1806 ] [    0   32   19 ] [  11467  16857  16407 ] [ 0 ],1.00,1.00,1.00,1.00,-8.50,-0.75,0.00,0.00,0.00,0.00,0.00,-0.00,0.00,0.00,0.00,0.00,0.00,0.00,0.00,0.00,0.00,0
2.21901,-46,-4,74,1,DRIVE [ 90 ] [ 1 ] [ 1906 1822 1829 ] [    0    0    0 ] [      0      0      0 ] [ 0 ],drive [ 89 ] [ 1 ] [ 1906 1799 1818 ] [    0   32   19 ] [  11467  16857  16407 ] [ 0 ],1.00,1.00,1.00,1.00,-7.65,-0.67,0.00,0.00,0.00,0.00,0.00,-0.00,0.00,0.00,0.00,0.00,0.00,0.00,0.00,0.00,0.00,0
