timestamp,Xmm,Ymm,Zmm,TouchDetected,OutgoingPacket,IncomingPacket,GainPropAb, GainPropAd, GainPropFl, GainPropEx,PropA, PropB, PropC,GainIntegAb, GainIntegAd, GainIntegFl, GainIntegEx,IntegA, IntegB, IntegC,GainDerivAb, GainDerivAd, GainDerivFl, GainDerivEx,DerivA, DerivB, DerivC,Heading5
2.38919,-231,-15,550,1,DRIVE [ 25 ] [ 1 ] [ 1888 1704 1895 ] [    0    0    0 ] [      0      0      0 ] [ 0 ],drive [ 24 ] [ 1 ] [ 1884 1679 1895 ] [   13   40   13 ] [  10112  15224  15816 ] [ 0 ],0.80,0.80,0.80,0.80,-2.52,3.10,0.00,0.00,0.00,0.00,0.00,-0.00,0.00,0.00,0.00,0.00,0.00,0.00,0.00,0.00,0.00,0
0.00162798,-231,-15,550,0,DRIVE [ 90 ] [ 1 ] [ 1926 1926 1926 ] [    0    0    0 ] [      0      0      0 ] [ 0 ],drive [ 90 ] [ 1 ] [ 1926 1267 1629 ] [   -1   63   41 ] [   7374  17198  17348 ] [ 0 ],0.80,0.80,0.80,0.80,-166.66,-11.09,0.00,0.00,0.00,0.00,0.00,-0.00,0.00,0.00,0.00,0.00,0.00,0.00,0.00,0.00,0.00,0
0.0177256,-239,-16,558,0,DRIVE [ 91 ] [ 1 ] [ 1926 1916 1921 ] [    0    0    0 ] [      0      0      0 ] [ 0 ],drive [ 90 ] [ 1 ] [ 1926 1926 1926 ] [   -1   63   41 ] [   7368  17433  17351 ] [ 0 ],0.80,0.80,0.80,0.80,-190.99,-13.19,0.00,0.00,0.00,0.00,0.00,0.00,0.00,0.00,0.00,0.00,0.00,0.00,0.00,0.00,0.00,0
0.0328203,-235,-20,548,0,DRIVE [ 91 ] [ 1 ] [ 1926 1905 1916 ] [    0    0    0 ] [      0      0      0 ] [ 0 ],drive [ 91 ] [ 1 ] [ 1926 1916 1921 ] [    0    9   25 ] [   7368  17433  17351 ] [ 0 ],0.80,0.80,0.80,0.80,-188.39,-15.68,0.00,0.00,0.00,0.00,0.00,0.00,0.00,0.00,0.00,0.00,0.00,0.00,0.00,0.00,0.00,0
0.0475093,-237,-20,552,0,DRIVE [ 92 ] [ 1 ] [ 1926 1894 1911 ] [    0    0    0 ] [      0      0      0 ] [ 0 ],drive [ 91 ] [ 1 ] [ 1926 1905 1916 ] [    0    9   25 ] [   7368  17433  17351 ] [ 0 ],0.80,0.80,0.80,0.80,-189.81,-15.84,0.00,0.00,0.00,0.00,0.00,0.00,0.00,0.00,0.00,0.00,0.00,0.00,0.00,0.00,0.00,0
0.0623043,-237,-20,552,0,DRIVE [ 92 ] [ 1 ] [ 1926 1898 1913 ] [    0    0    0 ] [      0      0      0 ] [ 0 ],drive [ 92 ] [ 1 ] [ 1926 1894 1911 ] [    0    9   25 ] [   7368  17433  17351 ] [ 0 ],0.80,0.80,0.80,0.80,-170.83,-14.25,0.00,0.00,0.00,0.00,0.00,0.00,0.00,0.00,0.00,0.00,0.00,0.00,0.00,0.00,0.00,0
0.0787638,-239,-21,556,0,DRIVE [ 93 ] [ 1 ] [ 1926 1874 1901 ] [    0    0    0 ] [      0      0      0 ] [ 0 ],drive [ 92 ] [ 1 ] [ 1926 1898 1913 ] [    0    9   25 ] [   7363  16572  17102 ] [ 0 ],0.80,0.80,0.80,0.80,-191.58,-16.70,0.00,0.00,0.00,0.00,0.00,0.00,0.00,0.00,0.00,0.00,0.00,0.00,0.00,0.00,0.00,0
0.0935558,-239,-21,556,0,DRIVE [ 93 ] [ 1 ] [ 1926 1879 1904 ] [    0    0    0 ] [      0      0      0 ] [ 0 ],drive [ 93 ] [ 1 ] [ 1926 1874 1901 ] [    0    5   15 ] [   7363  16572  17102 ] [ 0 ],0.80,0.80,0.80,0.80,-172.42,-15.03,0.00,0.00,0.00,0.00,0.00,0.00,0.00,0.00,0.00,0.00,0.00,0.00,0.00,0.00,0.00,0
0.109459,-246,-23,551,0,DRIVE [ 94 ] [ 1 ] [ 1926 1850 1890 ] [    0    0    0 ] [      0      0      0 ] [ 0 ],drive [ 93 ] [ 1 ] [ 1926 1879 1904 ] [    0    5   15 ] [   7363  16572  17102 ] [ 0 ],0.80,0.80,0.80,0.80,-197.20,-18.49,0.00,0.00,0.00,0.00,0.00,0.00,0.00,0.00,0.00,0.00,0.00,0.00,0.00,0.00,0.00,0
0.124933,-233,-28,551,0,DRIVE [ 94 ] [ 1 ] [ 1926 1845 1885 ] [    0    0    0 ] [      0      0      0 ] [ 0 ],drive [ 94 ] [ 1 ] [ 1926 1850 1890 ] [    0    5   15 ] [   7346  16363  17110 ] [ 0 ],0.80,0.80,0.80,0.80,-186.32,-22.29,0.00,0.00,0.00,0.00,0.00,0.00,0.00,0.00,0.00,0.00,0.00,0.00,0.00,0.00,0.00,0
0.140094,-226,-32,553,0,DRIVE [ 95 ] [ 1 ] [ 1926 1839 1880 ] [    0    0    0 ] [      0      0      0 ] [ 0 ],drive [ 94 ] [ 1 ] [ 1926 1845 1885 ] [   21    8   17 ] [   7346  16363  17110 ] [ 0 ],0.80,0.80,0.80,0.80,-180.59,-25.59,0.00,0.00,0.00,0.00,0.00,0.00,0.00,0.00,0.00,0.00,0.00,0.00,0.00,0.00,0.00,0
0.154809,-221,-35,556,0,DRIVE [ 95 ] [ 1 ] [ 1926 1832 1875 ] [    0    0    0 ] [      0      0      0 ] [ 0 ],drive [ 95 ] [ 1 ] [ 1926 1839 1880 ] [   21    8   17 ] [   7346  16363  17110 ] [ 0 ],0.80,0.80,0.80,0.80,-176.91,-28.25,0.00,0.00,0.00,0.00,0.00,0.00,0.00,0.00,0.00,0.00,0.00,0.00,0.00,0.00,0.00,0
0.172335,-218,-37,558,0,DRIVE [ 96 ] [ 1 ] [ 1926 1826 1870 ] [    0    0    0 ] [      0      0      0 ] [ 0 ],drive [ 95 ] [ 1 ] [ 1926 1832 1875 ] [   21    8   17 ] [   7312  16382  17112 ] [ 0 ],0.80,0.80,0.80,0.80,-174.47,-29.96,0.00,0.00,0.00,0.00,0.00,0.00,0.00,0.00,0.00,0.00,0.00,0.00,0.00,0.00,0.00,0
0.186923,-216,-39,559,0,DRIVE [ 96 ] [ 1 ] [ 1926 1817 1864 ] [    0    0    0 ] [      0      0      0 ] [ 0 ],drive [ 96 ] [ 1 ] [ 1926 1826 1870 ] [   26   20   17 ] [   7312  16382  17112 ] [ 0 ],0.80,0.80,0.80,0.80,-173.15,-31.11,0.00,0.00,0.00,0.00,0.00,0.00,0.00,0.00,0.00,0.00,0.00,0.00,0.00,0.00,0.00,0
0.205297,-216,-40,562,0,DRIVE [ 97 ] [ 1 ] [ 1926 1809 1859 ] [    0    0    0 ] [      0      0      0 ] [ 0 ],drive [ 96 ] [ 1 ] [ 1926 1817 1864 ] [   26   20   17 ] [   7312  16382  17112 ] [ 0 ],0.80,0.80,0.80,0.80,-172.76,-32.20,0.00,0.00,0.00,0.00,0.00,0.00,0.00,0.00,0.00,0.00,0.00,0.00,0.00,0.00,0.00,0
0.221666,-217,-41,566,0,DRIVE [ 97 ] [ 1 ] [ 1926 1800 1853 ] [    0    0    0 ] [      0      0      0 ] [ 0 ],drive [ 97 ] [ 1 ] [ 1926 1809 1859 ] [   26   20   17 ] [   7312  16382  17113 ] [ 0 ],0.80,0.80,0.80,0.80,-173.36,-32.96,0.00,0.00,0.00,0.00,0.00,0.00,0.00,0.00,0.00,0.00,0.00,0.00,0.00,0.00,0.00,0
0.236508,-217,-42,569,0,DRIVE [ 98 ] [ 1 ] [ 1926 1791 1848 ] [    0    0    0 ] [      0      0      0 ] [ 0 ],drive [ 97 ] [ 1 ] [ 1926 1800 1853 ] [   27   22   18 ] [   7312  16382  17113 ] [ 0 ],0.80,0.80,0.80,0.80,-173.53,-33.43,0.00,0.00,0.00,0.00,0.00,0.00,0.00,0.00,0.00,0.00,0.00,0.00,0.00,0.00,0.00,0
0.252636,-214,-41,567,0,DRIVE [ 98 ] [ 1 ] [ 1926 1784 1843 ] [    0    0    0 ] [      0      0      0 ] [ 0 ],drive [ 98 ] [ 1 ] [ 1926 1791 1848 ] [   27   22   18 ] [   7312  16382  17113 ] [ 0 ],0.80,0.80,0.80,0.80,-171.47,-33.16,0.00,0.00,0.00,0.00,0.00,0.00,0.00,0.00,0.00,0.00,0.00,0.00,0.00,0.00,0.00,0
0.270906,-212,-41,566,0,DRIVE [ 99 ] [ 1 ] [ 1926 1776 1839 ] [    0    0    0 ] [      0      0      0 ] [ 0 ],drive [ 98 ] [ 1 ] [ 1926 1784 1843 ] [   27   22   18 ] [   7313  16381  17113 ] [ 0 ],0.80,0.80,0.80,0.80,-169.46,-32.70,0.00,0.00,0.00,0.00,0.00,0.00,0.00,0.00,0.00,0.00,0.00,0.00,0.00,0.00,0.00,0
0.286626,-208,-40,565,0,DRIVE [ 99 ] [ 1 ] [ 1926 1769 1834 ] [    0    0    0 ] [      0      0      0 ] [ 0 ],drive [ 99 ] [ 1 ] [ 1926 1776 1839 ] [   26   25   20 ] [   7313  16381  17113 ] [ 0 ],0.80,0.80,0.80,0.80,-166.13,-32.23,0.00,0.00,0.00,0.00,0.00,0.00,0.00,0.00,0.00,0.00,0.00,0.00,0.00,0.00,0.00,0
0.301491,-204,-40,565,0,DRIVE [ 00 ] [ 1 ] [ 1926 1763 1831 ] [    0    0    0 ] [      0      0      0 ] [ 0 ],drive [ 99 ] [ 1 ] [ 1926 1769 1834 ] [   26   25   20 ] [   7313  16381  17113 ] [ 0 ],0.80,0.80,0.80,0.80,-162.87,-31.76,0.00,0.00,0.00,0.00,0.00,0.00,0.00,0.00,0.00,0.00,0.00,0.00,0.00,0.00,0.00,0
0.315973,-200,-39,565,0,DRIVE [ 00 ] [ 1 ] [ 1926 1759 1828 ] [    0    0    0 ] [      0      0      0 ] [ 0 ],drive [ 00 ] [ 1 ] [ 1926 1763 1831 ] [   26   25   20 ] [   7324  16381  17113 ] [ 0 ],0.80,0.80,0.80,0.80,-159.83,-31.24,0.00,0.00,0.00,0.00,0.00,0.00,0.00,0.00,0.00,0.00,0.00,0.00,0.00,0.00,0.00,0
0.33109,-192,-37,558,0,DRIVE [ 01 ] [ 1 ] [ 1926 1755 1827 ] [    0    0    0 ] [      0      0      0 ] [ 0 ],drive [ 00 ] [ 1 ] [ 1926 1759 1828 ] [    4   25   21 ] [   7324  16381  17113 ] [ 0 ],0.80,0.80,0.80,0.80,-153.58,-29.91,0.00,0.00,0.00,0.00,0.00,0.00,0.00,0.00,0.00,0.00,0.00,0.00,0.00,0.00,0.00,0
0.346005,-187,-36,561,0,DRIVE [ 01 ] [ 1 ] [ 1926 1753 1825 ] [    0    0    0 ] [      0      0      0 ] [ 0 ],drive [ 01 ] [ 1 ] [ 1926 1755 1827 ] [    4   25   21 ] [   7324  16381  17113 ] [ 0 ],0.80,0.80,0.80,0.80,-149.90,-28.96,0.00,0.00,0.00,0.00,0.00,0.00,0.00,0.00,0.00,0.00,0.00,0.00,0.00,0.00,0.00,0
0.360323,-180,-35,559,0,DRIVE [ 02 ] [ 1 ] [ 1926 1752 1825 ] [    0    0    0 ] [      0      0      0 ] [ 0 ],drive [ 01 ] [ 1 ] [ 1926 1753 1825 ] [    4   25   21 ] [   7324  16381  17113 ] [ 0 ],0.80,0.80,0.80,0.80,-143.96,-27.79,0.00,0.00,0.00,0.00,0.00,0.00,0.00,0.00,0.00,0.00,0.00,0.00,0.00,0.00,0.00,0
0.374605,-173,-34,557,0,DRIVE [ 02 ] [ 1 ] [ 1926 1751 1824 ] [    0    0    0 ] [      0      0      0 ] [ 0 ],drive [ 02 ] [ 1 ] [ 1926 1752 1825 ] [    4   25   21 ] [   7363  16349  17113 ] [ 0 ],0.80,0.80,0.80,0.80,-138.50,-26.98,0.00,0.00,0.00,0.00,0.00,0.00,0.00,0.00,0.00,0.00,0.00,0.00,0.00,0.00,0.00,0
0.388385,-167,-33,556,0,DRIVE [ 03 ] [ 1 ] [ 1926 1750 1823 ] [    0    0    0 ] [      0      0      0 ] [ 0 ],drive [ 02 ] [ 1 ] [ 1926 1751 1824 ] [   -1   30   22 ] [   7363  16349  17113 ] [ 0 ],0.80,0.80,0.80,0.80,-133.78,-26.36,0.00,0.00,0.00,0.00,0.00,0.00,0.00,0.00,0.00,0.00,0.00,0.00,0.00,0.00,0.00,0
0.402823,-159,-32,550,0,DRIVE [ 03 ] [ 1 ] [ 1926 1752 1823 ] [    0    0    0 ] [      0      0      0 ] [ 0 ],drive [ 03 ] [ 1 ] [ 1926 1750 1823 ] [   -1   30   22 ] [   7363  16349  17113 ] [ 0 ],0.80,0.80,0.80,0.80,-126.98,-25.57,0.00,0.00,0.00,0.00,0.00,0.00,0.00,0.00,0.00,0.00,0.00,0.00,0.00,0.00,0.00,0
0.417025,-151,-31,547,0,DRIVE [ 04 ] [ 1 ] [ 1926 1754 1824 ] [    0    0    0 ] [      0      0      0 ] [ 0 ],drive [ 03 ] [ 1 ] [ 1926 1752 1823 ] [   -1   30   22 ] [   7364  16316  17112 ] [ 0 ],0.80,0.80,0.80,0.80,-120.87,-24.62,0.00,0.00,0.00,0.00,0.00,0.00,0.00,0.00,0.00,0.00,0.00,0.00,0.00,0.00,0.00,0
0.431277,-143,-29,543,0,DRIVE [ 04 ] [ 1 ] [ 1926 1756 1825 ] [    0    0    0 ] [      0      0      0 ] [ 0 ],drive [ 04 ] [ 1 ] [ 1926 1754 1824 ] [   -1   33   22 ] [   7364  16316  17112 ] [ 0 ],0.80,0.80,0.80,0.80,-114.65,-23.57,0.00,0.00,0.00,0.00,0.00,0.00,0.00,0.00,0.00,0.00,0.00,0.00,0.00,0.00,0.00,0
0.445707,-133,-28,537,0,DRIVE [ 05 ] [ 1 ] [ 1926 1761 1827 ] [    0    0    0 ] [      0      0      0 ] [ 0 ],drive [ 04 ] [ 1 ] [ 1926 1756 1825 ] [   -1   33   22 ] [   7364  16316  17112 ] [ 0 ],0.80,0.80,0.80,0.80,-106.60,-22.13,0.00,0.00,0.00,0.00,0.00,0.00,0.00,0.00,0.00,0.00,0.00,0.00,0.00,0.00,0.00,0
0.45957,-124,-26,533,0,DRIVE [ 05 ] [ 1 ] [ 1926 1766 1830 ] [    0    0    0 ] [      0      0      0 ] [ 0 ],drive [ 05 ] [ 1 ] [ 1926 1761 1827 ] [   -1   33   22 ] [   7364  16316  17112 ] [ 0 ],0.80,0.80,0.80,0.80,-99.26,-20.86,0.00,0.00,0.00,0.00,0.00,0.00,0.00,0.00,0.00,0.00,0.00,0.00,0.00,0.00,0.00,0
0.473867,-115,-24,524,0,DRIVE [ 06 ] [ 1 ] [ 1926 1771 1833 ] [    0    0    0 ] [      0      0      0 ] [ 0 ],drive [ 05 ] [ 1 ] [ 1926 1766 1830 ] [   -1   33   22 ] [   7401  16280  17112 ] [ 0 ],0.80,0.80,0.80,0.80,-91.62,-19.52,0.00,0.00,0.00,0.00,0.00,0.00,0.00,0.00,0.00,0.00,0.00,0.00,0.00,0.00,0.00,0
0.487996,-107,-23,520,0,DRIVE [ 06 ] [ 1 ] [ 1926 1777 1835 ] [    0    0    0 ] [      0      0      0 ] [ 0 ],drive [ 06 ] [ 1 ] [ 1926 1771 1833 ] [   19   31   22 ] [   7401  16280  17112 ] [ 0 ],0.80,0.80,0.80,0.80,-85.32,-18.45,0.00,0.00,0.00,0.00,0.00,0.00,0.00,0.00,0.00,0.00,0.00,0.00,0.00,0.00,0.00,0
0.502123,-97,-21,513,0,DRIVE [ 07 ] [ 1 ] [ 1926 1784 1840 ] [    0    0    0 ] [      0      0      0 ] [ 0 ],drive [ 06 ] [ 1 ] [ 1926 1777 1835 ] [   19   31   22 ] [   7401  16280  17112 ] [ 0 ],0.80,0.80,0.80,0.80,-77.81,-16.99,0.00,0.00,0.00,0.00,0.00,0.00,0.00,0.00,0.00,0.00,0.00,0.00,0.00,0.00,0.00,0
0.516437,-89,-19,508,0,DRIVE [ 07 ] [ 1 ] [ 1926 1791 1844 ] [    0    0    0 ] [      0      0      0 ] [ 0 ],drive [ 07 ] [ 1 ] [ 1926 1784 1840 ] [   19   31   22 ] [   7524  16275  17109 ] [ 0 ],0.80,0.80,0.80,0.80,-71.20,-15.52,0.00,0.00,0.00,0.00,0.00,0.00,0.00,0.00,0.00,0.00,0.00,0.00,0.00,0.00,0.00,0
0.530892,-81,-17,500,0,DRIVE [ 08 ] [ 1 ] [ 1926 1798 1848 ] [    0    0    0 ] [      0      0      0 ] [ 0 ],drive [ 07 ] [ 1 ] [ 1926 1791 1844 ] [   21   30   21 ] [   7524  16275  17109 ] [ 0 ],0.80,0.80,0.80,0.80,-64.75,-13.84,0.00,0.00,0.00,0.00,0.00,0.00,0.00,0.00,0.00,0.00,0.00,0.00,0.00,0.00,0.00,0
0.545179,-74,-15,495,0,DRIVE [ 08 ] [ 1 ] [ 1926 1804 1853 ] [    0    0    0 ] [      0      0      0 ] [ 0 ],drive [ 08 ] [ 1 ] [ 1926 1798 1848 ] [   21   30   21 ] [   7524  16275  17109 ] [ 0 ],0.80,0.80,0.80,0.80,-59.21,-12.28,0.00,0.00,0.00,0.00,0.00,0.00,0.00,0.00,0.00,0.00,0.00,0.00,0.00,0.00,0.00,0
0.559622,-66,-13,487,0,DRIVE [ 09 ] [ 1 ] [ 1926 1812 1859 ] [    0    0    0 ] [      0      0      0 ] [ 0 ],drive [ 08 ] [ 1 ] [ 1926 1804 1853 ] [   21   30   21 ] [   7524  16275  17109 ] [ 0 ],0.80,0.80,0.80,0.80,-52.65,-10.41,0.00,0.00,0.00,0.00,0.00,0.00,0.00,0.00,0.00,0.00,0.00,0.00,0.00,0.00,0.00,0
0.57334,-58,-11,479,0,DRIVE [ 09 ] [ 1 ] [ 1926 1820 1865 ] [    0    0    0 ] [      0      0      0 ] [ 0 ],drive [ 09 ] [ 1 ] [ 1926 1812 1859 ] [   21   30   21 ] [   7531  16250  17109 ] [ 0 ],0.80,0.80,0.80,0.80,-46.60,-8.59,0.00,0.00,0.00,0.00,0.00,0.00,0.00,0.00,0.00,0.00,0.00,0.00,0.00,0.00,0.00,0
0.587199,-51,-9,469,0,DRIVE [ 10 ] [ 1 ] [ 1926 1828 1872 ] [    0    0    0 ] [      0      0      0 ] [ 0 ],drive [ 09 ] [ 1 ] [ 1926 1820 1865 ] [   20   17   20 ] [   7531  16250  17109 ] [ 0 ],0.80,0.80,0.80,0.80,-40.99,-6.83,0.00,0.00,0.00,0.00,0.00,0.00,0.00,0.00,0.00,0.00,0.00,0.00,0.00,0.00,0.00,0
0.601269,-45,-6,460,0,DRIVE [ 10 ] [ 1 ] [ 1926 1835 1878 ] [    0    0    0 ] [      0      0      0 ] [ 0 ],drive [ 10 ] [ 1 ] [ 1926 1828 1872 ] [   20   17   20 ] [   7531  16250  17109 ] [ 0 ],0.80,0.80,0.80,0.80,-35.82,-5.04,0.00,0.00,0.00,0.00,0.00,-0.00,-0.00,0.00,0.00,0.00,0.00,0.00,0.00,0.00,0.00,0
0.616017,-39,-3,451,0,DRIVE [ 11 ] [ 1 ] [ 1926 1842 1886 ] [    0    0    0 ] [      0      0      0 ] [ 0 ],drive [ 10 ] [ 1 ] [ 1926 1835 1878 ] [   20   17   20 ] [   8006  15923  17108 ] [ 0 ],0.80,0.80,0.80,0.80,-30.86,-2.70,0.00,0.00,0.00,0.00,0.00,-0.00,-0.00,0.00,0.00,0.00,0.00,0.00,0.00,0.00,0.00,0
0.630717,-34,-1,441,0,DRIVE [ 11 ] [ 1 ] [ 1926 1844 1893 ] [    0    0    0 ] [      0      0      0 ] [ 0 ],drive [ 11 ] [ 1 ] [ 1926 1842 1886 ] [    1    8   22 ] [   8006  15923  17108 ] [ 0 ],0.80,0.80,0.80,0.80,-27.33,-0.50,0.00,0.00,0.00,0.00,0.00,-0.00,-0.00,0.00,0.00,0.00,0.00,0.00,0.00,0.00,0.00,0
0.645077,-32,2,433,0,DRIVE [ 12 ] [ 1 ] [ 1926 1843 1898 ] [    0    0    0 ] [      0      0      0 ] [ 0 ],drive [ 11 ] [ 1 ] [ 1926 1844 1893 ] [    1    8   22 ] [   8006  15923  17108 ] [ 0 ],0.80,0.80,0.80,0.80,-25.34,1.59,0.00,0.00,0.00,0.00,0.00,-0.00,-0.00,0.00,0.00,0.00,0.00,0.00,0.00,-0.00,0.00,0
0.659381,-31,5,427,0,DRIVE [ 12 ] [ 1 ] [ 1926 1838 1902 ] [    0    0    0 ] [      0      0      0 ] [ 0 ],drive [ 12 ] [ 1 ] [ 1926 1843 1898 ] [    1    8   22 ] [   8006  15923  17108 ] [ 0 ],0.80,0.80,0.80,0.80,-24.53,3.65,0.00,0.00,0.00,0.00,0.00,-0.00,0.00,0.00,0.00,0.00,0.00,0.00,0.00,-0.00,0.00,0
0.673759,-31,7,423,0,DRIVE [ 13 ] [ 1 ] [ 1926 1829 1905 ] [    0    0    0 ] [      0      0      0 ] [ 0 ],drive [ 12 ] [ 1 ] [ 1926 1838 1902 ] [    1    8   22 ] [   8201  15592  17091 ] [ 0 ],0.80,0.80,0.80,0.80,-24.48,5.68,0.00,0.00,0.00,0.00,0.00,-0.00,0.00,0.00,0.00,0.00,0.00,0.00,0.00,-0.00,0.00,0
0.687813,-30,10,413,0,DRIVE [ 13 ] [ 1 ] [ 1926 1818 1910 ] [    0    0    0 ] [      0      0      0 ] [ 0 ],drive [ 13 ] [ 1 ] [ 1926 1829 1905 ] [   19   29    7 ] [   8201  15592  17091 ] [ 0 ],0.80,0.80,0.80,0.80,-24.05,8.20,0.00,0.00,0.00,0.00,0.00,-0.00,0.00,0.00,0.00,0.00,0.00,0.00,0.00,-0.00,0.00,0
0.701992,-29,13,404,0,DRIVE [ 14 ] [ 1 ] [ 1926 1806 1914 ] [    0    0    0 ] [      0      0      0 ] [ 0 ],drive [ 13 ] [ 1 ] [ 1926 1818 1910 ] [   19   29    7 ] [   8201  15592  17091 ] [ 0 ],0.80,0.80,0.80,0.80,-23.43,10.59,0.00,0.00,0.00,0.00,0.00,-0.00,0.00,0.00,0.00,0.00,0.00,0.00,0.00,-0.00,0.00,0
0.716076,-28,16,398,0,DRIVE [ 14 ] [ 1 ] [ 1926 1796 1919 ] [    0    0    0 ] [      0      0      0 ] [ 0 ],drive [ 14 ] [ 1 ] [ 1926 1806 1914 ] [   19   29    7 ] [   8202  15482  16938 ] [ 0 ],0.80,0.80,0.80,0.80,-22.68,12.64,0.00,0.00,0.00,0.00,0.00,-0.00,0.00,0.00,0.00,0.00,0.00,0.00,0.00,-0.00,0.00,0
0.729833,-26,18,390,0,DRIVE [ 15 ] [ 1 ] [ 1926 1787 1926 ] [    0    0    0 ] [      0      0      0 ] [ 0 ],drive [ 14 ] [ 1 ] [ 1926 1796 1919 ] [   21   30    9 ] [   8202  15482  16938 ] [ 0 ],0.80,0.80,0.80,0.80,-20.74,14.52,0.00,0.00,0.00,0.00,0.00,-0.00,0.00,0.00,0.00,0.00,0.00,0.00,0.00,-0.00,0.00,0
0.743332,-23,20,381,0,DRIVE [ 15 ] [ 1 ] [ 1919 1793 1926 ] [    0    0    0 ] [      0      0      0 ] [ 0 ],drive [ 15 ] [ 1 ] [ 1926 1787 1926 ] [   21   30    9 ] [   8202  15482  16938 ] [ 0 ],0.80,0.80,0.80,0.80,-18.58,15.76,0.00,0.00,0.00,0.00,0.00,-0.00,0.00,0.00,0.00,0.00,0.00,0.00,0.00,-0.00,0.00,0
0.756767,-21,21,374,0,DRIVE [ 16 ] [ 1 ] [ 1912 1800 1926 ] [    0    0    0 ] [      0      0      0 ] [ 0 ],drive [ 15 ] [ 1 ] [ 1919 1793 1926 ] [   21   30    9 ] [   8202  15482  16938 ] [ 0 ],0.80,0.80,0.80,0.80,-16.41,16.75,0.00,0.00,0.00,0.00,0.00,-0.00,0.00,0.00,0.00,0.00,0.00,0.00,0.00,-0.00,0.00,0
0.770019,-17,23,365,0,DRIVE [ 16 ] [ 1 ] [ 1903 1808 1926 ] [    0    0    0 ] [      0      0      0 ] [ 0 ],drive [ 16 ] [ 1 ] [ 1912 1800 1926 ] [   21   30    9 ] [   8204  15494  16898 ] [ 0 ],0.80,0.80,0.80,0.80,-13.72,18.06,0.00,0.00,0.00,0.00,0.00,-0.00,0.00,0.00,0.00,0.00,0.00,0.00,0.00,-0.00,0.00,0
0.783724,-14,24,358,0,DRIVE [ 17 ] [ 1 ] [ 1893 1815 1926 ] [    0    0    0 ] [      0      0      0 ] [ 0 ],drive [ 16 ] [ 1 ] [ 1903 1808 1926 ] [   22   33   11 ] [   8204  15494  16898 ] [ 0 ],0.80,0.80,0.80,0.80,-11.13,19.37,0.00,0.00,0.00,0.00,0.00,-0.00,0.00,0.00,0.00,0.00,0.00,0.00,0.00,-0.00,0.00,0
0.796863,-11,26,353,0,DRIVE [ 17 ] [ 1 ] [ 1882 1820 1926 ] [    0    0    0 ] [      0      0      0 ] [ 0 ],drive [ 17 ] [ 1 ] [ 1893 1815 1926 ] [   22   33   11 ] [   8204  15494  16898 ] [ 0 ],0.80,0.80,0.80,0.80,-8.71,20.77,0.00,0.00,0.00,0.00,0.00,-0.00,0.00,0.00,0.00,0.00,0.00,0.00,0.00,0.00,0.00,0
0.810284,-8,27,346,0,DRIVE [ 18 ] [ 1 ] [ 1871 1825 1926 ] [    0    0    0 ] [      0      0      0 ] [ 0 ],drive [ 17 ] [ 1 ] [ 1882 1820 1926 ] [   22   33   11 ] [   8204  15494  16898 ] [ 0 ],0.80,0.80,0.80,0.80,-6.39,21.83,0.00,0.00,0.00,0.00,0.00,-0.00,0.00,0.00,0.00,0.00,0.00,0.00,0.00,0.00,0.00,0
0.823531,-5,28,340,0,DRIVE [ 18 ] [ 1 ] [ 1860 1828 1926 ] [    0    0    0 ] [      0      0      0 ] [ 0 ],drive [ 18 ] [ 1 ] [ 1871 1825 1926 ] [   22   33   11 ] [   8209  15487  16877 ] [ 0 ],0.80,0.80,0.80,0.80,-4.31,22.65,0.00,0.00,0.00,0.00,0.00,-0.00,0.00,0.00,0.00,0.00,0.00,0.00,0.00,0.00,0.00,0
0.836757,-3,29,334,0,DRIVE [ 19 ] [ 1 ] [ 1849 1831 1926 ] [    0    0    0 ] [      0      0      0 ] [ 0 ],drive [ 18 ] [ 1 ] [ 1860 1828 1926 ] [    9   28    8 ] [   8209  15487  16877 ] [ 0 ],0.80,0.80,0.80,0.80,-2.34,23.15,0.00,0.00,0.00,0.00,0.00,-0.00,0.00,0.00,0.00,0.00,0.00,0.00,0.00,0.00,0.00,0
0.850408,-1,29,327,0,DRIVE [ 19 ] [ 1 ] [ 1841 1833 1926 ] [    0    0    0 ] [      0      0      0 ] [ 0 ],drive [ 19 ] [ 1 ] [ 1849 1831 1926 ] [    9   28    8 ] [   8209  15487  16877 ] [ 0 ],0.80,0.80,0.80,0.80,-0.93,23.24,0.00,0.00,0.00,0.00,0.00,-0.00,0.00,0.00,0.00,0.00,0.00,0.00,0.00,0.00,0.00,0
0.863299,0,29,319,0,DRIVE [ 20 ] [ 1 ] [ 1834 1835 1926 ] [    0    0    0 ] [      0      0      0 ] [ 0 ],drive [ 19 ] [ 1 ] [ 1841 1833 1926 ] [    9   28    8 ] [   8671  15469  16714 ] [ 0 ],0.80,0.80,0.80,0.80,0.09,22.97,0.00,0.00,0.00,0.00,0.00,-0.00,0.00,0.00,0.00,0.00,0.00,0.00,0.00,0.00,0.00,0
0.876547,1,28,314,0,DRIVE [ 20 ] [ 1 ] [ 1832 1836 1926 ] [    0    0    0 ] [      0      0      0 ] [ 0 ],drive [ 20 ] [ 1 ] [ 1834 1835 1926 ] [    9   28    8 ] [   8671  15469  16714 ] [ 0 ],0.80,0.80,0.80,0.80,0.45,22.41,0.00,0.00,0.00,0.00,0.00,-0.00,0.00,0.00,0.00,0.00,0.00,0.00,0.00,0.00,0.00,0
0.891514,0,27,309,0,DRIVE [ 21 ] [ 1 ] [ 1834 1836 1926 ] [    0    0    0 ] [      0      0      0 ] [ 0 ],drive [ 20 ] [ 1 ] [ 1832 1836 1926 ] [   19   21   -2 ] [   8671  15469  16714 ] [ 0 ],0.80,0.80,0.80,0.80,0.19,21.53,0.00,0.00,0.00,0.00,0.00,-0.00,0.00,0.00,0.00,0.00,0.00,0.00,0.00,0.00,0.00,0
0.904069,-1,26,304,0,DRIVE [ 21 ] [ 1 ] [ 1839 1834 1926 ] [    0    0    0 ] [      0      0      0 ] [ 0 ],drive [ 21 ] [ 1 ] [ 1834 1836 1926 ] [   19   21   -2 ] [   8671  15469  16714 ] [ 0 ],0.80,0.80,0.80,0.80,-0.64,20.47,0.00,0.00,0.00,0.00,0.00,-0.00,0.00,0.00,0.00,0.00,0.00,0.00,0.00,0.00,0.00,0
0.917604,-3,25,298,0,DRIVE [ 22 ] [ 1 ] [ 1848 1825 1926 ] [    0    0    0 ] [      0      0      0 ] [ 0 ],drive [ 21 ] [ 1 ] [ 1839 1834 1926 ] [   19   21   -2 ] [   8980  15273  16654 ] [ 0 ],0.80,0.80,0.80,0.80,-2.43,19.60,0.00,0.00,0.00,0.00,0.00,-0.00,0.00,0.00,0.00,0.00,0.00,0.00,0.00,0.00,0.00,0
0.930405,-5,24,291,0,DRIVE [ 22 ] [ 1 ] [ 1854 1815 1926 ] [    0    0    0 ] [      0      0      0 ] [ 0 ],drive [ 22 ] [ 1 ] [ 1848 1825 1926 ] [   18   21   18 ] [   8980  15273  16654 ] [ 0 ],0.80,0.80,0.80,0.80,-3.98,19.10,0.00,0.00,0.00,0.00,0.00,-0.00,0.00,0.00,0.00,0.00,0.00,0.00,0.00,0.00,0.00,0
0.944852,-7,24,286,0,DRIVE [ 23 ] [ 1 ] [ 1858 1804 1926 ] [    0    0    0 ] [      0      0      0 ] [ 0 ],drive [ 22 ] [ 1 ] [ 1854 1815 1926 ] [   18   21   18 ] [   8980  15273  16654 ] [ 0 ],0.80,0.80,0.80,0.80,-5.33,18.85,0.00,0.00,0.00,0.00,0.00,-0.00,0.00,0.00,0.00,0.00,0.00,0.00,0.00,0.00,0.00,0
0.957532,-8,24,280,0,DRIVE [ 23 ] [ 1 ] [ 1859 1793 1926 ] [    0    0    0 ] [      0      0      0 ] [ 0 ],drive [ 23 ] [ 1 ] [ 1858 1804 1926 ] [   18   21   18 ] [   8980  15273  16654 ] [ 0 ],0.80,0.80,0.80,0.80,-6.19,18.83,0.00,0.00,0.00,0.00,0.00,-0.00,0.00,0.00,0.00,0.00,0.00,0.00,0.00,0.00,0.00,0
0.97051,-8,24,276,0,DRIVE [ 24 ] [ 1 ] [ 1858 1785 1926 ] [    0    0    0 ] [      0      0      0 ] [ 0 ],drive [ 23 ] [ 1 ] [ 1859 1793 1926 ] [   18   21   18 ] [   8980  15246  16623 ] [ 0 ],0.80,0.80,0.80,0.80,-6.70,19.05,0.00,0.00,0.00,0.00,0.00,-0.00,0.00,0.00,0.00,0.00,0.00,0.00,0.00,0.00,0.00,0
0.98375,-9,24,271,0,DRIVE [ 24 ] [ 1 ] [ 1855 1778 1926 ] [    0    0    0 ] [      0      0      0 ] [ 0 ],drive [ 24 ] [ 1 ] [ 1858 1785 1926 ] [   18   31   19 ] [   8980  15246  16623 ] [ 0 ],0.80,0.80,0.80,0.80,-6.81,19.35,0.00,0.00,0.00,0.00,0.00,-0.00,0.00,0.00,0.00,0.00,0.00,0.00,0.00,0.00,0.00,0
0.996211,-8,25,264,0,DRIVE [ 25 ] [ 1 ] [ 1847 1771 1926 ] [    0    0    0 ] [      0      0      0 ] [ 0 ],drive [ 24 ] [ 1 ] [ 1855 1778 1926 ] [   18   31   19 ] [   8980  15246  16623 ] [ 0 ],0.80,0.80,0.80,0.80,-6.51,20.18,0.00,0.00,0.00,0.00,0.00,-0.00,0.00,0.00,0.00,0.00,0.00,0.00,0.00,0.00,0.00,0
1.00895,-7,26,258,0,DRIVE [ 25 ] [ 1 ] [ 1837 1765 1926 ] [    0    0    0 ] [      0      0      0 ] [ 0 ],drive [ 25 ] [ 1 ] [ 1847 1771 1926 ] [   18   31   19 ] [   8980  15246  16623 ] [ 0 ],0.80,0.80,0.80,0.80,-5.99,21.14,0.00,0.00,0.00,0.00,0.00,-0.00,0.00,0.00,0.00,0.00,0.00,0.00,0.00,0.00,0.00,0
1.02137,-7,28,253,0,DRIVE [ 26 ] [ 1 ] [ 1825 1761 1926 ] [    0    0    0 ] [      0      0      0 ] [ 0 ],drive [ 25 ] [ 1 ] [ 1837 1765 1926 ] [   18   31   19 ] [   8980  15245  16616 ] [ 0 ],0.80,0.80,0.80,0.80,-5.26,22.31,0.00,0.00,0.00,0.00,0.00,-0.00,0.00,0.00,0.00,0.00,0.00,0.00,0.00,0.00,0.00,0
1.03395,-5,30,248,0,DRIVE [ 26 ] [ 1 ] [ 1810 1758 1926 ] [    0    0    0 ] [      0      0      0 ] [ 0 ],drive [ 26 ] [ 1 ] [ 1825 1761 1926 ] [   19   22   18 ] [   8980  15245  16616 ] [ 0 ],0.80,0.80,0.80,0.80,-4.26,23.64,0.00,0.00,0.00,0.00,0.00,-0.00,0.00,0.00,0.00,0.00,0.00,0.00,0.00,0.00,0.00,0
1.04673,-4,31,242,0,DRIVE [ 27 ] [ 1 ] [ 1793 1754 1926 ] [    0    0    0 ] [      0      0      0 ] [ 0 ],drive [ 26 ] [ 1 ] [ 1810 1758 1926 ] [   19   22   18 ] [   8980  15245  16616 ] [ 0 ],0.80,0.80,0.80,0.80,-3.10,25.00,0.00,0.00,0.00,0.00,0.00,-0.00,0.00,0.00,0.00,0.00,0.00,0.00,0.00,0.00,0.00,0
1.06102,-2,34,236,0,DRIVE [ 27 ] [ 1 ] [ 1769 1749 1926 ] [    0    0    0 ] [      0      0      0 ] [ 0 ],drive [ 27 ] [ 1 ] [ 1793 1754 1926 ] [   19   22   18 ] [   8980  15245  16616 ] [ 0 ],0.80,0.80,0.80,0.80,-1.57,26.84,0.00,0.00,0.00,0.00,0.00,-0.00,0.00,0.00,0.00,0.00,0.00,0.00,0.00,0.00,0.00,0
1.07359,0,36,230,0,DRIVE [ 28 ] [ 1 ] [ 1747 1743 1926 ] [    0    0    0 ] [      0      0      0 ] [ 0 ],drive [ 27 ] [ 1 ] [ 1769 1749 1926 ] [   19   22   18 ] [   8983  15126  16524 ] [ 0 ],0.80,0.80,0.80,0.80,-0.25,28.45,0.00,0.00,0.00,0.00,0.00,-0.00,0.00,0.00,0.00,0.00,0.00,0.00,0.00,0.00,0.00,0
1.08605,1,37,224,0,DRIVE [ 28 ] [ 1 ] [ 1727 1738 1926 ] [    0    0    0 ] [      0      0      0 ] [ 0 ],drive [ 28 ] [ 1 ] [ 1747 1743 1926 ] [   35   22   24 ] [   8983  15126  16524 ] [ 0 ],0.80,0.80,0.80,0.80,0.82,29.80,0.00,0.00,0.00,0.00,0.00,-0.00,0.00,0.00,0.00,0.00,0.00,0.00,0.00,0.00,0.00,0
1.09896,2,39,219,0,DRIVE [ 29 ] [ 1 ] [ 1709 1730 1926 ] [    0    0    0 ] [      0      0      0 ] [ 0 ],drive [ 28 ] [ 1 ] [ 1727 1738 1926 ] [   35   22   24 ] [   8983  15126  16524 ] [ 0 ],0.80,0.80,0.80,0.80,1.53,30.97,0.00,0.00,0.00,0.00,0.00,-0.00,0.00,0.00,0.00,0.00,0.00,0.00,0.00,0.00,0.00,0
1.11142,2,40,215,0,DRIVE [ 29 ] [ 1 ] [ 1696 1724 1926 ] [    0    0    0 ] [      0      0      0 ] [ 0 ],drive [ 29 ] [ 1 ] [ 1709 1730 1926 ] [   35   22   24 ] [   8983  15126  16524 ] [ 0 ],0.80,0.80,0.80,0.80,1.98,31.80,0.00,0.00,0.00,0.00,0.00,-0.00,0.00,0.00,0.00,0.00,0.00,0.00,0.00,0.00,0.00,0
1.1233,3,40,211,0,DRIVE [ 30 ] [ 1 ] [ 1687 1718 1926 ] [    0    0    0 ] [      0      0      0 ] [ 0 ],drive [ 29 ] [ 1 ] [ 1696 1724 1926 ] [   35   22   24 ] [   9401  15058  16253 ] [ 0 ],0.80,0.80,0.80,0.80,2.18,32.27,0.00,0.00,0.00,0.00,0.00,-0.00,0.00,0.00,0.00,0.00,0.00,0.00,0.00,0.00,0.00,0
1.13543,3,41,207,0,DRIVE [ 30 ] [ 1 ] [ 1681 1712 1926 ] [    0    0    0 ] [      0      0      0 ] [ 0 ],drive [ 30 ] [ 1 ] [ 1687 1718 1926 ] [   29   36   22 ] [   9401  15058  16253 ] [ 0 ],0.80,0.80,0.80,0.80,2.11,32.44,0.00,0.00,0.00,0.00,0.00,-0.00,0.00,0.00,0.00,0.00,0.00,0.00,0.00,0.00,0.00,0
1.14786,2,40,203,0,DRIVE [ 31 ] [ 1 ] [ 1681 1706 1926 ] [    0    0    0 ] [      0      0      0 ] [ 0 ],drive [ 30 ] [ 1 ] [ 1681 1712 1926 ] [   29   36   22 ] [   9401  15058  16253 ] [ 0 ],0.80,0.80,0.80,0.80,1.69,32.38,0.00,0.00,0.00,0.00,0.00,-0.00,0.00,0.00,0.00,0.00,0.00,0.00,0.00,0.00,0.00,0
1.15965,1,40,199,0,DRIVE [ 31 ] [ 1 ] [ 1686 1695 1926 ] [    0    0    0 ] [      0      0      0 ] [ 0 ],drive [ 31 ] [ 1 ] [ 1681 1706 1926 ] [   29   36   22 ] [   9401  15058  16253 ] [ 0 ],0.80,0.80,0.80,0.80,0.55,32.21,0.00,0.00,0.00,0.00,0.00,-0.00,0.00,0.00,0.00,0.00,0.00,0.00,0.00,0.00,0.00,0
1.17184,-1,40,194,0,DRIVE [ 32 ] [ 1 ] [ 1691 1683 1926 ] [    0    0    0 ] [      0      0      0 ] [ 0 ],drive [ 31 ] [ 1 ] [ 1686 1695 1926 ] [   29   36   22 ] [   9880  15050  16152 ] [ 0 ],0.80,0.80,0.80,0.80,-0.52,31.90,0.00,0.00,0.00,0.00,0.00,-0.00,0.00,0.00,0.00,0.00,0.00,0.00,0.00,0.00,0.00,0
1.18391,-2,40,190,0,DRIVE [ 32 ] [ 1 ] [ 1693 1672 1926 ] [    0    0    0 ] [      0      0      0 ] [ 0 ],drive [ 32 ] [ 1 ] [ 1691 1683 1926 ] [   34   37   10 ] [   9880  15050  16152 ] [ 0 ],0.80,0.80,0.80,0.80,-1.29,31.80,0.00,0.00,0.00,0.00,0.00,-0.00,0.00,0.00,0.00,0.00,0.00,0.00,0.00,0.00,0.00,0
1.19582,-2,40,186,0,DRIVE [ 33 ] [ 1 ] [ 1691 1664 1926 ] [    0    0    0 ] [      0      0      0 ] [ 0 ],drive [ 32 ] [ 1 ] [ 1693 1672 1926 ] [   34   37   10 ] [   9880  15050  16152 ] [ 0 ],0.80,0.80,0.80,0.80,-1.67,31.84,0.00,0.00,0.00,0.00,0.00,-0.00,0.00,0.00,0.00,0.00,0.00,0.00,0.00,0.00,0.00,0
1.20809,-2,40,183,0,DRIVE [ 33 ] [ 1 ] [ 1684 1659 1926 ] [    0    0    0 ] [      0      0      0 ] [ 0 ],drive [ 33 ] [ 1 ] [ 1691 1664 1926 ] [   34   37   10 ] [   9880  15050  16152 ] [ 0 ],0.80,0.80,0.80,0.80,-1.50,31.99,0.00,0.00,0.00,0.00,0.00,-0.00,0.00,0.00,0.00,0.00,0.00,0.00,0.00,0.00,0.00,0
1.22008,-1,40,180,0,DRIVE [ 34 ] [ 1 ] [ 1673 1659 1926 ] [    0    0    0 ] [      0      0      0 ] [ 0 ],drive [ 33 ] [ 1 ] [ 1684 1659 1926 ] [   34   37   10 ] [   9885  15061  16093 ] [ 0 ],0.80,0.80,0.80,0.80,-0.83,32.21,0.00,0.00,0.00,0.00,0.00,-0.00,0.00,0.00,0.00,0.00,0.00,0.00,0.00,0.00,0.00,0
1.23252,0,40,177,0,DRIVE [ 34 ] [ 1 ] [ 1659 1662 1926 ] [    0    0    0 ] [      0      0      0 ] [ 0 ],drive [ 34 ] [ 1 ] [ 1673 1659 1926 ] [   31   37   -1 ] [   9885  15061  16093 ] [ 0 ],0.80,0.80,0.80,0.80,0.24,32.30,0.00,0.00,0.00,0.00,0.00,-0.00,0.00,0.00,0.00,0.00,0.00,0.00,0.00,0.00,0.00,0
1.24469,2,40,173,0,DRIVE [ 35 ] [ 1 ] [ 1641 1670 1926 ] [    0    0    0 ] [      0      0      0 ] [ 0 ],drive [ 34 ] [ 1 ] [ 1659 1662 1926 ] [   31   37   -1 ] [   9885  15061  16093 ] [ 0 ],0.80,0.80,0.80,0.80,1.68,32.32,0.00,0.00,0.00,0.00,0.00,-0.00,0.00,0.00,0.00,0.00,0.00,0.00,0.00,0.00,0.00,0
1.25663,4,40,170,0,DRIVE [ 35 ] [ 1 ] [ 1621 1680 1926 ] [    0    0    0 ] [      0      0      0 ] [ 0 ],drive [ 35 ] [ 1 ] [ 1641 1670 1926 ] [   31   37   -1 ] [   9885  15061  16093 ] [ 0 ],0.80,0.80,0.80,0.80,3.31,32.10,0.00,0.00,0.00,0.00,0.00,-0.00,0.00,0.00,0.00,0.00,0.00,0.00,0.00,0.00,0.00,0
1.26864,6,40,167,0,DRIVE [ 36 ] [ 1 ] [ 1602 1692 1926 ] [    0    0    0 ] [      0      0      0 ] [ 0 ],drive [ 35 ] [ 1 ] [ 1621 1680 1926 ] [   31   37   -1 ] [   9889  15061  15989 ] [ 0 ],0.80,0.80,0.80,0.80,4.97,31.76,0.00,0.00,0.00,0.00,0.00,-0.00,0.00,0.00,0.00,0.00,0.00,0.00,0.00,0.00,0.00,0
1.28095,8,39,164,0,DRIVE [ 36 ] [ 1 ] [ 1582 1704 1926 ] [    0    0    0 ] [      0      0      0 ] [ 0 ],drive [ 36 ] [ 1 ] [ 1602 1692 1926 ] [   42   37   13 ] [   9889  15061  15989 ] [ 0 ],0.80,0.80,0.80,0.80,6.61,31.41,0.00,0.00,0.00,0.00,0.00,-0.00,0.00,0.00,0.00,0.00,0.00,0.00,0.00,0.00,0.00,0
1.2929,10,39,161,0,DRIVE [ 37 ] [ 1 ] [ 1560 1715 1926 ] [    0    0    0 ] [      0      0      0 ] [ 0 ],drive [ 36 ] [ 1 ] [ 1582 1704 1926 ] [   42   37   13 ] [   9889  15061  15989 ] [ 0 ],0.80,0.80,0.80,0.80,8.14,30.97,0.00,0.00,0.00,0.00,0.00,-0.00,0.00,0.00,0.00,0.00,0.00,0.00,0.00,0.00,0.00,0
1.30528,12,38,157,0,DRIVE [ 37 ] [ 1 ] [ 1532 1728 1926 ] [    0    0    0 ] [      0      0      0 ] [ 0 ],drive [ 37 ] [ 1 ] [ 1560 1715 1926 ] [   42   37   13 ] [   9889  15061  15989 ] [ 0 ],0.80,0.80,0.80,0.80,10.00,30.42,0.00,0.00,0.00,0.00,0.00,-0.00,0.00,0.00,0.00,0.00,0.00,0.00,0.00,0.00,0.00,0
1.31723,15,37,153,0,DRIVE [ 38 ] [ 1 ] [ 1506 1740 1926 ] [    0    0    0 ] [      0      0      0 ] [ 0 ],drive [ 37 ] [ 1 ] [ 1532 1728 1926 ] [   42   37   13 ] [  10093  15051  15988 ] [ 0 ],0.80,0.80,0.80,0.80,11.61,29.81,0.00,0.00,0.00,0.00,0.00,-0.00,0.00,0.00,0.00,0.00,0.00,0.00,0.00,0.00,0.00,0
1.32898,16,36,149,0,DRIVE [ 38 ] [ 1 ] [ 1483 1752 1926 ] [    0    0    0 ] [      0      0      0 ] [ 0 ],drive [ 38 ] [ 1 ] [ 1506 1740 1926 ] [   62   38   18 ] [  10093  15051  15988 ] [ 0 ],0.80,0.80,0.80,0.80,12.94,29.08,0.00,0.00,0.00,0.00,0.00,-0.00,0.00,0.00,0.00,0.00,0.00,0.00,0.00,0.00,0.00,0
1.34132,17,35,146,0,DRIVE [ 39 ] [ 1 ] [ 1466 1764 1926 ] [    0    0    0 ] [      0      0      0 ] [ 0 ],drive [ 38 ] [ 1 ] [ 1483 1752 1926 ] [   62   38   18 ] [  10093  15051  15988 ] [ 0 ],0.80,0.80,0.80,0.80,13.96,28.20,0.00,0.00,0.00,0.00,0.00,-0.00,0.00,0.00,0.00,0.00,0.00,0.00,0.00,0.00,0.00,0
1.35323,18,34,143,0,DRIVE [ 39 ] [ 1 ] [ 1454 1774 1926 ] [    0    0    0 ] [      0      0      0 ] [ 0 ],drive [ 39 ] [ 1 ] [ 1466 1764 1926 ] [   62   38   18 ] [  10093  15051  15988 ] [ 0 ],0.80,0.80,0.80,0.80,14.63,27.23,0.00,0.00,0.00,0.00,0.00,-0.00,0.00,0.00,0.00,0.00,0.00,0.00,0.00,0.00,0.00,0
1.36519,19,33,141,0,DRIVE [ 40 ] [ 1 ] [ 1447 1783 1926 ] [    0    0    0 ] [      0      0      0 ] [ 0 ],drive [ 39 ] [ 1 ] [ 1454 1774 1926 ] [   62   38   18 ] [  10454  14990  15936 ] [ 0 ],0.80,0.80,0.80,0.80,15.04,26.25,0.00,0.00,0.00,0.00,0.00,-0.00,0.00,0.00,0.00,0.00,0.00,0.00,0.00,0.00,0.00,0
1.37747,19,31,138,0,DRIVE [ 40 ] [ 1 ] [ 1445 1793 1926 ] [    0    0    0 ] [      0      0      0 ] [ 0 ],drive [ 40 ] [ 1 ] [ 1447 1783 1926 ] [   58   33   13 ] [  10454  14990  15936 ] [ 0 ],0.80,0.80,0.80,0.80,15.17,25.09,0.00,0.00,0.00,0.00,0.00,-0.00,0.00,0.00,0.00,0.00,0.00,0.00,0.00,0.00,0.00,0
1.389,19,30,136,0,DRIVE [ 41 ] [ 1 ] [ 1447 1802 1926 ] [    0    0    0 ] [      0      0      0 ] [ 0 ],drive [ 40 ] [ 1 ] [ 1445 1793 1926 ] [   58   33   13 ] [  10454  14990  15936 ] [ 0 ],0.80,0.80,0.80,0.80,15.17,23.83,0.00,0.00,0.00,0.00,0.00,-0.00,0.00,0.00,0.00,0.00,0.00,0.00,0.00,0.00,0.00,0
1.40076,19,28,133,0,DRIVE [ 41 ] [ 1 ] [ 1453 1813 1926 ] [    0    0    0 ] [      0      0      0 ] [ 0 ],drive [ 41 ] [ 1 ] [ 1447 1802 1926 ] [   58   33   13 ] [  10454  14990  15936 ] [ 0 ],0.80,0.80,0.80,0.80,14.99,22.39,0.00,0.00,0.00,0.00,0.00,-0.00,0.00,0.00,0.00,0.00,0.00,0.00,0.00,0.00,0.00,0
1.41243,18,26,131,0,DRIVE [ 42 ] [ 1 ] [ 1463 1822 1926 ] [    0    0    0 ] [      0      0      0 ] [ 0 ],drive [ 41 ] [ 1 ] [ 1453 1813 1926 ] [   58   33   13 ] [  10951  14692  15874 ] [ 0 ],0.80,0.80,0.80,0.80,14.59,20.96,0.00,0.00,0.00,0.00,0.00,-0.00,0.00,0.00,0.00,0.00,0.00,0.00,0.00,0.00,0.00,0
1.42348,17,24,128,0,DRIVE [ 42 ] [ 1 ] [ 1480 1830 1926 ] [    0    0    0 ] [      0      0      0 ] [ 0 ],drive [ 42 ] [ 1 ] [ 1463 1822 1926 ] [   58   33   13 ] [  10951  14692  15874 ] [ 0 ],0.80,0.80,0.80,0.80,13.95,19.50,0.00,0.00,0.00,0.00,0.00,-0.00,0.00,0.00,0.00,0.00,0.00,0.00,0.00,0.00,0.00,0
1.43456,16,22,126,0,DRIVE [ 43 ] [ 1 ] [ 1504 1837 1926 ] [    0    0    0 ] [      0      0      0 ] [ 0 ],drive [ 42 ] [ 1 ] [ 1480 1830 1926 ] [   64   13    2 ] [  10951  14692  15874 ] [ 0 ],0.80,0.80,0.80,0.80,13.03,17.99,0.00,0.00,0.00,0.00,0.00,-0.00,0.00,0.00,0.00,0.00,0.00,0.00,-0.00,-0.00,0.00,0
1.44587,15,21,124,0,DRIVE [ 43 ] [ 1 ] [ 1535 1843 1926 ] [    0    0    0 ] [      0      0      0 ] [ 0 ],drive [ 43 ] [ 1 ] [ 1504 1837 1926 ] [   64   13    2 ] [  10951  14692  15874 ] [ 0 ],0.80,0.80,0.80,0.80,11.85,16.41,0.00,0.00,0.00,0.00,0.00,-0.00,0.00,0.00,0.00,0.00,0.00,0.00,-0.00,-0.00,0.00,0
1.45669,13,18,122,0,DRIVE [ 44 ] [ 1 ] [ 1573 1849 1926 ] [    0    0    0 ] [      0      0      0 ] [ 0 ],drive [ 43 ] [ 1 ] [ 1535 1843 1926 ] [   64   13    2 ] [  10951  14692  15874 ] [ 0 ],0.80,0.80,0.80,0.80,10.43,14.71,0.00,0.00,0.00,0.00,0.00,-0.00,0.00,0.00,0.00,0.00,0.00,0.00,-0.00,-0.00,0.00,0
1.46797,11,16,120,0,DRIVE [ 44 ] [ 1 ] [ 1617 1855 1926 ] [    0    0    0 ] [      0      0      0 ] [ 1 ],drive [ 44 ] [ 1 ] [ 1573 1849 1926 ] [   64   13    2 ] [  11487  14253  15661 ] [ 0 ],0.80,0.80,0.80,0.80,8.86,12.91,0.00,0.00,0.00,0.00,0.00,-0.00,0.00,0.00,0.00,0.00,0.00,0.00,-0.00,-0.00,0.00,0
1.47908,9,14,118,0,DRIVE [ 45 ] [ 1 ] [ 1666 1862 1926 ] [    0    0    0 ] [      0      0      0 ] [ 1 ],drive [ 44 ] [ 1 ] [ 1617 1855 1926 ] [   52   26   -1 ] [  11487  14253  15661 ] [ 1 ],0.80,0.80,0.80,0.80,7.19,10.93,0.00,0.00,0.00,0.00,0.00,-0.00,0.00,0.00,0.00,0.00,0.00,0.00,-0.00,-0.00,0.00,0
1.49004,7,10,116,0,DRIVE [ 45 ] [ 1 ] [ 1729 1874 1926 ] [    0    0    0 ] [      0      0      0 ] [ 1 ],drive [ 45 ] [ 1 ] [ 1666 1862 1926 ] [   52   26   -1 ] [  11487  14253  15661 ] [ 1 ],0.80,0.80,0.80,0.80,5.23,8.30,0.00,0.00,0.00,0.00,0.00,-0.00,0.00,0.00,0.00,0.00,0.00,0.00,-0.00,-0.00,0.00,0
1.50078,5,7,114,0,DRIVE [ 46 ] [ 1 ] [ 1785 1888 1926 ] [    0    0    0 ] [      0      0      0 ] [ 1 ],drive [ 45 ] [ 1 ] [ 1729 1874 1926 ] [   52   26   -1 ] [  11487  14253  15661 ] [ 1 ],0.80,0.80,0.80,0.80,3.65,5.90,0.00,0.00,0.00,0.00,0.00,-0.00,0.00,0.00,0.00,0.00,0.00,0.00,-0.00,-0.00,0.00,0
1.51184,3,5,111,0,DRIVE [ 46 ] [ 1 ] [ 1829 1903 1926 ] [    0    0    0 ] [      0      0      0 ] [ 1 ],drive [ 46 ] [ 1 ] [ 1785 1888 1926 ] [   52   26   -1 ] [  11495  14054  15557 ] [ 1 ],0.80,0.80,0.80,0.80,2.54,3.74,0.00,0.00,0.00,0.00,0.00,-0.00,0.00,0.00,0.00,0.00,0.00,0.00,-0.00,-0.00,0.00,0
1.52261,2,2,110,0,DRIVE [ 47 ] [ 1 ] [ 1862 1921 1926 ] [    0    0    0 ] [      0      0      0 ] [ 1 ],drive [ 46 ] [ 1 ] [ 1829 1903 1926 ] [   52   26   -1 ] [  11495  14054  15557 ] [ 1 ],0.80,0.80,0.80,0.80,1.88,1.77,0.00,0.00,0.00,0.00,0.00,-0.00,0.00,0.00,0.00,0.00,0.00,0.00,-0.00,-0.00,0.00,0
1.53375,2,0,108,0,DRIVE [ 47 ] [ 1 ] [ 1896 1921 1913 ] [    0    0    0 ] [      0      0      0 ] [ 1 ],drive [ 47 ] [ 1 ] [ 1862 1921 1926 ] [   12   14    5 ] [  11495  14054  15557 ] [ 1 ],0.80,0.80,0.80,0.80,1.53,-0.06,0.00,0.00,0.00,0.00,0.00,-0.00,0.00,0.00,0.00,0.00,0.00,0.00,-0.00,0.00,0.00,0
1.54495,2,-2,106,0,DRIVE [ 48 ] [ 1 ] [ 1907 1921 1884 ] [    0    0    0 ] [      0      0      0 ] [ 1 ],drive [ 47 ] [ 1 ] [ 1896 1921 1913 ] [   12   14    5 ] [  11495  14054  15557 ] [ 1 ],0.80,0.80,0.80,0.80,1.38,-1.71,0.00,0.00,0.00,0.00,0.00,-0.00,0.00,0.00,0.00,0.00,0.00,0.00,0.00,0.00,0.00,0
1.55608,2,-4,105,0,DRIVE [ 48 ] [ 1 ] [ 1910 1921 1846 ] [    0    0    0 ] [      0      0      0 ] [ 1 ],drive [ 48 ] [ 1 ] [ 1907 1921 1884 ] [   12   14    5 ] [  11495  14054  15557 ] [ 1 ],0.80,0.80,0.80,0.80,1.23,-3.21,0.00,0.00,0.00,0.00,0.00,-0.00,0.00,0.00,0.00,0.00,0.00,0.00,0.00,0.00,0.00,0
1.56779,1,-6,103,0,DRIVE [ 49 ] [ 1 ] [ 1913 1921 1806 ] [    0    0    0 ] [      0      0      0 ] [ 1 ],drive [ 48 ] [ 1 ] [ 1910 1921 1846 ] [   12   14    5 ] [  11333  13973  15557 ] [ 1 ],0.80,0.80,0.80,0.80,0.94,-4.55,0.00,0.00,0.00,0.00,0.00,-0.00,0.00,0.00,0.00,0.00,0.00,0.00,0.00,0.00,0.00,0
1.57888,1,-7,102,0,DRIVE [ 49 ] [ 1 ] [ 1918 1921 1766 ] [    0    0    0 ] [      0      0      0 ] [ 1 ],drive [ 49 ] [ 1 ] [ 1913 1921 1806 ] [    4   23   11 ] [  11333  13973  15557 ] [ 1 ],0.80,0.80,0.80,0.80,0.56,-5.76,0.00,0.00,0.00,0.00,0.00,-0.00,0.00,0.00,0.00,0.00,0.00,0.00,0.00,0.00,0.00,0
1.58925,0,-9,100,0,DRIVE [ 50 ] [ 1 ] [ 1925 1921 1726 ] [    0    0    0 ] [      0      0      0 ] [ 1 ],drive [ 49 ] [ 1 ] [ 1918 1921 1766 ] [    4   23   11 ] [  11333  13973  15557 ] [ 1 ],0.80,0.80,0.80,0.80,0.06,-6.84,0.00,0.00,0.00,0.00,0.00,-0.00,0.00,0.00,0.00,0.00,0.00,0.00,0.00,0.00,0.00,0
1.60012,-1,-10,99,0,DRIVE [ 50 ] [ 1 ] [ 1925 1918 1702 ] [    0    0    0 ] [      0      0      0 ] [ 1 ],drive [ 50 ] [ 1 ] [ 1925 1921 1726 ] [    4   23   11 ] [  11333  13973  15557 ] [ 1 ],0.80,0.80,0.80,0.80,-0.53,-7.78,0.00,0.00,0.00,0.00,0.00,-0.00,0.00,0.00,0.00,0.00,0.00,0.00,0.00,0.00,0.00,0
1.61075,-2,-11,97,0,DRIVE [ 51 ] [ 1 ] [ 1925 1908 1681 ] [    0    0    0 ] [      0      0      0 ] [ 1 ],drive [ 50 ] [ 1 ] [ 1925 1918 1702 ] [    4   23   11 ] [  11139  13692  15571 ] [ 1 ],0.80,0.80,0.80,0.80,-1.29,-8.63,0.00,0.00,0.00,0.00,0.00,-0.00,0.00,0.00,0.00,0.00,0.00,0.00,0.00,0.00,0.00,0
1.6212,-3,-12,96,0,DRIVE [ 51 ] [ 1 ] [ 1925 1894 1663 ] [    0    0    0 ] [      0      0      0 ] [ 1 ],drive [ 51 ] [ 1 ] [ 1925 1908 1681 ] [    4   23   11 ] [  11139  13692  15571 ] [ 1 ],0.80,0.80,0.80,0.80,-2.25,-9.38,0.00,0.00,0.00,0.00,0.00,-0.00,0.00,0.00,0.00,0.00,0.00,0.00,0.00,0.00,0.00,0
1.63097,-4,-13,94,0,DRIVE [ 52 ] [ 1 ] [ 1925 1874 1647 ] [    0    0    0 ] [      0      0      0 ] [ 1 ],drive [ 51 ] [ 1 ] [ 1925 1894 1663 ] [    8   18   27 ] [  11139  13692  15571 ] [ 1 ],0.80,0.80,0.80,0.80,-3.55,-10.04,0.00,0.00,0.00,0.00,0.00,-0.00,0.00,0.00,0.00,0.00,0.00,0.00,0.00,0.00,0.00,0
1.64131,-6,-13,93,0,DRIVE [ 52 ] [ 1 ] [ 1925 1850 1633 ] [    0    0    0 ] [      0      0      0 ] [ 1 ],drive [ 52 ] [ 1 ] [ 1925 1874 1647 ] [    8   18   27 ] [  11139  13692  15571 ] [ 1 ],0.80,0.80,0.80,0.80,-5.09,-10.59,0.00,0.00,0.00,0.00,0.00,-0.00,0.00,0.00,0.00,0.00,0.00,0.00,0.00,0.00,0.00,0
1.65099,-9,-14,91,0,DRIVE [ 53 ] [ 1 ] [ 1925 1821 1618 ] [    0    0    0 ] [      0      0      0 ] [ 1 ],drive [ 52 ] [ 1 ] [ 1925 1850 1633 ] [    8   18   27 ] [  11139  13692  15571 ] [ 1 ],0.80,0.80,0.80,0.80,-6.80,-10.99,0.00,0.00,0.00,0.00,0.00,-0.00,0.00,0.00,0.00,0.00,0.00,0.00,0.00,0.00,0.00,0
1.66096,-11,-14,90,0,DRIVE [ 53 ] [ 1 ] [ 1925 1789 1607 ] [    0    0    0 ] [      0      0      0 ] [ 1 ],drive [ 53 ] [ 1 ] [ 1925 1821 1618 ] [    8   18   27 ] [  11138  13407  15748 ] [ 1 ],0.80,0.80,0.80,0.80,-8.58,-11.18,0.00,0.00,0.00,0.00,0.00,-0.00,0.00,0.00,0.00,0.00,0.00,0.00,0.00,0.00,0.00,0
1.67074,-13,-14,89,0,DRIVE [ 54 ] [ 1 ] [ 1925 1756 1597 ] [    0    0    0 ] [      0      0      0 ] [ 1 ],drive [ 53 ] [ 1 ] [ 1925 1789 1607 ] [    8   18   27 ] [  11138  13407  15748 ] [ 1 ],0.80,0.80,0.80,0.80,-10.31,-11.20,0.00,0.00,0.00,0.00,0.00,-0.00,0.00,0.00,0.00,0.00,0.00,0.00,0.00,0.00,0.00,0
1.68016,-15,-14,87,0,DRIVE [ 54 ] [ 1 ] [ 1925 1723 1590 ] [    0    0    0 ] [      0      0      0 ] [ 0 ],drive [ 54 ] [ 1 ] [ 1925 1756 1597 ] [    4   12   50 ] [  11138  13407  15748 ] [ 1 ],0.80,0.80,0.80,0.80,-11.85,-11.02,0.00,0.00,0.00,0.00,0.00,-0.00,0.00,0.00,0.00,0.00,0.00,0.00,0.00,0.00,0.00,0
1.69008,-17,-13,86,0,DRIVE [ 55 ] [ 1 ] [ 1925 1690 1585 ] [    0    0    0 ] [      0      0      0 ] [ 0 ],drive [ 54 ] [ 1 ] [ 1925 1723 1590 ] [    4   12   50 ] [  11138  13407  15748 ] [ 0 ],0.80,0.80,0.80,0.80,-13.27,-10.73,0.00,0.00,0.00,0.00,0.00,-0.00,0.00,0.00,0.00,0.00,0.00,0.00,0.00,0.00,0.00,0
1.69947,-18,-13,84,0,DRIVE [ 55 ] [ 1 ] [ 1925 1658 1578 ] [    0    0    0 ] [      0      0      0 ] [ 0 ],drive [ 55 ] [ 1 ] [ 1925 1690 1585 ] [    4   12   50 ] [  11138  13407  15748 ] [ 0 ],0.80,0.80,0.80,0.80,-14.58,-10.47,0.00,0.00,0.00,0.00,0.00,-0.00,0.00,0.00,0.00,0.00,0.00,0.00,0.00,0.00,0.00,0
1.70933,-20,-13,83,0,DRIVE [ 56 ] [ 1 ] [ 1925 1629 1570 ] [    0    0    0 ] [      0      0      0 ] [ 0 ],drive [ 55 ] [ 1 ] [ 1925 1658 1578 ] [    4   12   50 ] [  11138  13407  15748 ] [ 0 ],0.80,0.80,0.80,0.80,-15.72,-10.27,0.00,0.00,0.00,0.00,0.00,-0.00,0.00,0.00,0.00,0.00,0.00,0.00,0.00,0.00,0.00,0
1.71873,-21,-13,82,0,DRIVE [ 56 ] [ 1 ] [ 1925 1602 1559 ] [    0    0    0 ] [      0      0      0 ] [ 0 ],drive [ 56 ] [ 1 ] [ 1925 1629 1570 ] [    4   12   50 ] [  11109  13496  15909 ] [ 0 ],0.80,0.80,0.80,0.80,-16.76,-10.24,0.00,0.00,0.00,0.00,0.00,-0.00,0.00,0.00,0.00,0.00,0.00,0.00,0.00,0.00,0.00,0
1.73114,-22,-13,81,0,DRIVE [ 57 ] [ 1 ] [ 1925 1578 1548 ] [    0    0    0 ] [      0      0      0 ] [ 0 ],drive [ 56 ] [ 1 ] [ 1925 1602 1559 ] [   16   50   33 ] [  11109  13496  15909 ] [ 0 ],0.80,0.80,0.80,0.80,-17.60,-10.20,0.00,0.00,0.00,0.00,0.00,-0.00,0.00,0.00,0.00,0.00,0.00,0.00,0.00,0.00,0.00,0
1.74296,-23,-13,79,0,DRIVE [ 57 ] [ 1 ] [ 1925 1557 1536 ] [    0    0    0 ] [      0      0      0 ] [ 0 ],drive [ 57 ] [ 1 ] [ 1925 1578 1548 ] [   16   50   33 ] [  11109  13496  15909 ] [ 0 ],0.80,0.80,0.80,0.80,-18.30,-10.22,0.00,0.00,0.00,0.00,0.00,-0.00,0.00,0.00,0.00,0.00,0.00,0.00,0.00,0.00,0.00,0
1.75503,-23,-13,78,0,DRIVE [ 58 ] [ 1 ] [ 1925 1540 1525 ] [    0    0    0 ] [      0      0      0 ] [ 0 ],drive [ 57 ] [ 1 ] [ 1925 1557 1536 ] [   16   50   33 ] [  11109  13496  15909 ] [ 0 ],0.80,0.80,0.80,0.80,-18.77,-10.30,0.00,0.00,0.00,0.00,0.00,-0.00,0.00,0.00,0.00,0.00,0.00,0.00,0.00,0.00,0.00,0
1.7646,-24,-13,77,0,DRIVE [ 58 ] [ 1 ] [ 1925 1528 1513 ] [    0    0    0 ] [      0      0      0 ] [ 0 ],drive [ 58 ] [ 1 ] [ 1925 1540 1525 ] [   16   50   33 ] [  10956  13835  15911 ] [ 0 ],0.80,0.80,0.80,0.80,-19.07,-10.42,0.00,0.00,0.00,0.00,0.00,-0.00,0.00,0.00,0.00,0.00,0.00,0.00,0.00,0.00,0.00,0
1.77508,-24,-13,75,0,DRIVE [ 59 ] [ 1 ] [ 1925 1518 1503 ] [    0    0    0 ] [      0      0      0 ] [ 0 ],drive [ 58 ] [ 1 ] [ 1925 1528 1513 ] [   16   50   33 ] [  10956  13835  15911 ] [ 0 ],0.80,0.80,0.80,0.80,-19.24,-10.53,0.00,0.00,0.00,0.00,0.00,-0.00,0.00,0.00,0.00,0.00,0.00,0.00,0.00,0.00,0.00,0
1.78693,-24,-13,74,0,DRIVE [ 59 ] [ 1 ] [ 1925 1510 1493 ] [    0    0    0 ] [      0      0      0 ] [ 0 ],drive [ 59 ] [ 1 ] [ 1925 1518 1503 ] [    4   46   38 ] [  10956  13835  15911 ] [ 0 ],0.80,0.80,0.80,0.80,-19.39,-10.64,0.00,0.00,0.00,0.00,0.00,-0.00,0.00,0.00,0.00,0.00,0.00,0.00,0.00,0.00,0.00,0
1.79897,-24,-13,73,0,DRIVE [ 60 ] [ 1 ] [ 1925 1500 1484 ] [    0    0    0 ] [      0      0      0 ] [ 0 ],drive [ 59 ] [ 1 ] [ 1925 1510 1493 ] [    4   46   38 ] [  10956  13835  15911 ] [ 0 ],0.80,0.80,0.80,0.80,-19.48,-10.65,0.00,0.00,0.00,0.00,0.00,-0.00,0.00,0.00,0.00,0.00,0.00,0.00,0.00,0.00,0.00,0
1.81092,-25,-13,72,0,DRIVE [ 60 ] [ 1 ] [ 1925 1486 1476 ] [    0    0    0 ] [      0      0      0 ] [ 0 ],drive [ 60 ] [ 1 ] [ 1925 1500 1484 ] [    4   46   38 ] [  10956  13835  15911 ] [ 0 ],0.80,0.80,0.80,0.80,-19.71,-10.57,0.00,0.00,0.00,0.00,0.00,-0.00,0.00,0.00,0.00,0.00,0.00,0.00,0.00,0.00,0.00,0
1.82282,-25,-13,70,0,DRIVE [ 61 ] [ 1 ] [ 1925 1468 1472 ] [    0    0    0 ] [      0      0      0 ] [ 0 ],drive [ 60 ] [ 1 ] [ 1925 1486 1476 ] [    4   46   38 ] [  10749  13983  16000 ] [ 0 ],0.80,0.80,0.80,0.80,-20.04,-10.32,0.00,0.00,0.00,0.00,0.00,-0.00,0.00,0.00,0.00,0.00,0.00,0.00,0.00,0.00,0.00,0
1.83196,-26,-12,69,0,DRIVE [ 61 ] [ 1 ] [ 1925 1446 1469 ] [    0    0    0 ] [      0      0      0 ] [ 0 ],drive [ 61 ] [ 1 ] [ 1925 1468 1472 ] [   10   48   46 ] [  10749  13983  16000 ] [ 0 ],0.80,0.80,0.80,0.80,-20.43,-9.95,0.00,0.00,0.00,0.00,0.00,-0.00,0.00,0.00,0.00,0.00,0.00,0.00,0.00,0.00,0.00,0
1.84318,-26,-12,67,0,DRIVE [ 62 ] [ 1 ] [ 1925 1423 1469 ] [    0    0    0 ] [      0      0      0 ] [ 0 ],drive [ 61 ] [ 1 ] [ 1925 1446 1469 ] [   10   48   46 ] [  10749  13983  16000 ] [ 0 ],0.80,0.80,0.80,0.80,-20.80,-9.49,0.00,0.00,0.00,0.00,0.00,-0.00,0.00,0.00,0.00,0.00,0.00,0.00,0.00,0.00,0.00,0
1.85471,-27,-11,66,0,DRIVE [ 62 ] [ 1 ] [ 1925 1397 1466 ] [    0    0    0 ] [      0      0      0 ] [ 0 ],drive [ 62 ] [ 1 ] [ 1925 1423 1469 ] [   10   48   46 ] [  10749  13983  16000 ] [ 0 ],0.80,0.80,0.80,0.80,-21.21,-9.09,0.00,0.00,0.00,0.00,0.00,-0.00,0.00,0.00,0.00,0.00,0.00,0.00,0.00,0.00,0.00,0
1.86694,-27,-11,64,0,DRIVE [ 63 ] [ 1 ] [ 1925 1371 1461 ] [    0    0    0 ] [      0      0      0 ] [ 0 ],drive [ 62 ] [ 1 ] [ 1925 1397 1466 ] [   10   48   46 ] [  10540  13989  16187 ] [ 0 ],0.80,0.80,0.80,0.80,-21.59,-8.75,0.00,0.00,0.00,0.00,0.00,-0.00,0.00,0.00,0.00,0.00,0.00,0.00,0.00,0.00,0.00,0
1.87894,-27,-10,63,0,DRIVE [ 63 ] [ 1 ] [ 1925 1345 1456 ] [    0    0    0 ] [      0      0      0 ] [ 0 ],drive [ 63 ] [ 1 ] [ 1925 1371 1461 ] [   25   70   59 ] [  10540  13989  16187 ] [ 0 ],0.80,0.80,0.80,0.80,-21.90,-8.39,0.00,0.00,0.00,0.00,0.00,-0.00,0.00,0.00,0.00,0.00,0.00,0.00,0.00,0.00,0.00,0
1.8885,-28,-10,61,0,DRIVE [ 64 ] [ 1 ] [ 1925 1320 1452 ] [    0    0    0 ] [      0      0      0 ] [ 0 ],drive [ 63 ] [ 1 ] [ 1925 1345 1456 ] [   25   70   59 ] [  10540  13989  16187 ] [ 0 ],0.80,0.80,0.80,0.80,-22.19,-8.04,0.00,0.00,0.00,0.00,0.00,-0.00,0.00,0.00,0.00,0.00,0.00,0.00,0.00,0.00,0.00,0
1.89879,-28,-10,60,0,DRIVE [ 64 ] [ 1 ] [ 1925 1301 1451 ] [    0    0    0 ] [      0      0      0 ] [ 0 ],drive [ 64 ] [ 1 ] [ 1925 1320 1452 ] [   25   70   59 ] [  10540  13989  16187 ] [ 0 ],0.80,0.80,0.80,0.80,-22.27,-7.65,0.00,0.00,0.00,0.00,0.00,-0.00,0.00,0.00,0.00,0.00,0.00,0.00,0.00,0.00,0.00,0
1.91092,-28,-9,58,0,DRIVE [ 65 ] [ 1 ] [ 1925 1285 1453 ] [    0    0    0 ] [      0      0      0 ] [ 0 ],drive [ 64 ] [ 1 ] [ 1925 1301 1451 ] [   25   70   59 ] [  10540  13989  16187 ] [ 0 ],0.80,0.80,0.80,0.80,-22.19,-7.25,0.00,0.00,0.00,0.00,0.00,-0.00,0.00,0.00,0.00,0.00,0.00,0.00,0.00,0.00,0.00,0
1.92275,-27,-8,57,0,DRIVE [ 65 ] [ 1 ] [ 1925 1276 1460 ] [    0    0    0 ] [      0      0      0 ] [ 0 ],drive [ 65 ] [ 1 ] [ 1925 1285 1453 ] [   25   70   59 ] [  10351  14293  16234 ] [ 0 ],0.80,0.80,0.80,0.80,-21.88,-6.79,0.00,0.00,0.00,0.00,0.00,-0.00,0.00,0.00,0.00,0.00,0.00,0.00,0.00,0.00,0.00,0
1.93502,-27,-8,56,0,DRIVE [ 66 ] [ 1 ] [ 1925 1275 1472 ] [    0    0    0 ] [      0      0      0 ] [ 0 ],drive [ 65 ] [ 1 ] [ 1925 1276 1460 ] [   24   59   40 ] [  10351  14293  16234 ] [ 0 ],0.80,0.80,0.80,0.80,-21.29,-6.26,0.00,0.00,0.00,0.00,0.00,-0.00,0.00,0.00,0.00,0.00,0.00,0.00,0.00,0.00,0.00,0
1.94693,-26,-7,55,0,DRIVE [ 66 ] [ 1 ] [ 1925 1279 1490 ] [    0    0    0 ] [      0      0      0 ] [ 0 ],drive [ 66 ] [ 1 ] [ 1925 1275 1472 ] [   24   59   40 ] [  10351  14293  16234 ] [ 0 ],0.80,0.80,0.80,0.80,-20.53,-5.63,0.00,0.00,0.00,0.00,0.00,-0.00,0.00,0.00,0.00,0.00,0.00,0.00,0.00,0.00,0.00,0
1.95641,-25,-6,54,0,DRIVE [ 67 ] [ 1 ] [ 1925 1284 1512 ] [    0    0    0 ] [      0      0      0 ] [ 0 ],drive [ 66 ] [ 1 ] [ 1925 1279 1490 ] [   24   59   40 ] [  10351  14293  16234 ] [ 0 ],0.80,0.80,0.80,0.80,-19.69,-4.93,0.00,0.00,0.00,0.00,0.00,-0.00,0.00,0.00,0.00,0.00,0.00,0.00,0.00,0.00,0.00,0
1.96685,-24,-5,53,0,DRIVE [ 67 ] [ 1 ] [ 1925 1289 1537 ] [    0    0    0 ] [      0      0      0 ] [ 0 ],drive [ 67 ] [ 1 ] [ 1925 1284 1512 ] [   24   59   40 ] [  10114  14842  16313 ] [ 0 ],0.80,0.80,0.80,0.80,-18.83,-4.13,0.00,0.00,0.00,0.00,0.00,-0.00,0.00,0.00,0.00,0.00,0.00,0.00,0.00,0.00,0.00,0
1.97882,-23,-4,52,0,DRIVE [ 68 ] [ 1 ] [ 1925 1288 1565 ] [    0    0    0 ] [      0      0      0 ] [ 0 ],drive [ 67 ] [ 1 ] [ 1925 1289 1537 ] [   22   59   37 ] [  10114  14842  16313 ] [ 0 ],0.80,0.80,0.80,0.80,-18.02,-3.23,0.00,0.00,0.00,0.00,0.00,-0.00,0.00,0.00,0.00,0.00,0.00,0.00,0.00,0.00,0.00,0
1.99089,-22,-3,50,0,DRIVE [ 68 ] [ 1 ] [ 1925 1282 1593 ] [    0    0    0 ] [      0      0      0 ] [ 0 ],drive [ 68 ] [ 1 ] [ 1925 1288 1565 ] [   22   59   37 ] [  10114  14842  16313 ] [ 0 ],0.80,0.80,0.80,0.80,-17.30,-2.32,0.00,0.00,0.00,0.00,0.00,-0.00,0.00,0.00,0.00,0.00,0.00,0.00,0.00,0.00,0.00,0
2.00323,-21,-2,49,0,DRIVE [ 69 ] [ 1 ] [ 1925 1271 1619 ] [    0    0    0 ] [      0      0      0 ] [ 0 ],drive [ 68 ] [ 1 ] [ 1925 1282 1593 ] [   22   59   37 ] [  10114  14842  16313 ] [ 0 ],0.80,0.80,0.80,0.80,-16.70,-1.45,0.00,0.00,0.00,0.00,0.00,-0.00,0.00,0.00,0.00,0.00,0.00,0.00,0.00,0.00,0.00,0
2.01532,-20,-1,48,0,DRIVE [ 69 ] [ 1 ] [ 1925 1256 1643 ] [    0    0    0 ] [      0      0      0 ] [ 0 ],drive [ 69 ] [ 1 ] [ 1925 1271 1619 ] [   22   59   37 ] [   9985  14884  16352 ] [ 0 ],0.80,0.80,0.80,0.80,-16.14,-0.60,0.00,0.00,0.00,0.00,0.00,-0.00,0.00,0.00,0.00,0.00,0.00,0.00,0.00,0.00,0.00,0
2.02526,-19,0,47,0,DRIVE [ 70 ] [ 1 ] [ 1925 1241 1668 ] [    0    0    0 ] [      0      0      0 ] [ 1 ],drive [ 69 ] [ 1 ] [ 1925 1256 1643 ] [    6   80   29 ] [   9985  14884  16352 ] [ 0 ],0.80,0.80,0.80,0.80,-15.57,0.24,0.00,0.00,0.00,0.00,0.00,-0.00,0.00,0.00,0.00,0.00,0.00,0.00,0.00,-0.00,0.00,0
2.03664,-19,1,46,0,DRIVE [ 70 ] [ 1 ] [ 1925 1230 1697 ] [    0    0    0 ] [      0      0      0 ] [ 1 ],drive [ 70 ] [ 1 ] [ 1925 1241 1668 ] [    6   80   29 ] [   9985  14884  16352 ] [ 1 ],0.80,0.80,0.80,0.80,-14.87,1.06,0.00,0.00,0.00,0.00,0.00,-0.00,0.00,0.00,0.00,0.00,0.00,0.00,0.00,-0.00,0.00,0
2.04695,-17,2,45,0,DRIVE [ 71 ] [ 1 ] [ 1925 1230 1729 ] [    0    0    0 ] [      0      0      0 ] [ 1 ],drive [ 70 ] [ 1 ] [ 1925 1230 1697 ] [    6   80   29 ] [   9985  14884  16352 ] [ 1 ],0.80,0.80,0.80,0.80,-13.96,1.87,0.00,0.00,0.00,0.00,0.00,-0.00,0.00,0.00,0.00,0.00,0.00,0.00,0.00,-0.00,0.00,0
2.06426,-16,3,44,0,DRIVE [ 71 ] [ 1 ] [ 1925 1232 1765 ] [    0    0    0 ] [      0      0      0 ] [ 1 ],drive [ 71 ] [ 1 ] [ 1925 1230 1729 ] [    6   80   29 ] [   9985  14884  16352 ] [ 1 ],0.80,0.80,0.80,0.80,-12.83,2.62,0.00,0.00,0.00,0.00,0.00,-0.00,0.00,0.00,0.00,0.00,0.00,0.00,0.00,-0.00,0.00,0
2.07377,-14,4,43,0,DRIVE [ 72 ] [ 1 ] [ 1925 1250 1804 ] [    0    0    0 ] [      0      0      0 ] [ 1 ],drive [ 71 ] [ 1 ] [ 1925 1232 1765 ] [    6   80   29 ] [   9837  15262  16347 ] [ 1 ],0.80,0.80,0.80,0.80,-11.48,3.29,0.00,0.00,0.00,0.00,0.00,-0.00,0.00,0.00,0.00,0.00,0.00,0.00,0.00,-0.00,0.00,0
2.08316,-12,5,42,0,DRIVE [ 72 ] [ 1 ] [ 1925 1277 1846 ] [    0    0    0 ] [      0      0      0 ] [ 1 ],drive [ 72 ] [ 1 ] [ 1925 1250 1804 ] [    3   65   25 ] [   9837  15262  16347 ] [ 1 ],0.80,0.80,0.80,0.80,-9.94,3.90,0.00,0.00,0.00,0.00,0.00,-0.00,0.00,0.00,0.00,0.00,0.00,0.00,0.00,-0.00,0.00,0
2.09314,-10,6,41,0,DRIVE [ 73 ] [ 1 ] [ 1925 1308 1889 ] [    0    0    0 ] [      0      0      0 ] [ 1 ],drive [ 72 ] [ 1 ] [ 1925 1277 1846 ] [    3   65   25 ] [   9837  15262  16347 ] [ 1 ],0.80,0.80,0.80,0.80,-8.28,4.42,0.00,0.00,0.00,0.00,0.00,-0.00,0.00,0.00,0.00,0.00,0.00,0.00,0.00,-0.00,0.00,0
2.10316,-8,6,41,0,DRIVE [ 73 ] [ 1 ] [ 1919 1345 1889 ] [    0    0    0 ] [      0      0      0 ] [ 1 ],drive [ 73 ] [ 1 ] [ 1925 1308 1889 ] [    3   65   25 ] [   9837  15262  16347 ] [ 1 ],0.80,0.80,0.80,0.80,-6.64,4.87,0.00,0.00,0.00,0.00,0.00,-0.00,0.00,0.00,0.00,0.00,0.00,0.00,0.00,-0.00,0.00,0
2.11502,-6,6,40,0,DRIVE [ 74 ] [ 1 ] [ 1875 1443 1889 ] [    0    0    0 ] [      0      0      0 ] [ 1 ],drive [ 73 ] [ 1 ] [ 1919 1345 1889 ] [    3   65   25 ] [   9649  15518  16249 ] [ 1 ],0.80,0.80,0.80,0.80,-5.13,5.20,0.00,0.00,0.00,0.00,0.00,-0.00,0.00,0.00,0.00,0.00,0.00,0.00,0.00,-0.00,0.00,0
2.12788,-5,7,39,0,DRIVE [ 74 ] [ 1 ] [ 1839 1520 1889 ] [    0    0    0 ] [      0      0      0 ] [ 1 ],drive [ 74 ] [ 1 ] [ 1875 1443 1889 ] [   -1   69   15 ] [   9649  15518  16249 ] [ 1 ],0.80,0.80,0.80,0.80,-3.84,5.36,0.00,0.00,0.00,0.00,0.00,-0.00,0.00,0.00,0.00,0.00,0.00,0.00,0.00,-0.00,0.00,0
2.13932,-4,7,38,0,DRIVE [ 75 ] [ 1 ] [ 1814 1580 1889 ] [    0    0    0 ] [      0      0      0 ] [ 1 ],drive [ 74 ] [ 1 ] [ 1839 1520 1889 ] [   -1   69   15 ] [   9649  15518  16249 ] [ 1 ],0.80,0.80,0.80,0.80,-2.82,5.28,0.00,0.00,0.00,0.00,0.00,-0.00,0.00,0.00,0.00,0.00,0.00,0.00,0.00,0.00,0.00,0
2.14891,-3,6,37,0,DRIVE [ 75 ] [ 1 ] [ 1801 1627 1889 ] [    0    0    0 ] [      0      0      0 ] [ 1 ],drive [ 75 ] [ 1 ] [ 1814 1580 1889 ] [   -1   69   15 ] [   9649  15518  16249 ] [ 1 ],0.80,0.80,0.80,0.80,-2.08,5.01,0.00,0.00,0.00,0.00,0.00,-0.00,0.00,0.00,0.00,0.00,0.00,0.00,0.00,0.00,0.00,0
2.15929,-2,6,36,0,DRIVE [ 76 ] [ 1 ] [ 1799 1662 1889 ] [    0    0    0 ] [      0      0      0 ] [ 1 ],drive [ 75 ] [ 1 ] [ 1801 1627 1889 ] [   -1   69   15 ] [   9649  15518  16249 ] [ 1 ],0.80,0.80,0.80,0.80,-1.62,4.60,0.00,0.00,0.00,0.00,0.00,-0.00,0.00,0.00,0.00,0.00,0.00,0.00,0.00,0.00,0.00,0
2.17103,-2,5,36,0,DRIVE [ 76 ] [ 1 ] [ 1807 1684 1889 ] [    0    0    0 ] [      0      0      0 ] [ 1 ],drive [ 76 ] [ 1 ] [ 1799 1662 1889 ] [   -1   69   15 ] [   9696  15383  15794 ] [ 1 ],0.80,0.80,0.80,0.80,-1.41,4.16,0.00,0.00,0.00,0.00,0.00,-0.00,0.00,0.00,0.00,0.00,0.00,0.00,0.00,0.00,0.00,0
2.18302,-2,5,35,0,DRIVE [ 77 ] [ 1 ] [ 1829 1687 1889 ] [    0    0    0 ] [      0      0      0 ] [ 1 ],drive [ 76 ] [ 1 ] [ 1807 1684 1889 ] [   11   24    1 ] [   9696  15383  15794 ] [ 1 ],0.80,0.80,0.80,0.80,-1.57,3.65,0.00,0.00,0.00,0.00,0.00,-0.00,0.00,0.00,0.00,0.00,0.00,0.00,0.00,-0.00,0.00,0
2.195,-3,4,33,0,DRIVE [ 77 ] [ 1 ] [ 1861 1658 1889 ] [    0    0    0 ] [      0      0      0 ] [ 1 ],drive [ 77 ] [ 1 ] [ 1829 1687 1889 ] [   11   24    1 ] [   9696  15383  15794 ] [ 1 ],0.80,0.80,0.80,0.80,-2.11,3.18,0.00,0.00,0.00,0.00,0.00,-0.00,0.00,0.00,0.00,0.00,0.00,0.00,0.00,-0.00,0.00,0
2.20697,-4,3,32,0,DRIVE [ 78 ] [ 1 ] [ 1898 1586 1889 ] [    0    0    0 ] [      0      0      0 ] [ 1 ],drive [ 77 ] [ 1 ] [ 1861 1658 1889 ] [   11   24    1 ] [   9696  15383  15794 ] [ 1 ],0.80,0.80,0.80,0.80,-2.95,2.79,0.00,0.00,0.00,0.00,0.00,-0.00,0.00,0.00,0.00,0.00,0.00,0.00,0.00,-0.00,0.00,0
2.21638,-5,3,31,0,DRIVE [ 78 ] [ 1 ] [ 1898 1496 1920 ] [    0    0    0 ] [      0      0      0 ] [ 1 ],drive [ 78 ] [ 1 ] [ 1898 1586 1889 ] [   11   24    1 ] [  10153  14274  15527 ] [ 1 ],0.80,0.80,0.80,0.80,-3.88,2.55,0.00,0.00,0.00,0.00,0.00,-0.00,0.00,0.00,0.00,0.00,0.00,0.00,0.00,-0.00,0.00,0
2.22725,-6,3,30,1,DRIVE [ 79 ] [ 1 ] [ 1898 1439 1897 ] [    0    0    0 ] [      0      0      0 ] [ 1 ],drive [ 78 ] [ 1 ] [ 1898 1496 1920 ] [   22   33   21 ] [  10153  14274  15527 ] [ 1 ],0.80,0.80,0.80,0.80,-4.68,2.50,0.00,0.00,0.00,0.00,0.00,-0.00,0.00,0.00,0.00,0.00,0.00,0.00,0.00,-0.00,0.00,0
