timestamp,Xmm,Ymm,Zmm,TouchDetected,OutgoingPacket,IncomingPacket,GainPropAb, GainPropAd, GainPropFl, GainPropEx,PropA, PropB, PropC,GainIntegAb, GainIntegAd, GainIntegFl, GainIntegEx,IntegA, IntegB, IntegC,GainDerivAb, GainDerivAd, GainDerivFl, GainDerivEx,DerivA, DerivB, DerivC,Heading5
2.5818,70,150,755,1,DRIVE [ 85 ] [ 1 ] [ 1914 1851 1916 ] [    0    0    0 ] [      0      0      0 ] [ 1 ],drive [ 85 ] [ 1 ] [ 1914 1866 1905 ] [    6   11   14 ] [   8830  14621  16380 ] [ 1 ],0.80,0.80,0.80,0.80,-0.80,0.30,0.00,0.00,0.00,0.00,0.00,0.00,0.00,0.00,0.00,0.00,0.00,0.00,0.00,-0.00,0.00,0
0.00140854,70,150,755,0,DRIVE [ 06 ] [ 1 ] [ 1926 1787 1926 ] [    0    0    0 ] [      0      0      0 ] [ 0 ],drive [ 06 ] [ 1 ] [ 1555 1787 1926 ] [   42   13    9 ] [   9725  18376  17744 ] [ 0 ],0.80,0.80,0.80,0.80,50.49,108.15,0.00,0.00,0.00,0.00,0.00,0.00,0.00,0.00,0.00,0.00,0.00,0.00,-0.00,-0.00,0.00,0
0.0174309,71,149,744,0,DRIVE [ 07 ] [ 1 ] [ 1919 1923 1926 ] [    0    0    0 ] [      0      0      0 ] [ 0 ],drive [ 06 ] [ 1 ] [ 1926 1787 1926 ] [   42   13    9 ] [   9725  18376  17744 ] [ 0 ],0.80,0.80,0.80,0.80,56.63,119.18,0.00,0.00,0.00,0.00,0.00,0.00,0.00,0.00,0.00,0.00,0.00,0.00,0.00,0.00,0.00,0
0.0321962,79,164,821,0,DRIVE [ 07 ] [ 1 ] [ 1913 1921 1926 ] [    0    0    0 ] [      0      0      0 ] [ 0 ],drive [ 07 ] [ 1 ] [ 1919 1923 1926 ] [   42   13    9 ] [   9725  18394  17744 ] [ 0 ],0.80,0.80,0.80,0.80,63.20,131.48,0.00,0.00,0.00,0.00,0.00,0.00,0.00,0.00,0.00,0.00,0.00,0.00,0.00,0.00,0.00,0
0.0466559,75,157,782,0,DRIVE [ 08 ] [ 1 ] [ 1907 1919 1926 ] [    0    0    0 ] [      0      0      0 ] [ 0 ],drive [ 07 ] [ 1 ] [ 1913 1921 1926 ] [   20   11    9 ] [   9725  18394  17744 ] [ 0 ],0.80,0.80,0.80,0.80,60.39,125.29,0.00,0.00,0.00,0.00,0.00,0.00,0.00,0.00,0.00,0.00,0.00,0.00,-0.00,-0.00,0.00,0
0.061582,74,154,768,0,DRIVE [ 08 ] [ 1 ] [ 1902 1917 1926 ] [    0    0    0 ] [      0      0      0 ] [ 0 ],drive [ 08 ] [ 1 ] [ 1907 1919 1926 ] [   20   11    9 ] [   9725  18394  17744 ] [ 0 ],0.80,0.80,0.80,0.80,59.34,122.97,0.00,0.00,0.00,0.00,0.00,0.00,0.00,0.00,0.00,0.00,0.00,0.00,-0.00,-0.00,0.00,0
0.0759837,74,152,762,0,DRIVE [ 09 ] [ 1 ] [ 1896 1915 1926 ] [    0    0    0 ] [      0      0      0 ] [ 0 ],drive [ 08 ] [ 1 ] [ 1902 1917 1926 ] [   20   11    9 ] [   8432  18380  17764 ] [ 0 ],0.80,0.80,0.80,0.80,59.55,121.90,0.00,0.00,0.00,0.00,0.00,0.00,0.00,0.00,0.00,0.00,0.00,0.00,-0.00,-0.00,0.00,0
0.090297,76,152,752,0,DRIVE [ 09 ] [ 1 ] [ 1890 1913 1926 ] [    0    0    0 ] [      0      0      0 ] [ 0 ],drive [ 09 ] [ 1 ] [ 1896 1915 1926 ] [   26    2   23 ] [   8432  18380  17764 ] [ 0 ],0.80,0.80,0.80,0.80,60.41,121.69,0.00,0.00,0.00,0.00,0.00,0.00,0.00,0.00,0.00,0.00,0.00,0.00,-0.00,-0.00,0.00,0
0.104262,79,155,751,0,DRIVE [ 10 ] [ 1 ] [ 1883 1911 1926 ] [    0    0    0 ] [      0      0      0 ] [ 0 ],drive [ 09 ] [ 1 ] [ 1890 1913 1926 ] [   26    2   23 ] [   8432  18380  17764 ] [ 0 ],0.80,0.80,0.80,0.80,63.44,123.76,0.00,0.00,0.00,0.00,0.00,0.00,0.00,0.00,0.00,0.00,0.00,0.00,0.00,0.00,0.00,0
0.118432,87,157,749,0,DRIVE [ 10 ] [ 1 ] [ 1874 1910 1926 ] [    0    0    0 ] [      0      0      0 ] [ 0 ],drive [ 10 ] [ 1 ] [ 1883 1911 1926 ] [   26    2   23 ] [   8432  18380  17764 ] [ 0 ],0.80,0.80,0.80,0.80,69.51,125.85,0.00,0.00,0.00,0.00,0.00,0.00,0.00,0.00,0.00,0.00,0.00,0.00,0.00,0.00,0.00,0
0.132795,94,159,747,0,DRIVE [ 11 ] [ 1 ] [ 1865 1908 1926 ] [    0    0    0 ] [      0      0      0 ] [ 0 ],drive [ 10 ] [ 1 ] [ 1874 1910 1926 ] [   26    2   23 ] [   8278  18379  17798 ] [ 0 ],0.80,0.80,0.80,0.80,75.33,127.34,0.00,0.00,0.00,0.00,0.00,0.00,0.00,0.00,0.00,0.00,0.00,0.00,0.00,0.00,0.00,0
0.147021,101,162,754,0,DRIVE [ 11 ] [ 1 ] [ 1856 1907 1926 ] [    0    0    0 ] [      0      0      0 ] [ 0 ],drive [ 11 ] [ 1 ] [ 1865 1908 1926 ] [    3    3   18 ] [   8278  18379  17798 ] [ 0 ],0.80,0.80,0.80,0.80,81.07,129.89,0.00,0.00,0.00,0.00,0.00,0.00,0.00,0.00,0.00,0.00,0.00,0.00,0.00,0.00,0.00,0
0.161758,-108,151,692,0,DRIVE [ 12 ] [ 1 ] [ 1908 1841 1926 ] [    0    0    0 ] [      0      0      0 ] [ 0 ],drive [ 11 ] [ 1 ] [ 1856 1907 1926 ] [    3    3   18 ] [   8278  18379  17798 ] [ 0 ],0.80,0.80,0.80,0.80,-86.55,120.50,0.00,0.00,0.00,0.00,0.00,0.00,0.00,0.00,0.00,0.00,0.00,0.00,0.00,0.00,0.00,0
0.176401,-112,155,711,0,DRIVE [ 12 ] [ 1 ] [ 1906 1833 1926 ] [    0    0    0 ] [      0      0      0 ] [ 0 ],drive [ 12 ] [ 1 ] [ 1908 1841 1926 ] [    3    3   18 ] [   8281  18378  17798 ] [ 0 ],0.80,0.80,0.80,0.80,-89.64,124.05,0.00,0.00,0.00,0.00,0.00,0.00,0.00,0.00,0.00,0.00,0.00,0.00,0.00,0.00,0.00,0
0.191205,-108,152,693,0,DRIVE [ 13 ] [ 1 ] [ 1904 1826 1926 ] [    0    0    0 ] [      0      0      0 ] [ 0 ],drive [ 12 ] [ 1 ] [ 1906 1833 1926 ] [    1    8   19 ] [   8281  18378  17798 ] [ 0 ],0.80,0.80,0.80,0.80,-86.77,121.39,0.00,0.00,0.00,0.00,0.00,0.00,0.00,0.00,0.00,0.00,0.00,0.00,0.00,-0.00,0.00,0
0.208309,-107,152,692,0,DRIVE [ 13 ] [ 1 ] [ 1902 1818 1926 ] [    0    0    0 ] [      0      0      0 ] [ 0 ],drive [ 13 ] [ 1 ] [ 1904 1826 1926 ] [    1    8   19 ] [   8281  18378  17798 ] [ 0 ],0.80,0.80,0.80,0.80,-85.95,121.83,0.00,0.00,0.00,0.00,0.00,0.00,0.00,0.00,0.00,0.00,0.00,0.00,0.00,-0.00,0.00,0
0.223945,-107,152,692,0,DRIVE [ 14 ] [ 1 ] [ 1900 1810 1926 ] [    0    0    0 ] [      0      0      0 ] [ 0 ],drive [ 13 ] [ 1 ] [ 1902 1818 1926 ] [    1    8   19 ] [   8278  18396  17789 ] [ 0 ],0.80,0.80,0.80,0.80,-85.64,121.88,0.00,0.00,0.00,0.00,0.00,0.00,0.00,0.00,0.00,0.00,0.00,0.00,0.00,-0.00,0.00,0
0.238549,-108,153,696,0,DRIVE [ 14 ] [ 1 ] [ 1898 1802 1926 ] [    0    0    0 ] [      0      0      0 ] [ 0 ],drive [ 14 ] [ 1 ] [ 1900 1810 1926 ] [    3    8   22 ] [   8278  18396  17789 ] [ 0 ],0.80,0.80,0.80,0.80,-86.14,122.56,0.00,0.00,0.00,0.00,0.00,0.00,0.00,0.00,0.00,0.00,0.00,0.00,0.00,0.00,0.00,0
0.252706,-108,153,699,0,DRIVE [ 15 ] [ 1 ] [ 1897 1794 1926 ] [    0    0    0 ] [      0      0      0 ] [ 0 ],drive [ 14 ] [ 1 ] [ 1898 1802 1926 ] [    3    8   22 ] [   8278  18396  17789 ] [ 0 ],0.80,0.80,0.80,0.80,-86.59,122.40,0.00,0.00,0.00,0.00,0.00,0.00,0.00,0.00,0.00,0.00,0.00,0.00,0.00,0.00,0.00,0
0.266732,-108,152,697,0,DRIVE [ 15 ] [ 1 ] [ 1896 1787 1926 ] [    0    0    0 ] [      0      0      0 ] [ 0 ],drive [ 15 ] [ 1 ] [ 1897 1794 1926 ] [    3    8   22 ] [   8278  18396  17789 ] [ 0 ],0.80,0.80,0.80,0.80,-86.28,121.20,0.00,0.00,0.00,0.00,0.00,0.00,0.00,0.00,0.00,0.00,0.00,0.00,0.00,-0.00,0.00,0
0.281016,-108,152,697,0,DRIVE [ 16 ] [ 1 ] [ 1899 1801 1926 ] [    0    0    0 ] [      0      0      0 ] [ 0 ],drive [ 15 ] [ 1 ] [ 1896 1787 1926 ] [    3    8   22 ] [   8278  18395  17788 ] [ 0 ],0.80,0.80,0.80,0.80,-77.65,109.08,0.00,0.00,0.00,0.00,0.00,0.00,0.00,0.00,0.00,0.00,0.00,0.00,0.00,-0.00,0.00,0
0.295666,-107,150,695,0,DRIVE [ 16 ] [ 1 ] [ 1893 1774 1926 ] [    0    0    0 ] [      0      0      0 ] [ 0 ],drive [ 16 ] [ 1 ] [ 1899 1801 1926 ] [    3   10   22 ] [   8278  18395  17788 ] [ 0 ],0.80,0.80,0.80,0.80,-85.79,120.08,0.00,0.00,0.00,0.00,0.00,0.00,0.00,0.00,0.00,0.00,0.00,0.00,0.00,-0.00,0.00,0
0.310264,-106,149,693,0,DRIVE [ 17 ] [ 1 ] [ 1891 1768 1926 ] [    0    0    0 ] [      0      0      0 ] [ 0 ],drive [ 16 ] [ 1 ] [ 1893 1774 1926 ] [    3   10   22 ] [   8278  18395  17788 ] [ 0 ],0.80,0.80,0.80,0.80,-84.55,119.00,0.00,0.00,0.00,0.00,0.00,0.00,0.00,0.00,0.00,0.00,0.00,0.00,0.00,-0.00,0.00,0
0.324987,-104,148,692,0,DRIVE [ 17 ] [ 1 ] [ 1890 1762 1926 ] [    0    0    0 ] [      0      0      0 ] [ 0 ],drive [ 17 ] [ 1 ] [ 1891 1768 1926 ] [    3   10   22 ] [   8277  18394  17788 ] [ 0 ],0.80,0.80,0.80,0.80,-83.33,118.52,0.00,0.00,0.00,0.00,0.00,0.00,0.00,0.00,0.00,0.00,0.00,0.00,0.00,-0.00,0.00,0
0.339384,-104,148,692,0,DRIVE [ 18 ] [ 1 ] [ 1893 1778 1926 ] [    0    0    0 ] [      0      0      0 ] [ 0 ],drive [ 17 ] [ 1 ] [ 1890 1762 1926 ] [    4   12   22 ] [   8277  18394  17788 ] [ 0 ],0.80,0.80,0.80,0.80,-75.00,106.67,0.00,0.00,0.00,0.00,0.00,0.00,0.00,0.00,0.00,0.00,0.00,0.00,0.00,-0.00,0.00,0
0.353808,-100,148,685,0,DRIVE [ 18 ] [ 1 ] [ 1885 1750 1926 ] [    0    0    0 ] [      0      0      0 ] [ 0 ],drive [ 18 ] [ 1 ] [ 1893 1778 1926 ] [    4   12   22 ] [   8277  18394  17788 ] [ 0 ],0.80,0.80,0.80,0.80,-79.87,118.09,0.00,0.00,0.00,0.00,0.00,0.00,0.00,0.00,0.00,0.00,0.00,0.00,0.00,-0.00,0.00,0
0.368267,-97,149,685,0,DRIVE [ 19 ] [ 1 ] [ 1881 1746 1926 ] [    0    0    0 ] [      0      0      0 ] [ 0 ],drive [ 18 ] [ 1 ] [ 1885 1750 1926 ] [    4   12   22 ] [   8277  18394  17788 ] [ 0 ],0.80,0.80,0.80,0.80,-77.22,119.10,0.00,0.00,0.00,0.00,0.00,0.00,0.00,0.00,0.00,0.00,0.00,0.00,0.00,-0.00,0.00,0
0.382552,-94,151,690,0,DRIVE [ 19 ] [ 1 ] [ 1877 1743 1926 ] [    0    0    0 ] [      0      0      0 ] [ 0 ],drive [ 19 ] [ 1 ] [ 1881 1746 1926 ] [    4   12   22 ] [   8278  18391  17762 ] [ 0 ],0.80,0.80,0.80,0.80,-74.96,120.89,0.00,0.00,0.00,0.00,0.00,0.00,0.00,0.00,0.00,0.00,0.00,0.00,0.00,-0.00,0.00,0
0.396555,-89,151,684,0,DRIVE [ 20 ] [ 1 ] [ 1872 1740 1926 ] [    0    0    0 ] [      0      0      0 ] [ 0 ],drive [ 19 ] [ 1 ] [ 1877 1743 1926 ] [    3   14   21 ] [   8278  18391  17762 ] [ 0 ],0.80,0.80,0.80,0.80,-70.88,120.97,0.00,0.00,0.00,0.00,0.00,0.00,0.00,0.00,0.00,0.00,0.00,0.00,0.00,-0.00,0.00,0
0.411132,-84,151,679,0,DRIVE [ 20 ] [ 1 ] [ 1868 1738 1926 ] [    0    0    0 ] [      0      0      0 ] [ 0 ],drive [ 20 ] [ 1 ] [ 1872 1740 1926 ] [    3   14   21 ] [   8278  18391  17762 ] [ 0 ],0.80,0.80,0.80,0.80,-67.09,121.02,0.00,0.00,0.00,0.00,0.00,0.00,0.00,0.00,0.00,0.00,0.00,0.00,0.00,-0.00,0.00,0
0.425599,-81,154,687,0,DRIVE [ 21 ] [ 1 ] [ 1863 1735 1926 ] [    0    0    0 ] [      0      0      0 ] [ 0 ],drive [ 20 ] [ 1 ] [ 1868 1738 1926 ] [    3   14   21 ] [   8281  18391  17758 ] [ 0 ],0.80,0.80,0.80,0.80,-64.61,123.34,0.00,0.00,0.00,0.00,0.00,0.00,0.00,0.00,0.00,0.00,0.00,0.00,0.00,-0.00,0.00,0
0.440088,-76,155,685,0,DRIVE [ 21 ] [ 1 ] [ 1857 1734 1926 ] [    0    0    0 ] [      0      0      0 ] [ 0 ],drive [ 21 ] [ 1 ] [ 1863 1735 1926 ] [    4   17   18 ] [   8281  18391  17758 ] [ 0 ],0.80,0.80,0.80,0.80,-60.44,123.84,0.00,0.00,0.00,0.00,0.00,0.00,0.00,0.00,0.00,0.00,0.00,0.00,0.00,-0.00,0.00,0
0.45431,-70,153,674,0,DRIVE [ 22 ] [ 1 ] [ 1852 1733 1926 ] [    0    0    0 ] [      0      0      0 ] [ 0 ],drive [ 21 ] [ 1 ] [ 1857 1734 1926 ] [    4   17   18 ] [   8281  18391  17758 ] [ 0 ],0.80,0.80,0.80,0.80,-55.62,122.53,0.00,0.00,0.00,0.00,0.00,0.00,0.00,0.00,0.00,0.00,0.00,0.00,0.00,-0.00,0.00,0
0.468241,-65,154,676,0,DRIVE [ 22 ] [ 1 ] [ 1846 1733 1926 ] [    0    0    0 ] [      0      0      0 ] [ 0 ],drive [ 22 ] [ 1 ] [ 1852 1733 1926 ] [    4   17   18 ] [   8281  18391  17758 ] [ 0 ],0.80,0.80,0.80,0.80,-51.69,123.45,0.00,0.00,0.00,0.00,0.00,0.00,0.00,0.00,0.00,0.00,0.00,0.00,0.00,-0.00,0.00,0
0.482636,-59,155,673,0,DRIVE [ 23 ] [ 1 ] [ 1840 1733 1926 ] [    0    0    0 ] [      0      0      0 ] [ 0 ],drive [ 22 ] [ 1 ] [ 1846 1733 1926 ] [    4   17   18 ] [   8282  18380  17755 ] [ 0 ],0.80,0.80,0.80,0.80,-47.43,123.63,0.00,0.00,0.00,0.00,0.00,0.00,0.00,0.00,0.00,0.00,0.00,0.00,0.00,-0.00,0.00,0
0.496699,-52,154,664,0,DRIVE [ 23 ] [ 1 ] [ 1831 1734 1926 ] [    0    0    0 ] [      0      0      0 ] [ 0 ],drive [ 23 ] [ 1 ] [ 1840 1733 1926 ] [    6   19   15 ] [   8282  18380  17755 ] [ 0 ],0.80,0.80,0.80,0.80,-41.68,123.44,0.00,0.00,0.00,0.00,0.00,0.00,0.00,0.00,0.00,0.00,0.00,0.00,0.00,-0.00,0.00,0
0.510821,-45,156,664,0,DRIVE [ 24 ] [ 1 ] [ 1822 1735 1926 ] [    0    0    0 ] [      0      0      0 ] [ 0 ],drive [ 23 ] [ 1 ] [ 1831 1734 1926 ] [    6   19   15 ] [   8282  18380  17755 ] [ 0 ],0.80,0.80,0.80,0.80,-36.39,124.99,0.00,0.00,0.00,0.00,0.00,0.00,0.00,0.00,0.00,0.00,0.00,0.00,0.00,-0.00,0.00,0
0.525057,-39,158,662,0,DRIVE [ 24 ] [ 1 ] [ 1813 1737 1926 ] [    0    0    0 ] [      0      0      0 ] [ 0 ],drive [ 24 ] [ 1 ] [ 1822 1735 1926 ] [    6   19   15 ] [   8295  18378  17740 ] [ 0 ],0.80,0.80,0.80,0.80,-31.13,126.09,0.00,0.00,0.00,0.00,0.00,0.00,0.00,0.00,0.00,0.00,0.00,0.00,0.00,-0.00,0.00,0
0.539519,-32,157,652,0,DRIVE [ 25 ] [ 1 ] [ 1803 1738 1926 ] [    0    0    0 ] [      0      0      0 ] [ 0 ],drive [ 24 ] [ 1 ] [ 1813 1737 1926 ] [   29   19    9 ] [   8295  18378  17740 ] [ 0 ],0.80,0.80,0.80,0.80,-25.64,125.55,0.00,0.00,0.00,0.00,0.00,0.00,0.00,0.00,0.00,0.00,0.00,0.00,0.00,-0.00,0.00,0
0.554054,-26,157,645,0,DRIVE [ 25 ] [ 1 ] [ 1793 1739 1926 ] [    0    0    0 ] [      0      0      0 ] [ 0 ],drive [ 25 ] [ 1 ] [ 1803 1738 1926 ] [   29   19    9 ] [   8295  18378  17740 ] [ 0 ],0.80,0.80,0.80,0.80,-20.41,125.21,0.00,0.00,0.00,0.00,0.00,0.00,0.00,0.00,0.00,0.00,0.00,0.00,0.00,-0.00,0.00,0
0.568502,-18,157,642,0,DRIVE [ 26 ] [ 1 ] [ 1782 1742 1926 ] [    0    0    0 ] [      0      0      0 ] [ 0 ],drive [ 25 ] [ 1 ] [ 1793 1739 1926 ] [   29   19    9 ] [   8295  18378  17740 ] [ 0 ],0.80,0.80,0.80,0.80,-14.56,125.29,0.00,0.00,0.00,0.00,0.00,0.00,0.00,0.00,0.00,0.00,0.00,0.00,0.00,-0.00,0.00,0
0.582971,-12,156,640,0,DRIVE [ 26 ] [ 1 ] [ 1772 1745 1926 ] [    0    0    0 ] [      0      0      0 ] [ 0 ],drive [ 26 ] [ 1 ] [ 1782 1742 1926 ] [   29   19    9 ] [   8586  18376  17607 ] [ 0 ],0.80,0.80,0.80,0.80,-9.46,125.05,0.00,0.00,0.00,0.00,0.00,0.00,0.00,0.00,0.00,0.00,0.00,0.00,0.00,-0.00,0.00,0
0.596719,-6,155,636,0,DRIVE [ 27 ] [ 1 ] [ 1762 1748 1926 ] [    0    0    0 ] [      0      0      0 ] [ 0 ],drive [ 26 ] [ 1 ] [ 1772 1745 1926 ] [   17   23   16 ] [   8586  18376  17607 ] [ 0 ],0.80,0.80,0.80,0.80,-4.99,123.90,0.00,0.00,0.00,0.00,0.00,0.00,0.00,0.00,0.00,0.00,0.00,0.00,0.00,-0.00,0.00,0
0.611219,-1,152,627,0,DRIVE [ 27 ] [ 1 ] [ 1754 1751 1926 ] [    0    0    0 ] [      0      0      0 ] [ 0 ],drive [ 27 ] [ 1 ] [ 1762 1748 1926 ] [   17   23   16 ] [   8586  18376  17607 ] [ 0 ],0.80,0.80,0.80,0.80,-1.00,121.37,0.00,0.00,0.00,0.00,0.00,0.00,0.00,0.00,0.00,0.00,0.00,0.00,0.00,-0.00,0.00,0
0.625575,5,149,621,0,DRIVE [ 28 ] [ 1 ] [ 1744 1755 1926 ] [    0    0    0 ] [      0      0      0 ] [ 0 ],drive [ 27 ] [ 1 ] [ 1754 1751 1926 ] [   17   23   16 ] [   8634  18354  17542 ] [ 0 ],0.80,0.80,0.80,0.80,3.82,119.51,0.00,0.00,0.00,0.00,0.00,0.00,0.00,0.00,0.00,0.00,0.00,0.00,-0.00,-0.00,0.00,0
0.639935,11,148,617,0,DRIVE [ 28 ] [ 1 ] [ 1732 1759 1926 ] [    0    0    0 ] [      0      0      0 ] [ 0 ],drive [ 28 ] [ 1 ] [ 1744 1755 1926 ] [   18   33   21 ] [   8634  18354  17542 ] [ 0 ],0.80,0.80,0.80,0.80,8.49,118.44,0.00,0.00,0.00,0.00,0.00,0.00,0.00,0.00,0.00,0.00,0.00,0.00,-0.00,-0.00,0.00,0
0.65412,17,147,614,0,DRIVE [ 29 ] [ 1 ] [ 1719 1762 1926 ] [    0    0    0 ] [      0      0      0 ] [ 0 ],drive [ 28 ] [ 1 ] [ 1732 1759 1926 ] [   18   33   21 ] [   8634  18354  17542 ] [ 0 ],0.80,0.80,0.80,0.80,13.30,117.93,0.00,0.00,0.00,0.00,0.00,0.00,0.00,0.00,0.00,0.00,0.00,0.00,0.00,0.00,0.00,0
0.667931,25,146,603,0,DRIVE [ 29 ] [ 1 ] [ 1700 1767 1926 ] [    0    0    0 ] [      0      0      0 ] [ 0 ],drive [ 29 ] [ 1 ] [ 1719 1762 1926 ] [   18   33   21 ] [   8634  18354  17542 ] [ 0 ],0.80,0.80,0.80,0.80,19.83,116.82,0.00,0.00,0.00,0.00,0.00,0.00,0.00,0.00,0.00,0.00,0.00,0.00,0.00,0.00,0.00,0
0.682533,33,147,600,0,DRIVE [ 30 ] [ 1 ] [ 1680 1771 1926 ] [    0    0    0 ] [      0      0      0 ] [ 0 ],drive [ 29 ] [ 1 ] [ 1700 1767 1926 ] [   18   33   21 ] [   8642  18351  17540 ] [ 0 ],0.80,0.80,0.80,0.80,26.25,117.68,0.00,0.00,0.00,0.00,0.00,0.00,0.00,0.00,0.00,0.00,0.00,0.00,0.00,0.00,0.00,0
0.69734,40,147,589,0,DRIVE [ 30 ] [ 1 ] [ 1658 1774 1926 ] [    0    0    0 ] [      0      0      0 ] [ 0 ],drive [ 30 ] [ 1 ] [ 1680 1771 1926 ] [   29   32   20 ] [   8642  18351  17540 ] [ 0 ],0.80,0.80,0.80,0.80,31.86,117.34,0.00,0.00,0.00,0.00,0.00,0.00,0.00,0.00,0.00,0.00,0.00,0.00,0.00,0.00,0.00,0
0.711939,47,147,580,0,DRIVE [ 31 ] [ 1 ] [ 1635 1776 1926 ] [    0    0    0 ] [      0      0      0 ] [ 0 ],drive [ 30 ] [ 1 ] [ 1658 1774 1926 ] [   29   32   20 ] [   8642  18351  17540 ] [ 0 ],0.80,0.80,0.80,0.80,37.22,117.38,0.00,0.00,0.00,0.00,0.00,0.00,0.00,0.00,0.00,0.00,0.00,0.00,0.00,0.00,0.00,0
0.726222,55,148,571,0,DRIVE [ 31 ] [ 1 ] [ 1605 1779 1926 ] [    0    0    0 ] [      0      0      0 ] [ 0 ],drive [ 31 ] [ 1 ] [ 1635 1776 1926 ] [   29   32   20 ] [   8834  18300  17532 ] [ 0 ],0.80,0.80,0.80,0.80,43.95,118.03,0.00,0.00,0.00,0.00,0.00,0.00,0.00,0.00,0.00,0.00,0.00,0.00,0.00,0.00,0.00,0
0.74,63,150,568,0,DRIVE [ 32 ] [ 1 ] [ 1576 1781 1926 ] [    0    0    0 ] [      0      0      0 ] [ 0 ],drive [ 31 ] [ 1 ] [ 1605 1779 1926 ] [   39   27    0 ] [   8834  18300  17532 ] [ 0 ],0.80,0.80,0.80,0.80,50.69,120.03,0.00,0.00,0.00,0.00,0.00,0.00,0.00,0.00,0.00,0.00,0.00,0.00,0.00,0.00,0.00,0
0.754483,71,152,564,0,DRIVE [ 32 ] [ 1 ] [ 1547 1783 1926 ] [    0    0    0 ] [      0      0      0 ] [ 0 ],drive [ 32 ] [ 1 ] [ 1576 1781 1926 ] [   39   27    0 ] [   8834  18300  17532 ] [ 0 ],0.80,0.80,0.80,0.80,56.60,121.44,0.00,0.00,0.00,0.00,0.00,0.00,0.00,0.00,0.00,0.00,0.00,0.00,0.00,0.00,0.00,0
0.768927,77,152,555,0,DRIVE [ 33 ] [ 1 ] [ 1517 1785 1926 ] [    0    0    0 ] [      0      0      0 ] [ 0 ],drive [ 32 ] [ 1 ] [ 1547 1783 1926 ] [   39   27    0 ] [   8834  18300  17532 ] [ 0 ],0.80,0.80,0.80,0.80,61.64,121.75,0.00,0.00,0.00,0.00,0.00,0.00,0.00,0.00,0.00,0.00,0.00,0.00,0.00,0.00,0.00,0
0.783701,81,152,543,0,DRIVE [ 33 ] [ 1 ] [ 1491 1785 1926 ] [    0    0    0 ] [      0      0      0 ] [ 0 ],drive [ 33 ] [ 1 ] [ 1517 1785 1926 ] [   39   27    0 ] [   9352  18173  17358 ] [ 0 ],0.80,0.80,0.80,0.80,64.88,121.23,0.00,0.00,0.00,0.00,0.00,0.00,0.00,0.00,0.00,0.00,0.00,0.00,0.00,0.00,0.00,0
0.797982,86,154,543,0,DRIVE [ 34 ] [ 1 ] [ 1467 1784 1926 ] [    0    0    0 ] [      0      0      0 ] [ 0 ],drive [ 33 ] [ 1 ] [ 1491 1785 1926 ] [   53   18   16 ] [   9352  18173  17358 ] [ 0 ],0.80,0.80,0.80,0.80,68.43,122.92,0.00,0.00,0.00,0.00,0.00,0.00,0.00,0.00,0.00,0.00,0.00,0.00,0.00,0.00,0.00,0
0.812179,88,153,537,0,DRIVE [ 34 ] [ 1 ] [ 1447 1784 1926 ] [    0    0    0 ] [      0      0      0 ] [ 0 ],drive [ 34 ] [ 1 ] [ 1467 1784 1926 ] [   53   18   16 ] [   9352  18173  17358 ] [ 0 ],0.80,0.80,0.80,0.80,70.65,122.68,0.00,0.00,0.00,0.00,0.00,0.00,0.00,0.00,0.00,0.00,0.00,0.00,0.00,0.00,0.00,0
0.826887,92,152,528,0,DRIVE [ 35 ] [ 1 ] [ 1422 1787 1926 ] [    0    0    0 ] [      0      0      0 ] [ 0 ],drive [ 34 ] [ 1 ] [ 1447 1784 1926 ] [   53   18   16 ] [   9683  18131  17285 ] [ 0 ],0.80,0.80,0.80,0.80,73.63,121.20,0.00,0.00,0.00,0.00,0.00,0.00,0.00,0.00,0.00,0.00,0.00,0.00,0.00,0.00,0.00,0
0.841538,95,149,518,0,DRIVE [ 35 ] [ 1 ] [ 1397 1789 1926 ] [    0    0    0 ] [      0      0      0 ] [ 0 ],drive [ 35 ] [ 1 ] [ 1422 1787 1926 ] [   47   34    6 ] [   9683  18131  17285 ] [ 0 ],0.80,0.80,0.80,0.80,75.96,119.57,0.00,0.00,0.00,0.00,0.00,0.00,0.00,0.00,0.00,0.00,0.00,0.00,0.00,0.00,0.00,0
0.856645,98,149,511,0,DRIVE [ 36 ] [ 1 ] [ 1373 1790 1926 ] [    0    0    0 ] [      0      0      0 ] [ 0 ],drive [ 35 ] [ 1 ] [ 1397 1789 1926 ] [   47   34    6 ] [   9683  18131  17285 ] [ 0 ],0.80,0.80,0.80,0.80,78.29,118.85,0.00,0.00,0.00,0.00,0.00,0.00,0.00,0.00,0.00,0.00,0.00,0.00,0.00,0.00,0.00,0
0.870812,100,148,506,0,DRIVE [ 36 ] [ 1 ] [ 1350 1791 1926 ] [    0    0    0 ] [      0      0      0 ] [ 0 ],drive [ 36 ] [ 1 ] [ 1373 1790 1926 ] [   47   34    6 ] [   9683  18131  17285 ] [ 0 ],0.80,0.80,0.80,0.80,80.38,118.59,0.00,0.00,0.00,0.00,0.00,0.00,0.00,0.00,0.00,0.00,0.00,0.00,0.00,0.00,0.00,0
0.885513,103,148,499,0,DRIVE [ 37 ] [ 1 ] [ 1325 1791 1926 ] [    0    0    0 ] [      0      0      0 ] [ 0 ],drive [ 36 ] [ 1 ] [ 1350 1791 1926 ] [   47   34    6 ] [  10145  18086  17223 ] [ 0 ],0.80,0.80,0.80,0.80,82.24,118.22,0.00,0.00,0.00,0.00,0.00,0.00,0.00,0.00,0.00,0.00,0.00,0.00,0.00,0.00,0.00,0
0.899664,104,147,492,0,DRIVE [ 37 ] [ 1 ] [ 1303 1791 1926 ] [    0    0    0 ] [      0      0      0 ] [ 0 ],drive [ 37 ] [ 1 ] [ 1325 1791 1926 ] [   75   20    9 ] [  10145  18086  17223 ] [ 0 ],0.80,0.80,0.80,0.80,83.55,117.54,0.00,0.00,0.00,0.00,0.00,0.00,0.00,0.00,0.00,0.00,0.00,0.00,0.00,0.00,0.00,0
0.913874,106,146,484,0,DRIVE [ 38 ] [ 1 ] [ 1282 1791 1926 ] [    0    0    0 ] [      0      0      0 ] [ 0 ],drive [ 37 ] [ 1 ] [ 1303 1791 1926 ] [   75   20    9 ] [  10145  18086  17223 ] [ 0 ],0.80,0.80,0.80,0.80,84.46,116.45,0.00,0.00,0.00,0.00,0.00,0.00,0.00,0.00,0.00,0.00,0.00,0.00,0.00,0.00,0.00,0
0.928815,108,144,478,0,DRIVE [ 38 ] [ 1 ] [ 1258 1793 1926 ] [    0    0    0 ] [      0      0      0 ] [ 0 ],drive [ 38 ] [ 1 ] [ 1282 1791 1926 ] [   75   20    9 ] [  10348  17905  17109 ] [ 0 ],0.80,0.80,0.80,0.80,86.17,115.11,0.00,0.00,0.00,0.00,0.00,0.00,0.00,0.00,0.00,0.00,0.00,0.00,0.00,0.00,0.00,0
0.942973,109,142,469,0,DRIVE [ 39 ] [ 1 ] [ 1233 1795 1926 ] [    0    0    0 ] [      0      0      0 ] [ 0 ],drive [ 38 ] [ 1 ] [ 1258 1793 1926 ] [   71   19   19 ] [  10348  17905  17109 ] [ 0 ],0.80,0.80,0.80,0.80,87.28,113.58,0.00,0.00,0.00,0.00,0.00,0.00,0.00,0.00,0.00,0.00,0.00,0.00,0.00,0.00,0.00,0
0.957581,112,142,468,0,DRIVE [ 39 ] [ 1 ] [ 1230 1797 1926 ] [    0    0    0 ] [      0      0      0 ] [ 0 ],drive [ 39 ] [ 1 ] [ 1233 1795 1926 ] [   71   19   19 ] [  10348  17905  17109 ] [ 0 ],0.80,0.80,0.80,0.80,89.47,113.46,0.00,0.00,0.00,0.00,0.00,0.00,0.00,0.00,0.00,0.00,0.00,0.00,0.00,0.00,0.00,0
0.971986,113,141,463,0,DRIVE [ 40 ] [ 1 ] [ 1230 1799 1926 ] [    0    0    0 ] [      0      0      0 ] [ 0 ],drive [ 39 ] [ 1 ] [ 1230 1797 1926 ] [   71   19   19 ] [  10405  17714  17076 ] [ 0 ],0.80,0.80,0.80,0.80,90.75,112.46,0.00,0.00,0.00,0.00,0.00,0.00,0.00,0.00,0.00,0.00,0.00,0.00,0.00,0.00,0.00,0
0.986619,116,140,459,0,DRIVE [ 40 ] [ 1 ] [ 1230 1802 1926 ] [    0    0    0 ] [      0      0      0 ] [ 0 ],drive [ 40 ] [ 1 ] [ 1230 1799 1926 ] [   71   19   19 ] [  10405  17714  17076 ] [ 0 ],0.80,0.80,0.80,0.80,92.95,112.00,0.00,0.00,0.00,0.00,0.00,0.00,0.00,0.00,0.00,0.00,0.00,0.00,0.00,0.00,0.00,0
1.00084,117,138,450,0,DRIVE [ 41 ] [ 1 ] [ 1230 1804 1926 ] [    0    0    0 ] [      0      0      0 ] [ 0 ],drive [ 40 ] [ 1 ] [ 1230 1802 1926 ] [   79   22   15 ] [  10405  17714  17076 ] [ 0 ],0.80,0.80,0.80,0.80,93.80,110.53,0.00,0.00,0.00,0.00,0.00,0.00,0.00,0.00,0.00,0.00,0.00,0.00,0.00,0.00,0.00,0
1.01484,119,138,445,0,DRIVE [ 41 ] [ 1 ] [ 1230 1807 1926 ] [    0    0    0 ] [      0      0      0 ] [ 0 ],drive [ 41 ] [ 1 ] [ 1230 1804 1926 ] [   79   22   15 ] [  10405  17714  17076 ] [ 0 ],0.80,0.80,0.80,0.80,95.50,110.04,0.00,0.00,0.00,0.00,0.00,0.00,0.00,0.00,0.00,0.00,0.00,0.00,0.00,0.00,0.00,0
1.02961,121,136,440,0,DRIVE [ 42 ] [ 1 ] [ 1230 1813 1926 ] [    0    0    0 ] [      0      0      0 ] [ 0 ],drive [ 41 ] [ 1 ] [ 1230 1807 1926 ] [   79   22   15 ] [  10859  17595  16974 ] [ 0 ],0.80,0.80,0.80,0.80,96.99,108.69,0.00,0.00,0.00,0.00,0.00,0.00,0.00,0.00,0.00,0.00,0.00,0.00,0.00,0.00,0.00,0
1.04388,122,134,434,0,DRIVE [ 42 ] [ 1 ] [ 1230 1816 1926 ] [    0    0    0 ] [      0      0      0 ] [ 0 ],drive [ 42 ] [ 1 ] [ 1230 1813 1926 ] [   66   11   15 ] [  10859  17595  16974 ] [ 0 ],0.80,0.80,0.80,0.80,97.60,107.38,0.00,0.00,0.00,0.00,0.00,0.00,0.00,0.00,0.00,0.00,0.00,0.00,0.00,0.00,0.00,0
1.05863,121,132,429,0,DRIVE [ 43 ] [ 1 ] [ 1230 1818 1926 ] [    0    0    0 ] [      0      0      0 ] [ 0 ],drive [ 42 ] [ 1 ] [ 1230 1816 1926 ] [   66   11   15 ] [  10859  17595  16974 ] [ 0 ],0.80,0.80,0.80,0.80,96.97,105.68,0.00,0.00,0.00,0.00,0.00,0.00,0.00,0.00,0.00,0.00,0.00,0.00,0.00,0.00,0.00,0
1.07266,120,130,426,0,DRIVE [ 43 ] [ 1 ] [ 1230 1820 1926 ] [    0    0    0 ] [      0      0      0 ] [ 0 ],drive [ 43 ] [ 1 ] [ 1230 1818 1926 ] [   66   11   15 ] [  11257  17294  16789 ] [ 0 ],0.80,0.80,0.80,0.80,95.61,103.99,0.00,0.00,0.00,0.00,0.00,0.00,0.00,0.00,0.00,0.00,0.00,0.00,0.00,0.00,0.00,0
1.08683,117,127,422,0,DRIVE [ 44 ] [ 1 ] [ 1230 1821 1926 ] [    0    0    0 ] [      0      0      0 ] [ 0 ],drive [ 43 ] [ 1 ] [ 1230 1820 1926 ] [   76   32   23 ] [  11257  17294  16789 ] [ 0 ],0.80,0.80,0.80,0.80,93.44,101.62,0.00,0.00,0.00,0.00,0.00,0.00,0.00,0.00,0.00,0.00,0.00,0.00,0.00,0.00,0.00,0
1.10101,114,124,419,0,DRIVE [ 44 ] [ 1 ] [ 1230 1821 1926 ] [    0    0    0 ] [      0      0      0 ] [ 0 ],drive [ 44 ] [ 1 ] [ 1230 1821 1926 ] [   76   32   23 ] [  11257  17294  16789 ] [ 0 ],0.80,0.80,0.80,0.80,90.98,99.48,0.00,0.00,0.00,0.00,0.00,0.00,0.00,0.00,0.00,0.00,0.00,0.00,0.00,0.00,0.00,0
1.117,110,122,415,0,DRIVE [ 45 ] [ 1 ] [ 1230 1820 1926 ] [    0    0    0 ] [      0      0      0 ] [ 0 ],drive [ 44 ] [ 1 ] [ 1230 1821 1926 ] [   76   32   23 ] [  11257  17294  16789 ] [ 0 ],0.80,0.80,0.80,0.80,87.98,97.54,0.00,0.00,0.00,0.00,0.00,0.00,0.00,0.00,0.00,0.00,0.00,0.00,0.00,0.00,0.00,0
1.13151,105,119,410,0,DRIVE [ 45 ] [ 1 ] [ 1230 1817 1926 ] [    0    0    0 ] [      0      0      0 ] [ 0 ],drive [ 45 ] [ 1 ] [ 1230 1820 1926 ] [   76   32   23 ] [  11268  17163  16729 ] [ 0 ],0.80,0.80,0.80,0.80,84.36,95.29,0.00,0.00,0.00,0.00,0.00,0.00,0.00,0.00,0.00,0.00,0.00,0.00,-0.00,-0.00,0.00,0
1.14595,101,117,406,0,DRIVE [ 46 ] [ 1 ] [ 1230 1814 1926 ] [    0    0    0 ] [      0      0      0 ] [ 0 ],drive [ 45 ] [ 1 ] [ 1230 1817 1926 ] [   76   11   18 ] [  11268  17163  16729 ] [ 0 ],0.80,0.80,0.80,0.80,80.81,93.34,0.00,0.00,0.00,0.00,0.00,0.00,0.00,0.00,0.00,0.00,0.00,0.00,-0.00,-0.00,0.00,0
1.16033,97,114,402,0,DRIVE [ 46 ] [ 1 ] [ 1230 1813 1926 ] [    0    0    0 ] [      0      0      0 ] [ 0 ],drive [ 46 ] [ 1 ] [ 1230 1814 1926 ] [   76   11   18 ] [  11268  17163  16729 ] [ 0 ],0.80,0.80,0.80,0.80,77.86,91.42,0.00,0.00,0.00,0.00,0.00,0.00,0.00,0.00,0.00,0.00,0.00,0.00,-0.00,-0.00,0.00,0
1.17715,94,112,398,0,DRIVE [ 47 ] [ 1 ] [ 1230 1812 1926 ] [    0    0    0 ] [      0      0      0 ] [ 0 ],drive [ 46 ] [ 1 ] [ 1230 1813 1926 ] [   76   11   18 ] [  11420  17050  16722 ] [ 0 ],0.80,0.80,0.80,0.80,75.45,89.61,0.00,0.00,0.00,0.00,0.00,0.00,0.00,0.00,0.00,0.00,0.00,0.00,-0.00,-0.00,0.00,0
1.19158,91,109,392,0,DRIVE [ 47 ] [ 1 ] [ 1230 1812 1926 ] [    0    0    0 ] [      0      0      0 ] [ 0 ],drive [ 47 ] [ 1 ] [ 1230 1812 1926 ] [   81   22   -2 ] [  11420  17050  16722 ] [ 0 ],0.80,0.80,0.80,0.80,72.52,86.94,0.00,0.00,0.00,0.00,0.00,0.00,0.00,0.00,0.00,0.00,0.00,0.00,-0.00,-0.00,0.00,0
1.20612,87,106,387,0,DRIVE [ 48 ] [ 1 ] [ 1231 1811 1926 ] [    0    0    0 ] [      0      0      0 ] [ 0 ],drive [ 47 ] [ 1 ] [ 1230 1812 1926 ] [   81   22   -2 ] [  11420  17050  16722 ] [ 0 ],0.80,0.80,0.80,0.80,69.70,84.70,0.00,0.00,0.00,0.00,0.00,0.00,0.00,0.00,0.00,0.00,0.00,0.00,-0.00,-0.00,0.00,0
1.2204,84,104,386,0,DRIVE [ 48 ] [ 1 ] [ 1252 1810 1926 ] [    0    0    0 ] [      0      0      0 ] [ 0 ],drive [ 48 ] [ 1 ] [ 1231 1811 1926 ] [   81   22   -2 ] [  11420  17050  16722 ] [ 0 ],0.80,0.80,0.80,0.80,66.80,83.00,0.00,0.00,0.00,0.00,0.00,0.00,0.00,0.00,0.00,0.00,0.00,0.00,-0.00,-0.00,0.00,0
1.23371,77,101,382,0,DRIVE [ 49 ] [ 1 ] [ 1285 1804 1926 ] [    0    0    0 ] [      0      0      0 ] [ 0 ],drive [ 48 ] [ 1 ] [ 1252 1810 1926 ] [   81   22   -2 ] [  11784  16983  16591 ] [ 0 ],0.80,0.80,0.80,0.80,61.88,80.74,0.00,0.00,0.00,0.00,0.00,0.00,0.00,0.00,0.00,0.00,0.00,0.00,-0.00,-0.00,0.00,0
1.24969,72,98,380,0,DRIVE [ 49 ] [ 1 ] [ 1316 1799 1926 ] [    0    0    0 ] [      0      0      0 ] [ 0 ],drive [ 49 ] [ 1 ] [ 1285 1804 1926 ] [   75   29   18 ] [  11784  16983  16591 ] [ 0 ],0.80,0.80,0.80,0.80,57.36,78.72,0.00,0.00,0.00,0.00,0.00,0.00,0.00,0.00,0.00,0.00,0.00,0.00,-0.00,-0.00,0.00,0
1.2642,66,95,374,0,DRIVE [ 50 ] [ 1 ] [ 1345 1795 1926 ] [    0    0    0 ] [      0      0      0 ] [ 0 ],drive [ 49 ] [ 1 ] [ 1316 1799 1926 ] [   75   29   18 ] [  11784  16983  16591 ] [ 0 ],0.80,0.80,0.80,0.80,52.91,76.04,0.00,0.00,0.00,0.00,0.00,0.00,0.00,0.00,0.00,0.00,0.00,0.00,-0.00,-0.00,0.00,0
1.27942,61,91,369,0,DRIVE [ 50 ] [ 1 ] [ 1375 1794 1926 ] [    0    0    0 ] [      0      0      0 ] [ 0 ],drive [ 50 ] [ 1 ] [ 1345 1795 1926 ] [   75   29   18 ] [  11828  16976  16514 ] [ 0 ],0.80,0.80,0.80,0.80,48.52,72.68,0.00,0.00,0.00,0.00,0.00,0.00,0.00,0.00,0.00,0.00,0.00,0.00,-0.00,-0.00,0.00,0
1.29298,56,87,361,0,DRIVE [ 51 ] [ 1 ] [ 1401 1793 1926 ] [    0    0    0 ] [      0      0      0 ] [ 0 ],drive [ 50 ] [ 1 ] [ 1375 1794 1926 ] [   64   33   23 ] [  11828  16976  16514 ] [ 0 ],0.80,0.80,0.80,0.80,44.63,69.27,0.00,0.00,0.00,0.00,0.00,0.00,0.00,0.00,0.00,0.00,0.00,0.00,-0.00,-0.00,0.00,0
1.3059,53,84,360,0,DRIVE [ 51 ] [ 1 ] [ 1423 1793 1926 ] [    0    0    0 ] [      0      0      0 ] [ 0 ],drive [ 51 ] [ 1 ] [ 1401 1793 1926 ] [   64   33   23 ] [  11828  16976  16514 ] [ 0 ],0.80,0.80,0.80,0.80,42.04,67.28,0.00,0.00,0.00,0.00,0.00,0.00,0.00,0.00,0.00,0.00,0.00,0.00,-0.00,-0.00,0.00,0
1.31954,50,82,358,0,DRIVE [ 52 ] [ 1 ] [ 1441 1793 1926 ] [    0    0    0 ] [      0      0      0 ] [ 0 ],drive [ 51 ] [ 1 ] [ 1423 1793 1926 ] [   64   33   23 ] [  11828  16976  16514 ] [ 0 ],0.80,0.80,0.80,0.80,39.81,65.47,0.00,0.00,0.00,0.00,0.00,0.00,0.00,0.00,0.00,0.00,0.00,0.00,-0.00,-0.00,0.00,0
1.33461,46,79,352,0,DRIVE [ 52 ] [ 1 ] [ 1461 1791 1926 ] [    0    0    0 ] [      0      0      0 ] [ 0 ],drive [ 52 ] [ 1 ] [ 1441 1793 1926 ] [   64   33   23 ] [  11823  16963  16513 ] [ 0 ],0.80,0.80,0.80,0.80,36.88,63.04,0.00,0.00,0.00,0.00,0.00,0.00,0.00,0.00,0.00,0.00,0.00,0.00,-0.00,-0.00,0.00,0
1.34765,42,76,347,0,DRIVE [ 53 ] [ 1 ] [ 1480 1788 1926 ] [    0    0    0 ] [      0      0      0 ] [ 0 ],drive [ 52 ] [ 1 ] [ 1461 1791 1926 ] [   51   34   22 ] [  11823  16963  16513 ] [ 0 ],0.80,0.80,0.80,0.80,33.93,61.05,0.00,0.00,0.00,0.00,0.00,0.00,0.00,0.00,0.00,0.00,0.00,0.00,-0.00,-0.00,0.00,0
1.36112,39,75,342,0,DRIVE [ 53 ] [ 1 ] [ 1499 1784 1926 ] [    0    0    0 ] [      0      0      0 ] [ 0 ],drive [ 53 ] [ 1 ] [ 1480 1788 1926 ] [   51   34   22 ] [  11823  16963  16513 ] [ 0 ],0.80,0.80,0.80,0.80,31.11,59.63,0.00,0.00,0.00,0.00,0.00,0.00,0.00,0.00,0.00,0.00,0.00,0.00,-0.00,-0.00,0.00,0
1.37468,35,73,339,0,DRIVE [ 54 ] [ 1 ] [ 1518 1778 1926 ] [    0    0    0 ] [      0      0      0 ] [ 0 ],drive [ 53 ] [ 1 ] [ 1499 1784 1926 ] [   51   34   22 ] [  11819  16965  16511 ] [ 0 ],0.80,0.80,0.80,0.80,28.24,58.59,0.00,0.00,0.00,0.00,0.00,0.00,0.00,0.00,0.00,0.00,0.00,0.00,-0.00,-0.00,0.00,0
1.38774,31,72,336,0,DRIVE [ 54 ] [ 1 ] [ 1542 1770 1926 ] [    0    0    0 ] [      0      0      0 ] [ 0 ],drive [ 54 ] [ 1 ] [ 1518 1778 1926 ] [   43   36   21 ] [  11819  16965  16511 ] [ 0 ],0.80,0.80,0.80,0.80,24.72,57.30,0.00,0.00,0.00,0.00,0.00,0.00,0.00,0.00,0.00,0.00,0.00,0.00,-0.00,-0.00,0.00,0
1.4005,27,70,332,0,DRIVE [ 55 ] [ 1 ] [ 1563 1763 1926 ] [    0    0    0 ] [      0      0      0 ] [ 0 ],drive [ 54 ] [ 1 ] [ 1542 1770 1926 ] [   43   36   21 ] [  11819  16965  16511 ] [ 0 ],0.80,0.80,0.80,0.80,21.49,56.08,0.00,0.00,0.00,0.00,0.00,0.00,0.00,0.00,0.00,0.00,0.00,0.00,-0.00,-0.00,0.00,0
1.41326,23,68,327,0,DRIVE [ 55 ] [ 1 ] [ 1582 1756 1926 ] [    0    0    0 ] [      0      0      0 ] [ 0 ],drive [ 55 ] [ 1 ] [ 1563 1763 1926 ] [   43   36   21 ] [  11819  16965  16511 ] [ 0 ],0.80,0.80,0.80,0.80,18.55,54.76,0.00,0.00,0.00,0.00,0.00,0.00,0.00,0.00,0.00,0.00,0.00,0.00,-0.00,-0.00,0.00,0
1.42631,20,67,322,0,DRIVE [ 56 ] [ 1 ] [ 1600 1750 1926 ] [    0    0    0 ] [      0      0      0 ] [ 0 ],drive [ 55 ] [ 1 ] [ 1582 1756 1926 ] [   43   36   21 ] [  11812  16968  16503 ] [ 0 ],0.80,0.80,0.80,0.80,15.69,53.28,0.00,0.00,0.00,0.00,0.00,0.00,0.00,0.00,0.00,0.00,0.00,0.00,-0.00,-0.00,0.00,0
1.43905,16,65,316,0,DRIVE [ 56 ] [ 1 ] [ 1618 1743 1926 ] [    0    0    0 ] [      0      0      0 ] [ 0 ],drive [ 56 ] [ 1 ] [ 1600 1750 1926 ] [   34   37   16 ] [  11812  16968  16503 ] [ 0 ],0.80,0.80,0.80,0.80,12.95,51.78,0.00,0.00,0.00,0.00,0.00,0.00,0.00,0.00,0.00,0.00,0.00,0.00,-0.00,-0.00,0.00,0
1.45225,12,63,311,0,DRIVE [ 57 ] [ 1 ] [ 1641 1734 1926 ] [    0    0    0 ] [      0      0      0 ] [ 0 ],drive [ 56 ] [ 1 ] [ 1618 1743 1926 ] [   34   37   16 ] [  11812  16968  16503 ] [ 0 ],0.80,0.80,0.80,0.80,9.44,50.03,0.00,0.00,0.00,0.00,0.00,0.00,0.00,0.00,0.00,0.00,0.00,0.00,-0.00,-0.00,0.00,0
1.46459,8,61,306,0,DRIVE [ 57 ] [ 1 ] [ 1663 1724 1926 ] [    0    0    0 ] [      0      0      0 ] [ 0 ],drive [ 57 ] [ 1 ] [ 1641 1734 1926 ] [   34   37   16 ] [  11812  16968  16503 ] [ 0 ],0.80,0.80,0.80,0.80,6.23,48.44,0.00,0.00,0.00,0.00,0.00,0.00,0.00,0.00,0.00,0.00,0.00,0.00,-0.00,-0.00,0.00,0
1.47704,4,59,301,0,DRIVE [ 58 ] [ 1 ] [ 1682 1715 1926 ] [    0    0    0 ] [      0      0      0 ] [ 0 ],drive [ 57 ] [ 1 ] [ 1663 1724 1926 ] [   34   37   16 ] [  11797  16973  16502 ] [ 0 ],0.80,0.80,0.80,0.80,3.37,46.90,0.00,0.00,0.00,0.00,0.00,0.00,0.00,0.00,0.00,0.00,0.00,0.00,-0.00,-0.00,0.00,0
1.49041,1,57,297,0,DRIVE [ 58 ] [ 1 ] [ 1698 1707 1926 ] [    0    0    0 ] [      0      0      0 ] [ 0 ],drive [ 58 ] [ 1 ] [ 1682 1715 1926 ] [   31   39   16 ] [  11797  16973  16502 ] [ 0 ],0.80,0.80,0.80,0.80,0.88,45.49,0.00,0.00,0.00,0.00,0.00,0.00,0.00,0.00,0.00,0.00,0.00,0.00,-0.00,-0.00,0.00,0
1.5028,-2,55,295,0,DRIVE [ 59 ] [ 1 ] [ 1714 1700 1926 ] [    0    0    0 ] [      0      0      0 ] [ 0 ],drive [ 58 ] [ 1 ] [ 1698 1707 1926 ] [   31   39   16 ] [  11797  16973  16502 ] [ 0 ],0.80,0.80,0.80,0.80,-1.33,44.35,0.00,0.00,0.00,0.00,0.00,0.00,0.00,0.00,0.00,0.00,0.00,0.00,0.00,-0.00,0.00,0
1.5153,-4,54,292,0,DRIVE [ 59 ] [ 1 ] [ 1728 1693 1926 ] [    0    0    0 ] [      0      0      0 ] [ 0 ],drive [ 59 ] [ 1 ] [ 1714 1700 1926 ] [   31   39   16 ] [  11797  16973  16502 ] [ 0 ],0.80,0.80,0.80,0.80,-3.30,43.02,0.00,0.00,0.00,0.00,0.00,0.00,0.00,0.00,0.00,0.00,0.00,0.00,0.00,-0.00,0.00,0
1.52755,-7,51,286,0,DRIVE [ 60 ] [ 1 ] [ 1744 1686 1926 ] [    0    0    0 ] [      0      0      0 ] [ 0 ],drive [ 59 ] [ 1 ] [ 1728 1693 1926 ] [   31   39   16 ] [  11749  16981  16498 ] [ 0 ],0.80,0.80,0.80,0.80,-5.48,41.09,0.00,0.00,0.00,0.00,0.00,0.00,0.00,0.00,0.00,0.00,0.00,0.00,0.00,-0.00,0.00,0
1.53947,-9,49,282,0,DRIVE [ 60 ] [ 1 ] [ 1758 1678 1926 ] [    0    0    0 ] [      0      0      0 ] [ 0 ],drive [ 60 ] [ 1 ] [ 1744 1686 1926 ] [   17   40   14 ] [  11749  16981  16498 ] [ 0 ],0.80,0.80,0.80,0.80,-7.33,39.54,0.00,0.00,0.00,0.00,0.00,0.00,0.00,0.00,0.00,0.00,0.00,0.00,0.00,-0.00,0.00,0
1.55192,-11,48,279,0,DRIVE [ 61 ] [ 1 ] [ 1769 1671 1926 ] [    0    0    0 ] [      0      0      0 ] [ 0 ],drive [ 60 ] [ 1 ] [ 1758 1678 1926 ] [   17   40   14 ] [  11749  16981  16498 ] [ 0 ],0.80,0.80,0.80,0.80,-8.94,38.27,0.00,0.00,0.00,0.00,0.00,-0.00,0.00,0.00,0.00,0.00,0.00,0.00,0.00,-0.00,0.00,0
1.56379,-13,46,274,0,DRIVE [ 61 ] [ 1 ] [ 1780 1664 1926 ] [    0    0    0 ] [      0      0      0 ] [ 0 ],drive [ 61 ] [ 1 ] [ 1769 1671 1926 ] [   17   40   14 ] [  11749  16981  16498 ] [ 0 ],0.80,0.80,0.80,0.80,-10.36,36.97,0.00,0.00,0.00,0.00,0.00,-0.00,0.00,0.00,0.00,0.00,0.00,0.00,0.00,-0.00,0.00,0
1.57568,-15,45,270,0,DRIVE [ 62 ] [ 1 ] [ 1789 1656 1926 ] [    0    0    0 ] [      0      0      0 ] [ 0 ],drive [ 61 ] [ 1 ] [ 1780 1664 1926 ] [   17   40   14 ] [  11628  16984  16498 ] [ 0 ],0.80,0.80,0.80,0.80,-11.63,35.81,0.00,0.00,0.00,0.00,0.00,-0.00,0.00,0.00,0.00,0.00,0.00,0.00,0.00,-0.00,0.00,0
1.58811,-16,43,267,0,DRIVE [ 62 ] [ 1 ] [ 1798 1648 1926 ] [    0    0    0 ] [      0      0      0 ] [ 0 ],drive [ 62 ] [ 1 ] [ 1789 1656 1926 ] [   17   41   14 ] [  11628  16984  16498 ] [ 0 ],0.80,0.80,0.80,0.80,-12.92,34.76,0.00,0.00,0.00,0.00,0.00,-0.00,0.00,0.00,0.00,0.00,0.00,0.00,0.00,-0.00,0.00,0
1.60094,-18,42,264,0,DRIVE [ 63 ] [ 1 ] [ 1807 1638 1926 ] [    0    0    0 ] [      0      0      0 ] [ 0 ],drive [ 62 ] [ 1 ] [ 1798 1648 1926 ] [   17   41   14 ] [  11628  16984  16498 ] [ 0 ],0.80,0.80,0.80,0.80,-14.26,33.87,0.00,0.00,0.00,0.00,0.00,-0.00,0.00,0.00,0.00,0.00,0.00,0.00,0.00,-0.00,0.00,0
1.61253,-19,41,260,0,DRIVE [ 63 ] [ 1 ] [ 1815 1629 1926 ] [    0    0    0 ] [      0      0      0 ] [ 0 ],drive [ 63 ] [ 1 ] [ 1807 1638 1926 ] [   17   41   14 ] [  11628  16984  16498 ] [ 0 ],0.80,0.80,0.80,0.80,-15.39,32.92,0.00,0.00,0.00,0.00,0.00,-0.00,0.00,0.00,0.00,0.00,0.00,0.00,0.00,-0.00,0.00,0
1.62488,-21,40,256,0,DRIVE [ 64 ] [ 1 ] [ 1821 1619 1926 ] [    0    0    0 ] [      0      0      0 ] [ 0 ],drive [ 63 ] [ 1 ] [ 1815 1629 1926 ] [   17   41   14 ] [  11525  17011  16498 ] [ 0 ],0.80,0.80,0.80,0.80,-16.46,32.18,0.00,0.00,0.00,0.00,0.00,-0.00,0.00,0.00,0.00,0.00,0.00,0.00,0.00,-0.00,0.00,0
1.63678,-22,40,254,0,DRIVE [ 64 ] [ 1 ] [ 1827 1610 1926 ] [    0    0    0 ] [      0      0      0 ] [ 0 ],drive [ 64 ] [ 1 ] [ 1821 1619 1926 ] [   13   30   14 ] [  11525  17011  16498 ] [ 0 ],0.80,0.80,0.80,0.80,-17.40,31.64,0.00,0.00,0.00,0.00,0.00,-0.00,0.00,0.00,0.00,0.00,0.00,0.00,0.00,-0.00,0.00,0
1.64859,-23,38,249,0,DRIVE [ 65 ] [ 1 ] [ 1834 1598 1926 ] [    0    0    0 ] [      0      0      0 ] [ 0 ],drive [ 64 ] [ 1 ] [ 1827 1610 1926 ] [   13   30   14 ] [  11525  17011  16498 ] [ 0 ],0.80,0.80,0.80,0.80,-18.46,30.75,0.00,0.00,0.00,0.00,0.00,-0.00,0.00,0.00,0.00,0.00,0.00,0.00,0.00,-0.00,0.00,0
1.65974,-24,37,246,0,DRIVE [ 65 ] [ 1 ] [ 1841 1588 1926 ] [    0    0    0 ] [      0      0      0 ] [ 0 ],drive [ 65 ] [ 1 ] [ 1834 1598 1926 ] [   13   30   14 ] [  11525  17011  16498 ] [ 0 ],0.80,0.80,0.80,0.80,-19.40,29.89,0.00,0.00,0.00,0.00,0.00,-0.00,0.00,0.00,0.00,0.00,0.00,0.00,0.00,-0.00,0.00,0
1.67145,-25,36,242,0,DRIVE [ 66 ] [ 1 ] [ 1848 1577 1926 ] [    0    0    0 ] [      0      0      0 ] [ 0 ],drive [ 65 ] [ 1 ] [ 1841 1588 1926 ] [   13   30   14 ] [  11412  17048  16498 ] [ 0 ],0.80,0.80,0.80,0.80,-20.24,29.04,0.00,0.00,0.00,0.00,0.00,-0.00,0.00,0.00,0.00,0.00,0.00,0.00,0.00,-0.00,0.00,0
1.6829,-26,35,238,0,DRIVE [ 66 ] [ 1 ] [ 1854 1567 1926 ] [    0    0    0 ] [      0      0      0 ] [ 0 ],drive [ 66 ] [ 1 ] [ 1848 1577 1926 ] [   13   30   14 ] [  11412  17048  16498 ] [ 0 ],0.80,0.80,0.80,0.80,-21.06,28.19,0.00,0.00,0.00,0.00,0.00,-0.00,0.00,0.00,0.00,0.00,0.00,0.00,0.00,-0.00,0.00,0
1.69393,-27,34,234,0,DRIVE [ 67 ] [ 1 ] [ 1862 1556 1926 ] [    0    0    0 ] [      0      0      0 ] [ 0 ],drive [ 66 ] [ 1 ] [ 1854 1567 1926 ] [   12   34   15 ] [  11412  17048  16498 ] [ 0 ],0.80,0.80,0.80,0.80,-21.85,27.24,0.00,0.00,0.00,0.00,0.00,-0.00,0.00,0.00,0.00,0.00,0.00,0.00,0.00,0.00,0.00,0
1.70539,-28,33,230,0,DRIVE [ 67 ] [ 1 ] [ 1869 1544 1926 ] [    0    0    0 ] [      0      0      0 ] [ 0 ],drive [ 67 ] [ 1 ] [ 1862 1556 1926 ] [   12   34   15 ] [  11412  17048  16498 ] [ 0 ],0.80,0.80,0.80,0.80,-22.68,26.27,0.00,0.00,0.00,0.00,0.00,-0.00,0.00,0.00,0.00,0.00,0.00,0.00,0.00,0.00,0.00,0
1.71664,-29,32,226,0,DRIVE [ 68 ] [ 1 ] [ 1877 1530 1926 ] [    0    0    0 ] [      0      0      0 ] [ 0 ],drive [ 67 ] [ 1 ] [ 1869 1544 1926 ] [   12   34   15 ] [  11412  17048  16498 ] [ 0 ],0.80,0.80,0.80,0.80,-23.52,25.33,0.00,0.00,0.00,0.00,0.00,-0.00,0.00,0.00,0.00,0.00,0.00,0.00,0.00,0.00,0.00,0
1.72756,-30,31,222,0,DRIVE [ 68 ] [ 1 ] [ 1884 1516 1926 ] [    0    0    0 ] [      0      0      0 ] [ 0 ],drive [ 68 ] [ 1 ] [ 1877 1530 1926 ] [   12   34   15 ] [  11206  17188  16498 ] [ 0 ],0.80,0.80,0.80,0.80,-24.30,24.46,0.00,0.00,0.00,0.00,0.00,-0.00,0.00,0.00,0.00,0.00,0.00,0.00,0.00,0.00,0.00,0
1.73897,-31,30,219,0,DRIVE [ 69 ] [ 1 ] [ 1890 1506 1926 ] [    0    0    0 ] [      0      0      0 ] [ 0 ],drive [ 68 ] [ 1 ] [ 1884 1516 1926 ] [   21   56   14 ] [  11206  17188  16498 ] [ 0 ],0.80,0.80,0.80,0.80,-24.83,23.71,0.00,0.00,0.00,0.00,0.00,-0.00,0.00,0.00,0.00,0.00,0.00,0.00,0.00,0.00,0.00,0
1.75009,-31,29,216,0,DRIVE [ 69 ] [ 1 ] [ 1894 1501 1926 ] [    0    0    0 ] [      0      0      0 ] [ 0 ],drive [ 69 ] [ 1 ] [ 1890 1506 1926 ] [   21   56   14 ] [  11206  17188  16498 ] [ 0 ],0.80,0.80,0.80,0.80,-24.89,22.99,0.00,0.00,0.00,0.00,0.00,-0.00,0.00,0.00,0.00,0.00,0.00,0.00,0.00,0.00,0.00,0
1.76167,-31,28,212,0,DRIVE [ 70 ] [ 1 ] [ 1896 1501 1926 ] [    0    0    0 ] [      0      0      0 ] [ 0 ],drive [ 69 ] [ 1 ] [ 1894 1501 1926 ] [   21   56   14 ] [  11206  17188  16498 ] [ 0 ],0.80,0.80,0.80,0.80,-24.52,22.30,0.00,0.00,0.00,0.00,0.00,-0.00,0.00,0.00,0.00,0.00,0.00,0.00,0.00,0.00,0.00,0
1.77259,-30,27,208,0,DRIVE [ 70 ] [ 1 ] [ 1896 1505 1926 ] [    0    0    0 ] [      0      0      0 ] [ 0 ],drive [ 70 ] [ 1 ] [ 1896 1501 1926 ] [   21   56   14 ] [  10808  17472  16497 ] [ 0 ],0.80,0.80,0.80,0.80,-23.87,21.67,0.00,0.00,0.00,0.00,0.00,-0.00,0.00,0.00,0.00,0.00,0.00,0.00,0.00,0.00,0.00,0
1.78398,-29,26,205,0,DRIVE [ 71 ] [ 1 ] [ 1896 1511 1926 ] [    0    0    0 ] [      0      0      0 ] [ 0 ],drive [ 70 ] [ 1 ] [ 1896 1505 1926 ] [   21   38   14 ] [  10808  17472  16497 ] [ 0 ],0.80,0.80,0.80,0.80,-23.15,21.17,0.00,0.00,0.00,0.00,0.00,-0.00,0.00,0.00,0.00,0.00,0.00,0.00,0.00,0.00,0.00,0
1.79475,-28,26,202,0,DRIVE [ 71 ] [ 1 ] [ 1895 1517 1926 ] [    0    0    0 ] [      0      0      0 ] [ 0 ],drive [ 71 ] [ 1 ] [ 1896 1511 1926 ] [   21   38   14 ] [  10808  17472  16497 ] [ 0 ],0.80,0.80,0.80,0.80,-22.46,20.72,0.00,0.00,0.00,0.00,0.00,-0.00,0.00,0.00,0.00,0.00,0.00,0.00,0.00,-0.00,0.00,0
1.80615,-27,25,199,0,DRIVE [ 72 ] [ 1 ] [ 1895 1521 1926 ] [    0    0    0 ] [      0      0      0 ] [ 0 ],drive [ 71 ] [ 1 ] [ 1895 1517 1926 ] [   21   38   14 ] [  10808  17472  16497 ] [ 0 ],0.80,0.80,0.80,0.80,-21.87,20.29,0.00,0.00,0.00,0.00,0.00,-0.00,0.00,0.00,0.00,0.00,0.00,0.00,0.00,-0.00,0.00,0
1.81708,-27,25,197,0,DRIVE [ 72 ] [ 1 ] [ 1895 1523 1926 ] [    0    0    0 ] [      0      0      0 ] [ 0 ],drive [ 72 ] [ 1 ] [ 1895 1521 1926 ] [   21   38   14 ] [  10808  17472  16497 ] [ 0 ],0.80,0.80,0.80,0.80,-21.47,19.97,0.00,0.00,0.00,0.00,0.00,-0.00,0.00,0.00,0.00,0.00,0.00,0.00,0.00,-0.00,0.00,0
1.83399,-26,25,193,0,DRIVE [ 73 ] [ 1 ] [ 1895 1522 1926 ] [    0    0    0 ] [      0      0      0 ] [ 0 ],drive [ 72 ] [ 1 ] [ 1895 1523 1926 ] [   21   38   14 ] [  10611  17489  16496 ] [ 0 ],0.80,0.80,0.80,0.80,-21.16,19.63,0.00,0.00,0.00,0.00,0.00,-0.00,0.00,0.00,0.00,0.00,0.00,0.00,0.00,-0.00,0.00,0
1.84715,-26,24,190,0,DRIVE [ 73 ] [ 1 ] [ 1895 1518 1926 ] [    0    0    0 ] [      0      0      0 ] [ 0 ],drive [ 73 ] [ 1 ] [ 1895 1522 1926 ] [   18   35   12 ] [  10611  17489  16496 ] [ 0 ],0.80,0.80,0.80,0.80,-21.03,19.44,0.00,0.00,0.00,0.00,0.00,-0.00,0.00,0.00,0.00,0.00,0.00,0.00,0.00,-0.00,0.00,0
1.86041,-26,24,187,0,DRIVE [ 74 ] [ 1 ] [ 1896 1511 1926 ] [    0    0    0 ] [      0      0      0 ] [ 0 ],drive [ 73 ] [ 1 ] [ 1895 1518 1926 ] [   18   35   12 ] [  10611  17489  16496 ] [ 0 ],0.80,0.80,0.80,0.80,-21.13,19.32,0.00,0.00,0.00,0.00,0.00,-0.00,0.00,0.00,0.00,0.00,0.00,0.00,0.00,-0.00,0.00,0
1.87791,-27,24,184,0,DRIVE [ 74 ] [ 1 ] [ 1897 1501 1926 ] [    0    0    0 ] [      0      0      0 ] [ 0 ],drive [ 74 ] [ 1 ] [ 1896 1511 1926 ] [   18   35   12 ] [  10611  17491  16496 ] [ 0 ],0.80,0.80,0.80,0.80,-21.29,19.17,0.00,0.00,0.00,0.00,0.00,-0.00,0.00,0.00,0.00,0.00,0.00,0.00,0.00,-0.00,0.00,0
1.89201,-27,24,181,0,DRIVE [ 75 ] [ 1 ] [ 1899 1489 1926 ] [    0    0    0 ] [      0      0      0 ] [ 0 ],drive [ 74 ] [ 1 ] [ 1897 1501 1926 ] [   20   43   13 ] [  10611  17491  16496 ] [ 0 ],0.80,0.80,0.80,0.80,-21.65,19.07,0.00,0.00,0.00,0.00,0.00,-0.00,0.00,0.00,0.00,0.00,0.00,0.00,0.00,-0.00,0.00,0
1.90364,-28,24,178,0,DRIVE [ 75 ] [ 1 ] [ 1902 1475 1926 ] [    0    0    0 ] [      0      0      0 ] [ 0 ],drive [ 75 ] [ 1 ] [ 1899 1489 1926 ] [   20   43   13 ] [  10611  17491  16496 ] [ 0 ],0.80,0.80,0.80,0.80,-22.12,18.92,0.00,0.00,0.00,0.00,0.00,-0.00,0.00,0.00,0.00,0.00,0.00,0.00,0.00,-0.00,0.00,0
1.91442,-28,23,175,0,DRIVE [ 76 ] [ 1 ] [ 1905 1461 1926 ] [    0    0    0 ] [      0      0      0 ] [ 0 ],drive [ 75 ] [ 1 ] [ 1902 1475 1926 ] [   20   43   13 ] [  10611  17491  16496 ] [ 0 ],0.80,0.80,0.80,0.80,-22.52,18.66,0.00,0.00,0.00,0.00,0.00,-0.00,0.00,0.00,0.00,0.00,0.00,0.00,0.00,-0.00,0.00,0
1.92586,-28,23,171,0,DRIVE [ 76 ] [ 1 ] [ 1908 1450 1926 ] [    0    0    0 ] [      0      0      0 ] [ 0 ],drive [ 76 ] [ 1 ] [ 1905 1461 1926 ] [   20   43   13 ] [  10485  17646  16496 ] [ 0 ],0.80,0.80,0.80,0.80,-22.63,18.30,0.00,0.00,0.00,0.00,0.00,-0.00,0.00,0.00,0.00,0.00,0.00,0.00,0.00,-0.00,0.00,0
1.9387,-28,23,168,0,DRIVE [ 77 ] [ 1 ] [ 1909 1446 1926 ] [    0    0    0 ] [      0      0      0 ] [ 0 ],drive [ 76 ] [ 1 ] [ 1908 1450 1926 ] [   18   45   13 ] [  10485  17646  16496 ] [ 0 ],0.80,0.80,0.80,0.80,-22.41,18.01,0.00,0.00,0.00,0.00,0.00,-0.00,0.00,0.00,0.00,0.00,0.00,0.00,0.00,-0.00,0.00,0
1.94945,-27,22,165,0,DRIVE [ 77 ] [ 1 ] [ 1908 1448 1926 ] [    0    0    0 ] [      0      0      0 ] [ 0 ],drive [ 77 ] [ 1 ] [ 1909 1446 1926 ] [   18   45   13 ] [  10485  17646  16496 ] [ 0 ],0.80,0.80,0.80,0.80,-21.86,17.69,0.00,0.00,0.00,0.00,0.00,-0.00,0.00,0.00,0.00,0.00,0.00,0.00,0.00,-0.00,0.00,0
1.95996,-26,22,162,0,DRIVE [ 78 ] [ 1 ] [ 1905 1455 1926 ] [    0    0    0 ] [      0      0      0 ] [ 0 ],drive [ 77 ] [ 1 ] [ 1908 1448 1926 ] [   18   45   13 ] [  10485  17646  16496 ] [ 0 ],0.80,0.80,0.80,0.80,-21.06,17.50,0.00,0.00,0.00,0.00,0.00,-0.00,0.00,0.00,0.00,0.00,0.00,0.00,0.00,-0.00,0.00,0
1.97133,-25,22,159,0,DRIVE [ 78 ] [ 1 ] [ 1899 1465 1926 ] [    0    0    0 ] [      0      0      0 ] [ 0 ],drive [ 78 ] [ 1 ] [ 1905 1455 1926 ] [   18   45   13 ] [  10307  17727  16501 ] [ 0 ],0.80,0.80,0.80,0.80,-20.11,17.49,0.00,0.00,0.00,0.00,0.00,-0.00,0.00,0.00,0.00,0.00,0.00,0.00,0.00,-0.00,0.00,0
1.98192,-24,22,156,0,DRIVE [ 79 ] [ 1 ] [ 1893 1476 1926 ] [    0    0    0 ] [      0      0      0 ] [ 0 ],drive [ 78 ] [ 1 ] [ 1899 1465 1926 ] [   18   45   13 ] [  10307  17727  16501 ] [ 0 ],0.80,0.80,0.80,0.80,-19.09,17.54,0.00,0.00,0.00,0.00,0.00,-0.00,0.00,0.00,0.00,0.00,0.00,0.00,0.00,-0.00,0.00,0
1.99208,-23,22,153,0,DRIVE [ 79 ] [ 1 ] [ 1884 1486 1926 ] [    0    0    0 ] [      0      0      0 ] [ 0 ],drive [ 79 ] [ 1 ] [ 1893 1476 1926 ] [    1   47   16 ] [  10307  17727  16501 ] [ 0 ],0.80,0.80,0.80,0.80,-18.07,17.80,0.00,0.00,0.00,0.00,0.00,-0.00,0.00,0.00,0.00,0.00,0.00,0.00,0.00,-0.00,0.00,0
2.00296,-21,23,150,0,DRIVE [ 80 ] [ 1 ] [ 1875 1495 1926 ] [    0    0    0 ] [      0      0      0 ] [ 0 ],drive [ 79 ] [ 1 ] [ 1884 1486 1926 ] [    1   47   16 ] [  10307  17727  16501 ] [ 0 ],0.80,0.80,0.80,0.80,-17.09,18.11,0.00,0.00,0.00,0.00,0.00,-0.00,0.00,0.00,0.00,0.00,0.00,0.00,0.00,-0.00,0.00,0
2.0135,-20,23,147,0,DRIVE [ 80 ] [ 1 ] [ 1864 1504 1926 ] [    0    0    0 ] [      0      0      0 ] [ 0 ],drive [ 80 ] [ 1 ] [ 1875 1495 1926 ] [    1   47   16 ] [  10307  17727  16501 ] [ 0 ],0.80,0.80,0.80,0.80,-16.06,18.56,0.00,0.00,0.00,0.00,0.00,-0.00,0.00,0.00,0.00,0.00,0.00,0.00,0.00,-0.00,0.00,0
2.02401,-19,24,145,0,DRIVE [ 81 ] [ 1 ] [ 1850 1514 1926 ] [    0    0    0 ] [      0      0      0 ] [ 0 ],drive [ 80 ] [ 1 ] [ 1864 1504 1926 ] [    1   47   16 ] [  10307  17727  16501 ] [ 0 ],0.80,0.80,0.80,0.80,-14.91,19.14,0.00,0.00,0.00,0.00,0.00,-0.00,0.00,0.00,0.00,0.00,0.00,0.00,0.00,-0.00,0.00,0
2.03471,-17,25,142,0,DRIVE [ 81 ] [ 1 ] [ 1834 1525 1926 ] [    0    0    0 ] [      0      0      0 ] [ 0 ],drive [ 81 ] [ 1 ] [ 1850 1514 1926 ] [    6   43   15 ] [  10307  17727  16501 ] [ 0 ],0.80,0.80,0.80,0.80,-13.60,19.76,0.00,0.00,0.00,0.00,0.00,-0.00,0.00,0.00,0.00,0.00,0.00,0.00,0.00,-0.00,0.00,0
2.04501,-15,26,139,0,DRIVE [ 82 ] [ 1 ] [ 1816 1537 1926 ] [    0    0    0 ] [      0      0      0 ] [ 0 ],drive [ 81 ] [ 1 ] [ 1834 1525 1926 ] [    6   43   15 ] [  10307  17727  16501 ] [ 0 ],0.80,0.80,0.80,0.80,-12.14,20.46,0.00,0.00,0.00,0.00,0.00,-0.00,0.00,0.00,0.00,0.00,0.00,0.00,0.00,-0.00,0.00,0
2.05491,-13,26,135,0,DRIVE [ 82 ] [ 1 ] [ 1795 1550 1926 ] [    0    0    0 ] [      0      0      0 ] [ 0 ],drive [ 82 ] [ 1 ] [ 1816 1537 1926 ] [    6   43   15 ] [  10307  17727  16501 ] [ 0 ],0.80,0.80,0.80,0.80,-10.56,21.14,0.00,0.00,0.00,0.00,0.00,-0.00,0.00,0.00,0.00,0.00,0.00,0.00,0.00,-0.00,0.00,0
2.06558,-11,27,132,0,DRIVE [ 83 ] [ 1 ] [ 1773 1563 1926 ] [    0    0    0 ] [      0      0      0 ] [ 0 ],drive [ 82 ] [ 1 ] [ 1795 1550 1926 ] [    6   43   15 ] [  10307  17727  16501 ] [ 0 ],0.80,0.80,0.80,0.80,-8.97,21.79,0.00,0.00,0.00,0.00,0.00,-0.00,0.00,0.00,0.00,0.00,0.00,0.00,0.00,-0.00,0.00,0
2.07589,-9,28,130,0,DRIVE [ 83 ] [ 1 ] [ 1750 1574 1926 ] [    0    0    0 ] [      0      0      0 ] [ 0 ],drive [ 83 ] [ 1 ] [ 1773 1563 1926 ] [    6   43   15 ] [  10311  17722  16501 ] [ 0 ],0.80,0.80,0.80,0.80,-7.39,22.41,0.00,0.00,0.00,0.00,0.00,-0.00,0.00,0.00,0.00,0.00,0.00,0.00,0.00,-0.00,0.00,0
2.08644,-7,29,127,0,DRIVE [ 84 ] [ 1 ] [ 1725 1585 1926 ] [    0    0    0 ] [      0      0      0 ] [ 0 ],drive [ 83 ] [ 1 ] [ 1750 1574 1926 ] [   12   35   17 ] [  10311  17722  16501 ] [ 0 ],0.80,0.80,0.80,0.80,-5.82,23.02,0.00,0.00,0.00,0.00,0.00,-0.00,0.00,0.00,0.00,0.00,0.00,0.00,0.00,-0.00,0.00,0
2.09683,-5,29,124,0,DRIVE [ 84 ] [ 1 ] [ 1700 1595 1926 ] [    0    0    0 ] [      0      0      0 ] [ 0 ],drive [ 84 ] [ 1 ] [ 1725 1585 1926 ] [   12   35   17 ] [  10311  17722  16501 ] [ 0 ],0.80,0.80,0.80,0.80,-4.30,23.50,0.00,0.00,0.00,0.00,0.00,-0.00,0.00,0.00,0.00,0.00,0.00,0.00,0.00,-0.00,0.00,0
2.10658,-4,30,122,0,DRIVE [ 85 ] [ 1 ] [ 1673 1603 1926 ] [    0    0    0 ] [      0      0      0 ] [ 0 ],drive [ 84 ] [ 1 ] [ 1700 1595 1926 ] [   12   35   17 ] [  10311  17722  16501 ] [ 0 ],0.80,0.80,0.80,0.80,-2.80,23.99,0.00,0.00,0.00,0.00,0.00,-0.00,0.00,0.00,0.00,0.00,0.00,0.00,0.00,-0.00,0.00,0
2.11698,-2,30,119,0,DRIVE [ 85 ] [ 1 ] [ 1646 1612 1926 ] [    0    0    0 ] [      0      0      0 ] [ 0 ],drive [ 85 ] [ 1 ] [ 1673 1603 1926 ] [   12   35   17 ] [  10311  17722  16501 ] [ 0 ],0.80,0.80,0.80,0.80,-1.34,24.40,0.00,0.00,0.00,0.00,0.00,-0.00,0.00,0.00,0.00,0.00,0.00,0.00,0.00,0.00,0.00,0
2.12669,0,31,116,0,DRIVE [ 86 ] [ 1 ] [ 1617 1619 1926 ] [    0    0    0 ] [      0      0      0 ] [ 0 ],drive [ 85 ] [ 1 ] [ 1646 1612 1926 ] [   12   35   17 ] [  10330  17702  16501 ] [ 0 ],0.80,0.80,0.80,0.80,0.11,24.79,0.00,0.00,0.00,0.00,0.00,-0.00,0.00,0.00,0.00,0.00,0.00,0.00,0.00,0.00,0.00,0
2.13694,2,31,114,0,DRIVE [ 86 ] [ 1 ] [ 1586 1627 1926 ] [    0    0    0 ] [      0      0      0 ] [ 0 ],drive [ 86 ] [ 1 ] [ 1617 1619 1926 ] [   34   37   16 ] [  10330  17702  16501 ] [ 0 ],0.80,0.80,0.80,0.80,1.55,25.05,0.00,0.00,0.00,0.00,0.00,-0.00,0.00,0.00,0.00,0.00,0.00,0.00,0.00,0.00,0.00,0
2.14713,4,32,111,0,DRIVE [ 87 ] [ 1 ] [ 1555 1635 1926 ] [    0    0    0 ] [      0      0      0 ] [ 0 ],drive [ 86 ] [ 1 ] [ 1586 1627 1926 ] [   34   37   16 ] [  10330  17702  16501 ] [ 0 ],0.80,0.80,0.80,0.80,2.95,25.32,0.00,0.00,0.00,0.00,0.00,-0.00,0.00,0.00,0.00,0.00,0.00,0.00,0.00,0.00,0.00,0
2.15704,5,32,109,0,DRIVE [ 87 ] [ 1 ] [ 1524 1642 1926 ] [    0    0    0 ] [      0      0      0 ] [ 0 ],drive [ 87 ] [ 1 ] [ 1555 1635 1926 ] [   34   37   16 ] [  10330  17702  16501 ] [ 0 ],0.80,0.80,0.80,0.80,4.25,25.52,0.00,0.00,0.00,0.00,0.00,-0.00,0.00,0.00,0.00,0.00,0.00,0.00,0.00,0.00,0.00,0
2.1673,7,32,106,0,DRIVE [ 88 ] [ 1 ] [ 1493 1647 1926 ] [    0    0    0 ] [      0      0      0 ] [ 0 ],drive [ 87 ] [ 1 ] [ 1524 1642 1926 ] [   34   37   16 ] [  10330  17702  16501 ] [ 0 ],0.80,0.80,0.80,0.80,5.42,25.66,0.00,0.00,0.00,0.00,0.00,-0.00,0.00,0.00,0.00,0.00,0.00,0.00,0.00,0.00,0.00,0
2.1776,8,32,104,0,DRIVE [ 88 ] [ 1 ] [ 1463 1652 1926 ] [    0    0    0 ] [      0      0      0 ] [ 0 ],drive [ 88 ] [ 1 ] [ 1493 1647 1926 ] [   34   37   16 ] [  10432  17693  16501 ] [ 0 ],0.80,0.80,0.80,0.80,6.48,25.76,0.00,0.00,0.00,0.00,0.00,-0.00,0.00,0.00,0.00,0.00,0.00,0.00,0.00,0.00,0.00,0
2.18732,9,32,101,0,DRIVE [ 89 ] [ 1 ] [ 1436 1655 1926 ] [    0    0    0 ] [      0      0      0 ] [ 0 ],drive [ 88 ] [ 1 ] [ 1463 1652 1926 ] [   39   43   16 ] [  10432  17693  16501 ] [ 0 ],0.80,0.80,0.80,0.80,7.34,25.79,0.00,0.00,0.00,0.00,0.00,-0.00,0.00,0.00,0.00,0.00,0.00,0.00,0.00,0.00,0.00,0
2.19952,10,32,99,0,DRIVE [ 89 ] [ 1 ] [ 1411 1657 1926 ] [    0    0    0 ] [      0      0      0 ] [ 0 ],drive [ 89 ] [ 1 ] [ 1436 1655 1926 ] [   39   43   16 ] [  10432  17693  16501 ] [ 0 ],0.80,0.80,0.80,0.80,8.02,25.82,0.00,0.00,0.00,0.00,0.00,-0.00,0.00,0.00,0.00,0.00,0.00,0.00,0.00,0.00,0.00,0
2.2096,11,32,96,0,DRIVE [ 90 ] [ 1 ] [ 1388 1656 1926 ] [    0    0    0 ] [      0      0      0 ] [ 0 ],drive [ 89 ] [ 1 ] [ 1411 1657 1926 ] [   39   43   16 ] [  10432  17693  16501 ] [ 0 ],0.80,0.80,0.80,0.80,8.52,25.82,0.00,0.00,0.00,0.00,0.00,-0.00,0.00,0.00,0.00,0.00,0.00,0.00,0.00,0.00,0.00,0
2.22152,11,32,94,0,DRIVE [ 90 ] [ 1 ] [ 1366 1652 1926 ] [    0    0    0 ] [      0      0      0 ] [ 0 ],drive [ 90 ] [ 1 ] [ 1388 1656 1926 ] [   39   43   16 ] [  10690  17593  16501 ] [ 0 ],0.80,0.80,0.80,0.80,8.85,25.91,0.00,0.00,0.00,0.00,0.00,-0.00,0.00,0.00,0.00,0.00,0.00,0.00,0.00,0.00,0.00,0
2.23161,11,33,91,0,DRIVE [ 91 ] [ 1 ] [ 1346 1645 1926 ] [    0    0    0 ] [      0      0      0 ] [ 0 ],drive [ 90 ] [ 1 ] [ 1366 1652 1926 ] [   39   43   16 ] [  10690  17593  16501 ] [ 0 ],0.80,0.80,0.80,0.80,9.07,26.09,0.00,0.00,0.00,0.00,0.00,-0.00,0.00,0.00,0.00,0.00,0.00,0.00,0.00,0.00,0.00,0
2.24129,12,33,89,0,DRIVE [ 91 ] [ 1 ] [ 1324 1637 1926 ] [    0    0    0 ] [      0      0      0 ] [ 0 ],drive [ 91 ] [ 1 ] [ 1346 1645 1926 ] [   63   43   16 ] [  10690  17593  16501 ] [ 0 ],0.80,0.80,0.80,0.80,9.22,26.29,0.00,0.00,0.00,0.00,0.00,-0.00,0.00,0.00,0.00,0.00,0.00,0.00,0.00,0.00,0.00,0
2.25145,12,33,86,0,DRIVE [ 92 ] [ 1 ] [ 1300 1629 1926 ] [    0    0    0 ] [      0      0      0 ] [ 0 ],drive [ 91 ] [ 1 ] [ 1324 1637 1926 ] [   63   43   16 ] [  10690  17593  16501 ] [ 0 ],0.80,0.80,0.80,0.80,9.44,26.50,0.00,0.00,0.00,0.00,0.00,-0.00,0.00,0.00,0.00,0.00,0.00,0.00,0.00,0.00,0.00,0
2.2611,12,33,84,0,DRIVE [ 92 ] [ 1 ] [ 1274 1622 1926 ] [    0    0    0 ] [      0      0      0 ] [ 0 ],drive [ 92 ] [ 1 ] [ 1300 1629 1926 ] [   63   43   16 ] [  10690  17593  16501 ] [ 0 ],0.80,0.80,0.80,0.80,9.75,26.66,0.00,0.00,0.00,0.00,0.00,-0.00,0.00,0.00,0.00,0.00,0.00,0.00,0.00,0.00,0.00,0
2.27125,13,34,82,0,DRIVE [ 93 ] [ 1 ] [ 1245 1617 1926 ] [    0    0    0 ] [      0      0      0 ] [ 0 ],drive [ 92 ] [ 1 ] [ 1274 1622 1926 ] [   63   43   16 ] [  10919  17563  16500 ] [ 0 ],0.80,0.80,0.80,0.80,10.12,26.80,0.00,0.00,0.00,0.00,0.00,-0.00,0.00,0.00,0.00,0.00,0.00,0.00,0.00,0.00,0.00,0
2.28143,13,34,79,0,DRIVE [ 93 ] [ 1 ] [ 1230 1613 1926 ] [    0    0    0 ] [      0      0      0 ] [ 0 ],drive [ 93 ] [ 1 ] [ 1245 1617 1926 ] [   63   43   16 ] [  10919  17563  16500 ] [ 0 ],0.80,0.80,0.80,0.80,10.59,26.92,0.00,0.00,0.00,0.00,0.00,-0.00,0.00,0.00,0.00,0.00,0.00,0.00,0.00,0.00,0.00,0
2.29116,14,34,77,0,DRIVE [ 94 ] [ 1 ] [ 1230 1610 1926 ] [    0    0    0 ] [      0      0      0 ] [ 0 ],drive [ 93 ] [ 1 ] [ 1230 1613 1926 ] [   61   44   14 ] [  10919  17563  16500 ] [ 0 ],0.80,0.80,0.80,0.80,11.08,27.01,0.00,0.00,0.00,0.00,0.00,-0.00,0.00,0.00,0.00,0.00,0.00,0.00,0.00,0.00,0.00,0
2.30152,14,34,75,0,DRIVE [ 94 ] [ 1 ] [ 1230 1609 1926 ] [    0    0    0 ] [      0      0      0 ] [ 0 ],drive [ 94 ] [ 1 ] [ 1230 1610 1926 ] [   61   44   14 ] [  10919  17563  16500 ] [ 0 ],0.80,0.80,0.80,0.80,11.52,26.96,0.00,0.00,0.00,0.00,0.00,-0.00,0.00,0.00,0.00,0.00,0.00,0.00,0.00,0.00,0.00,0
2.31352,15,33,73,0,DRIVE [ 95 ] [ 1 ] [ 1230 1607 1926 ] [    0    0    0 ] [      0      0      0 ] [ 0 ],drive [ 94 ] [ 1 ] [ 1230 1609 1926 ] [   61   44   14 ] [  10919  17563  16500 ] [ 0 ],0.80,0.80,0.80,0.80,11.87,26.80,0.00,0.00,0.00,0.00,0.00,-0.00,0.00,0.00,0.00,0.00,0.00,0.00,0.00,0.00,0.00,0
2.32563,15,33,71,0,DRIVE [ 95 ] [ 1 ] [ 1230 1605 1926 ] [    0    0    0 ] [      0      0      0 ] [ 0 ],drive [ 95 ] [ 1 ] [ 1230 1607 1926 ] [   61   44   14 ] [  11280  17567  16494 ] [ 0 ],0.80,0.80,0.80,0.80,12.06,26.60,0.00,0.00,0.00,0.00,0.00,-0.00,0.00,0.00,0.00,0.00,0.00,0.00,0.00,0.00,0.00,0
2.33753,15,33,69,0,DRIVE [ 96 ] [ 1 ] [ 1230 1601 1926 ] [    0    0    0 ] [      0      0      0 ] [ 0 ],drive [ 95 ] [ 1 ] [ 1230 1605 1926 ] [   82   46    2 ] [  11280  17567  16494 ] [ 0 ],0.80,0.80,0.80,0.80,12.12,26.42,0.00,0.00,0.00,0.00,0.00,-0.00,0.00,0.00,0.00,0.00,0.00,0.00,0.00,0.00,0.00,0
2.34751,15,33,67,0,DRIVE [ 96 ] [ 1 ] [ 1230 1596 1926 ] [    0    0    0 ] [      0      0      0 ] [ 0 ],drive [ 96 ] [ 1 ] [ 1230 1601 1926 ] [   82   46    2 ] [  11280  17567  16494 ] [ 0 ],0.80,0.80,0.80,0.80,12.08,26.19,0.00,0.00,0.00,0.00,0.00,-0.00,0.00,0.00,0.00,0.00,0.00,0.00,0.00,0.00,0.00,0
2.35738,15,33,65,0,DRIVE [ 97 ] [ 1 ] [ 1230 1593 1926 ] [    0    0    0 ] [      0      0      0 ] [ 0 ],drive [ 96 ] [ 1 ] [ 1230 1596 1926 ] [   82   46    2 ] [  11280  17567  16494 ] [ 0 ],0.80,0.80,0.80,0.80,12.10,26.00,0.00,0.00,0.00,0.00,0.00,-0.00,0.00,0.00,0.00,0.00,0.00,0.00,0.00,0.00,0.00,0
2.36964,15,32,63,0,DRIVE [ 97 ] [ 1 ] [ 1230 1590 1926 ] [    0    0    0 ] [      0      0      0 ] [ 0 ],drive [ 97 ] [ 1 ] [ 1230 1593 1926 ] [   82   46    2 ] [  11486  17553  16413 ] [ 0 ],0.80,0.80,0.80,0.80,12.13,25.71,0.00,0.00,0.00,0.00,0.00,-0.00,0.00,0.00,0.00,0.00,0.00,0.00,0.00,0.00,0.00,0
2.38143,15,32,61,0,DRIVE [ 98 ] [ 1 ] [ 1230 1590 1926 ] [    0    0    0 ] [      0      0      0 ] [ 0 ],drive [ 97 ] [ 1 ] [ 1230 1590 1926 ] [   82   46    2 ] [  11486  17553  16413 ] [ 0 ],0.80,0.80,0.80,0.80,12.21,25.38,0.00,0.00,0.00,0.00,0.00,-0.00,0.00,0.00,0.00,0.00,0.00,0.00,0.00,0.00,0.00,0
2.39351,15,31,60,0,DRIVE [ 98 ] [ 1 ] [ 1230 1591 1926 ] [    0    0    0 ] [      0      0      0 ] [ 0 ],drive [ 98 ] [ 1 ] [ 1230 1590 1926 ] [   72   53   -1 ] [  11486  17553  16413 ] [ 0 ],0.80,0.80,0.80,0.80,12.35,25.03,0.00,0.00,0.00,0.00,0.00,-0.00,0.00,0.00,0.00,0.00,0.00,0.00,0.00,0.00,0.00,0
2.40559,16,31,58,0,DRIVE [ 99 ] [ 1 ] [ 1230 1593 1926 ] [    0    0    0 ] [      0      0      0 ] [ 0 ],drive [ 98 ] [ 1 ] [ 1230 1591 1926 ] [   72   53   -1 ] [  11486  17553  16413 ] [ 0 ],0.80,0.80,0.80,0.80,12.47,24.62,0.00,0.00,0.00,0.00,0.00,-0.00,0.00,0.00,0.00,0.00,0.00,0.00,0.00,0.00,0.00,0
2.41547,16,30,56,0,DRIVE [ 99 ] [ 1 ] [ 1230 1596 1926 ] [    0    0    0 ] [      0      0      0 ] [ 0 ],drive [ 99 ] [ 1 ] [ 1230 1593 1926 ] [   72   53   -1 ] [  11486  17553  16413 ] [ 0 ],0.80,0.80,0.80,0.80,12.66,24.23,0.00,0.00,0.00,0.00,0.00,-0.00,0.00,0.00,0.00,0.00,0.00,0.00,0.00,0.00,0.00,0
2.4253,16,30,55,0,DRIVE [ 00 ] [ 1 ] [ 1230 1598 1926 ] [    0    0    0 ] [      0      0      0 ] [ 0 ],drive [ 99 ] [ 1 ] [ 1230 1596 1926 ] [   72   53   -1 ] [  11486  17482  16245 ] [ 0 ],0.80,0.80,0.80,0.80,12.76,23.79,0.00,0.00,0.00,0.00,0.00,-0.00,0.00,0.00,0.00,0.00,0.00,0.00,0.00,0.00,0.00,0
2.43747,16,29,53,0,DRIVE [ 00 ] [ 1 ] [ 1230 1595 1926 ] [    0    0    0 ] [      0      0      0 ] [ 0 ],drive [ 00 ] [ 1 ] [ 1230 1598 1926 ] [   75   52   14 ] [  11486  17482  16245 ] [ 0 ],0.80,0.80,0.80,0.80,12.69,23.45,0.00,0.00,0.00,0.00,0.00,-0.00,0.00,0.00,0.00,0.00,0.00,0.00,0.00,0.00,0.00,0
2.4493,15,29,51,0,DRIVE [ 01 ] [ 1 ] [ 1230 1585 1926 ] [    0    0    0 ] [      0      0      0 ] [ 0 ],drive [ 00 ] [ 1 ] [ 1230 1595 1926 ] [   75   52   14 ] [  11486  17482  16245 ] [ 0 ],0.80,0.80,0.80,0.80,12.37,23.22,0.00,0.00,0.00,0.00,0.00,-0.00,0.00,0.00,0.00,0.00,0.00,0.00,0.00,0.00,0.00,0
2.46131,15,29,50,0,DRIVE [ 01 ] [ 1 ] [ 1230 1570 1926 ] [    0    0    0 ] [      0      0      0 ] [ 0 ],drive [ 01 ] [ 1 ] [ 1230 1585 1926 ] [   75   52   14 ] [  11486  17482  16245 ] [ 0 ],0.80,0.80,0.80,0.80,11.88,23.04,0.00,0.00,0.00,0.00,0.00,-0.00,0.00,0.00,0.00,0.00,0.00,0.00,0.00,0.00,0.00,0
2.47364,14,29,48,0,DRIVE [ 02 ] [ 1 ] [ 1230 1552 1926 ] [    0    0    0 ] [      0      0      0 ] [ 0 ],drive [ 01 ] [ 1 ] [ 1230 1570 1926 ] [   75   52   14 ] [  11644  17421  16205 ] [ 0 ],0.80,0.80,0.80,0.80,11.29,22.88,0.00,0.00,0.00,0.00,0.00,-0.00,0.00,0.00,0.00,0.00,0.00,0.00,-0.00,-0.00,0.00,0
2.48343,14,29,48,0,DRIVE [ 02 ] [ 1 ] [ 1230 1585 1926 ] [    0    0    0 ] [      0      0      0 ] [ 0 ],drive [ 02 ] [ 1 ] [ 1230 1552 1926 ] [   66   57   22 ] [  11644  17421  16205 ] [ 0 ],0.80,0.80,0.80,0.80,10.16,20.60,0.00,0.00,0.00,0.00,0.00,-0.00,0.00,0.00,0.00,0.00,0.00,0.00,-0.00,-0.00,0.00,0
2.49398,14,29,48,0,DRIVE [ 03 ] [ 1 ] [ 1230 1615 1926 ] [    0    0    0 ] [      0      0      0 ] [ 0 ],drive [ 02 ] [ 1 ] [ 1230 1585 1926 ] [   66   57   22 ] [  11644  17421  16205 ] [ 0 ],0.80,0.80,0.80,0.80,9.14,18.54,0.00,0.00,0.00,0.00,0.00,-0.00,0.00,0.00,0.00,0.00,0.00,0.00,-0.00,-0.00,0.00,0
2.5051,14,29,48,0,DRIVE [ 03 ] [ 1 ] [ 1230 1643 1926 ] [    0    0    0 ] [      0      0      0 ] [ 0 ],drive [ 03 ] [ 1 ] [ 1230 1615 1926 ] [   66   57   22 ] [  11644  17421  16205 ] [ 0 ],0.80,0.80,0.80,0.80,8.23,16.68,0.00,0.00,0.00,0.00,0.00,-0.00,0.00,0.00,0.00,0.00,0.00,0.00,-0.00,-0.00,0.00,0
2.51731,14,29,48,0,DRIVE [ 04 ] [ 1 ] [ 1230 1669 1926 ] [    0    0    0 ] [      0      0      0 ] [ 0 ],drive [ 03 ] [ 1 ] [ 1230 1643 1926 ] [   66   57   22 ] [  11644  17421  16205 ] [ 0 ],0.80,0.80,0.80,0.80,7.40,15.01,0.00,0.00,0.00,0.00,0.00,-0.00,0.00,0.00,0.00,0.00,0.00,0.00,-0.00,-0.00,0.00,0
2.52913,14,29,48,0,DRIVE [ 04 ] [ 1 ] [ 1269 1693 1926 ] [    0    0    0 ] [      0      0      0 ] [ 0 ],drive [ 04 ] [ 1 ] [ 1230 1669 1926 ] [   66   57   22 ] [  11706  17422  16109 ] [ 0 ],0.80,0.80,0.80,0.80,6.66,13.51,0.00,0.00,0.00,0.00,0.00,-0.00,0.00,0.00,0.00,0.00,0.00,0.00,-0.00,-0.00,0.00,0
2.53912,14,29,48,0,DRIVE [ 05 ] [ 1 ] [ 1331 1715 1926 ] [    0    0    0 ] [      0      0      0 ] [ 0 ],drive [ 04 ] [ 1 ] [ 1269 1693 1926 ] [   72   50   20 ] [  11706  17422  16109 ] [ 0 ],0.80,0.80,0.80,0.80,6.00,12.16,0.00,0.00,0.00,0.00,0.00,-0.00,0.00,0.00,0.00,0.00,0.00,0.00,-0.00,-0.00,0.00,0
2.55046,14,29,48,0,DRIVE [ 05 ] [ 1 ] [ 1388 1735 1926 ] [    0    0    0 ] [      0      0      0 ] [ 0 ],drive [ 05 ] [ 1 ] [ 1331 1715 1926 ] [   72   50   20 ] [  11706  17422  16109 ] [ 0 ],0.80,0.80,0.80,0.80,5.40,10.95,0.00,0.00,0.00,0.00,0.00,-0.00,0.00,0.00,0.00,0.00,0.00,0.00,-0.00,-0.00,0.00,0
2.5623,14,29,48,0,DRIVE [ 06 ] [ 1 ] [ 1440 1754 1926 ] [    0    0    0 ] [      0      0      0 ] [ 0 ],drive [ 05 ] [ 1 ] [ 1388 1735 1926 ] [   72   50   20 ] [  11706  17422  16109 ] [ 0 ],0.80,0.80,0.80,0.80,4.86,9.85,0.00,0.00,0.00,0.00,0.00,-0.00,0.00,0.00,0.00,0.00,0.00,0.00,-0.00,-0.00,0.00,0
2.57408,14,29,48,0,DRIVE [ 06 ] [ 1 ] [ 1487 1771 1926 ] [    0    0    0 ] [      0      0      0 ] [ 0 ],drive [ 06 ] [ 1 ] [ 1440 1754 1926 ] [   72   50   20 ] [  11759  17349  16029 ] [ 0 ],0.80,0.80,0.80,0.80,4.37,8.87,0.00,0.00,0.00,0.00,0.00,-0.00,0.00,0.00,0.00,0.00,0.00,0.00,-0.00,-0.00,0.00,0
2.58527,14,29,48,0,DRIVE [ 07 ] [ 1 ] [ 1530 1786 1926 ] [    0    0    0 ] [      0      0      0 ] [ 0 ],drive [ 06 ] [ 1 ] [ 1487 1771 1926 ] [   65   30   16 ] [  11759  17349  16029 ] [ 0 ],0.80,0.80,0.80,0.80,3.94,7.98,0.00,0.00,0.00,0.00,0.00,-0.00,0.00,0.00,0.00,0.00,0.00,0.00,-0.00,-0.00,0.00,0
2.59715,14,29,48,0,DRIVE [ 07 ] [ 1 ] [ 1569 1799 1926 ] [    0    0    0 ] [      0      0      0 ] [ 0 ],drive [ 07 ] [ 1 ] [ 1530 1786 1926 ] [   65   30   16 ] [  11759  17349  16029 ] [ 0 ],0.80,0.80,0.80,0.80,3.54,7.18,0.00,0.00,0.00,0.00,0.00,-0.00,0.00,0.00,0.00,0.00,0.00,0.00,-0.00,-0.00,0.00,0
2.60719,14,29,48,0,DRIVE [ 08 ] [ 1 ] [ 1604 1812 1926 ] [    0    0    0 ] [      0      0      0 ] [ 0 ],drive [ 07 ] [ 1 ] [ 1569 1799 1926 ] [   65   30   16 ] [  11759  17349  16029 ] [ 0 ],0.80,0.80,0.80,0.80,3.19,6.46,0.00,0.00,0.00,0.00,0.00,-0.00,0.00,0.00,0.00,0.00,0.00,0.00,-0.00,-0.00,0.00,0
2.61738,14,29,48,1,DRIVE [ 08 ] [ 1 ] [ 1636 1823 1926 ] [    0    0    0 ] [      0      0      0 ] [ 0 ],drive [ 08 ] [ 1 ] [ 1604 1812 1926 ] [   65   30   16 ] [  11742  17121  15937 ] [ 0 ],0.80,0.80,0.80,0.80,2.87,5.82,0.00,0.00,0.00,0.00,0.00,-0.00,0.00,0.00,0.00,0.00,0.00,0.00,-0.00,-0.00,0.00,0
