timestamp,Xmm,Ymm,Zmm,TouchDetected,OutgoingPacket,IncomingPacket,GainPropAb, GainPropAd, GainPropFl, GainPropEx,PropA, PropB, PropC,GainIntegAb, GainIntegAd, GainIntegFl, GainIntegEx,IntegA, IntegB, IntegC,GainDerivAb, GainDerivAd, GainDerivFl, GainDerivEx,DerivA, DerivB, DerivC,Heading5
2.32469,-192,-68,606,0,DRIVE [ 61 ] [ 1 ] [ 1924 1348 1449 ] [    0    0    0 ] [      0      0      0 ] [ 0 ],drive [ 60 ] [ 1 ] [ 1924 1363 1468 ] [   17   71   39 ] [   4476  16721  13404 ] [ 0 ],1.10,1.10,1.10,1.10,-204.35,-70.90,0.00,0.50,0.50,0.50,0.50,-1.81,0.59,0.00,0.00,0.00,0.00,0.50,0.00,0.00,0.00,0
0.00139422,-192,-68,606,0,DRIVE [ 62 ] [ 1 ] [ 1924 1926 1885 ] [    0    0    0 ] [      0      0      0 ] [ 0 ],drive [ 61 ] [ 1 ] [ 1924 1335 1432 ] [   17   71   39 ] [   4476  16881  13408 ] [ 0 ],1.10,1.10,1.10,1.10,-189.78,-67.40,0.00,0.50,0.50,0.50,0.50,-1.55,0.51,0.00,0.00,0.00,0.00,0.50,0.00,0.00,0.00,0
0.0174125,-210,-82,619,0,DRIVE [ 62 ] [ 1 ] [ 1924 1917 1877 ] [    0    0    0 ] [      0      0      0 ] [ 0 ],drive [ 62 ] [ 1 ] [ 1924 1926 1885 ] [   17   58   47 ] [   4476  16881  13408 ] [ 0 ],1.10,1.10,1.10,1.10,-230.61,-90.49,0.00,0.50,0.50,0.50,0.50,0.00,0.00,0.00,0.00,0.00,0.00,0.50,0.00,0.00,0.00,0
0.0327192,-210,-84,620,0,DRIVE [ 63 ] [ 1 ] [ 1924 1906 1869 ] [    0    0    0 ] [      0      0      0 ] [ 0 ],drive [ 62 ] [ 1 ] [ 1924 1917 1877 ] [   17   58   47 ] [   4476  16881  13408 ] [ 0 ],1.10,1.10,1.10,1.10,-231.06,-92.17,0.00,0.50,0.50,0.50,0.50,0.00,0.00,0.00,0.00,0.00,0.00,0.50,0.00,0.00,0.00,0
0.047598,-206,-83,607,0,DRIVE [ 63 ] [ 1 ] [ 1924 1897 1861 ] [    0    0    0 ] [      0      0      0 ] [ 0 ],drive [ 63 ] [ 1 ] [ 1924 1906 1869 ] [   17   58   47 ] [   4479  16567  13251 ] [ 0 ],1.10,1.10,1.10,1.10,-226.86,-90.88,0.00,0.50,0.50,0.50,0.50,0.00,0.00,0.00,0.00,0.00,0.00,0.50,0.00,0.00,0.00,0
0.0618869,-206,-83,605,0,DRIVE [ 64 ] [ 1 ] [ 1924 1887 1852 ] [    0    0    0 ] [      0      0      0 ] [ 0 ],drive [ 63 ] [ 1 ] [ 1924 1897 1861 ] [   15    0   27 ] [   4479  16567  13251 ] [ 0 ],1.10,1.10,1.10,1.10,-227.03,-91.15,0.00,0.50,0.50,0.50,0.50,0.00,0.00,0.00,0.00,0.00,0.00,0.50,0.00,0.00,0.00,0
0.0762904,-206,-83,601,0,DRIVE [ 64 ] [ 1 ] [ 1924 1877 1844 ] [    0    0    0 ] [      0      0      0 ] [ 0 ],drive [ 64 ] [ 1 ] [ 1924 1887 1852 ] [   15    0   27 ] [   4479  16567  13251 ] [ 0 ],1.10,1.10,1.10,1.10,-226.62,-91.24,0.00,0.50,0.50,0.50,0.50,0.00,0.00,0.00,0.00,0.00,0.00,0.50,0.00,0.00,0.00,0
0.0897575,-212,-85,608,0,DRIVE [ 65 ] [ 1 ] [ 1924 1867 1836 ] [    0    0    0 ] [      0      0      0 ] [ 0 ],drive [ 64 ] [ 1 ] [ 1924 1877 1844 ] [   15    0   27 ] [   4479  16567  13251 ] [ 0 ],1.10,1.10,1.10,1.10,-232.92,-93.29,0.00,0.50,0.50,0.50,0.50,0.00,0.00,0.00,0.00,0.00,0.00,0.50,0.00,0.00,0.00,0
0.103732,-216,-86,607,0,DRIVE [ 65 ] [ 1 ] [ 1924 1857 1827 ] [    0    0    0 ] [      0      0      0 ] [ 0 ],drive [ 65 ] [ 1 ] [ 1924 1867 1836 ] [   15    0   27 ] [   4478  15911  13129 ] [ 0 ],1.10,1.10,1.10,1.10,-238.02,-94.96,0.00,0.50,0.50,0.50,0.50,0.00,0.00,0.00,0.00,0.00,0.00,0.50,0.00,0.00,0.00,0
0.118445,-220,-88,602,0,DRIVE [ 66 ] [ 1 ] [ 1924 1845 1818 ] [    0    0    0 ] [      0      0      0 ] [ 0 ],drive [ 65 ] [ 1 ] [ 1924 1857 1827 ] [   17   18   27 ] [   4478  15911  13129 ] [ 0 ],1.10,1.10,1.10,1.10,-241.89,-96.49,0.00,0.50,0.50,0.50,0.50,0.00,0.00,0.00,0.00,0.00,0.00,0.50,0.00,0.00,0.00,0
0.133434,-224,-89,602,0,DRIVE [ 66 ] [ 1 ] [ 1924 1833 1808 ] [    0    0    0 ] [      0      0      0 ] [ 0 ],drive [ 66 ] [ 1 ] [ 1924 1845 1818 ] [   17   18   27 ] [   4478  15911  13129 ] [ 0 ],1.10,1.10,1.10,1.10,-246.29,-98.10,0.00,0.50,0.50,0.50,0.50,0.00,0.00,0.00,0.00,0.00,0.00,0.50,0.00,0.00,0.00,0
0.147962,-224,-63,604,0,DRIVE [ 67 ] [ 1 ] [ 1924 1818 1811 ] [    0    0    0 ] [      0      0      0 ] [ 0 ],drive [ 66 ] [ 1 ] [ 1924 1833 1808 ] [   17   18   27 ] [   4478  15958  13130 ] [ 0 ],1.10,1.10,1.10,1.10,-246.77,-69.46,0.00,0.50,0.50,0.50,0.50,0.00,0.00,0.00,0.00,0.00,0.00,0.50,0.00,0.00,0.00,0
0.162658,-224,-63,604,0,DRIVE [ 67 ] [ 1 ] [ 1924 1829 1819 ] [    0    0    0 ] [      0      0      0 ] [ 0 ],drive [ 67 ] [ 1 ] [ 1924 1818 1811 ] [   16   28   29 ] [   4478  15958  13130 ] [ 0 ],1.10,1.10,1.10,1.10,-222.09,-62.52,0.00,0.50,0.50,0.50,0.50,0.00,0.00,0.00,0.00,0.00,0.00,0.50,0.00,0.00,0.00,0
0.177291,-225,-44,613,0,DRIVE [ 68 ] [ 1 ] [ 1924 1792 1807 ] [    0    0    0 ] [      0      0      0 ] [ 0 ],drive [ 67 ] [ 1 ] [ 1924 1829 1819 ] [   16   28   29 ] [   4478  15958  13130 ] [ 0 ],1.10,1.10,1.10,1.10,-247.87,-47.95,0.00,0.50,0.50,0.50,0.50,0.00,0.00,0.00,0.00,0.00,0.00,0.50,0.00,0.00,0.00,0
0.192211,-224,-29,614,0,DRIVE [ 68 ] [ 1 ] [ 1924 1777 1808 ] [    0    0    0 ] [      0      0      0 ] [ 0 ],drive [ 68 ] [ 1 ] [ 1924 1792 1807 ] [   16   28   29 ] [   4478  15958  13130 ] [ 0 ],1.10,1.10,1.10,1.10,-246.16,-32.39,0.00,0.50,0.50,0.50,0.50,0.00,0.00,0.00,0.00,0.00,0.00,0.50,0.00,0.00,0.00,0
0.207286,-223,-19,618,0,DRIVE [ 69 ] [ 1 ] [ 1924 1763 1809 ] [    0    0    0 ] [      0      0      0 ] [ 0 ],drive [ 68 ] [ 1 ] [ 1924 1777 1808 ] [   16   28   29 ] [   4478  15959  13131 ] [ 0 ],1.10,1.10,1.10,1.10,-245.21,-21.21,0.00,0.50,0.50,0.50,0.50,0.00,0.00,0.00,0.00,0.00,0.00,0.50,0.00,0.00,0.00,0
0.222062,-221,-12,618,0,DRIVE [ 69 ] [ 1 ] [ 1924 1749 1808 ] [    0    0    0 ] [      0      0      0 ] [ 0 ],drive [ 69 ] [ 1 ] [ 1924 1763 1809 ] [   17   29   27 ] [   4478  15959  13131 ] [ 0 ],1.10,1.10,1.10,1.10,-243.37,-13.16,0.00,0.50,0.50,0.50,0.50,0.00,0.00,0.00,0.00,0.00,0.00,0.50,0.00,0.00,0.00,0
0.236887,-221,-7,623,0,DRIVE [ 70 ] [ 1 ] [ 1924 1736 1806 ] [    0    0    0 ] [      0      0      0 ] [ 0 ],drive [ 69 ] [ 1 ] [ 1924 1749 1808 ] [   17   29   27 ] [   4478  15959  13131 ] [ 0 ],1.10,1.10,1.10,1.10,-243.64,-7.41,0.00,0.50,0.50,0.50,0.50,0.00,0.00,0.00,0.00,0.00,0.00,0.50,0.00,0.00,0.00,0
0.251586,-219,-3,622,0,DRIVE [ 70 ] [ 1 ] [ 1924 1724 1804 ] [    0    0    0 ] [      0      0      0 ] [ 0 ],drive [ 70 ] [ 1 ] [ 1924 1736 1806 ] [   17   29   27 ] [   4478  15975  13131 ] [ 0 ],1.10,1.10,1.10,1.10,-241.00,-3.54,0.00,0.50,0.50,0.50,0.50,0.00,0.00,0.00,0.00,0.00,0.00,0.50,0.00,0.00,0.00,0
0.269091,-217,-1,620,0,DRIVE [ 71 ] [ 1 ] [ 1924 1712 1801 ] [    0    0    0 ] [      0      0      0 ] [ 0 ],drive [ 70 ] [ 1 ] [ 1924 1724 1804 ] [   16   32   29 ] [   4478  15975  13131 ] [ 0 ],1.10,1.10,1.10,1.10,-238.17,-0.80,0.00,0.50,0.50,0.50,0.50,0.00,0.00,0.00,0.00,0.00,0.00,0.50,0.00,0.00,0.00,0
0.284007,-214,1,619,0,DRIVE [ 71 ] [ 1 ] [ 1924 1699 1798 ] [    0    0    0 ] [      0      0      0 ] [ 0 ],drive [ 71 ] [ 1 ] [ 1924 1712 1801 ] [   16   32   29 ] [   4478  15975  13131 ] [ 0 ],1.10,1.10,1.10,1.10,-235.92,1.10,0.00,0.50,0.50,0.50,0.50,0.00,0.00,0.00,0.00,0.00,0.00,0.50,0.00,-0.00,0.00,0
0.298866,-216,2,628,0,DRIVE [ 72 ] [ 1 ] [ 1924 1688 1795 ] [    0    0    0 ] [      0      0      0 ] [ 0 ],drive [ 71 ] [ 1 ] [ 1924 1699 1798 ] [   16   32   29 ] [   4481  15980  13131 ] [ 0 ],1.10,1.10,1.10,1.10,-237.31,2.56,0.00,0.50,0.50,0.50,0.50,0.00,0.00,0.00,0.00,0.00,0.00,0.50,0.00,-0.00,0.00,0
0.313863,-213,3,625,0,DRIVE [ 72 ] [ 1 ] [ 1924 1678 1792 ] [    0    0    0 ] [      0      0      0 ] [ 0 ],drive [ 72 ] [ 1 ] [ 1924 1688 1795 ] [   15   34   28 ] [   4481  15980  13131 ] [ 0 ],1.10,1.10,1.10,1.10,-234.24,3.69,0.00,0.50,0.50,0.50,0.50,0.00,0.00,0.00,0.00,0.00,0.00,0.50,0.00,-0.00,0.00,0
0.32835,-209,5,622,0,DRIVE [ 73 ] [ 1 ] [ 1924 1668 1789 ] [    0    0    0 ] [      0      0      0 ] [ 0 ],drive [ 72 ] [ 1 ] [ 1924 1678 1792 ] [   15   34   28 ] [   4481  15980  13131 ] [ 0 ],1.10,1.10,1.10,1.10,-230.44,5.11,0.00,0.50,0.50,0.50,0.50,0.00,0.00,0.00,0.00,0.00,0.00,0.50,0.00,-0.00,0.00,0
0.34371,-207,6,621,0,DRIVE [ 73 ] [ 1 ] [ 1924 1659 1787 ] [    0    0    0 ] [      0      0      0 ] [ 0 ],drive [ 73 ] [ 1 ] [ 1924 1668 1789 ] [   15   34   28 ] [   4481  15980  13131 ] [ 0 ],1.10,1.10,1.10,1.10,-227.32,6.50,0.00,0.50,0.50,0.50,0.50,0.00,0.00,0.00,0.00,0.00,0.00,0.50,0.00,-0.00,0.00,0
0.358676,-203,8,620,0,DRIVE [ 74 ] [ 1 ] [ 1924 1650 1786 ] [    0    0    0 ] [      0      0      0 ] [ 0 ],drive [ 73 ] [ 1 ] [ 1924 1659 1787 ] [   15   34   28 ] [   4481  15983  13132 ] [ 0 ],1.10,1.10,1.10,1.10,-223.12,8.61,0.00,0.50,0.50,0.50,0.50,0.00,0.00,0.00,0.00,0.00,0.00,0.50,0.00,-0.00,0.00,0
0.373267,-198,10,614,0,DRIVE [ 74 ] [ 1 ] [ 1924 1641 1786 ] [    0    0    0 ] [      0      0      0 ] [ 0 ],drive [ 74 ] [ 1 ] [ 1924 1650 1786 ] [   17   35   29 ] [   4481  15983  13132 ] [ 0 ],1.10,1.10,1.10,1.10,-217.64,10.71,0.00,0.50,0.50,0.50,0.50,0.00,0.00,0.00,0.00,0.00,0.00,0.50,0.00,-0.00,0.00,0
0.387812,-192,13,608,0,DRIVE [ 75 ] [ 1 ] [ 1924 1632 1788 ] [    0    0    0 ] [      0      0      0 ] [ 0 ],drive [ 74 ] [ 1 ] [ 1924 1641 1786 ] [   17   35   29 ] [   4481  15983  13132 ] [ 0 ],1.10,1.10,1.10,1.10,-211.06,14.57,0.00,0.50,0.50,0.50,0.50,0.00,0.00,0.00,0.00,0.00,0.00,0.50,0.00,-0.00,0.00,0
0.402418,-189,17,610,0,DRIVE [ 75 ] [ 1 ] [ 1924 1623 1789 ] [    0    0    0 ] [      0      0      0 ] [ 0 ],drive [ 75 ] [ 1 ] [ 1924 1632 1788 ] [   17   35   29 ] [   4481  15986  13131 ] [ 0 ],1.10,1.10,1.10,1.10,-207.51,18.38,0.00,0.50,0.50,0.50,0.50,0.00,0.00,0.00,0.00,0.00,0.00,0.50,0.00,-0.00,0.00,0
0.417194,-186,20,610,0,DRIVE [ 76 ] [ 1 ] [ 1924 1613 1790 ] [    0    0    0 ] [      0      0      0 ] [ 0 ],drive [ 75 ] [ 1 ] [ 1924 1623 1789 ] [   13   37   30 ] [   4481  15986  13131 ] [ 0 ],1.10,1.10,1.10,1.10,-204.24,21.83,0.00,0.50,0.50,0.50,0.50,0.00,0.00,0.00,0.00,0.00,0.00,0.50,0.00,-0.00,0.00,0
0.431733,-182,23,606,0,DRIVE [ 76 ] [ 1 ] [ 1924 1603 1792 ] [    0    0    0 ] [      0      0      0 ] [ 0 ],drive [ 76 ] [ 1 ] [ 1924 1613 1790 ] [   13   37   30 ] [   4481  15986  13131 ] [ 0 ],1.10,1.10,1.10,1.10,-199.77,24.92,0.00,0.50,0.50,0.50,0.50,0.00,0.00,0.00,0.00,0.00,0.00,0.50,0.00,-0.00,0.00,0
0.446193,-179,26,605,0,DRIVE [ 77 ] [ 1 ] [ 1924 1593 1794 ] [    0    0    0 ] [      0      0      0 ] [ 0 ],drive [ 76 ] [ 1 ] [ 1924 1603 1792 ] [   13   37   30 ] [   4485  15987  13125 ] [ 0 ],1.10,1.10,1.10,1.10,-196.36,28.10,0.00,0.50,0.50,0.50,0.50,0.00,0.00,0.00,0.00,0.00,0.00,0.50,0.00,-0.00,0.00,0
0.460099,-176,29,608,0,DRIVE [ 77 ] [ 1 ] [ 1924 1583 1796 ] [    0    0    0 ] [      0      0      0 ] [ 0 ],drive [ 77 ] [ 1 ] [ 1924 1593 1794 ] [   12   40   35 ] [   4485  15987  13125 ] [ 0 ],1.10,1.10,1.10,1.10,-193.98,31.54,0.00,0.50,0.50,0.50,0.50,0.00,0.00,0.00,0.00,0.00,0.00,0.50,0.00,-0.00,0.00,0
0.474531,-172,31,603,0,DRIVE [ 78 ] [ 1 ] [ 1924 1574 1798 ] [    0    0    0 ] [      0      0      0 ] [ 0 ],drive [ 77 ] [ 1 ] [ 1924 1583 1796 ] [   12   40   35 ] [   4485  15987  13125 ] [ 0 ],1.10,1.10,1.10,1.10,-189.30,34.36,0.00,0.50,0.50,0.50,0.50,0.00,0.00,0.00,0.00,0.00,0.00,0.50,0.00,-0.00,0.00,0
0.489015,-167,33,595,0,DRIVE [ 78 ] [ 1 ] [ 1924 1564 1800 ] [    0    0    0 ] [      0      0      0 ] [ 0 ],drive [ 78 ] [ 1 ] [ 1924 1574 1798 ] [   12   40   35 ] [   4485  15987  13125 ] [ 0 ],1.10,1.10,1.10,1.10,-183.79,36.70,0.00,0.50,0.50,0.50,0.50,0.00,0.00,0.00,0.00,0.00,0.00,0.50,0.00,-0.00,0.00,0
0.5035,-164,36,593,0,DRIVE [ 79 ] [ 1 ] [ 1924 1554 1803 ] [    0    0    0 ] [      0      0      0 ] [ 0 ],drive [ 78 ] [ 1 ] [ 1924 1564 1800 ] [   12   40   35 ] [   4515  15988  13114 ] [ 0 ],1.10,1.10,1.10,1.10,-179.96,39.67,0.00,0.50,0.50,0.50,0.50,0.00,0.00,0.00,0.00,0.00,0.00,0.50,0.00,-0.00,0.00,0
0.517704,-161,39,593,0,DRIVE [ 79 ] [ 1 ] [ 1924 1544 1805 ] [    0    0    0 ] [      0      0      0 ] [ 0 ],drive [ 79 ] [ 1 ] [ 1924 1554 1803 ] [   -2   42   36 ] [   4515  15988  13114 ] [ 0 ],1.10,1.10,1.10,1.10,-177.19,42.53,0.00,0.50,0.50,0.50,0.50,0.00,0.00,0.00,0.00,0.00,0.00,0.50,0.00,-0.00,0.00,0
0.532582,-158,41,591,0,DRIVE [ 80 ] [ 1 ] [ 1924 1534 1808 ] [    0    0    0 ] [      0      0      0 ] [ 0 ],drive [ 79 ] [ 1 ] [ 1924 1544 1805 ] [   -2   42   36 ] [   4515  15988  13114 ] [ 0 ],1.10,1.10,1.10,1.10,-173.71,45.33,0.00,0.50,0.50,0.50,0.50,0.00,0.00,0.00,0.00,0.00,0.00,0.50,0.00,-0.00,0.00,0
0.546575,-158,41,591,0,DRIVE [ 80 ] [ 1 ] [ 1924 1572 1816 ] [    0    0    0 ] [      0      0      0 ] [ 0 ],drive [ 80 ] [ 1 ] [ 1924 1534 1808 ] [   -2   42   36 ] [   4525  15990  13102 ] [ 0 ],1.10,1.10,1.10,1.10,-156.34,40.79,0.00,0.50,0.50,0.50,0.50,0.00,0.00,0.00,0.00,0.00,0.00,0.50,0.00,-0.00,0.00,0
0.56143,-150,45,579,0,DRIVE [ 81 ] [ 1 ] [ 1924 1513 1815 ] [    0    0    0 ] [      0      0      0 ] [ 0 ],drive [ 80 ] [ 1 ] [ 1924 1572 1816 ] [   -1   44   34 ] [   4525  15990  13102 ] [ 0 ],1.10,1.10,1.10,1.10,-164.75,49.92,0.00,0.50,0.50,0.50,0.50,0.00,0.00,0.00,0.00,0.00,0.00,0.50,0.00,-0.00,0.00,0
0.575231,-143,49,571,0,DRIVE [ 81 ] [ 1 ] [ 1924 1502 1823 ] [    0    0    0 ] [      0      0      0 ] [ 0 ],drive [ 81 ] [ 1 ] [ 1924 1513 1815 ] [   -1   44   34 ] [   4525  15990  13102 ] [ 0 ],1.10,1.10,1.10,1.10,-157.27,54.43,0.00,0.50,0.50,0.50,0.50,0.00,0.00,0.00,0.00,0.00,0.00,0.50,0.00,-0.00,0.00,0
0.589397,-134,54,559,0,DRIVE [ 82 ] [ 1 ] [ 1924 1492 1834 ] [    0    0    0 ] [      0      0      0 ] [ 0 ],drive [ 81 ] [ 1 ] [ 1924 1502 1823 ] [   -1   44   34 ] [   4525  15990  13102 ] [ 0 ],1.10,1.10,1.10,1.10,-146.95,59.51,0.00,0.50,0.50,0.50,0.50,0.00,0.00,0.00,0.00,0.00,0.00,0.50,0.00,-0.00,0.00,0
0.603527,-125,59,550,0,DRIVE [ 82 ] [ 1 ] [ 1924 1481 1847 ] [    0    0    0 ] [      0      0      0 ] [ 0 ],drive [ 82 ] [ 1 ] [ 1924 1492 1834 ] [   -1   44   34 ] [   4524  16000  13070 ] [ 0 ],1.10,1.10,1.10,1.10,-137.52,64.58,0.00,0.50,0.50,0.50,0.50,0.00,0.00,0.00,0.00,0.00,0.00,0.50,0.00,-0.00,0.00,0
0.61758,-117,63,544,0,DRIVE [ 83 ] [ 1 ] [ 1924 1470 1859 ] [    0    0    0 ] [      0      0      0 ] [ 0 ],drive [ 82 ] [ 1 ] [ 1924 1481 1847 ] [   -1   41    7 ] [   4524  16000  13070 ] [ 0 ],1.10,1.10,1.10,1.10,-128.99,69.45,0.00,0.50,0.50,0.50,0.50,0.00,0.00,0.00,0.00,0.00,0.00,0.50,0.00,-0.00,0.00,0
0.631788,-110,67,539,0,DRIVE [ 83 ] [ 1 ] [ 1924 1458 1871 ] [    0    0    0 ] [      0      0      0 ] [ 0 ],drive [ 83 ] [ 1 ] [ 1924 1470 1859 ] [   -1   41    7 ] [   4524  16000  13070 ] [ 0 ],1.10,1.10,1.10,1.10,-121.12,73.76,0.00,0.50,0.50,0.50,0.50,0.00,0.00,0.00,0.00,0.00,0.00,0.50,0.00,-0.00,0.00,0
0.64608,-101,71,532,0,DRIVE [ 84 ] [ 1 ] [ 1924 1448 1884 ] [    0    0    0 ] [      0      0      0 ] [ 0 ],drive [ 83 ] [ 1 ] [ 1924 1458 1871 ] [   -1   41    7 ] [   4527  16053  12949 ] [ 0 ],1.10,1.10,1.10,1.10,-111.47,77.66,0.00,0.50,0.50,0.50,0.50,0.00,0.00,0.00,0.00,0.00,0.00,0.50,0.00,-0.00,0.00,0
0.659794,-93,73,523,0,DRIVE [ 84 ] [ 1 ] [ 1913 1462 1884 ] [    0    0    0 ] [      0      0      0 ] [ 0 ],drive [ 84 ] [ 1 ] [ 1924 1448 1884 ] [   -2   42    5 ] [   4527  16053  12949 ] [ 0 ],1.10,1.10,1.10,1.10,-102.63,80.17,0.00,0.50,0.50,0.50,0.50,0.00,0.00,0.00,0.00,0.00,0.00,0.50,0.00,-0.00,0.00,0
0.674173,-87,75,517,0,DRIVE [ 85 ] [ 1 ] [ 1901 1474 1884 ] [    0    0    0 ] [      0      0      0 ] [ 0 ],drive [ 84 ] [ 1 ] [ 1913 1462 1884 ] [   -2   42    5 ] [   4527  16053  12949 ] [ 0 ],1.10,1.10,1.10,1.10,-95.59,82.08,0.00,0.50,0.50,0.50,0.50,0.00,0.00,0.00,0.00,0.00,0.00,0.50,0.00,-0.00,0.00,0
0.688555,-81,75,510,0,DRIVE [ 85 ] [ 1 ] [ 1892 1482 1884 ] [    0    0    0 ] [      0      0      0 ] [ 0 ],drive [ 85 ] [ 1 ] [ 1901 1474 1884 ] [   -2   42    5 ] [   4527  16053  12949 ] [ 0 ],1.10,1.10,1.10,1.10,-89.49,82.99,0.00,0.50,0.50,0.50,0.50,0.00,0.00,0.00,0.00,0.00,0.00,0.50,0.00,-0.00,0.00,0
0.702772,-76,76,503,0,DRIVE [ 86 ] [ 1 ] [ 1881 1492 1884 ] [    0    0    0 ] [      0      0      0 ] [ 0 ],drive [ 85 ] [ 1 ] [ 1892 1482 1884 ] [   -2   42    5 ] [   4529  16161  12903 ] [ 0 ],1.10,1.10,1.10,1.10,-83.13,83.93,0.00,0.50,0.50,0.50,0.50,0.00,0.00,0.00,0.00,0.00,0.00,0.50,0.00,-0.00,0.00,0
0.716968,-70,77,496,0,DRIVE [ 86 ] [ 1 ] [ 1871 1500 1884 ] [    0    0    0 ] [      0      0      0 ] [ 0 ],drive [ 86 ] [ 1 ] [ 1881 1492 1884 ] [   11   52   22 ] [   4529  16161  12903 ] [ 0 ],1.10,1.10,1.10,1.10,-77.29,84.54,0.00,0.50,0.50,0.50,0.50,0.00,0.00,0.00,0.00,0.00,0.00,0.50,0.00,-0.00,0.00,0
0.730362,-65,77,488,0,DRIVE [ 87 ] [ 1 ] [ 1861 1506 1884 ] [    0    0    0 ] [      0      0      0 ] [ 0 ],drive [ 86 ] [ 1 ] [ 1871 1500 1884 ] [   11   52   22 ] [   4529  16161  12903 ] [ 0 ],1.10,1.10,1.10,1.10,-72.01,85.04,0.00,0.50,0.50,0.50,0.50,0.00,0.00,0.00,0.00,0.00,0.00,0.50,0.00,-0.00,0.00,0
0.74445,-61,78,479,0,DRIVE [ 87 ] [ 1 ] [ 1852 1511 1884 ] [    0    0    0 ] [      0      0      0 ] [ 0 ],drive [ 87 ] [ 1 ] [ 1861 1506 1884 ] [   11   52   22 ] [   4690  16247  12845 ] [ 0 ],1.10,1.10,1.10,1.10,-67.34,85.28,0.00,0.50,0.50,0.50,0.50,0.00,0.00,0.00,0.00,0.00,0.00,0.50,0.00,-0.00,0.00,0
0.758637,-58,78,474,0,DRIVE [ 88 ] [ 1 ] [ 1843 1513 1884 ] [    0    0    0 ] [      0      0      0 ] [ 0 ],drive [ 87 ] [ 1 ] [ 1852 1511 1884 ] [   11   52   22 ] [   4690  16247  12845 ] [ 0 ],1.10,1.10,1.10,1.10,-63.63,85.57,0.00,0.50,0.50,0.50,0.50,0.00,0.00,0.00,0.00,0.00,0.00,0.50,0.00,-0.00,0.00,0
0.773161,-55,77,464,0,DRIVE [ 88 ] [ 1 ] [ 1836 1511 1884 ] [    0    0    0 ] [      0      0      0 ] [ 0 ],drive [ 88 ] [ 1 ] [ 1843 1513 1884 ] [   25   38   12 ] [   4690  16247  12845 ] [ 0 ],1.10,1.10,1.10,1.10,-60.50,85.18,0.00,0.50,0.50,0.50,0.50,0.00,0.00,0.00,0.00,0.00,0.00,0.50,0.00,-0.00,0.00,0
0.787423,-54,77,456,0,DRIVE [ 89 ] [ 1 ] [ 1831 1504 1884 ] [    0    0    0 ] [      0      0      0 ] [ 0 ],drive [ 88 ] [ 1 ] [ 1836 1511 1884 ] [   25   38   12 ] [   4690  16247  12845 ] [ 0 ],1.10,1.10,1.10,1.10,-59.11,84.72,0.00,0.50,0.50,0.50,0.50,0.00,0.00,0.00,0.00,0.00,0.00,0.50,0.00,-0.00,0.00,0
0.801503,-54,76,448,0,DRIVE [ 89 ] [ 1 ] [ 1829 1491 1884 ] [    0    0    0 ] [      0      0      0 ] [ 0 ],drive [ 89 ] [ 1 ] [ 1831 1504 1884 ] [   25   38   12 ] [   4867  16246  12745 ] [ 0 ],1.10,1.10,1.10,1.10,-58.86,83.95,0.00,0.50,0.50,0.50,0.50,0.00,0.00,0.00,0.00,0.00,0.00,0.50,0.00,-0.00,0.00,0
0.815521,-54,75,440,0,DRIVE [ 90 ] [ 1 ] [ 1830 1473 1884 ] [    0    0    0 ] [      0      0      0 ] [ 0 ],drive [ 89 ] [ 1 ] [ 1829 1491 1884 ] [   30   38   18 ] [   4867  16246  12745 ] [ 0 ],1.10,1.10,1.10,1.10,-59.74,82.95,0.00,0.50,0.50,0.50,0.50,0.00,0.00,0.00,0.00,0.00,0.00,0.50,0.00,-0.00,0.00,0
0.829567,-57,75,431,0,DRIVE [ 90 ] [ 1 ] [ 1833 1445 1884 ] [    0    0    0 ] [      0      0      0 ] [ 0 ],drive [ 90 ] [ 1 ] [ 1830 1473 1884 ] [   30   38   18 ] [   4867  16246  12745 ] [ 0 ],1.10,1.10,1.10,1.10,-62.25,82.27,0.00,0.50,0.50,0.50,0.50,0.00,0.00,0.00,0.00,0.00,0.00,0.50,0.00,-0.00,0.00,0
0.842829,-59,74,422,0,DRIVE [ 91 ] [ 1 ] [ 1835 1416 1884 ] [    0    0    0 ] [      0      0      0 ] [ 0 ],drive [ 90 ] [ 1 ] [ 1833 1445 1884 ] [   30   38   18 ] [   4867  16246  12745 ] [ 0 ],1.10,1.10,1.10,1.10,-64.65,81.58,0.00,0.50,0.50,0.50,0.50,0.00,0.00,0.00,0.00,0.00,0.00,0.50,0.00,-0.00,0.00,0
0.857752,-61,74,413,0,DRIVE [ 91 ] [ 1 ] [ 1838 1384 1884 ] [    0    0    0 ] [      0      0      0 ] [ 0 ],drive [ 91 ] [ 1 ] [ 1835 1416 1884 ] [   30   38   18 ] [   4996  16249  12745 ] [ 0 ],1.10,1.10,1.10,1.10,-67.19,81.21,0.00,0.50,0.50,0.50,0.50,0.00,0.00,0.00,0.00,0.00,0.00,0.50,0.00,-0.00,0.00,0
0.871521,-65,74,405,0,DRIVE [ 92 ] [ 1 ] [ 1842 1340 1884 ] [    0    0    0 ] [      0      0      0 ] [ 0 ],drive [ 91 ] [ 1 ] [ 1838 1384 1884 ] [   35   47   20 ] [   4996  16249  12745 ] [ 0 ],1.10,1.10,1.10,1.10,-71.22,81.27,0.00,0.50,0.50,0.50,0.50,0.00,0.00,0.00,0.00,0.00,0.00,0.50,0.00,-0.00,0.00,0
0.885119,-68,74,397,0,DRIVE [ 92 ] [ 1 ] [ 1847 1298 1884 ] [    0    0    0 ] [      0      0      0 ] [ 0 ],drive [ 92 ] [ 1 ] [ 1842 1340 1884 ] [   35   47   20 ] [   4996  16249  12745 ] [ 0 ],1.10,1.10,1.10,1.10,-74.85,81.11,0.00,0.50,0.50,0.50,0.50,0.00,0.00,0.00,0.00,0.00,0.00,0.50,0.00,-0.00,0.00,0
0.898749,-71,74,389,0,DRIVE [ 93 ] [ 1 ] [ 1852 1256 1884 ] [    0    0    0 ] [      0      0      0 ] [ 0 ],drive [ 92 ] [ 1 ] [ 1847 1298 1884 ] [   35   47   20 ] [   5021  16397  12742 ] [ 0 ],1.10,1.10,1.10,1.10,-78.13,80.87,0.00,0.50,0.50,0.50,0.50,0.00,0.00,0.00,0.00,0.00,0.00,0.50,0.00,-0.00,0.00,0
0.912256,-74,73,382,0,DRIVE [ 93 ] [ 1 ] [ 1855 1215 1884 ] [    0    0    0 ] [      0      0      0 ] [ 0 ],drive [ 93 ] [ 1 ] [ 1852 1256 1884 ] [   34   65   18 ] [   5021  16397  12742 ] [ 0 ],1.10,1.10,1.10,1.10,-80.88,80.79,0.00,0.50,0.50,0.50,0.50,0.00,0.00,0.00,0.00,0.00,0.00,0.50,0.00,-0.00,0.00,0
0.924968,-76,74,374,0,DRIVE [ 94 ] [ 1 ] [ 1857 1173 1884 ] [    0    0    0 ] [      0      0      0 ] [ 0 ],drive [ 93 ] [ 1 ] [ 1855 1215 1884 ] [   34   65   18 ] [   5021  16397  12742 ] [ 0 ],1.10,1.10,1.10,1.10,-83.46,81.15,0.00,0.50,0.50,0.50,0.50,0.00,0.00,0.00,0.00,0.00,0.00,0.50,0.00,-0.00,0.00,0
0.938226,-77,74,366,0,DRIVE [ 94 ] [ 1 ] [ 1858 1136 1884 ] [    0    0    0 ] [      0      0      0 ] [ 0 ],drive [ 94 ] [ 1 ] [ 1857 1173 1884 ] [   34   65   18 ] [   5021  16397  12742 ] [ 0 ],1.10,1.10,1.10,1.10,-84.87,81.16,0.00,0.50,0.50,0.50,0.50,0.00,0.00,0.00,0.00,0.00,0.00,0.50,0.00,-0.00,0.00,0
0.951427,-78,74,359,0,DRIVE [ 95 ] [ 1 ] [ 1857 1102 1884 ] [    0    0    0 ] [      0      0      0 ] [ 0 ],drive [ 94 ] [ 1 ] [ 1858 1136 1884 ] [   34   65   18 ] [   5020  16569  12741 ] [ 0 ],1.10,1.10,1.10,1.10,-85.98,81.66,0.00,0.50,0.50,0.50,0.50,0.00,0.00,0.00,0.00,0.00,0.00,0.50,0.00,-0.00,0.00,0
0.964553,-79,75,353,0,DRIVE [ 95 ] [ 1 ] [ 1854 1068 1884 ] [    0    0    0 ] [      0      0      0 ] [ 0 ],drive [ 95 ] [ 1 ] [ 1857 1102 1884 ] [   33   88   17 ] [   5020  16569  12741 ] [ 0 ],1.10,1.10,1.10,1.10,-87.17,82.71,0.00,0.50,0.50,0.50,0.50,0.00,0.00,0.00,0.00,0.00,0.00,0.50,0.00,-0.00,0.00,0
0.977753,-80,76,347,0,DRIVE [ 96 ] [ 1 ] [ 1851 1032 1884 ] [    0    0    0 ] [      0      0      0 ] [ 0 ],drive [ 95 ] [ 1 ] [ 1854 1068 1884 ] [   33   88   17 ] [   5020  16569  12741 ] [ 0 ],1.10,1.10,1.10,1.10,-88.37,84.02,0.00,0.50,0.50,0.50,0.50,0.00,0.00,0.00,0.00,0.00,0.00,0.50,0.00,0.00,0.00,0
0.990205,-81,77,339,0,DRIVE [ 96 ] [ 1 ] [ 1847 1025 1884 ] [    0    0    0 ] [      0      0      0 ] [ 0 ],drive [ 96 ] [ 1 ] [ 1851 1032 1884 ] [   33   88   17 ] [   5020  16569  12741 ] [ 0 ],1.10,1.10,1.10,1.10,-88.84,84.75,0.00,0.50,0.50,0.50,0.50,0.00,0.00,0.00,0.00,0.00,0.00,0.50,0.00,0.00,0.00,0
1.00329,-80,78,329,0,DRIVE [ 97 ] [ 1 ] [ 1839 1025 1884 ] [    0    0    0 ] [      0      0      0 ] [ 0 ],drive [ 96 ] [ 1 ] [ 1847 1025 1884 ] [   33   88   17 ] [   5019  16922  12740 ] [ 0 ],1.10,1.10,1.10,1.10,-88.52,85.80,0.00,0.50,0.50,0.50,0.50,0.00,0.00,0.00,0.00,0.00,0.00,0.50,0.00,0.00,0.00,0
1.01619,-80,79,320,0,DRIVE [ 97 ] [ 1 ] [ 1830 1025 1884 ] [    0    0    0 ] [      0      0      0 ] [ 0 ],drive [ 97 ] [ 1 ] [ 1839 1025 1884 ] [   33  104    5 ] [   5019  16922  12740 ] [ 0 ],1.10,1.10,1.10,1.10,-88.12,87.20,0.00,0.50,0.50,0.50,0.50,0.00,0.00,0.00,0.00,0.00,0.00,0.50,0.00,0.00,0.00,0
1.02905,-79,80,312,0,DRIVE [ 98 ] [ 1 ] [ 1821 1025 1884 ] [    0    0    0 ] [      0      0      0 ] [ 0 ],drive [ 97 ] [ 1 ] [ 1830 1025 1884 ] [   33  104    5 ] [   5019  16922  12740 ] [ 0 ],1.10,1.10,1.10,1.10,-87.07,88.24,0.00,0.50,0.50,0.50,0.50,0.00,0.00,0.00,0.00,0.00,0.00,0.50,0.00,0.00,0.00,0
1.04126,-79,81,307,0,DRIVE [ 98 ] [ 1 ] [ 1812 1025 1884 ] [    0    0    0 ] [      0      0      0 ] [ 0 ],drive [ 98 ] [ 1 ] [ 1821 1025 1884 ] [   33  104    5 ] [   5019  16922  12740 ] [ 0 ],1.10,1.10,1.10,1.10,-86.37,89.57,0.00,0.50,0.50,0.50,0.50,0.00,0.00,0.00,0.00,0.00,0.00,0.50,0.00,0.00,0.00,0
1.05406,-77,82,300,0,DRIVE [ 99 ] [ 1 ] [ 1805 1025 1884 ] [    0    0    0 ] [      0      0      0 ] [ 0 ],drive [ 98 ] [ 1 ] [ 1812 1025 1884 ] [   33  104    5 ] [   5021  17309  12637 ] [ 0 ],1.10,1.10,1.10,1.10,-85.12,89.94,0.00,0.50,0.50,0.50,0.50,0.00,0.00,0.00,0.00,0.00,0.00,0.50,0.00,0.00,0.00,0
1.06675,-76,82,294,0,DRIVE [ 99 ] [ 1 ] [ 1800 1025 1884 ] [    0    0    0 ] [      0      0      0 ] [ 0 ],drive [ 99 ] [ 1 ] [ 1805 1025 1884 ] [   37  101   20 ] [   5021  17309  12637 ] [ 0 ],1.10,1.10,1.10,1.10,-84.00,89.93,0.00,0.50,0.50,0.50,0.50,0.00,0.00,0.00,0.00,0.00,0.00,0.50,0.00,0.00,0.00,0
1.07942,-76,81,289,0,DRIVE [ 00 ] [ 1 ] [ 1798 1025 1884 ] [    0    0    0 ] [      0      0      0 ] [ 0 ],drive [ 99 ] [ 1 ] [ 1800 1025 1884 ] [   37  101   20 ] [   5021  17309  12637 ] [ 0 ],1.10,1.10,1.10,1.10,-83.85,89.58,0.00,0.50,0.50,0.50,0.50,0.00,0.00,0.00,0.00,0.00,0.00,0.50,0.00,0.00,0.00,0
1.09144,-76,81,282,0,DRIVE [ 00 ] [ 1 ] [ 1799 1025 1884 ] [    0    0    0 ] [      0      0      0 ] [ 0 ],drive [ 00 ] [ 1 ] [ 1798 1025 1884 ] [   37  101   20 ] [   5021  17309  12637 ] [ 0 ],1.10,1.10,1.10,1.10,-83.64,88.65,0.00,0.50,0.50,0.50,0.50,0.00,0.00,0.00,0.00,0.00,0.00,0.50,0.00,0.00,0.00,0
1.10407,-76,80,276,0,DRIVE [ 01 ] [ 1 ] [ 1801 1025 1884 ] [    0    0    0 ] [      0      0      0 ] [ 0 ],drive [ 00 ] [ 1 ] [ 1799 1025 1884 ] [   37  101   20 ] [   5116  17577  12618 ] [ 0 ],1.10,1.10,1.10,1.10,-83.78,87.67,0.00,0.50,0.50,0.50,0.50,0.00,0.00,0.00,0.00,0.00,0.00,0.50,0.00,-0.00,0.00,0
1.11634,-76,78,271,0,DRIVE [ 01 ] [ 1 ] [ 1806 1025 1884 ] [    0    0    0 ] [      0      0      0 ] [ 0 ],drive [ 01 ] [ 1 ] [ 1801 1025 1884 ] [   28   89   14 ] [   5116  17577  12618 ] [ 0 ],1.10,1.10,1.10,1.10,-84.09,86.28,0.00,0.50,0.50,0.50,0.50,0.00,0.00,0.00,0.00,0.00,0.00,0.50,0.00,-0.00,0.00,0
1.12805,-77,76,265,0,DRIVE [ 02 ] [ 1 ] [ 1814 1025 1884 ] [    0    0    0 ] [      0      0      0 ] [ 0 ],drive [ 01 ] [ 1 ] [ 1806 1025 1884 ] [   28   89   14 ] [   5116  17577  12618 ] [ 0 ],1.10,1.10,1.10,1.10,-84.27,84.10,0.00,0.50,0.50,0.50,0.50,0.00,0.00,0.00,0.00,0.00,0.00,0.50,0.00,-0.00,0.00,0
1.14019,-77,74,261,0,DRIVE [ 02 ] [ 1 ] [ 1825 1025 1884 ] [    0    0    0 ] [      0      0      0 ] [ 0 ],drive [ 02 ] [ 1 ] [ 1814 1025 1884 ] [   28   89   14 ] [   5116  17577  12618 ] [ 0 ],1.10,1.10,1.10,1.10,-84.61,81.64,0.00,0.50,0.50,0.50,0.50,0.00,0.00,0.00,0.00,0.00,0.00,0.50,0.00,-0.00,0.00,0
1.15256,-77,72,258,0,DRIVE [ 03 ] [ 1 ] [ 1837 1025 1884 ] [    0    0    0 ] [      0      0      0 ] [ 0 ],drive [ 02 ] [ 1 ] [ 1825 1025 1884 ] [   28   89   14 ] [   5126  17915  12432 ] [ 0 ],1.10,1.10,1.10,1.10,-85.02,78.90,0.00,0.50,0.50,0.50,0.50,0.00,0.00,0.00,0.00,0.00,0.00,0.50,0.00,-0.00,0.00,0
1.16495,-77,69,254,0,DRIVE [ 03 ] [ 1 ] [ 1851 1025 1884 ] [    0    0    0 ] [      0      0      0 ] [ 0 ],drive [ 03 ] [ 1 ] [ 1837 1025 1884 ] [   25   91   25 ] [   5126  17915  12432 ] [ 0 ],1.10,1.10,1.10,1.10,-84.70,75.43,0.00,0.50,0.50,0.50,0.50,0.00,0.00,0.00,0.00,0.00,0.00,0.50,0.00,-0.00,0.00,0
1.17715,-76,65,251,0,DRIVE [ 04 ] [ 1 ] [ 1864 1025 1884 ] [    0    0    0 ] [      0      0      0 ] [ 0 ],drive [ 03 ] [ 1 ] [ 1851 1025 1884 ] [   25   91   25 ] [   5126  17915  12432 ] [ 0 ],1.10,1.10,1.10,1.10,-83.87,71.90,0.00,0.50,0.50,0.50,0.50,0.00,0.00,0.00,0.00,0.00,0.00,0.50,0.00,-0.00,0.00,0
1.18875,-75,62,247,0,DRIVE [ 04 ] [ 1 ] [ 1874 1025 1884 ] [    0    0    0 ] [      0      0      0 ] [ 0 ],drive [ 04 ] [ 1 ] [ 1864 1025 1884 ] [   25   91   25 ] [   5126  17915  12432 ] [ 0 ],1.10,1.10,1.10,1.10,-82.23,68.45,0.00,0.50,0.50,0.50,0.50,0.00,0.00,0.00,0.00,0.00,0.00,0.50,0.00,-0.00,0.00,0
1.20136,-72,59,243,0,DRIVE [ 05 ] [ 1 ] [ 1878 1025 1884 ] [    0    0    0 ] [      0      0      0 ] [ 0 ],drive [ 04 ] [ 1 ] [ 1874 1025 1884 ] [   25   91   25 ] [   5111  17963  12415 ] [ 0 ],1.10,1.10,1.10,1.10,-79.42,65.35,0.00,0.50,0.50,0.50,0.50,0.00,0.00,0.00,0.00,0.00,0.00,0.50,0.00,-0.00,0.00,0
1.21382,-70,57,239,0,DRIVE [ 05 ] [ 1 ] [ 1880 1025 1884 ] [    0    0    0 ] [      0      0      0 ] [ 0 ],drive [ 05 ] [ 1 ] [ 1878 1025 1884 ] [    4   91   25 ] [   5111  17963  12415 ] [ 0 ],1.10,1.10,1.10,1.10,-76.64,62.92,0.00,0.50,0.50,0.50,0.50,0.00,0.00,0.00,0.00,0.00,0.00,0.50,0.00,-0.00,0.00,0
1.22658,-67,55,234,0,DRIVE [ 06 ] [ 1 ] [ 1877 1025 1884 ] [    0    0    0 ] [      0      0      0 ] [ 0 ],drive [ 05 ] [ 1 ] [ 1880 1025 1884 ] [    4   91   25 ] [   5111  17963  12415 ] [ 0 ],1.10,1.10,1.10,1.10,-73.43,61.01,0.00,0.50,0.50,0.50,0.50,0.00,0.00,0.00,0.00,0.00,0.00,0.50,0.00,-0.00,0.00,0
1.23854,-64,54,230,0,DRIVE [ 06 ] [ 1 ] [ 1870 1025 1884 ] [    0    0    0 ] [      0      0      0 ] [ 0 ],drive [ 06 ] [ 1 ] [ 1877 1025 1884 ] [    4   91   25 ] [   5111  17963  12415 ] [ 0 ],1.10,1.10,1.10,1.10,-70.07,59.81,0.00,0.50,0.50,0.50,0.50,0.00,0.00,0.00,0.00,0.00,0.00,0.50,0.00,-0.00,0.00,0
1.25097,-60,54,225,0,DRIVE [ 07 ] [ 1 ] [ 1859 1025 1884 ] [    0    0    0 ] [      0      0      0 ] [ 0 ],drive [ 06 ] [ 1 ] [ 1870 1025 1884 ] [    4   91   25 ] [   5096  17963  12415 ] [ 0 ],1.10,1.10,1.10,1.10,-66.04,58.95,0.00,0.50,0.50,0.50,0.50,0.00,0.00,0.00,0.00,0.00,0.00,0.50,0.00,-0.00,0.00,0
1.26366,-56,53,221,0,DRIVE [ 07 ] [ 1 ] [ 1842 1025 1884 ] [    0    0    0 ] [      0      0      0 ] [ 0 ],drive [ 07 ] [ 1 ] [ 1859 1025 1884 ] [    4   91   25 ] [   5096  17963  12415 ] [ 0 ],1.10,1.10,1.10,1.10,-61.68,58.64,0.00,0.50,0.50,0.50,0.50,0.00,0.00,0.00,0.00,0.00,0.00,0.50,0.00,-0.00,0.00,0
1.27548,-52,53,217,0,DRIVE [ 08 ] [ 1 ] [ 1822 1025 1884 ] [    0    0    0 ] [      0      0      0 ] [ 0 ],drive [ 07 ] [ 1 ] [ 1842 1025 1884 ] [    4   91   25 ] [   5096  17963  12415 ] [ 0 ],1.10,1.10,1.10,1.10,-56.98,58.56,0.00,0.50,0.50,0.50,0.50,0.00,0.00,0.00,0.00,0.00,0.00,0.50,0.00,-0.00,0.00,0
1.28907,-47,54,213,0,DRIVE [ 08 ] [ 1 ] [ 1798 1025 1884 ] [    0    0    0 ] [      0      0      0 ] [ 0 ],drive [ 08 ] [ 1 ] [ 1822 1025 1884 ] [    4   91   25 ] [   5096  17963  12415 ] [ 0 ],1.10,1.10,1.10,1.10,-52.02,58.86,0.00,0.50,0.50,0.50,0.50,0.00,0.00,0.00,0.00,0.00,0.00,0.50,0.00,-0.00,0.00,0
1.30205,-43,54,208,0,DRIVE [ 09 ] [ 1 ] [ 1772 1061 1884 ] [    0    0    0 ] [      0      0      0 ] [ 0 ],drive [ 08 ] [ 1 ] [ 1798 1025 1884 ] [    4   91   25 ] [   5103  17963  12395 ] [ 0 ],1.10,1.10,1.10,1.10,-46.82,59.06,0.00,0.50,0.50,0.50,0.50,0.00,0.00,0.00,0.00,0.00,0.00,0.50,0.00,-0.00,0.00,0
1.31825,-38,54,204,0,DRIVE [ 09 ] [ 1 ] [ 1744 1106 1884 ] [    0    0    0 ] [      0      0      0 ] [ 0 ],drive [ 09 ] [ 1 ] [ 1772 1061 1884 ] [   15   91    4 ] [   5103  17963  12395 ] [ 0 ],1.10,1.10,1.10,1.10,-41.59,59.43,0.00,0.50,0.50,0.50,0.50,0.00,0.00,0.00,0.00,0.00,0.00,0.50,0.00,-0.00,0.00,0
1.33122,-32,55,199,0,DRIVE [ 10 ] [ 1 ] [ 1703 1164 1884 ] [    0    0    0 ] [      0      0      0 ] [ 0 ],drive [ 09 ] [ 1 ] [ 1744 1106 1884 ] [   15   91    4 ] [   5103  17963  12395 ] [ 0 ],1.10,1.10,1.10,1.10,-34.81,60.03,0.00,0.50,0.50,0.50,0.50,0.00,0.00,0.00,0.00,0.00,0.00,0.50,0.00,-0.00,0.00,0
1.34513,-26,55,194,0,DRIVE [ 10 ] [ 1 ] [ 1663 1217 1884 ] [    0    0    0 ] [      0      0      0 ] [ 0 ],drive [ 10 ] [ 1 ] [ 1703 1164 1884 ] [   15   91    4 ] [   5171  17962  12225 ] [ 0 ],1.10,1.10,1.10,1.10,-28.39,60.28,0.00,0.50,0.50,0.50,0.50,0.00,0.00,0.00,0.00,0.00,0.00,0.50,0.00,-0.00,0.00,0
1.3575,-20,55,189,0,DRIVE [ 11 ] [ 1 ] [ 1622 1264 1884 ] [    0    0    0 ] [      0      0      0 ] [ 0 ],drive [ 10 ] [ 1 ] [ 1663 1217 1884 ] [   24   71   23 ] [   5171  17962  12225 ] [ 0 ],1.10,1.10,1.10,1.10,-22.41,60.35,0.00,0.50,0.50,0.50,0.50,0.00,0.00,0.00,0.00,0.00,0.00,0.50,0.00,-0.00,0.00,0
1.37135,-15,54,183,0,DRIVE [ 11 ] [ 1 ] [ 1583 1308 1884 ] [    0    0    0 ] [      0      0      0 ] [ 0 ],drive [ 11 ] [ 1 ] [ 1622 1264 1884 ] [   24   71   23 ] [   5171  17962  12225 ] [ 0 ],1.10,1.10,1.10,1.10,-16.83,59.88,0.00,0.50,0.50,0.50,0.50,0.00,0.00,0.00,0.00,0.00,0.00,0.50,0.00,-0.00,0.00,0
1.38394,-11,54,179,0,DRIVE [ 12 ] [ 1 ] [ 1547 1349 1884 ] [    0    0    0 ] [      0      0      0 ] [ 0 ],drive [ 11 ] [ 1 ] [ 1583 1308 1884 ] [   24   71   23 ] [   5171  17962  12225 ] [ 0 ],1.10,1.10,1.10,1.10,-11.95,59.24,0.00,0.50,0.50,0.50,0.50,0.00,0.00,0.00,0.00,0.00,0.00,0.50,0.00,-0.00,0.00,0
1.39743,-7,53,173,0,DRIVE [ 12 ] [ 1 ] [ 1516 1385 1884 ] [    0    0    0 ] [      0      0      0 ] [ 0 ],drive [ 12 ] [ 1 ] [ 1547 1349 1884 ] [   24   71   23 ] [   5714  17939  11954 ] [ 0 ],1.10,1.10,1.10,1.10,-7.67,57.78,0.00,0.50,0.50,0.50,0.50,0.00,0.00,0.00,0.00,0.00,0.00,0.50,0.00,-0.00,0.00,0
1.41042,-4,51,168,0,DRIVE [ 13 ] [ 1 ] [ 1491 1412 1884 ] [    0    0    0 ] [      0      0      0 ] [ 0 ],drive [ 12 ] [ 1 ] [ 1516 1385 1884 ] [   57   54    3 ] [   5714  17939  11954 ] [ 0 ],1.10,1.10,1.10,1.10,-4.50,56.21,0.00,0.50,0.50,0.50,0.50,0.00,0.00,0.00,0.00,0.00,0.00,0.50,0.00,-0.00,0.00,0
1.42244,-2,50,163,0,DRIVE [ 13 ] [ 1 ] [ 1468 1427 1884 ] [    0    0    0 ] [      0      0      0 ] [ 0 ],drive [ 13 ] [ 1 ] [ 1491 1412 1884 ] [   57   54    3 ] [   5714  17939  11954 ] [ 0 ],1.10,1.10,1.10,1.10,-2.23,54.66,0.00,0.50,0.50,0.50,0.50,-0.03,0.49,0.00,0.00,0.00,0.00,0.50,0.00,-0.00,0.00,0
1.43504,-1,48,158,0,DRIVE [ 14 ] [ 1 ] [ 1451 1435 1884 ] [    0    0    0 ] [      0      0      0 ] [ 0 ],drive [ 13 ] [ 1 ] [ 1468 1427 1884 ] [   57   54    3 ] [   5714  17939  11954 ] [ 0 ],1.10,1.10,1.10,1.10,-0.75,53.07,0.00,0.50,0.50,0.50,0.50,-0.05,0.96,0.00,0.00,0.00,0.00,0.50,0.00,-0.00,0.00,0
1.44758,0,47,153,0,DRIVE [ 14 ] [ 1 ] [ 1438 1439 1884 ] [    0    0    0 ] [      0      0      0 ] [ 0 ],drive [ 14 ] [ 1 ] [ 1451 1435 1884 ] [   57   54    3 ] [   6126  17904  11840 ] [ 0 ],1.10,1.10,1.10,1.10,0.15,51.56,0.00,0.50,0.50,0.50,0.50,-0.07,1.42,0.00,0.00,0.00,0.00,0.50,-0.00,-0.00,0.00,0
1.45952,0,45,147,0,DRIVE [ 15 ] [ 1 ] [ 1429 1433 1884 ] [    0    0    0 ] [      0      0      0 ] [ 0 ],drive [ 14 ] [ 1 ] [ 1438 1439 1884 ] [   45   61    8 ] [   6126  17904  11840 ] [ 0 ],1.10,1.10,1.10,1.10,0.33,49.73,0.00,0.50,0.50,0.50,0.50,-0.10,1.86,0.00,0.00,0.00,0.00,0.50,-0.00,-0.00,0.00,0
1.47296,0,44,142,0,DRIVE [ 15 ] [ 1 ] [ 1424 1426 1884 ] [    0    0    0 ] [      0      0      0 ] [ 0 ],drive [ 15 ] [ 1 ] [ 1429 1433 1884 ] [   45   61    8 ] [   6126  17904  11840 ] [ 0 ],1.10,1.10,1.10,1.10,0.26,48.28,0.00,0.50,0.50,0.50,0.50,-0.12,2.30,0.00,0.00,0.00,0.00,0.50,-0.00,-0.00,0.00,0
1.4858,0,43,137,0,DRIVE [ 16 ] [ 1 ] [ 1419 1418 1884 ] [    0    0    0 ] [      0      0      0 ] [ 0 ],drive [ 15 ] [ 1 ] [ 1424 1426 1884 ] [   45   61    8 ] [   6126  17904  11840 ] [ 0 ],1.10,1.10,1.10,1.10,0.08,46.83,0.00,0.50,0.50,0.50,0.50,-0.15,2.72,0.00,0.00,0.00,0.00,0.50,-0.00,-0.00,0.00,0
1.49843,0,41,133,0,DRIVE [ 16 ] [ 1 ] [ 1416 1408 1884 ] [    0    0    0 ] [      0      0      0 ] [ 0 ],drive [ 16 ] [ 1 ] [ 1419 1418 1884 ] [   45   61    8 ] [   6277  17899  11687 ] [ 0 ],1.10,1.10,1.10,1.10,-0.16,45.39,0.00,0.50,0.50,0.50,0.50,-0.18,3.12,0.00,0.00,0.00,0.00,0.50,0.00,-0.00,0.00,0
1.51081,0,40,129,0,DRIVE [ 17 ] [ 1 ] [ 1414 1398 1884 ] [    0    0    0 ] [      0      0      0 ] [ 0 ],drive [ 16 ] [ 1 ] [ 1416 1408 1884 ] [   62   69   12 ] [   6277  17899  11687 ] [ 0 ],1.10,1.10,1.10,1.10,-0.47,44.05,0.00,0.50,0.50,0.50,0.50,-0.21,3.52,0.00,0.00,0.00,0.00,0.50,0.00,-0.00,0.00,0
1.52296,-1,39,124,0,DRIVE [ 17 ] [ 1 ] [ 1416 1388 1884 ] [    0    0    0 ] [      0      0      0 ] [ 0 ],drive [ 17 ] [ 1 ] [ 1414 1398 1884 ] [   62   69   12 ] [   6277  17899  11687 ] [ 0 ],1.10,1.10,1.10,1.10,-0.93,42.51,0.00,0.50,0.50,0.50,0.50,-0.24,3.90,0.00,0.00,0.00,0.00,0.50,0.00,-0.00,0.00,0
1.53532,-2,37,121,0,DRIVE [ 18 ] [ 1 ] [ 1422 1375 1884 ] [    0    0    0 ] [      0      0      0 ] [ 0 ],drive [ 17 ] [ 1 ] [ 1416 1388 1884 ] [   62   69   12 ] [   6277  17899  11687 ] [ 0 ],1.10,1.10,1.10,1.10,-1.67,41.03,0.00,0.50,0.50,0.50,0.50,-0.28,4.27,0.00,0.00,0.00,0.00,0.50,0.00,-0.00,0.00,0
1.54727,-2,36,117,0,DRIVE [ 18 ] [ 1 ] [ 1434 1358 1884 ] [    0    0    0 ] [      0      0      0 ] [ 0 ],drive [ 18 ] [ 1 ] [ 1422 1375 1884 ] [   62   69   12 ] [   6724  17864  11429 ] [ 0 ],1.10,1.10,1.10,1.10,-2.71,39.50,0.00,0.50,0.50,0.50,0.50,-0.34,4.62,0.00,0.00,0.00,0.00,0.50,0.00,-0.00,0.00,0
1.55943,-4,35,114,0,DRIVE [ 19 ] [ 1 ] [ 1450 1336 1884 ] [    0    0    0 ] [      0      0      0 ] [ 0 ],drive [ 18 ] [ 1 ] [ 1434 1358 1884 ] [   55   70    2 ] [   6724  17864  11429 ] [ 0 ],1.10,1.10,1.10,1.10,-4.02,37.98,0.00,0.50,0.50,0.50,0.50,-0.40,4.96,0.00,0.00,0.00,0.00,0.50,0.00,-0.00,0.00,0
1.57106,-5,33,110,0,DRIVE [ 19 ] [ 1 ] [ 1469 1312 1884 ] [    0    0    0 ] [      0      0      0 ] [ 0 ],drive [ 19 ] [ 1 ] [ 1450 1336 1884 ] [   55   70    2 ] [   6724  17864  11429 ] [ 0 ],1.10,1.10,1.10,1.10,-5.42,36.38,0.00,0.50,0.50,0.50,0.50,-0.48,5.29,0.00,0.00,0.00,0.00,0.50,0.00,-0.00,0.00,0
1.58306,-6,31,106,0,DRIVE [ 20 ] [ 1 ] [ 1490 1284 1884 ] [    0    0    0 ] [      0      0      0 ] [ 0 ],drive [ 19 ] [ 1 ] [ 1469 1312 1884 ] [   55   70    2 ] [   6724  17864  11429 ] [ 0 ],1.10,1.10,1.10,1.10,-6.89,34.50,0.00,0.50,0.50,0.50,0.50,-0.57,5.59,0.00,0.00,0.00,0.00,0.50,0.00,-0.00,0.00,0
1.59455,-7,30,102,0,DRIVE [ 20 ] [ 1 ] [ 1506 1256 1884 ] [    0    0    0 ] [      0      0      0 ] [ 0 ],drive [ 20 ] [ 1 ] [ 1490 1284 1884 ] [   55   70    2 ] [   6841  17864  11331 ] [ 0 ],1.10,1.10,1.10,1.10,-8.04,32.93,0.00,0.50,0.50,0.50,0.50,-0.67,5.89,0.00,0.00,0.00,0.00,0.50,0.00,-0.00,0.00,0
1.60643,-8,29,99,0,DRIVE [ 21 ] [ 1 ] [ 1518 1228 1884 ] [    0    0    0 ] [      0      0      0 ] [ 0 ],drive [ 20 ] [ 1 ] [ 1506 1256 1884 ] [   55   70    2 ] [   6841  17864  11331 ] [ 0 ],1.10,1.10,1.10,1.10,-8.95,31.65,0.00,0.50,0.50,0.50,0.50,-0.77,6.18,0.00,0.00,0.00,0.00,0.50,0.00,-0.00,0.00,0
1.61828,-9,28,95,0,DRIVE [ 21 ] [ 1 ] [ 1525 1200 1884 ] [    0    0    0 ] [      0      0      0 ] [ 0 ],drive [ 21 ] [ 1 ] [ 1518 1228 1884 ] [   66   80   20 ] [   6841  17864  11331 ] [ 0 ],1.10,1.10,1.10,1.10,-9.66,30.60,0.00,0.50,0.50,0.50,0.50,-0.87,6.46,0.00,0.00,0.00,0.00,0.50,0.00,-0.00,0.00,0
1.63,-9,27,92,0,DRIVE [ 22 ] [ 1 ] [ 1527 1173 1884 ] [    0    0    0 ] [      0      0      0 ] [ 0 ],drive [ 21 ] [ 1 ] [ 1525 1200 1884 ] [   66   80   20 ] [   6841  17864  11331 ] [ 0 ],1.10,1.10,1.10,1.10,-10.11,29.79,0.00,0.50,0.50,0.50,0.50,-0.97,6.73,0.00,0.00,0.00,0.00,0.50,0.00,-0.00,0.00,0
1.64265,-9,27,89,0,DRIVE [ 22 ] [ 1 ] [ 1524 1149 1884 ] [    0    0    0 ] [      0      0      0 ] [ 0 ],drive [ 22 ] [ 1 ] [ 1527 1173 1884 ] [   66   80   20 ] [   6841  17864  11331 ] [ 0 ],1.10,1.10,1.10,1.10,-10.33,29.17,0.00,0.50,0.50,0.50,0.50,-1.08,7.00,0.00,0.00,0.00,0.00,0.50,0.00,-0.00,0.00,0
1.65359,-10,26,86,0,DRIVE [ 23 ] [ 1 ] [ 1520 1124 1884 ] [    0    0    0 ] [      0      0      0 ] [ 0 ],drive [ 22 ] [ 1 ] [ 1524 1149 1884 ] [   66   80   20 ] [   6837  17880  11263 ] [ 0 ],1.10,1.10,1.10,1.10,-10.50,28.62,0.00,0.50,0.50,0.50,0.50,-1.18,7.27,0.00,0.00,0.00,0.00,0.50,0.00,-0.00,0.00,0
1.66526,-10,26,84,0,DRIVE [ 23 ] [ 1 ] [ 1517 1097 1884 ] [    0    0    0 ] [      0      0      0 ] [ 0 ],drive [ 23 ] [ 1 ] [ 1520 1124 1884 ] [   66   88   18 ] [   6837  17880  11263 ] [ 0 ],1.10,1.10,1.10,1.10,-10.73,28.13,0.00,0.50,0.50,0.50,0.50,-1.29,7.53,0.00,0.00,0.00,0.00,0.50,0.00,-0.00,0.00,0
1.67679,-10,25,81,0,DRIVE [ 24 ] [ 1 ] [ 1516 1068 1884 ] [    0    0    0 ] [      0      0      0 ] [ 0 ],drive [ 23 ] [ 1 ] [ 1517 1097 1884 ] [   66   88   18 ] [   6837  17880  11263 ] [ 0 ],1.10,1.10,1.10,1.10,-11.08,27.56,0.00,0.50,0.50,0.50,0.50,-1.40,7.78,0.00,0.00,0.00,0.00,0.50,0.00,-0.00,0.00,0
1.68786,-11,24,79,0,DRIVE [ 24 ] [ 1 ] [ 1522 1033 1884 ] [    0    0    0 ] [      0      0      0 ] [ 0 ],drive [ 24 ] [ 1 ] [ 1516 1068 1884 ] [   66   88   18 ] [   6837  17880  11263 ] [ 0 ],1.10,1.10,1.10,1.10,-11.69,26.88,0.00,0.50,0.50,0.50,0.50,-1.52,8.03,0.00,0.00,0.00,0.00,0.50,0.00,-0.00,0.00,0
1.6992,-11,24,77,0,DRIVE [ 25 ] [ 1 ] [ 1534 1025 1884 ] [    0    0    0 ] [      0      0      0 ] [ 0 ],drive [ 24 ] [ 1 ] [ 1522 1033 1884 ] [   66   88   18 ] [   7048  17900  11043 ] [ 0 ],1.10,1.10,1.10,1.10,-12.60,26.13,0.00,0.50,0.50,0.50,0.50,-1.64,8.27,0.00,0.00,0.00,0.00,0.50,0.00,-0.00,0.00,0
1.71007,-13,23,74,0,DRIVE [ 25 ] [ 1 ] [ 1554 1025 1884 ] [    0    0    0 ] [      0      0      0 ] [ 0 ],drive [ 25 ] [ 1 ] [ 1534 1025 1884 ] [   58   96   26 ] [   7048  17900  11043 ] [ 0 ],1.10,1.10,1.10,1.10,-13.84,25.21,0.00,0.50,0.50,0.50,0.50,-1.79,8.50,0.00,0.00,0.00,0.00,0.50,0.00,-0.00,0.00,0
1.72036,-14,22,72,0,DRIVE [ 26 ] [ 1 ] [ 1583 1025 1884 ] [    0    0    0 ] [      0      0      0 ] [ 0 ],drive [ 25 ] [ 1 ] [ 1554 1025 1884 ] [   58   96   26 ] [   7048  17900  11043 ] [ 0 ],1.10,1.10,1.10,1.10,-15.44,24.15,0.00,0.50,0.50,0.50,0.50,-1.94,8.72,0.00,0.00,0.00,0.00,0.50,0.00,-0.00,0.00,0
1.73098,-14,22,72,0,DRIVE [ 26 ] [ 1 ] [ 1613 1025 1884 ] [    0    0    0 ] [      0      0      0 ] [ 0 ],drive [ 26 ] [ 1 ] [ 1583 1025 1884 ] [   58   96   26 ] [   7048  17900  11043 ] [ 0 ],1.10,1.10,1.10,1.10,-13.90,21.74,0.00,0.50,0.50,0.50,0.50,-1.75,7.85,0.00,0.00,0.00,0.00,0.50,0.00,-0.00,0.00,0
1.74171,-14,22,72,0,DRIVE [ 27 ] [ 1 ] [ 1641 1055 1884 ] [    0    0    0 ] [      0      0      0 ] [ 0 ],drive [ 26 ] [ 1 ] [ 1613 1025 1884 ] [   58   96   26 ] [   7319  17905  10782 ] [ 0 ],1.10,1.10,1.10,1.10,-12.51,19.57,0.00,0.50,0.50,0.50,0.50,-1.57,7.06,0.00,0.00,0.00,0.00,0.50,0.00,-0.00,0.00,0
1.75169,-14,22,72,0,DRIVE [ 27 ] [ 1 ] [ 1667 1135 1884 ] [    0    0    0 ] [      0      0      0 ] [ 0 ],drive [ 27 ] [ 1 ] [ 1641 1055 1884 ] [   58   96   26 ] [   7319  17905  10782 ] [ 0 ],1.10,1.10,1.10,1.10,-11.25,17.61,0.00,0.50,0.50,0.50,0.50,-1.42,6.36,0.00,0.00,0.00,0.00,0.50,0.00,-0.00,0.00,0
1.76208,-14,22,72,0,DRIVE [ 28 ] [ 1 ] [ 1691 1208 1884 ] [    0    0    0 ] [      0      0      0 ] [ 0 ],drive [ 27 ] [ 1 ] [ 1667 1135 1884 ] [   53   96   25 ] [   7319  17905  10782 ] [ 0 ],1.10,1.10,1.10,1.10,-10.13,15.85,0.00,0.50,0.50,0.50,0.50,-1.28,5.72,0.00,0.00,0.00,0.00,0.50,0.00,-0.00,0.00,0
1.77323,-14,22,72,0,DRIVE [ 28 ] [ 1 ] [ 1713 1276 1884 ] [    0    0    0 ] [      0      0      0 ] [ 0 ],drive [ 28 ] [ 1 ] [ 1691 1208 1884 ] [   53   96   25 ] [   7319  17905  10782 ] [ 0 ],1.10,1.10,1.10,1.10,-9.12,14.26,0.00,0.50,0.50,0.50,0.50,-1.15,5.15,0.00,0.00,0.00,0.00,0.50,0.00,-0.00,0.00,0
1.78519,-14,22,72,0,DRIVE [ 29 ] [ 1 ] [ 1733 1337 1884 ] [    0    0    0 ] [      0      0      0 ] [ 0 ],drive [ 28 ] [ 1 ] [ 1713 1276 1884 ] [   53   96   25 ] [   7319  17905  10782 ] [ 0 ],1.10,1.10,1.10,1.10,-8.20,12.84,0.00,0.50,0.50,0.50,0.50,-1.03,4.63,0.00,0.00,0.00,0.00,0.50,0.00,-0.00,0.00,0
1.79516,-14,22,72,0,DRIVE [ 29 ] [ 1 ] [ 1752 1394 1884 ] [    0    0    0 ] [      0      0      0 ] [ 0 ],drive [ 29 ] [ 1 ] [ 1733 1337 1884 ] [   53   96   25 ] [   7310  17881  10526 ] [ 0 ],1.10,1.10,1.10,1.10,-7.38,11.55,0.00,0.50,0.50,0.50,0.50,-0.93,4.17,0.00,0.00,0.00,0.00,0.50,0.00,-0.00,0.00,0
1.80472,-14,22,72,0,DRIVE [ 30 ] [ 1 ] [ 1769 1445 1884 ] [    0    0    0 ] [      0      0      0 ] [ 0 ],drive [ 29 ] [ 1 ] [ 1752 1394 1884 ] [   46   55   23 ] [   7310  17881  10526 ] [ 0 ],1.10,1.10,1.10,1.10,-6.65,10.40,0.00,0.50,0.50,0.50,0.50,-0.84,3.75,0.00,0.00,0.00,0.00,0.50,0.00,-0.00,0.00,0
1.81474,-14,22,72,0,DRIVE [ 30 ] [ 1 ] [ 1784 1492 1884 ] [    0    0    0 ] [      0      0      0 ] [ 0 ],drive [ 30 ] [ 1 ] [ 1769 1445 1884 ] [   46   55   23 ] [   7310  17881  10526 ] [ 0 ],1.10,1.10,1.10,1.10,-5.98,9.36,0.00,0.50,0.50,0.50,0.50,-0.75,3.38,0.00,0.00,0.00,0.00,0.50,0.00,-0.00,0.00,0
1.82445,-14,22,72,0,DRIVE [ 31 ] [ 1 ] [ 1798 1534 1884 ] [    0    0    0 ] [      0      0      0 ] [ 0 ],drive [ 30 ] [ 1 ] [ 1784 1492 1884 ] [   46   55   23 ] [   7310  17881  10526 ] [ 0 ],1.10,1.10,1.10,1.10,-5.38,8.42,0.00,0.50,0.50,0.50,0.50,-0.68,3.04,0.00,0.00,0.00,0.00,0.50,0.00,-0.00,0.00,0
1.83386,-14,22,72,0,DRIVE [ 31 ] [ 1 ] [ 1810 1573 1884 ] [    0    0    0 ] [      0      0      0 ] [ 0 ],drive [ 31 ] [ 1 ] [ 1798 1534 1884 ] [   46   55   23 ] [   7310  17881  10526 ] [ 0 ],1.10,1.10,1.10,1.10,-4.84,7.58,0.00,0.50,0.50,0.50,0.50,-0.61,2.74,0.00,0.00,0.00,0.00,0.50,0.00,-0.00,0.00,0
1.84373,-14,22,72,0,DRIVE [ 32 ] [ 1 ] [ 1822 1608 1884 ] [    0    0    0 ] [      0      0      0 ] [ 0 ],drive [ 31 ] [ 1 ] [ 1810 1573 1884 ] [   46   55   23 ] [   7308  17394  10118 ] [ 0 ],1.10,1.10,1.10,1.10,-4.36,6.82,0.00,0.50,0.50,0.50,0.50,-0.55,2.46,0.00,0.00,0.00,0.00,0.50,0.00,-0.00,0.00,0
1.85315,-14,22,72,0,DRIVE [ 32 ] [ 1 ] [ 1832 1639 1884 ] [    0    0    0 ] [      0      0      0 ] [ 0 ],drive [ 32 ] [ 1 ] [ 1822 1608 1884 ] [   46   55   23 ] [   7308  17394  10118 ] [ 0 ],1.10,1.10,1.10,1.10,-3.92,6.14,0.00,0.50,0.50,0.50,0.50,-0.49,2.22,0.00,0.00,0.00,0.00,0.50,0.00,-0.00,0.00,0
1.86323,-14,22,72,1,DRIVE [ 33 ] [ 1 ] [ 1841 1667 1884 ] [    0    0    0 ] [      0      0      0 ] [ 0 ],drive [ 32 ] [ 1 ] [ 1832 1639 1884 ] [   36   31   11 ] [   7308  17394  10118 ] [ 0 ],1.10,1.10,1.10,1.10,-3.53,5.53,0.00,0.50,0.50,0.50,0.50,-0.44,1.99,0.00,0.00,0.00,0.00,0.50,0.00,-0.00,0.00,0
