timestamp,Xmm,Ymm,Zmm,TouchDetected,OutgoingPacket,IncomingPacket,GainPropAb, GainPropAd, GainPropFl, GainPropEx,PropA, PropB, PropC,GainIntegAb, GainIntegAd, GainIntegFl, GainIntegEx,IntegA, IntegB, IntegC,GainDerivAb, GainDerivAd, GainDerivFl, GainDerivEx,DerivA, DerivB, DerivC,Heading5
1.39897,84,10,688,1,DRIVE [ 50 ] [ 1 ] [ 1678 1911 1549 ] [    0    0    0 ] [      0      0      0 ] [ 0 ],drive [ 50 ] [ 1 ] [ 1651 1911 1512 ] [   43   18   67 ] [   5993  15560  12803 ] [ 0 ],1.10,1.10,1.10,1.10,9.84,-5.24,0.00,0.50,0.50,0.50,0.50,-0.28,-1.95,0.00,0.00,0.00,0.00,0.50,0.00,0.00,0.00,0
0.00145027,84,10,688,0,DRIVE [ 05 ] [ 1 ] [ 1926 1875 1885 ] [    0    0    0 ] [      0      0      0 ] [ 0 ],drive [ 05 ] [ 1 ] [ 1679 1875 1813 ] [   57   21   18 ] [   6965  14083  14597 ] [ 0 ],1.10,1.10,1.10,1.10,67.07,7.94,0.00,0.50,0.50,0.50,0.50,0.00,0.00,0.00,0.00,0.00,0.00,0.50,-0.00,-0.00,0.00,0
0.0196924,84,10,688,0,DRIVE [ 06 ] [ 1 ] [ 1926 1875 1885 ] [    0    0    0 ] [      0      0      0 ] [ 0 ],drive [ 05 ] [ 1 ] [ 1926 1875 1885 ] [   57   21   18 ] [   6439  14229  14563 ] [ 0 ],1.10,1.10,1.10,1.10,60.37,7.15,0.00,0.50,0.50,0.50,0.50,0.00,0.00,0.00,0.00,0.00,0.00,0.50,-0.00,-0.00,0.00,0
0.0347524,91,-20,716,0,DRIVE [ 06 ] [ 1 ] [ 1921 1875 1882 ] [    0    0    0 ] [      0      0      0 ] [ 0 ],drive [ 06 ] [ 1 ] [ 1926 1875 1885 ] [   21   24   10 ] [   6439  14229  14563 ] [ 0 ],1.10,1.10,1.10,1.10,99.86,-22.05,0.00,0.50,0.50,0.50,0.50,0.00,0.00,0.00,0.00,0.00,0.00,0.50,0.00,0.00,0.00,0
0.0493248,91,-20,716,0,DRIVE [ 07 ] [ 1 ] [ 1921 1875 1882 ] [    0    0    0 ] [      0      0      0 ] [ 0 ],drive [ 06 ] [ 1 ] [ 1921 1875 1882 ] [   21   24   10 ] [   6439  14229  14563 ] [ 0 ],1.10,1.10,1.10,1.10,89.88,-19.85,0.00,0.50,0.50,0.50,0.50,0.00,0.00,0.00,0.00,0.00,0.00,0.50,0.00,0.00,0.00,0
0.0641907,86,-16,681,0,DRIVE [ 07 ] [ 1 ] [ 1913 1875 1878 ] [    0    0    0 ] [      0      0      0 ] [ 0 ],drive [ 07 ] [ 1 ] [ 1921 1875 1882 ] [   21   24   10 ] [   5312  14273  14495 ] [ 0 ],1.10,1.10,1.10,1.10,94.59,-17.32,0.00,0.50,0.50,0.50,0.50,0.00,0.00,0.00,0.00,0.00,0.00,0.50,-0.00,0.00,0.00,0
0.0786429,88,-16,692,0,DRIVE [ 08 ] [ 1 ] [ 1909 1875 1875 ] [    0    0    0 ] [      0      0      0 ] [ 0 ],drive [ 07 ] [ 1 ] [ 1913 1875 1878 ] [   22   10   21 ] [   5312  14273  14495 ] [ 0 ],1.10,1.10,1.10,1.10,96.26,-17.21,0.00,0.50,0.50,0.50,0.50,0.00,0.00,0.00,0.00,0.00,0.00,0.50,0.00,0.00,0.00,0
0.0926288,90,-15,689,0,DRIVE [ 08 ] [ 1 ] [ 1904 1875 1873 ] [    0    0    0 ] [      0      0      0 ] [ 0 ],drive [ 08 ] [ 1 ] [ 1909 1875 1875 ] [   22   10   21 ] [   5312  14273  14495 ] [ 0 ],1.10,1.10,1.10,1.10,99.48,-16.19,0.00,0.50,0.50,0.50,0.50,0.00,0.00,0.00,0.00,0.00,0.00,0.50,0.00,0.00,0.00,0
0.10707,95,-15,689,0,DRIVE [ 09 ] [ 1 ] [ 1899 1875 1870 ] [    0    0    0 ] [      0      0      0 ] [ 0 ],drive [ 08 ] [ 1 ] [ 1904 1875 1873 ] [   22   10   21 ] [   5312  14273  14495 ] [ 0 ],1.10,1.10,1.10,1.10,104.07,-16.28,0.00,0.50,0.50,0.50,0.50,0.00,0.00,0.00,0.00,0.00,0.00,0.50,0.00,0.00,0.00,0
0.121527,100,-16,696,0,DRIVE [ 09 ] [ 1 ] [ 1893 1875 1867 ] [    0    0    0 ] [      0      0      0 ] [ 0 ],drive [ 09 ] [ 1 ] [ 1899 1875 1870 ] [   22   10   21 ] [   4227  14326  14462 ] [ 0 ],1.10,1.10,1.10,1.10,110.41,-17.20,0.00,0.50,0.50,0.50,0.50,0.00,0.00,0.00,0.00,0.00,0.00,0.50,0.00,0.00,0.00,0
0.136003,-235,42,668,0,DRIVE [ 10 ] [ 1 ] [ 1893 1815 1857 ] [    0    0    0 ] [      0      0      0 ] [ 0 ],drive [ 09 ] [ 1 ] [ 1893 1875 1867 ] [    2   14   21 ] [   4227  14326  14462 ] [ 0 ],1.10,1.10,1.10,1.10,-259.00,46.21,0.00,0.50,0.50,0.50,0.50,0.00,0.00,0.00,0.00,0.00,0.00,0.50,0.00,0.00,0.00,0
0.15107,-229,43,652,0,DRIVE [ 10 ] [ 1 ] [ 1893 1801 1855 ] [    0    0    0 ] [      0      0      0 ] [ 0 ],drive [ 10 ] [ 1 ] [ 1893 1815 1857 ] [    2   14   21 ] [   4227  14326  14462 ] [ 0 ],1.10,1.10,1.10,1.10,-251.82,47.47,0.00,0.50,0.50,0.50,0.50,0.00,0.00,0.00,0.00,0.00,0.00,0.50,0.00,0.00,0.00,0
0.165878,-240,47,676,0,DRIVE [ 11 ] [ 1 ] [ 1893 1785 1851 ] [    0    0    0 ] [      0      0      0 ] [ 0 ],drive [ 10 ] [ 1 ] [ 1893 1801 1855 ] [    2   14   21 ] [   4203  14326  14462 ] [ 0 ],1.10,1.10,1.10,1.10,-264.09,51.42,0.00,0.50,0.50,0.50,0.50,0.00,0.00,0.00,0.00,0.00,0.00,0.50,0.00,0.00,0.00,0
0.182221,-240,47,676,0,DRIVE [ 11 ] [ 1 ] [ 1893 1799 1855 ] [    0    0    0 ] [      0      0      0 ] [ 0 ],drive [ 11 ] [ 1 ] [ 1893 1785 1851 ] [   13   32   22 ] [   4203  14326  14462 ] [ 0 ],1.10,1.10,1.10,1.10,-237.68,46.27,0.00,0.50,0.50,0.50,0.50,0.00,0.00,0.00,0.00,0.00,0.00,0.50,0.00,0.00,0.00,0
0.197585,-241,48,665,0,DRIVE [ 12 ] [ 1 ] [ 1893 1752 1844 ] [    0    0    0 ] [      0      0      0 ] [ 0 ],drive [ 11 ] [ 1 ] [ 1893 1799 1855 ] [   13   32   22 ] [   4203  14326  14462 ] [ 0 ],1.10,1.10,1.10,1.10,-264.84,52.70,0.00,0.50,0.50,0.50,0.50,0.00,0.00,0.00,0.00,0.00,0.00,0.50,0.00,0.00,0.00,0
0.211802,-246,50,666,0,DRIVE [ 12 ] [ 1 ] [ 1893 1733 1840 ] [    0    0    0 ] [      0      0      0 ] [ 0 ],drive [ 12 ] [ 1 ] [ 1893 1752 1844 ] [   13   32   22 ] [   4207  14543  14429 ] [ 0 ],1.10,1.10,1.10,1.10,-270.63,54.50,0.00,0.50,0.50,0.50,0.50,0.00,0.00,0.00,0.00,0.00,0.00,0.50,0.00,0.00,0.00,0
0.226161,-244,49,653,0,DRIVE [ 13 ] [ 1 ] [ 1893 1716 1836 ] [    0    0    0 ] [      0      0      0 ] [ 0 ],drive [ 12 ] [ 1 ] [ 1893 1733 1840 ] [   11   20   28 ] [   4207  14543  14429 ] [ 0 ],1.10,1.10,1.10,1.10,-268.52,54.20,0.00,0.50,0.50,0.50,0.50,0.00,0.00,0.00,0.00,0.00,0.00,0.50,0.00,0.00,0.00,0
0.24082,-243,49,644,0,DRIVE [ 13 ] [ 1 ] [ 1893 1701 1832 ] [    0    0    0 ] [      0      0      0 ] [ 0 ],drive [ 13 ] [ 1 ] [ 1893 1716 1836 ] [   11   20   28 ] [   4207  14543  14429 ] [ 0 ],1.10,1.10,1.10,1.10,-266.77,53.90,0.00,0.50,0.50,0.50,0.50,0.00,0.00,0.00,0.00,0.00,0.00,0.50,0.00,-0.00,0.00,0
0.255283,-242,49,641,0,DRIVE [ 14 ] [ 1 ] [ 1893 1686 1829 ] [    0    0    0 ] [      0      0      0 ] [ 0 ],drive [ 13 ] [ 1 ] [ 1893 1701 1832 ] [   11   20   28 ] [   4207  14543  14429 ] [ 0 ],1.10,1.10,1.10,1.10,-265.70,53.49,0.00,0.50,0.50,0.50,0.50,0.00,0.00,0.00,0.00,0.00,0.00,0.50,0.00,-0.00,0.00,0
0.269983,-241,48,641,0,DRIVE [ 14 ] [ 1 ] [ 1893 1672 1825 ] [    0    0    0 ] [      0      0      0 ] [ 0 ],drive [ 14 ] [ 1 ] [ 1893 1686 1829 ] [   11   20   28 ] [   4206  14836  14346 ] [ 0 ],1.10,1.10,1.10,1.10,-265.32,52.90,0.00,0.50,0.50,0.50,0.50,0.00,0.00,0.00,0.00,0.00,0.00,0.50,0.00,-0.00,0.00,0
0.284399,-242,48,649,0,DRIVE [ 15 ] [ 1 ] [ 1893 1660 1822 ] [    0    0    0 ] [      0      0      0 ] [ 0 ],drive [ 14 ] [ 1 ] [ 1893 1672 1825 ] [   11   23   23 ] [   4206  14836  14346 ] [ 0 ],1.10,1.10,1.10,1.10,-266.31,52.73,0.00,0.50,0.50,0.50,0.50,0.00,0.00,0.00,0.00,0.00,0.00,0.50,0.00,-0.00,0.00,0
0.300287,-239,48,647,0,DRIVE [ 15 ] [ 1 ] [ 1893 1648 1820 ] [    0    0    0 ] [      0      0      0 ] [ 0 ],drive [ 15 ] [ 1 ] [ 1893 1660 1822 ] [   11   23   23 ] [   4206  14836  14346 ] [ 0 ],1.10,1.10,1.10,1.10,-263.00,52.52,0.00,0.50,0.50,0.50,0.50,0.00,0.00,0.00,0.00,0.00,0.00,0.50,0.00,-0.00,0.00,0
0.314453,-238,49,652,0,DRIVE [ 16 ] [ 1 ] [ 1893 1635 1818 ] [    0    0    0 ] [      0      0      0 ] [ 0 ],drive [ 15 ] [ 1 ] [ 1893 1648 1820 ] [   11   23   23 ] [   4206  14872  14236 ] [ 0 ],1.10,1.10,1.10,1.10,-261.63,53.84,0.00,0.50,0.50,0.50,0.50,0.00,0.00,0.00,0.00,0.00,0.00,0.50,0.00,-0.00,0.00,0
0.328772,-232,50,646,0,DRIVE [ 16 ] [ 1 ] [ 1893 1624 1817 ] [    0    0    0 ] [      0      0      0 ] [ 0 ],drive [ 16 ] [ 1 ] [ 1893 1635 1818 ] [   11   28   35 ] [   4206  14872  14236 ] [ 0 ],1.10,1.10,1.10,1.10,-255.49,55.17,0.00,0.50,0.50,0.50,0.50,0.00,0.00,0.00,0.00,0.00,0.00,0.50,0.00,-0.00,0.00,0
0.343529,-228,51,644,0,DRIVE [ 17 ] [ 1 ] [ 1893 1613 1816 ] [    0    0    0 ] [      0      0      0 ] [ 0 ],drive [ 16 ] [ 1 ] [ 1893 1624 1817 ] [   11   28   35 ] [   4206  14872  14236 ] [ 0 ],1.10,1.10,1.10,1.10,-250.59,55.99,0.00,0.50,0.50,0.50,0.50,0.00,0.00,0.00,0.00,0.00,0.00,0.50,0.00,-0.00,0.00,0
0.357091,-222,51,636,0,DRIVE [ 17 ] [ 1 ] [ 1893 1603 1815 ] [    0    0    0 ] [      0      0      0 ] [ 0 ],drive [ 17 ] [ 1 ] [ 1893 1613 1816 ] [   11   28   35 ] [   4206  14872  14236 ] [ 0 ],1.10,1.10,1.10,1.10,-243.87,56.04,0.00,0.50,0.50,0.50,0.50,0.00,0.00,0.00,0.00,0.00,0.00,0.50,0.00,-0.00,0.00,0
0.371292,-217,51,635,0,DRIVE [ 18 ] [ 1 ] [ 1893 1595 1815 ] [    0    0    0 ] [      0      0      0 ] [ 0 ],drive [ 17 ] [ 1 ] [ 1893 1603 1815 ] [   11   28   35 ] [   4206  15079  13978 ] [ 0 ],1.10,1.10,1.10,1.10,-238.93,56.06,0.00,0.50,0.50,0.50,0.50,0.00,0.00,0.00,0.00,0.00,0.00,0.50,0.00,-0.00,0.00,0
0.385247,-212,51,633,0,DRIVE [ 18 ] [ 1 ] [ 1893 1588 1814 ] [    0    0    0 ] [      0      0      0 ] [ 0 ],drive [ 18 ] [ 1 ] [ 1893 1595 1815 ] [   10   42   23 ] [   4206  15079  13978 ] [ 0 ],1.10,1.10,1.10,1.10,-233.53,55.70,0.00,0.50,0.50,0.50,0.50,0.00,0.00,0.00,0.00,0.00,0.00,0.50,0.00,-0.00,0.00,0
0.399212,-212,51,633,0,DRIVE [ 19 ] [ 1 ] [ 1893 1621 1821 ] [    0    0    0 ] [      0      0      0 ] [ 0 ],drive [ 18 ] [ 1 ] [ 1893 1588 1814 ] [   10   42   23 ] [   4206  15079  13978 ] [ 0 ],1.10,1.10,1.10,1.10,-210.18,50.13,0.00,0.50,0.50,0.50,0.50,0.00,0.00,0.00,0.00,0.00,0.00,0.50,0.00,-0.00,0.00,0
0.413173,-201,48,629,0,DRIVE [ 19 ] [ 1 ] [ 1893 1579 1813 ] [    0    0    0 ] [      0      0      0 ] [ 0 ],drive [ 19 ] [ 1 ] [ 1893 1621 1821 ] [   10   42   23 ] [   4206  15195  13781 ] [ 0 ],1.10,1.10,1.10,1.10,-221.03,53.12,0.00,0.50,0.50,0.50,0.50,0.00,0.00,0.00,0.00,0.00,0.00,0.50,0.00,-0.00,0.00,0
0.426831,-191,46,628,0,DRIVE [ 20 ] [ 1 ] [ 1893 1583 1814 ] [    0    0    0 ] [      0      0      0 ] [ 0 ],drive [ 19 ] [ 1 ] [ 1893 1579 1813 ] [   11   36   30 ] [   4206  15195  13781 ] [ 0 ],1.10,1.10,1.10,1.10,-210.36,51.01,0.00,0.50,0.50,0.50,0.50,0.00,0.00,0.00,0.00,0.00,0.00,0.50,0.00,-0.00,0.00,0
0.441226,-181,45,627,0,DRIVE [ 20 ] [ 1 ] [ 1893 1589 1816 ] [    0    0    0 ] [      0      0      0 ] [ 0 ],drive [ 20 ] [ 1 ] [ 1893 1583 1814 ] [   11   36   30 ] [   4206  15195  13781 ] [ 0 ],1.10,1.10,1.10,1.10,-198.94,49.43,0.00,0.50,0.50,0.50,0.50,0.00,0.00,0.00,0.00,0.00,0.00,0.50,0.00,-0.00,0.00,0
0.455494,-171,44,621,0,DRIVE [ 21 ] [ 1 ] [ 1893 1591 1819 ] [    0    0    0 ] [      0      0      0 ] [ 0 ],drive [ 20 ] [ 1 ] [ 1893 1589 1816 ] [   11   36   30 ] [   4206  15195  13781 ] [ 0 ],1.10,1.10,1.10,1.10,-187.85,48.23,0.00,0.50,0.50,0.50,0.50,0.00,0.00,0.00,0.00,0.00,0.00,0.50,0.00,-0.00,0.00,0
0.469754,-163,44,618,0,DRIVE [ 21 ] [ 1 ] [ 1893 1592 1821 ] [    0    0    0 ] [      0      0      0 ] [ 0 ],drive [ 21 ] [ 1 ] [ 1893 1591 1819 ] [   11   36   30 ] [   4206  15191  13767 ] [ 0 ],1.10,1.10,1.10,1.10,-179.20,48.38,0.00,0.50,0.50,0.50,0.50,0.00,0.00,0.00,0.00,0.00,0.00,0.50,0.00,-0.00,0.00,0
0.483543,-154,44,607,0,DRIVE [ 22 ] [ 1 ] [ 1893 1591 1825 ] [    0    0    0 ] [      0      0      0 ] [ 0 ],drive [ 21 ] [ 1 ] [ 1893 1592 1821 ] [   11   37   16 ] [   4206  15191  13767 ] [ 0 ],1.10,1.10,1.10,1.10,-169.00,48.48,0.00,0.50,0.50,0.50,0.50,0.00,0.00,0.00,0.00,0.00,0.00,0.50,0.00,-0.00,0.00,0
0.496631,-144,45,601,0,DRIVE [ 22 ] [ 1 ] [ 1893 1592 1830 ] [    0    0    0 ] [      0      0      0 ] [ 0 ],drive [ 22 ] [ 1 ] [ 1893 1591 1825 ] [   11   37   16 ] [   4206  15191  13767 ] [ 0 ],1.10,1.10,1.10,1.10,-158.31,49.69,0.00,0.50,0.50,0.50,0.50,0.00,0.00,0.00,0.00,0.00,0.00,0.50,0.00,-0.00,0.00,0
0.51054,-135,46,594,0,DRIVE [ 23 ] [ 1 ] [ 1893 1593 1835 ] [    0    0    0 ] [      0      0      0 ] [ 0 ],drive [ 22 ] [ 1 ] [ 1893 1592 1830 ] [   11   37   16 ] [   4210  15191  13639 ] [ 0 ],1.10,1.10,1.10,1.10,-148.69,50.72,0.00,0.50,0.50,0.50,0.50,0.00,0.00,0.00,0.00,0.00,0.00,0.50,0.00,-0.00,0.00,0
0.524476,-128,47,595,0,DRIVE [ 23 ] [ 1 ] [ 1893 1595 1840 ] [    0    0    0 ] [      0      0      0 ] [ 0 ],drive [ 23 ] [ 1 ] [ 1893 1593 1835 ] [   12   36    9 ] [   4210  15191  13639 ] [ 0 ],1.10,1.10,1.10,1.10,-141.16,51.85,0.00,0.50,0.50,0.50,0.50,0.00,0.00,0.00,0.00,0.00,0.00,0.50,0.00,-0.00,0.00,0
0.538536,-120,47,587,0,DRIVE [ 24 ] [ 1 ] [ 1893 1597 1844 ] [    0    0    0 ] [      0      0      0 ] [ 0 ],drive [ 23 ] [ 1 ] [ 1893 1595 1840 ] [   12   36    9 ] [   4210  15191  13639 ] [ 0 ],1.10,1.10,1.10,1.10,-132.44,51.87,0.00,0.50,0.50,0.50,0.50,0.00,0.00,0.00,0.00,0.00,0.00,0.50,0.00,-0.00,0.00,0
0.552543,-110,47,575,0,DRIVE [ 24 ] [ 1 ] [ 1893 1601 1850 ] [    0    0    0 ] [      0      0      0 ] [ 0 ],drive [ 24 ] [ 1 ] [ 1893 1597 1844 ] [   12   36    9 ] [   4210  15191  13639 ] [ 0 ],1.10,1.10,1.10,1.10,-121.51,51.48,0.00,0.50,0.50,0.50,0.50,0.00,0.00,0.00,0.00,0.00,0.00,0.50,0.00,-0.00,0.00,0
0.56665,-102,47,568,0,DRIVE [ 25 ] [ 1 ] [ 1893 1604 1856 ] [    0    0    0 ] [      0      0      0 ] [ 0 ],drive [ 24 ] [ 1 ] [ 1893 1601 1850 ] [   12   36    9 ] [   4210  15190  13636 ] [ 0 ],1.10,1.10,1.10,1.10,-112.58,51.86,0.00,0.50,0.50,0.50,0.50,0.00,0.00,0.00,0.00,0.00,0.00,0.50,0.00,-0.00,0.00,0
0.580406,-95,48,561,0,DRIVE [ 25 ] [ 1 ] [ 1893 1606 1862 ] [    0    0    0 ] [      0      0      0 ] [ 0 ],drive [ 25 ] [ 1 ] [ 1893 1604 1856 ] [   12   36    7 ] [   4210  15190  13636 ] [ 0 ],1.10,1.10,1.10,1.10,-103.98,52.51,0.00,0.50,0.50,0.50,0.50,0.00,0.00,0.00,0.00,0.00,0.00,0.50,0.00,-0.00,0.00,0
0.594288,-88,49,559,0,DRIVE [ 26 ] [ 1 ] [ 1893 1606 1869 ] [    0    0    0 ] [      0      0      0 ] [ 0 ],drive [ 25 ] [ 1 ] [ 1893 1606 1862 ] [   12   36    7 ] [   4210  15190  13636 ] [ 0 ],1.10,1.10,1.10,1.10,-96.83,53.88,0.00,0.50,0.50,0.50,0.50,0.00,0.00,0.00,0.00,0.00,0.00,0.50,0.00,-0.00,0.00,0
0.607648,-81,50,550,0,DRIVE [ 26 ] [ 1 ] [ 1893 1606 1876 ] [    0    0    0 ] [      0      0      0 ] [ 0 ],drive [ 26 ] [ 1 ] [ 1893 1606 1869 ] [   12   36    7 ] [   4210  15190  13636 ] [ 0 ],1.10,1.10,1.10,1.10,-89.09,54.74,0.00,0.50,0.50,0.50,0.50,0.00,0.00,0.00,0.00,0.00,0.00,0.50,0.00,-0.00,0.00,0
0.621826,-73,51,543,0,DRIVE [ 27 ] [ 1 ] [ 1893 1606 1884 ] [    0    0    0 ] [      0      0      0 ] [ 0 ],drive [ 26 ] [ 1 ] [ 1893 1606 1876 ] [   12   36    7 ] [   4216  15195  13630 ] [ 0 ],1.10,1.10,1.10,1.10,-80.58,56.07,0.00,0.50,0.50,0.50,0.50,0.00,0.00,0.00,0.00,0.00,0.00,0.50,0.00,-0.00,0.00,0
0.63596,-67,53,539,0,DRIVE [ 27 ] [ 1 ] [ 1917 1620 1884 ] [    0    0    0 ] [      0      0      0 ] [ 0 ],drive [ 27 ] [ 1 ] [ 1893 1606 1884 ] [   18   33   17 ] [   4216  15195  13630 ] [ 0 ],1.10,1.10,1.10,1.10,-73.65,57.96,0.00,0.50,0.50,0.50,0.50,0.00,0.00,0.00,0.00,0.00,0.00,0.50,0.00,-0.00,0.00,0
0.649973,-61,54,534,0,DRIVE [ 28 ] [ 1 ] [ 1907 1632 1884 ] [    0    0    0 ] [      0      0      0 ] [ 0 ],drive [ 27 ] [ 1 ] [ 1917 1620 1884 ] [   18   33   17 ] [   4216  15195  13630 ] [ 0 ],1.10,1.10,1.10,1.10,-67.25,59.75,0.00,0.50,0.50,0.50,0.50,0.00,0.00,0.00,0.00,0.00,0.00,0.50,0.00,-0.00,0.00,0
0.664104,-56,55,525,0,DRIVE [ 28 ] [ 1 ] [ 1898 1642 1884 ] [    0    0    0 ] [      0      0      0 ] [ 0 ],drive [ 28 ] [ 1 ] [ 1907 1632 1884 ] [   18   33   17 ] [   4422  15195  13502 ] [ 0 ],1.10,1.10,1.10,1.10,-61.15,61.05,0.00,0.50,0.50,0.50,0.50,0.00,0.00,0.00,0.00,0.00,0.00,0.50,0.00,-0.00,0.00,0
0.678135,-50,56,515,0,DRIVE [ 29 ] [ 1 ] [ 1887 1653 1884 ] [    0    0    0 ] [      0      0      0 ] [ 0 ],drive [ 28 ] [ 1 ] [ 1898 1642 1884 ] [    9   31   21 ] [   4422  15195  13502 ] [ 0 ],1.10,1.10,1.10,1.10,-54.80,62.04,0.00,0.50,0.50,0.50,0.50,0.00,0.00,0.00,0.00,0.00,0.00,0.50,0.00,-0.00,0.00,0
0.692192,-45,58,509,0,DRIVE [ 29 ] [ 1 ] [ 1878 1661 1884 ] [    0    0    0 ] [      0      0      0 ] [ 0 ],drive [ 29 ] [ 1 ] [ 1887 1653 1884 ] [    9   31   21 ] [   4422  15195  13502 ] [ 0 ],1.10,1.10,1.10,1.10,-49.85,63.29,0.00,0.50,0.50,0.50,0.50,0.00,0.00,0.00,0.00,0.00,0.00,0.50,0.00,-0.00,0.00,0
0.706518,-42,58,503,0,DRIVE [ 30 ] [ 1 ] [ 1870 1666 1884 ] [    0    0    0 ] [      0      0      0 ] [ 0 ],drive [ 29 ] [ 1 ] [ 1878 1661 1884 ] [    9   31   21 ] [   4422  15195  13502 ] [ 0 ],1.10,1.10,1.10,1.10,-45.80,64.01,0.00,0.50,0.50,0.50,0.50,0.00,0.00,0.00,0.00,0.00,0.00,0.50,0.00,-0.00,0.00,0
0.721002,-38,59,498,0,DRIVE [ 30 ] [ 1 ] [ 1863 1670 1884 ] [    0    0    0 ] [      0      0      0 ] [ 0 ],drive [ 30 ] [ 1 ] [ 1870 1666 1884 ] [    9   31   21 ] [   4480  15197  13382 ] [ 0 ],1.10,1.10,1.10,1.10,-42.14,64.36,0.00,0.50,0.50,0.50,0.50,0.00,0.00,0.00,0.00,0.00,0.00,0.50,0.00,-0.00,0.00,0
0.735061,-34,59,488,0,DRIVE [ 31 ] [ 1 ] [ 1853 1678 1884 ] [    0    0    0 ] [      0      0      0 ] [ 0 ],drive [ 30 ] [ 1 ] [ 1863 1670 1884 ] [   29   29   17 ] [   4480  15197  13382 ] [ 0 ],1.10,1.10,1.10,1.10,-37.10,64.55,0.00,0.50,0.50,0.50,0.50,0.00,0.00,0.00,0.00,0.00,0.00,0.50,0.00,-0.00,0.00,0
0.749041,-29,58,476,0,DRIVE [ 31 ] [ 1 ] [ 1842 1685 1884 ] [    0    0    0 ] [      0      0      0 ] [ 0 ],drive [ 31 ] [ 1 ] [ 1853 1678 1884 ] [   29   29   17 ] [   4480  15197  13382 ] [ 0 ],1.10,1.10,1.10,1.10,-32.23,64.32,0.00,0.50,0.50,0.50,0.50,0.00,0.00,0.00,0.00,0.00,0.00,0.50,0.00,-0.00,0.00,0
0.762813,-26,59,467,0,DRIVE [ 32 ] [ 1 ] [ 1832 1690 1884 ] [    0    0    0 ] [      0      0      0 ] [ 0 ],drive [ 31 ] [ 1 ] [ 1842 1685 1884 ] [   29   29   17 ] [   4667  15189  13330 ] [ 0 ],1.10,1.10,1.10,1.10,-28.40,64.58,0.00,0.50,0.50,0.50,0.50,0.00,0.00,0.00,0.00,0.00,0.00,0.50,0.00,-0.00,0.00,0
0.776893,-23,59,460,0,DRIVE [ 32 ] [ 1 ] [ 1822 1692 1884 ] [    0    0    0 ] [      0      0      0 ] [ 0 ],drive [ 32 ] [ 1 ] [ 1832 1690 1884 ] [   20   29   22 ] [   4667  15189  13330 ] [ 0 ],1.10,1.10,1.10,1.10,-25.29,65.04,0.00,0.50,0.50,0.50,0.50,0.00,0.00,0.00,0.00,0.00,0.00,0.50,0.00,-0.00,0.00,0
0.791015,-20,60,450,0,DRIVE [ 33 ] [ 1 ] [ 1810 1693 1884 ] [    0    0    0 ] [      0      0      0 ] [ 0 ],drive [ 32 ] [ 1 ] [ 1822 1692 1884 ] [   20   29   22 ] [   4667  15189  13330 ] [ 0 ],1.10,1.10,1.10,1.10,-21.86,65.75,0.00,0.50,0.50,0.50,0.50,0.00,0.00,0.00,0.00,0.00,0.00,0.50,0.00,-0.00,0.00,0
0.805044,-17,60,440,0,DRIVE [ 33 ] [ 1 ] [ 1797 1694 1884 ] [    0    0    0 ] [      0      0      0 ] [ 0 ],drive [ 33 ] [ 1 ] [ 1810 1693 1884 ] [   20   29   22 ] [   4667  15189  13330 ] [ 0 ],1.10,1.10,1.10,1.10,-18.66,66.32,0.00,0.50,0.50,0.50,0.50,0.00,0.00,0.00,0.00,0.00,0.00,0.50,0.00,-0.00,0.00,0
0.819204,-14,61,431,0,DRIVE [ 34 ] [ 1 ] [ 1784 1695 1884 ] [    0    0    0 ] [      0      0      0 ] [ 0 ],drive [ 33 ] [ 1 ] [ 1797 1694 1884 ] [   20   29   22 ] [   4673  15191  13284 ] [ 0 ],1.10,1.10,1.10,1.10,-15.41,66.63,0.00,0.50,0.50,0.50,0.50,0.00,0.00,0.00,0.00,0.00,0.00,0.50,0.00,-0.00,0.00,0
0.833193,-10,61,418,0,DRIVE [ 34 ] [ 1 ] [ 1767 1699 1884 ] [    0    0    0 ] [      0      0      0 ] [ 0 ],drive [ 34 ] [ 1 ] [ 1784 1695 1884 ] [   22   26   20 ] [   4673  15191  13284 ] [ 0 ],1.10,1.10,1.10,1.10,-11.39,66.64,0.00,0.50,0.50,0.50,0.50,0.00,0.00,0.00,0.00,0.00,0.00,0.50,0.00,-0.00,0.00,0
0.847256,-7,61,409,0,DRIVE [ 35 ] [ 1 ] [ 1750 1701 1884 ] [    0    0    0 ] [      0      0      0 ] [ 0 ],drive [ 34 ] [ 1 ] [ 1767 1699 1884 ] [   22   26   20 ] [   4673  15191  13284 ] [ 0 ],1.10,1.10,1.10,1.10,-7.98,67.15,0.00,0.50,0.50,0.50,0.50,0.00,0.00,0.00,0.00,0.00,0.00,0.50,0.00,-0.00,0.00,0
0.860925,-4,61,399,0,DRIVE [ 35 ] [ 1 ] [ 1734 1702 1884 ] [    0    0    0 ] [      0      0      0 ] [ 0 ],drive [ 35 ] [ 1 ] [ 1750 1701 1884 ] [   22   26   20 ] [   5090  15191  13186 ] [ 0 ],1.10,1.10,1.10,1.10,-4.95,67.05,0.00,0.50,0.50,0.50,0.50,0.00,0.00,0.00,0.00,0.00,0.00,0.50,0.00,0.00,0.00,0
0.874108,-2,61,391,0,DRIVE [ 36 ] [ 1 ] [ 1720 1702 1884 ] [    0    0    0 ] [      0      0      0 ] [ 0 ],drive [ 35 ] [ 1 ] [ 1734 1702 1884 ] [   40   28   11 ] [   5090  15191  13186 ] [ 0 ],1.10,1.10,1.10,1.10,-2.67,67.02,0.00,0.50,0.50,0.50,0.50,0.00,0.00,0.00,0.00,0.00,0.00,0.50,0.00,0.00,0.00,0
0.887743,-1,60,383,0,DRIVE [ 36 ] [ 1 ] [ 1709 1701 1884 ] [    0    0    0 ] [      0      0      0 ] [ 0 ],drive [ 36 ] [ 1 ] [ 1720 1702 1884 ] [   40   28   11 ] [   5090  15191  13186 ] [ 0 ],1.10,1.10,1.10,1.10,-1.11,66.51,0.00,0.50,0.50,0.50,0.50,0.00,0.00,0.00,0.00,0.00,0.00,0.50,0.00,0.00,0.00,0
0.901253,0,60,374,0,DRIVE [ 37 ] [ 1 ] [ 1701 1697 1884 ] [    0    0    0 ] [      0      0      0 ] [ 0 ],drive [ 36 ] [ 1 ] [ 1709 1701 1884 ] [   40   28   11 ] [   5090  15191  13186 ] [ 0 ],1.10,1.10,1.10,1.10,-0.53,65.97,0.00,0.50,0.50,0.50,0.50,0.00,0.00,0.00,0.00,0.00,0.00,0.50,0.00,0.00,0.00,0
0.914654,0,60,366,0,DRIVE [ 37 ] [ 1 ] [ 1693 1690 1884 ] [    0    0    0 ] [      0      0      0 ] [ 0 ],drive [ 37 ] [ 1 ] [ 1701 1697 1884 ] [   40   28   11 ] [   5349  15179  13086 ] [ 0 ],1.10,1.10,1.10,1.10,-0.38,65.55,0.00,0.50,0.50,0.50,0.50,0.00,0.00,0.00,0.00,0.00,0.00,0.50,0.00,0.00,0.00,0
0.927925,0,59,357,0,DRIVE [ 38 ] [ 1 ] [ 1685 1683 1884 ] [    0    0    0 ] [      0      0      0 ] [ 0 ],drive [ 37 ] [ 1 ] [ 1693 1690 1884 ] [   35   32    3 ] [   5349  15179  13086 ] [ 0 ],1.10,1.10,1.10,1.10,-0.26,65.00,0.00,0.50,0.50,0.50,0.50,0.00,0.00,0.00,0.00,0.00,0.00,0.50,0.00,0.00,0.00,0
0.940543,0,58,350,0,DRIVE [ 38 ] [ 1 ] [ 1678 1679 1884 ] [    0    0    0 ] [      0      0      0 ] [ 0 ],drive [ 38 ] [ 1 ] [ 1685 1683 1884 ] [   35   32    3 ] [   5349  15179  13086 ] [ 0 ],1.10,1.10,1.10,1.10,0.23,64.34,0.00,0.50,0.50,0.50,0.50,0.00,0.00,0.00,0.00,0.00,0.00,0.50,0.00,0.00,0.00,0
0.953669,2,56,341,0,DRIVE [ 39 ] [ 1 ] [ 1669 1688 1884 ] [    0    0    0 ] [      0      0      0 ] [ 0 ],drive [ 38 ] [ 1 ] [ 1678 1679 1884 ] [   35   32    3 ] [   5349  15179  13086 ] [ 0 ],1.10,1.10,1.10,1.10,2.28,61.71,0.00,0.50,0.50,0.50,0.50,0.00,0.00,0.00,0.00,0.00,0.00,0.50,0.00,0.00,0.00,0
0.966602,4,53,333,0,DRIVE [ 39 ] [ 1 ] [ 1663 1700 1884 ] [    0    0    0 ] [      0      0      0 ] [ 0 ],drive [ 39 ] [ 1 ] [ 1669 1688 1884 ] [   35   32    3 ] [   5381  15181  12739 ] [ 0 ],1.10,1.10,1.10,1.10,4.30,58.72,0.00,0.50,0.50,0.50,0.50,0.00,0.00,0.00,0.00,0.00,0.00,0.50,0.00,0.00,0.00,0
0.979383,6,51,326,0,DRIVE [ 40 ] [ 1 ] [ 1655 1710 1884 ] [    0    0    0 ] [      0      0      0 ] [ 0 ],drive [ 39 ] [ 1 ] [ 1663 1700 1884 ] [   23   33   14 ] [   5381  15181  12739 ] [ 0 ],1.10,1.10,1.10,1.10,6.09,55.69,0.00,0.50,0.50,0.50,0.50,0.04,0.48,0.00,0.00,0.00,0.00,0.50,-0.00,-0.00,0.00,0
0.992566,7,48,319,0,DRIVE [ 40 ] [ 1 ] [ 1647 1718 1884 ] [    0    0    0 ] [      0      0      0 ] [ 0 ],drive [ 40 ] [ 1 ] [ 1655 1710 1884 ] [   23   33   14 ] [   5381  15181  12739 ] [ 0 ],1.10,1.10,1.10,1.10,7.60,53.12,0.00,0.50,0.50,0.50,0.50,0.09,0.94,0.00,0.00,0.00,0.00,0.50,-0.00,-0.00,0.00,0
1.00509,8,46,307,0,DRIVE [ 41 ] [ 1 ] [ 1636 1722 1884 ] [    0    0    0 ] [      0      0      0 ] [ 0 ],drive [ 40 ] [ 1 ] [ 1647 1718 1884 ] [   23   33   14 ] [   5381  15181  12739 ] [ 0 ],1.10,1.10,1.10,1.10,8.58,50.53,0.00,0.50,0.50,0.50,0.50,0.15,1.38,0.00,0.00,0.00,0.00,0.50,-0.00,-0.00,0.00,0
1.01818,8,45,301,0,DRIVE [ 41 ] [ 1 ] [ 1628 1723 1884 ] [    0    0    0 ] [      0      0      0 ] [ 0 ],drive [ 41 ] [ 1 ] [ 1636 1722 1884 ] [   23   33   14 ] [   5923  15160  12737 ] [ 0 ],1.10,1.10,1.10,1.10,9.20,49.16,0.00,0.50,0.50,0.50,0.50,0.21,1.82,0.00,0.00,0.00,0.00,0.50,-0.00,-0.00,0.00,0
1.03117,9,44,297,0,DRIVE [ 42 ] [ 1 ] [ 1621 1723 1884 ] [    0    0    0 ] [      0      0      0 ] [ 0 ],drive [ 41 ] [ 1 ] [ 1628 1723 1884 ] [   27   43   14 ] [   5923  15160  12737 ] [ 0 ],1.10,1.10,1.10,1.10,9.64,48.64,0.00,0.50,0.50,0.50,0.50,0.27,2.26,0.00,0.00,0.00,0.00,0.50,-0.00,-0.00,0.00,0
1.0445,9,44,289,0,DRIVE [ 42 ] [ 1 ] [ 1613 1716 1884 ] [    0    0    0 ] [      0      0      0 ] [ 0 ],drive [ 42 ] [ 1 ] [ 1621 1723 1884 ] [   27   43   14 ] [   5923  15160  12737 ] [ 0 ],1.10,1.10,1.10,1.10,9.54,48.34,0.00,0.50,0.50,0.50,0.50,0.33,2.70,0.00,0.00,0.00,0.00,0.50,-0.00,-0.00,0.00,0
1.0568,9,44,282,0,DRIVE [ 43 ] [ 1 ] [ 1602 1708 1884 ] [    0    0    0 ] [      0      0      0 ] [ 0 ],drive [ 42 ] [ 1 ] [ 1613 1716 1884 ] [   27   43   14 ] [   5923  15160  12737 ] [ 0 ],1.10,1.10,1.10,1.10,9.51,48.57,0.00,0.50,0.50,0.50,0.50,0.39,3.15,0.00,0.00,0.00,0.00,0.50,-0.00,-0.00,0.00,0
1.06952,9,44,275,0,DRIVE [ 43 ] [ 1 ] [ 1590 1701 1884 ] [    0    0    0 ] [      0      0      0 ] [ 0 ],drive [ 43 ] [ 1 ] [ 1602 1708 1884 ] [   27   43   14 ] [   6080  15070  12700 ] [ 0 ],1.10,1.10,1.10,1.10,9.66,48.69,0.00,0.50,0.50,0.50,0.50,0.45,3.60,0.00,0.00,0.00,0.00,0.50,-0.00,-0.00,0.00,0
1.0823,9,44,265,0,DRIVE [ 44 ] [ 1 ] [ 1574 1695 1884 ] [    0    0    0 ] [      0      0      0 ] [ 0 ],drive [ 43 ] [ 1 ] [ 1590 1701 1884 ] [   48   29    3 ] [   6080  15070  12700 ] [ 0 ],1.10,1.10,1.10,1.10,10.04,48.20,0.00,0.50,0.50,0.50,0.50,0.53,4.04,0.00,0.00,0.00,0.00,0.50,-0.00,-0.00,0.00,0
1.09456,10,44,260,0,DRIVE [ 44 ] [ 1 ] [ 1559 1691 1884 ] [    0    0    0 ] [      0      0      0 ] [ 0 ],drive [ 44 ] [ 1 ] [ 1574 1695 1884 ] [   48   29    3 ] [   6080  15070  12700 ] [ 0 ],1.10,1.10,1.10,1.10,10.71,48.39,0.00,0.50,0.50,0.50,0.50,0.61,4.49,0.00,0.00,0.00,0.00,0.50,-0.00,-0.00,0.00,0
1.10735,10,44,256,0,DRIVE [ 45 ] [ 1 ] [ 1546 1689 1884 ] [    0    0    0 ] [      0      0      0 ] [ 0 ],drive [ 44 ] [ 1 ] [ 1559 1691 1884 ] [   48   29    3 ] [   6080  15070  12700 ] [ 0 ],1.10,1.10,1.10,1.10,11.35,48.29,0.00,0.50,0.50,0.50,0.50,0.70,4.93,0.00,0.00,0.00,0.00,0.50,0.00,0.00,0.00,0
1.12014,11,43,251,0,DRIVE [ 45 ] [ 1 ] [ 1537 1688 1884 ] [    0    0    0 ] [      0      0      0 ] [ 0 ],drive [ 45 ] [ 1 ] [ 1546 1689 1884 ] [   48   29    3 ] [   6230  14988  12328 ] [ 0 ],1.10,1.10,1.10,1.10,11.75,47.63,0.00,0.50,0.50,0.50,0.50,0.79,5.36,0.00,0.00,0.00,0.00,0.50,-0.00,-0.00,0.00,0
1.13274,11,42,246,0,DRIVE [ 46 ] [ 1 ] [ 1532 1689 1884 ] [    0    0    0 ] [      0      0      0 ] [ 0 ],drive [ 45 ] [ 1 ] [ 1537 1688 1884 ] [   41   22   17 ] [   6230  14988  12328 ] [ 0 ],1.10,1.10,1.10,1.10,11.85,46.48,0.00,0.50,0.50,0.50,0.50,0.88,5.78,0.00,0.00,0.00,0.00,0.50,-0.00,-0.00,0.00,0
1.1453,10,41,240,0,DRIVE [ 46 ] [ 1 ] [ 1533 1690 1884 ] [    0    0    0 ] [      0      0      0 ] [ 0 ],drive [ 46 ] [ 1 ] [ 1532 1689 1884 ] [   41   22   17 ] [   6230  14988  12328 ] [ 0 ],1.10,1.10,1.10,1.10,11.44,44.55,0.00,0.50,0.50,0.50,0.50,0.96,6.17,0.00,0.00,0.00,0.00,0.50,-0.00,-0.00,0.00,0
1.15719,10,39,234,0,DRIVE [ 47 ] [ 1 ] [ 1536 1688 1884 ] [    0    0    0 ] [      0      0      0 ] [ 0 ],drive [ 46 ] [ 1 ] [ 1533 1690 1884 ] [   41   22   17 ] [   6230  14988  12328 ] [ 0 ],1.10,1.10,1.10,1.10,10.67,42.86,0.00,0.50,0.50,0.50,0.50,1.03,6.55,0.00,0.00,0.00,0.00,0.50,-0.00,-0.00,0.00,0
1.16969,8,38,228,0,DRIVE [ 47 ] [ 1 ] [ 1545 1682 1884 ] [    0    0    0 ] [      0      0      0 ] [ 0 ],drive [ 47 ] [ 1 ] [ 1536 1688 1884 ] [   41   22   17 ] [   6724  14988  12168 ] [ 0 ],1.10,1.10,1.10,1.10,9.25,41.28,0.00,0.50,0.50,0.50,0.50,1.09,6.92,0.00,0.00,0.00,0.00,0.50,-0.00,-0.00,0.00,0
1.18183,6,36,223,0,DRIVE [ 48 ] [ 1 ] [ 1560 1669 1884 ] [    0    0    0 ] [      0      0      0 ] [ 0 ],drive [ 47 ] [ 1 ] [ 1545 1682 1884 ] [   38   22    6 ] [   6724  14988  12168 ] [ 0 ],1.10,1.10,1.10,1.10,6.97,40.07,0.00,0.50,0.50,0.50,0.50,1.11,7.28,0.00,0.00,0.00,0.00,0.50,-0.00,-0.00,0.00,0
1.19396,3,36,219,0,DRIVE [ 48 ] [ 1 ] [ 1581 1648 1884 ] [    0    0    0 ] [      0      0      0 ] [ 0 ],drive [ 48 ] [ 1 ] [ 1560 1669 1884 ] [   38   22    6 ] [   6724  14988  12168 ] [ 0 ],1.10,1.10,1.10,1.10,3.74,39.37,0.00,0.50,0.50,0.50,0.50,1.10,7.63,0.00,0.00,0.00,0.00,0.50,-0.00,-0.00,0.00,0
1.20586,0,35,215,0,DRIVE [ 49 ] [ 1 ] [ 1606 1616 1884 ] [    0    0    0 ] [      0      0      0 ] [ 0 ],drive [ 48 ] [ 1 ] [ 1581 1648 1884 ] [   38   22    6 ] [   6724  14988  12168 ] [ 0 ],1.10,1.10,1.10,1.10,-0.32,38.73,0.00,0.50,0.50,0.50,0.50,1.05,7.99,0.00,0.00,0.00,0.00,0.50,0.00,-0.00,0.00,0
1.21762,-5,35,211,0,DRIVE [ 49 ] [ 1 ] [ 1635 1576 1884 ] [    0    0    0 ] [      0      0      0 ] [ 0 ],drive [ 49 ] [ 1 ] [ 1606 1616 1884 ] [   38   22    6 ] [   7312  14996  12029 ] [ 0 ],1.10,1.10,1.10,1.10,-5.04,38.20,0.00,0.50,0.50,0.50,0.50,0.95,8.34,0.00,0.00,0.00,0.00,0.50,0.00,-0.00,0.00,0
1.22946,-9,34,206,0,DRIVE [ 50 ] [ 1 ] [ 1665 1528 1884 ] [    0    0    0 ] [      0      0      0 ] [ 0 ],drive [ 49 ] [ 1 ] [ 1635 1576 1884 ] [   50   37   28 ] [   7312  14996  12029 ] [ 0 ],1.10,1.10,1.10,1.10,-10.13,37.37,0.00,0.50,0.50,0.50,0.50,0.81,8.67,0.00,0.00,0.00,0.00,0.50,0.00,-0.00,0.00,0
1.24053,-14,33,202,0,DRIVE [ 50 ] [ 1 ] [ 1699 1477 1884 ] [    0    0    0 ] [      0      0      0 ] [ 0 ],drive [ 50 ] [ 1 ] [ 1665 1528 1884 ] [   50   37   28 ] [   7312  14996  12029 ] [ 0 ],1.10,1.10,1.10,1.10,-15.33,36.04,0.00,0.50,0.50,0.50,0.50,0.62,9.00,0.00,0.00,0.00,0.00,0.50,0.00,-0.00,0.00,0
1.25247,-18,31,197,0,DRIVE [ 51 ] [ 1 ] [ 1734 1421 1884 ] [    0    0    0 ] [      0      0      0 ] [ 0 ],drive [ 50 ] [ 1 ] [ 1699 1477 1884 ] [   50   37   28 ] [   7312  14996  12029 ] [ 0 ],1.10,1.10,1.10,1.10,-20.29,34.08,0.00,0.50,0.50,0.50,0.50,0.39,9.29,0.00,0.00,0.00,0.00,0.50,0.00,-0.00,0.00,0
1.26396,-23,29,193,0,DRIVE [ 51 ] [ 1 ] [ 1769 1366 1884 ] [    0    0    0 ] [      0      0      0 ] [ 0 ],drive [ 51 ] [ 1 ] [ 1734 1421 1884 ] [   50   37   28 ] [   7452  15176  11647 ] [ 0 ],1.10,1.10,1.10,1.10,-24.83,31.63,0.00,0.50,0.50,0.50,0.50,0.12,9.57,0.00,0.00,0.00,0.00,0.50,0.00,-0.00,0.00,0
1.27544,-26,25,187,0,DRIVE [ 52 ] [ 1 ] [ 1810 1313 1884 ] [    0    0    0 ] [      0      0      0 ] [ 0 ],drive [ 51 ] [ 1 ] [ 1769 1366 1884 ] [   31   52    1 ] [   7452  15176  11647 ] [ 0 ],1.10,1.10,1.10,1.10,-28.73,27.87,0.00,0.50,0.50,0.50,0.50,-0.17,9.79,0.00,0.00,0.00,0.00,0.50,0.00,-0.00,0.00,0
1.28618,-29,22,182,0,DRIVE [ 52 ] [ 1 ] [ 1844 1269 1884 ] [    0    0    0 ] [      0      0      0 ] [ 0 ],drive [ 52 ] [ 1 ] [ 1810 1313 1884 ] [   31   52    1 ] [   7452  15176  11647 ] [ 0 ],1.10,1.10,1.10,1.10,-31.41,24.38,0.00,0.50,0.50,0.50,0.50,-0.47,9.99,0.00,0.00,0.00,0.00,0.50,0.00,0.00,0.00,0
1.29775,-30,19,178,0,DRIVE [ 53 ] [ 1 ] [ 1875 1232 1884 ] [    0    0    0 ] [      0      0      0 ] [ 0 ],drive [ 52 ] [ 1 ] [ 1844 1269 1884 ] [   31   52    1 ] [   7452  15176  11647 ] [ 0 ],1.10,1.10,1.10,1.10,-33.18,21.02,0.00,0.50,0.50,0.50,0.50,-0.78,10.16,0.00,0.00,0.00,0.00,0.50,0.00,0.00,0.00,0
1.30924,-31,16,173,0,DRIVE [ 53 ] [ 1 ] [ 1901 1203 1884 ] [    0    0    0 ] [      0      0      0 ] [ 0 ],drive [ 53 ] [ 1 ] [ 1875 1232 1884 ] [   31   52    1 ] [   7397  15791  11517 ] [ 0 ],1.10,1.10,1.10,1.10,-34.12,17.85,0.00,0.50,0.50,0.50,0.50,-1.09,10.30,0.00,0.00,0.00,0.00,0.50,0.00,0.00,0.00,0
1.32021,-31,13,169,0,DRIVE [ 54 ] [ 1 ] [ 1925 1181 1884 ] [    0    0    0 ] [      0      0      0 ] [ 0 ],drive [ 53 ] [ 1 ] [ 1901 1203 1884 ] [   31   52    1 ] [   7397  15791  11517 ] [ 0 ],1.10,1.10,1.10,1.10,-34.46,14.84,0.00,0.50,0.50,0.50,0.50,-1.39,10.42,0.00,0.00,0.00,0.00,0.50,0.00,0.00,0.00,0
1.33183,-31,11,165,0,DRIVE [ 54 ] [ 1 ] [ 1925 1204 1867 ] [    0    0    0 ] [      0      0      0 ] [ 0 ],drive [ 54 ] [ 1 ] [ 1925 1181 1884 ] [    3   65   21 ] [   7397  15791  11517 ] [ 0 ],1.10,1.10,1.10,1.10,-34.32,11.96,0.00,0.50,0.50,0.50,0.50,-1.69,10.52,0.00,0.00,0.00,0.00,0.50,0.00,0.00,0.00,0
1.34334,-31,9,161,0,DRIVE [ 55 ] [ 1 ] [ 1925 1228 1850 ] [    0    0    0 ] [      0      0      0 ] [ 0 ],drive [ 54 ] [ 1 ] [ 1925 1204 1867 ] [    3   65   21 ] [   7397  15791  11517 ] [ 0 ],1.10,1.10,1.10,1.10,-33.88,9.42,0.00,0.50,0.50,0.50,0.50,-1.99,10.60,0.00,0.00,0.00,0.00,0.50,0.00,0.00,0.00,0
1.35423,-30,7,157,0,DRIVE [ 55 ] [ 1 ] [ 1925 1251 1837 ] [    0    0    0 ] [      0      0      0 ] [ 0 ],drive [ 55 ] [ 1 ] [ 1925 1228 1850 ] [    3   65   21 ] [   7397  15791  11517 ] [ 0 ],1.10,1.10,1.10,1.10,-32.94,7.15,0.00,0.50,0.50,0.50,0.50,-2.27,10.66,0.00,0.00,0.00,0.00,0.50,0.00,0.00,0.00,0
1.36575,-29,5,153,0,DRIVE [ 56 ] [ 1 ] [ 1925 1279 1826 ] [    0    0    0 ] [      0      0      0 ] [ 0 ],drive [ 55 ] [ 1 ] [ 1925 1251 1837 ] [    3   65   21 ] [   7066  16533  11500 ] [ 0 ],1.10,1.10,1.10,1.10,-31.53,4.96,0.00,0.50,0.50,0.50,0.50,-2.53,10.70,0.00,0.00,0.00,0.00,0.50,0.00,0.00,0.00,0
1.37705,-27,3,149,0,DRIVE [ 56 ] [ 1 ] [ 1925 1313 1818 ] [    0    0    0 ] [      0      0      0 ] [ 0 ],drive [ 56 ] [ 1 ] [ 1925 1279 1826 ] [   23   64    5 ] [   7066  16533  11500 ] [ 0 ],1.10,1.10,1.10,1.10,-29.63,2.87,0.00,0.50,0.50,0.50,0.50,-2.78,10.72,0.00,0.00,0.00,0.00,0.50,0.00,0.00,0.00,0
1.38784,-25,1,145,0,DRIVE [ 57 ] [ 1 ] [ 1925 1360 1811 ] [    0    0    0 ] [      0      0      0 ] [ 0 ],drive [ 56 ] [ 1 ] [ 1925 1313 1818 ] [   23   64    5 ] [   7066  16533  11500 ] [ 0 ],1.10,1.10,1.10,1.10,-27.12,0.61,0.00,0.50,0.50,0.50,0.50,-2.99,10.72,0.00,0.00,0.00,0.00,0.50,0.00,0.00,0.00,0
1.39946,-22,-1,142,0,DRIVE [ 57 ] [ 1 ] [ 1925 1417 1806 ] [    0    0    0 ] [      0      0      0 ] [ 0 ],drive [ 57 ] [ 1 ] [ 1925 1360 1811 ] [   23   64    5 ] [   7066  16533  11500 ] [ 0 ],1.10,1.10,1.10,1.10,-24.21,-1.64,0.00,0.50,0.50,0.50,0.50,-3.18,10.70,0.00,0.00,0.00,0.00,0.50,0.00,0.00,0.00,0
1.41085,-19,-4,139,0,DRIVE [ 58 ] [ 1 ] [ 1925 1476 1801 ] [    0    0    0 ] [      0      0      0 ] [ 1 ],drive [ 57 ] [ 1 ] [ 1925 1417 1806 ] [   23   64    5 ] [   6722  16896  11398 ] [ 0 ],1.10,1.10,1.10,1.10,-21.26,-3.92,0.00,0.50,0.50,0.50,0.50,-3.34,10.66,0.00,0.00,0.00,0.00,0.50,0.00,0.00,0.00,0
1.42185,-17,-6,135,0,DRIVE [ 58 ] [ 1 ] [ 1925 1531 1792 ] [    0    0    0 ] [      0      0      0 ] [ 1 ],drive [ 58 ] [ 1 ] [ 1925 1476 1801 ] [   22   64   31 ] [   6722  16896  11398 ] [ 1 ],1.10,1.10,1.10,1.10,-18.78,-6.17,0.00,0.50,0.50,0.50,0.50,-3.49,10.60,0.00,0.00,0.00,0.00,0.50,0.00,0.00,0.00,0
1.43356,-16,-8,132,0,DRIVE [ 59 ] [ 1 ] [ 1925 1573 1778 ] [    0    0    0 ] [      0      0      0 ] [ 1 ],drive [ 58 ] [ 1 ] [ 1925 1531 1792 ] [   22   64   31 ] [   6722  16896  11398 ] [ 1 ],1.10,1.10,1.10,1.10,-17.07,-8.39,0.00,0.50,0.50,0.50,0.50,-3.63,10.52,0.00,0.00,0.00,0.00,0.50,0.00,0.00,0.00,0
1.44492,-15,-10,128,0,DRIVE [ 59 ] [ 1 ] [ 1925 1603 1757 ] [    0    0    0 ] [      0      0      0 ] [ 1 ],drive [ 59 ] [ 1 ] [ 1925 1573 1778 ] [   22   64   31 ] [   6722  16896  11398 ] [ 1 ],1.10,1.10,1.10,1.10,-16.09,-10.63,0.00,0.50,0.50,0.50,0.50,-3.77,10.42,0.00,0.00,0.00,0.00,0.50,0.00,0.00,0.00,0
1.45584,-14,-12,125,0,DRIVE [ 60 ] [ 1 ] [ 1925 1617 1730 ] [    0    0    0 ] [      0      0      0 ] [ 1 ],drive [ 59 ] [ 1 ] [ 1925 1603 1757 ] [   22   64   31 ] [   6722  16896  11398 ] [ 1 ],1.10,1.10,1.10,1.10,-15.84,-12.69,0.00,0.50,0.50,0.50,0.50,-3.91,10.30,0.00,0.00,0.00,0.00,0.50,0.00,0.00,0.00,0
1.46726,-15,-13,121,0,DRIVE [ 60 ] [ 1 ] [ 1925 1619 1697 ] [    0    0    0 ] [      0      0      0 ] [ 1 ],drive [ 60 ] [ 1 ] [ 1925 1617 1730 ] [   22   64   31 ] [   6725  16775  11395 ] [ 1 ],1.10,1.10,1.10,1.10,-16.08,-14.62,0.00,0.50,0.50,0.50,0.50,-4.06,10.17,0.00,0.00,0.00,0.00,0.50,0.00,0.00,0.00,0
1.47869,-15,-15,118,0,DRIVE [ 61 ] [ 1 ] [ 1925 1612 1659 ] [    0    0    0 ] [      0      0      0 ] [ 0 ],drive [ 60 ] [ 1 ] [ 1925 1619 1697 ] [   21   32   37 ] [   6725  16775  11395 ] [ 1 ],1.10,1.10,1.10,1.10,-16.72,-16.57,0.00,0.50,0.50,0.50,0.50,-4.22,10.02,0.00,0.00,0.00,0.00,0.50,0.00,0.00,0.00,0
1.48954,-16,-17,115,0,DRIVE [ 61 ] [ 1 ] [ 1925 1597 1618 ] [    0    0    0 ] [      0      0      0 ] [ 0 ],drive [ 61 ] [ 1 ] [ 1925 1612 1659 ] [   21   32   37 ] [   6725  16775  11395 ] [ 0 ],1.10,1.10,1.10,1.10,-17.67,-18.33,0.00,0.50,0.50,0.50,0.50,-4.40,9.86,0.00,0.00,0.00,0.00,0.50,0.00,0.00,0.00,0
1.50068,-17,-18,111,0,DRIVE [ 62 ] [ 1 ] [ 1925 1577 1573 ] [    0    0    0 ] [      0      0      0 ] [ 0 ],drive [ 61 ] [ 1 ] [ 1925 1597 1618 ] [   21   32   37 ] [   6725  16775  11395 ] [ 0 ],1.10,1.10,1.10,1.10,-18.77,-20.08,0.00,0.50,0.50,0.50,0.50,-4.58,9.67,0.00,0.00,0.00,0.00,0.50,0.00,0.00,0.00,0
1.51158,-18,-20,108,0,DRIVE [ 62 ] [ 1 ] [ 1925 1555 1522 ] [    0    0    0 ] [      0      0      0 ] [ 0 ],drive [ 62 ] [ 1 ] [ 1925 1577 1573 ] [   21   32   37 ] [   6727  16697  11400 ] [ 0 ],1.10,1.10,1.10,1.10,-19.89,-21.93,0.00,0.50,0.50,0.50,0.50,-4.77,9.48,0.00,0.00,0.00,0.00,0.50,0.00,0.00,0.00,0
1.52177,-19,-22,105,0,DRIVE [ 63 ] [ 1 ] [ 1925 1534 1467 ] [    0    0    0 ] [      0      0      0 ] [ 0 ],drive [ 62 ] [ 1 ] [ 1925 1555 1522 ] [   22   40   55 ] [   6727  16697  11400 ] [ 0 ],1.10,1.10,1.10,1.10,-20.94,-23.91,0.00,0.50,0.50,0.50,0.50,-4.97,9.26,0.00,0.00,0.00,0.00,0.50,0.00,0.00,0.00,0
1.53272,-20,-24,102,0,DRIVE [ 63 ] [ 1 ] [ 1925 1515 1410 ] [    0    0    0 ] [      0      0      0 ] [ 0 ],drive [ 63 ] [ 1 ] [ 1925 1534 1467 ] [   22   40   55 ] [   6727  16697  11400 ] [ 0 ],1.10,1.10,1.10,1.10,-21.71,-25.88,0.00,0.50,0.50,0.50,0.50,-5.18,9.02,0.00,0.00,0.00,0.00,0.50,0.00,0.00,0.00,0
1.54339,-20,-25,99,0,DRIVE [ 64 ] [ 1 ] [ 1925 1501 1351 ] [    0    0    0 ] [      0      0      0 ] [ 0 ],drive [ 63 ] [ 1 ] [ 1925 1515 1410 ] [   22   40   55 ] [   6727  16697  11400 ] [ 0 ],1.10,1.10,1.10,1.10,-22.27,-27.84,0.00,0.50,0.50,0.50,0.50,-5.38,8.77,0.00,0.00,0.00,0.00,0.50,0.00,0.00,0.00,0
1.55368,-21,-27,96,0,DRIVE [ 64 ] [ 1 ] [ 1925 1489 1292 ] [    0    0    0 ] [      0      0      0 ] [ 0 ],drive [ 64 ] [ 1 ] [ 1925 1501 1351 ] [   22   40   55 ] [   6727  16697  11400 ] [ 0 ],1.10,1.10,1.10,1.10,-22.60,-29.76,0.00,0.50,0.50,0.50,0.50,-5.59,8.50,0.00,0.00,0.00,0.00,0.50,0.00,0.00,0.00,0
1.56461,-21,-29,94,0,DRIVE [ 65 ] [ 1 ] [ 1925 1480 1233 ] [    0    0    0 ] [      0      0      0 ] [ 0 ],drive [ 64 ] [ 1 ] [ 1925 1489 1292 ] [   22   40   55 ] [   6721  16778  11474 ] [ 0 ],1.10,1.10,1.10,1.10,-22.70,-31.48,0.00,0.50,0.50,0.50,0.50,-5.80,8.21,0.00,0.00,0.00,0.00,0.50,0.00,0.00,0.00,0
1.57546,-21,-30,91,0,DRIVE [ 65 ] [ 1 ] [ 1925 1473 1176 ] [    0    0    0 ] [      0      0      0 ] [ 0 ],drive [ 65 ] [ 1 ] [ 1925 1480 1233 ] [   14   59   80 ] [   6721  16778  11474 ] [ 0 ],1.10,1.10,1.10,1.10,-22.62,-33.06,0.00,0.50,0.50,0.50,0.50,-6.00,7.92,0.00,0.00,0.00,0.00,0.50,0.00,0.00,0.00,0
1.5857,-20,-31,89,0,DRIVE [ 66 ] [ 1 ] [ 1925 1470 1123 ] [    0    0    0 ] [      0      0      0 ] [ 0 ],drive [ 65 ] [ 1 ] [ 1925 1473 1176 ] [   14   59   80 ] [   6721  16778  11474 ] [ 0 ],1.10,1.10,1.10,1.10,-22.30,-34.41,0.00,0.50,0.50,0.50,0.50,-6.20,7.61,0.00,0.00,0.00,0.00,0.50,0.00,0.00,0.00,0
1.59637,-20,-32,86,0,DRIVE [ 66 ] [ 1 ] [ 1925 1469 1076 ] [    0    0    0 ] [      0      0      0 ] [ 0 ],drive [ 66 ] [ 1 ] [ 1925 1470 1123 ] [   14   59   80 ] [   6721  16778  11474 ] [ 0 ],1.10,1.10,1.10,1.10,-21.80,-35.38,0.00,0.50,0.50,0.50,0.50,-6.39,7.30,0.00,0.00,0.00,0.00,0.50,0.00,0.00,0.00,0
1.60671,-19,-33,84,0,DRIVE [ 67 ] [ 1 ] [ 1925 1468 1041 ] [    0    0    0 ] [      0      0      0 ] [ 0 ],drive [ 66 ] [ 1 ] [ 1925 1469 1076 ] [   14   59   80 ] [   6631  16912  12239 ] [ 0 ],1.10,1.10,1.10,1.10,-21.17,-35.77,0.00,0.50,0.50,0.50,0.50,-6.58,6.98,0.00,0.00,0.00,0.00,0.50,0.00,0.00,0.00,0
1.61654,-19,-32,82,0,DRIVE [ 67 ] [ 1 ] [ 1925 1467 1021 ] [    0    0    0 ] [      0      0      0 ] [ 0 ],drive [ 67 ] [ 1 ] [ 1925 1468 1041 ] [   14   59   80 ] [   6631  16912  12239 ] [ 0 ],1.10,1.10,1.10,1.10,-20.45,-35.52,0.00,0.50,0.50,0.50,0.50,-6.76,6.68,0.00,0.00,0.00,0.00,0.50,0.00,0.00,0.00,0
1.62738,-18,-31,80,0,DRIVE [ 68 ] [ 1 ] [ 1925 1466 1018 ] [    0    0    0 ] [      0      0      0 ] [ 0 ],drive [ 67 ] [ 1 ] [ 1925 1467 1021 ] [   10   42   85 ] [   6631  16912  12239 ] [ 0 ],1.10,1.10,1.10,1.10,-19.67,-34.62,0.00,0.50,0.50,0.50,0.50,-6.92,6.40,0.00,0.00,0.00,0.00,0.50,0.00,0.00,0.00,0
1.63711,-17,-30,77,0,DRIVE [ 68 ] [ 1 ] [ 1925 1465 1025 ] [    0    0    0 ] [      0      0      0 ] [ 0 ],drive [ 68 ] [ 1 ] [ 1925 1466 1018 ] [   10   42   85 ] [   6631  16912  12239 ] [ 0 ],1.10,1.10,1.10,1.10,-18.73,-33.23,0.00,0.50,0.50,0.50,0.50,-7.09,6.12,0.00,0.00,0.00,0.00,0.50,0.00,0.00,0.00,0
1.64761,-16,-29,75,0,DRIVE [ 69 ] [ 1 ] [ 1925 1469 1042 ] [    0    0    0 ] [      0      0      0 ] [ 0 ],drive [ 68 ] [ 1 ] [ 1925 1465 1025 ] [   10   42   85 ] [   6631  16912  12239 ] [ 0 ],1.10,1.10,1.10,1.10,-17.54,-31.60,0.00,0.50,0.50,0.50,0.50,-7.23,5.87,0.00,0.00,0.00,0.00,0.50,0.00,0.00,0.00,0
1.6578,-15,-27,73,0,DRIVE [ 69 ] [ 1 ] [ 1925 1481 1057 ] [    0    0    0 ] [      0      0      0 ] [ 0 ],drive [ 69 ] [ 1 ] [ 1925 1469 1042 ] [   10   42   85 ] [   6339  16954  12814 ] [ 0 ],1.10,1.10,1.10,1.10,-16.01,-30.10,0.00,0.50,0.50,0.50,0.50,-7.36,5.62,0.00,0.00,0.00,0.00,0.50,0.00,0.00,0.00,0
1.66786,-13,-26,71,0,DRIVE [ 70 ] [ 1 ] [ 1925 1503 1063 ] [    0    0    0 ] [      0      0      0 ] [ 0 ],drive [ 69 ] [ 1 ] [ 1925 1481 1057 ] [   10   42   85 ] [   6339  16954  12814 ] [ 0 ],1.10,1.10,1.10,1.10,-14.05,-28.92,0.00,0.50,0.50,0.50,0.50,-7.47,5.38,0.00,0.00,0.00,0.00,0.50,0.00,0.00,0.00,0
1.68007,-11,-26,68,0,DRIVE [ 70 ] [ 1 ] [ 1925 1537 1059 ] [    0    0    0 ] [      0      0      0 ] [ 0 ],drive [ 70 ] [ 1 ] [ 1925 1503 1063 ] [   22   62   86 ] [   6339  16954  12814 ] [ 0 ],1.10,1.10,1.10,1.10,-11.73,-28.13,0.00,0.50,0.50,0.50,0.50,-7.56,5.14,0.00,0.00,0.00,0.00,0.50,0.00,0.00,0.00,0
1.69019,-8,-25,66,0,DRIVE [ 71 ] [ 1 ] [ 1925 1581 1041 ] [    0    0    0 ] [      0      0      0 ] [ 0 ],drive [ 70 ] [ 1 ] [ 1925 1537 1059 ] [   22   62   86 ] [   6339  16954  12814 ] [ 0 ],1.10,1.10,1.10,1.10,-9.06,-27.67,0.00,0.50,0.50,0.50,0.50,-7.62,4.90,0.00,0.00,0.00,0.00,0.50,0.00,0.00,0.00,0
1.70084,-6,-25,63,0,DRIVE [ 71 ] [ 1 ] [ 1925 1631 1014 ] [    0    0    0 ] [      0      0      0 ] [ 0 ],drive [ 71 ] [ 1 ] [ 1925 1581 1041 ] [   22   62   86 ] [   6339  16954  12814 ] [ 0 ],1.10,1.10,1.10,1.10,-6.26,-27.32,0.00,0.50,0.50,0.50,0.50,-7.66,4.66,0.00,0.00,0.00,0.00,0.50,0.00,0.00,0.00,0
1.7112,-3,-25,61,0,DRIVE [ 72 ] [ 1 ] [ 1925 1681 0976 ] [    0    0    0 ] [      0      0      0 ] [ 0 ],drive [ 71 ] [ 1 ] [ 1925 1631 1014 ] [   22   62   86 ] [   6236  17139  12813 ] [ 0 ],1.10,1.10,1.10,1.10,-3.58,-27.00,0.00,0.50,0.50,0.50,0.50,-7.67,4.43,0.00,0.00,0.00,0.00,0.50,0.00,0.00,0.00,0
1.72148,-1,-24,58,0,DRIVE [ 72 ] [ 1 ] [ 1925 1730 0933 ] [    0    0    0 ] [      0      0      0 ] [ 0 ],drive [ 72 ] [ 1 ] [ 1925 1681 0976 ] [    3   42   87 ] [   6236  17139  12813 ] [ 0 ],1.10,1.10,1.10,1.10,-1.06,-26.58,0.00,0.50,0.50,0.50,0.50,-7.66,4.19,0.00,0.00,0.00,0.00,0.50,0.00,0.00,0.00,0
1.73347,1,-24,56,0,DRIVE [ 73 ] [ 1 ] [ 1925 1777 0881 ] [    0    0    0 ] [      0      0      0 ] [ 0 ],drive [ 72 ] [ 1 ] [ 1925 1730 0933 ] [    3   42   87 ] [   6236  17139  12813 ] [ 0 ],1.10,1.10,1.10,1.10,1.26,-26.09,0.00,0.50,0.50,0.50,0.50,-7.64,3.97,0.00,0.00,0.00,0.00,0.50,0.00,0.00,0.00,0
1.74324,3,-23,53,0,DRIVE [ 73 ] [ 1 ] [ 1925 1824 0841 ] [    0    0    0 ] [      0      0      0 ] [ 0 ],drive [ 73 ] [ 1 ] [ 1925 1777 0881 ] [    3   42   87 ] [   6236  17139  12813 ] [ 0 ],1.10,1.10,1.10,1.10,3.41,-25.48,0.00,0.50,0.50,0.50,0.50,-7.60,3.75,0.00,0.00,0.00,0.00,0.50,0.00,0.00,0.00,0
1.75453,5,-22,50,0,DRIVE [ 74 ] [ 1 ] [ 1925 1871 0841 ] [    0    0    0 ] [      0      0      0 ] [ 0 ],drive [ 73 ] [ 1 ] [ 1925 1824 0841 ] [    3   42   87 ] [   6236  17139  12813 ] [ 0 ],1.10,1.10,1.10,1.10,5.38,-24.63,0.00,0.50,0.50,0.50,0.50,-7.54,3.54,0.00,0.00,0.00,0.00,0.50,0.00,0.00,0.00,0
1.76468,6,-21,47,0,DRIVE [ 74 ] [ 1 ] [ 1925 1916 0841 ] [    0    0    0 ] [      0      0      0 ] [ 0 ],drive [ 74 ] [ 1 ] [ 1925 1871 0841 ] [    3   42   87 ] [   6236  16879  12955 ] [ 0 ],1.10,1.10,1.10,1.10,7.12,-23.43,0.00,0.50,0.50,0.50,0.50,-7.47,3.34,0.00,0.00,0.00,0.00,0.50,0.00,0.00,0.00,0
1.77464,8,-20,44,0,DRIVE [ 75 ] [ 1 ] [ 1894 1916 0841 ] [    0    0    0 ] [      0      0      0 ] [ 0 ],drive [ 74 ] [ 1 ] [ 1925 1916 0841 ] [    3   26  113 ] [   6236  16879  12955 ] [ 0 ],1.10,1.10,1.10,1.10,8.51,-21.79,0.00,0.50,0.50,0.50,0.50,-7.39,3.16,0.00,0.00,0.00,0.00,0.50,0.00,0.00,0.00,0
1.784,9,-18,41,0,DRIVE [ 75 ] [ 1 ] [ 1858 1916 0841 ] [    0    0    0 ] [      0      0      0 ] [ 0 ],drive [ 75 ] [ 1 ] [ 1894 1916 0841 ] [    3   26  113 ] [   6236  16879  12955 ] [ 0 ],1.10,1.10,1.10,1.10,9.50,-19.98,0.00,0.50,0.50,0.50,0.50,-7.31,3.00,0.00,0.00,0.00,0.00,0.50,0.00,0.00,0.00,0
1.79373,9,-17,38,0,DRIVE [ 76 ] [ 1 ] [ 1831 1916 0841 ] [    0    0    0 ] [      0      0      0 ] [ 1 ],drive [ 75 ] [ 1 ] [ 1858 1916 0841 ] [    3   26  113 ] [   6236  16879  12955 ] [ 0 ],1.10,1.10,1.10,1.10,10.05,-18.28,0.00,0.50,0.50,0.50,0.50,-7.22,2.86,0.00,0.00,0.00,0.00,0.50,0.00,0.00,0.00,0
1.80365,9,-15,35,0,DRIVE [ 76 ] [ 1 ] [ 1807 1916 0860 ] [    0    0    0 ] [      0      0      0 ] [ 1 ],drive [ 76 ] [ 1 ] [ 1831 1916 0841 ] [    3   26  113 ] [   6236  16879  12955 ] [ 1 ],1.10,1.10,1.10,1.10,10.39,-16.81,0.00,0.50,0.50,0.50,0.50,-7.14,2.72,0.00,0.00,0.00,0.00,0.50,0.00,0.00,0.00,0
1.81558,10,-14,32,0,DRIVE [ 77 ] [ 1 ] [ 1787 1916 0871 ] [    0    0    0 ] [      0      0      0 ] [ 1 ],drive [ 76 ] [ 1 ] [ 1807 1916 0860 ] [    3   26  113 ] [   6257  15830  13172 ] [ 1 ],1.10,1.10,1.10,1.10,10.50,-15.42,0.00,0.50,0.50,0.50,0.50,-7.06,2.60,0.00,0.00,0.00,0.00,0.50,0.00,0.00,0.00,0
1.82749,9,-13,29,0,DRIVE [ 77 ] [ 1 ] [ 1771 1916 0879 ] [    0    0    0 ] [      0      0      0 ] [ 1 ],drive [ 77 ] [ 1 ] [ 1787 1916 0871 ] [   20    9   99 ] [   6257  15830  13172 ] [ 1 ],1.10,1.10,1.10,1.10,10.45,-14.08,0.00,0.50,0.50,0.50,0.50,-6.97,2.48,0.00,0.00,0.00,0.00,0.50,0.00,0.00,0.00,0
1.83944,9,-13,29,0,DRIVE [ 78 ] [ 1 ] [ 1785 1916 0971 ] [    0    0    0 ] [      0      0      0 ] [ 0 ],drive [ 77 ] [ 1 ] [ 1771 1916 0879 ] [   20    9   99 ] [   6257  15830  13172 ] [ 1 ],1.10,1.10,1.10,1.10,9.40,-12.67,0.00,0.50,0.50,0.50,0.50,-6.27,2.23,0.00,0.00,0.00,0.00,0.50,0.00,0.00,0.00,0
1.85196,9,-13,29,0,DRIVE [ 78 ] [ 1 ] [ 1798 1916 1056 ] [    0    0    0 ] [      0      0      0 ] [ 0 ],drive [ 78 ] [ 1 ] [ 1785 1916 0971 ] [   20    9   99 ] [   6257  15830  13172 ] [ 0 ],1.10,1.10,1.10,1.10,8.46,-11.41,0.00,0.50,0.50,0.50,0.50,-5.65,2.01,0.00,0.00,0.00,0.00,0.50,0.00,0.00,0.00,0
1.86168,9,-13,29,0,DRIVE [ 79 ] [ 1 ] [ 1810 1916 1134 ] [    0    0    0 ] [      0      0      0 ] [ 0 ],drive [ 78 ] [ 1 ] [ 1798 1916 1056 ] [   20    9   99 ] [   6554  15606  13179 ] [ 0 ],1.10,1.10,1.10,1.10,7.62,-10.27,0.00,0.50,0.50,0.50,0.50,-5.08,1.81,0.00,0.00,0.00,0.00,0.50,0.00,0.00,0.00,0
1.87266,9,-13,29,1,DRIVE [ 79 ] [ 1 ] [ 1821 1916 1205 ] [    0    0    0 ] [      0      0      0 ] [ 0 ],drive [ 79 ] [ 1 ] [ 1810 1916 1134 ] [   21    3   82 ] [   6554  15606  13179 ] [ 0 ],1.10,1.10,1.10,1.10,6.86,-9.24,0.00,0.50,0.50,0.50,0.50,-4.57,1.63,0.00,0.00,0.00,0.00,0.50,0.00,0.00,0.00,0
