timestamp,Xmm,Ymm,Zmm,TouchDetected,OutgoingPacket,IncomingPacket,GainPropAb, GainPropAd, GainPropFl, GainPropEx,PropA, PropB, PropC,GainIntegAb, GainIntegAd, GainIntegFl, GainIntegEx,IntegA, IntegB, IntegC,GainDerivAb, GainDerivAd, GainDerivFl, GainDerivEx,DerivA, DerivB, DerivC,Heading5
1.59617,-61,29,604,1,DRIVE [ 81 ] [ 1 ] [ 1919 1294 0978 ] [    0    0    0 ] [      0      0      0 ] [ 1 ],drive [ 81 ] [ 1 ] [ 1919 1358 0961 ] [   21   24   86 ] [   7402  15392  12132 ] [ 1 ],1.10,1.10,1.10,1.10,-4.94,-2.07,0.00,0.50,0.50,0.50,0.50,-4.43,-5.43,0.00,0.00,0.00,0.00,0.50,0.00,0.00,0.00,0
0.0013893,-61,29,604,0,DRIVE [ 30 ] [ 1 ] [ 1925 1926 1885 ] [    0    0    0 ] [      0      0      0 ] [ 0 ],drive [ 29 ] [ 1 ] [ 1925 1592 1859 ] [    4   48   26 ] [   4214  15782  13072 ] [ 0 ],1.10,1.10,1.10,1.10,-60.09,28.27,0.00,0.50,0.50,0.50,0.50,-0.01,1.24,0.00,0.00,0.00,0.00,0.50,0.00,0.00,0.00,0
0.0176656,-74,17,624,0,DRIVE [ 30 ] [ 1 ] [ 1925 1921 1884 ] [    0    0    0 ] [      0      0      0 ] [ 0 ],drive [ 30 ] [ 1 ] [ 1925 1926 1885 ] [    4   48   26 ] [   4214  15782  13072 ] [ 0 ],1.10,1.10,1.10,1.10,-81.38,19.10,0.00,0.50,0.50,0.50,0.50,0.00,0.00,0.00,0.00,0.00,0.00,0.50,0.00,0.00,0.00,0
0.0324372,-74,16,605,0,DRIVE [ 31 ] [ 1 ] [ 1925 1915 1882 ] [    0    0    0 ] [      0      0      0 ] [ 0 ],drive [ 30 ] [ 1 ] [ 1925 1921 1884 ] [    4   48   26 ] [   3620  16113  13226 ] [ 0 ],1.10,1.10,1.10,1.10,-81.71,18.05,0.00,0.50,0.50,0.50,0.50,0.00,0.00,0.00,0.00,0.00,0.00,0.50,0.00,0.00,0.00,0
0.0471184,-76,15,614,0,DRIVE [ 31 ] [ 1 ] [ 1925 1911 1881 ] [    0    0    0 ] [      0      0      0 ] [ 0 ],drive [ 31 ] [ 1 ] [ 1925 1915 1882 ] [    8    9   13 ] [   3620  16113  13226 ] [ 0 ],1.10,1.10,1.10,1.10,-83.84,16.85,0.00,0.50,0.50,0.50,0.50,0.00,0.00,0.00,0.00,0.00,0.00,0.50,0.00,0.00,0.00,0
0.0618246,-77,14,618,0,DRIVE [ 32 ] [ 1 ] [ 1925 1906 1880 ] [    0    0    0 ] [      0      0      0 ] [ 0 ],drive [ 31 ] [ 1 ] [ 1925 1911 1881 ] [    8    9   13 ] [   3620  16113  13226 ] [ 0 ],1.10,1.10,1.10,1.10,-84.20,15.54,0.00,0.50,0.50,0.50,0.50,0.00,0.00,0.00,0.00,0.00,0.00,0.50,0.00,0.00,0.00,0
0.0764014,-77,14,618,0,DRIVE [ 32 ] [ 1 ] [ 1925 1908 1880 ] [    0    0    0 ] [      0      0      0 ] [ 0 ],drive [ 32 ] [ 1 ] [ 1925 1906 1880 ] [    8    9   13 ] [   3620  16113  13226 ] [ 0 ],1.10,1.10,1.10,1.10,-75.78,13.99,0.00,0.50,0.50,0.50,0.50,0.00,0.00,0.00,0.00,0.00,0.00,0.50,0.00,0.00,0.00,0
0.0908721,-79,14,620,0,DRIVE [ 33 ] [ 1 ] [ 1925 1896 1877 ] [    0    0    0 ] [      0      0      0 ] [ 0 ],drive [ 32 ] [ 1 ] [ 1925 1908 1880 ] [    8    9   13 ] [   3576  15928  13413 ] [ 0 ],1.10,1.10,1.10,1.10,-86.47,15.20,0.00,0.50,0.50,0.50,0.50,0.00,0.00,0.00,0.00,0.00,0.00,0.50,0.00,0.00,0.00,0
0.105067,-82,14,623,0,DRIVE [ 33 ] [ 1 ] [ 1925 1890 1876 ] [    0    0    0 ] [      0      0      0 ] [ 0 ],drive [ 33 ] [ 1 ] [ 1925 1896 1877 ] [   19   16   24 ] [   3576  15928  13413 ] [ 0 ],1.10,1.10,1.10,1.10,-90.11,15.23,0.00,0.50,0.50,0.50,0.50,0.00,0.00,0.00,0.00,0.00,0.00,0.50,0.00,0.00,0.00,0
0.11941,-86,14,627,0,DRIVE [ 34 ] [ 1 ] [ 1925 1884 1874 ] [    0    0    0 ] [      0      0      0 ] [ 0 ],drive [ 33 ] [ 1 ] [ 1925 1890 1876 ] [   19   16   24 ] [   3576  15928  13413 ] [ 0 ],1.10,1.10,1.10,1.10,-94.32,15.53,0.00,0.50,0.50,0.50,0.50,0.00,0.00,0.00,0.00,0.00,0.00,0.50,0.00,0.00,0.00,0
0.134455,-91,15,630,0,DRIVE [ 34 ] [ 1 ] [ 1925 1876 1872 ] [    0    0    0 ] [      0      0      0 ] [ 0 ],drive [ 34 ] [ 1 ] [ 1925 1884 1874 ] [   19   16   24 ] [   3555  15928  13436 ] [ 0 ],1.10,1.10,1.10,1.10,-99.68,16.08,0.00,0.50,0.50,0.50,0.50,0.00,0.00,0.00,0.00,0.00,0.00,0.50,0.00,0.00,0.00,0
0.149051,-91,15,630,0,DRIVE [ 35 ] [ 1 ] [ 1925 1881 1873 ] [    0    0    0 ] [      0      0      0 ] [ 0 ],drive [ 34 ] [ 1 ] [ 1925 1876 1872 ] [   23   17   24 ] [   3555  15928  13436 ] [ 0 ],1.10,1.10,1.10,1.10,-89.71,14.48,0.00,0.50,0.50,0.50,0.50,0.00,0.00,0.00,0.00,0.00,0.00,0.50,0.00,0.00,0.00,0
0.164653,-3,-143,630,0,DRIVE [ 35 ] [ 1 ] [ 1925 1924 1767 ] [    0    0    0 ] [      0      0      0 ] [ 0 ],drive [ 35 ] [ 1 ] [ 1925 1881 1873 ] [   23   17   24 ] [   3555  15928  13436 ] [ 0 ],1.10,1.10,1.10,1.10,-3.54,-157.40,0.00,0.50,0.50,0.50,0.50,0.00,0.00,0.00,0.00,0.00,0.00,0.50,0.00,0.00,0.00,0
0.179206,-8,-138,619,0,DRIVE [ 36 ] [ 1 ] [ 1925 1922 1760 ] [    0    0    0 ] [      0      0      0 ] [ 0 ],drive [ 35 ] [ 1 ] [ 1925 1924 1767 ] [   23   17   24 ] [   3555  15928  13436 ] [ 0 ],1.10,1.10,1.10,1.10,-8.84,-151.88,0.00,0.50,0.50,0.50,0.50,0.00,0.00,0.00,0.00,0.00,0.00,0.50,0.00,0.00,0.00,0
0.194211,-9,-133,604,0,DRIVE [ 36 ] [ 1 ] [ 1925 1922 1752 ] [    0    0    0 ] [      0      0      0 ] [ 0 ],drive [ 36 ] [ 1 ] [ 1925 1922 1760 ] [   23   17   24 ] [   3555  15928  13435 ] [ 0 ],1.10,1.10,1.10,1.10,-9.66,-146.65,0.00,0.50,0.50,0.50,0.50,0.00,0.00,0.00,0.00,0.00,0.00,0.50,0.00,0.00,0.00,0
0.209062,-9,-132,603,0,DRIVE [ 37 ] [ 1 ] [ 1925 1921 1743 ] [    0    0    0 ] [      0      0      0 ] [ 0 ],drive [ 36 ] [ 1 ] [ 1925 1922 1752 ] [   23    4   34 ] [   3555  15928  13435 ] [ 0 ],1.10,1.10,1.10,1.10,-9.70,-145.23,0.00,0.50,0.50,0.50,0.50,0.00,0.00,0.00,0.00,0.00,0.00,0.50,0.00,0.00,0.00,0
0.224287,-8,-132,606,0,DRIVE [ 37 ] [ 1 ] [ 1925 1921 1733 ] [    0    0    0 ] [      0      0      0 ] [ 0 ],drive [ 37 ] [ 1 ] [ 1925 1921 1743 ] [   23    4   34 ] [   3555  15928  13435 ] [ 0 ],1.10,1.10,1.10,1.10,-9.31,-144.89,0.00,0.50,0.50,0.50,0.50,0.00,0.00,0.00,0.00,0.00,0.00,0.50,0.00,0.00,0.00,0
0.238528,-8,-130,605,0,DRIVE [ 38 ] [ 1 ] [ 1925 1921 1724 ] [    0    0    0 ] [      0      0      0 ] [ 0 ],drive [ 37 ] [ 1 ] [ 1925 1921 1733 ] [   23    4   34 ] [   3556  15717  13531 ] [ 0 ],1.10,1.10,1.10,1.10,-8.73,-143.05,0.00,0.50,0.50,0.50,0.50,0.00,0.00,0.00,0.00,0.00,0.00,0.50,0.00,0.00,0.00,0
0.252901,-8,-129,606,0,DRIVE [ 38 ] [ 1 ] [ 1925 1921 1717 ] [    0    0    0 ] [      0      0      0 ] [ 0 ],drive [ 38 ] [ 1 ] [ 1925 1921 1724 ] [   22    7   22 ] [   3556  15717  13531 ] [ 0 ],1.10,1.10,1.10,1.10,-9.04,-141.46,0.00,0.50,0.50,0.50,0.50,0.00,0.00,0.00,0.00,0.00,0.00,0.50,0.00,0.00,0.00,0
0.267227,-9,-126,604,0,DRIVE [ 39 ] [ 1 ] [ 1925 1920 1711 ] [    0    0    0 ] [      0      0      0 ] [ 0 ],drive [ 38 ] [ 1 ] [ 1925 1921 1717 ] [   22    7   22 ] [   3556  15717  13531 ] [ 0 ],1.10,1.10,1.10,1.10,-10.26,-138.78,0.00,0.50,0.50,0.50,0.50,0.00,0.00,0.00,0.00,0.00,0.00,0.50,0.00,0.00,0.00,0
0.281914,-11,-125,606,0,DRIVE [ 39 ] [ 1 ] [ 1925 1918 1706 ] [    0    0    0 ] [      0      0      0 ] [ 0 ],drive [ 39 ] [ 1 ] [ 1925 1920 1711 ] [   22    7   22 ] [   3556  15611  13532 ] [ 0 ],1.10,1.10,1.10,1.10,-12.41,-137.20,0.00,0.50,0.50,0.50,0.50,0.00,0.00,0.00,0.00,0.00,0.00,0.50,0.00,0.00,0.00,0
0.296967,-13,-123,601,0,DRIVE [ 40 ] [ 1 ] [ 1925 1916 1699 ] [    0    0    0 ] [      0      0      0 ] [ 0 ],drive [ 39 ] [ 1 ] [ 1925 1918 1706 ] [   23   19   25 ] [   3556  15611  13532 ] [ 0 ],1.10,1.10,1.10,1.10,-13.93,-134.84,0.00,0.50,0.50,0.50,0.50,0.00,0.00,0.00,0.00,0.00,0.00,0.50,0.00,0.00,0.00,0
0.310803,-14,-121,597,0,DRIVE [ 40 ] [ 1 ] [ 1925 1915 1691 ] [    0    0    0 ] [      0      0      0 ] [ 0 ],drive [ 40 ] [ 1 ] [ 1925 1916 1699 ] [   23   19   25 ] [   3556  15611  13532 ] [ 0 ],1.10,1.10,1.10,1.10,-15.07,-133.30,0.00,0.50,0.50,0.50,0.50,0.00,0.00,0.00,0.00,0.00,0.00,0.50,0.00,0.00,0.00,0
0.325805,-14,-120,590,0,DRIVE [ 41 ] [ 1 ] [ 1925 1915 1683 ] [    0    0    0 ] [      0      0      0 ] [ 0 ],drive [ 40 ] [ 1 ] [ 1925 1915 1691 ] [   23   19   25 ] [   3556  15611  13532 ] [ 0 ],1.10,1.10,1.10,1.10,-15.09,-131.90,0.00,0.50,0.50,0.50,0.50,0.00,0.00,0.00,0.00,0.00,0.00,0.50,0.00,0.00,0.00,0
0.340995,-14,-122,595,0,DRIVE [ 41 ] [ 1 ] [ 1925 1914 1672 ] [    0    0    0 ] [      0      0      0 ] [ 0 ],drive [ 41 ] [ 1 ] [ 1925 1915 1683 ] [   23   19   25 ] [   3558  15472  13531 ] [ 0 ],1.10,1.10,1.10,1.10,-14.86,-133.70,0.00,0.50,0.50,0.50,0.50,0.00,0.00,0.00,0.00,0.00,0.00,0.50,0.00,0.00,0.00,0
0.355755,-13,-122,593,0,DRIVE [ 42 ] [ 1 ] [ 1925 1914 1661 ] [    0    0    0 ] [      0      0      0 ] [ 0 ],drive [ 41 ] [ 1 ] [ 1925 1914 1672 ] [   21   25   25 ] [   3558  15472  13531 ] [ 0 ],1.10,1.10,1.10,1.10,-14.30,-133.94,0.00,0.50,0.50,0.50,0.50,0.00,0.00,0.00,0.00,0.00,0.00,0.50,0.00,0.00,0.00,0
0.370308,-12,-122,587,0,DRIVE [ 42 ] [ 1 ] [ 1925 1914 1649 ] [    0    0    0 ] [      0      0      0 ] [ 0 ],drive [ 42 ] [ 1 ] [ 1925 1914 1661 ] [   21   25   25 ] [   3558  15472  13531 ] [ 0 ],1.10,1.10,1.10,1.10,-13.33,-133.65,0.00,0.50,0.50,0.50,0.50,0.00,0.00,0.00,0.00,0.00,0.00,0.50,0.00,0.00,0.00,0
0.387095,-11,-120,578,0,DRIVE [ 43 ] [ 1 ] [ 1925 1915 1638 ] [    0    0    0 ] [      0      0      0 ] [ 0 ],drive [ 42 ] [ 1 ] [ 1925 1914 1649 ] [   21   25   25 ] [   3560  15159  13528 ] [ 0 ],1.10,1.10,1.10,1.10,-11.90,-132.36,0.00,0.50,0.50,0.50,0.50,0.00,0.00,0.00,0.00,0.00,0.00,0.50,0.00,0.00,0.00,0
0.404305,-10,-120,576,0,DRIVE [ 43 ] [ 1 ] [ 1925 1916 1625 ] [    0    0    0 ] [      0      0      0 ] [ 0 ],drive [ 43 ] [ 1 ] [ 1925 1915 1638 ] [   17   20   24 ] [   3560  15159  13528 ] [ 0 ],1.10,1.10,1.10,1.10,-10.51,-131.94,0.00,0.50,0.50,0.50,0.50,0.00,0.00,0.00,0.00,0.00,0.00,0.50,0.00,0.00,0.00,0
0.418727,-8,-119,571,0,DRIVE [ 44 ] [ 1 ] [ 1925 1917 1613 ] [    0    0    0 ] [      0      0      0 ] [ 0 ],drive [ 43 ] [ 1 ] [ 1925 1916 1625 ] [   17   20   24 ] [   3560  15159  13528 ] [ 0 ],1.10,1.10,1.10,1.10,-9.07,-130.78,0.00,0.50,0.50,0.50,0.50,0.00,0.00,0.00,0.00,0.00,0.00,0.50,0.00,0.00,0.00,0
0.433827,-6,-116,563,0,DRIVE [ 44 ] [ 1 ] [ 1925 1918 1604 ] [    0    0    0 ] [      0      0      0 ] [ 0 ],drive [ 44 ] [ 1 ] [ 1925 1917 1613 ] [   17   20   24 ] [   3702  14941  13523 ] [ 0 ],1.10,1.10,1.10,1.10,-7.13,-128.11,0.00,0.50,0.50,0.50,0.50,0.00,0.00,0.00,0.00,0.00,0.00,0.50,0.00,0.00,0.00,0
0.447628,-5,-114,555,0,DRIVE [ 45 ] [ 1 ] [ 1925 1920 1596 ] [    0    0    0 ] [      0      0      0 ] [ 0 ],drive [ 44 ] [ 1 ] [ 1925 1918 1604 ] [   17   19   27 ] [   3702  14941  13523 ] [ 0 ],1.10,1.10,1.10,1.10,-5.24,-125.08,0.00,0.50,0.50,0.50,0.50,0.00,0.00,0.00,0.00,0.00,0.00,0.50,0.00,0.00,0.00,0
0.462196,-3,-111,548,0,DRIVE [ 45 ] [ 1 ] [ 1925 1922 1588 ] [    0    0    0 ] [      0      0      0 ] [ 0 ],drive [ 45 ] [ 1 ] [ 1925 1920 1596 ] [   17   19   27 ] [   3702  14941  13523 ] [ 0 ],1.10,1.10,1.10,1.10,-3.20,-122.10,0.00,0.50,0.50,0.50,0.50,0.00,0.00,0.00,0.00,0.00,0.00,0.50,0.00,0.00,0.00,0
0.476349,0,-106,539,0,DRIVE [ 46 ] [ 1 ] [ 1925 1926 1583 ] [    0    0    0 ] [      0      0      0 ] [ 0 ],drive [ 45 ] [ 1 ] [ 1925 1922 1588 ] [   17   19   27 ] [   3702  14941  13523 ] [ 0 ],1.10,1.10,1.10,1.10,-0.11,-117.03,0.00,0.50,0.50,0.50,0.50,0.00,0.00,0.00,0.00,0.00,0.00,0.50,0.00,0.00,0.00,0
0.490539,3,-102,530,0,DRIVE [ 46 ] [ 1 ] [ 1922 1926 1586 ] [    0    0    0 ] [      0      0      0 ] [ 0 ],drive [ 46 ] [ 1 ] [ 1925 1926 1583 ] [   17   19   27 ] [   3843  14937  13524 ] [ 0 ],1.10,1.10,1.10,1.10,2.91,-111.81,0.00,0.50,0.50,0.50,0.50,0.00,0.00,0.00,0.00,0.00,0.00,0.50,-0.00,0.00,0.00,0
0.504149,6,-95,519,0,DRIVE [ 47 ] [ 1 ] [ 1917 1926 1595 ] [    0    0    0 ] [      0      0      0 ] [ 0 ],drive [ 46 ] [ 1 ] [ 1922 1926 1586 ] [    1    8   31 ] [   3843  14937  13524 ] [ 0 ],1.10,1.10,1.10,1.10,6.59,-104.86,0.00,0.50,0.50,0.50,0.50,0.00,0.00,0.00,0.00,0.00,0.00,0.50,-0.00,0.00,0.00,0
0.517946,9,-89,508,0,DRIVE [ 47 ] [ 1 ] [ 1912 1926 1605 ] [    0    0    0 ] [      0      0      0 ] [ 0 ],drive [ 47 ] [ 1 ] [ 1917 1926 1595 ] [    1    8   31 ] [   3843  14937  13524 ] [ 0 ],1.10,1.10,1.10,1.10,9.92,-98.19,0.00,0.50,0.50,0.50,0.50,0.00,0.00,0.00,0.00,0.00,0.00,0.50,-0.00,0.00,0.00,0
0.531956,12,-84,499,0,DRIVE [ 48 ] [ 1 ] [ 1907 1926 1613 ] [    0    0    0 ] [      0      0      0 ] [ 0 ],drive [ 47 ] [ 1 ] [ 1912 1926 1605 ] [    1    8   31 ] [   3832  14731  13525 ] [ 0 ],1.10,1.10,1.10,1.10,12.99,-92.32,0.00,0.50,0.50,0.50,0.50,0.00,0.00,0.00,0.00,0.00,0.00,0.50,-0.00,0.00,0.00,0
0.546725,14,-79,491,0,DRIVE [ 48 ] [ 1 ] [ 1902 1926 1621 ] [    0    0    0 ] [      0      0      0 ] [ 0 ],drive [ 48 ] [ 1 ] [ 1907 1926 1613 ] [    0    8   29 ] [   3832  14731  13525 ] [ 0 ],1.10,1.10,1.10,1.10,15.73,-87.10,0.00,0.50,0.50,0.50,0.50,0.00,0.00,0.00,0.00,0.00,0.00,0.50,-0.00,0.00,0.00,0
0.560418,16,-74,479,0,DRIVE [ 49 ] [ 1 ] [ 1897 1926 1630 ] [    0    0    0 ] [      0      0      0 ] [ 0 ],drive [ 48 ] [ 1 ] [ 1902 1926 1621 ] [    0    8   29 ] [   3832  14731  13525 ] [ 0 ],1.10,1.10,1.10,1.10,17.97,-80.85,0.00,0.50,0.50,0.50,0.50,0.00,0.00,0.00,0.00,0.00,0.00,0.50,-0.00,0.00,0.00,0
0.574797,18,-68,468,0,DRIVE [ 49 ] [ 1 ] [ 1892 1926 1639 ] [    0    0    0 ] [      0      0      0 ] [ 0 ],drive [ 49 ] [ 1 ] [ 1897 1926 1630 ] [    0    8   29 ] [   3832  14731  13525 ] [ 0 ],1.10,1.10,1.10,1.10,19.98,-75.05,0.00,0.50,0.50,0.50,0.50,0.00,0.00,0.00,0.00,0.00,0.00,0.50,-0.00,0.00,0.00,0
0.58916,20,-64,458,0,DRIVE [ 50 ] [ 1 ] [ 1887 1926 1647 ] [    0    0    0 ] [      0      0      0 ] [ 0 ],drive [ 49 ] [ 1 ] [ 1892 1926 1639 ] [    0    8   29 ] [   3934  14728  13524 ] [ 0 ],1.10,1.10,1.10,1.10,21.97,-70.14,0.00,0.50,0.50,0.50,0.50,0.00,0.00,0.00,0.00,0.00,0.00,0.50,-0.00,0.00,0.00,0
0.603484,22,-60,447,0,DRIVE [ 50 ] [ 1 ] [ 1882 1926 1653 ] [    0    0    0 ] [      0      0      0 ] [ 0 ],drive [ 50 ] [ 1 ] [ 1887 1926 1647 ] [    0   13   25 ] [   3934  14728  13524 ] [ 0 ],1.10,1.10,1.10,1.10,23.77,-65.76,0.00,0.50,0.50,0.50,0.50,0.00,0.00,0.00,0.00,0.00,0.00,0.50,-0.00,0.00,0.00,0
0.618242,23,-56,435,0,DRIVE [ 51 ] [ 1 ] [ 1876 1926 1659 ] [    0    0    0 ] [      0      0      0 ] [ 0 ],drive [ 50 ] [ 1 ] [ 1882 1926 1653 ] [    0   13   25 ] [   3934  14728  13524 ] [ 0 ],1.10,1.10,1.10,1.10,25.56,-61.47,0.00,0.50,0.50,0.50,0.50,0.00,0.00,0.00,0.00,0.00,0.00,0.50,-0.00,0.00,0.00,0
0.632576,24,-53,424,0,DRIVE [ 51 ] [ 1 ] [ 1870 1926 1661 ] [    0    0    0 ] [      0      0      0 ] [ 0 ],drive [ 51 ] [ 1 ] [ 1876 1926 1659 ] [    0   13   25 ] [   3995  14693  13505 ] [ 0 ],1.10,1.10,1.10,1.10,26.86,-58.05,0.00,0.50,0.50,0.50,0.50,0.00,0.00,0.00,0.00,0.00,0.00,0.50,-0.00,0.00,0.00,0
0.646049,25,-50,412,0,DRIVE [ 52 ] [ 1 ] [ 1866 1926 1663 ] [    0    0    0 ] [      0      0      0 ] [ 0 ],drive [ 51 ] [ 1 ] [ 1870 1926 1661 ] [   29   23   33 ] [   3995  14693  13505 ] [ 0 ],1.10,1.10,1.10,1.10,27.48,-54.96,0.00,0.50,0.50,0.50,0.50,0.00,0.00,0.00,0.00,0.00,0.00,0.50,-0.00,0.00,0.00,0
0.659971,25,-48,401,0,DRIVE [ 52 ] [ 1 ] [ 1863 1926 1662 ] [    0    0    0 ] [      0      0      0 ] [ 0 ],drive [ 52 ] [ 1 ] [ 1866 1926 1663 ] [   29   23   33 ] [   3995  14693  13505 ] [ 0 ],1.10,1.10,1.10,1.10,27.56,-52.69,0.00,0.50,0.50,0.50,0.50,0.00,0.00,0.00,0.00,0.00,0.00,0.50,-0.00,0.00,0.00,0
0.673986,25,-47,393,0,DRIVE [ 53 ] [ 1 ] [ 1860 1926 1659 ] [    0    0    0 ] [      0      0      0 ] [ 0 ],drive [ 52 ] [ 1 ] [ 1863 1926 1662 ] [   29   23   33 ] [   3995  14693  13505 ] [ 0 ],1.10,1.10,1.10,1.10,27.43,-51.20,0.00,0.50,0.50,0.50,0.50,0.00,0.00,0.00,0.00,0.00,0.00,0.50,-0.00,0.00,0.00,0
0.687706,23,-45,378,0,DRIVE [ 53 ] [ 1 ] [ 1860 1926 1654 ] [    0    0    0 ] [      0      0      0 ] [ 0 ],drive [ 53 ] [ 1 ] [ 1860 1926 1659 ] [   29   23   33 ] [   4600  14742  13482 ] [ 0 ],1.10,1.10,1.10,1.10,25.85,-48.97,0.00,0.50,0.50,0.50,0.50,0.21,-0.45,0.00,0.00,0.00,0.00,0.50,-0.00,0.00,0.00,0
0.70141,22,-43,368,0,DRIVE [ 54 ] [ 1 ] [ 1860 1926 1647 ] [    0    0    0 ] [      0      0      0 ] [ 0 ],drive [ 53 ] [ 1 ] [ 1860 1926 1654 ] [    8    7   33 ] [   4600  14742  13482 ] [ 0 ],1.10,1.10,1.10,1.10,24.28,-47.51,0.00,0.50,0.50,0.50,0.50,0.40,-0.90,0.00,0.00,0.00,0.00,0.50,-0.00,0.00,0.00,0
0.714424,21,-42,358,0,DRIVE [ 54 ] [ 1 ] [ 1862 1926 1640 ] [    0    0    0 ] [      0      0      0 ] [ 0 ],drive [ 54 ] [ 1 ] [ 1860 1926 1647 ] [    8    7   33 ] [   4600  14742  13482 ] [ 0 ],1.10,1.10,1.10,1.10,22.60,-46.23,0.00,0.50,0.50,0.50,0.50,0.58,-1.33,0.00,0.00,0.00,0.00,0.50,-0.00,0.00,0.00,0
0.727836,19,-41,347,0,DRIVE [ 55 ] [ 1 ] [ 1864 1926 1631 ] [    0    0    0 ] [      0      0      0 ] [ 0 ],drive [ 54 ] [ 1 ] [ 1862 1926 1640 ] [    8    7   33 ] [   4600  14742  13482 ] [ 0 ],1.10,1.10,1.10,1.10,20.66,-45.11,0.00,0.50,0.50,0.50,0.50,0.74,-1.75,0.00,0.00,0.00,0.00,0.50,-0.00,0.00,0.00,0
0.741493,17,-40,334,0,DRIVE [ 55 ] [ 1 ] [ 1867 1926 1618 ] [    0    0    0 ] [      0      0      0 ] [ 0 ],drive [ 55 ] [ 1 ] [ 1864 1926 1631 ] [    8    7   33 ] [   4775  14724  13458 ] [ 0 ],1.10,1.10,1.10,1.10,18.35,-44.13,0.00,0.50,0.50,0.50,0.50,0.88,-2.17,0.00,0.00,0.00,0.00,0.50,-0.00,0.00,0.00,0
0.754745,15,-40,326,0,DRIVE [ 56 ] [ 1 ] [ 1870 1926 1602 ] [    0    0    0 ] [      0      0      0 ] [ 0 ],drive [ 55 ] [ 1 ] [ 1867 1926 1618 ] [   21   -1   34 ] [   4775  14724  13458 ] [ 0 ],1.10,1.10,1.10,1.10,16.54,-44.18,0.00,0.50,0.50,0.50,0.50,1.01,-2.60,0.00,0.00,0.00,0.00,0.50,-0.00,0.00,0.00,0
0.767742,14,-40,315,0,DRIVE [ 56 ] [ 1 ] [ 1872 1926 1582 ] [    0    0    0 ] [      0      0      0 ] [ 0 ],drive [ 56 ] [ 1 ] [ 1870 1926 1602 ] [   21   -1   34 ] [   4775  14724  13458 ] [ 0 ],1.10,1.10,1.10,1.10,15.06,-44.43,0.00,0.50,0.50,0.50,0.50,1.13,-3.03,0.00,0.00,0.00,0.00,0.50,-0.00,0.00,0.00,0
0.780389,13,-41,306,0,DRIVE [ 57 ] [ 1 ] [ 1872 1926 1558 ] [    0    0    0 ] [      0      0      0 ] [ 0 ],drive [ 56 ] [ 1 ] [ 1872 1926 1582 ] [   21   -1   34 ] [   4783  15008  13181 ] [ 0 ],1.10,1.10,1.10,1.10,14.28,-45.27,0.00,0.50,0.50,0.50,0.50,1.25,-3.47,0.00,0.00,0.00,0.00,0.50,-0.00,0.00,0.00,0
0.79316,13,-42,296,0,DRIVE [ 57 ] [ 1 ] [ 1868 1926 1530 ] [    0    0    0 ] [      0      0      0 ] [ 0 ],drive [ 57 ] [ 1 ] [ 1872 1926 1558 ] [   24   24   41 ] [   4783  15008  13181 ] [ 0 ],1.10,1.10,1.10,1.10,14.65,-46.54,0.00,0.50,0.50,0.50,0.50,1.39,-3.92,0.00,0.00,0.00,0.00,0.50,-0.00,0.00,0.00,0
0.805615,16,-45,285,0,DRIVE [ 58 ] [ 1 ] [ 1854 1926 1496 ] [    0    0    0 ] [      0      0      0 ] [ 0 ],drive [ 57 ] [ 1 ] [ 1868 1926 1530 ] [   24   24   41 ] [   4783  15008  13181 ] [ 0 ],1.10,1.10,1.10,1.10,17.29,-49.09,0.00,0.50,0.50,0.50,0.50,1.32,-3.73,0.00,0.00,0.00,0.00,0.50,-0.00,0.00,0.00,0
0.817846,18,-47,275,0,DRIVE [ 58 ] [ 1 ] [ 1838 1926 1460 ] [    0    0    0 ] [      0      0      0 ] [ 0 ],drive [ 58 ] [ 1 ] [ 1854 1926 1496 ] [   24   24   41 ] [   4783  15008  13181 ] [ 0 ],1.10,1.10,1.10,1.10,20.33,-51.73,0.00,0.50,0.50,0.50,0.50,1.25,-3.54,0.00,0.00,0.00,0.00,0.50,-0.00,0.00,0.00,0
0.830202,21,-49,265,0,DRIVE [ 59 ] [ 1 ] [ 1821 1926 1424 ] [    0    0    0 ] [      0      0      0 ] [ 0 ],drive [ 58 ] [ 1 ] [ 1838 1926 1460 ] [   24   24   41 ] [   4781  15038  13151 ] [ 0 ],1.10,1.10,1.10,1.10,23.33,-53.98,0.00,0.50,0.50,0.50,0.50,1.19,-3.36,0.00,0.00,0.00,0.00,0.50,-0.00,0.00,0.00,0
0.841906,23,-50,256,0,DRIVE [ 59 ] [ 1 ] [ 1806 1926 1392 ] [    0    0    0 ] [      0      0      0 ] [ 0 ],drive [ 59 ] [ 1 ] [ 1821 1926 1424 ] [   27   18   48 ] [   4781  15038  13151 ] [ 0 ],1.10,1.10,1.10,1.10,25.53,-55.33,0.00,0.50,0.50,0.50,0.50,1.13,-3.19,0.00,0.00,0.00,0.00,0.50,-0.00,0.00,0.00,0
0.854343,25,-51,247,0,DRIVE [ 60 ] [ 1 ] [ 1793 1926 1363 ] [    0    0    0 ] [      0      0      0 ] [ 0 ],drive [ 59 ] [ 1 ] [ 1806 1926 1392 ] [   27   18   48 ] [   4781  15038  13151 ] [ 0 ],1.10,1.10,1.10,1.10,27.01,-56.11,0.00,0.50,0.50,0.50,0.50,1.07,-3.03,0.00,0.00,0.00,0.00,0.50,-0.00,0.00,0.00,0
0.866361,25,-51,236,0,DRIVE [ 60 ] [ 1 ] [ 1785 1926 1332 ] [    0    0    0 ] [      0      0      0 ] [ 0 ],drive [ 60 ] [ 1 ] [ 1793 1926 1363 ] [   27   18   48 ] [   4781  15038  13151 ] [ 0 ],1.10,1.10,1.10,1.10,26.99,-56.37,0.00,0.50,0.50,0.50,0.50,1.02,-2.88,0.00,0.00,0.00,0.00,0.50,-0.00,0.00,0.00,0
0.87826,24,-51,226,0,DRIVE [ 61 ] [ 1 ] [ 1784 1926 1301 ] [    0    0    0 ] [      0      0      0 ] [ 0 ],drive [ 60 ] [ 1 ] [ 1785 1926 1332 ] [   27   18   48 ] [   4794  14521  13160 ] [ 0 ],1.10,1.10,1.10,1.10,25.90,-56.36,0.00,0.50,0.50,0.50,0.50,0.97,-2.74,0.00,0.00,0.00,0.00,0.50,-0.00,0.00,0.00,0
0.889454,22,-51,217,0,DRIVE [ 61 ] [ 1 ] [ 1787 1926 1271 ] [    0    0    0 ] [      0      0      0 ] [ 0 ],drive [ 61 ] [ 1 ] [ 1784 1926 1301 ] [   27   18   48 ] [   4794  14521  13160 ] [ 0 ],1.10,1.10,1.10,1.10,23.99,-56.09,0.00,0.50,0.50,0.50,0.50,0.92,-2.60,0.00,0.00,0.00,0.00,0.50,-0.00,0.00,0.00,0
0.901083,20,-51,208,0,DRIVE [ 62 ] [ 1 ] [ 1792 1926 1240 ] [    0    0    0 ] [      0      0      0 ] [ 0 ],drive [ 61 ] [ 1 ] [ 1787 1926 1271 ] [   33   17   57 ] [   4794  14521  13160 ] [ 0 ],1.10,1.10,1.10,1.10,22.09,-55.87,0.00,0.50,0.50,0.50,0.50,0.87,-2.47,0.00,0.00,0.00,0.00,0.50,-0.00,0.00,0.00,0
0.912261,19,-51,200,0,DRIVE [ 62 ] [ 1 ] [ 1795 1926 1208 ] [    0    0    0 ] [      0      0      0 ] [ 0 ],drive [ 62 ] [ 1 ] [ 1792 1926 1240 ] [   33   17   57 ] [   4794  14521  13160 ] [ 0 ],1.10,1.10,1.10,1.10,20.51,-55.67,0.00,0.50,0.50,0.50,0.50,0.83,-2.35,0.00,0.00,0.00,0.00,0.50,-0.00,0.00,0.00,0
0.923891,17,-51,192,0,DRIVE [ 63 ] [ 1 ] [ 1798 1926 1172 ] [    0    0    0 ] [      0      0      0 ] [ 0 ],drive [ 62 ] [ 1 ] [ 1795 1926 1208 ] [   33   17   57 ] [   4794  14521  13160 ] [ 0 ],1.10,1.10,1.10,1.10,19.21,-55.67,0.00,0.50,0.50,0.50,0.50,0.79,-2.23,0.00,0.00,0.00,0.00,0.50,-0.00,0.00,0.00,0
0.935171,17,-51,185,0,DRIVE [ 63 ] [ 1 ] [ 1799 1926 1132 ] [    0    0    0 ] [      0      0      0 ] [ 0 ],drive [ 63 ] [ 1 ] [ 1798 1926 1172 ] [   33   17   57 ] [   5073  14738  13169 ] [ 0 ],1.10,1.10,1.10,1.10,18.22,-56.01,0.00,0.50,0.50,0.50,0.50,0.75,-2.12,0.00,0.00,0.00,0.00,0.50,-0.00,0.00,0.00,0
0.946211,16,-51,179,0,DRIVE [ 64 ] [ 1 ] [ 1797 1926 1090 ] [    0    0    0 ] [      0      0      0 ] [ 0 ],drive [ 63 ] [ 1 ] [ 1799 1926 1132 ] [   12    5   77 ] [   5073  14738  13169 ] [ 0 ],1.10,1.10,1.10,1.10,17.59,-56.46,0.00,0.50,0.50,0.50,0.50,0.71,-2.01,0.00,0.00,0.00,0.00,0.50,-0.00,0.00,0.00,0
0.95685,16,-52,172,0,DRIVE [ 64 ] [ 1 ] [ 1795 1926 1046 ] [    0    0    0 ] [      0      0      0 ] [ 0 ],drive [ 64 ] [ 1 ] [ 1797 1926 1090 ] [   12    5   77 ] [   5073  14738  13169 ] [ 0 ],1.10,1.10,1.10,1.10,17.17,-56.96,0.00,0.50,0.50,0.50,0.50,0.68,-1.91,0.00,0.00,0.00,0.00,0.50,-0.00,0.00,0.00,0
0.967882,15,-52,165,0,DRIVE [ 65 ] [ 1 ] [ 1792 1926 0997 ] [    0    0    0 ] [      0      0      0 ] [ 0 ],drive [ 64 ] [ 1 ] [ 1795 1926 1046 ] [   12    5   77 ] [   5073  14738  13169 ] [ 0 ],1.10,1.10,1.10,1.10,16.76,-57.57,0.00,0.50,0.50,0.50,0.50,0.64,-1.82,0.00,0.00,0.00,0.00,0.50,-0.00,0.00,0.00,0
0.978314,15,-53,159,0,DRIVE [ 65 ] [ 1 ] [ 1791 1926 0947 ] [    0    0    0 ] [      0      0      0 ] [ 0 ],drive [ 65 ] [ 1 ] [ 1792 1926 0997 ] [   12    5   77 ] [   5073  14772  13375 ] [ 0 ],1.10,1.10,1.10,1.10,16.22,-58.07,0.00,0.50,0.50,0.50,0.50,0.61,-1.73,0.00,0.00,0.00,0.00,0.50,-0.00,0.00,0.00,0
0.988865,14,-53,152,0,DRIVE [ 66 ] [ 1 ] [ 1790 1926 0895 ] [    0    0    0 ] [      0      0      0 ] [ 0 ],drive [ 65 ] [ 1 ] [ 1791 1926 0947 ] [   12    5   77 ] [   5073  14772  13375 ] [ 0 ],1.10,1.10,1.10,1.10,15.58,-58.25,0.00,0.50,0.50,0.50,0.50,0.58,-1.64,0.00,0.00,0.00,0.00,0.50,-0.00,0.00,0.00,0
0.999245,14,-53,146,0,DRIVE [ 66 ] [ 1 ] [ 1790 1926 0849 ] [    0    0    0 ] [      0      0      0 ] [ 0 ],drive [ 66 ] [ 1 ] [ 1790 1926 0895 ] [   14    0  104 ] [   5073  14772  13375 ] [ 0 ],1.10,1.10,1.10,1.10,14.93,-58.16,0.00,0.50,0.50,0.50,0.50,0.55,-1.56,0.00,0.00,0.00,0.00,0.50,-0.00,0.00,0.00,0
1.00932,13,-52,140,0,DRIVE [ 67 ] [ 1 ] [ 1792 1926 0841 ] [    0    0    0 ] [      0      0      0 ] [ 0 ],drive [ 66 ] [ 1 ] [ 1790 1926 0849 ] [   14    0  104 ] [   5073  14772  13375 ] [ 0 ],1.10,1.10,1.10,1.10,14.09,-57.58,0.00,0.50,0.50,0.50,0.50,0.52,-1.48,0.00,0.00,0.00,0.00,0.50,-0.00,0.00,0.00,0
1.01901,12,-52,134,0,DRIVE [ 67 ] [ 1 ] [ 1796 1926 0841 ] [    0    0    0 ] [      0      0      0 ] [ 0 ],drive [ 67 ] [ 1 ] [ 1792 1926 0841 ] [   14    0  104 ] [   5073  14772  13375 ] [ 0 ],1.10,1.10,1.10,1.10,13.16,-56.72,0.00,0.50,0.50,0.50,0.50,0.50,-1.41,0.00,0.00,0.00,0.00,0.50,-0.00,0.00,0.00,0
1.02903,11,-51,129,0,DRIVE [ 68 ] [ 1 ] [ 1801 1926 0841 ] [    0    0    0 ] [      0      0      0 ] [ 0 ],drive [ 67 ] [ 1 ] [ 1796 1926 0841 ] [   14    0  104 ] [   5074  14775  13942 ] [ 0 ],1.10,1.10,1.10,1.10,12.16,-55.61,0.00,0.50,0.50,0.50,0.50,0.47,-1.34,0.00,0.00,0.00,0.00,0.50,-0.00,0.00,0.00,0
1.03829,10,-49,123,0,DRIVE [ 68 ] [ 1 ] [ 1804 1926 0841 ] [    0    0    0 ] [      0      0      0 ] [ 0 ],drive [ 68 ] [ 1 ] [ 1801 1926 0841 ] [   14    0  104 ] [   5074  14775  13942 ] [ 0 ],1.10,1.10,1.10,1.10,11.25,-54.30,0.00,0.50,0.50,0.50,0.50,0.57,-1.82,0.00,0.00,0.00,0.00,0.50,-0.00,0.00,0.00,0
1.04758,10,-48,118,0,DRIVE [ 69 ] [ 1 ] [ 1807 1926 0841 ] [    0    0    0 ] [      0      0      0 ] [ 0 ],drive [ 68 ] [ 1 ] [ 1804 1926 0841 ] [   14   24  105 ] [   5074  14775  13942 ] [ 0 ],1.10,1.10,1.10,1.10,10.45,-53.16,0.00,0.50,0.50,0.50,0.50,0.65,-2.26,0.00,0.00,0.00,0.00,0.50,-0.00,0.00,0.00,0
1.05686,9,-48,113,0,DRIVE [ 69 ] [ 1 ] [ 1808 1926 0841 ] [    0    0    0 ] [      0      0      0 ] [ 0 ],drive [ 69 ] [ 1 ] [ 1807 1926 0841 ] [   14   24  105 ] [   5074  14775  13942 ] [ 0 ],1.10,1.10,1.10,1.10,9.92,-52.44,0.00,0.50,0.50,0.50,0.50,0.73,-2.70,0.00,0.00,0.00,0.00,0.50,-0.00,0.00,0.00,0
1.06657,9,-47,108,0,DRIVE [ 70 ] [ 1 ] [ 1805 1926 0841 ] [    0    0    0 ] [      0      0      0 ] [ 0 ],drive [ 69 ] [ 1 ] [ 1808 1926 0841 ] [   14   24  105 ] [   5074  14775  13942 ] [ 0 ],1.10,1.10,1.10,1.10,9.64,-52.19,0.00,0.50,0.50,0.50,0.50,0.82,-3.14,0.00,0.00,0.00,0.00,0.50,-0.00,0.00,0.00,0
1.07624,9,-47,103,0,DRIVE [ 70 ] [ 1 ] [ 1800 1926 0841 ] [    0    0    0 ] [      0      0      0 ] [ 0 ],drive [ 70 ] [ 1 ] [ 1805 1926 0841 ] [   14   24  105 ] [   5067  14968  13990 ] [ 0 ],1.10,1.10,1.10,1.10,9.56,-52.20,0.00,0.50,0.50,0.50,0.50,0.90,-3.61,0.00,0.00,0.00,0.00,0.50,-0.00,0.00,0.00,0
1.08534,9,-48,98,0,DRIVE [ 71 ] [ 1 ] [ 1794 1926 0841 ] [    0    0    0 ] [      0      0      0 ] [ 0 ],drive [ 70 ] [ 1 ] [ 1800 1926 0841 ] [   14   24  105 ] [   5067  14968  13990 ] [ 0 ],1.10,1.10,1.10,1.10,9.57,-52.34,0.00,0.50,0.50,0.50,0.50,0.99,-4.07,0.00,0.00,0.00,0.00,0.50,-0.00,0.00,0.00,0
1.095,9,-48,93,0,DRIVE [ 71 ] [ 1 ] [ 1789 1926 0841 ] [    0    0    0 ] [      0      0      0 ] [ 0 ],drive [ 71 ] [ 1 ] [ 1794 1926 0841 ] [   20    4  104 ] [   5067  14968  13990 ] [ 0 ],1.10,1.10,1.10,1.10,9.49,-52.57,0.00,0.50,0.50,0.50,0.50,1.07,-4.51,0.00,0.00,0.00,0.00,0.50,-0.00,0.00,0.00,0
1.10418,8,-48,88,0,DRIVE [ 72 ] [ 1 ] [ 1785 1926 0841 ] [    0    0    0 ] [      0      0      0 ] [ 0 ],drive [ 71 ] [ 1 ] [ 1789 1926 0841 ] [   20    4  104 ] [   5067  14968  13990 ] [ 0 ],1.10,1.10,1.10,1.10,9.19,-52.49,0.00,0.50,0.50,0.50,0.50,1.15,-4.98,0.00,0.00,0.00,0.00,0.50,-0.00,0.00,0.00,0
1.11379,8,-48,83,0,DRIVE [ 72 ] [ 1 ] [ 1784 1926 0841 ] [    0    0    0 ] [      0      0      0 ] [ 0 ],drive [ 72 ] [ 1 ] [ 1785 1926 0841 ] [   20    4  104 ] [   5067  14968  13990 ] [ 0 ],1.10,1.10,1.10,1.10,8.78,-52.43,0.00,0.50,0.50,0.50,0.50,1.22,-5.42,0.00,0.00,0.00,0.00,0.50,-0.00,0.00,0.00,0
1.12531,7,-48,78,0,DRIVE [ 73 ] [ 1 ] [ 1786 1926 0841 ] [    0    0    0 ] [      0      0      0 ] [ 0 ],drive [ 72 ] [ 1 ] [ 1784 1926 0841 ] [   20    4  104 ] [   5067  14968  13990 ] [ 0 ],1.10,1.10,1.10,1.10,8.09,-52.26,0.00,0.50,0.50,0.50,0.50,1.29,-5.88,0.00,0.00,0.00,0.00,0.50,-0.00,0.00,0.00,0
1.13509,6,-47,73,0,DRIVE [ 73 ] [ 1 ] [ 1793 1926 0841 ] [    0    0    0 ] [      0      0      0 ] [ 0 ],drive [ 73 ] [ 1 ] [ 1786 1926 0841 ] [   20    4  104 ] [   5062  14943  13991 ] [ 0 ],1.10,1.10,1.10,1.10,7.14,-51.83,0.00,0.50,0.50,0.50,0.50,1.35,-6.35,0.00,0.00,0.00,0.00,0.50,-0.00,0.00,0.00,0
1.14549,5,-47,68,0,DRIVE [ 74 ] [ 1 ] [ 1809 1926 0841 ] [    0    0    0 ] [      0      0      0 ] [ 0 ],drive [ 73 ] [ 1 ] [ 1793 1926 0841 ] [   22    3  106 ] [   5062  14943  13991 ] [ 0 ],1.10,1.10,1.10,1.10,5.91,-51.22,0.00,0.50,0.50,0.50,0.50,1.39,-6.80,0.00,0.00,0.00,0.00,0.50,-0.00,0.00,0.00,0
1.15719,5,-47,68,0,DRIVE [ 74 ] [ 1 ] [ 1815 1926 0841 ] [    0    0    0 ] [      0      0      0 ] [ 0 ],drive [ 74 ] [ 1 ] [ 1809 1926 0841 ] [   22    3  106 ] [   5062  14943  13991 ] [ 0 ],1.10,1.10,1.10,1.10,5.32,-46.09,0.00,0.50,0.50,0.50,0.50,1.25,-6.12,0.00,0.00,0.00,0.00,0.50,-0.00,0.00,0.00,0
1.16944,5,-47,68,0,DRIVE [ 75 ] [ 1 ] [ 1823 1926 0841 ] [    0    0    0 ] [      0      0      0 ] [ 0 ],drive [ 74 ] [ 1 ] [ 1815 1926 0841 ] [   22    3  106 ] [   5062  14943  13991 ] [ 0 ],1.10,1.10,1.10,1.10,4.78,-41.48,0.00,0.50,0.50,0.50,0.50,1.13,-5.51,0.00,0.00,0.00,0.00,0.50,-0.00,0.00,0.00,0
1.18151,5,-47,68,0,DRIVE [ 75 ] [ 1 ] [ 1832 1926 0841 ] [    0    0    0 ] [      0      0      0 ] [ 0 ],drive [ 75 ] [ 1 ] [ 1823 1926 0841 ] [   22    3  106 ] [   5061  14664  13995 ] [ 0 ],1.10,1.10,1.10,1.10,4.31,-37.34,0.00,0.50,0.50,0.50,0.50,1.02,-4.96,0.00,0.00,0.00,0.00,0.50,-0.00,0.00,0.00,0
1.19064,5,-47,68,0,DRIVE [ 76 ] [ 1 ] [ 1839 1926 0841 ] [    0    0    0 ] [      0      0      0 ] [ 0 ],drive [ 75 ] [ 1 ] [ 1832 1926 0841 ] [   20   16  107 ] [   5061  14664  13995 ] [ 0 ],1.10,1.10,1.10,1.10,3.88,-33.60,0.00,0.50,0.50,0.50,0.50,0.91,-4.46,0.00,0.00,0.00,0.00,0.50,-0.00,0.00,0.00,0
1.20231,5,-47,68,0,DRIVE [ 76 ] [ 1 ] [ 1847 1926 0841 ] [    0    0    0 ] [      0      0      0 ] [ 0 ],drive [ 76 ] [ 1 ] [ 1839 1926 0841 ] [   20   16  107 ] [   5061  14664  13995 ] [ 0 ],1.10,1.10,1.10,1.10,3.49,-30.24,0.00,0.50,0.50,0.50,0.50,0.82,-4.02,0.00,0.00,0.00,0.00,0.50,-0.00,0.00,0.00,0
1.21346,5,-47,68,0,DRIVE [ 77 ] [ 1 ] [ 1854 1926 0841 ] [    0    0    0 ] [      0      0      0 ] [ 0 ],drive [ 76 ] [ 1 ] [ 1847 1926 0841 ] [   20   16  107 ] [   5061  14664  13995 ] [ 0 ],1.10,1.10,1.10,1.10,3.14,-27.22,0.00,0.50,0.50,0.50,0.50,0.74,-3.61,0.00,0.00,0.00,0.00,0.50,-0.00,0.00,0.00,0
1.22529,5,-47,68,0,DRIVE [ 77 ] [ 1 ] [ 1860 1926 0841 ] [    0    0    0 ] [      0      0      0 ] [ 0 ],drive [ 77 ] [ 1 ] [ 1854 1926 0841 ] [   20   16  107 ] [   5061  14664  13995 ] [ 0 ],1.10,1.10,1.10,1.10,2.83,-24.50,0.00,0.50,0.50,0.50,0.50,0.67,-3.25,0.00,0.00,0.00,0.00,0.50,-0.00,0.00,0.00,0
1.23739,5,-47,68,0,DRIVE [ 78 ] [ 1 ] [ 1866 1926 0903 ] [    0    0    0 ] [      0      0      0 ] [ 0 ],drive [ 77 ] [ 1 ] [ 1860 1926 0841 ] [   20   16  107 ] [   5058  14592  13995 ] [ 0 ],1.10,1.10,1.10,1.10,2.54,-22.05,0.00,0.50,0.50,0.50,0.50,0.60,-2.93,0.00,0.00,0.00,0.00,0.50,-0.00,0.00,0.00,0
1.24921,5,-47,68,0,DRIVE [ 78 ] [ 1 ] [ 1872 1926 0994 ] [    0    0    0 ] [      0      0      0 ] [ 0 ],drive [ 78 ] [ 1 ] [ 1866 1926 0903 ] [   21   21  107 ] [   5058  14592  13995 ] [ 0 ],1.10,1.10,1.10,1.10,2.29,-19.84,0.00,0.50,0.50,0.50,0.50,0.54,-2.63,0.00,0.00,0.00,0.00,0.50,-0.00,0.00,0.00,0
1.25898,5,-47,68,0,DRIVE [ 79 ] [ 1 ] [ 1877 1926 1078 ] [    0    0    0 ] [      0      0      0 ] [ 0 ],drive [ 78 ] [ 1 ] [ 1872 1926 0994 ] [   21   21  107 ] [   5058  14592  13995 ] [ 0 ],1.10,1.10,1.10,1.10,2.06,-17.86,0.00,0.50,0.50,0.50,0.50,0.49,-2.37,0.00,0.00,0.00,0.00,0.50,-0.00,0.00,0.00,0
1.26941,5,-47,68,1,DRIVE [ 79 ] [ 1 ] [ 1881 1926 1154 ] [    0    0    0 ] [      0      0      0 ] [ 0 ],drive [ 79 ] [ 1 ] [ 1877 1926 1078 ] [   21   21  107 ] [   5058  14592  13995 ] [ 0 ],1.10,1.10,1.10,1.10,1.85,-16.07,0.00,0.50,0.50,0.50,0.50,0.44,-2.13,0.00,0.00,0.00,0.00,0.50,-0.00,0.00,0.00,0
