timestamp,Xmm,Ymm,Zmm,TouchDetected,OutgoingPacket,IncomingPacket,GainPropAb, GainPropAd, GainPropFl, GainPropEx,PropA, PropB, PropC,GainIntegAb, GainIntegAd, GainIntegFl, GainIntegEx,IntegA, IntegB, IntegC,GainDerivAb, GainDerivAd, GainDerivFl, GainDerivEx,DerivA, DerivB, DerivC,Heading5
2.35467,23,56,717,1,DRIVE [ 56 ] [ 1 ] [ 1282 1896 1881 ] [    0    0    0 ] [      0      0      0 ] [ 1 ],drive [ 56 ] [ 1 ] [ 1310 1899 1881 ] [   53   14   22 ] [  12354  17419  15616 ] [ 1 ],0.80,0.80,0.80,0.80,5.89,4.92,0.00,0.00,0.00,0.00,0.00,-0.00,0.00,0.00,0.00,0.00,0.00,0.00,-0.00,-0.00,0.00,0
0.00225364,23,56,717,0,DRIVE [ 22 ] [ 1 ] [ 1926 1866 1926 ] [    0    0    0 ] [      0      0      0 ] [ 0 ],drive [ 22 ] [ 1 ] [ 1787 1866 1881 ] [   19   29    3 ] [  10262  18409  17609 ] [ 0 ],0.80,0.80,0.80,0.80,16.38,40.44,0.00,0.00,0.00,0.00,0.00,0.00,0.00,0.00,0.00,0.00,0.00,0.00,-0.00,-0.00,0.00,0
0.0196284,38,70,712,0,DRIVE [ 23 ] [ 1 ] [ 1923 1925 1926 ] [    0    0    0 ] [      0      0      0 ] [ 0 ],drive [ 22 ] [ 1 ] [ 1926 1866 1926 ] [   19   29    3 ] [  10262  18409  17609 ] [ 0 ],0.80,0.80,0.80,0.80,30.08,56.21,0.00,0.00,0.00,0.00,0.00,0.00,0.00,0.00,0.00,0.00,0.00,0.00,0.00,0.00,0.00,0
0.034417,41,71,712,0,DRIVE [ 23 ] [ 1 ] [ 1919 1924 1926 ] [    0    0    0 ] [      0      0      0 ] [ 0 ],drive [ 23 ] [ 1 ] [ 1923 1925 1926 ] [   19   29    3 ] [  10138  18512  17622 ] [ 0 ],0.80,0.80,0.80,0.80,32.66,57.07,0.00,0.00,0.00,0.00,0.00,0.00,0.00,0.00,0.00,0.00,0.00,0.00,0.00,0.00,0.00,0
0.0497188,44,72,719,0,DRIVE [ 24 ] [ 1 ] [ 1915 1923 1926 ] [    0    0    0 ] [      0      0      0 ] [ 0 ],drive [ 23 ] [ 1 ] [ 1919 1924 1926 ] [   15    3    2 ] [  10138  18512  17622 ] [ 0 ],0.80,0.80,0.80,0.80,35.07,57.83,0.00,0.00,0.00,0.00,0.00,0.00,0.00,0.00,0.00,0.00,0.00,0.00,0.00,0.00,0.00,0
0.0646413,45,72,722,0,DRIVE [ 24 ] [ 1 ] [ 1912 1922 1926 ] [    0    0    0 ] [      0      0      0 ] [ 0 ],drive [ 24 ] [ 1 ] [ 1915 1923 1926 ] [   15    3    2 ] [  10138  18512  17622 ] [ 0 ],0.80,0.80,0.80,0.80,36.33,57.91,0.00,0.00,0.00,0.00,0.00,0.00,0.00,0.00,0.00,0.00,0.00,0.00,0.00,0.00,0.00,0
0.0787542,45,72,722,0,DRIVE [ 25 ] [ 1 ] [ 1913 1922 1926 ] [    0    0    0 ] [      0      0      0 ] [ 0 ],drive [ 24 ] [ 1 ] [ 1912 1922 1926 ] [   15    3    2 ] [  10138  18512  17622 ] [ 0 ],0.80,0.80,0.80,0.80,32.70,52.12,0.00,0.00,0.00,0.00,0.00,0.00,0.00,0.00,0.00,0.00,0.00,0.00,0.00,0.00,0.00,0
0.0933676,49,75,733,0,DRIVE [ 25 ] [ 1 ] [ 1905 1920 1926 ] [    0    0    0 ] [      0      0      0 ] [ 0 ],drive [ 25 ] [ 1 ] [ 1913 1922 1926 ] [   15    3    2 ] [   9371  18518  17669 ] [ 0 ],0.80,0.80,0.80,0.80,39.03,59.65,0.00,0.00,0.00,0.00,0.00,0.00,0.00,0.00,0.00,0.00,0.00,0.00,0.00,0.00,0.00,0
0.10837,49,75,733,0,DRIVE [ 26 ] [ 1 ] [ 1907 1921 1926 ] [    0    0    0 ] [      0      0      0 ] [ 0 ],drive [ 25 ] [ 1 ] [ 1905 1920 1926 ] [   16    0   -1 ] [   9371  18518  17669 ] [ 0 ],0.80,0.80,0.80,0.80,35.13,53.68,0.00,0.00,0.00,0.00,0.00,0.00,0.00,0.00,0.00,0.00,0.00,0.00,0.00,0.00,0.00,0
0.122991,49,75,733,0,DRIVE [ 26 ] [ 1 ] [ 1909 1921 1926 ] [    0    0    0 ] [      0      0      0 ] [ 0 ],drive [ 26 ] [ 1 ] [ 1907 1921 1926 ] [   16    0   -1 ] [   9371  18518  17669 ] [ 0 ],0.80,0.80,0.80,0.80,31.61,48.31,0.00,0.00,0.00,0.00,0.00,0.00,0.00,0.00,0.00,0.00,0.00,0.00,0.00,0.00,0.00,0
0.13791,55,77,726,0,DRIVE [ 27 ] [ 1 ] [ 1891 1918 1926 ] [    0    0    0 ] [      0      0      0 ] [ 0 ],drive [ 26 ] [ 1 ] [ 1909 1921 1926 ] [   16    0   -1 ] [   9187  18521  17729 ] [ 0 ],0.80,0.80,0.80,0.80,43.80,61.78,0.00,0.00,0.00,0.00,0.00,0.00,0.00,0.00,0.00,0.00,0.00,0.00,0.00,0.00,0.00,0
0.1531,-26,-98,658,0,DRIVE [ 27 ] [ 1 ] [ 1891 1919 1878 ] [    0    0    0 ] [      0      0      0 ] [ 0 ],drive [ 27 ] [ 1 ] [ 1891 1918 1926 ] [    0    3   -1 ] [   9187  18521  17729 ] [ 0 ],0.80,0.80,0.80,0.80,-20.84,-78.28,0.00,0.00,0.00,0.00,0.00,0.00,0.00,0.00,0.00,0.00,0.00,0.00,0.00,0.00,0.00,0
0.168674,-25,-98,658,0,DRIVE [ 28 ] [ 1 ] [ 1891 1919 1873 ] [    0    0    0 ] [      0      0      0 ] [ 0 ],drive [ 27 ] [ 1 ] [ 1891 1919 1878 ] [    0    3   -1 ] [   9187  18521  17729 ] [ 0 ],0.80,0.80,0.80,0.80,-19.97,-78.28,0.00,0.00,0.00,0.00,0.00,0.00,0.00,0.00,0.00,0.00,0.00,0.00,0.00,0.00,0.00,0
0.183745,-24,-99,668,0,DRIVE [ 28 ] [ 1 ] [ 1891 1919 1868 ] [    0    0    0 ] [      0      0      0 ] [ 0 ],drive [ 28 ] [ 1 ] [ 1891 1919 1873 ] [    0    3   -1 ] [   9188  18522  17728 ] [ 0 ],0.80,0.80,0.80,0.80,-18.86,-79.14,0.00,0.00,0.00,0.00,0.00,0.00,0.00,0.00,0.00,0.00,0.00,0.00,0.00,0.00,0.00,0
0.198729,-23,-99,673,0,DRIVE [ 29 ] [ 1 ] [ 1891 1918 1863 ] [    0    0    0 ] [      0      0      0 ] [ 0 ],drive [ 28 ] [ 1 ] [ 1891 1919 1868 ] [    1    1    5 ] [   9188  18522  17728 ] [ 0 ],0.80,0.80,0.80,0.80,-18.55,-79.56,0.00,0.00,0.00,0.00,0.00,0.00,0.00,0.00,0.00,0.00,0.00,0.00,0.00,0.00,0.00,0
0.213372,-22,-98,667,0,DRIVE [ 29 ] [ 1 ] [ 1891 1918 1858 ] [    0    0    0 ] [      0      0      0 ] [ 0 ],drive [ 29 ] [ 1 ] [ 1891 1918 1863 ] [    1    1    5 ] [   9188  18522  17728 ] [ 0 ],0.80,0.80,0.80,0.80,-17.76,-78.40,0.00,0.00,0.00,0.00,0.00,0.00,0.00,0.00,0.00,0.00,0.00,0.00,0.00,0.00,0.00,0
0.228053,-21,-97,664,0,DRIVE [ 30 ] [ 1 ] [ 1891 1918 1854 ] [    0    0    0 ] [      0      0      0 ] [ 0 ],drive [ 29 ] [ 1 ] [ 1891 1918 1858 ] [    1    1    5 ] [   9188  18522  17728 ] [ 0 ],0.80,0.80,0.80,0.80,-16.48,-77.20,0.00,0.00,0.00,0.00,0.00,0.00,0.00,0.00,0.00,0.00,0.00,0.00,0.00,0.00,0.00,0
0.242958,-19,-96,666,0,DRIVE [ 30 ] [ 1 ] [ 1891 1918 1850 ] [    0    0    0 ] [      0      0      0 ] [ 0 ],drive [ 30 ] [ 1 ] [ 1891 1918 1854 ] [    1    1    5 ] [   9188  18459  17730 ] [ 0 ],0.80,0.80,0.80,0.80,-15.27,-76.73,0.00,0.00,0.00,0.00,0.00,0.00,0.00,0.00,0.00,0.00,0.00,0.00,0.00,0.00,0.00,0
0.257654,-17,-95,662,0,DRIVE [ 31 ] [ 1 ] [ 1891 1919 1845 ] [    0    0    0 ] [      0      0      0 ] [ 0 ],drive [ 30 ] [ 1 ] [ 1891 1918 1850 ] [    1   24    4 ] [   9188  18459  17730 ] [ 0 ],0.80,0.80,0.80,0.80,-13.64,-75.70,0.00,0.00,0.00,0.00,0.00,0.00,0.00,0.00,0.00,0.00,0.00,0.00,0.00,0.00,0.00,0
0.27209,-15,-93,656,0,DRIVE [ 31 ] [ 1 ] [ 1891 1919 1841 ] [    0    0    0 ] [      0      0      0 ] [ 0 ],drive [ 31 ] [ 1 ] [ 1891 1919 1845 ] [    1   24    4 ] [   9188  18459  17730 ] [ 0 ],0.80,0.80,0.80,0.80,-12.00,-74.60,0.00,0.00,0.00,0.00,0.00,0.00,0.00,0.00,0.00,0.00,0.00,0.00,0.00,0.00,0.00,0
0.286962,-13,-92,655,0,DRIVE [ 32 ] [ 1 ] [ 1891 1920 1836 ] [    0    0    0 ] [      0      0      0 ] [ 0 ],drive [ 31 ] [ 1 ] [ 1891 1919 1841 ] [    1   24    4 ] [   9189  18424  17729 ] [ 0 ],0.80,0.80,0.80,0.80,-10.29,-73.92,0.00,0.00,0.00,0.00,0.00,0.00,0.00,0.00,0.00,0.00,0.00,0.00,0.00,0.00,0.00,0
0.303724,-10,-91,651,0,DRIVE [ 32 ] [ 1 ] [ 1891 1920 1832 ] [    0    0    0 ] [      0      0      0 ] [ 0 ],drive [ 32 ] [ 1 ] [ 1891 1920 1836 ] [    2   17    6 ] [   9189  18424  17729 ] [ 0 ],0.80,0.80,0.80,0.80,-8.39,-72.87,0.00,0.00,0.00,0.00,0.00,0.00,0.00,0.00,0.00,0.00,0.00,0.00,0.00,0.00,0.00,0
0.320013,-7,-89,646,0,DRIVE [ 33 ] [ 1 ] [ 1891 1922 1826 ] [    0    0    0 ] [      0      0      0 ] [ 0 ],drive [ 32 ] [ 1 ] [ 1891 1920 1832 ] [    2   17    6 ] [   9189  18424  17729 ] [ 0 ],0.80,0.80,0.80,0.80,-5.38,-71.21,0.00,0.00,0.00,0.00,0.00,0.00,0.00,0.00,0.00,0.00,0.00,0.00,0.00,0.00,0.00,0
0.334445,-3,-87,642,0,DRIVE [ 33 ] [ 1 ] [ 1891 1924 1822 ] [    0    0    0 ] [      0      0      0 ] [ 0 ],drive [ 33 ] [ 1 ] [ 1891 1922 1826 ] [    2   17    6 ] [   9194  18168  17729 ] [ 0 ],0.80,0.80,0.80,0.80,-2.48,-69.33,0.00,0.00,0.00,0.00,0.00,0.00,0.00,0.00,0.00,0.00,0.00,0.00,0.00,0.00,0.00,0
0.349126,0,-84,636,0,DRIVE [ 34 ] [ 1 ] [ 1926 1924 1818 ] [    0    0    0 ] [      0      0      0 ] [ 0 ],drive [ 33 ] [ 1 ] [ 1891 1924 1822 ] [    2   19    7 ] [   9194  18168  17729 ] [ 0 ],0.80,0.80,0.80,0.80,0.19,-67.28,0.00,0.00,0.00,0.00,0.00,0.00,0.00,0.00,0.00,0.00,0.00,0.00,-0.00,0.00,0.00,0
0.372233,4,-81,631,0,DRIVE [ 34 ] [ 1 ] [ 1923 1924 1819 ] [    0    0    0 ] [      0      0      0 ] [ 0 ],drive [ 34 ] [ 1 ] [ 1926 1924 1818 ] [    2   19    7 ] [   9194  18168  17729 ] [ 0 ],0.80,0.80,0.80,0.80,3.12,-64.53,0.00,0.00,0.00,0.00,0.00,0.00,0.00,0.00,0.00,0.00,0.00,0.00,-0.00,0.00,0.00,0
0.389262,8,-78,628,0,DRIVE [ 35 ] [ 1 ] [ 1921 1924 1818 ] [    0    0    0 ] [      0      0      0 ] [ 0 ],drive [ 34 ] [ 1 ] [ 1923 1924 1819 ] [    2   19    7 ] [   9192  17876  17723 ] [ 0 ],0.80,0.80,0.80,0.80,6.02,-62.46,0.00,0.00,0.00,0.00,0.00,0.00,0.00,0.00,0.00,0.00,0.00,0.00,-0.00,0.00,0.00,0
0.403978,12,-76,621,0,DRIVE [ 35 ] [ 1 ] [ 1917 1924 1817 ] [    0    0    0 ] [      0      0      0 ] [ 0 ],drive [ 35 ] [ 1 ] [ 1921 1924 1818 ] [   -1   12   10 ] [   9192  17876  17723 ] [ 0 ],0.80,0.80,0.80,0.80,9.86,-60.69,0.00,0.00,0.00,0.00,0.00,0.00,0.00,0.00,0.00,0.00,0.00,0.00,-0.00,0.00,0.00,0
0.418624,17,-75,615,0,DRIVE [ 36 ] [ 1 ] [ 1913 1924 1816 ] [    0    0    0 ] [      0      0      0 ] [ 0 ],drive [ 35 ] [ 1 ] [ 1917 1924 1817 ] [   -1   12   10 ] [   9192  17876  17723 ] [ 0 ],0.80,0.80,0.80,0.80,13.55,-59.66,0.00,0.00,0.00,0.00,0.00,0.00,0.00,0.00,0.00,0.00,0.00,0.00,-0.00,0.00,0.00,0
0.43328,21,-74,609,0,DRIVE [ 36 ] [ 1 ] [ 1910 1924 1814 ] [    0    0    0 ] [      0      0      0 ] [ 0 ],drive [ 36 ] [ 1 ] [ 1913 1924 1816 ] [   -1   12   10 ] [   9197  17432  17721 ] [ 0 ],0.80,0.80,0.80,0.80,16.60,-59.03,0.00,0.00,0.00,0.00,0.00,0.00,0.00,0.00,0.00,0.00,0.00,0.00,-0.00,0.00,0.00,0
0.447982,23,-72,603,0,DRIVE [ 37 ] [ 1 ] [ 1907 1924 1812 ] [    0    0    0 ] [      0      0      0 ] [ 0 ],drive [ 36 ] [ 1 ] [ 1910 1924 1814 ] [    7   24   10 ] [   9197  17432  17721 ] [ 0 ],0.80,0.80,0.80,0.80,18.55,-57.98,0.00,0.00,0.00,0.00,0.00,0.00,0.00,0.00,0.00,0.00,0.00,0.00,-0.00,0.00,0.00,0
0.462451,24,-69,593,0,DRIVE [ 37 ] [ 1 ] [ 1905 1924 1813 ] [    0    0    0 ] [      0      0      0 ] [ 0 ],drive [ 37 ] [ 1 ] [ 1907 1924 1812 ] [    7   24   10 ] [   9197  17432  17721 ] [ 0 ],0.80,0.80,0.80,0.80,19.12,-54.84,0.00,0.00,0.00,0.00,0.00,0.00,0.00,0.00,0.00,0.00,0.00,0.00,-0.00,0.00,0.00,0
0.476892,24,-65,586,0,DRIVE [ 38 ] [ 1 ] [ 1904 1924 1816 ] [    0    0    0 ] [      0      0      0 ] [ 0 ],drive [ 37 ] [ 1 ] [ 1905 1924 1813 ] [    7   24   10 ] [   9197  17432  17721 ] [ 0 ],0.80,0.80,0.80,0.80,19.52,-51.65,0.00,0.00,0.00,0.00,0.00,0.00,0.00,0.00,0.00,0.00,0.00,0.00,-0.00,0.00,0.00,0
0.493679,25,-60,577,0,DRIVE [ 38 ] [ 1 ] [ 1902 1924 1819 ] [    0    0    0 ] [      0      0      0 ] [ 0 ],drive [ 38 ] [ 1 ] [ 1904 1924 1816 ] [    7   24   10 ] [   9400  17418  17720 ] [ 0 ],0.80,0.80,0.80,0.80,19.96,-48.30,0.00,0.00,0.00,0.00,0.00,0.00,0.00,0.00,0.00,0.00,0.00,0.00,-0.00,0.00,0.00,0
0.509413,26,-56,568,0,DRIVE [ 39 ] [ 1 ] [ 1899 1924 1823 ] [    0    0    0 ] [      0      0      0 ] [ 0 ],drive [ 38 ] [ 1 ] [ 1902 1924 1819 ] [    4   23   13 ] [   9400  17418  17720 ] [ 0 ],0.80,0.80,0.80,0.80,21.14,-44.40,0.00,0.00,0.00,0.00,0.00,0.00,0.00,0.00,0.00,0.00,0.00,0.00,-0.00,0.00,0.00,0
0.525882,28,-52,564,0,DRIVE [ 39 ] [ 1 ] [ 1897 1924 1827 ] [    0    0    0 ] [      0      0      0 ] [ 0 ],drive [ 39 ] [ 1 ] [ 1899 1924 1823 ] [    4   23   13 ] [   9400  17418  17720 ] [ 0 ],0.80,0.80,0.80,0.80,22.31,-41.41,0.00,0.00,0.00,0.00,0.00,0.00,0.00,0.00,0.00,0.00,0.00,0.00,-0.00,0.00,0.00,0
0.54053,29,-48,553,0,DRIVE [ 40 ] [ 1 ] [ 1894 1924 1830 ] [    0    0    0 ] [      0      0      0 ] [ 0 ],drive [ 39 ] [ 1 ] [ 1897 1924 1827 ] [    4   23   13 ] [   9542  17410  17708 ] [ 0 ],0.80,0.80,0.80,0.80,23.07,-38.19,0.00,0.00,0.00,0.00,0.00,0.00,0.00,0.00,0.00,0.00,0.00,0.00,-0.00,0.00,0.00,0
0.557188,30,-44,545,0,DRIVE [ 40 ] [ 1 ] [ 1891 1924 1834 ] [    0    0    0 ] [      0      0      0 ] [ 0 ],drive [ 40 ] [ 1 ] [ 1894 1924 1830 ] [   13   20   13 ] [   9542  17410  17708 ] [ 0 ],0.80,0.80,0.80,0.80,23.88,-35.07,0.00,0.00,0.00,0.00,0.00,0.00,0.00,0.00,0.00,0.00,0.00,0.00,-0.00,0.00,0.00,0
0.575825,31,-39,535,0,DRIVE [ 41 ] [ 1 ] [ 1887 1924 1840 ] [    0    0    0 ] [      0      0      0 ] [ 0 ],drive [ 40 ] [ 1 ] [ 1891 1924 1834 ] [   13   20   13 ] [   9542  17410  17708 ] [ 0 ],0.80,0.80,0.80,0.80,24.96,-31.04,0.00,0.00,0.00,0.00,0.00,0.00,-0.00,0.00,0.00,0.00,0.00,0.00,-0.00,0.00,0.00,0
0.591388,33,-34,528,0,DRIVE [ 41 ] [ 1 ] [ 1883 1924 1845 ] [    0    0    0 ] [      0      0      0 ] [ 0 ],drive [ 41 ] [ 1 ] [ 1887 1924 1840 ] [   13   20   13 ] [   9547  17409  17708 ] [ 0 ],0.80,0.80,0.80,0.80,26.08,-27.42,0.00,0.00,0.00,0.00,0.00,0.00,-0.00,0.00,0.00,0.00,0.00,0.00,-0.00,0.00,0.00,0
0.605917,34,-29,519,0,DRIVE [ 42 ] [ 1 ] [ 1877 1924 1852 ] [    0    0    0 ] [      0      0      0 ] [ 0 ],drive [ 41 ] [ 1 ] [ 1883 1924 1845 ] [   23   21   13 ] [   9547  17409  17708 ] [ 0 ],0.80,0.80,0.80,0.80,27.48,-23.05,0.00,0.00,0.00,0.00,0.00,0.00,-0.00,0.00,0.00,0.00,0.00,0.00,-0.00,0.00,0.00,0
0.621306,36,-24,508,0,DRIVE [ 42 ] [ 1 ] [ 1870 1924 1858 ] [    0    0    0 ] [      0      0      0 ] [ 0 ],drive [ 42 ] [ 1 ] [ 1877 1924 1852 ] [   23   21   13 ] [   9547  17409  17708 ] [ 0 ],0.80,0.80,0.80,0.80,28.62,-19.08,0.00,0.00,0.00,0.00,0.00,0.00,-0.00,0.00,0.00,0.00,0.00,0.00,-0.00,0.00,0.00,0
0.636167,37,-20,500,0,DRIVE [ 43 ] [ 1 ] [ 1863 1924 1863 ] [    0    0    0 ] [      0      0      0 ] [ 0 ],drive [ 42 ] [ 1 ] [ 1870 1924 1858 ] [   23   21   13 ] [   9692  17408  17705 ] [ 0 ],0.80,0.80,0.80,0.80,29.78,-15.72,0.00,0.00,0.00,0.00,0.00,0.00,-0.00,0.00,0.00,0.00,0.00,0.00,-0.00,0.00,0.00,0
0.650443,39,-15,490,0,DRIVE [ 43 ] [ 1 ] [ 1853 1924 1867 ] [    0    0    0 ] [      0      0      0 ] [ 0 ],drive [ 43 ] [ 1 ] [ 1863 1924 1863 ] [    8    3   13 ] [   9692  17408  17705 ] [ 0 ],0.80,0.80,0.80,0.80,31.48,-12.10,0.00,0.00,0.00,0.00,0.00,0.00,-0.00,0.00,0.00,0.00,0.00,0.00,0.00,0.00,0.00,0
0.664781,42,-11,481,0,DRIVE [ 44 ] [ 1 ] [ 1841 1924 1870 ] [    0    0    0 ] [      0      0      0 ] [ 0 ],drive [ 43 ] [ 1 ] [ 1853 1924 1867 ] [    8    3   13 ] [   9692  17408  17705 ] [ 0 ],0.80,0.80,0.80,0.80,33.53,-8.85,0.00,0.00,0.00,0.00,0.00,0.00,-0.00,0.00,0.00,0.00,0.00,0.00,0.00,0.00,0.00,0
0.679197,44,-8,469,0,DRIVE [ 44 ] [ 1 ] [ 1829 1924 1871 ] [    0    0    0 ] [      0      0      0 ] [ 0 ],drive [ 44 ] [ 1 ] [ 1841 1924 1870 ] [    8    3   13 ] [   9692  17408  17705 ] [ 0 ],0.80,0.80,0.80,0.80,35.28,-6.17,0.00,0.00,0.00,0.00,0.00,0.00,-0.00,0.00,0.00,0.00,0.00,0.00,0.00,0.00,0.00,0
0.69352,47,-5,466,0,DRIVE [ 45 ] [ 1 ] [ 1815 1924 1872 ] [    0    0    0 ] [      0      0      0 ] [ 0 ],drive [ 44 ] [ 1 ] [ 1829 1924 1871 ] [    8    3   13 ] [   9754  17229  17694 ] [ 0 ],0.80,0.80,0.80,0.80,37.51,-3.91,0.00,0.00,0.00,0.00,0.00,0.00,-0.00,0.00,0.00,0.00,0.00,0.00,0.00,0.00,0.00,0
0.708216,49,-1,456,0,DRIVE [ 45 ] [ 1 ] [ 1801 1924 1874 ] [    0    0    0 ] [      0      0      0 ] [ 0 ],drive [ 45 ] [ 1 ] [ 1815 1924 1872 ] [   27   23   16 ] [   9754  17229  17694 ] [ 0 ],0.80,0.80,0.80,0.80,38.99,-1.18,0.00,0.00,0.00,0.00,0.00,0.00,-0.00,0.00,0.00,0.00,0.00,0.00,0.00,0.00,0.00,0
0.722357,50,2,446,0,DRIVE [ 46 ] [ 1 ] [ 1786 1924 1876 ] [    0    0    0 ] [      0      0      0 ] [ 0 ],drive [ 45 ] [ 1 ] [ 1801 1924 1874 ] [   27   23   16 ] [   9754  17229  17694 ] [ 0 ],0.80,0.80,0.80,0.80,40.09,1.41,0.00,0.00,0.00,0.00,0.00,0.00,-0.00,0.00,0.00,0.00,0.00,0.00,0.00,0.00,0.00,0
0.736795,51,5,437,0,DRIVE [ 46 ] [ 1 ] [ 1771 1924 1877 ] [    0    0    0 ] [      0      0      0 ] [ 0 ],drive [ 46 ] [ 1 ] [ 1786 1924 1876 ] [   27   23   16 ] [   9941  17205  17674 ] [ 0 ],0.80,0.80,0.80,0.80,41.01,3.72,0.00,0.00,0.00,0.00,0.00,0.00,-0.00,0.00,0.00,0.00,0.00,0.00,0.00,0.00,0.00,0
0.751199,53,7,433,0,DRIVE [ 47 ] [ 1 ] [ 1755 1924 1878 ] [    0    0    0 ] [      0      0      0 ] [ 0 ],drive [ 46 ] [ 1 ] [ 1771 1924 1877 ] [   36   23   22 ] [   9941  17205  17674 ] [ 0 ],0.80,0.80,0.80,0.80,42.72,5.86,0.00,0.00,0.00,0.00,0.00,0.00,-0.00,0.00,0.00,0.00,0.00,0.00,0.00,0.00,0.00,0
0.765609,56,10,425,0,DRIVE [ 47 ] [ 1 ] [ 1734 1924 1878 ] [    0    0    0 ] [      0      0      0 ] [ 0 ],drive [ 47 ] [ 1 ] [ 1755 1924 1878 ] [   36   23   22 ] [   9941  17205  17674 ] [ 0 ],0.80,0.80,0.80,0.80,44.74,7.96,0.00,0.00,0.00,0.00,0.00,0.00,-0.00,0.00,0.00,0.00,0.00,0.00,0.00,0.00,0.00,0
0.779274,58,12,414,0,DRIVE [ 48 ] [ 1 ] [ 1714 1924 1878 ] [    0    0    0 ] [      0      0      0 ] [ 0 ],drive [ 47 ] [ 1 ] [ 1734 1924 1878 ] [   36   23   22 ] [   9941  17205  17674 ] [ 0 ],0.80,0.80,0.80,0.80,46.12,9.73,0.00,0.00,0.00,0.00,0.00,0.00,-0.00,0.00,0.00,0.00,0.00,0.00,0.00,0.00,0.00,0
0.795887,60,14,405,0,DRIVE [ 48 ] [ 1 ] [ 1693 1924 1877 ] [    0    0    0 ] [      0      0      0 ] [ 0 ],drive [ 48 ] [ 1 ] [ 1714 1924 1878 ] [   36   23   22 ] [  10041  17142  17670 ] [ 0 ],0.80,0.80,0.80,0.80,47.66,11.43,0.00,0.00,0.00,0.00,0.00,0.00,-0.00,0.00,0.00,0.00,0.00,0.00,0.00,0.00,0.00,0
0.810783,61,16,396,0,DRIVE [ 49 ] [ 1 ] [ 1671 1924 1877 ] [    0    0    0 ] [      0      0      0 ] [ 0 ],drive [ 48 ] [ 1 ] [ 1693 1924 1877 ] [   28   23   26 ] [  10041  17142  17670 ] [ 0 ],0.80,0.80,0.80,0.80,49.07,13.11,0.00,0.00,0.00,0.00,0.00,0.00,-0.00,0.00,0.00,0.00,0.00,0.00,0.00,0.00,0.00,0
0.824387,64,19,385,0,DRIVE [ 49 ] [ 1 ] [ 1642 1924 1877 ] [    0    0    0 ] [      0      0      0 ] [ 0 ],drive [ 49 ] [ 1 ] [ 1671 1924 1877 ] [   28   23   26 ] [  10041  17142  17670 ] [ 0 ],0.80,0.80,0.80,0.80,51.00,15.18,0.00,0.00,0.00,0.00,0.00,0.00,-0.00,0.00,0.00,0.00,0.00,0.00,0.00,0.00,0.00,0
0.838478,66,21,376,0,DRIVE [ 50 ] [ 1 ] [ 1616 1924 1876 ] [    0    0    0 ] [      0      0      0 ] [ 0 ],drive [ 49 ] [ 1 ] [ 1642 1924 1877 ] [   28   23   26 ] [  10362  17080  17623 ] [ 0 ],0.80,0.80,0.80,0.80,52.60,16.85,0.00,0.00,0.00,0.00,0.00,0.00,-0.00,0.00,0.00,0.00,0.00,0.00,0.00,0.00,0.00,0
0.854204,68,23,368,0,DRIVE [ 50 ] [ 1 ] [ 1590 1924 1876 ] [    0    0    0 ] [      0      0      0 ] [ 0 ],drive [ 50 ] [ 1 ] [ 1616 1924 1876 ] [   44   24    2 ] [  10362  17080  17623 ] [ 0 ],0.80,0.80,0.80,0.80,54.15,18.40,0.00,0.00,0.00,0.00,0.00,0.00,-0.00,0.00,0.00,0.00,0.00,0.00,0.00,0.00,0.00,0
0.870596,70,25,358,0,DRIVE [ 51 ] [ 1 ] [ 1555 1924 1875 ] [    0    0    0 ] [      0      0      0 ] [ 0 ],drive [ 50 ] [ 1 ] [ 1590 1924 1876 ] [   44   24    2 ] [  10362  17080  17623 ] [ 0 ],0.80,0.80,0.80,0.80,56.16,20.31,0.00,0.00,0.00,0.00,0.00,0.00,-0.00,0.00,0.00,0.00,0.00,0.00,0.00,0.00,0.00,0
0.884418,73,27,349,0,DRIVE [ 51 ] [ 1 ] [ 1520 1924 1873 ] [    0    0    0 ] [      0      0      0 ] [ 0 ],drive [ 51 ] [ 1 ] [ 1555 1924 1875 ] [   44   24    2 ] [  10466  17054  17556 ] [ 0 ],0.80,0.80,0.80,0.80,58.07,21.95,0.00,0.00,0.00,0.00,0.00,0.00,-0.00,0.00,0.00,0.00,0.00,0.00,0.00,0.00,0.00,0
0.898413,76,29,342,0,DRIVE [ 52 ] [ 1 ] [ 1485 1924 1871 ] [    0    0    0 ] [      0      0      0 ] [ 0 ],drive [ 51 ] [ 1 ] [ 1520 1924 1873 ] [   54   20   22 ] [  10466  17054  17556 ] [ 0 ],0.80,0.80,0.80,0.80,60.55,23.53,0.00,0.00,0.00,0.00,0.00,0.00,-0.00,0.00,0.00,0.00,0.00,0.00,0.00,0.00,0.00,0
0.911674,79,31,335,0,DRIVE [ 52 ] [ 1 ] [ 1451 1924 1868 ] [    0    0    0 ] [      0      0      0 ] [ 0 ],drive [ 52 ] [ 1 ] [ 1485 1924 1871 ] [   54   20   22 ] [  10466  17054  17556 ] [ 0 ],0.80,0.80,0.80,0.80,62.84,24.64,0.00,0.00,0.00,0.00,0.00,0.00,-0.00,0.00,0.00,0.00,0.00,0.00,0.00,0.00,0.00,0
0.925167,82,33,326,0,DRIVE [ 53 ] [ 1 ] [ 1407 1924 1864 ] [    0    0    0 ] [      0      0      0 ] [ 0 ],drive [ 52 ] [ 1 ] [ 1451 1924 1868 ] [   54   20   22 ] [  10466  17054  17556 ] [ 0 ],0.80,0.80,0.80,0.80,65.76,26.08,0.00,0.00,0.00,0.00,0.00,0.00,-0.00,0.00,0.00,0.00,0.00,0.00,0.00,0.00,0.00,0
0.938425,85,34,318,0,DRIVE [ 53 ] [ 1 ] [ 1364 1924 1860 ] [    0    0    0 ] [      0      0      0 ] [ 0 ],drive [ 53 ] [ 1 ] [ 1407 1924 1864 ] [   54   20   22 ] [  10732  16842  17550 ] [ 0 ],0.80,0.80,0.80,0.80,68.24,27.53,0.00,0.00,0.00,0.00,0.00,0.00,-0.00,0.00,0.00,0.00,0.00,0.00,0.00,0.00,0.00,0
0.95168,88,37,308,0,DRIVE [ 54 ] [ 1 ] [ 1315 1924 1858 ] [    0    0    0 ] [      0      0      0 ] [ 0 ],drive [ 53 ] [ 1 ] [ 1364 1924 1860 ] [   66    2   24 ] [  10732  16842  17550 ] [ 0 ],0.80,0.80,0.80,0.80,70.40,29.27,0.00,0.00,0.00,0.00,0.00,0.00,-0.00,0.00,0.00,0.00,0.00,0.00,0.00,0.00,0.00,0
0.96514,90,38,300,0,DRIVE [ 54 ] [ 1 ] [ 1272 1924 1857 ] [    0    0    0 ] [      0      0      0 ] [ 0 ],drive [ 54 ] [ 1 ] [ 1315 1924 1858 ] [   66    2   24 ] [  10732  16842  17550 ] [ 0 ],0.80,0.80,0.80,0.80,72.03,30.66,0.00,0.00,0.00,0.00,0.00,0.00,-0.00,0.00,0.00,0.00,0.00,0.00,0.00,0.00,0.00,0
0.97779,91,40,293,0,DRIVE [ 55 ] [ 1 ] [ 1232 1924 1856 ] [    0    0    0 ] [      0      0      0 ] [ 0 ],drive [ 54 ] [ 1 ] [ 1272 1924 1857 ] [   66    2   24 ] [  10732  16842  17550 ] [ 0 ],0.80,0.80,0.80,0.80,73.03,31.94,0.00,0.00,0.00,0.00,0.00,0.00,-0.00,0.00,0.00,0.00,0.00,0.00,0.00,0.00,0.00,0
0.991309,92,41,286,0,DRIVE [ 55 ] [ 1 ] [ 1230 1924 1856 ] [    0    0    0 ] [      0      0      0 ] [ 0 ],drive [ 55 ] [ 1 ] [ 1232 1924 1856 ] [   66    2   24 ] [  11402  16749  17486 ] [ 0 ],0.80,0.80,0.80,0.80,73.62,32.94,0.00,0.00,0.00,0.00,0.00,0.00,-0.00,0.00,0.00,0.00,0.00,0.00,0.00,0.00,0.00,0
1.00676,92,42,281,0,DRIVE [ 56 ] [ 1 ] [ 1230 1924 1857 ] [    0    0    0 ] [      0      0      0 ] [ 0 ],drive [ 55 ] [ 1 ] [ 1230 1924 1856 ] [   62   22   22 ] [  11402  16749  17486 ] [ 0 ],0.80,0.80,0.80,0.80,73.97,33.82,0.00,0.00,0.00,0.00,0.00,0.00,-0.00,0.00,0.00,0.00,0.00,0.00,0.00,0.00,0.00,0
1.01995,92,43,273,0,DRIVE [ 56 ] [ 1 ] [ 1230 1924 1857 ] [    0    0    0 ] [      0      0      0 ] [ 0 ],drive [ 56 ] [ 1 ] [ 1230 1924 1857 ] [   62   22   22 ] [  11402  16749  17486 ] [ 0 ],0.80,0.80,0.80,0.80,73.72,34.18,0.00,0.00,0.00,0.00,0.00,0.00,-0.00,0.00,0.00,0.00,0.00,0.00,0.00,0.00,0.00,0
1.03342,92,43,268,0,DRIVE [ 57 ] [ 1 ] [ 1230 1924 1856 ] [    0    0    0 ] [      0      0      0 ] [ 0 ],drive [ 56 ] [ 1 ] [ 1230 1924 1857 ] [   62   22   22 ] [  12094  16737  17270 ] [ 0 ],0.80,0.80,0.80,0.80,73.45,34.09,0.00,0.00,0.00,0.00,0.00,0.00,-0.00,0.00,0.00,0.00,0.00,0.00,0.00,0.00,0.00,0
1.0459,91,42,262,0,DRIVE [ 57 ] [ 1 ] [ 1230 1924 1854 ] [    0    0    0 ] [      0      0      0 ] [ 0 ],drive [ 57 ] [ 1 ] [ 1230 1924 1856 ] [   71   22   30 ] [  12094  16737  17270 ] [ 0 ],0.80,0.80,0.80,0.80,72.92,33.57,0.00,0.00,0.00,0.00,0.00,0.00,-0.00,0.00,0.00,0.00,0.00,0.00,0.00,0.00,0.00,0
1.0586,90,41,256,0,DRIVE [ 58 ] [ 1 ] [ 1230 1924 1851 ] [    0    0    0 ] [      0      0      0 ] [ 0 ],drive [ 57 ] [ 1 ] [ 1230 1924 1854 ] [   71   22   30 ] [  12094  16737  17270 ] [ 0 ],0.80,0.80,0.80,0.80,72.22,32.69,0.00,0.00,0.00,0.00,0.00,0.00,-0.00,0.00,0.00,0.00,0.00,0.00,0.00,0.00,0.00,0
1.07072,90,39,250,0,DRIVE [ 58 ] [ 1 ] [ 1230 1924 1845 ] [    0    0    0 ] [      0      0      0 ] [ 0 ],drive [ 58 ] [ 1 ] [ 1230 1924 1851 ] [   71   22   30 ] [  12094  16737  17270 ] [ 0 ],0.80,0.80,0.80,0.80,71.71,31.38,0.00,0.00,0.00,0.00,0.00,0.00,-0.00,0.00,0.00,0.00,0.00,0.00,0.00,0.00,0.00,0
1.0832,89,38,244,0,DRIVE [ 59 ] [ 1 ] [ 1230 1924 1838 ] [    0    0    0 ] [      0      0      0 ] [ 0 ],drive [ 58 ] [ 1 ] [ 1230 1924 1845 ] [   71   22   30 ] [  12287  16723  17172 ] [ 0 ],0.80,0.80,0.80,0.80,71.27,30.05,0.00,0.00,0.00,0.00,0.00,0.00,-0.00,0.00,0.00,0.00,0.00,0.00,0.00,0.00,0.00,0
1.09569,89,36,238,0,DRIVE [ 59 ] [ 1 ] [ 1230 1924 1830 ] [    0    0    0 ] [      0      0      0 ] [ 0 ],drive [ 59 ] [ 1 ] [ 1230 1924 1838 ] [   73   23   18 ] [  12287  16723  17172 ] [ 0 ],0.80,0.80,0.80,0.80,71.35,28.67,0.00,0.00,0.00,0.00,0.00,0.00,-0.00,0.00,0.00,0.00,0.00,0.00,0.00,0.00,0.00,0
1.10749,90,34,233,0,DRIVE [ 60 ] [ 1 ] [ 1230 1924 1820 ] [    0    0    0 ] [      0      0      0 ] [ 0 ],drive [ 59 ] [ 1 ] [ 1230 1924 1830 ] [   73   23   18 ] [  12287  16723  17172 ] [ 0 ],0.80,0.80,0.80,0.80,72.05,27.38,0.00,0.00,0.00,0.00,0.00,0.00,-0.00,0.00,0.00,0.00,0.00,0.00,0.00,0.00,0.00,0
1.11938,91,32,228,0,DRIVE [ 60 ] [ 1 ] [ 1230 1924 1808 ] [    0    0    0 ] [      0      0      0 ] [ 0 ],drive [ 60 ] [ 1 ] [ 1230 1924 1820 ] [   73   23   18 ] [  12287  16723  17172 ] [ 0 ],0.80,0.80,0.80,0.80,72.84,25.95,0.00,0.00,0.00,0.00,0.00,0.00,-0.00,0.00,0.00,0.00,0.00,0.00,0.00,0.00,0.00,0
1.13177,92,31,223,0,DRIVE [ 61 ] [ 1 ] [ 1230 1924 1795 ] [    0    0    0 ] [      0      0      0 ] [ 0 ],drive [ 60 ] [ 1 ] [ 1230 1924 1808 ] [   73   23   18 ] [  12368  16347  17130 ] [ 0 ],0.80,0.80,0.80,0.80,73.63,24.41,0.00,0.00,0.00,0.00,0.00,0.00,-0.00,0.00,0.00,0.00,0.00,0.00,0.00,0.00,0.00,0
1.14346,93,28,219,0,DRIVE [ 61 ] [ 1 ] [ 1230 1924 1782 ] [    0    0    0 ] [      0      0      0 ] [ 0 ],drive [ 61 ] [ 1 ] [ 1230 1924 1795 ] [   73   23   18 ] [  12368  16347  17130 ] [ 0 ],0.80,0.80,0.80,0.80,74.33,22.78,0.00,0.00,0.00,0.00,0.00,0.00,-0.00,0.00,0.00,0.00,0.00,0.00,0.00,0.00,0.00,0
1.15706,94,26,214,0,DRIVE [ 62 ] [ 1 ] [ 1230 1924 1768 ] [    0    0    0 ] [      0      0      0 ] [ 0 ],drive [ 61 ] [ 1 ] [ 1230 1924 1782 ] [   73   19    9 ] [  12368  16347  17130 ] [ 0 ],0.80,0.80,0.80,0.80,74.80,21.06,0.00,0.00,0.00,0.00,0.00,0.00,-0.00,0.00,0.00,0.00,0.00,0.00,0.00,0.00,0.00,0
1.16924,93,24,210,0,DRIVE [ 62 ] [ 1 ] [ 1230 1924 1755 ] [    0    0    0 ] [      0      0      0 ] [ 0 ],drive [ 62 ] [ 1 ] [ 1230 1924 1768 ] [   73   19    9 ] [  12368  16347  17130 ] [ 0 ],0.80,0.80,0.80,0.80,74.75,19.13,0.00,0.00,0.00,0.00,0.00,0.00,-0.00,0.00,0.00,0.00,0.00,0.00,0.00,0.00,0.00,0
1.18082,93,21,207,0,DRIVE [ 63 ] [ 1 ] [ 1230 1924 1742 ] [    0    0    0 ] [      0      0      0 ] [ 0 ],drive [ 62 ] [ 1 ] [ 1230 1924 1755 ] [   73   19    9 ] [  13062  16057  16875 ] [ 0 ],0.80,0.80,0.80,0.80,74.40,16.86,0.00,0.00,0.00,0.00,0.00,0.00,-0.00,0.00,0.00,0.00,0.00,0.00,0.00,0.00,0.00,0
1.19243,91,18,203,0,DRIVE [ 63 ] [ 1 ] [ 1230 1924 1728 ] [    0    0    0 ] [      0      0      0 ] [ 0 ],drive [ 63 ] [ 1 ] [ 1230 1924 1742 ] [   73   19    9 ] [  13062  16057  16875 ] [ 0 ],0.80,0.80,0.80,0.80,72.78,14.12,0.00,0.00,0.00,0.00,0.00,0.00,-0.00,0.00,0.00,0.00,0.00,0.00,0.00,0.00,0.00,0
1.20373,89,14,198,0,DRIVE [ 64 ] [ 1 ] [ 1230 1924 1715 ] [    0    0    0 ] [      0      0      0 ] [ 0 ],drive [ 63 ] [ 1 ] [ 1230 1924 1728 ] [   68   24   38 ] [  13062  16057  16875 ] [ 0 ],0.80,0.80,0.80,0.80,70.90,11.57,0.00,0.00,0.00,0.00,0.00,0.00,-0.00,0.00,0.00,0.00,0.00,0.00,0.00,0.00,0.00,0
1.21549,87,11,194,0,DRIVE [ 64 ] [ 1 ] [ 1230 1924 1702 ] [    0    0    0 ] [      0      0      0 ] [ 0 ],drive [ 64 ] [ 1 ] [ 1230 1924 1715 ] [   68   24   38 ] [  13062  16057  16875 ] [ 0 ],0.80,0.80,0.80,0.80,69.29,9.06,0.00,0.00,0.00,0.00,0.00,0.00,-0.00,0.00,0.00,0.00,0.00,0.00,0.00,0.00,0.00,0
1.22709,85,8,190,0,DRIVE [ 65 ] [ 1 ] [ 1230 1924 1689 ] [    0    0    0 ] [      0      0      0 ] [ 0 ],drive [ 64 ] [ 1 ] [ 1230 1924 1702 ] [   68   24   38 ] [  13062  16057  16875 ] [ 0 ],0.80,0.80,0.80,0.80,67.61,6.64,0.00,0.00,0.00,0.00,0.00,0.00,-0.00,0.00,0.00,0.00,0.00,0.00,0.00,0.00,0.00,0
1.23801,83,5,187,0,DRIVE [ 65 ] [ 1 ] [ 1230 1924 1675 ] [    0    0    0 ] [      0      0      0 ] [ 0 ],drive [ 65 ] [ 1 ] [ 1230 1924 1689 ] [   68   24   38 ] [  13187  16060  16857 ] [ 0 ],0.80,0.80,0.80,0.80,66.11,4.17,0.00,0.00,0.00,0.00,0.00,0.00,-0.00,0.00,0.00,0.00,0.00,0.00,0.00,0.00,0.00,0
1.24923,80,2,182,0,DRIVE [ 66 ] [ 1 ] [ 1230 1924 1661 ] [    0    0    0 ] [      0      0      0 ] [ 0 ],drive [ 65 ] [ 1 ] [ 1230 1924 1675 ] [   73   24   43 ] [  13187  16060  16857 ] [ 0 ],0.80,0.80,0.80,0.80,64.23,1.88,0.00,0.00,0.00,0.00,0.00,0.00,-0.00,0.00,0.00,0.00,0.00,0.00,-0.00,-0.00,0.00,0
1.26082,78,0,179,0,DRIVE [ 66 ] [ 1 ] [ 1230 1924 1647 ] [    0    0    0 ] [      0      0      0 ] [ 0 ],drive [ 66 ] [ 1 ] [ 1230 1924 1661 ] [   73   24   43 ] [  13187  16060  16857 ] [ 0 ],0.80,0.80,0.80,0.80,62.43,-0.35,0.00,0.00,0.00,0.00,0.00,0.00,-0.00,0.00,0.00,0.00,0.00,0.00,-0.00,0.00,0.00,0
1.27148,75,-3,175,0,DRIVE [ 67 ] [ 1 ] [ 1241 1924 1635 ] [    0    0    0 ] [      0      0      0 ] [ 0 ],drive [ 66 ] [ 1 ] [ 1230 1924 1647 ] [   73   24   43 ] [  13187  16060  16857 ] [ 0 ],0.80,0.80,0.80,0.80,60.33,-2.35,0.00,0.00,0.00,0.00,0.00,0.00,-0.00,0.00,0.00,0.00,0.00,0.00,-0.00,0.00,0.00,0
1.28235,72,-5,171,0,DRIVE [ 67 ] [ 1 ] [ 1266 1924 1625 ] [    0    0    0 ] [      0      0      0 ] [ 0 ],drive [ 67 ] [ 1 ] [ 1241 1924 1635 ] [   73   24   43 ] [  13375  16058  16861 ] [ 0 ],0.80,0.80,0.80,0.80,57.95,-4.21,0.00,0.00,0.00,0.00,0.00,0.00,-0.00,0.00,0.00,0.00,0.00,0.00,-0.00,0.00,0.00,0
1.29315,69,-8,168,0,DRIVE [ 68 ] [ 1 ] [ 1295 1924 1615 ] [    0    0    0 ] [      0      0      0 ] [ 0 ],drive [ 67 ] [ 1 ] [ 1266 1924 1625 ] [   76   25   50 ] [  13375  16058  16861 ] [ 0 ],0.80,0.80,0.80,0.80,55.38,-6.07,0.00,0.00,0.00,0.00,0.00,0.00,-0.00,0.00,0.00,0.00,0.00,0.00,-0.00,0.00,0.00,0
1.30332,65,-10,164,0,DRIVE [ 68 ] [ 1 ] [ 1330 1924 1606 ] [    0    0    0 ] [      0      0      0 ] [ 0 ],drive [ 68 ] [ 1 ] [ 1295 1924 1615 ] [   76   25   50 ] [  13375  16058  16861 ] [ 0 ],0.80,0.80,0.80,0.80,52.33,-7.97,0.00,0.00,0.00,0.00,0.00,0.00,-0.00,0.00,0.00,0.00,0.00,0.00,-0.00,0.00,0.00,0
1.31361,61,-12,161,0,DRIVE [ 69 ] [ 1 ] [ 1369 1924 1598 ] [    0    0    0 ] [      0      0      0 ] [ 0 ],drive [ 68 ] [ 1 ] [ 1330 1924 1606 ] [   76   25   50 ] [  13375  16058  16861 ] [ 0 ],0.80,0.80,0.80,0.80,49.09,-9.86,0.00,0.00,0.00,0.00,0.00,0.00,-0.00,0.00,0.00,0.00,0.00,0.00,-0.00,0.00,0.00,0
1.32396,57,-15,158,0,DRIVE [ 69 ] [ 1 ] [ 1412 1924 1590 ] [    0    0    0 ] [      0      0      0 ] [ 0 ],drive [ 69 ] [ 1 ] [ 1369 1924 1598 ] [   76   25   50 ] [  13375  16058  16861 ] [ 0 ],0.80,0.80,0.80,0.80,45.53,-11.73,0.00,0.00,0.00,0.00,0.00,0.00,-0.00,0.00,0.00,0.00,0.00,0.00,-0.00,0.00,0.00,0
1.33405,52,-17,155,0,DRIVE [ 70 ] [ 1 ] [ 1458 1924 1581 ] [    0    0    0 ] [      0      0      0 ] [ 0 ],drive [ 69 ] [ 1 ] [ 1412 1924 1590 ] [   76   25   50 ] [  13751  16061  16866 ] [ 0 ],0.80,0.80,0.80,0.80,41.81,-13.60,0.00,0.00,0.00,0.00,0.00,0.00,-0.00,0.00,0.00,0.00,0.00,0.00,-0.00,0.00,0.00,0
1.34366,48,-19,152,0,DRIVE [ 70 ] [ 1 ] [ 1504 1924 1570 ] [    0    0    0 ] [      0      0      0 ] [ 0 ],drive [ 70 ] [ 1 ] [ 1458 1924 1581 ] [   52   25   54 ] [  13751  16061  16866 ] [ 0 ],0.80,0.80,0.80,0.80,38.08,-15.53,0.00,0.00,0.00,0.00,0.00,0.00,-0.00,0.00,0.00,0.00,0.00,0.00,-0.00,0.00,0.00,0
1.35338,43,-22,149,0,DRIVE [ 71 ] [ 1 ] [ 1549 1924 1557 ] [    0    0    0 ] [      0      0      0 ] [ 0 ],drive [ 70 ] [ 1 ] [ 1504 1924 1570 ] [   52   25   54 ] [  13751  16061  16866 ] [ 0 ],0.80,0.80,0.80,0.80,34.53,-17.44,0.00,0.00,0.00,0.00,0.00,0.00,-0.00,0.00,0.00,0.00,0.00,0.00,-0.00,0.00,0.00,0
1.36368,39,-24,146,0,DRIVE [ 71 ] [ 1 ] [ 1592 1924 1538 ] [    0    0    0 ] [      0      0      0 ] [ 0 ],drive [ 71 ] [ 1 ] [ 1549 1924 1557 ] [   52   25   54 ] [  13751  16061  16866 ] [ 0 ],0.80,0.80,0.80,0.80,31.11,-19.55,0.00,0.00,0.00,0.00,0.00,0.00,-0.00,0.00,0.00,0.00,0.00,0.00,-0.00,0.00,0.00,0
1.37315,35,-27,144,0,DRIVE [ 72 ] [ 1 ] [ 1632 1924 1512 ] [    0    0    0 ] [      0      0      0 ] [ 0 ],drive [ 71 ] [ 1 ] [ 1592 1924 1538 ] [   52   25   54 ] [  13751  16061  16866 ] [ 0 ],0.80,0.80,0.80,0.80,27.78,-21.80,0.00,0.00,0.00,0.00,0.00,0.00,-0.00,0.00,0.00,0.00,0.00,0.00,-0.00,0.00,0.00,0
1.38367,31,-30,141,0,DRIVE [ 72 ] [ 1 ] [ 1668 1924 1479 ] [    0    0    0 ] [      0      0      0 ] [ 0 ],drive [ 72 ] [ 1 ] [ 1632 1924 1512 ] [   52   25   54 ] [  13735  16065  16870 ] [ 0 ],0.80,0.80,0.80,0.80,24.70,-24.04,0.00,0.00,0.00,0.00,0.00,0.00,-0.00,0.00,0.00,0.00,0.00,0.00,-0.00,0.00,0.00,0
1.39372,27,-33,138,0,DRIVE [ 73 ] [ 1 ] [ 1701 1924 1438 ] [    0    0    0 ] [      0      0      0 ] [ 0 ],drive [ 72 ] [ 1 ] [ 1668 1924 1479 ] [   30   23   59 ] [  13735  16065  16870 ] [ 0 ],0.80,0.80,0.80,0.80,21.75,-26.44,0.00,0.00,0.00,0.00,0.00,0.00,-0.00,0.00,0.00,0.00,0.00,0.00,0.00,0.00,0.00,0
1.40319,24,-36,136,0,DRIVE [ 73 ] [ 1 ] [ 1731 1924 1389 ] [    0    0    0 ] [      0      0      0 ] [ 0 ],drive [ 73 ] [ 1 ] [ 1701 1924 1438 ] [   30   23   59 ] [  13735  16065  16870 ] [ 0 ],0.80,0.80,0.80,0.80,18.96,-28.87,0.00,0.00,0.00,0.00,0.00,0.00,-0.00,0.00,0.00,0.00,0.00,0.00,0.00,0.00,0.00,0
1.41247,21,-39,133,0,DRIVE [ 74 ] [ 1 ] [ 1757 1924 1335 ] [    0    0    0 ] [      0      0      0 ] [ 0 ],drive [ 73 ] [ 1 ] [ 1731 1924 1389 ] [   30   23   59 ] [  13735  16065  16870 ] [ 0 ],0.80,0.80,0.80,0.80,16.43,-31.29,0.00,0.00,0.00,0.00,0.00,0.00,-0.00,0.00,0.00,0.00,0.00,0.00,0.00,0.00,0.00,0
1.42211,17,-42,131,0,DRIVE [ 74 ] [ 1 ] [ 1782 1924 1276 ] [    0    0    0 ] [      0      0      0 ] [ 0 ],drive [ 74 ] [ 1 ] [ 1757 1924 1335 ] [   30   23   59 ] [  13735  16065  16870 ] [ 0 ],0.80,0.80,0.80,0.80,13.98,-33.51,0.00,0.00,0.00,0.00,0.00,0.00,-0.00,0.00,0.00,0.00,0.00,0.00,0.00,0.00,0.00,0
1.43239,14,-45,129,0,DRIVE [ 75 ] [ 1 ] [ 1806 1924 1230 ] [    0    0    0 ] [      0      0      0 ] [ 0 ],drive [ 74 ] [ 1 ] [ 1782 1924 1276 ] [   30   23   59 ] [  13651  16065  16933 ] [ 0 ],0.80,0.80,0.80,0.80,11.55,-35.75,0.00,0.00,0.00,0.00,0.00,0.00,-0.00,0.00,0.00,0.00,0.00,0.00,0.00,0.00,0.00,0
1.44187,12,-47,126,0,DRIVE [ 75 ] [ 1 ] [ 1830 1924 1230 ] [    0    0    0 ] [      0      0      0 ] [ 0 ],drive [ 75 ] [ 1 ] [ 1806 1924 1230 ] [   14   24   63 ] [  13651  16065  16933 ] [ 0 ],0.80,0.80,0.80,0.80,9.21,-37.83,0.00,0.00,0.00,0.00,0.00,0.00,-0.00,0.00,0.00,0.00,0.00,0.00,0.00,0.00,0.00,0
1.45128,9,-49,124,0,DRIVE [ 76 ] [ 1 ] [ 1851 1924 1230 ] [    0    0    0 ] [      0      0      0 ] [ 0 ],drive [ 75 ] [ 1 ] [ 1830 1924 1230 ] [   14   24   63 ] [  13651  16065  16933 ] [ 0 ],0.80,0.80,0.80,0.80,7.11,-39.43,0.00,0.00,0.00,0.00,0.00,0.00,-0.00,0.00,0.00,0.00,0.00,0.00,0.00,0.00,0.00,0
1.46108,6,-51,121,0,DRIVE [ 76 ] [ 1 ] [ 1871 1924 1230 ] [    0    0    0 ] [      0      0      0 ] [ 0 ],drive [ 76 ] [ 1 ] [ 1851 1924 1230 ] [   14   24   63 ] [  13651  16065  16933 ] [ 0 ],0.80,0.80,0.80,0.80,5.11,-40.60,0.00,0.00,0.00,0.00,0.00,0.00,-0.00,0.00,0.00,0.00,0.00,0.00,0.00,0.00,0.00,0
1.47228,4,-52,119,0,DRIVE [ 77 ] [ 1 ] [ 1892 1924 1230 ] [    0    0    0 ] [      0      0      0 ] [ 0 ],drive [ 76 ] [ 1 ] [ 1871 1924 1230 ] [   14   24   63 ] [  13651  16065  16933 ] [ 0 ],0.80,0.80,0.80,0.80,3.11,-41.47,0.00,0.00,0.00,0.00,0.00,0.00,-0.00,0.00,0.00,0.00,0.00,0.00,0.00,0.00,0.00,0
1.48471,1,-53,117,0,DRIVE [ 77 ] [ 1 ] [ 1913 1924 1230 ] [    0    0    0 ] [      0      0      0 ] [ 0 ],drive [ 77 ] [ 1 ] [ 1892 1924 1230 ] [   14   24   63 ] [  13081  16060  17516 ] [ 0 ],0.80,0.80,0.80,0.80,1.19,-42.18,0.00,0.00,0.00,0.00,0.00,0.00,-0.00,0.00,0.00,0.00,0.00,0.00,0.00,0.00,0.00,0
1.49524,-1,-53,114,0,DRIVE [ 78 ] [ 1 ] [ 1913 1919 1230 ] [    0    0    0 ] [      0      0      0 ] [ 0 ],drive [ 77 ] [ 1 ] [ 1913 1924 1230 ] [   12   24   61 ] [  13081  16060  17516 ] [ 0 ],0.80,0.80,0.80,0.80,-0.59,-42.76,0.00,0.00,0.00,0.00,0.00,0.00,-0.00,0.00,0.00,0.00,0.00,0.00,0.00,0.00,0.00,0
1.50702,-3,-55,112,0,DRIVE [ 78 ] [ 1 ] [ 1913 1899 1230 ] [    0    0    0 ] [      0      0      0 ] [ 0 ],drive [ 78 ] [ 1 ] [ 1913 1919 1230 ] [   12   24   61 ] [  13081  16060  17516 ] [ 0 ],0.80,0.80,0.80,0.80,-2.32,-43.67,0.00,0.00,0.00,0.00,0.00,0.00,-0.00,0.00,0.00,0.00,0.00,0.00,0.00,0.00,0.00,0
1.51995,-5,-56,110,0,DRIVE [ 79 ] [ 1 ] [ 1913 1880 1230 ] [    0    0    0 ] [      0      0      0 ] [ 0 ],drive [ 78 ] [ 1 ] [ 1913 1899 1230 ] [   12   24   61 ] [  13081  16060  17516 ] [ 0 ],0.80,0.80,0.80,0.80,-3.96,-44.72,0.00,0.00,0.00,0.00,0.00,0.00,-0.00,0.00,0.00,0.00,0.00,0.00,0.00,0.00,0.00,0
1.53075,-7,-57,107,0,DRIVE [ 79 ] [ 1 ] [ 1913 1860 1230 ] [    0    0    0 ] [      0      0      0 ] [ 0 ],drive [ 79 ] [ 1 ] [ 1913 1880 1230 ] [   12   24   61 ] [  12395  16059  17604 ] [ 0 ],0.80,0.80,0.80,0.80,-5.51,-45.58,0.00,0.00,0.00,0.00,0.00,0.00,-0.00,0.00,0.00,0.00,0.00,0.00,0.00,0.00,0.00,0
1.54001,-9,-58,105,0,DRIVE [ 80 ] [ 1 ] [ 1913 1839 1230 ] [    0    0    0 ] [      0      0      0 ] [ 0 ],drive [ 79 ] [ 1 ] [ 1913 1860 1230 ] [   12   24   61 ] [  12395  16059  17604 ] [ 0 ],0.80,0.80,0.80,0.80,-7.12,-46.43,0.00,0.00,0.00,0.00,0.00,0.00,-0.00,0.00,0.00,0.00,0.00,0.00,0.00,0.00,0.00,0
1.55082,-11,-59,102,0,DRIVE [ 80 ] [ 1 ] [ 1913 1818 1230 ] [    0    0    0 ] [      0      0      0 ] [ 0 ],drive [ 80 ] [ 1 ] [ 1913 1839 1230 ] [   20   29   61 ] [  12395  16059  17604 ] [ 0 ],0.80,0.80,0.80,0.80,-8.70,-47.19,0.00,0.00,0.00,0.00,0.00,0.00,-0.00,0.00,0.00,0.00,0.00,0.00,0.00,0.00,0.00,0
1.56308,-13,-60,100,0,DRIVE [ 81 ] [ 1 ] [ 1913 1793 1230 ] [    0    0    0 ] [      0      0      0 ] [ 0 ],drive [ 80 ] [ 1 ] [ 1913 1818 1230 ] [   20   29   61 ] [  12395  16059  17604 ] [ 0 ],0.80,0.80,0.80,0.80,-10.50,-47.96,0.00,0.00,0.00,0.00,0.00,0.00,-0.00,0.00,0.00,0.00,0.00,0.00,0.00,0.00,0.00,0
1.57506,-15,-61,97,0,DRIVE [ 81 ] [ 1 ] [ 1913 1765 1230 ] [    0    0    0 ] [      0      0      0 ] [ 0 ],drive [ 81 ] [ 1 ] [ 1913 1793 1230 ] [   20   29   61 ] [  12395  16059  17604 ] [ 0 ],0.80,0.80,0.80,0.80,-12.36,-48.55,0.00,0.00,0.00,0.00,0.00,0.00,-0.00,0.00,0.00,0.00,0.00,0.00,0.00,0.00,0.00,0
1.58716,-18,-61,94,0,DRIVE [ 82 ] [ 1 ] [ 1913 1737 1230 ] [    0    0    0 ] [      0      0      0 ] [ 0 ],drive [ 81 ] [ 1 ] [ 1913 1765 1230 ] [   20   29   61 ] [  12270  16068  17606 ] [ 0 ],0.80,0.80,0.80,0.80,-14.27,-49.18,0.00,0.00,0.00,0.00,0.00,0.00,-0.00,0.00,0.00,0.00,0.00,0.00,0.00,0.00,0.00,0
1.5971,-20,-62,92,0,DRIVE [ 82 ] [ 1 ] [ 1913 1706 1230 ] [    0    0    0 ] [      0      0      0 ] [ 0 ],drive [ 82 ] [ 1 ] [ 1913 1737 1230 ] [    2   36   66 ] [  12270  16068  17606 ] [ 0 ],0.80,0.80,0.80,0.80,-16.20,-49.45,0.00,0.00,0.00,0.00,0.00,0.00,-0.00,0.00,0.00,0.00,0.00,0.00,0.00,0.00,0.00,0
1.60737,-23,-62,89,0,DRIVE [ 83 ] [ 1 ] [ 1913 1674 1230 ] [    0    0    0 ] [      0      0      0 ] [ 0 ],drive [ 82 ] [ 1 ] [ 1913 1706 1230 ] [    2   36   66 ] [  12270  16068  17606 ] [ 0 ],0.80,0.80,0.80,0.80,-18.07,-49.43,0.00,0.00,0.00,0.00,0.00,0.00,-0.00,0.00,0.00,0.00,0.00,0.00,0.00,0.00,0.00,0
1.61918,-25,-61,86,0,DRIVE [ 83 ] [ 1 ] [ 1913 1640 1230 ] [    0    0    0 ] [      0      0      0 ] [ 0 ],drive [ 83 ] [ 1 ] [ 1913 1674 1230 ] [    2   36   66 ] [  12270  16068  17606 ] [ 0 ],0.80,0.80,0.80,0.80,-19.92,-49.19,0.00,0.00,0.00,0.00,0.00,0.00,-0.00,0.00,0.00,0.00,0.00,0.00,0.00,0.00,0.00,0
1.6312,-27,-61,84,0,DRIVE [ 84 ] [ 1 ] [ 1913 1606 1230 ] [    0    0    0 ] [      0      0      0 ] [ 0 ],drive [ 83 ] [ 1 ] [ 1913 1640 1230 ] [    2   36   66 ] [  12229  16128  17766 ] [ 0 ],0.80,0.80,0.80,0.80,-21.73,-48.67,0.00,0.00,0.00,0.00,0.00,0.00,-0.00,0.00,0.00,0.00,0.00,0.00,0.00,0.00,0.00,0
1.64311,-29,-60,81,0,DRIVE [ 84 ] [ 1 ] [ 1913 1572 1230 ] [    0    0    0 ] [      0      0      0 ] [ 0 ],drive [ 84 ] [ 1 ] [ 1913 1606 1230 ] [    2   36   66 ] [  12229  16128  17766 ] [ 0 ],0.80,0.80,0.80,0.80,-23.36,-47.96,0.00,0.00,0.00,0.00,0.00,0.00,-0.00,0.00,0.00,0.00,0.00,0.00,0.00,0.00,0.00,0
1.65367,-31,-59,79,0,DRIVE [ 85 ] [ 1 ] [ 1913 1541 1230 ] [    0    0    0 ] [      0      0      0 ] [ 0 ],drive [ 84 ] [ 1 ] [ 1913 1572 1230 ] [    5   27   71 ] [  12229  16128  17766 ] [ 0 ],0.80,0.80,0.80,0.80,-24.69,-47.23,0.00,0.00,0.00,0.00,0.00,0.00,-0.00,0.00,0.00,0.00,0.00,0.00,0.00,0.00,0.00,0
1.66266,-32,-58,77,0,DRIVE [ 85 ] [ 1 ] [ 1913 1513 1230 ] [    0    0    0 ] [      0      0      0 ] [ 0 ],drive [ 85 ] [ 1 ] [ 1913 1541 1230 ] [    5   27   71 ] [  12229  16128  17766 ] [ 0 ],0.80,0.80,0.80,0.80,-25.73,-46.49,0.00,0.00,0.00,0.00,0.00,0.00,-0.00,0.00,0.00,0.00,0.00,0.00,0.00,0.00,0.00,0
1.6751,-33,-57,75,0,DRIVE [ 86 ] [ 1 ] [ 1913 1492 1230 ] [    0    0    0 ] [      0      0      0 ] [ 0 ],drive [ 85 ] [ 1 ] [ 1913 1513 1230 ] [    5   27   71 ] [  12229  16128  17766 ] [ 0 ],0.80,0.80,0.80,0.80,-26.38,-45.63,0.00,0.00,0.00,0.00,0.00,0.00,-0.00,0.00,0.00,0.00,0.00,0.00,0.00,0.00,0.00,0
1.68695,-34,-56,72,0,DRIVE [ 86 ] [ 1 ] [ 1913 1469 1230 ] [    0    0    0 ] [      0      0      0 ] [ 0 ],drive [ 86 ] [ 1 ] [ 1913 1492 1230 ] [    5   27   71 ] [  11961  16711  17834 ] [ 0 ],0.80,0.80,0.80,0.80,-27.05,-44.81,0.00,0.00,0.00,0.00,0.00,0.00,-0.00,0.00,0.00,0.00,0.00,0.00,0.00,0.00,0.00,0
1.69928,-35,-55,70,0,DRIVE [ 87 ] [ 1 ] [ 1913 1446 1230 ] [    0    0    0 ] [      0      0      0 ] [ 0 ],drive [ 86 ] [ 1 ] [ 1913 1469 1230 ] [    3   56   63 ] [  11961  16711  17834 ] [ 0 ],0.80,0.80,0.80,0.80,-27.65,-43.89,0.00,0.00,0.00,0.00,0.00,0.00,-0.00,0.00,0.00,0.00,0.00,0.00,0.00,0.00,0.00,0
1.71122,-35,-54,68,0,DRIVE [ 87 ] [ 1 ] [ 1913 1423 1230 ] [    0    0    0 ] [      0      0      0 ] [ 0 ],drive [ 87 ] [ 1 ] [ 1913 1446 1230 ] [    3   56   63 ] [  11961  16711  17834 ] [ 0 ],0.80,0.80,0.80,0.80,-28.14,-42.83,0.00,0.00,0.00,0.00,0.00,0.00,-0.00,0.00,0.00,0.00,0.00,0.00,0.00,0.00,0.00,0
1.72093,-36,-52,66,0,DRIVE [ 88 ] [ 1 ] [ 1913 1399 1230 ] [    0    0    0 ] [      0      0      0 ] [ 0 ],drive [ 87 ] [ 1 ] [ 1913 1423 1230 ] [    3   56   63 ] [  11961  16711  17834 ] [ 0 ],0.80,0.80,0.80,0.80,-28.58,-41.63,0.00,0.00,0.00,0.00,0.00,0.00,-0.00,0.00,0.00,0.00,0.00,0.00,0.00,0.00,0.00,0
1.73112,-36,-50,64,0,DRIVE [ 88 ] [ 1 ] [ 1913 1376 1230 ] [    0    0    0 ] [      0      0      0 ] [ 0 ],drive [ 88 ] [ 1 ] [ 1913 1399 1230 ] [    3   56   63 ] [  11629  17027  17909 ] [ 0 ],0.80,0.80,0.80,0.80,-28.88,-40.25,0.00,0.00,0.00,0.00,0.00,0.00,-0.00,0.00,0.00,0.00,0.00,0.00,0.00,0.00,0.00,0
1.74296,-36,-50,64,0,DRIVE [ 89 ] [ 1 ] [ 1913 1418 1230 ] [    0    0    0 ] [      0      0      0 ] [ 0 ],drive [ 88 ] [ 1 ] [ 1913 1376 1230 ] [    3   56   63 ] [  11629  17027  17909 ] [ 0 ],0.80,0.80,0.80,0.80,-25.99,-36.22,0.00,0.00,0.00,0.00,0.00,0.00,-0.00,0.00,0.00,0.00,0.00,0.00,0.00,0.00,0.00,0
1.75472,-36,-50,64,0,DRIVE [ 89 ] [ 1 ] [ 1913 1459 1230 ] [    0    0    0 ] [      0      0      0 ] [ 0 ],drive [ 89 ] [ 1 ] [ 1913 1418 1230 ] [    8   52   87 ] [  11629  17027  17909 ] [ 0 ],0.80,0.80,0.80,0.80,-23.39,-32.60,0.00,0.00,0.00,0.00,0.00,0.00,-0.00,0.00,0.00,0.00,0.00,0.00,0.00,0.00,0.00,0
1.76696,-36,-50,64,0,DRIVE [ 90 ] [ 1 ] [ 1913 1498 1230 ] [    0    0    0 ] [      0      0      0 ] [ 0 ],drive [ 89 ] [ 1 ] [ 1913 1459 1230 ] [    8   52   87 ] [  11629  17027  17909 ] [ 0 ],0.80,0.80,0.80,0.80,-21.05,-29.34,0.00,0.00,0.00,0.00,0.00,0.00,-0.00,0.00,0.00,0.00,0.00,0.00,0.00,0.00,0.00,0
1.77895,-36,-50,64,0,DRIVE [ 90 ] [ 1 ] [ 1913 1534 1230 ] [    0    0    0 ] [      0      0      0 ] [ 0 ],drive [ 90 ] [ 1 ] [ 1913 1498 1230 ] [    8   52   87 ] [  11582  17293  18034 ] [ 0 ],0.80,0.80,0.80,0.80,-18.95,-26.41,0.00,0.00,0.00,0.00,0.00,0.00,-0.00,0.00,0.00,0.00,0.00,0.00,0.00,0.00,0.00,0
1.78816,-36,-50,64,0,DRIVE [ 91 ] [ 1 ] [ 1913 1568 1230 ] [    0    0    0 ] [      0      0      0 ] [ 0 ],drive [ 90 ] [ 1 ] [ 1913 1534 1230 ] [    8   52   87 ] [  11582  17293  18034 ] [ 0 ],0.80,0.80,0.80,0.80,-17.05,-23.77,0.00,0.00,0.00,0.00,0.00,0.00,-0.00,0.00,0.00,0.00,0.00,0.00,0.00,0.00,0.00,0
1.79859,-36,-50,64,0,DRIVE [ 91 ] [ 1 ] [ 1913 1601 1230 ] [    0    0    0 ] [      0      0      0 ] [ 0 ],drive [ 91 ] [ 1 ] [ 1913 1568 1230 ] [    3   55   75 ] [  11582  17293  18034 ] [ 0 ],0.80,0.80,0.80,0.80,-15.35,-21.39,0.00,0.00,0.00,0.00,0.00,0.00,-0.00,0.00,0.00,0.00,0.00,0.00,0.00,0.00,0.00,0
1.81108,-36,-50,64,0,DRIVE [ 92 ] [ 1 ] [ 1913 1630 1230 ] [    0    0    0 ] [      0      0      0 ] [ 0 ],drive [ 91 ] [ 1 ] [ 1913 1601 1230 ] [    3   55   75 ] [  11582  17293  18034 ] [ 0 ],0.80,0.80,0.80,0.80,-13.81,-19.25,0.00,0.00,0.00,0.00,0.00,0.00,-0.00,0.00,0.00,0.00,0.00,0.00,0.00,0.00,0.00,0
1.82283,-36,-50,64,0,DRIVE [ 92 ] [ 1 ] [ 1913 1658 1255 ] [    0    0    0 ] [      0      0      0 ] [ 0 ],drive [ 92 ] [ 1 ] [ 1913 1630 1230 ] [    3   55   75 ] [  11582  17293  18034 ] [ 0 ],0.80,0.80,0.80,0.80,-12.43,-17.33,0.00,0.00,0.00,0.00,0.00,0.00,-0.00,0.00,0.00,0.00,0.00,0.00,0.00,0.00,0.00,0
1.83495,-36,-50,64,0,DRIVE [ 93 ] [ 1 ] [ 1913 1683 1318 ] [    0    0    0 ] [      0      0      0 ] [ 0 ],drive [ 92 ] [ 1 ] [ 1913 1658 1255 ] [    3   55   75 ] [  11458  17272  18048 ] [ 0 ],0.80,0.80,0.80,0.80,-11.19,-15.59,0.00,0.00,0.00,0.00,0.00,0.00,-0.00,0.00,0.00,0.00,0.00,0.00,0.00,0.00,0.00,0
1.84449,-36,-50,64,0,DRIVE [ 93 ] [ 1 ] [ 1913 1706 1376 ] [    0    0    0 ] [      0      0      0 ] [ 0 ],drive [ 93 ] [ 1 ] [ 1913 1683 1318 ] [   27   27   66 ] [  11458  17272  18048 ] [ 0 ],0.80,0.80,0.80,0.80,-10.07,-14.03,0.00,0.00,0.00,0.00,0.00,0.00,-0.00,0.00,0.00,0.00,0.00,0.00,0.00,0.00,0.00,0
1.85489,-36,-50,64,0,DRIVE [ 94 ] [ 1 ] [ 1913 1727 1429 ] [    0    0    0 ] [      0      0      0 ] [ 0 ],drive [ 93 ] [ 1 ] [ 1913 1706 1376 ] [   27   27   66 ] [  11458  17272  18048 ] [ 0 ],0.80,0.80,0.80,0.80,-9.06,-12.63,0.00,0.00,0.00,0.00,0.00,0.00,-0.00,0.00,0.00,0.00,0.00,0.00,0.00,0.00,0.00,0
1.86667,-36,-50,64,0,DRIVE [ 94 ] [ 1 ] [ 1913 1746 1477 ] [    0    0    0 ] [      0      0      0 ] [ 0 ],drive [ 94 ] [ 1 ] [ 1913 1727 1429 ] [   27   27   66 ] [  11458  17272  18048 ] [ 0 ],0.80,0.80,0.80,0.80,-8.16,-11.37,0.00,0.00,0.00,0.00,0.00,0.00,-0.00,0.00,0.00,0.00,0.00,0.00,0.00,0.00,0.00,0
1.87889,-36,-50,64,0,DRIVE [ 95 ] [ 1 ] [ 1913 1764 1521 ] [    0    0    0 ] [      0      0      0 ] [ 0 ],drive [ 94 ] [ 1 ] [ 1913 1746 1477 ] [   27   27   66 ] [  11403  17267  18044 ] [ 0 ],0.80,0.80,0.80,0.80,-7.34,-10.23,0.00,0.00,0.00,0.00,0.00,0.00,-0.00,0.00,0.00,0.00,0.00,0.00,0.00,0.00,0.00,0
1.89052,-36,-50,64,0,DRIVE [ 95 ] [ 1 ] [ 1913 1780 1560 ] [    0    0    0 ] [      0      0      0 ] [ 0 ],drive [ 95 ] [ 1 ] [ 1913 1764 1521 ] [   27   27   66 ] [  11403  17267  18044 ] [ 0 ],0.80,0.80,0.80,0.80,-6.61,-9.21,0.00,0.00,0.00,0.00,0.00,0.00,-0.00,0.00,0.00,0.00,0.00,0.00,0.00,0.00,0.00,0
1.90289,-36,-50,64,0,DRIVE [ 96 ] [ 1 ] [ 1913 1794 1596 ] [    0    0    0 ] [      0      0      0 ] [ 0 ],drive [ 95 ] [ 1 ] [ 1913 1780 1560 ] [   27   19   50 ] [  11403  17267  18044 ] [ 0 ],0.80,0.80,0.80,0.80,-5.95,-8.29,0.00,0.00,0.00,0.00,0.00,0.00,-0.00,0.00,0.00,0.00,0.00,0.00,0.00,0.00,0.00,0
1.91247,-36,-50,64,0,DRIVE [ 96 ] [ 1 ] [ 1913 1807 1629 ] [    0    0    0 ] [      0      0      0 ] [ 0 ],drive [ 96 ] [ 1 ] [ 1913 1794 1596 ] [   27   19   50 ] [  11403  17267  18044 ] [ 0 ],0.80,0.80,0.80,0.80,-5.35,-7.46,0.00,0.00,0.00,0.00,0.00,0.00,-0.00,0.00,0.00,0.00,0.00,0.00,0.00,0.00,0.00,0
1.92293,-36,-50,64,0,DRIVE [ 97 ] [ 1 ] [ 1913 1819 1658 ] [    0    0    0 ] [      0      0      0 ] [ 0 ],drive [ 96 ] [ 1 ] [ 1913 1807 1629 ] [   27   19   50 ] [  11403  17267  18044 ] [ 0 ],0.80,0.80,0.80,0.80,-4.82,-6.71,0.00,0.00,0.00,0.00,0.00,0.00,-0.00,0.00,0.00,0.00,0.00,0.00,0.00,0.00,0.00,0
1.93477,-36,-50,64,0,DRIVE [ 97 ] [ 1 ] [ 1913 1829 1685 ] [    0    0    0 ] [      0      0      0 ] [ 0 ],drive [ 97 ] [ 1 ] [ 1913 1819 1658 ] [   27   19   50 ] [  11340  17228  18009 ] [ 0 ],0.80,0.80,0.80,0.80,-4.33,-6.04,0.00,0.00,0.00,0.00,0.00,0.00,-0.00,0.00,0.00,0.00,0.00,0.00,0.00,0.00,0.00,0
1.94696,-36,-50,64,0,DRIVE [ 98 ] [ 1 ] [ 1913 1839 1709 ] [    0    0    0 ] [      0      0      0 ] [ 0 ],drive [ 97 ] [ 1 ] [ 1913 1829 1685 ] [   14   25   25 ] [  11340  17228  18009 ] [ 0 ],0.80,0.80,0.80,0.80,-3.90,-5.44,0.00,0.00,0.00,0.00,0.00,0.00,-0.00,0.00,0.00,0.00,0.00,0.00,0.00,0.00,0.00,0
1.95913,-36,-50,64,0,DRIVE [ 98 ] [ 1 ] [ 1913 1848 1730 ] [    0    0    0 ] [      0      0      0 ] [ 0 ],drive [ 98 ] [ 1 ] [ 1913 1839 1709 ] [   14   25   25 ] [  11340  17228  18009 ] [ 0 ],0.80,0.80,0.80,0.80,-3.51,-4.89,0.00,0.00,0.00,0.00,0.00,0.00,-0.00,0.00,0.00,0.00,0.00,0.00,0.00,0.00,0.00,0
1.97066,-36,-50,64,0,DRIVE [ 99 ] [ 1 ] [ 1913 1855 1750 ] [    0    0    0 ] [      0      0      0 ] [ 0 ],drive [ 98 ] [ 1 ] [ 1913 1848 1730 ] [   14   25   25 ] [  11340  17228  18009 ] [ 0 ],0.80,0.80,0.80,0.80,-3.16,-4.40,0.00,0.00,0.00,0.00,0.00,0.00,-0.00,0.00,0.00,0.00,0.00,0.00,0.00,0.00,0.00,0
1.98182,-36,-50,64,1,DRIVE [ 99 ] [ 1 ] [ 1913 1862 1767 ] [    0    0    0 ] [      0      0      0 ] [ 0 ],drive [ 99 ] [ 1 ] [ 1913 1855 1750 ] [   14   25   25 ] [  11326  17241  17587 ] [ 0 ],0.80,0.80,0.80,0.80,-2.84,-3.96,0.00,0.00,0.00,0.00,0.00,0.00,-0.00,0.00,0.00,0.00,0.00,0.00,0.00,0.00,0.00,0
