timestamp,Xmm,Ymm,Zmm,TouchDetected,OutgoingPacket,IncomingPacket,GainPropAb, GainPropAd, GainPropFl, GainPropEx,PropA, PropB, PropC,GainIntegAb, GainIntegAd, GainIntegFl, GainIntegEx,IntegA, IntegB, IntegC,GainDerivAb, GainDerivAd, GainDerivFl, GainDerivEx,DerivA, DerivB, DerivC,Heading5
1.72118,-79,-33,578,1,DRIVE [ 24 ] [ 1 ] [ 1925 1522 1748 ] [    0    0    0 ] [      0      0      0 ] [ 1 ],drive [ 24 ] [ 1 ] [ 1925 1549 1726 ] [   11   41   18 ] [  12782  15599  16303 ] [ 1 ],0.90,0.90,0.90,0.90,-6.47,-0.36,0.00,0.00,0.00,0.00,0.00,-0.00,0.00,0.00,0.06,0.06,0.06,0.00,1.33,0.07,0.00,0
0.00136617,-79,-33,578,0,DRIVE [ 88 ] [ 1 ] [ 1925 1926 1926 ] [    0    0    0 ] [      0      0      0 ] [ 0 ],drive [ 88 ] [ 1 ] [ 1925 1716 1747 ] [    0   20   22 ] [   9522  15453  17403 ] [ 0 ],0.90,0.90,0.90,0.90,-64.05,-26.49,0.00,0.00,0.00,0.00,0.00,-0.00,0.00,0.00,0.06,0.06,0.06,0.00,0.00,0.00,0.00,0
0.0196135,-83,-42,566,0,DRIVE [ 89 ] [ 1 ] [ 1925 1923 1923 ] [    0    0    0 ] [      0      0      0 ] [ 0 ],drive [ 88 ] [ 1 ] [ 1925 1926 1926 ] [    0   19   24 ] [   9522  15453  17403 ] [ 0 ],0.90,0.90,0.90,0.90,-74.80,-37.60,0.00,0.00,0.00,0.00,0.00,0.00,0.00,0.00,0.06,0.06,0.06,0.00,0.00,0.00,0.00,0
0.0365977,-82,-41,559,0,DRIVE [ 89 ] [ 1 ] [ 1925 1918 1919 ] [    0    0    0 ] [      0      0      0 ] [ 0 ],drive [ 89 ] [ 1 ] [ 1925 1923 1923 ] [    0   19   24 ] [   9522  15453  17403 ] [ 0 ],0.90,0.90,0.90,0.90,-74.07,-37.11,0.00,0.00,0.00,0.00,0.00,0.00,0.00,0.00,0.06,0.06,0.06,0.00,0.00,0.00,0.00,0
0.0532718,-82,-41,557,0,DRIVE [ 90 ] [ 1 ] [ 1925 1915 1915 ] [    0    0    0 ] [      0      0      0 ] [ 0 ],drive [ 89 ] [ 1 ] [ 1925 1918 1919 ] [    0   19   24 ] [   9525  15420  17318 ] [ 0 ],0.90,0.90,0.90,0.90,-73.99,-37.17,0.00,0.00,0.00,0.00,0.00,0.00,0.00,0.00,0.06,0.06,0.06,0.00,0.00,0.00,0.00,0
0.0699728,-83,-41,556,0,DRIVE [ 90 ] [ 1 ] [ 1925 1911 1911 ] [    0    0    0 ] [      0      0      0 ] [ 0 ],drive [ 90 ] [ 1 ] [ 1925 1915 1915 ] [    2   21    9 ] [   9525  15420  17318 ] [ 0 ],0.90,0.90,0.90,0.90,-74.28,-37.19,0.00,0.00,0.00,0.00,0.00,0.00,0.00,0.00,0.06,0.06,0.06,0.00,0.00,0.00,0.00,0
0.0851094,-83,-41,551,0,DRIVE [ 91 ] [ 1 ] [ 1925 1907 1908 ] [    0    0    0 ] [      0      0      0 ] [ 0 ],drive [ 90 ] [ 1 ] [ 1925 1911 1911 ] [    2   21    9 ] [   9525  15420  17318 ] [ 0 ],0.90,0.90,0.90,0.90,-74.36,-37.20,0.00,0.00,0.00,0.00,0.00,0.00,0.00,0.00,0.06,0.06,0.06,0.00,0.00,0.00,0.00,0
0.0997099,-84,-43,556,0,DRIVE [ 91 ] [ 1 ] [ 1925 1903 1904 ] [    0    0    0 ] [      0      0      0 ] [ 0 ],drive [ 91 ] [ 1 ] [ 1925 1907 1908 ] [    2   21    9 ] [   9533  15369  17204 ] [ 0 ],0.90,0.90,0.90,0.90,-76.04,-38.35,0.00,0.00,0.00,0.00,0.00,0.00,0.00,0.00,0.06,0.06,0.06,0.00,0.00,0.00,0.00,0
0.114696,-86,-44,556,0,DRIVE [ 92 ] [ 1 ] [ 1925 1900 1900 ] [    0    0    0 ] [      0      0      0 ] [ 0 ],drive [ 91 ] [ 1 ] [ 1925 1903 1904 ] [    3   24   25 ] [   9533  15369  17204 ] [ 0 ],0.90,0.90,0.90,0.90,-77.70,-40.02,0.00,0.00,0.00,0.00,0.00,0.00,0.00,0.00,0.06,0.06,0.06,0.00,0.00,0.00,0.00,0
0.129572,-203,-10,579,0,DRIVE [ 92 ] [ 1 ] [ 1925 1843 1890 ] [    0    0    0 ] [      0      0      0 ] [ 0 ],drive [ 92 ] [ 1 ] [ 1925 1900 1900 ] [    3   24   25 ] [   9533  15369  17204 ] [ 0 ],0.90,0.90,0.90,0.90,-182.28,-8.95,0.00,0.00,0.00,0.00,0.00,0.00,0.00,0.00,0.06,0.06,0.06,0.00,0.00,0.00,0.00,0
0.144718,-203,-10,579,0,DRIVE [ 93 ] [ 1 ] [ 1925 1851 1894 ] [    0    0    0 ] [      0      0      0 ] [ 0 ],drive [ 92 ] [ 1 ] [ 1925 1843 1890 ] [    3   24   25 ] [   9533  15369  17204 ] [ 0 ],0.90,0.90,0.90,0.90,-164.05,-8.05,0.00,0.00,0.00,0.00,0.00,0.00,0.00,0.00,0.06,0.06,0.06,0.00,0.00,0.00,0.00,0
0.159657,-202,-11,572,0,DRIVE [ 93 ] [ 1 ] [ 1925 1823 1881 ] [    0    0    0 ] [      0      0      0 ] [ 0 ],drive [ 93 ] [ 1 ] [ 1925 1851 1894 ] [    3   32   26 ] [   9533  15369  17190 ] [ 0 ],0.90,0.90,0.90,0.90,-181.80,-9.49,0.00,0.00,0.00,0.00,0.00,0.00,0.00,0.00,0.06,0.06,0.06,0.00,0.00,0.00,0.00,0
0.174415,-202,-11,572,0,DRIVE [ 94 ] [ 1 ] [ 1925 1833 1885 ] [    0    0    0 ] [      0      0      0 ] [ 0 ],drive [ 93 ] [ 1 ] [ 1925 1823 1881 ] [    3   32   26 ] [   9533  15369  17190 ] [ 0 ],0.90,0.90,0.90,0.90,-163.62,-8.54,0.00,0.00,0.00,0.00,0.00,0.00,0.00,0.00,0.06,0.06,0.06,0.00,0.00,0.00,0.00,0
0.189256,-202,-11,572,0,DRIVE [ 94 ] [ 1 ] [ 1925 1843 1889 ] [    0    0    0 ] [      0      0      0 ] [ 0 ],drive [ 94 ] [ 1 ] [ 1925 1833 1885 ] [    3   32   26 ] [   9533  15369  17190 ] [ 0 ],0.90,0.90,0.90,0.90,-147.26,-7.68,0.00,0.00,0.00,0.00,0.00,0.00,0.00,0.00,0.06,0.06,0.06,0.00,0.00,0.00,0.00,0
0.204686,-200,-9,565,0,DRIVE [ 95 ] [ 1 ] [ 1925 1794 1869 ] [    0    0    0 ] [      0      0      0 ] [ 0 ],drive [ 94 ] [ 1 ] [ 1925 1843 1889 ] [    3   32   26 ] [   9540  15382  17192 ] [ 0 ],0.90,0.90,0.90,0.90,-179.69,-8.00,0.00,0.00,0.00,0.00,0.00,0.00,0.00,0.00,0.06,0.06,0.06,0.00,0.00,0.00,0.00,0
0.221885,-198,-9,561,0,DRIVE [ 95 ] [ 1 ] [ 1925 1784 1865 ] [    0    0    0 ] [      0      0      0 ] [ 0 ],drive [ 95 ] [ 1 ] [ 1925 1794 1869 ] [   11   32   26 ] [   9540  15382  17192 ] [ 0 ],0.90,0.90,0.90,0.90,-178.45,-7.68,0.00,0.00,0.00,0.00,0.00,0.00,0.00,0.00,0.06,0.06,0.06,0.00,0.01,0.00,0.00,0
0.236737,-198,-8,560,0,DRIVE [ 96 ] [ 1 ] [ 1925 1772 1860 ] [    0    0    0 ] [      0      0      0 ] [ 0 ],drive [ 95 ] [ 1 ] [ 1925 1784 1865 ] [   11   32   26 ] [   9540  15382  17192 ] [ 0 ],0.90,0.90,0.90,0.90,-178.14,-7.22,0.00,0.00,0.00,0.00,0.00,0.00,0.00,0.00,0.06,0.06,0.06,0.00,0.02,0.00,0.00,0
0.251601,-198,-8,560,0,DRIVE [ 96 ] [ 1 ] [ 1925 1787 1867 ] [    0    0    0 ] [      0      0      0 ] [ 0 ],drive [ 96 ] [ 1 ] [ 1925 1772 1860 ] [   11   32   26 ] [   9546  15392  17192 ] [ 0 ],0.90,0.90,0.90,0.90,-160.32,-6.50,0.00,0.00,0.00,0.00,0.00,0.00,0.00,0.00,0.06,0.06,0.06,0.00,0.02,0.00,0.00,0
0.26659,-198,-7,559,0,DRIVE [ 97 ] [ 1 ] [ 1925 1751 1853 ] [    0    0    0 ] [      0      0      0 ] [ 0 ],drive [ 96 ] [ 1 ] [ 1925 1787 1867 ] [   12   38   29 ] [   9546  15392  17192 ] [ 0 ],0.90,0.90,0.90,0.90,-178.49,-6.16,0.00,0.00,0.00,0.00,0.00,0.00,0.00,0.00,0.06,0.06,0.06,0.00,0.01,0.00,0.00,0
0.281346,-198,-7,559,0,DRIVE [ 97 ] [ 1 ] [ 1925 1769 1860 ] [    0    0    0 ] [      0      0      0 ] [ 0 ],drive [ 97 ] [ 1 ] [ 1925 1751 1853 ] [   12   38   29 ] [   9546  15392  17192 ] [ 0 ],0.90,0.90,0.90,0.90,-160.64,-5.55,0.00,0.00,0.00,0.00,0.00,0.00,0.00,0.00,0.06,0.06,0.06,0.00,0.01,0.00,0.00,0
0.296256,-199,-5,558,0,DRIVE [ 98 ] [ 1 ] [ 1925 1730 1845 ] [    0    0    0 ] [      0      0      0 ] [ 0 ],drive [ 97 ] [ 1 ] [ 1925 1769 1860 ] [   12   38   29 ] [   9546  15389  17192 ] [ 0 ],0.90,0.90,0.90,0.90,-178.79,-4.49,0.00,0.00,0.00,0.00,0.00,0.00,0.00,0.00,0.06,0.06,0.06,0.00,0.00,0.00,0.00,0
0.311356,-197,-3,553,0,DRIVE [ 98 ] [ 1 ] [ 1925 1719 1842 ] [    0    0    0 ] [      0      0      0 ] [ 0 ],drive [ 98 ] [ 1 ] [ 1925 1730 1845 ] [   13   37   29 ] [   9546  15389  17192 ] [ 0 ],0.90,0.90,0.90,0.90,-177.53,-2.93,0.00,0.00,0.00,0.00,0.00,0.00,0.00,0.00,0.06,0.06,0.06,0.00,0.14,0.00,0.00,0
0.32624,-197,-2,552,0,DRIVE [ 99 ] [ 1 ] [ 1925 1708 1839 ] [    0    0    0 ] [      0      0      0 ] [ 0 ],drive [ 98 ] [ 1 ] [ 1925 1719 1842 ] [   13   37   29 ] [   9546  15389  17192 ] [ 0 ],0.90,0.90,0.90,0.90,-177.28,-1.57,0.00,0.00,0.00,0.00,0.00,0.00,0.00,0.00,0.06,0.06,0.06,0.00,0.17,0.00,0.00,0
0.341018,-196,0,550,0,DRIVE [ 99 ] [ 1 ] [ 1925 1697 1837 ] [    0    0    0 ] [      0      0      0 ] [ 0 ],drive [ 99 ] [ 1 ] [ 1925 1708 1839 ] [   13   37   29 ] [   9546  15389  17192 ] [ 0 ],0.90,0.90,0.90,0.90,-176.35,-0.16,0.00,0.00,0.00,0.00,0.00,0.00,0.00,0.00,0.06,0.06,0.06,0.00,0.33,0.00,0.00,0
0.355691,-195,1,550,0,DRIVE [ 00 ] [ 1 ] [ 1925 1687 1834 ] [    0    0    0 ] [      0      0      0 ] [ 0 ],drive [ 99 ] [ 1 ] [ 1925 1697 1837 ] [   13   37   29 ] [   9588  15404  17192 ] [ 0 ],0.90,0.90,0.90,0.90,-175.87,0.93,0.00,0.00,0.00,0.00,0.00,0.00,0.00,0.00,0.06,0.06,0.06,0.00,0.41,-0.00,0.00,0
0.369888,-193,2,547,0,DRIVE [ 00 ] [ 1 ] [ 1925 1679 1832 ] [    0    0    0 ] [      0      0      0 ] [ 0 ],drive [ 00 ] [ 1 ] [ 1925 1687 1834 ] [   18   39   30 ] [   9588  15404  17192 ] [ 0 ],0.90,0.90,0.90,0.90,-173.97,1.83,0.00,0.00,0.00,0.00,0.00,0.00,0.00,0.00,0.06,0.06,0.06,0.00,0.82,-0.01,0.00,0
0.384823,-190,3,542,0,DRIVE [ 01 ] [ 1 ] [ 1925 1671 1830 ] [    0    0    0 ] [      0      0      0 ] [ 0 ],drive [ 00 ] [ 1 ] [ 1925 1679 1832 ] [   18   39   30 ] [   9588  15404  17192 ] [ 0 ],0.90,0.90,0.90,0.90,-171.22,2.40,0.00,0.00,0.00,0.00,0.00,0.00,0.00,0.00,0.06,0.06,0.06,0.00,1.46,-0.02,0.00,0
0.399742,-188,3,539,0,DRIVE [ 01 ] [ 1 ] [ 1925 1664 1827 ] [    0    0    0 ] [      0      0      0 ] [ 0 ],drive [ 01 ] [ 1 ] [ 1925 1671 1830 ] [   18   39   30 ] [   9785  15405  17188 ] [ 0 ],0.90,0.90,0.90,0.90,-169.14,2.70,0.00,0.00,0.00,0.00,0.00,0.00,0.00,0.00,0.06,0.06,0.06,0.00,1.95,-0.03,0.00,0
0.414548,-186,3,536,0,DRIVE [ 02 ] [ 1 ] [ 1925 1656 1824 ] [    0    0    0 ] [      0      0      0 ] [ 0 ],drive [ 01 ] [ 1 ] [ 1925 1664 1827 ] [   21   41   28 ] [   9785  15405  17188 ] [ 0 ],0.90,0.90,0.90,0.90,-167.51,2.68,0.00,0.00,0.00,0.00,0.00,0.00,0.00,0.00,0.06,0.06,0.06,0.00,2.32,-0.04,0.00,0
0.429285,-184,3,533,0,DRIVE [ 02 ] [ 1 ] [ 1925 1649 1822 ] [    0    0    0 ] [      0      0      0 ] [ 0 ],drive [ 02 ] [ 1 ] [ 1925 1656 1824 ] [   21   41   28 ] [   9785  15405  17188 ] [ 0 ],0.90,0.90,0.90,0.90,-165.53,2.66,0.00,0.00,0.00,0.00,0.00,0.00,0.00,0.00,0.06,0.06,0.06,0.00,2.80,-0.05,0.00,0
0.444989,-182,3,530,0,DRIVE [ 03 ] [ 1 ] [ 1925 1642 1819 ] [    0    0    0 ] [      0      0      0 ] [ 0 ],drive [ 02 ] [ 1 ] [ 1925 1649 1822 ] [   21   41   28 ] [   9785  15405  17188 ] [ 0 ],0.90,0.90,0.90,0.90,-163.56,2.69,0.00,0.00,0.00,0.00,0.00,0.00,0.00,0.00,0.06,0.06,0.06,0.00,3.27,-0.05,0.00,0
0.459401,-179,4,527,0,DRIVE [ 03 ] [ 1 ] [ 1925 1636 1818 ] [    0    0    0 ] [      0      0      0 ] [ 0 ],drive [ 03 ] [ 1 ] [ 1925 1642 1819 ] [   22   38   28 ] [   9786  15414  17182 ] [ 0 ],0.90,0.90,0.90,0.90,-160.95,3.17,0.00,0.00,0.00,0.00,0.00,0.00,0.00,0.00,0.06,0.06,0.06,0.00,3.94,-0.08,0.00,0
0.473927,-175,4,522,0,DRIVE [ 04 ] [ 1 ] [ 1925 1631 1817 ] [    0    0    0 ] [      0      0      0 ] [ 0 ],drive [ 03 ] [ 1 ] [ 1925 1636 1818 ] [   22   38   28 ] [   9786  15414  17182 ] [ 0 ],0.90,0.90,0.90,0.90,-157.75,3.56,0.00,0.00,0.00,0.00,0.00,0.00,0.00,0.00,0.06,0.06,0.06,0.00,4.79,-0.11,0.00,0
0.488654,-172,4,519,0,DRIVE [ 04 ] [ 1 ] [ 1925 1626 1816 ] [    0    0    0 ] [      0      0      0 ] [ 0 ],drive [ 04 ] [ 1 ] [ 1925 1631 1817 ] [   22   38   28 ] [   9786  15414  17182 ] [ 0 ],0.90,0.90,0.90,0.90,-155.11,4.02,0.00,0.00,0.00,0.00,0.00,0.00,0.00,0.00,0.06,0.06,0.06,0.00,5.42,-0.14,0.00,0
0.502948,-169,5,515,0,DRIVE [ 05 ] [ 1 ] [ 1925 1621 1815 ] [    0    0    0 ] [      0      0      0 ] [ 0 ],drive [ 04 ] [ 1 ] [ 1925 1626 1816 ] [   22   38   28 ] [   9991  15419  17170 ] [ 0 ],0.90,0.90,0.90,0.90,-152.50,4.40,0.00,0.00,0.00,0.00,0.00,0.00,0.00,0.00,0.06,0.06,0.06,0.00,6.02,-0.17,0.00,0
0.520245,-166,6,507,0,DRIVE [ 05 ] [ 1 ] [ 1925 1616 1814 ] [    0    0    0 ] [      0      0      0 ] [ 0 ],drive [ 05 ] [ 1 ] [ 1925 1621 1815 ] [   24   37   19 ] [   9991  15419  17170 ] [ 0 ],0.90,0.90,0.90,0.90,-149.18,4.97,0.00,0.00,0.00,0.00,0.00,0.00,0.00,0.00,0.06,0.06,0.06,0.00,6.85,-0.23,0.00,0
0.534729,-164,6,503,0,DRIVE [ 06 ] [ 1 ] [ 1925 1607 1812 ] [    0    0    0 ] [      0      0      0 ] [ 0 ],drive [ 05 ] [ 1 ] [ 1925 1616 1814 ] [   24   37   19 ] [   9991  15419  17170 ] [ 0 ],0.90,0.90,0.90,0.90,-147.22,5.50,0.00,0.00,0.00,0.00,0.00,0.00,0.00,0.00,0.06,0.06,0.06,0.00,7.17,-0.27,0.00,0
0.54915,-162,7,500,0,DRIVE [ 06 ] [ 1 ] [ 1925 1598 1810 ] [    0    0    0 ] [      0      0      0 ] [ 0 ],drive [ 06 ] [ 1 ] [ 1925 1607 1812 ] [   24   37   19 ] [  10013  15422  17168 ] [ 0 ],0.90,0.90,0.90,0.90,-146.09,6.16,0.00,0.00,0.00,0.00,0.00,0.00,0.00,0.00,0.06,0.06,0.06,0.00,7.17,-0.30,0.00,0
0.563603,-159,8,490,0,DRIVE [ 07 ] [ 1 ] [ 1925 1590 1810 ] [    0    0    0 ] [      0      0      0 ] [ 0 ],drive [ 06 ] [ 1 ] [ 1925 1598 1810 ] [   23   34   18 ] [  10013  15422  17168 ] [ 0 ],0.90,0.90,0.90,0.90,-142.84,7.39,0.00,0.00,0.00,0.00,0.00,0.00,0.00,0.00,0.06,0.06,0.06,0.00,7.91,-0.41,0.00,0
0.57791,-157,10,485,0,DRIVE [ 07 ] [ 1 ] [ 1925 1580 1810 ] [    0    0    0 ] [      0      0      0 ] [ 0 ],drive [ 07 ] [ 1 ] [ 1925 1590 1810 ] [   23   34   18 ] [  10013  15422  17168 ] [ 0 ],0.90,0.90,0.90,0.90,-141.29,8.96,0.00,0.00,0.00,0.00,0.00,0.00,0.00,0.00,0.06,0.06,0.06,0.00,7.97,-0.51,0.00,0
0.592312,-155,12,481,0,DRIVE [ 08 ] [ 1 ] [ 1925 1569 1810 ] [    0    0    0 ] [      0      0      0 ] [ 0 ],drive [ 07 ] [ 1 ] [ 1925 1580 1810 ] [   23   34   18 ] [  10013  15422  17168 ] [ 0 ],0.90,0.90,0.90,0.90,-139.69,10.99,0.00,0.00,0.00,0.00,0.00,0.00,0.00,0.00,0.06,0.06,0.06,0.00,8.00,-0.63,0.00,0
0.60653,-154,15,479,0,DRIVE [ 08 ] [ 1 ] [ 1925 1556 1811 ] [    0    0    0 ] [      0      0      0 ] [ 0 ],drive [ 08 ] [ 1 ] [ 1925 1569 1810 ] [   23   34   18 ] [  10013  15507  17168 ] [ 0 ],0.90,0.90,0.90,0.90,-138.92,13.10,0.00,0.00,0.00,0.00,0.00,0.00,0.00,0.00,0.06,0.06,0.06,0.00,7.70,-0.73,0.00,0
0.622003,-152,17,471,0,DRIVE [ 09 ] [ 1 ] [ 1925 1544 1812 ] [    0    0    0 ] [      0      0      0 ] [ 0 ],drive [ 08 ] [ 1 ] [ 1925 1556 1811 ] [   24   33   18 ] [  10013  15507  17168 ] [ 0 ],0.90,0.90,0.90,0.90,-136.69,15.18,0.00,0.00,0.00,0.00,0.00,0.00,0.00,0.00,0.06,0.06,0.06,0.00,7.92,-0.88,0.00,0
0.635997,-151,19,467,0,DRIVE [ 09 ] [ 1 ] [ 1925 1530 1813 ] [    0    0    0 ] [      0      0      0 ] [ 0 ],drive [ 09 ] [ 1 ] [ 1925 1544 1812 ] [   24   33   18 ] [  10013  15507  17168 ] [ 0 ],0.90,0.90,0.90,0.90,-135.45,17.38,0.00,0.00,0.00,0.00,0.00,0.00,0.00,0.00,0.06,0.06,0.06,0.00,7.72,-0.99,0.00,0
0.649868,-149,22,463,0,DRIVE [ 10 ] [ 1 ] [ 1925 1516 1816 ] [    0    0    0 ] [      0      0      0 ] [ 0 ],drive [ 09 ] [ 1 ] [ 1925 1530 1813 ] [   24   33   18 ] [  10017  15576  17166 ] [ 0 ],0.90,0.90,0.90,0.90,-133.83,20.19,0.00,0.00,0.00,0.00,0.00,0.00,0.00,0.00,0.06,0.06,0.06,0.00,7.58,-1.14,0.00,0
0.66414,-147,25,458,0,DRIVE [ 10 ] [ 1 ] [ 1925 1501 1818 ] [    0    0    0 ] [      0      0      0 ] [ 0 ],drive [ 10 ] [ 1 ] [ 1925 1516 1816 ] [   16   42    8 ] [  10017  15576  17166 ] [ 0 ],0.90,0.90,0.90,0.90,-132.31,22.88,0.00,0.00,0.00,0.00,0.00,0.00,0.00,0.00,0.06,0.06,0.06,0.00,7.37,-1.27,0.00,0
0.67845,-146,28,453,0,DRIVE [ 11 ] [ 1 ] [ 1925 1483 1820 ] [    0    0    0 ] [      0      0      0 ] [ 0 ],drive [ 10 ] [ 1 ] [ 1925 1501 1818 ] [   16   42    8 ] [  10017  15576  17166 ] [ 0 ],0.90,0.90,0.90,0.90,-131.23,25.25,0.00,0.00,0.00,0.00,0.00,0.00,0.00,0.00,0.06,0.06,0.06,0.00,7.02,-1.35,0.00,0
0.692483,-146,28,453,0,DRIVE [ 11 ] [ 1 ] [ 1925 1527 1830 ] [    0    0    0 ] [      0      0      0 ] [ 0 ],drive [ 11 ] [ 1 ] [ 1925 1483 1820 ] [   16   42    8 ] [  10017  15576  17166 ] [ 0 ],0.90,0.90,0.90,0.90,-118.10,22.73,0.00,0.00,0.00,0.00,0.00,0.00,0.00,0.00,0.06,0.06,0.06,0.00,6.32,-1.22,0.00,0
0.706648,-145,30,445,0,DRIVE [ 12 ] [ 1 ] [ 1925 1452 1817 ] [    0    0    0 ] [      0      0      0 ] [ 0 ],drive [ 11 ] [ 1 ] [ 1925 1527 1830 ] [   16   42    8 ] [  10186  15682  17074 ] [ 0 ],0.90,0.90,0.90,0.90,-130.82,27.21,0.00,0.00,0.00,0.00,0.00,0.00,0.00,0.00,0.06,0.06,0.06,0.00,6.48,-1.35,0.00,0
0.720714,-146,31,436,0,DRIVE [ 12 ] [ 1 ] [ 1925 1425 1813 ] [    0    0    0 ] [      0      0      0 ] [ 0 ],drive [ 12 ] [ 1 ] [ 1925 1452 1817 ] [    1   54   10 ] [  10186  15682  17074 ] [ 0 ],0.90,0.90,0.90,0.90,-131.41,28.22,0.00,0.00,0.00,0.00,0.00,0.00,0.00,0.00,0.06,0.06,0.06,0.00,5.75,-1.23,0.00,0
0.734568,-147,32,430,0,DRIVE [ 13 ] [ 1 ] [ 1925 1402 1809 ] [    0    0    0 ] [      0      0      0 ] [ 0 ],drive [ 12 ] [ 1 ] [ 1925 1425 1813 ] [    1   54   10 ] [  10186  15682  17074 ] [ 0 ],0.90,0.90,0.90,0.90,-132.40,28.61,0.00,0.00,0.00,0.00,0.00,0.00,0.00,0.00,0.06,0.06,0.06,0.00,5.01,-1.08,0.00,0
0.748627,-148,32,423,0,DRIVE [ 13 ] [ 1 ] [ 1925 1379 1803 ] [    0    0    0 ] [      0      0      0 ] [ 0 ],drive [ 13 ] [ 1 ] [ 1925 1402 1809 ] [    1   54   10 ] [  10208  15797  17028 ] [ 0 ],0.90,0.90,0.90,0.90,-133.04,28.52,0.00,0.00,0.00,0.00,0.00,0.00,0.00,0.00,0.06,0.06,0.06,0.00,4.50,-0.96,0.00,0
0.762474,-149,31,415,0,DRIVE [ 14 ] [ 1 ] [ 1925 1353 1796 ] [    0    0    0 ] [      0      0      0 ] [ 0 ],drive [ 13 ] [ 1 ] [ 1925 1379 1803 ] [    0   59   11 ] [  10208  15797  17028 ] [ 0 ],0.90,0.90,0.90,0.90,-134.07,28.33,0.00,0.00,0.00,0.00,0.00,0.00,0.00,0.00,0.06,0.06,0.06,0.00,3.90,-0.82,0.00,0
0.777016,-151,31,408,0,DRIVE [ 14 ] [ 1 ] [ 1925 1322 1787 ] [    0    0    0 ] [      0      0      0 ] [ 0 ],drive [ 14 ] [ 1 ] [ 1925 1353 1796 ] [    0   59   11 ] [  10208  15797  17028 ] [ 0 ],0.90,0.90,0.90,0.90,-136.13,28.23,0.00,0.00,0.00,0.00,0.00,0.00,0.00,0.00,0.06,0.06,0.06,0.00,2.94,-0.61,0.00,0
0.790558,-154,31,402,0,DRIVE [ 15 ] [ 1 ] [ 1925 1290 1778 ] [    0    0    0 ] [      0      0      0 ] [ 0 ],drive [ 14 ] [ 1 ] [ 1925 1322 1787 ] [    0   59   11 ] [  10208  15797  17028 ] [ 0 ],0.90,0.90,0.90,0.90,-138.42,28.16,0.00,0.00,0.00,0.00,0.00,0.00,0.00,0.00,0.06,0.06,0.06,0.00,1.95,-0.40,0.00,0
0.803745,-157,31,397,0,DRIVE [ 15 ] [ 1 ] [ 1925 1255 1769 ] [    0    0    0 ] [      0      0      0 ] [ 0 ],drive [ 15 ] [ 1 ] [ 1925 1290 1778 ] [    0   59   11 ] [  10208  15926  17028 ] [ 0 ],0.90,0.90,0.90,0.90,-141.07,28.21,0.00,0.00,0.00,0.00,0.00,0.00,0.00,0.00,0.06,0.06,0.06,0.00,0.86,-0.17,0.00,0
0.816742,-159,31,386,0,DRIVE [ 16 ] [ 1 ] [ 1925 1215 1758 ] [    0    0    0 ] [      0      0      0 ] [ 0 ],drive [ 15 ] [ 1 ] [ 1925 1255 1769 ] [    3   63   14 ] [  10208  15926  17028 ] [ 0 ],0.90,0.90,0.90,0.90,-143.36,28.29,0.00,0.00,0.00,0.00,0.00,0.00,0.00,0.00,0.06,0.06,0.06,0.00,0.00,0.00,0.00,0
0.830216,-163,32,380,0,DRIVE [ 16 ] [ 1 ] [ 1925 1179 1748 ] [    0    0    0 ] [      0      0      0 ] [ 0 ],drive [ 16 ] [ 1 ] [ 1925 1215 1758 ] [    3   63   14 ] [  10208  15926  17028 ] [ 0 ],0.90,0.90,0.90,0.90,-146.49,28.55,0.00,0.00,0.00,0.00,0.00,0.00,0.00,0.00,0.06,0.06,0.06,0.00,0.00,0.00,0.00,0
0.843349,-165,32,373,0,DRIVE [ 17 ] [ 1 ] [ 1925 1144 1740 ] [    0    0    0 ] [      0      0      0 ] [ 0 ],drive [ 16 ] [ 1 ] [ 1925 1179 1748 ] [    3   63   14 ] [  10219  16334  17028 ] [ 0 ],0.90,0.90,0.90,0.90,-148.61,28.88,0.00,0.00,0.00,0.00,0.00,0.00,0.00,0.00,0.06,0.06,0.06,0.00,0.00,0.00,0.00,0
0.856588,-167,32,365,0,DRIVE [ 17 ] [ 1 ] [ 1925 1110 1732 ] [    0    0    0 ] [      0      0      0 ] [ 0 ],drive [ 17 ] [ 1 ] [ 1925 1144 1740 ] [    3   63   14 ] [  10219  16334  17028 ] [ 0 ],0.90,0.90,0.90,0.90,-149.90,29.15,0.00,0.00,0.00,0.00,0.00,0.00,0.00,0.00,0.06,0.06,0.06,0.00,0.00,0.00,0.00,0
0.870749,-168,33,359,0,DRIVE [ 18 ] [ 1 ] [ 1925 1078 1725 ] [    0    0    0 ] [      0      0      0 ] [ 0 ],drive [ 17 ] [ 1 ] [ 1925 1110 1732 ] [    5   70   16 ] [  10219  16334  17028 ] [ 0 ],0.90,0.90,0.90,0.90,-151.35,29.62,0.00,0.00,0.00,0.00,0.00,0.00,0.00,0.00,0.06,0.06,0.06,0.00,0.00,0.00,0.00,0
0.883207,-170,34,354,0,DRIVE [ 18 ] [ 1 ] [ 1925 1042 1718 ] [    0    0    0 ] [      0      0      0 ] [ 0 ],drive [ 18 ] [ 1 ] [ 1925 1078 1725 ] [    5   70   16 ] [  10219  16334  17028 ] [ 0 ],0.90,0.90,0.90,0.90,-153.35,30.59,0.00,0.00,0.00,0.00,0.00,0.00,0.00,0.00,0.06,0.06,0.06,0.00,0.00,0.00,0.00,0
0.89642,-171,35,349,0,DRIVE [ 19 ] [ 1 ] [ 1925 1025 1714 ] [    0    0    0 ] [      0      0      0 ] [ 0 ],drive [ 18 ] [ 1 ] [ 1925 1042 1718 ] [    5   70   16 ] [  10218  16978  17029 ] [ 0 ],0.90,0.90,0.90,0.90,-153.99,31.37,0.00,0.00,0.00,0.00,0.00,0.00,0.00,0.00,0.06,0.06,0.06,0.00,0.00,0.00,0.00,0
0.910872,-171,36,344,0,DRIVE [ 19 ] [ 1 ] [ 1925 1025 1712 ] [    0    0    0 ] [      0      0      0 ] [ 0 ],drive [ 19 ] [ 1 ] [ 1925 1025 1714 ] [    4  103   19 ] [  10218  16978  17029 ] [ 0 ],0.90,0.90,0.90,0.90,-153.95,32.40,0.00,0.00,0.00,0.00,0.00,0.00,0.00,0.00,0.06,0.06,0.06,0.00,0.00,0.00,0.00,0
0.923577,-170,37,338,0,DRIVE [ 20 ] [ 1 ] [ 1925 1025 1711 ] [    0    0    0 ] [      0      0      0 ] [ 0 ],drive [ 19 ] [ 1 ] [ 1925 1025 1712 ] [    4  103   19 ] [  10218  16978  17029 ] [ 0 ],0.90,0.90,0.90,0.90,-152.83,33.57,0.00,0.00,0.00,0.00,0.00,0.00,0.00,0.00,0.06,0.06,0.06,0.00,0.00,0.00,0.00,0
0.93819,-169,38,334,0,DRIVE [ 20 ] [ 1 ] [ 1925 1025 1710 ] [    0    0    0 ] [      0      0      0 ] [ 0 ],drive [ 20 ] [ 1 ] [ 1925 1025 1711 ] [    4  103   19 ] [  10218  16978  17029 ] [ 0 ],0.90,0.90,0.90,0.90,-152.34,34.56,0.00,0.00,0.00,0.00,0.00,0.00,0.00,0.00,0.06,0.06,0.06,0.00,0.00,0.00,0.00,0
0.95076,-169,39,329,0,DRIVE [ 21 ] [ 1 ] [ 1925 1025 1707 ] [    0    0    0 ] [      0      0      0 ] [ 0 ],drive [ 20 ] [ 1 ] [ 1925 1025 1710 ] [    4  103   19 ] [  10220  17647  17029 ] [ 0 ],0.90,0.90,0.90,0.90,-151.74,34.93,0.00,0.00,0.00,0.00,0.00,0.00,0.00,0.00,0.06,0.06,0.06,0.00,0.00,0.00,0.00,0
0.963682,-169,38,324,0,DRIVE [ 21 ] [ 1 ] [ 1925 1025 1699 ] [    0    0    0 ] [      0      0      0 ] [ 0 ],drive [ 21 ] [ 1 ] [ 1925 1025 1707 ] [    4  104   20 ] [  10220  17647  17029 ] [ 0 ],0.90,0.90,0.90,0.90,-151.80,34.40,0.00,0.00,0.00,0.00,0.00,0.00,0.00,0.00,0.06,0.06,0.06,0.00,0.00,0.00,0.00,0
0.976389,-169,37,321,0,DRIVE [ 22 ] [ 1 ] [ 1925 1025 1692 ] [    0    0    0 ] [      0      0      0 ] [ 0 ],drive [ 21 ] [ 1 ] [ 1925 1025 1699 ] [    4  104   20 ] [  10220  17647  17029 ] [ 0 ],0.90,0.90,0.90,0.90,-152.24,33.71,0.00,0.00,0.00,0.00,0.00,0.00,0.00,0.00,0.06,0.06,0.06,0.00,0.00,0.00,0.00,0
0.989105,-169,36,318,0,DRIVE [ 22 ] [ 1 ] [ 1925 1025 1684 ] [    0    0    0 ] [      0      0      0 ] [ 0 ],drive [ 22 ] [ 1 ] [ 1925 1025 1692 ] [    4  104   20 ] [  10220  17647  17029 ] [ 0 ],0.90,0.90,0.90,0.90,-152.01,32.78,0.00,0.00,0.00,0.00,0.00,0.00,0.00,0.00,0.06,0.06,0.06,0.00,0.00,0.00,0.00,0
1.00141,-168,35,316,0,DRIVE [ 23 ] [ 1 ] [ 1925 1025 1678 ] [    0    0    0 ] [      0      0      0 ] [ 0 ],drive [ 22 ] [ 1 ] [ 1925 1025 1684 ] [    4  104   20 ] [  10217  18287  17030 ] [ 0 ],0.90,0.90,0.90,0.90,-151.49,31.77,0.00,0.00,0.00,0.00,0.00,0.00,0.00,0.00,0.06,0.06,0.06,0.00,0.00,0.00,0.00,0
1.01422,-168,34,314,0,DRIVE [ 23 ] [ 1 ] [ 1925 1025 1674 ] [    0    0    0 ] [      0      0      0 ] [ 0 ],drive [ 23 ] [ 1 ] [ 1925 1025 1678 ] [    6   98   22 ] [  10217  18287  17030 ] [ 0 ],0.90,0.90,0.90,0.90,-150.85,30.73,0.00,0.00,0.00,0.00,0.00,0.00,0.00,0.00,0.06,0.06,0.06,0.00,0.00,0.00,0.00,0
1.02676,-164,32,312,0,DRIVE [ 24 ] [ 1 ] [ 1925 1025 1674 ] [    0    0    0 ] [      0      0      0 ] [ 0 ],drive [ 23 ] [ 1 ] [ 1925 1025 1674 ] [    6   98   22 ] [  10217  18287  17030 ] [ 0 ],0.90,0.90,0.90,0.90,-147.84,29.13,0.00,0.00,0.00,0.00,0.00,0.00,0.00,0.00,0.06,0.06,0.06,0.00,0.28,-0.05,0.00,0
1.03875,-160,31,310,0,DRIVE [ 24 ] [ 1 ] [ 1925 1025 1677 ] [    0    0    0 ] [      0      0      0 ] [ 0 ],drive [ 24 ] [ 1 ] [ 1925 1025 1674 ] [    6   98   22 ] [  10217  18287  17030 ] [ 0 ],0.90,0.90,0.90,0.90,-144.11,27.61,0.00,0.00,0.00,0.00,0.00,0.00,0.00,0.00,0.06,0.06,0.06,0.00,1.78,-0.34,0.00,0
1.05163,-156,29,308,0,DRIVE [ 25 ] [ 1 ] [ 1925 1025 1683 ] [    0    0    0 ] [      0      0      0 ] [ 0 ],drive [ 24 ] [ 1 ] [ 1925 1025 1677 ] [    6   98   22 ] [  10214  18657  17030 ] [ 0 ],0.90,0.90,0.90,0.90,-140.11,26.33,0.00,0.00,0.00,0.00,0.00,0.00,0.00,0.00,0.06,0.06,0.06,0.00,3.28,-0.62,0.00,0
1.06428,-151,28,306,0,DRIVE [ 25 ] [ 1 ] [ 1925 1025 1688 ] [    0    0    0 ] [      0      0      0 ] [ 0 ],drive [ 25 ] [ 1 ] [ 1925 1025 1683 ] [    6   95   22 ] [  10214  18657  17030 ] [ 0 ],0.90,0.90,0.90,0.90,-136.14,25.06,0.00,0.00,0.00,0.00,0.00,0.00,0.00,0.00,0.06,0.06,0.06,0.00,4.68,-0.86,0.00,0
1.07692,-146,27,303,0,DRIVE [ 26 ] [ 1 ] [ 1925 1025 1694 ] [    0    0    0 ] [      0      0      0 ] [ 0 ],drive [ 25 ] [ 1 ] [ 1925 1025 1688 ] [    6   95   22 ] [  10214  18657  17030 ] [ 0 ],0.90,0.90,0.90,0.90,-131.77,23.91,0.00,0.00,0.00,0.00,0.00,0.00,0.00,0.00,0.06,0.06,0.06,0.00,6.14,-1.11,0.00,0
1.08954,-142,25,299,0,DRIVE [ 26 ] [ 1 ] [ 1925 1025 1700 ] [    0    0    0 ] [      0      0      0 ] [ 0 ],drive [ 26 ] [ 1 ] [ 1925 1025 1694 ] [    6   95   22 ] [  10214  18657  17030 ] [ 0 ],0.90,0.90,0.90,0.90,-127.35,22.86,0.00,0.00,0.00,0.00,0.00,0.00,0.00,0.00,0.06,0.06,0.06,0.00,7.53,-1.35,0.00,0
1.10191,-137,24,295,0,DRIVE [ 27 ] [ 1 ] [ 1925 1044 1706 ] [    0    0    0 ] [      0      0      0 ] [ 0 ],drive [ 26 ] [ 1 ] [ 1925 1025 1700 ] [    6   95   22 ] [  10215  18684  17030 ] [ 0 ],0.90,0.90,0.90,0.90,-123.31,21.98,0.00,0.00,0.00,0.00,0.00,0.00,0.00,0.00,0.06,0.06,0.06,0.00,8.68,-1.55,0.00,0
1.11474,-133,23,292,0,DRIVE [ 27 ] [ 1 ] [ 1925 1070 1712 ] [    0    0    0 ] [      0      0      0 ] [ 0 ],drive [ 27 ] [ 1 ] [ 1925 1044 1706 ] [    6   86   22 ] [  10215  18684  17030 ] [ 0 ],0.90,0.90,0.90,0.90,-119.59,21.10,0.00,0.00,0.00,0.00,0.00,0.00,0.00,0.00,0.06,0.06,0.06,0.00,9.64,-1.70,0.00,0
1.12737,-129,23,290,0,DRIVE [ 28 ] [ 1 ] [ 1925 1097 1718 ] [    0    0    0 ] [      0      0      0 ] [ 0 ],drive [ 27 ] [ 1 ] [ 1925 1070 1712 ] [    6   86   22 ] [  10215  18684  17030 ] [ 0 ],0.90,0.90,0.90,0.90,-115.90,20.34,0.00,0.00,0.00,0.00,0.00,0.00,0.00,0.00,0.06,0.06,0.06,0.00,10.53,-1.85,0.00,0
1.14,-122,22,287,0,DRIVE [ 28 ] [ 1 ] [ 1925 1141 1729 ] [    0    0    0 ] [      0      0      0 ] [ 0 ],drive [ 28 ] [ 1 ] [ 1925 1097 1718 ] [    6   86   22 ] [  10215  18684  17030 ] [ 0 ],0.90,0.90,0.90,0.90,-110.23,19.40,0.00,0.00,0.00,0.00,0.00,0.00,0.00,0.00,0.06,0.06,0.06,0.00,12.12,-2.13,0.00,0
1.15339,-116,21,283,0,DRIVE [ 29 ] [ 1 ] [ 1925 1184 1742 ] [    0    0    0 ] [      0      0      0 ] [ 0 ],drive [ 28 ] [ 1 ] [ 1925 1141 1729 ] [    6   86   22 ] [  10215  18751  17029 ] [ 0 ],0.90,0.90,0.90,0.90,-104.58,18.85,0.00,0.00,0.00,0.00,0.00,0.00,0.00,0.00,0.06,0.06,0.06,0.00,13.58,-2.45,0.00,0
1.16563,-110,20,279,0,DRIVE [ 29 ] [ 1 ] [ 1925 1227 1756 ] [    0    0    0 ] [      0      0      0 ] [ 0 ],drive [ 29 ] [ 1 ] [ 1925 1184 1742 ] [    6   80   20 ] [  10215  18751  17029 ] [ 0 ],0.90,0.90,0.90,0.90,-98.80,18.41,0.00,0.00,0.00,0.00,0.00,0.00,0.00,0.00,0.06,0.06,0.06,0.00,14.98,-2.79,0.00,0
1.17822,-104,20,276,0,DRIVE [ 30 ] [ 1 ] [ 1925 1268 1769 ] [    0    0    0 ] [      0      0      0 ] [ 0 ],drive [ 29 ] [ 1 ] [ 1925 1227 1756 ] [    6   80   20 ] [  10215  18751  17029 ] [ 0 ],0.90,0.90,0.90,0.90,-93.48,18.09,0.00,0.00,0.00,0.00,0.00,0.00,0.00,0.00,0.06,0.06,0.06,0.00,16.11,-3.12,0.00,0
1.19092,-98,20,273,0,DRIVE [ 30 ] [ 1 ] [ 1925 1309 1782 ] [    0    0    0 ] [      0      0      0 ] [ 0 ],drive [ 30 ] [ 1 ] [ 1925 1268 1769 ] [    6   80   20 ] [  10215  18751  17029 ] [ 0 ],0.90,0.90,0.90,0.90,-88.04,17.82,0.00,0.00,0.00,0.00,0.00,0.00,0.00,0.00,0.06,0.06,0.06,0.00,17.19,-3.48,0.00,0
1.20371,-92,20,270,0,DRIVE [ 31 ] [ 1 ] [ 1925 1348 1795 ] [    0    0    0 ] [      0      0      0 ] [ 0 ],drive [ 30 ] [ 1 ] [ 1925 1309 1782 ] [    6   80   20 ] [  10216  18741  17022 ] [ 0 ],0.90,0.90,0.90,0.90,-83.02,17.62,0.00,0.00,0.00,0.00,0.00,0.00,0.00,0.00,0.06,0.06,0.06,0.00,18.04,-3.83,0.00,0
1.21594,-85,19,263,0,DRIVE [ 31 ] [ 1 ] [ 1925 1402 1813 ] [    0    0    0 ] [      0      0      0 ] [ 0 ],drive [ 31 ] [ 1 ] [ 1925 1348 1795 ] [    5   65   29 ] [  10216  18741  17022 ] [ 0 ],0.90,0.90,0.90,0.90,-76.10,17.36,0.00,0.00,0.00,0.00,0.00,0.00,0.00,0.00,0.06,0.06,0.06,0.00,19.49,-4.44,0.00,0
1.22874,-78,19,259,0,DRIVE [ 32 ] [ 1 ] [ 1925 1448 1828 ] [    0    0    0 ] [      0      0      0 ] [ 0 ],drive [ 31 ] [ 1 ] [ 1925 1402 1813 ] [    5   65   29 ] [  10216  18741  17022 ] [ 0 ],0.90,0.90,0.90,0.90,-70.33,17.28,0.00,0.00,0.00,0.00,0.00,0.00,0.00,0.00,0.06,0.06,0.06,0.00,20.37,-5.01,0.00,0
1.24231,-72,19,254,0,DRIVE [ 32 ] [ 1 ] [ 1925 1489 1841 ] [    0    0    0 ] [      0      0      0 ] [ 0 ],drive [ 32 ] [ 1 ] [ 1925 1448 1828 ] [    5   65   29 ] [  10216  18741  17022 ] [ 0 ],0.90,0.90,0.90,0.90,-65.07,17.20,0.00,0.00,0.00,0.00,0.00,0.00,0.00,0.00,0.06,0.06,0.06,0.00,20.97,-5.54,0.00,0
1.25552,-67,19,250,0,DRIVE [ 33 ] [ 1 ] [ 1925 1530 1853 ] [    0    0    0 ] [      0      0      0 ] [ 0 ],drive [ 32 ] [ 1 ] [ 1925 1489 1841 ] [    5   65   29 ] [  10219  18707  16856 ] [ 0 ],0.90,0.90,0.90,0.90,-60.13,16.86,0.00,0.00,0.00,0.00,0.00,0.00,0.00,0.00,0.06,0.06,0.06,0.00,21.43,-6.01,0.00,0
1.26769,-62,18,245,0,DRIVE [ 33 ] [ 1 ] [ 1925 1572 1864 ] [    0    0    0 ] [      0      0      0 ] [ 0 ],drive [ 33 ] [ 1 ] [ 1925 1530 1853 ] [    4   65   28 ] [  10219  18707  16856 ] [ 0 ],0.90,0.90,0.90,0.90,-55.36,16.28,0.00,0.00,0.00,0.00,0.00,0.00,0.00,0.00,0.06,0.06,0.06,0.00,21.83,-6.42,0.00,0
1.28047,-57,17,241,0,DRIVE [ 34 ] [ 1 ] [ 1925 1609 1872 ] [    0    0    0 ] [      0      0      0 ] [ 0 ],drive [ 33 ] [ 1 ] [ 1925 1572 1864 ] [    4   65   28 ] [  10219  18707  16856 ] [ 0 ],0.90,0.90,0.90,0.90,-51.26,15.51,0.00,0.00,0.00,0.00,0.00,0.00,0.00,0.00,0.06,0.06,0.06,0.00,22.02,-6.66,0.00,0
1.293,-53,16,236,0,DRIVE [ 34 ] [ 1 ] [ 1925 1647 1879 ] [    0    0    0 ] [      0      0      0 ] [ 0 ],drive [ 34 ] [ 1 ] [ 1925 1609 1872 ] [    4   65   28 ] [  10221  18480  16560 ] [ 0 ],0.90,0.90,0.90,0.90,-47.38,14.43,0.00,0.00,0.00,0.00,0.00,0.00,0.00,0.00,0.06,0.06,0.06,0.00,22.22,-6.77,0.00,0
1.30533,-49,15,233,0,DRIVE [ 35 ] [ 1 ] [ 1925 1681 1884 ] [    0    0    0 ] [      0      0      0 ] [ 0 ],drive [ 34 ] [ 1 ] [ 1925 1647 1879 ] [    4   65   28 ] [  10221  18480  16560 ] [ 0 ],0.90,0.90,0.90,0.90,-44.08,13.38,0.00,0.00,0.00,0.00,0.00,0.00,0.00,0.00,0.06,0.06,0.06,0.00,22.22,-6.74,0.00,0
1.31831,-45,14,228,0,DRIVE [ 35 ] [ 1 ] [ 1925 1714 1890 ] [    0    0    0 ] [      0      0      0 ] [ 0 ],drive [ 35 ] [ 1 ] [ 1925 1681 1884 ] [    4   50   28 ] [  10221  18480  16560 ] [ 0 ],0.90,0.90,0.90,0.90,-40.67,12.38,0.00,0.00,0.00,0.00,0.00,-0.00,0.00,0.00,0.06,0.06,0.06,0.00,22.24,-6.77,0.00,0
1.33126,-42,13,224,0,DRIVE [ 36 ] [ 1 ] [ 1925 1739 1895 ] [    0    0    0 ] [      0      0      0 ] [ 0 ],drive [ 35 ] [ 1 ] [ 1925 1714 1890 ] [    4   50   28 ] [  10221  18480  16560 ] [ 0 ],0.90,0.90,0.90,0.90,-37.79,11.78,0.00,0.00,0.00,0.00,0.00,-0.00,0.00,0.00,0.06,0.06,0.06,0.00,21.96,-6.85,0.00,0
1.34414,-39,13,218,0,DRIVE [ 36 ] [ 1 ] [ 1925 1763 1901 ] [    0    0    0 ] [      0      0      0 ] [ 0 ],drive [ 36 ] [ 1 ] [ 1925 1739 1895 ] [    4   50   28 ] [  10221  18028  16509 ] [ 0 ],0.90,0.90,0.90,0.90,-34.78,11.67,0.00,0.00,0.00,0.00,0.00,-0.00,0.00,0.00,0.06,0.06,0.06,0.00,21.52,-7.22,0.00,0
1.35697,-36,13,212,0,DRIVE [ 37 ] [ 1 ] [ 1925 1777 1906 ] [    0    0    0 ] [      0      0      0 ] [ 0 ],drive [ 36 ] [ 1 ] [ 1925 1763 1901 ] [    4   50   28 ] [  10221  18028  16509 ] [ 0 ],0.90,0.90,0.90,0.90,-32.25,11.92,0.00,0.00,0.00,0.00,0.00,-0.00,0.00,0.00,0.06,0.06,0.06,0.00,20.75,-7.67,0.00,0
1.36946,-33,14,206,0,DRIVE [ 37 ] [ 1 ] [ 1925 1782 1910 ] [    0    0    0 ] [      0      0      0 ] [ 0 ],drive [ 37 ] [ 1 ] [ 1925 1777 1906 ] [    4   19   16 ] [  10221  18028  16509 ] [ 0 ],0.90,0.90,0.90,0.90,-30.11,12.40,0.00,0.00,0.00,0.00,0.00,-0.00,0.00,0.00,0.06,0.06,0.06,0.00,19.73,-8.12,0.00,0
1.38248,-32,15,202,0,DRIVE [ 38 ] [ 1 ] [ 1925 1774 1912 ] [    0    0    0 ] [      0      0      0 ] [ 0 ],drive [ 37 ] [ 1 ] [ 1925 1782 1910 ] [    4   19   16 ] [  10221  18028  16509 ] [ 0 ],0.90,0.90,0.90,0.90,-28.65,13.24,0.00,0.00,0.00,0.00,0.00,-0.00,0.00,0.00,0.06,0.06,0.06,0.00,18.34,-8.47,0.00,0
1.39559,-31,16,197,0,DRIVE [ 38 ] [ 1 ] [ 1925 1758 1915 ] [    0    0    0 ] [      0      0      0 ] [ 0 ],drive [ 38 ] [ 1 ] [ 1925 1774 1912 ] [    4   19   16 ] [  10222  17583  16379 ] [ 0 ],0.90,0.90,0.90,0.90,-27.53,14.17,0.00,0.00,0.00,0.00,0.00,-0.00,0.00,0.00,0.06,0.06,0.06,0.00,16.83,-8.67,0.00,0
1.40887,-30,17,192,0,DRIVE [ 39 ] [ 1 ] [ 1925 1734 1916 ] [    0    0    0 ] [      0      0      0 ] [ 0 ],drive [ 38 ] [ 1 ] [ 1925 1758 1915 ] [    3   23   10 ] [  10222  17583  16379 ] [ 0 ],0.90,0.90,0.90,0.90,-26.85,15.08,0.00,0.00,0.00,0.00,0.00,-0.00,0.00,0.00,0.06,0.06,0.06,0.00,15.34,-8.61,0.00,0
1.4218,-29,18,186,0,DRIVE [ 39 ] [ 1 ] [ 1925 1704 1919 ] [    0    0    0 ] [      0      0      0 ] [ 0 ],drive [ 39 ] [ 1 ] [ 1925 1734 1916 ] [    3   23   10 ] [  10222  17583  16379 ] [ 0 ],0.90,0.90,0.90,0.90,-26.40,15.94,0.00,0.00,0.00,0.00,0.00,-0.00,0.00,0.00,0.06,0.06,0.06,0.00,13.93,-8.41,0.00,0
1.43422,-29,18,181,0,DRIVE [ 40 ] [ 1 ] [ 1925 1679 1920 ] [    0    0    0 ] [      0      0      0 ] [ 0 ],drive [ 39 ] [ 1 ] [ 1925 1704 1919 ] [    3   23   10 ] [  10222  17583  16379 ] [ 0 ],0.90,0.90,0.90,0.90,-25.97,16.41,0.00,0.00,0.00,0.00,0.00,-0.00,0.00,0.00,0.06,0.06,0.06,0.00,12.83,-8.11,0.00,0
1.44726,-28,18,176,0,DRIVE [ 40 ] [ 1 ] [ 1925 1660 1922 ] [    0    0    0 ] [      0      0      0 ] [ 0 ],drive [ 40 ] [ 1 ] [ 1925 1679 1920 ] [    3   23   10 ] [  10222  17507  16163 ] [ 0 ],0.90,0.90,0.90,0.90,-25.51,16.64,0.00,0.00,0.00,0.00,0.00,-0.00,0.00,0.00,0.06,0.06,0.06,0.00,11.95,-7.79,0.00,0
1.46015,-28,19,171,0,DRIVE [ 41 ] [ 1 ] [ 1925 1649 1923 ] [    0    0    0 ] [      0      0      0 ] [ 0 ],drive [ 40 ] [ 1 ] [ 1925 1660 1922 ] [    2   31   14 ] [  10222  17507  16163 ] [ 0 ],0.90,0.90,0.90,0.90,-24.86,16.65,0.00,0.00,0.00,0.00,0.00,-0.00,0.00,0.00,0.06,0.06,0.06,0.00,11.24,-7.53,0.00,0
1.47284,-27,18,167,0,DRIVE [ 41 ] [ 1 ] [ 1925 1643 1925 ] [    0    0    0 ] [      0      0      0 ] [ 0 ],drive [ 41 ] [ 1 ] [ 1925 1649 1923 ] [    2   31   14 ] [  10222  17507  16163 ] [ 0 ],0.90,0.90,0.90,0.90,-23.94,16.61,0.00,0.00,0.00,0.00,0.00,-0.00,0.00,0.00,0.06,0.06,0.06,0.00,10.60,-7.36,0.00,0
1.48508,-25,18,163,0,DRIVE [ 42 ] [ 1 ] [ 1923 1644 1925 ] [    0    0    0 ] [      0      0      0 ] [ 0 ],drive [ 41 ] [ 1 ] [ 1925 1643 1925 ] [    2   31   14 ] [  10222  17507  16163 ] [ 0 ],0.90,0.90,0.90,0.90,-22.80,16.58,0.00,0.00,0.00,0.00,0.00,-0.00,0.00,0.00,0.06,0.06,0.06,0.00,9.98,-7.25,0.00,0
1.49806,-24,18,159,0,DRIVE [ 42 ] [ 1 ] [ 1920 1647 1925 ] [    0    0    0 ] [      0      0      0 ] [ 0 ],drive [ 42 ] [ 1 ] [ 1923 1644 1925 ] [    2   31   14 ] [  10222  17518  16159 ] [ 0 ],0.90,0.90,0.90,0.90,-21.65,16.56,0.00,0.00,0.00,0.00,0.00,-0.00,0.00,0.00,0.06,0.06,0.06,0.00,9.35,-7.15,0.00,0
1.51102,-23,18,155,0,DRIVE [ 43 ] [ 1 ] [ 1916 1650 1925 ] [    0    0    0 ] [      0      0      0 ] [ 0 ],drive [ 42 ] [ 1 ] [ 1920 1647 1925 ] [    3   39   13 ] [  10222  17518  16159 ] [ 0 ],0.90,0.90,0.90,0.90,-20.54,16.51,0.00,0.00,0.00,0.00,0.00,-0.00,0.00,0.00,0.06,0.06,0.06,0.00,8.75,-7.04,0.00,0
1.524,-22,18,151,0,DRIVE [ 43 ] [ 1 ] [ 1912 1648 1925 ] [    0    0    0 ] [      0      0      0 ] [ 0 ],drive [ 43 ] [ 1 ] [ 1916 1650 1925 ] [    3   39   13 ] [  10222  17518  16159 ] [ 0 ],0.90,0.90,0.90,0.90,-19.65,16.52,0.00,0.00,0.00,0.00,0.00,-0.00,0.00,0.00,0.06,0.06,0.06,0.00,8.15,-6.86,0.00,0
1.53711,-21,18,146,0,DRIVE [ 44 ] [ 1 ] [ 1908 1652 1925 ] [    0    0    0 ] [      0      0      0 ] [ 0 ],drive [ 43 ] [ 1 ] [ 1912 1648 1925 ] [    3   39   13 ] [  10222  17518  16159 ] [ 0 ],0.90,0.90,0.90,0.90,-18.49,16.42,0.00,0.00,0.00,0.00,0.00,-0.00,0.00,0.00,0.06,0.06,0.06,0.00,7.61,-6.75,0.00,0
1.54947,-19,18,142,0,DRIVE [ 44 ] [ 1 ] [ 1904 1655 1925 ] [    0    0    0 ] [      0      0      0 ] [ 0 ],drive [ 44 ] [ 1 ] [ 1908 1652 1925 ] [    3   39   13 ] [  10223  17516  16160 ] [ 0 ],0.90,0.90,0.90,0.90,-17.43,16.34,0.00,0.00,0.00,0.00,0.00,-0.00,0.00,0.00,0.06,0.06,0.06,0.00,7.05,-6.62,0.00,0
1.56242,-18,18,138,0,DRIVE [ 45 ] [ 1 ] [ 1900 1658 1925 ] [    0    0    0 ] [      0      0      0 ] [ 0 ],drive [ 44 ] [ 1 ] [ 1904 1655 1925 ] [    3   37   14 ] [  10223  17516  16160 ] [ 0 ],0.90,0.90,0.90,0.90,-16.43,16.21,0.00,0.00,0.00,0.00,0.00,-0.00,0.00,0.00,0.06,0.06,0.06,0.00,6.55,-6.47,0.00,0
1.57577,-17,18,135,0,DRIVE [ 45 ] [ 1 ] [ 1897 1660 1925 ] [    0    0    0 ] [      0      0      0 ] [ 0 ],drive [ 45 ] [ 1 ] [ 1900 1658 1925 ] [    3   37   14 ] [  10223  17516  16160 ] [ 0 ],0.90,0.90,0.90,0.90,-15.60,16.02,0.00,0.00,0.00,0.00,0.00,-0.00,0.00,0.00,0.06,0.06,0.06,0.00,6.13,-6.29,0.00,0
1.58918,-17,17,131,0,DRIVE [ 46 ] [ 1 ] [ 1895 1661 1925 ] [    0    0    0 ] [      0      0      0 ] [ 0 ],drive [ 45 ] [ 1 ] [ 1897 1660 1925 ] [    3   37   14 ] [  10223  17516  16160 ] [ 0 ],0.90,0.90,0.90,0.90,-14.99,15.70,0.00,0.00,0.00,0.00,0.00,-0.00,0.00,0.00,0.06,0.06,0.06,0.00,5.83,-6.11,0.00,0
1.60155,-16,17,127,0,DRIVE [ 46 ] [ 1 ] [ 1897 1661 1925 ] [    0    0    0 ] [      0      0      0 ] [ 0 ],drive [ 46 ] [ 1 ] [ 1895 1661 1925 ] [    3   37   14 ] [  10224  17474  16158 ] [ 0 ],0.90,0.90,0.90,0.90,-14.70,15.06,0.00,0.00,0.00,0.00,0.00,-0.00,0.00,0.00,0.06,0.06,0.06,0.00,5.79,-5.93,0.00,0
1.61449,-16,16,124,0,DRIVE [ 47 ] [ 1 ] [ 1901 1656 1925 ] [    0    0    0 ] [      0      0      0 ] [ 0 ],drive [ 46 ] [ 1 ] [ 1897 1661 1925 ] [    3   44   12 ] [  10224  17474  16158 ] [ 0 ],0.90,0.90,0.90,0.90,-14.76,14.39,0.00,0.00,0.00,0.00,0.00,-0.00,0.00,0.00,0.06,0.06,0.06,0.00,5.83,-5.69,0.00,0
1.62696,-17,15,120,0,DRIVE [ 47 ] [ 1 ] [ 1906 1643 1925 ] [    0    0    0 ] [      0      0      0 ] [ 0 ],drive [ 47 ] [ 1 ] [ 1901 1656 1925 ] [    3   44   12 ] [  10224  17474  16158 ] [ 0 ],0.90,0.90,0.90,0.90,-15.13,13.73,0.00,0.00,0.00,0.00,0.00,-0.00,0.00,0.00,0.06,0.06,0.06,0.00,5.89,-5.34,0.00,0
1.63894,-18,15,117,0,DRIVE [ 48 ] [ 1 ] [ 1912 1619 1925 ] [    0    0    0 ] [      0      0      0 ] [ 0 ],drive [ 47 ] [ 1 ] [ 1906 1643 1925 ] [    3   44   12 ] [  10224  17474  16158 ] [ 0 ],0.90,0.90,0.90,0.90,-15.79,13.13,0.00,0.00,0.00,0.00,0.00,-0.00,0.00,0.00,0.06,0.06,0.06,0.00,5.89,-4.90,0.00,0
1.65155,-18,14,114,0,DRIVE [ 48 ] [ 1 ] [ 1919 1585 1925 ] [    0    0    0 ] [      0      0      0 ] [ 0 ],drive [ 48 ] [ 1 ] [ 1912 1619 1925 ] [    3   44   12 ] [  10224  17343  16158 ] [ 0 ],0.90,0.90,0.90,0.90,-16.65,12.56,0.00,0.00,0.00,0.00,0.00,-0.00,0.00,0.00,0.06,0.06,0.06,0.00,5.81,-4.39,0.00,0
1.66415,-20,13,111,0,DRIVE [ 49 ] [ 1 ] [ 1919 1546 1924 ] [    0    0    0 ] [      0      0      0 ] [ 0 ],drive [ 48 ] [ 1 ] [ 1919 1585 1925 ] [    2   36   13 ] [  10224  17343  16158 ] [ 0 ],0.90,0.90,0.90,0.90,-17.67,12.06,0.00,0.00,0.00,0.00,0.00,-0.00,0.00,0.00,0.06,0.06,0.06,0.00,5.61,-3.83,0.00,0
1.67665,-21,13,109,0,DRIVE [ 49 ] [ 1 ] [ 1919 1516 1915 ] [    0    0    0 ] [      0      0      0 ] [ 0 ],drive [ 49 ] [ 1 ] [ 1919 1546 1924 ] [    2   36   13 ] [  10224  17343  16158 ] [ 0 ],0.90,0.90,0.90,0.90,-18.67,11.60,0.00,0.00,0.00,0.00,0.00,-0.00,0.00,0.00,0.06,0.06,0.06,0.00,5.32,-3.31,0.00,0
1.68908,-22,12,106,0,DRIVE [ 50 ] [ 1 ] [ 1919 1485 1906 ] [    0    0    0 ] [      0      0      0 ] [ 0 ],drive [ 49 ] [ 1 ] [ 1919 1516 1915 ] [    2   36   13 ] [  10224  17343  16158 ] [ 0 ],0.90,0.90,0.90,0.90,-19.57,11.21,0.00,0.00,0.00,0.00,0.00,-0.00,0.00,0.00,0.06,0.06,0.06,0.00,4.97,-2.85,0.00,0
1.70098,-23,12,104,0,DRIVE [ 50 ] [ 1 ] [ 1919 1455 1898 ] [    0    0    0 ] [      0      0      0 ] [ 0 ],drive [ 50 ] [ 1 ] [ 1919 1485 1906 ] [    2   36   13 ] [  10223  17368  16139 ] [ 0 ],0.90,0.90,0.90,0.90,-20.33,10.88,0.00,0.00,0.00,0.00,0.00,-0.00,0.00,0.00,0.06,0.06,0.06,0.00,4.61,-2.47,0.00,0
1.71355,-23,12,102,0,DRIVE [ 51 ] [ 1 ] [ 1919 1427 1891 ] [    0    0    0 ] [      0      0      0 ] [ 0 ],drive [ 50 ] [ 1 ] [ 1919 1455 1898 ] [    1   42   23 ] [  10223  17368  16139 ] [ 0 ],0.90,0.90,0.90,0.90,-20.93,10.62,0.00,0.00,0.00,0.00,0.00,-0.00,0.00,0.00,0.06,0.06,0.06,0.00,4.26,-2.16,0.00,0
1.72595,-24,12,99,0,DRIVE [ 51 ] [ 1 ] [ 1919 1397 1884 ] [    0    0    0 ] [      0      0      0 ] [ 0 ],drive [ 51 ] [ 1 ] [ 1919 1427 1891 ] [    1   42   23 ] [  10223  17368  16139 ] [ 0 ],0.90,0.90,0.90,0.90,-21.42,10.37,0.00,0.00,0.00,0.00,0.00,-0.00,0.00,0.00,0.06,0.06,0.06,0.00,3.94,-1.91,0.00,0
1.73841,-24,11,96,0,DRIVE [ 52 ] [ 1 ] [ 1919 1368 1876 ] [    0    0    0 ] [      0      0      0 ] [ 0 ],drive [ 51 ] [ 1 ] [ 1919 1397 1884 ] [    1   42   23 ] [  10223  17368  16139 ] [ 0 ],0.90,0.90,0.90,0.90,-21.88,10.12,0.00,0.00,0.00,0.00,0.00,-0.00,0.00,0.00,0.06,0.06,0.06,0.00,3.63,-1.68,0.00,0
1.75022,-25,11,93,0,DRIVE [ 52 ] [ 1 ] [ 1919 1341 1868 ] [    0    0    0 ] [      0      0      0 ] [ 0 ],drive [ 52 ] [ 1 ] [ 1919 1368 1876 ] [    1   42   23 ] [  10223  17389  16046 ] [ 0 ],0.90,0.90,0.90,0.90,-22.26,9.85,0.00,0.00,0.00,0.00,0.00,-0.00,0.00,0.00,0.06,0.06,0.06,0.00,3.36,-1.49,0.00,0
1.76242,-25,11,90,0,DRIVE [ 53 ] [ 1 ] [ 1919 1315 1862 ] [    0    0    0 ] [      0      0      0 ] [ 0 ],drive [ 52 ] [ 1 ] [ 1919 1341 1868 ] [    1   65   16 ] [  10223  17389  16046 ] [ 0 ],0.90,0.90,0.90,0.90,-22.48,9.68,0.00,0.00,0.00,0.00,0.00,-0.00,0.00,0.00,0.06,0.06,0.06,0.00,3.12,-1.34,0.00,0
1.77496,-25,11,90,0,DRIVE [ 53 ] [ 1 ] [ 1919 1375 1869 ] [    0    0    0 ] [      0      0      0 ] [ 0 ],drive [ 53 ] [ 1 ] [ 1919 1315 1862 ] [    1   65   16 ] [  10223  17389  16046 ] [ 0 ],0.90,0.90,0.90,0.90,-20.23,8.71,0.00,0.00,0.00,0.00,0.00,-0.00,0.00,0.00,0.06,0.06,0.06,0.00,2.81,-1.21,0.00,0
1.7865,-25,11,87,0,DRIVE [ 54 ] [ 1 ] [ 1919 1281 1860 ] [    0    0    0 ] [      0      0      0 ] [ 0 ],drive [ 53 ] [ 1 ] [ 1919 1375 1869 ] [    1   65   16 ] [  10223  17389  16046 ] [ 0 ],0.90,0.90,0.90,0.90,-22.59,9.79,0.00,0.00,0.00,0.00,0.00,-0.00,0.00,0.00,0.06,0.06,0.06,0.00,2.89,-1.25,0.00,0
1.79845,-25,11,87,0,DRIVE [ 54 ] [ 1 ] [ 1919 1343 1866 ] [    0    0    0 ] [      0      0      0 ] [ 0 ],drive [ 54 ] [ 1 ] [ 1919 1281 1860 ] [    1   65   16 ] [  10223  17516  16045 ] [ 0 ],0.90,0.90,0.90,0.90,-20.33,8.81,0.00,0.00,0.00,0.00,0.00,-0.00,0.00,0.00,0.06,0.06,0.06,0.00,2.60,-1.13,0.00,0
1.81031,-25,11,87,0,DRIVE [ 55 ] [ 1 ] [ 1919 1400 1872 ] [    0    0    0 ] [      0      0      0 ] [ 0 ],drive [ 54 ] [ 1 ] [ 1919 1343 1866 ] [    2   68   15 ] [  10223  17516  16045 ] [ 0 ],0.90,0.90,0.90,0.90,-18.29,7.93,0.00,0.00,0.00,0.00,0.00,-0.00,0.00,0.00,0.06,0.06,0.06,0.00,2.34,-1.01,0.00,0
1.82222,-25,11,87,0,DRIVE [ 55 ] [ 1 ] [ 1919 1451 1877 ] [    0    0    0 ] [      0      0      0 ] [ 0 ],drive [ 55 ] [ 1 ] [ 1919 1400 1872 ] [    2   68   15 ] [  10223  17516  16045 ] [ 0 ],0.90,0.90,0.90,0.90,-16.46,7.14,0.00,0.00,0.00,0.00,0.00,-0.00,0.00,0.00,0.06,0.06,0.06,0.00,2.10,-0.91,0.00,0
1.83356,-25,11,87,0,DRIVE [ 56 ] [ 1 ] [ 1919 1498 1882 ] [    0    0    0 ] [      0      0      0 ] [ 0 ],drive [ 55 ] [ 1 ] [ 1919 1451 1877 ] [    2   68   15 ] [  10223  17516  16045 ] [ 0 ],0.90,0.90,0.90,0.90,-14.82,6.42,0.00,0.00,0.00,0.00,0.00,-0.00,0.00,0.00,0.06,0.06,0.06,0.00,1.89,-0.82,0.00,0
1.84545,-25,11,87,0,DRIVE [ 56 ] [ 1 ] [ 1919 1540 1886 ] [    0    0    0 ] [      0      0      0 ] [ 0 ],drive [ 56 ] [ 1 ] [ 1919 1498 1882 ] [    2   68   15 ] [  10223  17494  16043 ] [ 0 ],0.90,0.90,0.90,0.90,-13.34,5.78,0.00,0.00,0.00,0.00,0.00,-0.00,0.00,0.00,0.06,0.06,0.06,0.00,1.70,-0.74,0.00,0
1.85694,-25,11,87,0,DRIVE [ 57 ] [ 1 ] [ 1919 1578 1890 ] [    0    0    0 ] [      0      0      0 ] [ 0 ],drive [ 56 ] [ 1 ] [ 1919 1540 1886 ] [    2   53   13 ] [  10223  17494  16043 ] [ 0 ],0.90,0.90,0.90,0.90,-12.00,5.20,0.00,0.00,0.00,0.00,0.00,-0.00,0.00,0.00,0.06,0.06,0.06,0.00,1.53,-0.66,0.00,0
1.8692,-25,11,87,0,DRIVE [ 57 ] [ 1 ] [ 1919 1612 1894 ] [    0    0    0 ] [      0      0      0 ] [ 0 ],drive [ 57 ] [ 1 ] [ 1919 1578 1890 ] [    2   53   13 ] [  10223  17494  16043 ] [ 0 ],0.90,0.90,0.90,0.90,-10.80,4.68,0.00,0.00,0.00,0.00,0.00,-0.00,0.00,0.00,0.06,0.06,0.06,0.00,1.38,-0.60,0.00,0
1.88049,-25,11,87,0,DRIVE [ 58 ] [ 1 ] [ 1919 1643 1897 ] [    0    0    0 ] [      0      0      0 ] [ 0 ],drive [ 57 ] [ 1 ] [ 1919 1612 1894 ] [    2   53   13 ] [  10223  17494  16043 ] [ 0 ],0.90,0.90,0.90,0.90,-9.72,4.21,0.00,0.00,0.00,0.00,0.00,-0.00,0.00,0.00,0.06,0.06,0.06,0.00,1.24,-0.54,0.00,0
1.89217,-25,11,87,0,DRIVE [ 58 ] [ 1 ] [ 1919 1671 1900 ] [    0    0    0 ] [      0      0      0 ] [ 0 ],drive [ 58 ] [ 1 ] [ 1919 1643 1897 ] [    2   53   13 ] [  10239  17274  16033 ] [ 0 ],0.90,0.90,0.90,0.90,-8.75,3.79,0.00,0.00,0.00,0.00,0.00,-0.00,0.00,0.00,0.06,0.06,0.06,0.00,1.12,-0.48,0.00,0
1.90318,-25,11,87,0,DRIVE [ 59 ] [ 1 ] [ 1919 1697 1902 ] [    0    0    0 ] [      0      0      0 ] [ 0 ],drive [ 58 ] [ 1 ] [ 1919 1671 1900 ] [    2   53   13 ] [  10239  17274  16033 ] [ 0 ],0.90,0.90,0.90,0.90,-7.87,3.41,0.00,0.00,0.00,0.00,0.00,-0.00,0.00,0.00,0.06,0.06,0.06,0.00,1.01,-0.44,0.00,0
1.91488,-25,11,87,0,DRIVE [ 59 ] [ 1 ] [ 1919 1720 1905 ] [    0    0    0 ] [      0      0      0 ] [ 0 ],drive [ 59 ] [ 1 ] [ 1919 1697 1902 ] [   25   37   14 ] [  10239  17274  16033 ] [ 0 ],0.90,0.90,0.90,0.90,-7.09,3.07,0.00,0.00,0.00,0.00,0.00,-0.00,0.00,0.00,0.06,0.06,0.06,0.00,0.91,-0.39,0.00,0
1.92594,-25,11,87,0,DRIVE [ 60 ] [ 1 ] [ 1919 1740 1907 ] [    0    0    0 ] [      0      0      0 ] [ 0 ],drive [ 59 ] [ 1 ] [ 1919 1720 1905 ] [   25   37   14 ] [  10239  17274  16033 ] [ 0 ],0.90,0.90,0.90,0.90,-6.38,2.77,0.00,0.00,0.00,0.00,0.00,-0.00,0.00,0.00,0.06,0.06,0.06,0.00,0.81,-0.35,0.00,0
1.93702,-25,11,87,0,DRIVE [ 60 ] [ 1 ] [ 1919 1759 1909 ] [    0    0    0 ] [      0      0      0 ] [ 0 ],drive [ 60 ] [ 1 ] [ 1919 1740 1907 ] [   25   37   14 ] [  10239  17274  16033 ] [ 0 ],0.90,0.90,0.90,0.90,-5.74,2.49,0.00,0.00,0.00,0.00,0.00,-0.00,0.00,0.00,0.06,0.06,0.06,0.00,0.73,-0.32,0.00,0
1.94779,-25,11,87,0,DRIVE [ 61 ] [ 1 ] [ 1919 1775 1910 ] [    0    0    0 ] [      0      0      0 ] [ 0 ],drive [ 60 ] [ 1 ] [ 1919 1759 1909 ] [   25   37   14 ] [  11550  16826  15837 ] [ 0 ],0.90,0.90,0.90,0.90,-5.17,2.24,0.00,0.00,0.00,0.00,0.00,-0.00,0.00,0.00,0.06,0.06,0.06,0.00,0.66,-0.29,0.00,0
1.95863,-25,11,87,0,DRIVE [ 61 ] [ 1 ] [ 1919 1790 1912 ] [    0    0    0 ] [      0      0      0 ] [ 0 ],drive [ 61 ] [ 1 ] [ 1919 1775 1910 ] [    9   17   20 ] [  11550  16826  15837 ] [ 0 ],0.90,0.90,0.90,0.90,-4.65,2.02,0.00,0.00,0.00,0.00,0.00,-0.00,0.00,0.00,0.06,0.06,0.06,0.00,0.59,-0.26,0.00,0
1.96882,-25,11,87,0,DRIVE [ 62 ] [ 1 ] [ 1919 1804 1913 ] [    0    0    0 ] [      0      0      0 ] [ 0 ],drive [ 61 ] [ 1 ] [ 1919 1790 1912 ] [    9   17   20 ] [  11550  16826  15837 ] [ 0 ],0.90,0.90,0.90,0.90,-4.19,1.81,0.00,0.00,0.00,0.00,0.00,-0.00,0.00,0.00,0.06,0.06,0.06,0.00,0.53,-0.23,0.00,0
1.97943,-25,11,87,1,DRIVE [ 62 ] [ 1 ] [ 1919 1816 1914 ] [    0    0    0 ] [      0      0      0 ] [ 0 ],drive [ 62 ] [ 1 ] [ 1919 1804 1913 ] [    9   17   20 ] [  11550  16826  15837 ] [ 0 ],0.90,0.90,0.90,0.90,-3.77,1.63,0.00,0.00,0.00,0.00,0.00,-0.00,0.00,0.00,0.06,0.06,0.06,0.00,0.48,-0.21,0.00,0
