timestamp,Xmm,Ymm,Zmm,TouchDetected,OutgoingPacket,IncomingPacket,GainPropAb, GainPropAd, GainPropFl, GainPropEx,PropA, PropB, PropC,GainIntegAb, GainIntegAd, GainIntegFl, GainIntegEx,IntegA, IntegB, IntegC,GainDerivAb, GainDerivAd, GainDerivFl, GainDerivEx,DerivA, DerivB, DerivC,Heading5
2.22725,-377,-7,591,1,DRIVE [ 79 ] [ 1 ] [ 1898 1439 1897 ] [    0    0    0 ] [      0      0      0 ] [ 1 ],drive [ 78 ] [ 1 ] [ 1898 1496 1920 ] [   22   33   21 ] [  10153  14274  15527 ] [ 1 ],0.80,0.80,0.80,0.80,-4.68,2.50,0.00,0.00,0.00,0.00,0.00,-0.00,0.00,0.00,0.00,0.00,0.00,0.00,0.00,-0.00,0.00,0
0.00143716,-377,-7,591,0,DRIVE [ 35 ] [ 1 ] [ 1898 1926 1926 ] [    0    0    0 ] [      0      0      0 ] [ 0 ],drive [ 34 ] [ 1 ] [ 1898 1230 1527 ] [    2   87   43 ] [   6995  18750  17745 ] [ 0 ],0.80,0.80,0.80,0.80,-271.51,-4.74,0.00,0.00,0.00,0.00,0.00,-0.00,0.00,0.00,0.00,0.00,0.00,0.00,0.00,0.00,0.00,0
0.0176565,-377,-7,591,0,DRIVE [ 35 ] [ 1 ] [ 1898 1926 1926 ] [    0    0    0 ] [      0      0      0 ] [ 0 ],drive [ 35 ] [ 1 ] [ 1898 1926 1926 ] [   21   68   56 ] [   6995  18750  17745 ] [ 0 ],0.80,0.80,0.80,0.80,-244.36,-4.26,0.00,0.00,0.00,0.00,0.00,-0.00,0.00,0.00,0.00,0.00,0.00,0.00,0.00,0.00,0.00,0
0.0325363,-369,1,586,0,DRIVE [ 36 ] [ 1 ] [ 1898 1908 1919 ] [    0    0    0 ] [      0      0      0 ] [ 0 ],drive [ 35 ] [ 1 ] [ 1898 1926 1926 ] [   21   68   56 ] [   6995  18750  17745 ] [ 0 ],0.80,0.80,0.80,0.80,-295.08,0.60,0.00,0.00,0.00,0.00,0.00,0.00,0.00,0.00,0.00,0.00,0.00,0.00,0.00,0.00,0.00,0
0.0476833,-372,3,594,0,DRIVE [ 36 ] [ 1 ] [ 1898 1893 1913 ] [    0    0    0 ] [      0      0      0 ] [ 0 ],drive [ 36 ] [ 1 ] [ 1898 1908 1919 ] [   21   68   56 ] [   6775  18336  17721 ] [ 0 ],0.80,0.80,0.80,0.80,-297.64,2.60,0.00,0.00,0.00,0.00,0.00,0.00,0.00,0.00,0.00,0.00,0.00,0.00,0.00,0.00,0.00,0
0.0643214,-371,5,594,0,DRIVE [ 37 ] [ 1 ] [ 1898 1876 1907 ] [    0    0    0 ] [      0      0      0 ] [ 0 ],drive [ 36 ] [ 1 ] [ 1898 1893 1913 ] [    6    2   22 ] [   6775  18336  17721 ] [ 0 ],0.80,0.80,0.80,0.80,-296.82,3.99,0.00,0.00,0.00,0.00,0.00,0.00,0.00,0.00,0.00,0.00,0.00,0.00,0.00,-0.00,0.00,0
0.0786777,-371,8,595,0,DRIVE [ 37 ] [ 1 ] [ 1898 1859 1901 ] [    0    0    0 ] [      0      0      0 ] [ 0 ],drive [ 37 ] [ 1 ] [ 1898 1876 1907 ] [    6    2   22 ] [   6775  18336  17721 ] [ 0 ],0.80,0.80,0.80,0.80,-297.15,6.17,0.00,0.00,0.00,0.00,0.00,0.00,0.00,0.00,0.00,0.00,0.00,0.00,0.00,0.00,0.00,0
0.0928075,-377,9,598,0,DRIVE [ 38 ] [ 1 ] [ 1898 1842 1895 ] [    0    0    0 ] [      0      0      0 ] [ 0 ],drive [ 37 ] [ 1 ] [ 1898 1859 1901 ] [    6    2   22 ] [   6780  17656  17455 ] [ 0 ],0.80,0.80,0.80,0.80,-301.71,7.31,0.00,0.00,0.00,0.00,0.00,0.00,0.00,0.00,0.00,0.00,0.00,0.00,0.00,0.00,0.00,0
0.105952,-377,9,598,0,DRIVE [ 38 ] [ 1 ] [ 1898 1851 1898 ] [    0    0    0 ] [      0      0      0 ] [ 0 ],drive [ 38 ] [ 1 ] [ 1898 1842 1895 ] [    6    2   22 ] [   6780  17656  17455 ] [ 0 ],0.80,0.80,0.80,0.80,-271.54,6.58,0.00,0.00,0.00,0.00,0.00,0.00,0.00,0.00,0.00,0.00,0.00,0.00,0.00,0.00,0.00,0
0.119624,-379,0,584,0,DRIVE [ 39 ] [ 1 ] [ 1898 1811 1881 ] [    0    0    0 ] [      0      0      0 ] [ 0 ],drive [ 38 ] [ 1 ] [ 1898 1851 1898 ] [    7    9   18 ] [   6780  17656  17455 ] [ 0 ],0.80,0.80,0.80,0.80,-302.85,0.14,0.00,0.00,0.00,0.00,0.00,0.00,0.00,0.00,0.00,0.00,0.00,0.00,0.00,0.00,0.00,0
0.134456,-375,-7,569,0,DRIVE [ 39 ] [ 1 ] [ 1898 1796 1873 ] [    0    0    0 ] [      0      0      0 ] [ 0 ],drive [ 39 ] [ 1 ] [ 1898 1811 1881 ] [    7    9   18 ] [   6780  17656  17455 ] [ 0 ],0.80,0.80,0.80,0.80,-299.99,-5.85,0.00,0.00,0.00,0.00,0.00,0.00,0.00,0.00,0.00,0.00,0.00,0.00,0.00,0.00,0.00,0
0.148755,-163,-7,631,0,DRIVE [ 40 ] [ 1 ] [ 1898 1869 1901 ] [    0    0    0 ] [      0      0      0 ] [ 0 ],drive [ 39 ] [ 1 ] [ 1898 1796 1873 ] [    7    9   18 ] [   6778  17731  17456 ] [ 0 ],0.80,0.80,0.80,0.80,-130.56,-5.88,0.00,0.00,0.00,0.00,0.00,0.00,0.00,0.00,0.00,0.00,0.00,0.00,0.00,0.00,0.00,0
0.163624,-164,-7,655,0,DRIVE [ 40 ] [ 1 ] [ 1898 1865 1900 ] [    0    0    0 ] [      0      0      0 ] [ 0 ],drive [ 40 ] [ 1 ] [ 1898 1869 1901 ] [    6   21   19 ] [   6778  17731  17456 ] [ 0 ],0.80,0.80,0.80,0.80,-131.54,-5.48,0.00,0.00,0.00,0.00,0.00,0.00,0.00,0.00,0.00,0.00,0.00,0.00,0.00,0.00,0.00,0
0.177935,-159,-7,646,0,DRIVE [ 41 ] [ 1 ] [ 1898 1860 1898 ] [    0    0    0 ] [      0      0      0 ] [ 0 ],drive [ 40 ] [ 1 ] [ 1898 1865 1900 ] [    6   21   19 ] [   6778  17731  17456 ] [ 0 ],0.80,0.80,0.80,0.80,-127.22,-5.25,0.00,0.00,0.00,0.00,0.00,0.00,0.00,0.00,0.00,0.00,0.00,0.00,0.00,0.00,0.00,0
0.192381,-157,-6,644,0,DRIVE [ 41 ] [ 1 ] [ 1898 1855 1895 ] [    0    0    0 ] [      0      0      0 ] [ 0 ],drive [ 41 ] [ 1 ] [ 1898 1860 1898 ] [    6   21   19 ] [   6778  17731  17456 ] [ 0 ],0.80,0.80,0.80,0.80,-125.66,-5.20,0.00,0.00,0.00,0.00,0.00,0.00,0.00,0.00,0.00,0.00,0.00,0.00,0.00,0.00,0.00,0
0.207656,-156,-7,650,0,DRIVE [ 42 ] [ 1 ] [ 1898 1850 1893 ] [    0    0    0 ] [      0      0      0 ] [ 0 ],drive [ 41 ] [ 1 ] [ 1898 1855 1895 ] [    6   21   19 ] [   6782  17715  17455 ] [ 0 ],0.80,0.80,0.80,0.80,-125.00,-5.23,0.00,0.00,0.00,0.00,0.00,0.00,0.00,0.00,0.00,0.00,0.00,0.00,0.00,0.00,0.00,0
0.221984,-155,-7,653,0,DRIVE [ 42 ] [ 1 ] [ 1898 1845 1891 ] [    0    0    0 ] [      0      0      0 ] [ 0 ],drive [ 42 ] [ 1 ] [ 1898 1850 1893 ] [    4    8   21 ] [   6782  17715  17455 ] [ 0 ],0.80,0.80,0.80,0.80,-123.60,-5.27,0.00,0.00,0.00,0.00,0.00,0.00,0.00,0.00,0.00,0.00,0.00,0.00,0.00,0.00,0.00,0
0.236108,-151,-6,649,0,DRIVE [ 43 ] [ 1 ] [ 1898 1841 1890 ] [    0    0    0 ] [      0      0      0 ] [ 0 ],drive [ 42 ] [ 1 ] [ 1898 1845 1891 ] [    4    8   21 ] [   6782  17715  17455 ] [ 0 ],0.80,0.80,0.80,0.80,-120.77,-5.12,0.00,0.00,0.00,0.00,0.00,0.00,0.00,0.00,0.00,0.00,0.00,0.00,0.00,0.00,0.00,0
0.249925,-148,-7,650,0,DRIVE [ 43 ] [ 1 ] [ 1898 1838 1888 ] [    0    0    0 ] [      0      0      0 ] [ 0 ],drive [ 43 ] [ 1 ] [ 1898 1841 1890 ] [    4    8   21 ] [   6796  17673  17399 ] [ 0 ],0.80,0.80,0.80,0.80,-118.51,-5.23,0.00,0.00,0.00,0.00,0.00,0.00,0.00,0.00,0.00,0.00,0.00,0.00,0.00,0.00,0.00,0
0.264622,-146,-8,663,0,DRIVE [ 44 ] [ 1 ] [ 1898 1836 1887 ] [    0    0    0 ] [      0      0      0 ] [ 0 ],drive [ 43 ] [ 1 ] [ 1898 1838 1888 ] [    3   29    9 ] [   6796  17673  17399 ] [ 0 ],0.80,0.80,0.80,0.80,-116.65,-6.21,0.00,0.00,0.00,0.00,0.00,0.00,0.00,0.00,0.00,0.00,0.00,0.00,0.00,0.00,0.00,0
0.27924,-140,-9,663,0,DRIVE [ 44 ] [ 1 ] [ 1898 1835 1885 ] [    0    0    0 ] [      0      0      0 ] [ 0 ],drive [ 44 ] [ 1 ] [ 1898 1836 1887 ] [    3   29    9 ] [   6796  17673  17399 ] [ 0 ],0.80,0.80,0.80,0.80,-112.22,-7.06,0.00,0.00,0.00,0.00,0.00,0.00,0.00,0.00,0.00,0.00,0.00,0.00,0.00,0.00,0.00,0
0.293983,-133,-10,657,0,DRIVE [ 45 ] [ 1 ] [ 1898 1835 1884 ] [    0    0    0 ] [      0      0      0 ] [ 0 ],drive [ 44 ] [ 1 ] [ 1898 1835 1885 ] [    3   29    9 ] [   6796  17519  17399 ] [ 0 ],0.80,0.80,0.80,0.80,-106.35,-7.66,0.00,0.00,0.00,0.00,0.00,0.00,0.00,0.00,0.00,0.00,0.00,0.00,0.00,0.00,0.00,0
0.308088,-125,-10,650,0,DRIVE [ 45 ] [ 1 ] [ 1898 1835 1884 ] [    0    0    0 ] [      0      0      0 ] [ 0 ],drive [ 45 ] [ 1 ] [ 1898 1835 1884 ] [    3   11   10 ] [   6796  17519  17399 ] [ 0 ],0.80,0.80,0.80,0.80,-99.89,-7.93,0.00,0.00,0.00,0.00,0.00,0.00,0.00,0.00,0.00,0.00,0.00,0.00,0.00,0.00,0.00,0
0.321675,-125,-10,650,0,DRIVE [ 46 ] [ 1 ] [ 1898 1844 1888 ] [    0    0    0 ] [      0      0      0 ] [ 0 ],drive [ 45 ] [ 1 ] [ 1898 1835 1884 ] [    3   11   10 ] [   6796  17519  17399 ] [ 0 ],0.80,0.80,0.80,0.80,-89.90,-7.14,0.00,0.00,0.00,0.00,0.00,0.00,0.00,0.00,0.00,0.00,0.00,0.00,0.00,0.00,0.00,0
0.335801,-113,-9,647,0,DRIVE [ 46 ] [ 1 ] [ 1898 1836 1884 ] [    0    0    0 ] [      0      0      0 ] [ 0 ],drive [ 46 ] [ 1 ] [ 1898 1844 1888 ] [    3   11   10 ] [   6796  17519  17399 ] [ 0 ],0.80,0.80,0.80,0.80,-90.25,-7.30,0.00,0.00,0.00,0.00,0.00,0.00,0.00,0.00,0.00,0.00,0.00,0.00,0.00,0.00,0.00,0
0.350466,-102,-8,641,0,DRIVE [ 47 ] [ 1 ] [ 1898 1840 1886 ] [    0    0    0 ] [      0      0      0 ] [ 0 ],drive [ 46 ] [ 1 ] [ 1898 1836 1884 ] [    3   11   10 ] [   6811  17079  17384 ] [ 0 ],0.80,0.80,0.80,0.80,-81.39,-6.42,0.00,0.00,0.00,0.00,0.00,0.00,0.00,0.00,0.00,0.00,0.00,0.00,0.00,0.00,0.00,0
0.364908,-92,-7,631,0,DRIVE [ 47 ] [ 1 ] [ 1898 1844 1888 ] [    0    0    0 ] [      0      0      0 ] [ 0 ],drive [ 47 ] [ 1 ] [ 1898 1840 1886 ] [   30   32   21 ] [   6811  17079  17384 ] [ 0 ],0.80,0.80,0.80,0.80,-73.33,-5.49,0.00,0.00,0.00,0.00,0.00,0.00,0.00,0.00,0.00,0.00,0.00,0.00,0.00,0.00,0.00,0
0.379143,-82,-6,625,0,DRIVE [ 48 ] [ 1 ] [ 1898 1848 1891 ] [    0    0    0 ] [      0      0      0 ] [ 0 ],drive [ 47 ] [ 1 ] [ 1898 1844 1888 ] [   30   32   21 ] [   6811  17079  17384 ] [ 0 ],0.80,0.80,0.80,0.80,-65.70,-4.76,0.00,0.00,0.00,0.00,0.00,0.00,0.00,0.00,0.00,0.00,0.00,0.00,0.00,0.00,0.00,0
0.393095,-82,-6,625,0,DRIVE [ 48 ] [ 1 ] [ 1898 1856 1894 ] [    0    0    0 ] [      0      0      0 ] [ 0 ],drive [ 48 ] [ 1 ] [ 1898 1848 1891 ] [   30   32   21 ] [   7188  16950  17107 ] [ 0 ],0.80,0.80,0.80,0.80,-59.13,-4.28,0.00,0.00,0.00,0.00,0.00,0.00,0.00,0.00,0.00,0.00,0.00,0.00,0.00,0.00,0.00,0
0.407152,-72,-7,626,0,DRIVE [ 49 ] [ 1 ] [ 1898 1854 1891 ] [    0    0    0 ] [      0      0      0 ] [ 0 ],drive [ 48 ] [ 1 ] [ 1898 1856 1894 ] [   30   32   21 ] [   7188  16950  17107 ] [ 0 ],0.80,0.80,0.80,0.80,-57.93,-5.53,0.00,0.00,0.00,0.00,0.00,0.00,0.00,0.00,0.00,0.00,0.00,0.00,0.00,0.00,0.00,0
0.421038,-72,-7,626,0,DRIVE [ 49 ] [ 1 ] [ 1898 1861 1895 ] [    0    0    0 ] [      0      0      0 ] [ 0 ],drive [ 49 ] [ 1 ] [ 1898 1854 1891 ] [   26   19    6 ] [   7188  16950  17107 ] [ 0 ],0.80,0.80,0.80,0.80,-52.13,-4.97,0.00,0.00,0.00,0.00,0.00,0.00,0.00,0.00,0.00,0.00,0.00,0.00,0.00,0.00,0.00,0
0.435001,-72,-7,626,0,DRIVE [ 50 ] [ 1 ] [ 1898 1867 1898 ] [    0    0    0 ] [      0      0      0 ] [ 0 ],drive [ 49 ] [ 1 ] [ 1898 1861 1895 ] [   26   19    6 ] [   7188  16950  17107 ] [ 0 ],0.80,0.80,0.80,0.80,-46.92,-4.48,0.00,0.00,0.00,0.00,0.00,0.00,0.00,0.00,0.00,0.00,0.00,0.00,0.00,0.00,0.00,0
0.448324,-72,-7,626,0,DRIVE [ 50 ] [ 1 ] [ 1898 1873 1901 ] [    0    0    0 ] [      0      0      0 ] [ 0 ],drive [ 50 ] [ 1 ] [ 1898 1867 1898 ] [   26   19    6 ] [   7370  16786  16934 ] [ 0 ],0.80,0.80,0.80,0.80,-42.23,-4.03,0.00,0.00,0.00,0.00,0.00,0.00,0.00,0.00,0.00,0.00,0.00,0.00,0.00,0.00,0.00,0
0.462647,-51,-13,620,0,DRIVE [ 51 ] [ 1 ] [ 1898 1872 1890 ] [    0    0    0 ] [      0      0      0 ] [ 0 ],drive [ 50 ] [ 1 ] [ 1898 1873 1901 ] [    1   26    3 ] [   7370  16786  16934 ] [ 0 ],0.80,0.80,0.80,0.80,-41.00,-10.61,0.00,0.00,0.00,0.00,0.00,-0.00,-0.00,0.00,0.00,0.00,0.00,0.00,0.00,0.00,0.00,0
0.476982,-31,-18,601,0,DRIVE [ 51 ] [ 1 ] [ 1898 1895 1892 ] [    0    0    0 ] [      0      0      0 ] [ 0 ],drive [ 51 ] [ 1 ] [ 1898 1872 1890 ] [    1   26    3 ] [   7370  16786  16934 ] [ 0 ],0.80,0.80,0.80,0.80,-24.87,-14.13,0.00,0.00,0.00,0.00,0.00,-0.00,-0.00,0.00,0.00,0.00,0.00,0.00,0.00,0.00,0.00,0
0.491043,-14,-21,590,0,DRIVE [ 52 ] [ 1 ] [ 1898 1912 1891 ] [    0    0    0 ] [      0      0      0 ] [ 0 ],drive [ 51 ] [ 1 ] [ 1898 1895 1892 ] [    1   26    3 ] [   7370  16786  16934 ] [ 0 ],0.80,0.80,0.80,0.80,-11.58,-16.51,0.00,0.00,0.00,0.00,0.00,-0.00,-0.00,0.00,0.00,0.00,0.00,0.00,0.00,0.00,0.00,0
0.505292,-1,-22,581,0,DRIVE [ 52 ] [ 1 ] [ 1898 1925 1883 ] [    0    0    0 ] [      0      0      0 ] [ 0 ],drive [ 52 ] [ 1 ] [ 1898 1912 1891 ] [    1   26    3 ] [   7533  16337  16908 ] [ 0 ],0.80,0.80,0.80,0.80,-0.99,-17.77,0.00,0.00,0.00,0.00,0.00,-0.00,-0.00,0.00,0.00,0.00,0.00,0.00,0.00,0.00,0.00,0
0.519098,9,-22,571,0,DRIVE [ 53 ] [ 1 ] [ 1917 1925 1885 ] [    0    0    0 ] [      0      0      0 ] [ 0 ],drive [ 52 ] [ 1 ] [ 1898 1925 1883 ] [    8   11    8 ] [   7533  16337  16908 ] [ 0 ],0.80,0.80,0.80,0.80,7.47,-17.87,0.00,0.00,0.00,0.00,0.00,-0.00,-0.00,0.00,0.00,0.00,0.00,0.00,0.00,0.00,0.00,0
0.533293,19,-20,563,0,DRIVE [ 53 ] [ 1 ] [ 1905 1925 1887 ] [    0    0    0 ] [      0      0      0 ] [ 0 ],drive [ 53 ] [ 1 ] [ 1917 1925 1885 ] [    8   11    8 ] [   7533  16337  16908 ] [ 0 ],0.80,0.80,0.80,0.80,15.03,-16.10,0.00,0.00,0.00,0.00,0.00,0.00,-0.00,0.00,0.00,0.00,0.00,0.00,0.00,0.00,0.00,0
0.547693,27,-17,554,0,DRIVE [ 54 ] [ 1 ] [ 1893 1925 1887 ] [    0    0    0 ] [      0      0      0 ] [ 0 ],drive [ 53 ] [ 1 ] [ 1905 1925 1887 ] [    8   11    8 ] [   7994  16184  16893 ] [ 0 ],0.80,0.80,0.80,0.80,21.26,-13.91,0.00,0.00,0.00,0.00,0.00,0.00,-0.00,0.00,0.00,0.00,0.00,0.00,0.00,0.00,0.00,0
0.562105,34,-14,550,0,DRIVE [ 54 ] [ 1 ] [ 1880 1925 1886 ] [    0    0    0 ] [      0      0      0 ] [ 0 ],drive [ 54 ] [ 1 ] [ 1893 1925 1887 ] [   24   17   27 ] [   7994  16184  16893 ] [ 0 ],0.80,0.80,0.80,0.80,27.00,-11.58,0.00,0.00,0.00,0.00,0.00,0.00,-0.00,0.00,0.00,0.00,0.00,0.00,0.00,0.00,0.00,0
0.57628,41,-12,548,0,DRIVE [ 55 ] [ 1 ] [ 1866 1925 1884 ] [    0    0    0 ] [      0      0      0 ] [ 0 ],drive [ 54 ] [ 1 ] [ 1880 1925 1886 ] [   24   17   27 ] [   7994  16184  16893 ] [ 0 ],0.80,0.80,0.80,0.80,32.52,-9.26,0.00,0.00,0.00,0.00,0.00,0.00,-0.00,0.00,0.00,0.00,0.00,0.00,0.00,0.00,0.00,0
0.591489,49,-7,537,0,DRIVE [ 55 ] [ 1 ] [ 1846 1925 1883 ] [    0    0    0 ] [      0      0      0 ] [ 0 ],drive [ 55 ] [ 1 ] [ 1866 1925 1884 ] [   24   17   27 ] [   7994  16184  16893 ] [ 0 ],0.80,0.80,0.80,0.80,38.86,-6.00,0.00,0.00,0.00,0.00,0.00,0.00,-0.00,0.00,0.00,0.00,0.00,0.00,0.00,0.00,0.00,0
0.605358,56,-4,532,0,DRIVE [ 56 ] [ 1 ] [ 1824 1925 1880 ] [    0    0    0 ] [      0      0      0 ] [ 0 ],drive [ 55 ] [ 1 ] [ 1846 1925 1883 ] [   24   17   27 ] [   8001  15879  16849 ] [ 0 ],0.80,0.80,0.80,0.80,45.17,-2.82,0.00,0.00,0.00,0.00,0.00,0.00,-0.00,0.00,0.00,0.00,0.00,0.00,0.00,0.00,0.00,0
0.619305,64,0,524,0,DRIVE [ 56 ] [ 1 ] [ 1802 1925 1878 ] [    0    0    0 ] [      0      0      0 ] [ 0 ],drive [ 56 ] [ 1 ] [ 1824 1925 1880 ] [   17   17   25 ] [   8001  15879  16849 ] [ 0 ],0.80,0.80,0.80,0.80,50.85,0.10,0.00,0.00,0.00,0.00,0.00,0.00,-0.00,0.00,0.00,0.00,0.00,0.00,0.00,0.00,0.00,0
0.632661,71,4,520,0,DRIVE [ 57 ] [ 1 ] [ 1778 1925 1875 ] [    0    0    0 ] [      0      0      0 ] [ 0 ],drive [ 56 ] [ 1 ] [ 1802 1925 1878 ] [   17   17   25 ] [   8001  15879  16849 ] [ 0 ],0.80,0.80,0.80,0.80,56.76,3.14,0.00,0.00,0.00,0.00,0.00,0.00,-0.00,0.00,0.00,0.00,0.00,0.00,0.00,0.00,0.00,0
0.646536,79,9,507,0,DRIVE [ 57 ] [ 1 ] [ 1747 1925 1872 ] [    0    0    0 ] [      0      0      0 ] [ 0 ],drive [ 57 ] [ 1 ] [ 1778 1925 1875 ] [   17   17   25 ] [   8236  15822  16849 ] [ 0 ],0.80,0.80,0.80,0.80,63.25,6.94,0.00,0.00,0.00,0.00,0.00,0.00,-0.00,0.00,0.00,0.00,0.00,0.00,0.00,0.00,0.00,0
0.661205,86,13,493,0,DRIVE [ 58 ] [ 1 ] [ 1716 1925 1869 ] [    0    0    0 ] [      0      0      0 ] [ 0 ],drive [ 57 ] [ 1 ] [ 1747 1925 1872 ] [   19   15   24 ] [   8236  15822  16849 ] [ 0 ],0.80,0.80,0.80,0.80,68.79,10.22,0.00,0.00,0.00,0.00,0.00,0.00,-0.00,0.00,0.00,0.00,0.00,0.00,0.00,0.00,0.00,0
0.675491,93,16,482,0,DRIVE [ 58 ] [ 1 ] [ 1685 1925 1866 ] [    0    0    0 ] [      0      0      0 ] [ 0 ],drive [ 58 ] [ 1 ] [ 1716 1925 1869 ] [   19   15   24 ] [   8236  15822  16849 ] [ 0 ],0.80,0.80,0.80,0.80,74.01,13.17,0.00,0.00,0.00,0.00,0.00,0.00,-0.00,0.00,0.00,0.00,0.00,0.00,0.00,0.00,0.00,0
0.689552,99,20,474,0,DRIVE [ 59 ] [ 1 ] [ 1654 1925 1862 ] [    0    0    0 ] [      0      0      0 ] [ 0 ],drive [ 58 ] [ 1 ] [ 1685 1925 1866 ] [   19   15   24 ] [   8236  15822  16849 ] [ 0 ],0.80,0.80,0.80,0.80,79.08,15.91,0.00,0.00,0.00,0.00,0.00,0.00,-0.00,0.00,0.00,0.00,0.00,0.00,0.00,0.00,0.00,0
0.703795,105,24,465,0,DRIVE [ 59 ] [ 1 ] [ 1619 1925 1859 ] [    0    0    0 ] [      0      0      0 ] [ 0 ],drive [ 59 ] [ 1 ] [ 1654 1925 1862 ] [   19   15   24 ] [   8721  15727  16842 ] [ 0 ],0.80,0.80,0.80,0.80,84.32,18.85,0.00,0.00,0.00,0.00,0.00,0.00,-0.00,0.00,0.00,0.00,0.00,0.00,0.00,0.00,0.00,0
0.717622,111,27,457,0,DRIVE [ 60 ] [ 1 ] [ 1587 1925 1855 ] [    0    0    0 ] [      0      0      0 ] [ 0 ],drive [ 59 ] [ 1 ] [ 1619 1925 1859 ] [   23    0   18 ] [   8721  15727  16842 ] [ 0 ],0.80,0.80,0.80,0.80,88.79,21.36,0.00,0.00,0.00,0.00,0.00,0.00,-0.00,0.00,0.00,0.00,0.00,0.00,0.00,0.00,0.00,0
0.731817,115,29,448,0,DRIVE [ 60 ] [ 1 ] [ 1556 1925 1852 ] [    0    0    0 ] [      0      0      0 ] [ 0 ],drive [ 60 ] [ 1 ] [ 1587 1925 1855 ] [   23    0   18 ] [   8721  15727  16842 ] [ 0 ],0.80,0.80,0.80,0.80,92.32,23.54,0.00,0.00,0.00,0.00,0.00,0.00,-0.00,0.00,0.00,0.00,0.00,0.00,0.00,0.00,0.00,0
0.746382,119,32,440,0,DRIVE [ 61 ] [ 1 ] [ 1526 1925 1850 ] [    0    0    0 ] [      0      0      0 ] [ 0 ],drive [ 60 ] [ 1 ] [ 1556 1925 1852 ] [   23    0   18 ] [   8883  15201  16821 ] [ 0 ],0.80,0.80,0.80,0.80,95.14,25.51,0.00,0.00,0.00,0.00,0.00,0.00,-0.00,0.00,0.00,0.00,0.00,0.00,0.00,0.00,0.00,0
0.760227,124,35,441,0,DRIVE [ 61 ] [ 1 ] [ 1498 1925 1848 ] [    0    0    0 ] [      0      0      0 ] [ 0 ],drive [ 61 ] [ 1 ] [ 1526 1925 1850 ] [   45    1   16 ] [   8883  15201  16821 ] [ 0 ],0.80,0.80,0.80,0.80,99.21,28.01,0.00,0.00,0.00,0.00,0.00,0.00,-0.00,0.00,0.00,0.00,0.00,0.00,0.00,0.00,0.00,0
0.774493,126,38,428,0,DRIVE [ 62 ] [ 1 ] [ 1464 1925 1847 ] [    0    0    0 ] [      0      0      0 ] [ 0 ],drive [ 61 ] [ 1 ] [ 1498 1925 1848 ] [   45    1   16 ] [   8883  15201  16821 ] [ 0 ],0.80,0.80,0.80,0.80,100.72,30.32,0.00,0.00,0.00,0.00,0.00,0.00,-0.00,0.00,0.00,0.00,0.00,0.00,0.00,0.00,0.00,0
0.788168,128,40,418,0,DRIVE [ 62 ] [ 1 ] [ 1432 1925 1846 ] [    0    0    0 ] [      0      0      0 ] [ 0 ],drive [ 62 ] [ 1 ] [ 1464 1925 1847 ] [   45    1   16 ] [   8883  15201  16821 ] [ 0 ],0.80,0.80,0.80,0.80,102.13,32.32,0.00,0.00,0.00,0.00,0.00,0.00,-0.00,0.00,0.00,0.00,0.00,0.00,0.00,0.00,0.00,0
0.801872,128,42,407,0,DRIVE [ 63 ] [ 1 ] [ 1404 1925 1845 ] [    0    0    0 ] [      0      0      0 ] [ 0 ],drive [ 62 ] [ 1 ] [ 1432 1925 1846 ] [   45    1   16 ] [   9528  14828  16709 ] [ 0 ],0.80,0.80,0.80,0.80,102.40,33.70,0.00,0.00,0.00,0.00,0.00,0.00,-0.00,0.00,0.00,0.00,0.00,0.00,0.00,0.00,0.00,0
0.815793,128,44,400,0,DRIVE [ 63 ] [ 1 ] [ 1381 1925 1844 ] [    0    0    0 ] [      0      0      0 ] [ 0 ],drive [ 63 ] [ 1 ] [ 1404 1925 1845 ] [   41   22   10 ] [   9528  14828  16709 ] [ 0 ],0.80,0.80,0.80,0.80,102.50,34.85,0.00,0.00,0.00,0.00,0.00,0.00,-0.00,0.00,0.00,0.00,0.00,0.00,0.00,0.00,0.00,0
0.829466,127,45,393,0,DRIVE [ 64 ] [ 1 ] [ 1360 1925 1847 ] [    0    0    0 ] [      0      0      0 ] [ 0 ],drive [ 63 ] [ 1 ] [ 1381 1925 1844 ] [   41   22   10 ] [   9528  14828  16709 ] [ 0 ],0.80,0.80,0.80,0.80,101.35,36.39,0.00,0.00,0.00,0.00,0.00,0.00,-0.00,0.00,0.00,0.00,0.00,0.00,0.00,0.00,0.00,0
0.844251,124,47,385,0,DRIVE [ 64 ] [ 1 ] [ 1341 1925 1851 ] [    0    0    0 ] [      0      0      0 ] [ 0 ],drive [ 64 ] [ 1 ] [ 1360 1925 1847 ] [   41   22   10 ] [  10415  14796  16592 ] [ 0 ],0.80,0.80,0.80,0.80,99.44,37.77,0.00,0.00,0.00,0.00,0.00,0.00,-0.00,0.00,0.00,0.00,0.00,0.00,0.00,0.00,0.00,0
0.857653,122,49,378,0,DRIVE [ 65 ] [ 1 ] [ 1323 1925 1855 ] [    0    0    0 ] [      0      0      0 ] [ 0 ],drive [ 64 ] [ 1 ] [ 1341 1925 1851 ] [   52   13   29 ] [  10415  14796  16592 ] [ 0 ],0.80,0.80,0.80,0.80,97.37,39.13,0.00,0.00,0.00,0.00,0.00,0.00,-0.00,0.00,0.00,0.00,0.00,0.00,0.00,0.00,0.00,0
0.87131,119,50,373,0,DRIVE [ 65 ] [ 1 ] [ 1308 1925 1860 ] [    0    0    0 ] [      0      0      0 ] [ 0 ],drive [ 65 ] [ 1 ] [ 1323 1925 1855 ] [   52   13   29 ] [  10415  14796  16592 ] [ 0 ],0.80,0.80,0.80,0.80,95.30,40.36,0.00,0.00,0.00,0.00,0.00,0.00,-0.00,0.00,0.00,0.00,0.00,0.00,0.00,0.00,0.00,0
0.884146,115,52,366,0,DRIVE [ 66 ] [ 1 ] [ 1292 1925 1866 ] [    0    0    0 ] [      0      0      0 ] [ 0 ],drive [ 65 ] [ 1 ] [ 1308 1925 1860 ] [   52   13   29 ] [  10415  14796  16592 ] [ 0 ],0.80,0.80,0.80,0.80,92.39,41.59,0.00,0.00,0.00,0.00,0.00,0.00,-0.00,0.00,0.00,0.00,0.00,0.00,0.00,0.00,0.00,0
0.897151,113,53,359,0,DRIVE [ 66 ] [ 1 ] [ 1274 1925 1871 ] [    0    0    0 ] [      0      0      0 ] [ 0 ],drive [ 66 ] [ 1 ] [ 1292 1925 1866 ] [   52   13   29 ] [  10608  14758  16483 ] [ 0 ],0.80,0.80,0.80,0.80,90.33,42.68,0.00,0.00,0.00,0.00,0.00,0.00,-0.00,0.00,0.00,0.00,0.00,0.00,0.00,0.00,0.00,0
0.910467,112,54,353,0,DRIVE [ 67 ] [ 1 ] [ 1255 1925 1872 ] [    0    0    0 ] [      0      0      0 ] [ 0 ],drive [ 66 ] [ 1 ] [ 1274 1925 1871 ] [   58   18   18 ] [  10608  14758  16483 ] [ 0 ],0.80,0.80,0.80,0.80,89.52,43.29,0.00,0.00,0.00,0.00,0.00,0.00,-0.00,0.00,0.00,0.00,0.00,0.00,0.00,0.00,0.00,0
0.922917,111,54,345,0,DRIVE [ 67 ] [ 1 ] [ 1233 1925 1871 ] [    0    0    0 ] [      0      0      0 ] [ 0 ],drive [ 67 ] [ 1 ] [ 1255 1925 1872 ] [   58   18   18 ] [  10608  14758  16483 ] [ 0 ],0.80,0.80,0.80,0.80,88.96,43.02,0.00,0.00,0.00,0.00,0.00,0.00,-0.00,0.00,0.00,0.00,0.00,0.00,0.00,0.00,0.00,0
0.93654,113,52,337,0,DRIVE [ 68 ] [ 1 ] [ 1230 1925 1863 ] [    0    0    0 ] [      0      0      0 ] [ 0 ],drive [ 67 ] [ 1 ] [ 1233 1925 1871 ] [   58   18   18 ] [  10608  14758  16483 ] [ 0 ],0.80,0.80,0.80,0.80,90.18,41.76,0.00,0.00,0.00,0.00,0.00,0.00,-0.00,0.00,0.00,0.00,0.00,0.00,0.00,0.00,0.00,0
0.949255,114,50,331,0,DRIVE [ 68 ] [ 1 ] [ 1230 1925 1855 ] [    0    0    0 ] [      0      0      0 ] [ 0 ],drive [ 68 ] [ 1 ] [ 1230 1925 1863 ] [   58   18   18 ] [  10931  14109  16337 ] [ 0 ],0.80,0.80,0.80,0.80,90.94,40.40,0.00,0.00,0.00,0.00,0.00,0.00,-0.00,0.00,0.00,0.00,0.00,0.00,0.00,0.00,0.00,0
0.961772,113,49,325,0,DRIVE [ 69 ] [ 1 ] [ 1230 1925 1850 ] [    0    0    0 ] [      0      0      0 ] [ 0 ],drive [ 68 ] [ 1 ] [ 1230 1925 1855 ] [   77   10   26 ] [  10931  14109  16337 ] [ 0 ],0.80,0.80,0.80,0.80,90.30,39.16,0.00,0.00,0.00,0.00,0.00,0.00,-0.00,0.00,0.00,0.00,0.00,0.00,0.00,0.00,0.00,0
0.97441,110,48,319,0,DRIVE [ 69 ] [ 1 ] [ 1230 1925 1849 ] [    0    0    0 ] [      0      0      0 ] [ 0 ],drive [ 69 ] [ 1 ] [ 1230 1925 1850 ] [   77   10   26 ] [  10931  14109  16337 ] [ 0 ],0.80,0.80,0.80,0.80,88.25,38.12,0.00,0.00,0.00,0.00,0.00,0.00,-0.00,0.00,0.00,0.00,0.00,0.00,0.00,0.00,0.00,0
0.986662,107,47,317,0,DRIVE [ 70 ] [ 1 ] [ 1230 1925 1852 ] [    0    0    0 ] [      0      0      0 ] [ 0 ],drive [ 69 ] [ 1 ] [ 1230 1925 1849 ] [   77   10   26 ] [  10931  14109  16337 ] [ 0 ],0.80,0.80,0.80,0.80,85.49,37.46,0.00,0.00,0.00,0.00,0.00,0.00,-0.00,0.00,0.00,0.00,0.00,0.00,0.00,0.00,0.00,0
1.00374,102,46,314,0,DRIVE [ 70 ] [ 1 ] [ 1230 1925 1857 ] [    0    0    0 ] [      0      0      0 ] [ 0 ],drive [ 70 ] [ 1 ] [ 1230 1925 1852 ] [   77   10   26 ] [  11929  13628  16204 ] [ 0 ],0.80,0.80,0.80,0.80,81.63,36.84,0.00,0.00,0.00,0.00,0.00,0.00,-0.00,0.00,0.00,0.00,0.00,0.00,0.00,0.00,0.00,0
1.01701,94,45,309,0,DRIVE [ 71 ] [ 1 ] [ 1230 1925 1867 ] [    0    0    0 ] [      0      0      0 ] [ 0 ],drive [ 70 ] [ 1 ] [ 1230 1925 1857 ] [   61    3    6 ] [  11929  13628  16204 ] [ 0 ],0.80,0.80,0.80,0.80,75.31,36.10,0.00,0.00,0.00,0.00,0.00,0.00,-0.00,0.00,0.00,0.00,0.00,0.00,0.00,0.00,0.00,0
1.02986,87,44,301,0,DRIVE [ 71 ] [ 1 ] [ 1232 1925 1878 ] [    0    0    0 ] [      0      0      0 ] [ 0 ],drive [ 71 ] [ 1 ] [ 1230 1925 1867 ] [   61    3    6 ] [  11929  13628  16204 ] [ 0 ],0.80,0.80,0.80,0.80,69.39,35.31,0.00,0.00,0.00,0.00,0.00,0.00,-0.00,0.00,0.00,0.00,0.00,0.00,0.00,0.00,0.00,0
1.04197,81,43,299,0,DRIVE [ 72 ] [ 1 ] [ 1258 1925 1888 ] [    0    0    0 ] [      0      0      0 ] [ 0 ],drive [ 71 ] [ 1 ] [ 1232 1925 1878 ] [   61    3    6 ] [  12400  13625  15962 ] [ 0 ],0.80,0.80,0.80,0.80,64.55,34.79,0.00,0.00,0.00,0.00,0.00,0.00,-0.00,0.00,0.00,0.00,0.00,0.00,-0.00,-0.00,0.00,0
1.05441,75,42,295,0,DRIVE [ 72 ] [ 1 ] [ 1285 1925 1896 ] [    0    0    0 ] [      0      0      0 ] [ 0 ],drive [ 72 ] [ 1 ] [ 1258 1925 1888 ] [   61    3    6 ] [  12400  13625  15962 ] [ 0 ],0.80,0.80,0.80,0.80,59.75,33.88,0.00,0.00,0.00,0.00,0.00,0.00,-0.00,0.00,0.00,0.00,0.00,0.00,-0.00,-0.00,0.00,0
1.06718,69,41,292,0,DRIVE [ 73 ] [ 1 ] [ 1313 1925 1903 ] [    0    0    0 ] [      0      0      0 ] [ 0 ],drive [ 72 ] [ 1 ] [ 1285 1925 1896 ] [   73    2   28 ] [  12400  13625  15962 ] [ 0 ],0.80,0.80,0.80,0.80,55.33,32.73,0.00,0.00,0.00,0.00,0.00,0.00,-0.00,0.00,0.00,0.00,0.00,0.00,-0.00,-0.00,0.00,0
1.07954,63,38,287,0,DRIVE [ 73 ] [ 1 ] [ 1349 1925 1908 ] [    0    0    0 ] [      0      0      0 ] [ 0 ],drive [ 73 ] [ 1 ] [ 1313 1925 1903 ] [   73    2   28 ] [  12400  13625  15962 ] [ 0 ],0.80,0.80,0.80,0.80,50.45,30.61,0.00,0.00,0.00,0.00,0.00,0.00,-0.00,0.00,0.00,0.00,0.00,0.00,-0.00,-0.00,0.00,0
1.09203,58,36,283,0,DRIVE [ 74 ] [ 1 ] [ 1382 1925 1911 ] [    0    0    0 ] [      0      0      0 ] [ 0 ],drive [ 73 ] [ 1 ] [ 1349 1925 1908 ] [   73    2   28 ] [  12400  13619  15697 ] [ 0 ],0.80,0.80,0.80,0.80,46.48,28.67,0.00,0.00,0.00,0.00,0.00,0.00,-0.00,0.00,0.00,0.00,0.00,0.00,-0.00,-0.00,0.00,0
1.10396,54,33,280,0,DRIVE [ 74 ] [ 1 ] [ 1415 1925 1912 ] [    0    0    0 ] [      0      0      0 ] [ 0 ],drive [ 74 ] [ 1 ] [ 1382 1925 1911 ] [   73    2   28 ] [  12400  13619  15697 ] [ 0 ],0.80,0.80,0.80,0.80,42.85,26.62,0.00,0.00,0.00,0.00,0.00,0.00,-0.00,0.00,0.00,0.00,0.00,0.00,-0.00,-0.00,0.00,0
1.1158,49,31,276,0,DRIVE [ 75 ] [ 1 ] [ 1448 1925 1914 ] [    0    0    0 ] [      0      0      0 ] [ 0 ],drive [ 74 ] [ 1 ] [ 1415 1925 1912 ] [   60   20    2 ] [  12400  13619  15697 ] [ 0 ],0.80,0.80,0.80,0.80,39.39,24.66,0.00,0.00,0.00,0.00,0.00,0.00,-0.00,0.00,0.00,0.00,0.00,0.00,-0.00,-0.00,0.00,0
1.12817,44,29,272,0,DRIVE [ 75 ] [ 1 ] [ 1481 1925 1918 ] [    0    0    0 ] [      0      0      0 ] [ 0 ],drive [ 75 ] [ 1 ] [ 1448 1925 1914 ] [   60   20    2 ] [  12400  13619  15697 ] [ 0 ],0.80,0.80,0.80,0.80,35.59,22.95,0.00,0.00,0.00,0.00,0.00,0.00,0.00,0.00,0.00,0.00,0.00,0.00,-0.00,-0.00,0.00,0
1.13947,39,27,269,0,DRIVE [ 76 ] [ 1 ] [ 1513 1925 1925 ] [    0    0    0 ] [      0      0      0 ] [ 0 ],drive [ 75 ] [ 1 ] [ 1481 1925 1918 ] [   60   20    2 ] [  12400  13619  15697 ] [ 0 ],0.80,0.80,0.80,0.80,31.31,21.75,0.00,0.00,0.00,0.00,0.00,0.00,0.00,0.00,0.00,0.00,0.00,0.00,-0.00,-0.00,0.00,0
1.15154,33,26,265,0,DRIVE [ 76 ] [ 1 ] [ 1566 1914 1925 ] [    0    0    0 ] [      0      0      0 ] [ 0 ],drive [ 76 ] [ 1 ] [ 1513 1925 1925 ] [   60   20    2 ] [  12390  13516  15692 ] [ 0 ],0.80,0.80,0.80,0.80,26.40,21.03,0.00,0.00,0.00,0.00,0.00,0.00,0.00,0.00,0.00,0.00,0.00,0.00,-0.00,-0.00,0.00,0
1.16333,27,26,261,0,DRIVE [ 77 ] [ 1 ] [ 1622 1897 1925 ] [    0    0    0 ] [      0      0      0 ] [ 0 ],drive [ 76 ] [ 1 ] [ 1566 1914 1925 ] [   43    3    1 ] [  12390  13516  15692 ] [ 0 ],0.80,0.80,0.80,0.80,21.22,20.74,0.00,0.00,0.00,0.00,0.00,0.00,0.00,0.00,0.00,0.00,0.00,0.00,-0.00,-0.00,0.00,0
1.17506,20,26,258,0,DRIVE [ 77 ] [ 1 ] [ 1678 1880 1925 ] [    0    0    0 ] [      0      0      0 ] [ 0 ],drive [ 77 ] [ 1 ] [ 1622 1897 1925 ] [   43    3    1 ] [  12390  13516  15692 ] [ 0 ],0.80,0.80,0.80,0.80,15.92,20.46,0.00,0.00,0.00,0.00,0.00,0.00,0.00,0.00,0.00,0.00,0.00,0.00,-0.00,-0.00,0.00,0
1.18667,13,25,254,0,DRIVE [ 78 ] [ 1 ] [ 1727 1860 1925 ] [    0    0    0 ] [      0      0      0 ] [ 0 ],drive [ 77 ] [ 1 ] [ 1678 1880 1925 ] [   43    3    1 ] [  12390  13516  15692 ] [ 0 ],0.80,0.80,0.80,0.80,10.71,20.30,0.00,0.00,0.00,0.00,0.00,0.00,0.00,0.00,0.00,0.00,0.00,0.00,-0.00,-0.00,0.00,0
1.19863,5,25,251,0,DRIVE [ 78 ] [ 1 ] [ 1782 1831 1925 ] [    0    0    0 ] [      0      0      0 ] [ 0 ],drive [ 78 ] [ 1 ] [ 1727 1860 1925 ] [   43    3    1 ] [  12375  13531  15665 ] [ 0 ],0.80,0.80,0.80,0.80,3.99,20.06,0.00,0.00,0.00,0.00,0.00,0.00,0.00,0.00,0.00,0.00,0.00,0.00,-0.00,-0.00,0.00,0
1.21063,-3,25,247,0,DRIVE [ 79 ] [ 1 ] [ 1821 1793 1925 ] [    0    0    0 ] [      0      0      0 ] [ 0 ],drive [ 78 ] [ 1 ] [ 1782 1831 1925 ] [   27   20   18 ] [  12375  13531  15665 ] [ 0 ],0.80,0.80,0.80,0.80,-2.18,19.89,0.00,0.00,0.00,0.00,0.00,0.00,0.00,0.00,0.00,0.00,0.00,0.00,0.00,-0.00,0.00,0
1.22252,-10,25,243,0,DRIVE [ 79 ] [ 1 ] [ 1850 1746 1925 ] [    0    0    0 ] [      0      0      0 ] [ 0 ],drive [ 79 ] [ 1 ] [ 1821 1793 1925 ] [   27   20   18 ] [  12375  13531  15665 ] [ 0 ],0.80,0.80,0.80,0.80,-8.07,19.66,0.00,0.00,0.00,0.00,0.00,0.00,0.00,0.00,0.00,0.00,0.00,0.00,0.00,0.00,0.00,0
1.23396,-17,24,239,0,DRIVE [ 80 ] [ 1 ] [ 1874 1690 1925 ] [    0    0    0 ] [      0      0      0 ] [ 0 ],drive [ 79 ] [ 1 ] [ 1850 1746 1925 ] [   27   20   18 ] [  12375  13531  15665 ] [ 0 ],0.80,0.80,0.80,0.80,-13.53,19.13,0.00,0.00,0.00,0.00,0.00,0.00,0.00,0.00,0.00,0.00,0.00,0.00,0.00,0.00,0.00,0
1.24515,-23,23,235,0,DRIVE [ 80 ] [ 1 ] [ 1897 1628 1925 ] [    0    0    0 ] [      0      0      0 ] [ 0 ],drive [ 80 ] [ 1 ] [ 1874 1690 1925 ] [   27   20   18 ] [  12166  13766  15593 ] [ 0 ],0.80,0.80,0.80,0.80,-18.73,18.43,0.00,0.00,0.00,0.00,0.00,0.00,0.00,0.00,0.00,0.00,0.00,0.00,0.00,0.00,0.00,0
1.25706,-29,22,232,0,DRIVE [ 81 ] [ 1 ] [ 1919 1560 1925 ] [    0    0    0 ] [      0      0      0 ] [ 0 ],drive [ 80 ] [ 1 ] [ 1897 1628 1925 ] [   30   26    8 ] [  12166  13766  15593 ] [ 0 ],0.80,0.80,0.80,0.80,-23.58,17.85,0.00,0.00,0.00,0.00,0.00,0.00,0.00,0.00,0.00,0.00,0.00,0.00,0.00,0.00,0.00,0
1.26839,-35,22,227,0,DRIVE [ 81 ] [ 1 ] [ 1919 1515 1915 ] [    0    0    0 ] [      0      0      0 ] [ 0 ],drive [ 81 ] [ 1 ] [ 1919 1560 1925 ] [   30   26    8 ] [  12166  13766  15593 ] [ 0 ],0.80,0.80,0.80,0.80,-27.90,17.33,0.00,0.00,0.00,0.00,0.00,0.00,0.00,0.00,0.00,0.00,0.00,0.00,0.00,0.00,0.00,0
1.27979,-40,21,223,0,DRIVE [ 82 ] [ 1 ] [ 1919 1483 1899 ] [    0    0    0 ] [      0      0      0 ] [ 0 ],drive [ 81 ] [ 1 ] [ 1919 1515 1915 ] [   30   26    8 ] [  12166  13766  15593 ] [ 0 ],0.80,0.80,0.80,0.80,-31.79,16.90,0.00,0.00,0.00,0.00,0.00,-0.00,0.00,0.00,0.00,0.00,0.00,0.00,0.00,0.00,0.00,0
1.29204,-44,21,220,0,DRIVE [ 82 ] [ 1 ] [ 1919 1454 1886 ] [    0    0    0 ] [      0      0      0 ] [ 0 ],drive [ 82 ] [ 1 ] [ 1919 1483 1899 ] [   30   26    8 ] [  11160  14573  15595 ] [ 0 ],0.80,0.80,0.80,0.80,-35.09,16.55,0.00,0.00,0.00,0.00,0.00,-0.00,0.00,0.00,0.00,0.00,0.00,0.00,0.00,0.00,0.00,0
1.30316,-47,20,217,0,DRIVE [ 83 ] [ 1 ] [ 1919 1430 1874 ] [    0    0    0 ] [      0      0      0 ] [ 0 ],drive [ 82 ] [ 1 ] [ 1919 1454 1886 ] [   30   26    8 ] [  11160  14573  15595 ] [ 0 ],0.80,0.80,0.80,0.80,-37.74,16.21,0.00,0.00,0.00,0.00,0.00,-0.00,0.00,0.00,0.00,0.00,0.00,0.00,0.00,0.00,0.00,0
1.31634,-49,20,215,0,DRIVE [ 83 ] [ 1 ] [ 1919 1414 1865 ] [    0    0    0 ] [      0      0      0 ] [ 0 ],drive [ 83 ] [ 1 ] [ 1919 1430 1874 ] [   16   47   15 ] [  11160  14573  15595 ] [ 0 ],0.80,0.80,0.80,0.80,-39.37,15.76,0.00,0.00,0.00,0.00,0.00,-0.00,0.00,0.00,0.00,0.00,0.00,0.00,0.00,0.00,0.00,0
1.32792,-50,19,211,0,DRIVE [ 84 ] [ 1 ] [ 1919 1407 1858 ] [    0    0    0 ] [      0      0      0 ] [ 0 ],drive [ 83 ] [ 1 ] [ 1919 1414 1865 ] [   16   47   15 ] [  11160  14573  15595 ] [ 0 ],0.80,0.80,0.80,0.80,-40.01,15.11,0.00,0.00,0.00,0.00,0.00,-0.00,0.00,0.00,0.00,0.00,0.00,0.00,0.00,0.00,0.00,0
1.33885,-50,18,209,0,DRIVE [ 84 ] [ 1 ] [ 1919 1407 1854 ] [    0    0    0 ] [      0      0      0 ] [ 0 ],drive [ 84 ] [ 1 ] [ 1919 1407 1858 ] [   16   47   15 ] [  11160  14573  15595 ] [ 0 ],0.80,0.80,0.80,0.80,-40.07,14.45,0.00,0.00,0.00,0.00,0.00,-0.00,0.00,0.00,0.00,0.00,0.00,0.00,0.00,0.00,0.00,0
1.35028,-50,17,206,0,DRIVE [ 85 ] [ 1 ] [ 1919 1412 1850 ] [    0    0    0 ] [      0      0      0 ] [ 0 ],drive [ 84 ] [ 1 ] [ 1919 1407 1854 ] [   16   47   15 ] [  10425  15478  15600 ] [ 0 ],0.80,0.80,0.80,0.80,-39.78,13.67,0.00,0.00,0.00,0.00,0.00,-0.00,0.00,0.00,0.00,0.00,0.00,0.00,0.00,0.00,0.00,0
1.3612,-49,16,204,0,DRIVE [ 85 ] [ 1 ] [ 1919 1413 1846 ] [    0    0    0 ] [      0      0      0 ] [ 0 ],drive [ 85 ] [ 1 ] [ 1919 1412 1850 ] [    6   67   23 ] [  10425  15478  15600 ] [ 0 ],0.80,0.80,0.80,0.80,-39.58,13.02,0.00,0.00,0.00,0.00,0.00,-0.00,0.00,0.00,0.00,0.00,0.00,0.00,0.00,0.00,0.00,0
1.37185,-50,16,202,0,DRIVE [ 86 ] [ 1 ] [ 1919 1407 1840 ] [    0    0    0 ] [      0      0      0 ] [ 0 ],drive [ 85 ] [ 1 ] [ 1919 1413 1846 ] [    6   67   23 ] [  10425  15478  15600 ] [ 0 ],0.80,0.80,0.80,0.80,-40.26,12.54,0.00,0.00,0.00,0.00,0.00,-0.00,0.00,0.00,0.00,0.00,0.00,0.00,0.00,0.00,0.00,0
1.38445,-52,15,199,0,DRIVE [ 86 ] [ 1 ] [ 1919 1389 1831 ] [    0    0    0 ] [      0      0      0 ] [ 0 ],drive [ 86 ] [ 1 ] [ 1919 1407 1840 ] [    6   67   23 ] [  10425  15478  15600 ] [ 0 ],0.80,0.80,0.80,0.80,-41.84,12.24,0.00,0.00,0.00,0.00,0.00,-0.00,0.00,0.00,0.00,0.00,0.00,0.00,0.00,0.00,0.00,0
1.39698,-55,15,196,0,DRIVE [ 87 ] [ 1 ] [ 1919 1359 1819 ] [    0    0    0 ] [      0      0      0 ] [ 0 ],drive [ 86 ] [ 1 ] [ 1919 1389 1831 ] [    6   67   23 ] [  10418  15539  15738 ] [ 0 ],0.80,0.80,0.80,0.80,-44.31,12.03,0.00,0.00,0.00,0.00,0.00,-0.00,0.00,0.00,0.00,0.00,0.00,0.00,0.00,0.00,0.00,0
1.40762,-59,15,194,0,DRIVE [ 87 ] [ 1 ] [ 1919 1323 1805 ] [    0    0    0 ] [      0      0      0 ] [ 0 ],drive [ 87 ] [ 1 ] [ 1919 1359 1819 ] [   12   50   22 ] [  10418  15539  15738 ] [ 0 ],0.80,0.80,0.80,0.80,-47.29,11.90,0.00,0.00,0.00,0.00,0.00,-0.00,0.00,0.00,0.00,0.00,0.00,0.00,0.00,0.00,0.00,0
1.41986,-63,15,191,0,DRIVE [ 88 ] [ 1 ] [ 1919 1282 1792 ] [    0    0    0 ] [      0      0      0 ] [ 0 ],drive [ 87 ] [ 1 ] [ 1919 1323 1805 ] [   12   50   22 ] [  10418  15539  15738 ] [ 0 ],0.80,0.80,0.80,0.80,-50.50,12.12,0.00,0.00,0.00,0.00,0.00,-0.00,0.00,0.00,0.00,0.00,0.00,0.00,0.00,0.00,0.00,0
1.43245,-66,16,189,0,DRIVE [ 88 ] [ 1 ] [ 1919 1243 1783 ] [    0    0    0 ] [      0      0      0 ] [ 0 ],drive [ 88 ] [ 1 ] [ 1919 1282 1792 ] [   12   50   22 ] [  10418  15539  15738 ] [ 0 ],0.80,0.80,0.80,0.80,-53.18,12.67,0.00,0.00,0.00,0.00,0.00,-0.00,0.00,0.00,0.00,0.00,0.00,0.00,0.00,0.00,0.00,0
1.44437,-69,17,186,0,DRIVE [ 89 ] [ 1 ] [ 1919 1230 1778 ] [    0    0    0 ] [      0      0      0 ] [ 0 ],drive [ 88 ] [ 1 ] [ 1919 1243 1783 ] [   12   50   22 ] [  10150  16137  16008 ] [ 0 ],0.80,0.80,0.80,0.80,-54.89,13.44,0.00,0.00,0.00,0.00,0.00,-0.00,0.00,0.00,0.00,0.00,0.00,0.00,0.00,0.00,0.00,0
1.45711,-70,18,184,0,DRIVE [ 89 ] [ 1 ] [ 1919 1230 1778 ] [    0    0    0 ] [      0      0      0 ] [ 0 ],drive [ 89 ] [ 1 ] [ 1919 1230 1778 ] [    3   75   13 ] [  10150  16137  16008 ] [ 0 ],0.80,0.80,0.80,0.80,-55.86,14.25,0.00,0.00,0.00,0.00,0.00,-0.00,0.00,0.00,0.00,0.00,0.00,0.00,0.00,0.00,0.00,0
1.46947,-70,19,181,0,DRIVE [ 90 ] [ 1 ] [ 1919 1230 1781 ] [    0    0    0 ] [      0      0      0 ] [ 0 ],drive [ 89 ] [ 1 ] [ 1919 1230 1778 ] [    3   75   13 ] [  10150  16137  16008 ] [ 0 ],0.80,0.80,0.80,0.80,-55.64,14.94,0.00,0.00,0.00,0.00,0.00,-0.00,0.00,0.00,0.00,0.00,0.00,0.00,0.00,0.00,0.00,0
1.48183,-68,19,180,0,DRIVE [ 90 ] [ 1 ] [ 1919 1230 1789 ] [    0    0    0 ] [      0      0      0 ] [ 0 ],drive [ 90 ] [ 1 ] [ 1919 1230 1781 ] [    3   75   13 ] [  10150  16137  16008 ] [ 0 ],0.80,0.80,0.80,0.80,-54.43,15.48,0.00,0.00,0.00,0.00,0.00,-0.00,0.00,0.00,0.00,0.00,0.00,0.00,0.00,0.00,0.00,0
1.49443,-65,20,178,0,DRIVE [ 91 ] [ 1 ] [ 1919 1230 1799 ] [    0    0    0 ] [      0      0      0 ] [ 0 ],drive [ 90 ] [ 1 ] [ 1919 1230 1789 ] [    3   75   13 ] [   9723  16927  16028 ] [ 0 ],0.80,0.80,0.80,0.80,-52.20,15.89,0.00,0.00,0.00,0.00,0.00,-0.00,0.00,0.00,0.00,0.00,0.00,0.00,0.00,0.00,0.00,0
1.50505,-61,20,177,0,DRIVE [ 91 ] [ 1 ] [ 1919 1230 1813 ] [    0    0    0 ] [      0      0      0 ] [ 0 ],drive [ 91 ] [ 1 ] [ 1919 1230 1799 ] [   18   78   25 ] [   9723  16927  16028 ] [ 0 ],0.80,0.80,0.80,0.80,-49.10,16.13,0.00,0.00,0.00,0.00,0.00,-0.00,0.00,0.00,0.00,0.00,0.00,0.00,0.00,0.00,0.00,0
1.51542,-55,20,174,0,DRIVE [ 92 ] [ 1 ] [ 1919 1242 1833 ] [    0    0    0 ] [      0      0      0 ] [ 0 ],drive [ 91 ] [ 1 ] [ 1919 1230 1813 ] [   18   78   25 ] [   9723  16927  16028 ] [ 0 ],0.80,0.80,0.80,0.80,-44.20,16.16,0.00,0.00,0.00,0.00,0.00,-0.00,0.00,0.00,0.00,0.00,0.00,0.00,0.00,0.00,0.00,0
1.52607,-50,20,171,0,DRIVE [ 92 ] [ 1 ] [ 1919 1277 1852 ] [    0    0    0 ] [      0      0      0 ] [ 0 ],drive [ 92 ] [ 1 ] [ 1919 1242 1833 ] [   18   78   25 ] [   9723  16927  16028 ] [ 0 ],0.80,0.80,0.80,0.80,-39.77,16.26,0.00,0.00,0.00,0.00,0.00,-0.00,0.00,0.00,0.00,0.00,0.00,0.00,0.00,0.00,0.00,0
1.53601,-45,20,168,0,DRIVE [ 93 ] [ 1 ] [ 1919 1305 1868 ] [    0    0    0 ] [      0      0      0 ] [ 0 ],drive [ 92 ] [ 1 ] [ 1919 1277 1852 ] [   18   78   25 ] [   9723  16927  16028 ] [ 0 ],0.80,0.80,0.80,0.80,-35.93,16.36,0.00,0.00,0.00,0.00,0.00,-0.00,0.00,0.00,0.00,0.00,0.00,0.00,0.00,0.00,0.00,0
1.54593,-41,21,165,0,DRIVE [ 93 ] [ 1 ] [ 1919 1329 1884 ] [    0    0    0 ] [      0      0      0 ] [ 0 ],drive [ 93 ] [ 1 ] [ 1919 1305 1868 ] [   18   78   25 ] [   9703  16951  16080 ] [ 0 ],0.80,0.80,0.80,0.80,-32.51,16.45,0.00,0.00,0.00,0.00,0.00,-0.00,0.00,0.00,0.00,0.00,0.00,0.00,0.00,0.00,0.00,0
1.55643,-37,21,162,0,DRIVE [ 94 ] [ 1 ] [ 1919 1350 1899 ] [    0    0    0 ] [      0      0      0 ] [ 0 ],drive [ 93 ] [ 1 ] [ 1919 1329 1884 ] [   18   69   21 ] [   9703  16951  16080 ] [ 0 ],0.80,0.80,0.80,0.80,-29.47,16.61,0.00,0.00,0.00,0.00,0.00,-0.00,0.00,0.00,0.00,0.00,0.00,0.00,0.00,0.00,0.00,0
1.56673,-33,21,159,0,DRIVE [ 94 ] [ 1 ] [ 1919 1367 1914 ] [    0    0    0 ] [      0      0      0 ] [ 0 ],drive [ 94 ] [ 1 ] [ 1919 1350 1899 ] [   18   69   21 ] [   9703  16951  16080 ] [ 0 ],0.80,0.80,0.80,0.80,-26.43,16.84,0.00,0.00,0.00,0.00,0.00,-0.00,0.00,0.00,0.00,0.00,0.00,0.00,0.00,-0.00,0.00,0
1.57652,-29,21,156,0,DRIVE [ 95 ] [ 1 ] [ 1919 1395 1914 ] [    0    0    0 ] [      0      0      0 ] [ 0 ],drive [ 94 ] [ 1 ] [ 1919 1367 1914 ] [   18   69   21 ] [   9703  16951  16080 ] [ 0 ],0.80,0.80,0.80,0.80,-23.33,17.14,0.00,0.00,0.00,0.00,0.00,-0.00,0.00,0.00,0.00,0.00,0.00,0.00,0.00,-0.00,0.00,0
1.58696,-25,22,154,0,DRIVE [ 95 ] [ 1 ] [ 1899 1449 1914 ] [    0    0    0 ] [      0      0      0 ] [ 0 ],drive [ 95 ] [ 1 ] [ 1919 1395 1914 ] [   18   69   21 ] [   9703  16951  16080 ] [ 0 ],0.80,0.80,0.80,0.80,-20.15,17.40,0.00,0.00,0.00,0.00,0.00,-0.00,0.00,0.00,0.00,0.00,0.00,0.00,0.00,-0.00,0.00,0
1.59673,-21,22,151,0,DRIVE [ 96 ] [ 1 ] [ 1878 1503 1914 ] [    0    0    0 ] [      0      0      0 ] [ 0 ],drive [ 95 ] [ 1 ] [ 1899 1449 1914 ] [   18   69   21 ] [   9704  16942  16087 ] [ 0 ],0.80,0.80,0.80,0.80,-16.93,17.68,0.00,0.00,0.00,0.00,0.00,-0.00,0.00,0.00,0.00,0.00,0.00,0.00,0.00,-0.00,0.00,0
1.60698,-17,22,148,0,DRIVE [ 96 ] [ 1 ] [ 1854 1555 1914 ] [    0    0    0 ] [      0      0      0 ] [ 0 ],drive [ 96 ] [ 1 ] [ 1878 1503 1914 ] [   17   47   20 ] [   9704  16942  16087 ] [ 0 ],0.80,0.80,0.80,0.80,-13.58,17.86,0.00,0.00,0.00,0.00,0.00,-0.00,0.00,0.00,0.00,0.00,0.00,0.00,0.00,-0.00,0.00,0
1.61688,-13,23,145,0,DRIVE [ 97 ] [ 1 ] [ 1829 1604 1914 ] [    0    0    0 ] [      0      0      0 ] [ 0 ],drive [ 96 ] [ 1 ] [ 1854 1555 1914 ] [   17   47   20 ] [   9704  16942  16087 ] [ 0 ],0.80,0.80,0.80,0.80,-10.29,18.10,0.00,0.00,0.00,0.00,0.00,-0.00,0.00,0.00,0.00,0.00,0.00,0.00,0.00,-0.00,0.00,0
1.62646,-9,23,141,0,DRIVE [ 97 ] [ 1 ] [ 1801 1647 1914 ] [    0    0    0 ] [      0      0      0 ] [ 0 ],drive [ 97 ] [ 1 ] [ 1829 1604 1914 ] [   17   47   20 ] [   9704  16942  16087 ] [ 0 ],0.80,0.80,0.80,0.80,-6.99,18.28,0.00,0.00,0.00,0.00,0.00,-0.00,0.00,0.00,0.00,0.00,0.00,0.00,0.00,-0.00,0.00,0
1.63644,-5,23,138,0,DRIVE [ 98 ] [ 1 ] [ 1769 1683 1914 ] [    0    0    0 ] [      0      0      0 ] [ 0 ],drive [ 97 ] [ 1 ] [ 1801 1647 1914 ] [   17   47   20 ] [   9704  16942  16087 ] [ 0 ],0.80,0.80,0.80,0.80,-3.87,18.48,0.00,0.00,0.00,0.00,0.00,-0.00,0.00,0.00,0.00,0.00,0.00,0.00,0.00,-0.00,0.00,0
1.64614,-1,23,135,0,DRIVE [ 98 ] [ 1 ] [ 1733 1713 1914 ] [    0    0    0 ] [      0      0      0 ] [ 0 ],drive [ 98 ] [ 1 ] [ 1769 1683 1914 ] [   17   47   20 ] [   9732  16890  16084 ] [ 0 ],0.80,0.80,0.80,0.80,-0.86,18.72,0.00,0.00,0.00,0.00,0.00,-0.00,0.00,0.00,0.00,0.00,0.00,0.00,0.00,0.00,0.00,0
1.656,2,24,132,0,DRIVE [ 99 ] [ 1 ] [ 1692 1738 1914 ] [    0    0    0 ] [      0      0      0 ] [ 0 ],drive [ 98 ] [ 1 ] [ 1733 1713 1914 ] [   15   26   19 ] [   9732  16890  16084 ] [ 0 ],0.80,0.80,0.80,0.80,1.97,18.95,0.00,0.00,0.00,0.00,0.00,-0.00,0.00,0.00,0.00,0.00,0.00,0.00,0.00,0.00,0.00,0
1.66578,6,24,129,0,DRIVE [ 99 ] [ 1 ] [ 1647 1757 1914 ] [    0    0    0 ] [      0      0      0 ] [ 0 ],drive [ 99 ] [ 1 ] [ 1692 1738 1914 ] [   15   26   19 ] [   9732  16890  16084 ] [ 0 ],0.80,0.80,0.80,0.80,4.65,19.21,0.00,0.00,0.00,0.00,0.00,-0.00,0.00,0.00,0.00,0.00,0.00,0.00,0.00,0.00,0.00,0
1.67538,9,24,125,0,DRIVE [ 00 ] [ 1 ] [ 1597 1773 1914 ] [    0    0    0 ] [      0      0      0 ] [ 0 ],drive [ 99 ] [ 1 ] [ 1647 1757 1914 ] [   15   26   19 ] [   9732  16890  16084 ] [ 0 ],0.80,0.80,0.80,0.80,7.12,19.49,0.00,0.00,0.00,0.00,0.00,-0.00,0.00,0.00,0.00,0.00,0.00,0.00,0.00,0.00,0.00,0
1.68527,12,25,122,0,DRIVE [ 00 ] [ 1 ] [ 1545 1785 1914 ] [    0    0    0 ] [      0      0      0 ] [ 0 ],drive [ 00 ] [ 1 ] [ 1597 1773 1914 ] [   15   26   19 ] [   9732  16890  16084 ] [ 0 ],0.80,0.80,0.80,0.80,9.40,19.87,0.00,0.00,0.00,0.00,0.00,-0.00,0.00,0.00,0.00,0.00,0.00,0.00,0.00,0.00,0.00,0
1.69521,14,25,119,0,DRIVE [ 01 ] [ 1 ] [ 1489 1795 1914 ] [    0    0    0 ] [      0      0      0 ] [ 0 ],drive [ 00 ] [ 1 ] [ 1545 1785 1914 ] [   15   26   19 ] [   9817  16537  16084 ] [ 0 ],0.80,0.80,0.80,0.80,11.53,20.31,0.00,0.00,0.00,0.00,0.00,-0.00,0.00,0.00,0.00,0.00,0.00,0.00,0.00,0.00,0.00,0
1.70756,17,26,116,0,DRIVE [ 01 ] [ 1 ] [ 1434 1803 1914 ] [    0    0    0 ] [      0      0      0 ] [ 0 ],drive [ 01 ] [ 1 ] [ 1489 1795 1914 ] [   58   31   19 ] [   9817  16537  16084 ] [ 0 ],0.80,0.80,0.80,0.80,13.46,20.65,0.00,0.00,0.00,0.00,0.00,-0.00,0.00,0.00,0.00,0.00,0.00,0.00,0.00,0.00,0.00,0
1.71926,19,26,113,0,DRIVE [ 02 ] [ 1 ] [ 1382 1811 1914 ] [    0    0    0 ] [      0      0      0 ] [ 0 ],drive [ 01 ] [ 1 ] [ 1434 1803 1914 ] [   58   31   19 ] [   9817  16537  16084 ] [ 0 ],0.80,0.80,0.80,0.80,15.13,20.92,0.00,0.00,0.00,0.00,0.00,-0.00,0.00,0.00,0.00,0.00,0.00,0.00,0.00,0.00,0.00,0
1.72912,21,26,110,0,DRIVE [ 02 ] [ 1 ] [ 1333 1818 1914 ] [    0    0    0 ] [      0      0      0 ] [ 0 ],drive [ 02 ] [ 1 ] [ 1382 1811 1914 ] [   58   31   19 ] [   9817  16537  16084 ] [ 0 ],0.80,0.80,0.80,0.80,16.57,21.10,0.00,0.00,0.00,0.00,0.00,-0.00,0.00,0.00,0.00,0.00,0.00,0.00,0.00,0.00,0.00,0
1.73945,22,27,107,0,DRIVE [ 03 ] [ 1 ] [ 1287 1825 1914 ] [    0    0    0 ] [      0      0      0 ] [ 0 ],drive [ 02 ] [ 1 ] [ 1333 1818 1914 ] [   58   31   19 ] [  10482  16175  16080 ] [ 0 ],0.80,0.80,0.80,0.80,17.80,21.20,0.00,0.00,0.00,0.00,0.00,-0.00,0.00,0.00,0.00,0.00,0.00,0.00,0.00,0.00,0.00,0
1.75138,24,27,105,0,DRIVE [ 03 ] [ 1 ] [ 1242 1831 1914 ] [    0    0    0 ] [      0      0      0 ] [ 0 ],drive [ 03 ] [ 1 ] [ 1287 1825 1914 ] [   58   31   19 ] [  10482  16175  16080 ] [ 0 ],0.80,0.80,0.80,0.80,18.95,21.28,0.00,0.00,0.00,0.00,0.00,-0.00,0.00,0.00,0.00,0.00,0.00,0.00,0.00,0.00,0.00,0
1.7632,25,26,102,0,DRIVE [ 04 ] [ 1 ] [ 1230 1840 1914 ] [    0    0    0 ] [      0      0      0 ] [ 0 ],drive [ 03 ] [ 1 ] [ 1242 1831 1914 ] [   55   34   22 ] [  10482  16175  16080 ] [ 0 ],0.80,0.80,0.80,0.80,20.07,21.18,0.00,0.00,0.00,0.00,0.00,-0.00,0.00,0.00,0.00,0.00,0.00,0.00,0.00,0.00,0.00,0
1.7754,27,26,100,0,DRIVE [ 04 ] [ 1 ] [ 1230 1851 1914 ] [    0    0    0 ] [      0      0      0 ] [ 0 ],drive [ 04 ] [ 1 ] [ 1230 1840 1914 ] [   55   34   22 ] [  10482  16175  16080 ] [ 0 ],0.80,0.80,0.80,0.80,21.21,20.96,0.00,0.00,0.00,0.00,0.00,-0.00,0.00,0.00,0.00,0.00,0.00,0.00,0.00,0.00,0.00,0
1.78524,28,26,98,0,DRIVE [ 05 ] [ 1 ] [ 1230 1864 1914 ] [    0    0    0 ] [      0      0      0 ] [ 0 ],drive [ 04 ] [ 1 ] [ 1230 1851 1914 ] [   55   34   22 ] [  10482  16175  16080 ] [ 0 ],0.80,0.80,0.80,0.80,22.37,20.61,0.00,0.00,0.00,0.00,0.00,-0.00,0.00,0.00,0.00,0.00,0.00,0.00,0.00,0.00,0.00,0
1.79518,29,25,96,0,DRIVE [ 05 ] [ 1 ] [ 1230 1879 1914 ] [    0    0    0 ] [      0      0      0 ] [ 0 ],drive [ 05 ] [ 1 ] [ 1230 1864 1914 ] [   55   34   22 ] [  11194  15878  16019 ] [ 0 ],0.80,0.80,0.80,0.80,23.45,20.15,0.00,0.00,0.00,0.00,0.00,-0.00,0.00,0.00,0.00,0.00,0.00,0.00,0.00,0.00,0.00,0
1.80745,31,24,95,0,DRIVE [ 06 ] [ 1 ] [ 1230 1895 1914 ] [    0    0    0 ] [      0      0      0 ] [ 0 ],drive [ 05 ] [ 1 ] [ 1230 1879 1914 ] [   65    5   26 ] [  11194  15878  16019 ] [ 0 ],0.80,0.80,0.80,0.80,24.46,19.56,0.00,0.00,0.00,0.00,0.00,-0.00,0.00,0.00,0.00,0.00,0.00,0.00,0.00,0.00,0.00,0
1.81946,32,24,93,0,DRIVE [ 06 ] [ 1 ] [ 1230 1911 1914 ] [    0    0    0 ] [      0      0      0 ] [ 0 ],drive [ 06 ] [ 1 ] [ 1230 1895 1914 ] [   65    5   26 ] [  11194  15878  16019 ] [ 0 ],0.80,0.80,0.80,0.80,25.40,18.88,0.00,0.00,0.00,0.00,0.00,-0.00,0.00,0.00,0.00,0.00,0.00,0.00,0.00,0.00,0.00,0
1.83135,33,23,91,0,DRIVE [ 07 ] [ 1 ] [ 1230 1911 1924 ] [    0    0    0 ] [      0      0      0 ] [ 0 ],drive [ 06 ] [ 1 ] [ 1230 1911 1914 ] [   65    5   26 ] [  11194  15878  16019 ] [ 0 ],0.80,0.80,0.80,0.80,26.29,18.24,0.00,0.00,0.00,0.00,0.00,-0.00,0.00,0.00,0.00,0.00,0.00,0.00,0.00,0.00,0.00,0
1.84357,34,22,90,0,DRIVE [ 07 ] [ 1 ] [ 1230 1911 1911 ] [    0    0    0 ] [      0      0      0 ] [ 0 ],drive [ 07 ] [ 1 ] [ 1230 1911 1924 ] [   65    5   26 ] [  11707  15595  15865 ] [ 0 ],0.80,0.80,0.80,0.80,27.00,17.65,0.00,0.00,0.00,0.00,0.00,-0.00,0.00,0.00,0.00,0.00,0.00,0.00,0.00,0.00,0.00,0
1.85323,34,21,88,0,DRIVE [ 08 ] [ 1 ] [ 1230 1911 1900 ] [    0    0    0 ] [      0      0      0 ] [ 0 ],drive [ 07 ] [ 1 ] [ 1230 1911 1911 ] [   85   11   22 ] [  11707  15595  15865 ] [ 0 ],0.80,0.80,0.80,0.80,27.44,17.06,0.00,0.00,0.00,0.00,0.00,0.00,0.00,0.00,0.00,0.00,0.00,0.00,0.00,0.00,0.00,0
1.86367,34,21,87,0,DRIVE [ 08 ] [ 1 ] [ 1230 1911 1893 ] [    0    0    0 ] [      0      0      0 ] [ 0 ],drive [ 08 ] [ 1 ] [ 1230 1911 1900 ] [   85   11   22 ] [  11707  15595  15865 ] [ 0 ],0.80,0.80,0.80,0.80,27.59,16.66,0.00,0.00,0.00,0.00,0.00,0.00,0.00,0.00,0.00,0.00,0.00,0.00,0.00,0.00,0.00,0
1.87544,35,20,85,0,DRIVE [ 09 ] [ 1 ] [ 1230 1911 1889 ] [    0    0    0 ] [      0      0      0 ] [ 0 ],drive [ 08 ] [ 1 ] [ 1230 1911 1893 ] [   85   11   22 ] [  11707  15595  15865 ] [ 0 ],0.80,0.80,0.80,0.80,27.62,16.34,0.00,0.00,0.00,0.00,0.00,0.00,0.00,0.00,0.00,0.00,0.00,0.00,0.00,0.00,0.00,0
1.88749,34,20,84,0,DRIVE [ 09 ] [ 1 ] [ 1230 1911 1885 ] [    0    0    0 ] [      0      0      0 ] [ 0 ],drive [ 09 ] [ 1 ] [ 1230 1911 1889 ] [   85   11   22 ] [  11707  15595  15865 ] [ 0 ],0.80,0.80,0.80,0.80,27.49,16.01,0.00,0.00,0.00,0.00,0.00,0.00,0.00,0.00,0.00,0.00,0.00,0.00,0.00,0.00,0.00,0
1.90024,34,20,82,0,DRIVE [ 10 ] [ 1 ] [ 1230 1911 1882 ] [    0    0    0 ] [      0      0      0 ] [ 0 ],drive [ 09 ] [ 1 ] [ 1230 1911 1885 ] [   85   11   22 ] [  12015  15043  15851 ] [ 0 ],0.80,0.80,0.80,0.80,27.34,15.75,0.00,0.00,0.00,0.00,0.00,0.00,0.00,0.00,0.00,0.00,0.00,0.00,0.00,0.00,0.00,0
1.91245,34,19,81,0,DRIVE [ 10 ] [ 1 ] [ 1230 1911 1880 ] [    0    0    0 ] [      0      0      0 ] [ 0 ],drive [ 10 ] [ 1 ] [ 1230 1911 1882 ] [   81   14   28 ] [  12015  15043  15851 ] [ 0 ],0.80,0.80,0.80,0.80,27.08,15.45,0.00,0.00,0.00,0.00,0.00,0.00,0.00,0.00,0.00,0.00,0.00,0.00,0.00,0.00,0.00,0
1.92555,33,19,79,0,DRIVE [ 11 ] [ 1 ] [ 1230 1911 1879 ] [    0    0    0 ] [      0      0      0 ] [ 0 ],drive [ 10 ] [ 1 ] [ 1230 1911 1880 ] [   81   14   28 ] [  12015  15043  15851 ] [ 0 ],0.80,0.80,0.80,0.80,26.76,15.21,0.00,0.00,0.00,0.00,0.00,0.00,0.00,0.00,0.00,0.00,0.00,0.00,0.00,0.00,0.00,0
1.94108,33,19,78,0,DRIVE [ 11 ] [ 1 ] [ 1230 1911 1878 ] [    0    0    0 ] [      0      0      0 ] [ 0 ],drive [ 11 ] [ 1 ] [ 1230 1911 1879 ] [   81   14   28 ] [  12015  15043  15851 ] [ 0 ],0.80,0.80,0.80,0.80,26.40,14.95,0.00,0.00,0.00,0.00,0.00,0.00,0.00,0.00,0.00,0.00,0.00,0.00,0.00,0.00,0.00,0
1.95106,33,18,76,0,DRIVE [ 12 ] [ 1 ] [ 1230 1911 1878 ] [    0    0    0 ] [      0      0      0 ] [ 0 ],drive [ 11 ] [ 1 ] [ 1230 1911 1878 ] [   81   14   28 ] [  12279  14740  15821 ] [ 0 ],0.80,0.80,0.80,0.80,26.04,14.79,0.00,0.00,0.00,0.00,0.00,0.00,0.00,0.00,0.00,0.00,0.00,0.00,0.00,0.00,0.00,0
1.96036,32,18,75,0,DRIVE [ 12 ] [ 1 ] [ 1230 1911 1879 ] [    0    0    0 ] [      0      0      0 ] [ 0 ],drive [ 12 ] [ 1 ] [ 1230 1911 1878 ] [   69   12    3 ] [  12279  14740  15821 ] [ 0 ],0.80,0.80,0.80,0.80,25.58,14.59,0.00,0.00,0.00,0.00,0.00,0.00,0.00,0.00,0.00,0.00,0.00,0.00,0.00,0.00,0.00,0
1.97031,31,18,73,0,DRIVE [ 13 ] [ 1 ] [ 1230 1911 1881 ] [    0    0    0 ] [      0      0      0 ] [ 0 ],drive [ 12 ] [ 1 ] [ 1230 1911 1879 ] [   69   12    3 ] [  12279  14740  15821 ] [ 0 ],0.80,0.80,0.80,0.80,24.96,14.38,0.00,0.00,0.00,0.00,0.00,0.00,0.00,0.00,0.00,0.00,0.00,0.00,0.00,0.00,0.00,0
1.97978,30,18,72,0,DRIVE [ 13 ] [ 1 ] [ 1230 1911 1885 ] [    0    0    0 ] [      0      0      0 ] [ 0 ],drive [ 13 ] [ 1 ] [ 1230 1911 1881 ] [   69   12    3 ] [  12279  14740  15821 ] [ 0 ],0.80,0.80,0.80,0.80,24.22,14.18,0.00,0.00,0.00,0.00,0.00,0.00,0.00,0.00,0.00,0.00,0.00,0.00,0.00,0.00,0.00,0
1.9897,29,17,70,0,DRIVE [ 14 ] [ 1 ] [ 1230 1911 1892 ] [    0    0    0 ] [      0      0      0 ] [ 0 ],drive [ 13 ] [ 1 ] [ 1230 1911 1885 ] [   69   12    3 ] [  12367  14274  15679 ] [ 0 ],0.80,0.80,0.80,0.80,23.25,13.99,0.00,0.00,0.00,0.00,0.00,0.00,0.00,0.00,0.00,0.00,0.00,0.00,0.00,0.00,0.00,0
1.9994,28,17,69,0,DRIVE [ 14 ] [ 1 ] [ 1230 1911 1900 ] [    0    0    0 ] [      0      0      0 ] [ 0 ],drive [ 14 ] [ 1 ] [ 1230 1911 1892 ] [   69   12    3 ] [  12367  14274  15679 ] [ 0 ],0.80,0.80,0.80,0.80,22.14,13.82,0.00,0.00,0.00,0.00,0.00,0.00,0.00,0.00,0.00,0.00,0.00,0.00,0.00,0.00,0.00,0
2.01146,26,17,68,0,DRIVE [ 15 ] [ 1 ] [ 1230 1911 1910 ] [    0    0    0 ] [      0      0      0 ] [ 0 ],drive [ 14 ] [ 1 ] [ 1230 1911 1900 ] [   85   10   25 ] [  12367  14274  15679 ] [ 0 ],0.80,0.80,0.80,0.80,20.87,13.59,0.00,0.00,0.00,0.00,0.00,0.00,0.00,0.00,0.00,0.00,0.00,0.00,0.00,0.00,0.00,0
2.02356,24,17,66,0,DRIVE [ 15 ] [ 1 ] [ 1230 1911 1922 ] [    0    0    0 ] [      0      0      0 ] [ 0 ],drive [ 15 ] [ 1 ] [ 1230 1911 1910 ] [   85   10   25 ] [  12367  14274  15679 ] [ 0 ],0.80,0.80,0.80,0.80,19.47,13.39,0.00,0.00,0.00,0.00,0.00,0.00,0.00,0.00,0.00,0.00,0.00,0.00,0.00,0.00,0.00,0
2.03562,23,17,65,0,DRIVE [ 16 ] [ 1 ] [ 1230 1913 1922 ] [    0    0    0 ] [      0      0      0 ] [ 0 ],drive [ 15 ] [ 1 ] [ 1230 1911 1922 ] [   85   10   25 ] [  12367  14274  15679 ] [ 0 ],0.80,0.80,0.80,0.80,18.02,13.30,0.00,0.00,0.00,0.00,0.00,0.00,0.00,0.00,0.00,0.00,0.00,0.00,-0.00,-0.00,0.00,0
2.0452,21,17,63,0,DRIVE [ 16 ] [ 1 ] [ 1230 1894 1922 ] [    0    0    0 ] [      0      0      0 ] [ 0 ],drive [ 16 ] [ 1 ] [ 1230 1913 1922 ] [   85   10   25 ] [  12622  14102  15569 ] [ 0 ],0.80,0.80,0.80,0.80,16.53,13.26,0.00,0.00,0.00,0.00,0.00,0.00,0.00,0.00,0.00,0.00,0.00,0.00,-0.00,-0.00,0.00,0
2.05567,19,16,62,0,DRIVE [ 17 ] [ 1 ] [ 1230 1875 1922 ] [    0    0    0 ] [      0      0      0 ] [ 0 ],drive [ 16 ] [ 1 ] [ 1230 1894 1922 ] [   69   15   10 ] [  12622  14102  15569 ] [ 0 ],0.80,0.80,0.80,0.80,15.10,13.17,0.00,0.00,0.00,0.00,0.00,0.00,0.00,0.00,0.00,0.00,0.00,0.00,-0.00,-0.00,0.00,0
2.06743,17,16,61,0,DRIVE [ 17 ] [ 1 ] [ 1230 1857 1922 ] [    0    0    0 ] [      0      0      0 ] [ 0 ],drive [ 17 ] [ 1 ] [ 1230 1875 1922 ] [   69   15   10 ] [  12622  14102  15569 ] [ 0 ],0.80,0.80,0.80,0.80,13.70,13.04,0.00,0.00,0.00,0.00,0.00,0.00,0.00,0.00,0.00,0.00,0.00,0.00,-0.00,-0.00,0.00,0
2.07952,15,16,59,0,DRIVE [ 18 ] [ 1 ] [ 1230 1837 1922 ] [    0    0    0 ] [      0      0      0 ] [ 0 ],drive [ 17 ] [ 1 ] [ 1230 1857 1922 ] [   69   15   10 ] [  12622  14102  15569 ] [ 0 ],0.80,0.80,0.80,0.80,12.27,12.88,0.00,0.00,0.00,0.00,0.00,0.00,0.00,0.00,0.00,0.00,0.00,0.00,-0.00,-0.00,0.00,0
2.09219,14,16,58,0,DRIVE [ 18 ] [ 1 ] [ 1230 1818 1922 ] [    0    0    0 ] [      0      0      0 ] [ 0 ],drive [ 18 ] [ 1 ] [ 1230 1837 1922 ] [   69   15   10 ] [  12623  14110  15519 ] [ 0 ],0.80,0.80,0.80,0.80,10.82,12.64,0.00,0.00,0.00,0.00,0.00,0.00,0.00,0.00,0.00,0.00,0.00,0.00,-0.00,-0.00,0.00,0
2.10374,12,15,57,0,DRIVE [ 19 ] [ 1 ] [ 1272 1799 1922 ] [    0    0    0 ] [      0      0      0 ] [ 1 ],drive [ 18 ] [ 1 ] [ 1230 1818 1922 ] [   69   15   10 ] [  12623  14110  15519 ] [ 0 ],0.80,0.80,0.80,0.80,9.34,12.35,0.00,0.00,0.00,0.00,0.00,0.00,0.00,0.00,0.00,0.00,0.00,0.00,-0.00,-0.00,0.00,0
2.11325,10,15,56,0,DRIVE [ 19 ] [ 1 ] [ 1332 1779 1922 ] [    0    0    0 ] [      0      0      0 ] [ 1 ],drive [ 19 ] [ 1 ] [ 1272 1799 1922 ] [   69   27   20 ] [  12623  14110  15519 ] [ 1 ],0.80,0.80,0.80,0.80,7.85,11.98,0.00,0.00,0.00,0.00,0.00,0.00,0.00,0.00,0.00,0.00,0.00,0.00,-0.00,-0.00,0.00,0
2.12412,8,14,54,0,DRIVE [ 20 ] [ 1 ] [ 1396 1760 1922 ] [    0    0    0 ] [      0      0      0 ] [ 1 ],drive [ 19 ] [ 1 ] [ 1332 1779 1922 ] [   69   27   20 ] [  12623  14110  15519 ] [ 1 ],0.80,0.80,0.80,0.80,6.33,11.53,0.00,0.00,0.00,0.00,0.00,0.00,0.00,0.00,0.00,0.00,0.00,0.00,-0.00,-0.00,0.00,0
2.13707,6,14,53,0,DRIVE [ 20 ] [ 1 ] [ 1466 1738 1922 ] [    0    0    0 ] [      0      0      0 ] [ 1 ],drive [ 20 ] [ 1 ] [ 1396 1760 1922 ] [   69   27   20 ] [  12623  14110  15519 ] [ 1 ],0.80,0.80,0.80,0.80,4.70,10.96,0.00,0.00,0.00,0.00,0.00,0.00,0.00,0.00,0.00,0.00,0.00,0.00,-0.00,-0.00,0.00,0
2.14881,4,13,52,0,DRIVE [ 21 ] [ 1 ] [ 1539 1712 1922 ] [    0    0    0 ] [      0      0      0 ] [ 1 ],drive [ 20 ] [ 1 ] [ 1466 1738 1922 ] [   69   27   20 ] [  12621  14152  15366 ] [ 1 ],0.80,0.80,0.80,0.80,2.95,10.36,0.00,0.00,0.00,0.00,0.00,0.00,0.00,0.00,0.00,0.00,0.00,0.00,-0.00,-0.00,0.00,0
2.16008,1,12,51,0,DRIVE [ 21 ] [ 1 ] [ 1611 1675 1922 ] [    0    0    0 ] [      0      0      0 ] [ 1 ],drive [ 21 ] [ 1 ] [ 1539 1712 1922 ] [   42   21   -3 ] [  12621  14152  15366 ] [ 1 ],0.80,0.80,0.80,0.80,1.07,9.81,0.00,0.00,0.00,0.00,0.00,0.00,0.00,0.00,0.00,0.00,0.00,0.00,-0.00,-0.00,0.00,0
2.16992,-1,12,49,0,DRIVE [ 22 ] [ 1 ] [ 1678 1623 1922 ] [    0    0    0 ] [      0      0      0 ] [ 1 ],drive [ 21 ] [ 1 ] [ 1611 1675 1922 ] [   42   21   -3 ] [  12621  14152  15366 ] [ 1 ],0.80,0.80,0.80,0.80,-0.89,9.32,0.00,0.00,0.00,0.00,0.00,0.00,0.00,0.00,0.00,0.00,0.00,0.00,0.00,-0.00,0.00,0
2.18079,-4,11,48,0,DRIVE [ 22 ] [ 1 ] [ 1735 1553 1922 ] [    0    0    0 ] [      0      0      0 ] [ 1 ],drive [ 22 ] [ 1 ] [ 1678 1623 1922 ] [   42   21   -3 ] [  12621  14152  15366 ] [ 1 ],0.80,0.80,0.80,0.80,-2.84,8.88,0.00,0.00,0.00,0.00,0.00,0.00,0.00,0.00,0.00,0.00,0.00,0.00,0.00,-0.00,0.00,0
2.19187,-6,11,47,0,DRIVE [ 23 ] [ 1 ] [ 1784 1467 1922 ] [    0    0    0 ] [      0      0      0 ] [ 1 ],drive [ 22 ] [ 1 ] [ 1735 1553 1922 ] [   42   21   -3 ] [  12580  14220  15345 ] [ 1 ],0.80,0.80,0.80,0.80,-4.69,8.47,0.00,0.00,0.00,0.00,0.00,0.00,0.00,0.00,0.00,0.00,0.00,0.00,0.00,0.00,0.00,0
2.20376,-8,10,45,0,DRIVE [ 23 ] [ 1 ] [ 1827 1372 1922 ] [    0    0    0 ] [      0      0      0 ] [ 1 ],drive [ 23 ] [ 1 ] [ 1784 1467 1922 ] [   42   21   -3 ] [  12580  14220  15345 ] [ 1 ],0.80,0.80,0.80,0.80,-6.36,8.04,0.00,0.00,0.00,0.00,0.00,0.00,0.00,0.00,0.00,0.00,0.00,0.00,0.00,0.00,0.00,0
2.21598,-10,9,44,0,DRIVE [ 24 ] [ 1 ] [ 1866 1278 1922 ] [    0    0    0 ] [      0      0      0 ] [ 1 ],drive [ 23 ] [ 1 ] [ 1827 1372 1922 ] [   31   38   -2 ] [  12580  14220  15345 ] [ 1 ],0.80,0.80,0.80,0.80,-7.77,7.59,0.00,0.00,0.00,0.00,0.00,0.00,0.00,0.00,0.00,0.00,0.00,0.00,0.00,0.00,0.00,0
2.22784,-11,9,43,0,DRIVE [ 24 ] [ 1 ] [ 1899 1230 1922 ] [    0    0    0 ] [      0      0      0 ] [ 1 ],drive [ 24 ] [ 1 ] [ 1866 1278 1922 ] [   31   38   -2 ] [  12580  14220  15345 ] [ 1 ],0.80,0.80,0.80,0.80,-8.81,7.13,0.00,0.00,0.00,0.00,0.00,0.00,0.00,0.00,0.00,0.00,0.00,0.00,0.00,0.00,0.00,0
2.23932,-12,8,42,0,DRIVE [ 25 ] [ 1 ] [ 1924 1230 1922 ] [    0    0    0 ] [      0      0      0 ] [ 1 ],drive [ 24 ] [ 1 ] [ 1899 1230 1922 ] [   31   38   -2 ] [  12580  14220  15345 ] [ 1 ],0.80,0.80,0.80,0.80,-9.39,6.64,0.00,0.00,0.00,0.00,0.00,0.00,0.00,0.00,0.00,0.00,0.00,0.00,0.00,0.00,0.00,0
2.24959,-12,8,41,0,DRIVE [ 25 ] [ 1 ] [ 1924 1230 1913 ] [    0    0    0 ] [      0      0      0 ] [ 1 ],drive [ 25 ] [ 1 ] [ 1924 1230 1922 ] [   31   38   -2 ] [  11977  15190  15334 ] [ 1 ],0.80,0.80,0.80,0.80,-9.41,6.13,0.00,0.00,0.00,0.00,0.00,0.00,0.00,0.00,0.00,0.00,0.00,0.00,0.00,0.00,0.00,0
2.25971,-11,7,40,0,DRIVE [ 26 ] [ 1 ] [ 1924 1230 1909 ] [    0    0    0 ] [      0      0      0 ] [ 1 ],drive [ 25 ] [ 1 ] [ 1924 1230 1913 ] [   19   81   16 ] [  11977  15190  15334 ] [ 1 ],0.80,0.80,0.80,0.80,-8.92,5.62,0.00,0.00,0.00,0.00,0.00,0.00,0.00,0.00,0.00,0.00,0.00,0.00,0.00,0.00,0.00,0
2.27161,-10,6,39,0,DRIVE [ 26 ] [ 1 ] [ 1924 1240 1911 ] [    0    0    0 ] [      0      0      0 ] [ 1 ],drive [ 26 ] [ 1 ] [ 1924 1230 1909 ] [   19   81   16 ] [  11977  15190  15334 ] [ 1 ],0.80,0.80,0.80,0.80,-8.05,5.12,0.00,0.00,0.00,0.00,0.00,0.00,0.00,0.00,0.00,0.00,0.00,0.00,0.00,0.00,0.00,0
2.28366,-9,6,38,0,DRIVE [ 27 ] [ 1 ] [ 1924 1289 1920 ] [    0    0    0 ] [      0      0      0 ] [ 1 ],drive [ 26 ] [ 1 ] [ 1924 1240 1911 ] [   19   81   16 ] [  11977  15190  15334 ] [ 1 ],0.80,0.80,0.80,0.80,-7.07,4.75,0.00,0.00,0.00,0.00,0.00,0.00,0.00,0.00,0.00,0.00,0.00,0.00,0.00,0.00,0.00,0
2.29545,-8,6,37,0,DRIVE [ 27 ] [ 1 ] [ 1923 1322 1920 ] [    0    0    0 ] [      0      0      0 ] [ 1 ],drive [ 27 ] [ 1 ] [ 1924 1289 1920 ] [   19   81   16 ] [  10669  16222  15285 ] [ 1 ],0.80,0.80,0.80,0.80,-6.37,4.55,0.00,0.00,0.00,0.00,0.00,0.00,0.00,0.00,0.00,0.00,0.00,0.00,0.00,0.00,0.00,0
2.30541,-8,6,36,0,DRIVE [ 28 ] [ 1 ] [ 1917 1332 1920 ] [    0    0    0 ] [      0      0      0 ] [ 1 ],drive [ 27 ] [ 1 ] [ 1923 1322 1920 ] [    5   61   22 ] [  10669  16222  15285 ] [ 1 ],0.80,0.80,0.80,0.80,-6.05,4.49,0.00,0.00,0.00,0.00,0.00,0.00,0.00,0.00,0.00,0.00,0.00,0.00,0.00,0.00,0.00,0
2.31536,-8,6,35,0,DRIVE [ 28 ] [ 1 ] [ 1916 1302 1920 ] [    0    0    0 ] [      0      0      0 ] [ 1 ],drive [ 28 ] [ 1 ] [ 1917 1332 1920 ] [    5   61   22 ] [  10669  16222  15285 ] [ 1 ],0.80,0.80,0.80,0.80,-6.16,4.59,0.00,0.00,0.00,0.00,0.00,0.00,0.00,0.00,0.00,0.00,0.00,0.00,0.00,0.00,0.00,0
2.32764,-8,6,34,0,DRIVE [ 29 ] [ 1 ] [ 1920 1239 1920 ] [    0    0    0 ] [      0      0      0 ] [ 1 ],drive [ 28 ] [ 1 ] [ 1916 1302 1920 ] [    5   61   22 ] [  10669  16222  15285 ] [ 1 ],0.80,0.80,0.80,0.80,-6.57,4.76,0.00,0.00,0.00,0.00,0.00,0.00,0.00,0.00,0.00,0.00,0.00,0.00,0.00,0.00,0.00,0
2.33961,-9,6,32,0,DRIVE [ 29 ] [ 1 ] [ 1920 1230 1923 ] [    0    0    0 ] [      0      0      0 ] [ 1 ],drive [ 29 ] [ 1 ] [ 1920 1239 1920 ] [    5   61   22 ] [  10669  16222  15285 ] [ 1 ],0.80,0.80,0.80,0.80,-7.16,4.94,0.00,0.00,0.00,0.00,0.00,0.00,0.00,0.00,0.00,0.00,0.00,0.00,0.00,0.00,0.00,0
2.35156,-10,6,31,0,DRIVE [ 30 ] [ 1 ] [ 1920 1230 1914 ] [    0    0    0 ] [      0      0      0 ] [ 1 ],drive [ 29 ] [ 1 ] [ 1920 1230 1923 ] [    5   61   22 ] [  10423  16235  15308 ] [ 1 ],0.80,0.80,0.80,0.80,-7.80,5.13,0.00,0.00,0.00,0.00,0.00,0.00,0.00,0.00,0.00,0.00,0.00,0.00,0.00,0.00,0.00,0
2.36097,-10,6,31,0,DRIVE [ 30 ] [ 1 ] [ 1920 1230 1915 ] [    0    0    0 ] [      0      0      0 ] [ 0 ],drive [ 30 ] [ 1 ] [ 1920 1230 1914 ] [    4   66   13 ] [  10423  16235  15308 ] [ 1 ],0.80,0.80,0.80,0.80,-7.02,4.61,0.00,0.00,0.00,0.00,0.00,0.00,0.00,0.00,0.00,0.00,0.00,0.00,0.00,0.00,0.00,0
2.37174,-10,6,31,1,DRIVE [ 31 ] [ 1 ] [ 1920 1237 1916 ] [    0    0    0 ] [      0      0      0 ] [ 0 ],drive [ 30 ] [ 1 ] [ 1920 1230 1915 ] [    4   66   13 ] [  10423  16235  15308 ] [ 0 ],0.80,0.80,0.80,0.80,-6.32,4.15,0.00,0.00,0.00,0.00,0.00,0.00,0.00,0.00,0.00,0.00,0.00,0.00,0.00,0.00,0.00,0
