timestamp,Xmm,Ymm,Zmm,TouchDetected,OutgoingPacket,IncomingPacket,GainPropAb, GainPropAd, GainPropFl, GainPropEx,PropA, PropB, PropC,GainIntegAb, GainIntegAd, GainIntegFl, GainIntegEx,IntegA, IntegB, IntegC,GainDerivAb, GainDerivAd, GainDerivFl, GainDerivEx,DerivA, DerivB, DerivC,Heading5
2.22007,174,23,357,1,DRIVE [ 78 ] [ 1 ] [ 1801 1916 1510 ] [    0    0    0 ] [      0      0      0 ] [ 0 ],drive [ 77 ] [ 1 ] [ 1787 1916 1469 ] [   29   23   70 ] [   5362  11061  12610 ] [ 0 ],1.10,1.10,1.10,1.10,2.38,-2.05,0.00,0.50,0.50,0.50,0.50,0.80,-3.20,0.00,0.00,0.00,0.00,0.50,-0.00,0.00,0.00,0
0.00138244,174,23,357,0,DRIVE [ 48 ] [ 1 ] [ 1926 1916 1885 ] [    0    0    0 ] [      0      0      0 ] [ 0 ],drive [ 48 ] [ 1 ] [ 1613 1916 1796 ] [   55   22   31 ] [   4710  11303  13138 ] [ 0 ],1.10,1.10,1.10,1.10,43.83,5.76,0.00,0.50,0.50,0.50,0.50,0.00,0.00,0.00,0.00,0.00,0.00,0.50,0.00,0.00,0.00,0
0.0163889,174,23,357,0,DRIVE [ 49 ] [ 1 ] [ 1926 1916 1885 ] [    0    0    0 ] [      0      0      0 ] [ 0 ],drive [ 48 ] [ 1 ] [ 1926 1916 1885 ] [   55   22   31 ] [   4710  11303  13138 ] [ 0 ],1.10,1.10,1.10,1.10,39.45,5.19,0.00,0.50,0.50,0.50,0.50,0.00,0.00,0.00,0.00,0.00,0.00,0.50,0.00,0.00,0.00,0
0.0300574,174,23,357,0,DRIVE [ 49 ] [ 1 ] [ 1926 1916 1885 ] [    0    0    0 ] [      0      0      0 ] [ 0 ],drive [ 49 ] [ 1 ] [ 1926 1916 1885 ] [   55   22   31 ] [   4492  11549  13129 ] [ 0 ],1.10,1.10,1.10,1.10,35.50,4.67,0.00,0.50,0.50,0.50,0.50,0.00,0.00,0.00,0.00,0.00,0.00,0.50,0.00,0.00,0.00,0
0.0461305,174,23,357,0,DRIVE [ 50 ] [ 1 ] [ 1926 1916 1885 ] [    0    0    0 ] [      0      0      0 ] [ 0 ],drive [ 49 ] [ 1 ] [ 1926 1916 1885 ] [    0   -2    9 ] [   4492  11549  13129 ] [ 0 ],1.10,1.10,1.10,1.10,31.95,4.20,0.00,0.50,0.50,0.50,0.50,0.00,0.00,0.00,0.00,0.00,0.00,0.50,0.00,0.00,0.00,0
0.0601789,174,23,357,0,DRIVE [ 50 ] [ 1 ] [ 1926 1916 1885 ] [    0    0    0 ] [      0      0      0 ] [ 0 ],drive [ 50 ] [ 1 ] [ 1926 1916 1885 ] [    0   -2    9 ] [   4492  11549  13129 ] [ 0 ],1.10,1.10,1.10,1.10,28.76,3.78,0.00,0.50,0.50,0.50,0.50,0.00,0.00,0.00,0.00,0.00,0.00,0.50,0.00,0.00,0.00,0
0.0731705,115,5,423,0,DRIVE [ 51 ] [ 1 ] [ 1917 1916 1882 ] [    0    0    0 ] [      0      0      0 ] [ 0 ],drive [ 50 ] [ 1 ] [ 1926 1916 1885 ] [    0   -2    9 ] [   4492  11549  13129 ] [ 0 ],1.10,1.10,1.10,1.10,127.00,5.71,0.00,0.50,0.50,0.50,0.50,0.00,0.00,0.00,0.00,0.00,0.00,0.50,0.00,0.00,0.00,0
0.0870599,115,5,423,0,DRIVE [ 51 ] [ 1 ] [ 1917 1916 1882 ] [    0    0    0 ] [      0      0      0 ] [ 0 ],drive [ 51 ] [ 1 ] [ 1917 1916 1882 ] [    0   -2    9 ] [   2402  11576  13067 ] [ 0 ],1.10,1.10,1.10,1.10,114.30,5.14,0.00,0.50,0.50,0.50,0.50,0.00,0.00,0.00,0.00,0.00,0.00,0.50,0.00,0.00,0.00,0
0.100186,115,5,423,0,DRIVE [ 52 ] [ 1 ] [ 1918 1916 1882 ] [    0    0    0 ] [      0      0      0 ] [ 0 ],drive [ 51 ] [ 1 ] [ 1917 1916 1882 ] [   23   -1    7 ] [   2402  11576  13067 ] [ 0 ],1.10,1.10,1.10,1.10,102.87,4.62,0.00,0.50,0.50,0.50,0.50,0.00,0.00,0.00,0.00,0.00,0.00,0.50,0.00,0.00,0.00,0
0.112999,115,5,423,0,DRIVE [ 52 ] [ 1 ] [ 1919 1916 1882 ] [    0    0    0 ] [      0      0      0 ] [ 0 ],drive [ 52 ] [ 1 ] [ 1918 1916 1882 ] [   23   -1    7 ] [   2402  11576  13067 ] [ 0 ],1.10,1.10,1.10,1.10,92.59,4.16,0.00,0.50,0.50,0.50,0.50,0.00,0.00,0.00,0.00,0.00,0.00,0.50,0.00,0.00,0.00,0
0.126004,115,5,423,0,DRIVE [ 53 ] [ 1 ] [ 1920 1916 1883 ] [    0    0    0 ] [      0      0      0 ] [ 0 ],drive [ 52 ] [ 1 ] [ 1919 1916 1882 ] [   23   -1    7 ] [   1534  11572  13067 ] [ 0 ],1.10,1.10,1.10,1.10,83.33,3.74,0.00,0.50,0.50,0.50,0.50,0.00,0.00,0.00,0.00,0.00,0.00,0.50,0.00,0.00,0.00,0
0.138934,-174,-83,420,0,DRIVE [ 53 ] [ 1 ] [ 1920 1865 1828 ] [    0    0    0 ] [      0      0      0 ] [ 0 ],drive [ 53 ] [ 1 ] [ 1920 1916 1883 ] [   23   -1    7 ] [   1534  11572  13067 ] [ 0 ],1.10,1.10,1.10,1.10,-191.00,-91.05,0.00,0.50,0.50,0.50,0.50,0.00,0.00,0.00,0.00,0.00,0.00,0.50,0.00,0.00,0.00,0
0.1533,-169,-80,417,0,DRIVE [ 54 ] [ 1 ] [ 1920 1856 1820 ] [    0    0    0 ] [      0      0      0 ] [ 0 ],drive [ 53 ] [ 1 ] [ 1920 1865 1828 ] [    8    3    8 ] [   1534  11572  13067 ] [ 0 ],1.10,1.10,1.10,1.10,-185.41,-87.76,0.00,0.50,0.50,0.50,0.50,0.00,0.00,0.00,0.00,0.00,0.00,0.50,0.00,0.00,0.00,0
0.16753,-166,-78,412,0,DRIVE [ 54 ] [ 1 ] [ 1920 1846 1811 ] [    0    0    0 ] [      0      0      0 ] [ 0 ],drive [ 54 ] [ 1 ] [ 1920 1856 1820 ] [    8    3    8 ] [   1534  11572  13067 ] [ 0 ],1.10,1.10,1.10,1.10,-182.30,-85.30,0.00,0.50,0.50,0.50,0.50,0.00,0.00,0.00,0.00,0.00,0.00,0.50,0.00,0.00,0.00,0
0.181522,-166,-77,412,0,DRIVE [ 55 ] [ 1 ] [ 1920 1835 1802 ] [    0    0    0 ] [      0      0      0 ] [ 0 ],drive [ 54 ] [ 1 ] [ 1920 1846 1811 ] [    8    3    8 ] [   1571  11566  13068 ] [ 0 ],1.10,1.10,1.10,1.10,-182.49,-84.40,0.00,0.50,0.50,0.50,0.50,0.00,0.00,0.00,0.00,0.00,0.00,0.50,0.00,0.00,0.00,0
0.194881,-167,-77,414,0,DRIVE [ 55 ] [ 1 ] [ 1920 1824 1792 ] [    0    0    0 ] [      0      0      0 ] [ 0 ],drive [ 55 ] [ 1 ] [ 1920 1835 1802 ] [    8    9   14 ] [   1571  11566  13068 ] [ 0 ],1.10,1.10,1.10,1.10,-183.70,-84.22,0.00,0.50,0.50,0.50,0.50,0.00,0.00,0.00,0.00,0.00,0.00,0.50,0.00,0.00,0.00,0
0.209447,-167,-75,412,0,DRIVE [ 56 ] [ 1 ] [ 1920 1814 1784 ] [    0    0    0 ] [      0      0      0 ] [ 0 ],drive [ 55 ] [ 1 ] [ 1920 1824 1792 ] [    8    9   14 ] [   1571  11566  13068 ] [ 0 ],1.10,1.10,1.10,1.10,-183.49,-82.91,0.00,0.50,0.50,0.50,0.50,0.00,0.00,0.00,0.00,0.00,0.00,0.50,0.00,0.00,0.00,0
0.222967,-166,-74,411,0,DRIVE [ 56 ] [ 1 ] [ 1920 1803 1775 ] [    0    0    0 ] [      0      0      0 ] [ 0 ],drive [ 56 ] [ 1 ] [ 1920 1814 1784 ] [    8    9   14 ] [   1571  11566  13068 ] [ 0 ],1.10,1.10,1.10,1.10,-183.14,-81.67,0.00,0.50,0.50,0.50,0.50,0.00,0.00,0.00,0.00,0.00,0.00,0.50,0.00,0.00,0.00,0
0.236431,-167,-74,413,0,DRIVE [ 57 ] [ 1 ] [ 1920 1792 1767 ] [    0    0    0 ] [      0      0      0 ] [ 0 ],drive [ 56 ] [ 1 ] [ 1920 1803 1775 ] [    8    9   14 ] [   1568  11563  13068 ] [ 0 ],1.10,1.10,1.10,1.10,-183.68,-80.87,0.00,0.50,0.50,0.50,0.50,0.00,0.00,0.00,0.00,0.00,0.00,0.50,0.00,0.00,0.00,0
0.250324,-166,-73,412,0,DRIVE [ 57 ] [ 1 ] [ 1920 1782 1759 ] [    0    0    0 ] [      0      0      0 ] [ 0 ],drive [ 57 ] [ 1 ] [ 1920 1792 1767 ] [    7   10   17 ] [   1568  11563  13068 ] [ 0 ],1.10,1.10,1.10,1.10,-182.97,-79.82,0.00,0.50,0.50,0.50,0.50,0.00,0.00,0.00,0.00,0.00,0.00,0.50,0.00,0.00,0.00,0
0.264382,-163,-71,407,0,DRIVE [ 58 ] [ 1 ] [ 1920 1773 1750 ] [    0    0    0 ] [      0      0      0 ] [ 0 ],drive [ 57 ] [ 1 ] [ 1920 1782 1759 ] [    7   10   17 ] [   1568  11563  13068 ] [ 0 ],1.10,1.10,1.10,1.10,-179.62,-78.52,0.00,0.50,0.50,0.50,0.50,0.00,0.00,0.00,0.00,0.00,0.00,0.50,0.00,0.00,0.00,0
0.27826,-161,-71,403,0,DRIVE [ 58 ] [ 1 ] [ 1920 1764 1741 ] [    0    0    0 ] [      0      0      0 ] [ 0 ],drive [ 58 ] [ 1 ] [ 1920 1773 1750 ] [    7   10   17 ] [   1572  11569  13069 ] [ 0 ],1.10,1.10,1.10,1.10,-176.76,-77.95,0.00,0.50,0.50,0.50,0.50,0.00,0.00,0.00,0.00,0.00,0.00,0.50,0.00,0.00,0.00,0
0.292052,-159,-71,402,0,DRIVE [ 59 ] [ 1 ] [ 1920 1755 1732 ] [    0    0    0 ] [      0      0      0 ] [ 0 ],drive [ 58 ] [ 1 ] [ 1920 1764 1741 ] [   18   13   21 ] [   1572  11569  13069 ] [ 0 ],1.10,1.10,1.10,1.10,-174.74,-78.21,0.00,0.50,0.50,0.50,0.50,0.00,0.00,0.00,0.00,0.00,0.00,0.50,0.00,0.00,0.00,0
0.306412,-157,-72,400,0,DRIVE [ 59 ] [ 1 ] [ 1920 1747 1723 ] [    0    0    0 ] [      0      0      0 ] [ 0 ],drive [ 59 ] [ 1 ] [ 1920 1755 1732 ] [   18   13   21 ] [   1572  11569  13069 ] [ 0 ],1.10,1.10,1.10,1.10,-172.70,-78.73,0.00,0.50,0.50,0.50,0.50,0.00,0.00,0.00,0.00,0.00,0.00,0.50,0.00,0.00,0.00,0
0.320575,-156,-73,401,0,DRIVE [ 60 ] [ 1 ] [ 1920 1739 1713 ] [    0    0    0 ] [      0      0      0 ] [ 0 ],drive [ 59 ] [ 1 ] [ 1920 1747 1723 ] [   18   13   21 ] [   1572  11569  13069 ] [ 0 ],1.10,1.10,1.10,1.10,-171.28,-79.77,0.00,0.50,0.50,0.50,0.50,0.00,0.00,0.00,0.00,0.00,0.00,0.50,0.00,0.00,0.00,0
0.334288,-153,-73,399,0,DRIVE [ 60 ] [ 1 ] [ 1920 1732 1703 ] [    0    0    0 ] [      0      0      0 ] [ 0 ],drive [ 60 ] [ 1 ] [ 1920 1739 1713 ] [   18   13   21 ] [   1717  11569  13070 ] [ 0 ],1.10,1.10,1.10,1.10,-168.69,-80.79,0.00,0.50,0.50,0.50,0.50,0.00,0.00,0.00,0.00,0.00,0.00,0.50,0.00,0.00,0.00,0
0.348179,-150,-74,394,0,DRIVE [ 61 ] [ 1 ] [ 1920 1726 1693 ] [    0    0    0 ] [      0      0      0 ] [ 0 ],drive [ 60 ] [ 1 ] [ 1920 1732 1703 ] [    2   16   26 ] [   1717  11569  13070 ] [ 0 ],1.10,1.10,1.10,1.10,-165.03,-81.14,0.00,0.50,0.50,0.50,0.50,0.00,0.00,0.00,0.00,0.00,0.00,0.50,0.00,0.00,0.00,0
0.361586,-147,-74,391,0,DRIVE [ 61 ] [ 1 ] [ 1920 1719 1683 ] [    0    0    0 ] [      0      0      0 ] [ 0 ],drive [ 61 ] [ 1 ] [ 1920 1726 1693 ] [    2   16   26 ] [   1717  11569  13070 ] [ 0 ],1.10,1.10,1.10,1.10,-162.08,-81.53,0.00,0.50,0.50,0.50,0.50,0.00,0.00,0.00,0.00,0.00,0.00,0.50,0.00,0.00,0.00,0
0.37539,-144,-74,387,0,DRIVE [ 62 ] [ 1 ] [ 1920 1713 1674 ] [    0    0    0 ] [      0      0      0 ] [ 0 ],drive [ 61 ] [ 1 ] [ 1920 1719 1683 ] [    2   16   26 ] [   1717  11569  13070 ] [ 0 ],1.10,1.10,1.10,1.10,-158.90,-81.51,0.00,0.50,0.50,0.50,0.50,0.00,0.00,0.00,0.00,0.00,0.00,0.50,0.00,0.00,0.00,0
0.388965,-142,-74,386,0,DRIVE [ 62 ] [ 1 ] [ 1920 1707 1665 ] [    0    0    0 ] [      0      0      0 ] [ 0 ],drive [ 62 ] [ 1 ] [ 1920 1713 1674 ] [    2   16   26 ] [   1781  11569  13071 ] [ 0 ],1.10,1.10,1.10,1.10,-156.38,-81.62,0.00,0.50,0.50,0.50,0.50,0.00,0.00,0.00,0.00,0.00,0.00,0.50,0.00,0.00,0.00,0
0.402857,-139,-73,381,0,DRIVE [ 63 ] [ 1 ] [ 1920 1701 1657 ] [    0    0    0 ] [      0      0      0 ] [ 0 ],drive [ 62 ] [ 1 ] [ 1920 1707 1665 ] [   -1   18   29 ] [   1781  11569  13071 ] [ 0 ],1.10,1.10,1.10,1.10,-152.77,-80.77,0.00,0.50,0.50,0.50,0.50,0.00,0.00,0.00,0.00,0.00,0.00,0.50,0.00,0.00,0.00,0
0.416679,-137,-73,380,0,DRIVE [ 63 ] [ 1 ] [ 1920 1694 1649 ] [    0    0    0 ] [      0      0      0 ] [ 0 ],drive [ 63 ] [ 1 ] [ 1920 1701 1657 ] [   -1   18   29 ] [   1781  11569  13071 ] [ 0 ],1.10,1.10,1.10,1.10,-150.80,-80.52,0.00,0.50,0.50,0.50,0.50,0.00,0.00,0.00,0.00,0.00,0.00,0.50,0.00,0.00,0.00,0
0.429748,-134,-72,375,0,DRIVE [ 64 ] [ 1 ] [ 1920 1688 1641 ] [    0    0    0 ] [      0      0      0 ] [ 0 ],drive [ 63 ] [ 1 ] [ 1920 1694 1649 ] [   -1   18   29 ] [   1784  11569  13072 ] [ 0 ],1.10,1.10,1.10,1.10,-147.81,-79.50,0.00,0.50,0.50,0.50,0.50,0.00,0.00,0.00,0.00,0.00,0.00,0.50,0.00,0.00,0.00,0
0.443515,-132,-71,372,0,DRIVE [ 64 ] [ 1 ] [ 1920 1682 1634 ] [    0    0    0 ] [      0      0      0 ] [ 0 ],drive [ 64 ] [ 1 ] [ 1920 1688 1641 ] [   -2   20   34 ] [   1784  11569  13072 ] [ 0 ],1.10,1.10,1.10,1.10,-145.13,-78.52,0.00,0.50,0.50,0.50,0.50,0.00,0.00,0.00,0.00,0.00,0.00,0.50,0.00,0.00,0.00,0
0.457066,-130,-70,369,0,DRIVE [ 65 ] [ 1 ] [ 1920 1676 1627 ] [    0    0    0 ] [      0      0      0 ] [ 0 ],drive [ 64 ] [ 1 ] [ 1920 1682 1634 ] [   -2   20   34 ] [   1784  11569  13072 ] [ 0 ],1.10,1.10,1.10,1.10,-142.61,-77.53,0.00,0.50,0.50,0.50,0.50,0.00,0.00,0.00,0.00,0.00,0.00,0.50,0.00,0.00,0.00,0
0.470502,-128,-70,368,0,DRIVE [ 65 ] [ 1 ] [ 1920 1670 1621 ] [    0    0    0 ] [      0      0      0 ] [ 0 ],drive [ 65 ] [ 1 ] [ 1920 1676 1627 ] [   -2   20   34 ] [   1784  11569  13072 ] [ 0 ],1.10,1.10,1.10,1.10,-140.62,-76.60,0.00,0.50,0.50,0.50,0.50,0.00,0.00,0.00,0.00,0.00,0.00,0.50,0.00,0.00,0.00,0
0.483891,-125,-68,363,0,DRIVE [ 66 ] [ 1 ] [ 1920 1664 1614 ] [    0    0    0 ] [      0      0      0 ] [ 0 ],drive [ 65 ] [ 1 ] [ 1920 1670 1621 ] [   -2   20   34 ] [   1784  11568  13071 ] [ 0 ],1.10,1.10,1.10,1.10,-137.79,-75.17,0.00,0.50,0.50,0.50,0.50,0.00,0.00,0.00,0.00,0.00,0.00,0.50,0.00,0.00,0.00,0
0.498078,-123,-67,359,0,DRIVE [ 66 ] [ 1 ] [ 1920 1658 1607 ] [    0    0    0 ] [      0      0      0 ] [ 0 ],drive [ 66 ] [ 1 ] [ 1920 1664 1614 ] [   -1   22   34 ] [   1784  11568  13071 ] [ 0 ],1.10,1.10,1.10,1.10,-135.43,-74.02,0.00,0.50,0.50,0.50,0.50,0.00,0.00,0.00,0.00,0.00,0.00,0.50,0.00,0.00,0.00,0
0.511689,-121,-66,355,0,DRIVE [ 67 ] [ 1 ] [ 1920 1651 1600 ] [    0    0    0 ] [      0      0      0 ] [ 0 ],drive [ 66 ] [ 1 ] [ 1920 1658 1607 ] [   -1   22   34 ] [   1784  11568  13071 ] [ 0 ],1.10,1.10,1.10,1.10,-133.09,-72.88,0.00,0.50,0.50,0.50,0.50,0.00,0.00,0.00,0.00,0.00,0.00,0.50,0.00,0.00,0.00,0
0.525369,-119,-65,351,0,DRIVE [ 67 ] [ 1 ] [ 1920 1646 1593 ] [    0    0    0 ] [      0      0      0 ] [ 0 ],drive [ 67 ] [ 1 ] [ 1920 1651 1600 ] [   -1   22   34 ] [   1784  11568  13071 ] [ 0 ],1.10,1.10,1.10,1.10,-130.51,-71.64,0.00,0.50,0.50,0.50,0.50,0.00,0.00,0.00,0.00,0.00,0.00,0.50,0.00,0.00,0.00,0
0.537982,-117,-64,348,0,DRIVE [ 68 ] [ 1 ] [ 1920 1640 1587 ] [    0    0    0 ] [      0      0      0 ] [ 0 ],drive [ 67 ] [ 1 ] [ 1920 1646 1593 ] [   -1   22   34 ] [   1787  11571  13069 ] [ 0 ],1.10,1.10,1.10,1.10,-128.15,-70.44,0.00,0.50,0.50,0.50,0.50,0.00,0.00,0.00,0.00,0.00,0.00,0.50,0.00,0.00,0.00,0
0.551209,-114,-62,341,0,DRIVE [ 68 ] [ 1 ] [ 1920 1634 1582 ] [    0    0    0 ] [      0      0      0 ] [ 0 ],drive [ 68 ] [ 1 ] [ 1920 1640 1587 ] [   10   23   35 ] [   1787  11571  13069 ] [ 0 ],1.10,1.10,1.10,1.10,-124.93,-68.55,0.00,0.50,0.50,0.50,0.50,0.00,0.00,0.00,0.00,0.00,0.00,0.50,0.00,0.00,0.00,0
0.564667,-112,-61,339,0,DRIVE [ 69 ] [ 1 ] [ 1920 1628 1576 ] [    0    0    0 ] [      0      0      0 ] [ 0 ],drive [ 68 ] [ 1 ] [ 1920 1634 1582 ] [   10   23   35 ] [   1787  11571  13069 ] [ 0 ],1.10,1.10,1.10,1.10,-123.46,-67.57,0.00,0.50,0.50,0.50,0.50,0.00,0.00,0.00,0.00,0.00,0.00,0.50,0.00,0.00,0.00,0
0.577755,-110,-60,334,0,DRIVE [ 69 ] [ 1 ] [ 1920 1622 1569 ] [    0    0    0 ] [      0      0      0 ] [ 0 ],drive [ 69 ] [ 1 ] [ 1920 1628 1576 ] [   10   23   35 ] [   1881  11574  13069 ] [ 0 ],1.10,1.10,1.10,1.10,-121.23,-66.28,0.00,0.50,0.50,0.50,0.50,0.00,0.00,0.00,0.00,0.00,0.00,0.50,0.00,0.00,0.00,0
0.591553,-109,-59,331,0,DRIVE [ 70 ] [ 1 ] [ 1920 1615 1564 ] [    0    0    0 ] [      0      0      0 ] [ 0 ],drive [ 69 ] [ 1 ] [ 1920 1622 1569 ] [    8   25   35 ] [   1881  11574  13069 ] [ 0 ],1.10,1.10,1.10,1.10,-119.46,-65.10,0.00,0.50,0.50,0.50,0.50,0.00,0.00,0.00,0.00,0.00,0.00,0.50,0.00,0.00,0.00,0
0.604163,-107,-58,325,0,DRIVE [ 70 ] [ 1 ] [ 1920 1608 1557 ] [    0    0    0 ] [      0      0      0 ] [ 0 ],drive [ 70 ] [ 1 ] [ 1920 1615 1564 ] [    8   25   35 ] [   1881  11574  13069 ] [ 0 ],1.10,1.10,1.10,1.10,-117.24,-63.55,0.00,0.50,0.50,0.50,0.50,0.00,0.00,0.00,0.00,0.00,0.00,0.50,0.00,0.00,0.00,0
0.619277,-104,-56,319,0,DRIVE [ 71 ] [ 1 ] [ 1920 1601 1552 ] [    0    0    0 ] [      0      0      0 ] [ 0 ],drive [ 70 ] [ 1 ] [ 1920 1608 1557 ] [    8   25   35 ] [   1881  11574  13069 ] [ 0 ],1.10,1.10,1.10,1.10,-114.86,-61.81,0.00,0.50,0.50,0.50,0.50,0.00,0.00,0.00,0.00,0.00,0.00,0.50,0.00,0.00,0.00,0
0.632447,-103,-55,315,0,DRIVE [ 71 ] [ 1 ] [ 1920 1592 1545 ] [    0    0    0 ] [      0      0      0 ] [ 0 ],drive [ 71 ] [ 1 ] [ 1920 1601 1552 ] [    8   25   35 ] [   1927  11582  13066 ] [ 0 ],1.10,1.10,1.10,1.10,-113.20,-60.40,0.00,0.50,0.50,0.50,0.50,0.00,0.00,0.00,0.00,0.00,0.00,0.50,0.00,0.00,0.00,0
0.645283,-101,-53,310,0,DRIVE [ 72 ] [ 1 ] [ 1920 1586 1541 ] [    0    0    0 ] [      0      0      0 ] [ 0 ],drive [ 71 ] [ 1 ] [ 1920 1592 1545 ] [   21   30   38 ] [   1927  11582  13066 ] [ 0 ],1.10,1.10,1.10,1.10,-111.07,-58.70,0.00,0.50,0.50,0.50,0.50,0.00,0.00,0.00,0.00,0.00,0.00,0.50,0.00,0.00,0.00,0
0.658155,-99,-52,305,0,DRIVE [ 72 ] [ 1 ] [ 1920 1579 1538 ] [    0    0    0 ] [      0      0      0 ] [ 0 ],drive [ 72 ] [ 1 ] [ 1920 1586 1541 ] [   21   30   38 ] [   1927  11582  13066 ] [ 0 ],1.10,1.10,1.10,1.10,-108.73,-56.88,0.00,0.50,0.50,0.50,0.50,0.00,0.00,0.00,0.00,0.00,0.00,0.50,0.00,0.00,0.00,0
0.670502,-97,-50,301,0,DRIVE [ 73 ] [ 1 ] [ 1920 1574 1535 ] [    0    0    0 ] [      0      0      0 ] [ 0 ],drive [ 72 ] [ 1 ] [ 1920 1579 1538 ] [   21   30   38 ] [   1927  11582  13066 ] [ 0 ],1.10,1.10,1.10,1.10,-106.46,-55.04,0.00,0.50,0.50,0.50,0.50,0.00,0.00,0.00,0.00,0.00,0.00,0.50,0.00,0.00,0.00,0
0.683087,-95,-48,297,0,DRIVE [ 73 ] [ 1 ] [ 1920 1569 1533 ] [    0    0    0 ] [      0      0      0 ] [ 0 ],drive [ 73 ] [ 1 ] [ 1920 1574 1535 ] [   21   30   38 ] [   1986  11594  13066 ] [ 0 ],1.10,1.10,1.10,1.10,-104.27,-53.34,0.00,0.50,0.50,0.50,0.50,0.00,0.00,0.00,0.00,0.00,0.00,0.50,0.00,0.00,0.00,0
0.695155,-93,-47,292,0,DRIVE [ 74 ] [ 1 ] [ 1920 1564 1531 ] [    0    0    0 ] [      0      0      0 ] [ 0 ],drive [ 73 ] [ 1 ] [ 1920 1569 1533 ] [    2   43   39 ] [   1986  11594  13066 ] [ 0 ],1.10,1.10,1.10,1.10,-101.76,-51.58,0.00,0.50,0.50,0.50,0.50,0.00,0.00,0.00,0.00,0.00,0.00,0.50,0.00,0.00,0.00,0
0.70755,-90,-45,286,0,DRIVE [ 74 ] [ 1 ] [ 1920 1561 1530 ] [    0    0    0 ] [      0      0      0 ] [ 0 ],drive [ 74 ] [ 1 ] [ 1920 1564 1531 ] [    2   43   39 ] [   1986  11594  13066 ] [ 0 ],1.10,1.10,1.10,1.10,-98.60,-49.47,0.00,0.50,0.50,0.50,0.50,0.00,0.00,0.00,0.00,0.00,0.00,0.50,0.00,0.00,0.00,0
0.719903,-87,-43,281,0,DRIVE [ 75 ] [ 1 ] [ 1920 1557 1529 ] [    0    0    0 ] [      0      0      0 ] [ 0 ],drive [ 74 ] [ 1 ] [ 1920 1561 1530 ] [    2   43   39 ] [   1986  11594  13066 ] [ 0 ],1.10,1.10,1.10,1.10,-95.93,-47.73,0.00,0.50,0.50,0.50,0.50,0.00,0.00,0.00,0.00,0.00,0.00,0.50,0.00,0.00,0.00,0
0.732229,-85,-42,275,0,DRIVE [ 75 ] [ 1 ] [ 1920 1554 1527 ] [    0    0    0 ] [      0      0      0 ] [ 0 ],drive [ 75 ] [ 1 ] [ 1920 1557 1529 ] [    2   43   39 ] [   2087  11608  13066 ] [ 0 ],1.10,1.10,1.10,1.10,-93.05,-45.96,0.00,0.50,0.50,0.50,0.50,0.00,0.00,0.00,0.00,0.00,0.00,0.50,0.00,0.00,0.00,0
0.744235,-82,-40,271,0,DRIVE [ 76 ] [ 1 ] [ 1920 1551 1526 ] [    0    0    0 ] [      0      0      0 ] [ 0 ],drive [ 75 ] [ 1 ] [ 1920 1554 1527 ] [    0   47   39 ] [   2087  11608  13066 ] [ 0 ],1.10,1.10,1.10,1.10,-90.38,-44.41,0.00,0.50,0.50,0.50,0.50,0.00,0.00,0.00,0.00,0.00,0.00,0.50,0.00,0.00,0.00,0
0.755773,-80,-39,266,0,DRIVE [ 76 ] [ 1 ] [ 1920 1550 1526 ] [    0    0    0 ] [      0      0      0 ] [ 0 ],drive [ 76 ] [ 1 ] [ 1920 1551 1526 ] [    0   47   39 ] [   2087  11608  13066 ] [ 0 ],1.10,1.10,1.10,1.10,-87.71,-42.86,0.00,0.50,0.50,0.50,0.50,0.00,0.00,0.00,0.00,0.00,0.00,0.50,0.00,0.00,0.00,0
0.768128,-77,-38,263,0,DRIVE [ 77 ] [ 1 ] [ 1920 1548 1527 ] [    0    0    0 ] [      0      0      0 ] [ 0 ],drive [ 76 ] [ 1 ] [ 1920 1550 1526 ] [    0   47   39 ] [   2087  11608  13066 ] [ 0 ],1.10,1.10,1.10,1.10,-85.25,-41.34,0.00,0.50,0.50,0.50,0.50,0.00,0.00,0.00,0.00,0.00,0.00,0.50,0.00,0.00,0.00,0
0.780032,-75,-36,259,0,DRIVE [ 77 ] [ 1 ] [ 1920 1547 1528 ] [    0    0    0 ] [      0      0      0 ] [ 0 ],drive [ 77 ] [ 1 ] [ 1920 1548 1527 ] [    0   47   39 ] [   2142  11609  13066 ] [ 0 ],1.10,1.10,1.10,1.10,-82.66,-39.75,0.00,0.50,0.50,0.50,0.50,0.00,0.00,0.00,0.00,0.00,0.00,0.50,0.00,0.00,0.00,0
0.792152,-73,-34,254,0,DRIVE [ 78 ] [ 1 ] [ 1920 1546 1531 ] [    0    0    0 ] [      0      0      0 ] [ 0 ],drive [ 77 ] [ 1 ] [ 1920 1547 1528 ] [    5   53   40 ] [   2142  11609  13066 ] [ 0 ],1.10,1.10,1.10,1.10,-79.79,-37.79,0.00,0.50,0.50,0.50,0.50,0.00,0.00,0.00,0.00,0.00,0.00,0.50,0.00,0.00,0.00,0
0.803721,-70,-33,249,0,DRIVE [ 78 ] [ 1 ] [ 1920 1544 1535 ] [    0    0    0 ] [      0      0      0 ] [ 0 ],drive [ 78 ] [ 1 ] [ 1920 1546 1531 ] [    5   53   40 ] [   2142  11609  13066 ] [ 0 ],1.10,1.10,1.10,1.10,-77.24,-35.81,0.00,0.50,0.50,0.50,0.50,0.00,0.00,0.00,0.00,0.00,0.00,0.50,0.00,0.00,0.00,0
0.815783,-68,-31,245,0,DRIVE [ 79 ] [ 1 ] [ 1920 1543 1540 ] [    0    0    0 ] [      0      0      0 ] [ 0 ],drive [ 78 ] [ 1 ] [ 1920 1544 1535 ] [    5   53   40 ] [   2142  11609  13066 ] [ 0 ],1.10,1.10,1.10,1.10,-74.85,-33.73,0.00,0.50,0.50,0.50,0.50,0.00,0.00,0.00,0.00,0.00,0.00,0.50,0.00,0.00,0.00,0
0.827203,-66,-29,241,0,DRIVE [ 79 ] [ 1 ] [ 1920 1539 1545 ] [    0    0    0 ] [      0      0      0 ] [ 0 ],drive [ 79 ] [ 1 ] [ 1920 1543 1540 ] [    5   53   40 ] [   2154  11632  13065 ] [ 0 ],1.10,1.10,1.10,1.10,-72.58,-31.52,0.00,0.50,0.50,0.50,0.50,0.00,0.00,0.00,0.00,0.00,0.00,0.50,0.00,0.00,0.00,0
0.839199,-64,-27,236,0,DRIVE [ 80 ] [ 1 ] [ 1920 1535 1551 ] [    0    0    0 ] [      0      0      0 ] [ 0 ],drive [ 79 ] [ 1 ] [ 1920 1539 1545 ] [   13   57   34 ] [   2154  11632  13065 ] [ 0 ],1.10,1.10,1.10,1.10,-70.52,-29.31,0.00,0.50,0.50,0.50,0.50,0.00,0.00,0.00,0.00,0.00,0.00,0.50,0.00,0.00,0.00,0
0.851355,-63,-25,233,0,DRIVE [ 80 ] [ 1 ] [ 1920 1529 1558 ] [    0    0    0 ] [      0      0      0 ] [ 0 ],drive [ 80 ] [ 1 ] [ 1920 1535 1551 ] [   13   57   34 ] [   2154  11632  13065 ] [ 0 ],1.10,1.10,1.10,1.10,-68.77,-27.04,0.00,0.50,0.50,0.50,0.50,0.00,0.00,0.00,0.00,0.00,0.00,0.50,0.00,0.00,0.00,0
0.86327,-61,-23,229,0,DRIVE [ 81 ] [ 1 ] [ 1920 1520 1565 ] [    0    0    0 ] [      0      0      0 ] [ 0 ],drive [ 80 ] [ 1 ] [ 1920 1529 1558 ] [   13   57   34 ] [   2154  11632  13065 ] [ 0 ],1.10,1.10,1.10,1.10,-67.32,-24.76,0.00,0.50,0.50,0.50,0.50,0.00,0.00,0.00,0.00,0.00,0.00,0.50,0.00,0.00,0.00,0
0.875163,-60,-20,225,0,DRIVE [ 81 ] [ 1 ] [ 1920 1511 1572 ] [    0    0    0 ] [      0      0      0 ] [ 0 ],drive [ 81 ] [ 1 ] [ 1920 1520 1565 ] [   13   57   34 ] [   2157  11645  13022 ] [ 0 ],1.10,1.10,1.10,1.10,-66.02,-22.46,0.00,0.50,0.50,0.50,0.50,0.00,0.00,0.00,0.00,0.00,0.00,0.50,0.00,0.00,0.00,0
0.88649,-59,-19,221,0,DRIVE [ 82 ] [ 1 ] [ 1920 1499 1578 ] [    0    0    0 ] [      0      0      0 ] [ 0 ],drive [ 81 ] [ 1 ] [ 1920 1511 1572 ] [   13   57   34 ] [   2157  11645  13022 ] [ 0 ],1.10,1.10,1.10,1.10,-65.07,-20.36,0.00,0.50,0.50,0.50,0.50,0.00,0.00,0.00,0.00,0.00,0.00,0.50,0.00,0.00,0.00,0
0.898472,-58,-16,216,0,DRIVE [ 82 ] [ 1 ] [ 1920 1482 1584 ] [    0    0    0 ] [      0      0      0 ] [ 0 ],drive [ 82 ] [ 1 ] [ 1920 1499 1578 ] [   13   57   43 ] [   2157  11645  13022 ] [ 0 ],1.10,1.10,1.10,1.10,-64.12,-17.81,0.00,0.50,0.50,0.50,0.50,0.00,0.00,0.00,0.00,0.00,0.00,0.50,0.00,0.00,0.00,0
0.910214,-58,-14,210,0,DRIVE [ 83 ] [ 1 ] [ 1920 1463 1590 ] [    0    0    0 ] [      0      0      0 ] [ 0 ],drive [ 82 ] [ 1 ] [ 1920 1482 1584 ] [   13   57   43 ] [   2157  11645  13022 ] [ 0 ],1.10,1.10,1.10,1.10,-63.40,-15.49,0.00,0.50,0.50,0.50,0.50,0.00,0.00,0.00,0.00,0.00,0.00,0.50,0.00,0.00,0.00,0
0.921446,-57,-12,206,0,DRIVE [ 83 ] [ 1 ] [ 1920 1442 1595 ] [    0    0    0 ] [      0      0      0 ] [ 0 ],drive [ 83 ] [ 1 ] [ 1920 1463 1590 ] [   13   57   43 ] [   2157  11645  13022 ] [ 0 ],1.10,1.10,1.10,1.10,-62.93,-13.21,0.00,0.50,0.50,0.50,0.50,0.00,0.00,0.00,0.00,0.00,0.00,0.50,0.00,0.00,0.00,0
0.933337,-57,-10,201,0,DRIVE [ 84 ] [ 1 ] [ 1920 1419 1600 ] [    0    0    0 ] [      0      0      0 ] [ 0 ],drive [ 83 ] [ 1 ] [ 1920 1442 1595 ] [   13   57   43 ] [   2159  11649  13021 ] [ 0 ],1.10,1.10,1.10,1.10,-62.49,-10.99,0.00,0.50,0.50,0.50,0.50,0.00,0.00,0.00,0.00,0.00,0.00,0.50,0.00,0.00,0.00,0
0.94522,-57,-8,197,0,DRIVE [ 84 ] [ 1 ] [ 1920 1394 1605 ] [    0    0    0 ] [      0      0      0 ] [ 0 ],drive [ 84 ] [ 1 ] [ 1920 1419 1600 ] [   13   55   44 ] [   2159  11649  13021 ] [ 0 ],1.10,1.10,1.10,1.10,-62.25,-8.88,0.00,0.50,0.50,0.50,0.50,0.00,0.00,0.00,0.00,0.00,0.00,0.50,0.00,0.00,0.00,0
0.956743,-56,-6,193,0,DRIVE [ 85 ] [ 1 ] [ 1920 1370 1610 ] [    0    0    0 ] [      0      0      0 ] [ 0 ],drive [ 84 ] [ 1 ] [ 1920 1394 1605 ] [   13   55   44 ] [   2159  11649  13021 ] [ 0 ],1.10,1.10,1.10,1.10,-62.13,-6.92,0.00,0.50,0.50,0.50,0.50,0.00,0.00,0.00,0.00,0.00,0.00,0.50,0.00,0.00,0.00,0
0.97076,-56,-5,189,0,DRIVE [ 85 ] [ 1 ] [ 1920 1346 1616 ] [    0    0    0 ] [      0      0      0 ] [ 0 ],drive [ 85 ] [ 1 ] [ 1920 1370 1610 ] [   13   55   44 ] [   2159  11649  13021 ] [ 0 ],1.10,1.10,1.10,1.10,-61.50,-5.01,0.00,0.50,0.50,0.50,0.50,0.00,0.00,0.00,0.00,0.00,0.00,0.50,0.00,0.00,0.00,0
0.982762,-55,-3,184,0,DRIVE [ 86 ] [ 1 ] [ 1920 1321 1621 ] [    0    0    0 ] [      0      0      0 ] [ 0 ],drive [ 85 ] [ 1 ] [ 1920 1346 1616 ] [   13   55   44 ] [   2164  11708  12973 ] [ 0 ],1.10,1.10,1.10,1.10,-60.74,-3.22,0.00,0.50,0.50,0.50,0.50,0.00,0.00,0.00,0.00,0.00,0.00,0.50,0.00,0.00,0.00,0
0.994612,-55,-1,181,0,DRIVE [ 86 ] [ 1 ] [ 1920 1298 1626 ] [    0    0    0 ] [      0      0      0 ] [ 0 ],drive [ 86 ] [ 1 ] [ 1920 1321 1621 ] [   16   58   27 ] [   2164  11708  12973 ] [ 0 ],1.10,1.10,1.10,1.10,-60.31,-1.56,0.00,0.50,0.50,0.50,0.50,0.00,0.00,0.00,0.00,0.00,0.00,0.50,0.00,0.00,0.00,0
1.00745,-54,0,178,0,DRIVE [ 87 ] [ 1 ] [ 1920 1276 1632 ] [    0    0    0 ] [      0      0      0 ] [ 0 ],drive [ 86 ] [ 1 ] [ 1920 1298 1626 ] [   16   58   27 ] [   2164  11708  12973 ] [ 0 ],1.10,1.10,1.10,1.10,-59.77,-0.07,0.00,0.50,0.50,0.50,0.50,0.00,0.00,0.00,0.00,0.00,0.00,0.50,0.00,0.00,0.00,0
1.01896,-54,1,175,0,DRIVE [ 87 ] [ 1 ] [ 1920 1253 1635 ] [    0    0    0 ] [      0      0      0 ] [ 0 ],drive [ 87 ] [ 1 ] [ 1920 1276 1632 ] [   16   58   27 ] [   2164  11708  12973 ] [ 0 ],1.10,1.10,1.10,1.10,-59.24,1.26,0.00,0.50,0.50,0.50,0.50,0.00,0.00,0.00,0.00,0.00,0.00,0.50,0.00,-0.00,0.00,0
1.03048,-53,2,172,0,DRIVE [ 88 ] [ 1 ] [ 1920 1233 1639 ] [    0    0    0 ] [      0      0      0 ] [ 0 ],drive [ 87 ] [ 1 ] [ 1920 1253 1635 ] [   16   58   27 ] [   2531  12019  12897 ] [ 0 ],1.10,1.10,1.10,1.10,-58.42,2.39,0.00,0.50,0.50,0.50,0.50,0.00,0.00,0.00,0.00,0.00,0.00,0.50,0.00,-0.00,0.00,0
1.04234,-52,3,168,0,DRIVE [ 88 ] [ 1 ] [ 1920 1212 1642 ] [    0    0    0 ] [      0      0      0 ] [ 0 ],drive [ 88 ] [ 1 ] [ 1920 1233 1639 ] [   -2   61   33 ] [   2531  12019  12897 ] [ 0 ],1.10,1.10,1.10,1.10,-57.73,3.38,0.00,0.50,0.50,0.50,0.50,0.00,0.00,0.00,0.00,0.00,0.00,0.50,0.00,-0.00,0.00,0
1.05357,-52,4,166,0,DRIVE [ 89 ] [ 1 ] [ 1920 1191 1645 ] [    0    0    0 ] [      0      0      0 ] [ 0 ],drive [ 88 ] [ 1 ] [ 1920 1212 1642 ] [   -2   61   33 ] [   2531  12019  12897 ] [ 0 ],1.10,1.10,1.10,1.10,-57.15,4.29,0.00,0.50,0.50,0.50,0.50,0.00,0.00,0.00,0.00,0.00,0.00,0.50,0.00,-0.00,0.00,0
1.06526,-51,5,162,0,DRIVE [ 89 ] [ 1 ] [ 1920 1178 1649 ] [    0    0    0 ] [      0      0      0 ] [ 0 ],drive [ 89 ] [ 1 ] [ 1920 1191 1645 ] [   -2   61   33 ] [   2531  12019  12897 ] [ 0 ],1.10,1.10,1.10,1.10,-56.31,5.05,0.00,0.50,0.50,0.50,0.50,0.00,0.00,0.00,0.00,0.00,0.00,0.50,0.00,-0.00,0.00,0
1.07688,-50,5,159,0,DRIVE [ 90 ] [ 1 ] [ 1920 1169 1654 ] [    0    0    0 ] [      0      0      0 ] [ 0 ],drive [ 89 ] [ 1 ] [ 1920 1178 1649 ] [   -2   61   33 ] [   2628  12488  12790 ] [ 0 ],1.10,1.10,1.10,1.10,-55.54,5.68,0.00,0.50,0.50,0.50,0.50,0.00,0.00,0.00,0.00,0.00,0.00,0.50,0.00,-0.00,0.00,0
1.08785,-49,6,155,0,DRIVE [ 90 ] [ 1 ] [ 1920 1155 1659 ] [    0    0    0 ] [      0      0      0 ] [ 0 ],drive [ 90 ] [ 1 ] [ 1920 1169 1654 ] [   22   90   46 ] [   2628  12488  12790 ] [ 0 ],1.10,1.10,1.10,1.10,-54.09,6.38,0.00,0.50,0.50,0.50,0.50,-0.49,0.05,0.00,0.00,0.00,0.00,0.50,0.00,-0.00,0.00,0
1.09961,-48,6,152,0,DRIVE [ 91 ] [ 1 ] [ 1920 1144 1665 ] [    0    0    0 ] [      0      0      0 ] [ 0 ],drive [ 90 ] [ 1 ] [ 1920 1155 1659 ] [   22   90   46 ] [   2628  12488  12790 ] [ 0 ],1.10,1.10,1.10,1.10,-52.65,7.04,0.00,0.50,0.50,0.50,0.50,-0.97,0.11,0.00,0.00,0.00,0.00,0.50,0.00,-0.00,0.00,0
1.1111,-46,7,149,0,DRIVE [ 91 ] [ 1 ] [ 1920 1134 1673 ] [    0    0    0 ] [      0      0      0 ] [ 0 ],drive [ 91 ] [ 1 ] [ 1920 1144 1665 ] [   22   90   46 ] [   2628  12488  12790 ] [ 0 ],1.10,1.10,1.10,1.10,-51.12,7.77,0.00,0.50,0.50,0.50,0.50,-1.43,0.17,0.00,0.00,0.00,0.00,0.50,0.00,-0.00,0.00,0
1.12368,-45,8,147,0,DRIVE [ 92 ] [ 1 ] [ 1920 1125 1682 ] [    0    0    0 ] [      0      0      0 ] [ 0 ],drive [ 91 ] [ 1 ] [ 1920 1134 1673 ] [   22   90   46 ] [   2628  12488  12790 ] [ 0 ],1.10,1.10,1.10,1.10,-49.55,8.64,0.00,0.50,0.50,0.50,0.50,-1.87,0.24,0.00,0.00,0.00,0.00,0.50,0.00,-0.00,0.00,0
1.13476,-43,9,144,0,DRIVE [ 92 ] [ 1 ] [ 1920 1116 1693 ] [    0    0    0 ] [      0      0      0 ] [ 0 ],drive [ 92 ] [ 1 ] [ 1920 1125 1682 ] [   22   90   46 ] [   2632  12853  12774 ] [ 0 ],1.10,1.10,1.10,1.10,-47.80,9.48,0.00,0.50,0.50,0.50,0.50,-2.30,0.32,0.00,0.00,0.00,0.00,0.50,0.00,-0.00,0.00,0
1.14639,-42,9,141,0,DRIVE [ 93 ] [ 1 ] [ 1920 1105 1703 ] [    0    0    0 ] [      0      0      0 ] [ 0 ],drive [ 92 ] [ 1 ] [ 1920 1116 1693 ] [   22   93   46 ] [   2632  12853  12774 ] [ 0 ],1.10,1.10,1.10,1.10,-46.40,10.32,0.00,0.50,0.50,0.50,0.50,-2.72,0.41,0.00,0.00,0.00,0.00,0.50,0.00,-0.00,0.00,0
1.15781,-41,10,139,0,DRIVE [ 93 ] [ 1 ] [ 1920 1090 1711 ] [    0    0    0 ] [      0      0      0 ] [ 0 ],drive [ 93 ] [ 1 ] [ 1920 1105 1703 ] [   22   93   46 ] [   2632  12853  12774 ] [ 0 ],1.10,1.10,1.10,1.10,-45.23,11.13,0.00,0.50,0.50,0.50,0.50,-3.14,0.51,0.00,0.00,0.00,0.00,0.50,0.00,-0.00,0.00,0
1.16968,-40,11,136,0,DRIVE [ 94 ] [ 1 ] [ 1920 1072 1717 ] [    0    0    0 ] [      0      0      0 ] [ 0 ],drive [ 93 ] [ 1 ] [ 1920 1090 1711 ] [   22   93   46 ] [   2632  12853  12774 ] [ 0 ],1.10,1.10,1.10,1.10,-44.29,11.78,0.00,0.50,0.50,0.50,0.50,-3.54,0.61,0.00,0.00,0.00,0.00,0.50,0.00,-0.00,0.00,0
1.18072,-40,11,134,0,DRIVE [ 94 ] [ 1 ] [ 1920 1056 1719 ] [    0    0    0 ] [      0      0      0 ] [ 0 ],drive [ 94 ] [ 1 ] [ 1920 1072 1717 ] [   22   93   46 ] [   2674  12989  12670 ] [ 0 ],1.10,1.10,1.10,1.10,-43.78,12.11,0.00,0.50,0.50,0.50,0.50,-3.95,0.71,0.00,0.00,0.00,0.00,0.50,0.00,-0.00,0.00,0
1.19245,-39,11,132,0,DRIVE [ 95 ] [ 1 ] [ 1920 1043 1717 ] [    0    0    0 ] [      0      0      0 ] [ 0 ],drive [ 94 ] [ 1 ] [ 1920 1056 1719 ] [   28   98   26 ] [   2674  12989  12670 ] [ 0 ],1.10,1.10,1.10,1.10,-43.36,12.07,0.00,0.50,0.50,0.50,0.50,-4.35,0.81,0.00,0.00,0.00,0.00,0.50,0.00,-0.00,0.00,0
1.20363,-39,11,130,0,DRIVE [ 95 ] [ 1 ] [ 1920 1035 1712 ] [    0    0    0 ] [      0      0      0 ] [ 0 ],drive [ 95 ] [ 1 ] [ 1920 1043 1717 ] [   28   98   26 ] [   2674  12989  12670 ] [ 0 ],1.10,1.10,1.10,1.10,-42.90,11.63,0.00,0.50,0.50,0.50,0.50,-4.75,0.90,0.00,0.00,0.00,0.00,0.50,0.00,-0.00,0.00,0
1.21506,-39,10,128,0,DRIVE [ 96 ] [ 1 ] [ 1920 1033 1702 ] [    0    0    0 ] [      0      0      0 ] [ 0 ],drive [ 95 ] [ 1 ] [ 1920 1035 1712 ] [   28   98   26 ] [   2674  12989  12670 ] [ 0 ],1.10,1.10,1.10,1.10,-42.62,10.72,0.00,0.50,0.50,0.50,0.50,-5.14,0.98,0.00,0.00,0.00,0.00,0.50,0.00,-0.00,0.00,0
1.22606,-39,8,126,0,DRIVE [ 96 ] [ 1 ] [ 1920 1037 1685 ] [    0    0    0 ] [      0      0      0 ] [ 0 ],drive [ 96 ] [ 1 ] [ 1920 1033 1702 ] [   28   98   26 ] [   2941  13431  12401 ] [ 0 ],1.10,1.10,1.10,1.10,-42.56,9.27,0.00,0.50,0.50,0.50,0.50,-5.54,1.04,0.00,0.00,0.00,0.00,0.50,0.00,-0.00,0.00,0
1.23748,-39,7,125,0,DRIVE [ 97 ] [ 1 ] [ 1920 1045 1663 ] [    0    0    0 ] [      0      0      0 ] [ 0 ],drive [ 96 ] [ 1 ] [ 1920 1037 1685 ] [   28   98   26 ] [   2941  13431  12401 ] [ 0 ],1.10,1.10,1.10,1.10,-42.50,7.39,0.00,0.50,0.50,0.50,0.50,-5.93,1.08,0.00,0.00,0.00,0.00,0.50,0.00,-0.00,0.00,0
1.24888,-39,5,123,0,DRIVE [ 97 ] [ 1 ] [ 1920 1055 1638 ] [    0    0    0 ] [      0      0      0 ] [ 0 ],drive [ 97 ] [ 1 ] [ 1920 1045 1663 ] [   21   92   22 ] [   2941  13431  12401 ] [ 0 ],1.10,1.10,1.10,1.10,-42.57,5.32,0.00,0.50,0.50,0.50,0.50,-6.33,1.10,0.00,0.00,0.00,0.00,0.50,0.00,-0.00,0.00,0
1.26042,-39,3,122,0,DRIVE [ 98 ] [ 1 ] [ 1920 1064 1613 ] [    0    0    0 ] [      0      0      0 ] [ 0 ],drive [ 97 ] [ 1 ] [ 1920 1055 1638 ] [   21   92   22 ] [   2941  13431  12401 ] [ 0 ],1.10,1.10,1.10,1.10,-42.57,3.29,0.00,0.50,0.50,0.50,0.50,-6.73,1.11,0.00,0.00,0.00,0.00,0.50,0.00,-0.00,0.00,0
1.27123,-39,1,120,0,DRIVE [ 98 ] [ 1 ] [ 1920 1071 1589 ] [    0    0    0 ] [      0      0      0 ] [ 0 ],drive [ 98 ] [ 1 ] [ 1920 1064 1613 ] [   21   92   22 ] [   2941  13431  12401 ] [ 0 ],1.10,1.10,1.10,1.10,-42.49,1.44,0.00,0.50,0.50,0.50,0.50,-7.12,1.10,0.00,0.00,0.00,0.00,0.50,0.00,-0.00,0.00,0
1.28264,-38,0,119,0,DRIVE [ 99 ] [ 1 ] [ 1920 1079 1565 ] [    0    0    0 ] [      0      0      0 ] [ 0 ],drive [ 98 ] [ 1 ] [ 1920 1071 1589 ] [   21   92   22 ] [   3017  13801  12336 ] [ 0 ],1.10,1.10,1.10,1.10,-42.35,-0.39,0.00,0.50,0.50,0.50,0.50,-7.51,1.08,0.00,0.00,0.00,0.00,0.50,0.00,0.00,0.00,0
1.2933,-38,-2,117,0,DRIVE [ 99 ] [ 1 ] [ 1920 1085 1542 ] [    0    0    0 ] [      0      0      0 ] [ 0 ],drive [ 99 ] [ 1 ] [ 1920 1079 1565 ] [    6   79   48 ] [   3017  13801  12336 ] [ 0 ],1.10,1.10,1.10,1.10,-42.16,-2.14,0.00,0.50,0.50,0.50,0.50,-7.90,1.04,0.00,0.00,0.00,0.00,0.50,0.00,0.00,0.00,0
1.30472,-38,-3,115,0,DRIVE [ 00 ] [ 1 ] [ 1920 1088 1519 ] [    0    0    0 ] [      0      0      0 ] [ 0 ],drive [ 99 ] [ 1 ] [ 1920 1085 1542 ] [    6   79   48 ] [   3017  13801  12336 ] [ 0 ],1.10,1.10,1.10,1.10,-41.79,-3.64,0.00,0.50,0.50,0.50,0.50,-8.28,0.99,0.00,0.00,0.00,0.00,0.50,0.00,0.00,0.00,0
1.31597,-38,-5,113,0,DRIVE [ 00 ] [ 1 ] [ 1920 1089 1496 ] [    0    0    0 ] [      0      0      0 ] [ 0 ],drive [ 00 ] [ 1 ] [ 1920 1088 1519 ] [    6   79   48 ] [   3017  13801  12336 ] [ 0 ],1.10,1.10,1.10,1.10,-41.49,-5.07,0.00,0.50,0.50,0.50,0.50,-8.67,0.93,0.00,0.00,0.00,0.00,0.50,0.00,0.00,0.00,0
1.32729,-38,-6,111,0,DRIVE [ 01 ] [ 1 ] [ 1920 1086 1472 ] [    0    0    0 ] [      0      0      0 ] [ 0 ],drive [ 00 ] [ 1 ] [ 1920 1089 1496 ] [    6   79   48 ] [   3054  13842  12341 ] [ 0 ],1.10,1.10,1.10,1.10,-41.36,-6.37,0.00,0.50,0.50,0.50,0.50,-9.05,0.86,0.00,0.00,0.00,0.00,0.50,0.00,0.00,0.00,0
1.33814,-38,-7,109,0,DRIVE [ 01 ] [ 1 ] [ 1920 1079 1447 ] [    0    0    0 ] [      0      0      0 ] [ 0 ],drive [ 01 ] [ 1 ] [ 1920 1086 1472 ] [   15   77   55 ] [   3054  13842  12341 ] [ 0 ],1.10,1.10,1.10,1.10,-41.27,-7.56,0.00,0.50,0.50,0.50,0.50,-9.43,0.79,0.00,0.00,0.00,0.00,0.50,0.00,0.00,0.00,0
1.34945,-38,-8,107,0,DRIVE [ 02 ] [ 1 ] [ 1920 1068 1420 ] [    0    0    0 ] [      0      0      0 ] [ 0 ],drive [ 01 ] [ 1 ] [ 1920 1079 1447 ] [   15   77   55 ] [   3054  13842  12341 ] [ 0 ],1.10,1.10,1.10,1.10,-41.37,-8.76,0.00,0.50,0.50,0.50,0.50,-9.81,0.70,0.00,0.00,0.00,0.00,0.50,0.00,0.00,0.00,0
1.36147,-38,-9,105,0,DRIVE [ 02 ] [ 1 ] [ 1920 1055 1392 ] [    0    0    0 ] [      0      0      0 ] [ 0 ],drive [ 02 ] [ 1 ] [ 1920 1068 1420 ] [   15   77   55 ] [   3054  13842  12341 ] [ 0 ],1.10,1.10,1.10,1.10,-41.68,-9.95,0.00,0.50,0.50,0.50,0.50,-10.20,0.60,0.00,0.00,0.00,0.00,0.50,0.00,0.00,0.00,0
1.37208,-38,-10,103,0,DRIVE [ 03 ] [ 1 ] [ 1920 1042 1362 ] [    0    0    0 ] [      0      0      0 ] [ 0 ],drive [ 02 ] [ 1 ] [ 1920 1055 1392 ] [   15   77   55 ] [   3054  13842  12341 ] [ 0 ],1.10,1.10,1.10,1.10,-41.85,-11.11,0.00,0.50,0.50,0.50,0.50,-10.59,0.49,0.00,0.00,0.00,0.00,0.50,0.00,0.00,0.00,0
1.38319,-38,-11,101,0,DRIVE [ 03 ] [ 1 ] [ 1920 1028 1332 ] [    0    0    0 ] [      0      0      0 ] [ 0 ],drive [ 03 ] [ 1 ] [ 1920 1042 1362 ] [   15   77   55 ] [   3275  13984  12347 ] [ 0 ],1.10,1.10,1.10,1.10,-42.10,-12.28,0.00,0.50,0.50,0.50,0.50,-10.98,0.37,0.00,0.00,0.00,0.00,0.50,0.00,0.00,0.00,0
1.39403,-38,-12,99,0,DRIVE [ 04 ] [ 1 ] [ 1920 1025 1302 ] [    0    0    0 ] [      0      0      0 ] [ 0 ],drive [ 03 ] [ 1 ] [ 1920 1028 1332 ] [   18   82   61 ] [   3275  13984  12347 ] [ 0 ],1.10,1.10,1.10,1.10,-42.16,-13.47,0.00,0.50,0.50,0.50,0.50,-11.36,0.24,0.00,0.00,0.00,0.00,0.50,0.00,0.00,0.00,0
1.40429,-38,-13,97,0,DRIVE [ 04 ] [ 1 ] [ 1920 1025 1270 ] [    0    0    0 ] [      0      0      0 ] [ 0 ],drive [ 04 ] [ 1 ] [ 1920 1025 1302 ] [   18   82   61 ] [   3275  13984  12347 ] [ 0 ],1.10,1.10,1.10,1.10,-41.77,-14.71,0.00,0.50,0.50,0.50,0.50,-11.74,0.10,0.00,0.00,0.00,0.00,0.50,0.00,0.00,0.00,0
1.41519,-38,-15,95,0,DRIVE [ 05 ] [ 1 ] [ 1920 1025 1239 ] [    0    0    0 ] [      0      0      0 ] [ 0 ],drive [ 04 ] [ 1 ] [ 1920 1025 1270 ] [   18   82   61 ] [   3275  13984  12347 ] [ 0 ],1.10,1.10,1.10,1.10,-41.34,-16.17,0.00,0.50,0.50,0.50,0.50,-12.12,-0.05,0.00,0.00,0.00,0.00,0.50,0.00,0.00,0.00,0
1.42538,-37,-16,93,0,DRIVE [ 05 ] [ 1 ] [ 1920 1025 1207 ] [    0    0    0 ] [      0      0      0 ] [ 0 ],drive [ 05 ] [ 1 ] [ 1920 1025 1239 ] [   18   82   61 ] [   3329  14460  12364 ] [ 0 ],1.10,1.10,1.10,1.10,-40.49,-17.63,0.00,0.50,0.50,0.50,0.50,-12.48,-0.22,0.00,0.00,0.00,0.00,0.50,0.00,0.00,0.00,0
1.43625,-36,-17,92,0,DRIVE [ 06 ] [ 1 ] [ 1920 1036 1175 ] [    0    0    0 ] [      0      0      0 ] [ 0 ],drive [ 05 ] [ 1 ] [ 1920 1025 1207 ] [   18   82   61 ] [   3329  14460  12364 ] [ 0 ],1.10,1.10,1.10,1.10,-39.44,-19.11,0.00,0.50,0.50,0.50,0.50,-12.84,-0.40,0.00,0.00,0.00,0.00,0.50,0.00,0.00,0.00,0
1.44704,-35,-19,90,0,DRIVE [ 06 ] [ 1 ] [ 1920 1049 1142 ] [    0    0    0 ] [      0      0      0 ] [ 0 ],drive [ 06 ] [ 1 ] [ 1920 1036 1175 ] [    9   95   62 ] [   3329  14460  12364 ] [ 0 ],1.10,1.10,1.10,1.10,-38.19,-20.52,0.00,0.50,0.50,0.50,0.50,-13.18,-0.60,0.00,0.00,0.00,0.00,0.50,0.00,0.00,0.00,0
1.4578,-34,-20,88,0,DRIVE [ 07 ] [ 1 ] [ 1920 1061 1106 ] [    0    0    0 ] [      0      0      0 ] [ 0 ],drive [ 06 ] [ 1 ] [ 1920 1049 1142 ] [    9   95   62 ] [   3329  14460  12364 ] [ 0 ],1.10,1.10,1.10,1.10,-37.01,-21.98,0.00,0.50,0.50,0.50,0.50,-13.50,-0.80,0.00,0.00,0.00,0.00,0.50,0.00,0.00,0.00,0
1.46796,-33,-21,86,0,DRIVE [ 07 ] [ 1 ] [ 1920 1072 1066 ] [    0    0    0 ] [      0      0      0 ] [ 0 ],drive [ 07 ] [ 1 ] [ 1920 1061 1106 ] [    9   95   62 ] [   3329  14460  12364 ] [ 0 ],1.10,1.10,1.10,1.10,-35.88,-23.49,0.00,0.50,0.50,0.50,0.50,-13.83,-1.02,0.00,0.00,0.00,0.00,0.50,0.00,0.00,0.00,0
1.47877,-32,-23,84,0,DRIVE [ 08 ] [ 1 ] [ 1920 1079 1023 ] [    0    0    0 ] [      0      0      0 ] [ 0 ],drive [ 07 ] [ 1 ] [ 1920 1072 1066 ] [    9   95   62 ] [   3453  14607  12455 ] [ 0 ],1.10,1.10,1.10,1.10,-34.89,-24.92,0.00,0.50,0.50,0.50,0.50,-14.14,-1.26,0.00,0.00,0.00,0.00,0.50,0.00,0.00,0.00,0
1.48886,-31,-24,82,0,DRIVE [ 08 ] [ 1 ] [ 1920 1082 0979 ] [    0    0    0 ] [      0      0      0 ] [ 0 ],drive [ 08 ] [ 1 ] [ 1920 1079 1023 ] [    2   81   93 ] [   3453  14607  12455 ] [ 0 ],1.10,1.10,1.10,1.10,-34.11,-26.24,0.00,0.50,0.50,0.50,0.50,-14.45,-1.50,0.00,0.00,0.00,0.00,0.50,0.00,0.00,0.00,0
1.49967,-30,-25,80,0,DRIVE [ 09 ] [ 1 ] [ 1920 1083 0937 ] [    0    0    0 ] [      0      0      0 ] [ 0 ],drive [ 08 ] [ 1 ] [ 1920 1082 0979 ] [    2   81   93 ] [   3453  14607  12455 ] [ 0 ],1.10,1.10,1.10,1.10,-33.39,-27.40,0.00,0.50,0.50,0.50,0.50,-14.75,-1.75,0.00,0.00,0.00,0.00,0.50,0.00,0.00,0.00,0
1.51025,-30,-26,78,0,DRIVE [ 09 ] [ 1 ] [ 1920 1077 0896 ] [    0    0    0 ] [      0      0      0 ] [ 0 ],drive [ 09 ] [ 1 ] [ 1920 1083 0937 ] [    2   81   93 ] [   3453  14607  12455 ] [ 0 ],1.10,1.10,1.10,1.10,-32.72,-28.19,0.00,0.50,0.50,0.50,0.50,-15.05,-2.01,0.00,0.00,0.00,0.00,0.50,0.00,0.00,0.00,0
1.52038,-29,-26,76,0,DRIVE [ 10 ] [ 1 ] [ 1920 1068 0859 ] [    0    0    0 ] [      0      0      0 ] [ 0 ],drive [ 09 ] [ 1 ] [ 1920 1077 0896 ] [    2   81   93 ] [   3453  14607  12455 ] [ 0 ],1.10,1.10,1.10,1.10,-32.21,-28.75,0.00,0.50,0.50,0.50,0.50,-15.34,-2.26,0.00,0.00,0.00,0.00,0.50,0.00,0.00,0.00,0
1.53097,-29,-27,74,0,DRIVE [ 10 ] [ 1 ] [ 1920 1058 0841 ] [    0    0    0 ] [      0      0      0 ] [ 0 ],drive [ 10 ] [ 1 ] [ 1920 1068 0859 ] [    2   81   93 ] [   3609  14654  12746 ] [ 0 ],1.10,1.10,1.10,1.10,-31.66,-29.18,0.00,0.50,0.50,0.50,0.50,-15.63,-2.52,0.00,0.00,0.00,0.00,0.50,0.00,0.00,0.00,0
1.54134,-28,-27,71,0,DRIVE [ 11 ] [ 1 ] [ 1920 1046 0841 ] [    0    0    0 ] [      0      0      0 ] [ 0 ],drive [ 10 ] [ 1 ] [ 1920 1058 0841 ] [   27   95  117 ] [   3609  14654  12746 ] [ 0 ],1.10,1.10,1.10,1.10,-31.17,-29.47,0.00,0.50,0.50,0.50,0.50,-15.91,-2.79,0.00,0.00,0.00,0.00,0.50,0.00,0.00,0.00,0
1.5513,-28,-27,69,0,DRIVE [ 11 ] [ 1 ] [ 1920 1037 0841 ] [    0    0    0 ] [      0      0      0 ] [ 0 ],drive [ 11 ] [ 1 ] [ 1920 1046 0841 ] [   27   95  117 ] [   3609  14654  12746 ] [ 0 ],1.10,1.10,1.10,1.10,-30.58,-29.63,0.00,0.50,0.50,0.50,0.50,-16.19,-3.05,0.00,0.00,0.00,0.00,0.50,0.00,0.00,0.00,0
1.56183,-27,-27,67,0,DRIVE [ 12 ] [ 1 ] [ 1920 1031 0841 ] [    0    0    0 ] [      0      0      0 ] [ 0 ],drive [ 11 ] [ 1 ] [ 1920 1037 0841 ] [   27   95  117 ] [   3609  14654  12746 ] [ 0 ],1.10,1.10,1.10,1.10,-29.79,-29.56,0.00,0.50,0.50,0.50,0.50,-16.46,-3.31,0.00,0.00,0.00,0.00,0.50,0.00,0.00,0.00,0
1.57172,-26,-27,65,0,DRIVE [ 12 ] [ 1 ] [ 1920 1039 0841 ] [    0    0    0 ] [      0      0      0 ] [ 0 ],drive [ 12 ] [ 1 ] [ 1920 1031 0841 ] [   27   95  117 ] [   3673  14994  13136 ] [ 0 ],1.10,1.10,1.10,1.10,-28.83,-29.39,0.00,0.50,0.50,0.50,0.50,-16.72,-3.57,0.00,0.00,0.00,0.00,0.50,0.00,0.00,0.00,0
1.58226,-25,-26,63,0,DRIVE [ 13 ] [ 1 ] [ 1920 1046 0841 ] [    0    0    0 ] [      0      0      0 ] [ 0 ],drive [ 12 ] [ 1 ] [ 1920 1039 0841 ] [   27   95  117 ] [   3673  14994  13136 ] [ 0 ],1.10,1.10,1.10,1.10,-27.76,-29.06,0.00,0.50,0.50,0.50,0.50,-16.96,-3.82,0.00,0.00,0.00,0.00,0.50,0.00,0.00,0.00,0
1.59246,-25,-26,63,0,DRIVE [ 13 ] [ 1 ] [ 1920 1085 0841 ] [    0    0    0 ] [      0      0      0 ] [ 0 ],drive [ 13 ] [ 1 ] [ 1920 1046 0841 ] [   26   88  109 ] [   3673  14994  13136 ] [ 0 ],1.10,1.10,1.10,1.10,-24.98,-26.15,0.00,0.50,0.50,0.50,0.50,-15.27,-3.44,0.00,0.00,0.00,0.00,0.50,0.00,0.00,0.00,0
1.60241,-25,-26,63,0,DRIVE [ 14 ] [ 1 ] [ 1920 1148 0853 ] [    0    0    0 ] [      0      0      0 ] [ 0 ],drive [ 13 ] [ 1 ] [ 1920 1085 0841 ] [   26   88  109 ] [   3673  14994  13136 ] [ 0 ],1.10,1.10,1.10,1.10,-22.49,-23.53,0.00,0.50,0.50,0.50,0.50,-13.74,-3.09,0.00,0.00,0.00,0.00,0.50,0.00,0.00,0.00,0
1.61268,-25,-26,63,0,DRIVE [ 14 ] [ 1 ] [ 1920 1210 0935 ] [    0    0    0 ] [      0      0      0 ] [ 0 ],drive [ 14 ] [ 1 ] [ 1920 1148 0853 ] [   26   88  109 ] [   3673  14994  13136 ] [ 0 ],1.10,1.10,1.10,1.10,-20.24,-21.18,0.00,0.50,0.50,0.50,0.50,-12.37,-2.78,0.00,0.00,0.00,0.00,0.50,0.00,0.00,0.00,0
1.62249,-25,-26,63,0,DRIVE [ 15 ] [ 1 ] [ 1920 1269 1013 ] [    0    0    0 ] [      0      0      0 ] [ 0 ],drive [ 14 ] [ 1 ] [ 1920 1210 0935 ] [   26   88  109 ] [   3728  15137  13189 ] [ 0 ],1.10,1.10,1.10,1.10,-18.21,-19.06,0.00,0.50,0.50,0.50,0.50,-11.13,-2.51,0.00,0.00,0.00,0.00,0.50,0.00,0.00,0.00,0
1.63277,-25,-26,63,0,DRIVE [ 15 ] [ 1 ] [ 1920 1324 1087 ] [    0    0    0 ] [      0      0      0 ] [ 0 ],drive [ 15 ] [ 1 ] [ 1920 1269 1013 ] [   26   88  109 ] [   3728  15137  13189 ] [ 0 ],1.10,1.10,1.10,1.10,-16.39,-17.16,0.00,0.50,0.50,0.50,0.50,-10.02,-2.25,0.00,0.00,0.00,0.00,0.50,0.00,0.00,0.00,0
1.64284,-25,-26,63,0,DRIVE [ 16 ] [ 1 ] [ 1920 1377 1156 ] [    0    0    0 ] [      0      0      0 ] [ 0 ],drive [ 15 ] [ 1 ] [ 1920 1324 1087 ] [    8   74   99 ] [   3728  15137  13189 ] [ 0 ],1.10,1.10,1.10,1.10,-14.75,-15.44,0.00,0.50,0.50,0.50,0.50,-9.02,-2.03,0.00,0.00,0.00,0.00,0.50,0.00,0.00,0.00,0
1.65345,-25,-26,63,0,DRIVE [ 16 ] [ 1 ] [ 1920 1426 1222 ] [    0    0    0 ] [      0      0      0 ] [ 0 ],drive [ 16 ] [ 1 ] [ 1920 1377 1156 ] [    8   74   99 ] [   3728  15137  13189 ] [ 0 ],1.10,1.10,1.10,1.10,-13.28,-13.90,0.00,0.50,0.50,0.50,0.50,-8.11,-1.83,0.00,0.00,0.00,0.00,0.50,0.00,0.00,0.00,0
1.66563,-25,-26,63,0,DRIVE [ 17 ] [ 1 ] [ 1920 1472 1282 ] [    0    0    0 ] [      0      0      0 ] [ 0 ],drive [ 16 ] [ 1 ] [ 1920 1426 1222 ] [    8   74   99 ] [   3728  15137  13189 ] [ 0 ],1.10,1.10,1.10,1.10,-11.95,-12.51,0.00,0.50,0.50,0.50,0.50,-7.30,-1.64,0.00,0.00,0.00,0.00,0.50,0.00,0.00,0.00,0
1.67522,-25,-26,63,0,DRIVE [ 17 ] [ 1 ] [ 1920 1514 1338 ] [    0    0    0 ] [      0      0      0 ] [ 0 ],drive [ 17 ] [ 1 ] [ 1920 1472 1282 ] [    8   74   99 ] [   3922  15089  13184 ] [ 0 ],1.10,1.10,1.10,1.10,-10.75,-11.26,0.00,0.50,0.50,0.50,0.50,-6.57,-1.48,0.00,0.00,0.00,0.00,0.50,0.00,0.00,0.00,0
1.68532,-25,-26,63,0,DRIVE [ 18 ] [ 1 ] [ 1920 1552 1389 ] [    0    0    0 ] [      0      0      0 ] [ 0 ],drive [ 17 ] [ 1 ] [ 1920 1514 1338 ] [    8   74   99 ] [   3922  15089  13184 ] [ 0 ],1.10,1.10,1.10,1.10,-9.68,-10.13,0.00,0.50,0.50,0.50,0.50,-5.92,-1.33,0.00,0.00,0.00,0.00,0.50,0.00,0.00,0.00,0
1.69756,-25,-26,63,0,DRIVE [ 18 ] [ 1 ] [ 1920 1588 1436 ] [    0    0    0 ] [      0      0      0 ] [ 0 ],drive [ 18 ] [ 1 ] [ 1920 1552 1389 ] [    0   51   61 ] [   3922  15089  13184 ] [ 0 ],1.10,1.10,1.10,1.10,-8.71,-9.12,0.00,0.50,0.50,0.50,0.50,-5.32,-1.20,0.00,0.00,0.00,0.00,0.50,0.00,0.00,0.00,0
1.70957,-25,-26,63,0,DRIVE [ 19 ] [ 1 ] [ 1920 1620 1479 ] [    0    0    0 ] [      0      0      0 ] [ 0 ],drive [ 18 ] [ 1 ] [ 1920 1588 1436 ] [    0   51   61 ] [   3922  15089  13184 ] [ 0 ],1.10,1.10,1.10,1.10,-7.84,-8.21,0.00,0.50,0.50,0.50,0.50,-4.79,-1.08,0.00,0.00,0.00,0.00,0.50,0.00,0.00,0.00,0
1.72117,-25,-26,63,0,DRIVE [ 19 ] [ 1 ] [ 1920 1650 1519 ] [    0    0    0 ] [      0      0      0 ] [ 0 ],drive [ 19 ] [ 1 ] [ 1920 1620 1479 ] [    0   51   61 ] [   3922  15089  13184 ] [ 0 ],1.10,1.10,1.10,1.10,-7.06,-7.39,0.00,0.50,0.50,0.50,0.50,-4.31,-0.97,0.00,0.00,0.00,0.00,0.50,0.00,0.00,0.00,0
1.73096,-25,-26,63,1,DRIVE [ 20 ] [ 1 ] [ 1920 1677 1554 ] [    0    0    0 ] [      0      0      0 ] [ 0 ],drive [ 19 ] [ 1 ] [ 1920 1650 1519 ] [    0   51   61 ] [   4019  14944  13152 ] [ 0 ],1.10,1.10,1.10,1.10,-6.35,-6.65,0.00,0.50,0.50,0.50,0.50,-3.88,-0.87,0.00,0.00,0.00,0.00,0.50,0.00,0.00,0.00,0
