timestamp,Xmm,Ymm,Zmm,TouchDetected,OutgoingPacket,IncomingPacket,GainPropAb, GainPropAd, GainPropFl, GainPropEx,PropA, PropB, PropC,GainIntegAb, GainIntegAd, GainIntegFl, GainIntegEx,IntegA, IntegB, IntegC,GainDerivAb, GainDerivAd, GainDerivFl, GainDerivEx,DerivA, DerivB, DerivC,Heading5
2.76556,-11,10,557,1,DRIVE [ 55 ] [ 1 ] [ 1774 1602 1925 ] [    0    0    0 ] [      0      0      0 ] [ 0 ],drive [ 55 ] [ 1 ] [ 1757 1567 1925 ] [   22   52   17 ] [  10546  16334  15938 ] [ 0 ],0.80,0.80,0.80,0.80,-2.14,5.93,0.00,0.00,0.00,0.00,0.00,-0.00,0.00,0.00,0.00,0.00,0.00,0.00,0.00,-0.00,0.00,0
0.00136783,-11,10,557,0,DRIVE [ 07 ] [ 1 ] [ 1922 1926 1926 ] [    0    0    0 ] [      0      0      0 ] [ 0 ],drive [ 07 ] [ 1 ] [ 1922 1865 1925 ] [   22   23   10 ] [   8585  14861  17501 ] [ 1 ],0.80,0.80,0.80,0.80,-8.20,7.28,0.00,0.00,0.00,0.00,0.00,-0.00,0.00,0.00,0.00,0.00,0.00,0.00,0.00,0.00,0.00,0
0.0167143,9,19,549,0,DRIVE [ 08 ] [ 1 ] [ 1925 1925 1926 ] [    0    0    0 ] [      0      0      0 ] [ 0 ],drive [ 07 ] [ 1 ] [ 1922 1926 1926 ] [   10    9    9 ] [   8585  14861  17501 ] [ 0 ],0.80,0.80,0.80,0.80,6.96,15.37,0.00,0.00,0.00,0.00,0.00,0.00,0.00,0.00,0.00,0.00,0.00,0.00,0.00,0.00,0.00,0
0.0307518,16,24,564,0,DRIVE [ 08 ] [ 1 ] [ 1923 1925 1926 ] [    0    0    0 ] [      0      0      0 ] [ 0 ],drive [ 08 ] [ 1 ] [ 1925 1925 1926 ] [   10    9    9 ] [   8585  14861  17501 ] [ 0 ],0.80,0.80,0.80,0.80,12.80,19.39,0.00,0.00,0.00,0.00,0.00,0.00,0.00,0.00,0.00,0.00,0.00,0.00,0.00,0.00,0.00,0
0.0451872,18,26,572,0,DRIVE [ 09 ] [ 1 ] [ 1921 1925 1926 ] [    0    0    0 ] [      0      0      0 ] [ 0 ],drive [ 08 ] [ 1 ] [ 1923 1925 1926 ] [   10    9    9 ] [   8375  14851  17635 ] [ 0 ],0.80,0.80,0.80,0.80,14.60,20.79,0.00,0.00,0.00,0.00,0.00,0.00,0.00,0.00,0.00,0.00,0.00,0.00,0.00,0.00,0.00,0
0.0600393,20,27,567,0,DRIVE [ 09 ] [ 1 ] [ 1919 1924 1926 ] [    0    0    0 ] [      0      0      0 ] [ 0 ],drive [ 09 ] [ 1 ] [ 1921 1925 1926 ] [   11    5   11 ] [   8375  14851  17635 ] [ 0 ],0.80,0.80,0.80,0.80,16.07,21.96,0.00,0.00,0.00,0.00,0.00,0.00,0.00,0.00,0.00,0.00,0.00,0.00,0.00,0.00,0.00,0
0.074427,23,29,564,0,DRIVE [ 10 ] [ 1 ] [ 1916 1924 1926 ] [    0    0    0 ] [      0      0      0 ] [ 0 ],drive [ 09 ] [ 1 ] [ 1919 1924 1926 ] [   11    5   11 ] [   8375  14851  17635 ] [ 0 ],0.80,0.80,0.80,0.80,18.43,23.48,0.00,0.00,0.00,0.00,0.00,0.00,0.00,0.00,0.00,0.00,0.00,0.00,0.00,0.00,0.00,0
0.0889001,26,31,564,0,DRIVE [ 10 ] [ 1 ] [ 1913 1924 1926 ] [    0    0    0 ] [      0      0      0 ] [ 0 ],drive [ 10 ] [ 1 ] [ 1916 1924 1926 ] [   11    5   11 ] [   8024  14853  17644 ] [ 0 ],0.80,0.80,0.80,0.80,21.02,24.89,0.00,0.00,0.00,0.00,0.00,0.00,0.00,0.00,0.00,0.00,0.00,0.00,0.00,0.00,0.00,0
0.103933,30,33,564,0,DRIVE [ 11 ] [ 1 ] [ 1909 1924 1926 ] [    0    0    0 ] [      0      0      0 ] [ 0 ],drive [ 10 ] [ 1 ] [ 1913 1924 1926 ] [    2    5   19 ] [   8024  14853  17644 ] [ 0 ],0.80,0.80,0.80,0.80,23.69,26.08,0.00,0.00,0.00,0.00,0.00,0.00,0.00,0.00,0.00,0.00,0.00,0.00,0.00,0.00,0.00,0
0.118179,33,34,564,0,DRIVE [ 11 ] [ 1 ] [ 1905 1923 1926 ] [    0    0    0 ] [      0      0      0 ] [ 0 ],drive [ 11 ] [ 1 ] [ 1909 1924 1926 ] [    2    5   19 ] [   8024  14853  17644 ] [ 0 ],0.80,0.80,0.80,0.80,26.71,27.12,0.00,0.00,0.00,0.00,0.00,0.00,0.00,0.00,0.00,0.00,0.00,0.00,0.00,0.00,0.00,0
0.131919,39,35,563,0,DRIVE [ 12 ] [ 1 ] [ 1899 1924 1926 ] [    0    0    0 ] [      0      0      0 ] [ 0 ],drive [ 11 ] [ 1 ] [ 1905 1923 1926 ] [    2    5   19 ] [   8024  14853  17644 ] [ 0 ],0.80,0.80,0.80,0.80,31.11,27.75,0.00,0.00,0.00,0.00,0.00,0.00,0.00,0.00,0.00,0.00,0.00,0.00,0.00,0.00,0.00,0
0.14579,45,35,567,0,DRIVE [ 12 ] [ 1 ] [ 1892 1925 1926 ] [    0    0    0 ] [      0      0      0 ] [ 0 ],drive [ 12 ] [ 1 ] [ 1899 1924 1926 ] [    2    5   19 ] [   7816  14854  17722 ] [ 0 ],0.80,0.80,0.80,0.80,35.88,28.29,0.00,0.00,0.00,0.00,0.00,0.00,0.00,0.00,0.00,0.00,0.00,0.00,0.00,0.00,0.00,0
0.1603,-141,64,545,0,DRIVE [ 13 ] [ 1 ] [ 1892 1829 1917 ] [    0    0    0 ] [      0      0      0 ] [ 0 ],drive [ 12 ] [ 1 ] [ 1892 1925 1926 ] [   22    6    0 ] [   7816  14854  17722 ] [ 0 ],0.80,0.80,0.80,0.80,-112.58,51.13,0.00,0.00,0.00,0.00,0.00,0.00,0.00,0.00,0.00,0.00,0.00,0.00,0.00,0.00,0.00,0
0.174663,-135,70,550,0,DRIVE [ 13 ] [ 1 ] [ 1892 1820 1919 ] [    0    0    0 ] [      0      0      0 ] [ 0 ],drive [ 13 ] [ 1 ] [ 1892 1829 1917 ] [   22    6    0 ] [   7816  14854  17722 ] [ 0 ],0.80,0.80,0.80,0.80,-107.75,55.94,0.00,0.00,0.00,0.00,0.00,0.00,0.00,0.00,0.00,0.00,0.00,0.00,0.00,0.00,0.00,0
0.193479,-134,73,560,0,DRIVE [ 14 ] [ 1 ] [ 1892 1812 1919 ] [    0    0    0 ] [      0      0      0 ] [ 0 ],drive [ 13 ] [ 1 ] [ 1892 1820 1919 ] [   22    6    0 ] [   7779  14857  17730 ] [ 0 ],0.80,0.80,0.80,0.80,-107.56,58.11,0.00,0.00,0.00,0.00,0.00,0.00,0.00,0.00,0.00,0.00,0.00,0.00,0.00,0.00,0.00,0
0.210749,-131,72,551,0,DRIVE [ 14 ] [ 1 ] [ 1892 1801 1919 ] [    0    0    0 ] [      0      0      0 ] [ 0 ],drive [ 14 ] [ 1 ] [ 1892 1812 1919 ] [   24   23   -1 ] [   7779  14857  17730 ] [ 0 ],0.80,0.80,0.80,0.80,-104.78,57.41,0.00,0.00,0.00,0.00,0.00,0.00,0.00,0.00,0.00,0.00,0.00,0.00,0.00,-0.00,0.00,0
0.224995,-129,72,551,0,DRIVE [ 15 ] [ 1 ] [ 1892 1791 1919 ] [    0    0    0 ] [      0      0      0 ] [ 0 ],drive [ 14 ] [ 1 ] [ 1892 1801 1919 ] [   24   23   -1 ] [   7779  14857  17730 ] [ 0 ],0.80,0.80,0.80,0.80,-103.33,57.82,0.00,0.00,0.00,0.00,0.00,0.00,0.00,0.00,0.00,0.00,0.00,0.00,0.00,-0.00,0.00,0
0.239624,-128,73,551,0,DRIVE [ 15 ] [ 1 ] [ 1892 1783 1919 ] [    0    0    0 ] [      0      0      0 ] [ 0 ],drive [ 15 ] [ 1 ] [ 1892 1791 1919 ] [   24   23   -1 ] [   7780  15175  17715 ] [ 0 ],0.80,0.80,0.80,0.80,-102.14,58.19,0.00,0.00,0.00,0.00,0.00,0.00,0.00,0.00,0.00,0.00,0.00,0.00,0.00,-0.00,0.00,0
0.253245,-126,73,549,0,DRIVE [ 16 ] [ 1 ] [ 1892 1775 1919 ] [    0    0    0 ] [      0      0      0 ] [ 0 ],drive [ 15 ] [ 1 ] [ 1892 1783 1919 ] [   24   30   10 ] [   7780  15175  17715 ] [ 0 ],0.80,0.80,0.80,0.80,-100.73,58.25,0.00,0.00,0.00,0.00,0.00,0.00,0.00,0.00,0.00,0.00,0.00,0.00,0.00,-0.00,0.00,0
0.266972,-124,73,549,0,DRIVE [ 16 ] [ 1 ] [ 1892 1768 1920 ] [    0    0    0 ] [      0      0      0 ] [ 0 ],drive [ 16 ] [ 1 ] [ 1892 1775 1919 ] [   24   30   10 ] [   7780  15175  17715 ] [ 0 ],0.80,0.80,0.80,0.80,-99.21,58.52,0.00,0.00,0.00,0.00,0.00,0.00,0.00,0.00,0.00,0.00,0.00,0.00,0.00,-0.00,0.00,0
0.280904,-120,74,549,0,DRIVE [ 17 ] [ 1 ] [ 1892 1761 1921 ] [    0    0    0 ] [      0      0      0 ] [ 0 ],drive [ 16 ] [ 1 ] [ 1892 1768 1920 ] [   24   30   10 ] [   7780  15175  17715 ] [ 0 ],0.80,0.80,0.80,0.80,-95.96,59.51,0.00,0.00,0.00,0.00,0.00,0.00,0.00,0.00,0.00,0.00,0.00,0.00,0.00,-0.00,0.00,0
0.295064,-115,75,546,0,DRIVE [ 17 ] [ 1 ] [ 1892 1755 1923 ] [    0    0    0 ] [      0      0      0 ] [ 0 ],drive [ 17 ] [ 1 ] [ 1892 1761 1921 ] [   24   30   10 ] [   7780  15350  17676 ] [ 0 ],0.80,0.80,0.80,0.80,-92.13,60.27,0.00,0.00,0.00,0.00,0.00,0.00,0.00,0.00,0.00,0.00,0.00,0.00,0.00,-0.00,0.00,0
0.309573,-110,76,543,0,DRIVE [ 18 ] [ 1 ] [ 1892 1748 1925 ] [    0    0    0 ] [      0      0      0 ] [ 0 ],drive [ 17 ] [ 1 ] [ 1892 1755 1923 ] [   25   19   17 ] [   7780  15350  17676 ] [ 0 ],0.80,0.80,0.80,0.80,-87.89,61.04,0.00,0.00,0.00,0.00,0.00,0.00,0.00,0.00,0.00,0.00,0.00,0.00,0.00,-0.00,0.00,0
0.324002,-105,77,540,0,DRIVE [ 18 ] [ 1 ] [ 1924 1745 1925 ] [    0    0    0 ] [      0      0      0 ] [ 0 ],drive [ 18 ] [ 1 ] [ 1892 1748 1925 ] [   25   19   17 ] [   7780  15350  17676 ] [ 0 ],0.80,0.80,0.80,0.80,-84.12,61.67,0.00,0.00,0.00,0.00,0.00,0.00,0.00,0.00,0.00,0.00,0.00,0.00,0.00,-0.00,0.00,0
0.338538,-102,78,540,0,DRIVE [ 19 ] [ 1 ] [ 1921 1743 1925 ] [    0    0    0 ] [      0      0      0 ] [ 0 ],drive [ 18 ] [ 1 ] [ 1924 1745 1925 ] [   25   19   17 ] [   7780  15348  17675 ] [ 0 ],0.80,0.80,0.80,0.80,-81.23,62.52,0.00,0.00,0.00,0.00,0.00,0.00,0.00,0.00,0.00,0.00,0.00,0.00,0.00,-0.00,0.00,0
0.352761,-98,79,538,0,DRIVE [ 19 ] [ 1 ] [ 1919 1740 1925 ] [    0    0    0 ] [      0      0      0 ] [ 0 ],drive [ 19 ] [ 1 ] [ 1921 1743 1925 ] [   22   19   16 ] [   7780  15348  17675 ] [ 0 ],0.80,0.80,0.80,0.80,-78.29,63.11,0.00,0.00,0.00,0.00,0.00,0.00,0.00,0.00,0.00,0.00,0.00,0.00,0.00,-0.00,0.00,0
0.367444,-93,79,533,0,DRIVE [ 20 ] [ 1 ] [ 1916 1739 1925 ] [    0    0    0 ] [      0      0      0 ] [ 0 ],drive [ 19 ] [ 1 ] [ 1919 1740 1925 ] [   22   19   16 ] [   7780  15348  17675 ] [ 0 ],0.80,0.80,0.80,0.80,-74.32,63.26,0.00,0.00,0.00,0.00,0.00,0.00,0.00,0.00,0.00,0.00,0.00,0.00,0.00,-0.00,0.00,0
0.381489,-88,79,530,0,DRIVE [ 20 ] [ 1 ] [ 1913 1738 1925 ] [    0    0    0 ] [      0      0      0 ] [ 0 ],drive [ 20 ] [ 1 ] [ 1916 1739 1925 ] [   22   19   16 ] [   7780  15348  17675 ] [ 0 ],0.80,0.80,0.80,0.80,-70.77,63.56,0.00,0.00,0.00,0.00,0.00,0.00,0.00,0.00,0.00,0.00,0.00,0.00,0.00,-0.00,0.00,0
0.395591,-84,80,529,0,DRIVE [ 21 ] [ 1 ] [ 1910 1738 1925 ] [    0    0    0 ] [      0      0      0 ] [ 0 ],drive [ 20 ] [ 1 ] [ 1913 1738 1925 ] [   22   19   16 ] [   7754  15349  17656 ] [ 0 ],0.80,0.80,0.80,0.80,-67.42,64.07,0.00,0.00,0.00,0.00,0.00,0.00,0.00,0.00,0.00,0.00,0.00,0.00,0.00,-0.00,0.00,0
0.410426,-79,81,527,0,DRIVE [ 21 ] [ 1 ] [ 1906 1741 1925 ] [    0    0    0 ] [      0      0      0 ] [ 0 ],drive [ 21 ] [ 1 ] [ 1910 1738 1925 ] [   26   22   18 ] [   7754  15349  17656 ] [ 0 ],0.80,0.80,0.80,0.80,-62.96,64.50,0.00,0.00,0.00,0.00,0.00,0.00,0.00,0.00,0.00,0.00,0.00,0.00,0.00,-0.00,0.00,0
0.424554,-73,81,524,0,DRIVE [ 22 ] [ 1 ] [ 1902 1743 1925 ] [    0    0    0 ] [      0      0      0 ] [ 0 ],drive [ 21 ] [ 1 ] [ 1906 1741 1925 ] [   26   22   18 ] [   7754  15349  17656 ] [ 0 ],0.80,0.80,0.80,0.80,-58.72,64.88,0.00,0.00,0.00,0.00,0.00,0.00,0.00,0.00,0.00,0.00,0.00,0.00,0.00,-0.00,0.00,0
0.438499,-68,81,517,0,DRIVE [ 22 ] [ 1 ] [ 1897 1745 1925 ] [    0    0    0 ] [      0      0      0 ] [ 0 ],drive [ 22 ] [ 1 ] [ 1902 1743 1925 ] [   26   22   18 ] [   7751  15346  17631 ] [ 0 ],0.80,0.80,0.80,0.80,-54.17,64.55,0.00,0.00,0.00,0.00,0.00,0.00,0.00,0.00,0.00,0.00,0.00,0.00,0.00,-0.00,0.00,0
0.452524,-62,80,511,0,DRIVE [ 23 ] [ 1 ] [ 1893 1748 1925 ] [    0    0    0 ] [      0      0      0 ] [ 0 ],drive [ 22 ] [ 1 ] [ 1897 1745 1925 ] [   28   18    2 ] [   7751  15346  17631 ] [ 0 ],0.80,0.80,0.80,0.80,-49.85,64.37,0.00,0.00,0.00,0.00,0.00,0.00,0.00,0.00,0.00,0.00,0.00,0.00,0.00,-0.00,0.00,0
0.46658,-58,81,511,0,DRIVE [ 23 ] [ 1 ] [ 1888 1751 1925 ] [    0    0    0 ] [      0      0      0 ] [ 0 ],drive [ 23 ] [ 1 ] [ 1893 1748 1925 ] [   28   18    2 ] [   7751  15346  17631 ] [ 0 ],0.80,0.80,0.80,0.80,-46.18,64.93,0.00,0.00,0.00,0.00,0.00,0.00,0.00,0.00,0.00,0.00,0.00,0.00,0.00,-0.00,0.00,0
0.480949,-52,81,504,0,DRIVE [ 24 ] [ 1 ] [ 1882 1756 1925 ] [    0    0    0 ] [      0      0      0 ] [ 0 ],drive [ 23 ] [ 1 ] [ 1888 1751 1925 ] [   28   18    2 ] [   7751  15346  17631 ] [ 0 ],0.80,0.80,0.80,0.80,-41.28,64.47,0.00,0.00,0.00,0.00,0.00,0.00,0.00,0.00,0.00,0.00,0.00,0.00,0.00,-0.00,0.00,0
0.495133,-47,81,501,0,DRIVE [ 24 ] [ 1 ] [ 1877 1759 1925 ] [    0    0    0 ] [      0      0      0 ] [ 0 ],drive [ 24 ] [ 1 ] [ 1882 1756 1925 ] [   28   18    2 ] [   7755  15338  17600 ] [ 0 ],0.80,0.80,0.80,0.80,-37.30,64.52,0.00,0.00,0.00,0.00,0.00,0.00,0.00,0.00,0.00,0.00,0.00,0.00,0.00,-0.00,0.00,0
0.5096,-42,81,503,0,DRIVE [ 25 ] [ 1 ] [ 1872 1763 1925 ] [    0    0    0 ] [      0      0      0 ] [ 0 ],drive [ 24 ] [ 1 ] [ 1877 1759 1925 ] [   31   17   14 ] [   7755  15338  17600 ] [ 0 ],0.80,0.80,0.80,0.80,-33.98,65.09,0.00,0.00,0.00,0.00,0.00,0.00,0.00,0.00,0.00,0.00,0.00,0.00,0.00,-0.00,0.00,0
0.52399,-38,81,498,0,DRIVE [ 25 ] [ 1 ] [ 1866 1765 1925 ] [    0    0    0 ] [      0      0      0 ] [ 0 ],drive [ 25 ] [ 1 ] [ 1872 1763 1925 ] [   31   17   14 ] [   7755  15338  17600 ] [ 0 ],0.80,0.80,0.80,0.80,-30.56,64.68,0.00,0.00,0.00,0.00,0.00,0.00,0.00,0.00,0.00,0.00,0.00,0.00,0.00,-0.00,0.00,0
0.538173,-33,80,491,0,DRIVE [ 26 ] [ 1 ] [ 1861 1770 1925 ] [    0    0    0 ] [      0      0      0 ] [ 0 ],drive [ 25 ] [ 1 ] [ 1866 1765 1925 ] [   31   17   14 ] [   7841  15325  17552 ] [ 0 ],0.80,0.80,0.80,0.80,-26.46,63.69,0.00,0.00,0.00,0.00,0.00,0.00,0.00,0.00,0.00,0.00,0.00,0.00,0.00,-0.00,0.00,0
0.552272,-28,78,483,0,DRIVE [ 26 ] [ 1 ] [ 1855 1774 1925 ] [    0    0    0 ] [      0      0      0 ] [ 0 ],drive [ 26 ] [ 1 ] [ 1861 1770 1925 ] [   31   17   14 ] [   7841  15325  17552 ] [ 0 ],0.80,0.80,0.80,0.80,-22.79,62.52,0.00,0.00,0.00,0.00,0.00,0.00,0.00,0.00,0.00,0.00,0.00,0.00,0.00,-0.00,0.00,0
0.566572,-25,77,480,0,DRIVE [ 27 ] [ 1 ] [ 1850 1777 1925 ] [    0    0    0 ] [      0      0      0 ] [ 0 ],drive [ 26 ] [ 1 ] [ 1855 1774 1925 ] [   13   20   22 ] [   7841  15325  17552 ] [ 0 ],0.80,0.80,0.80,0.80,-19.75,61.93,0.00,0.00,0.00,0.00,0.00,0.00,0.00,0.00,0.00,0.00,0.00,0.00,0.00,-0.00,0.00,0
0.588212,-21,76,472,0,DRIVE [ 27 ] [ 1 ] [ 1845 1780 1925 ] [    0    0    0 ] [      0      0      0 ] [ 0 ],drive [ 27 ] [ 1 ] [ 1850 1777 1925 ] [   13   20   22 ] [   7841  15325  17552 ] [ 0 ],0.80,0.80,0.80,0.80,-17.16,60.85,0.00,0.00,0.00,0.00,0.00,0.00,0.00,0.00,0.00,0.00,0.00,0.00,0.00,-0.00,0.00,0
0.602501,-18,75,464,0,DRIVE [ 28 ] [ 1 ] [ 1838 1781 1925 ] [    0    0    0 ] [      0      0      0 ] [ 0 ],drive [ 27 ] [ 1 ] [ 1845 1780 1925 ] [   13   20   22 ] [   7854  15319  17519 ] [ 0 ],0.80,0.80,0.80,0.80,-14.27,59.81,0.00,0.00,0.00,0.00,0.00,0.00,0.00,0.00,0.00,0.00,0.00,0.00,0.00,-0.00,0.00,0
0.616458,-15,74,458,0,DRIVE [ 28 ] [ 1 ] [ 1831 1783 1925 ] [    0    0    0 ] [      0      0      0 ] [ 0 ],drive [ 28 ] [ 1 ] [ 1838 1781 1925 ] [   16   20   10 ] [   7854  15319  17519 ] [ 0 ],0.80,0.80,0.80,0.80,-11.61,59.03,0.00,0.00,0.00,0.00,0.00,0.00,0.00,0.00,0.00,0.00,0.00,0.00,0.00,-0.00,0.00,0
0.631141,-11,73,453,0,DRIVE [ 29 ] [ 1 ] [ 1825 1786 1925 ] [    0    0    0 ] [      0      0      0 ] [ 0 ],drive [ 28 ] [ 1 ] [ 1831 1783 1925 ] [   16   20   10 ] [   7854  15319  17519 ] [ 0 ],0.80,0.80,0.80,0.80,-9.11,58.46,0.00,0.00,0.00,0.00,0.00,0.00,0.00,0.00,0.00,0.00,0.00,0.00,0.00,-0.00,0.00,0
0.647402,-7,72,445,0,DRIVE [ 29 ] [ 1 ] [ 1815 1790 1925 ] [    0    0    0 ] [      0      0      0 ] [ 0 ],drive [ 29 ] [ 1 ] [ 1825 1786 1925 ] [   16   20   10 ] [   7971  15290  17518 ] [ 0 ],0.80,0.80,0.80,0.80,-5.76,57.82,0.00,0.00,0.00,0.00,0.00,0.00,0.00,0.00,0.00,0.00,0.00,0.00,0.00,-0.00,0.00,0
0.663709,-3,72,439,0,DRIVE [ 30 ] [ 1 ] [ 1805 1793 1925 ] [    0    0    0 ] [      0      0      0 ] [ 0 ],drive [ 29 ] [ 1 ] [ 1815 1790 1925 ] [   15   37   -1 ] [   7971  15290  17518 ] [ 0 ],0.80,0.80,0.80,0.80,-2.69,57.54,0.00,0.00,0.00,0.00,0.00,0.00,0.00,0.00,0.00,0.00,0.00,0.00,0.00,-0.00,0.00,0
0.677588,0,71,430,0,DRIVE [ 30 ] [ 1 ] [ 1794 1795 1925 ] [    0    0    0 ] [      0      0      0 ] [ 0 ],drive [ 30 ] [ 1 ] [ 1805 1793 1925 ] [   15   37   -1 ] [   7971  15290  17518 ] [ 0 ],0.80,0.80,0.80,0.80,0.24,57.09,0.00,0.00,0.00,0.00,0.00,0.00,0.00,0.00,0.00,0.00,0.00,0.00,-0.00,-0.00,0.00,0
0.692808,3,71,426,0,DRIVE [ 31 ] [ 1 ] [ 1785 1796 1925 ] [    0    0    0 ] [      0      0      0 ] [ 0 ],drive [ 30 ] [ 1 ] [ 1794 1795 1925 ] [   15   37   -1 ] [   8540  15234  17356 ] [ 0 ],0.80,0.80,0.80,0.80,2.32,57.08,0.00,0.00,0.00,0.00,0.00,0.00,0.00,0.00,0.00,0.00,0.00,0.00,-0.00,-0.00,0.00,0
0.707154,5,71,421,0,DRIVE [ 31 ] [ 1 ] [ 1777 1795 1925 ] [    0    0    0 ] [      0      0      0 ] [ 0 ],drive [ 31 ] [ 1 ] [ 1785 1796 1925 ] [   11   16   15 ] [   8540  15234  17356 ] [ 0 ],0.80,0.80,0.80,0.80,3.66,56.90,0.00,0.00,0.00,0.00,0.00,0.00,0.00,0.00,0.00,0.00,0.00,0.00,-0.00,-0.00,0.00,0
0.724746,6,71,415,0,DRIVE [ 32 ] [ 1 ] [ 1770 1794 1925 ] [    0    0    0 ] [      0      0      0 ] [ 0 ],drive [ 31 ] [ 1 ] [ 1777 1795 1925 ] [   11   16   15 ] [   8540  15234  17356 ] [ 0 ],0.80,0.80,0.80,0.80,4.50,56.42,0.00,0.00,0.00,0.00,0.00,0.00,0.00,0.00,0.00,0.00,0.00,0.00,-0.00,-0.00,0.00,0
0.740718,7,70,409,0,DRIVE [ 32 ] [ 1 ] [ 1763 1792 1925 ] [    0    0    0 ] [      0      0      0 ] [ 0 ],drive [ 32 ] [ 1 ] [ 1770 1794 1925 ] [   11   16   15 ] [   8629  15132  17282 ] [ 0 ],0.80,0.80,0.80,0.80,5.29,55.86,0.00,0.00,0.00,0.00,0.00,0.00,0.00,0.00,0.00,0.00,0.00,0.00,-0.00,-0.00,0.00,0
0.754818,9,69,400,0,DRIVE [ 33 ] [ 1 ] [ 1753 1792 1925 ] [    0    0    0 ] [      0      0      0 ] [ 0 ],drive [ 32 ] [ 1 ] [ 1763 1792 1925 ] [   14   24    6 ] [   8629  15132  17282 ] [ 0 ],0.80,0.80,0.80,0.80,6.89,55.36,0.00,0.00,0.00,0.00,0.00,0.00,0.00,0.00,0.00,0.00,0.00,0.00,-0.00,-0.00,0.00,0
0.768124,11,70,394,0,DRIVE [ 33 ] [ 1 ] [ 1740 1791 1925 ] [    0    0    0 ] [      0      0      0 ] [ 0 ],drive [ 33 ] [ 1 ] [ 1753 1792 1925 ] [   14   24    6 ] [   8629  15132  17282 ] [ 0 ],0.80,0.80,0.80,0.80,8.62,55.74,0.00,0.00,0.00,0.00,0.00,0.00,0.00,0.00,0.00,0.00,0.00,0.00,0.00,0.00,0.00,0
0.78162,13,70,386,0,DRIVE [ 34 ] [ 1 ] [ 1725 1790 1925 ] [    0    0    0 ] [      0      0      0 ] [ 0 ],drive [ 33 ] [ 1 ] [ 1740 1791 1925 ] [   14   24    6 ] [   8629  15132  17282 ] [ 0 ],0.80,0.80,0.80,0.80,10.48,55.81,0.00,0.00,0.00,0.00,0.00,0.00,0.00,0.00,0.00,0.00,0.00,0.00,0.00,0.00,0.00,0
0.794614,17,71,379,0,DRIVE [ 34 ] [ 1 ] [ 1704 1790 1925 ] [    0    0    0 ] [      0      0      0 ] [ 0 ],drive [ 34 ] [ 1 ] [ 1725 1790 1925 ] [   14   24    6 ] [   8630  15131  17281 ] [ 0 ],0.80,0.80,0.80,0.80,13.48,56.74,0.00,0.00,0.00,0.00,0.00,0.00,0.00,0.00,0.00,0.00,0.00,0.00,0.00,0.00,0.00,0
0.808054,20,72,371,0,DRIVE [ 35 ] [ 1 ] [ 1681 1790 1925 ] [    0    0    0 ] [      0      0      0 ] [ 0 ],drive [ 34 ] [ 1 ] [ 1704 1790 1925 ] [   18   24    2 ] [   8630  15131  17281 ] [ 0 ],0.80,0.80,0.80,0.80,16.29,57.68,0.00,0.00,0.00,0.00,0.00,0.00,0.00,0.00,0.00,0.00,0.00,0.00,0.00,0.00,0.00,0
0.821371,23,73,363,0,DRIVE [ 35 ] [ 1 ] [ 1658 1789 1925 ] [    0    0    0 ] [      0      0      0 ] [ 0 ],drive [ 35 ] [ 1 ] [ 1681 1790 1925 ] [   18   24    2 ] [   8630  15131  17281 ] [ 0 ],0.80,0.80,0.80,0.80,18.73,58.35,0.00,0.00,0.00,0.00,0.00,0.00,0.00,0.00,0.00,0.00,0.00,0.00,0.00,0.00,0.00,0
0.834729,26,75,359,0,DRIVE [ 36 ] [ 1 ] [ 1635 1787 1925 ] [    0    0    0 ] [      0      0      0 ] [ 0 ],drive [ 35 ] [ 1 ] [ 1658 1789 1925 ] [   18   24    2 ] [   8630  15131  17281 ] [ 0 ],0.80,0.80,0.80,0.80,21.09,59.78,0.00,0.00,0.00,0.00,0.00,0.00,0.00,0.00,0.00,0.00,0.00,0.00,0.00,0.00,0.00,0
0.848187,29,76,352,0,DRIVE [ 36 ] [ 1 ] [ 1613 1784 1925 ] [    0    0    0 ] [      0      0      0 ] [ 0 ],drive [ 36 ] [ 1 ] [ 1635 1787 1925 ] [   18   24    2 ] [   8657  15131  17216 ] [ 0 ],0.80,0.80,0.80,0.80,22.90,60.65,0.00,0.00,0.00,0.00,0.00,0.00,0.00,0.00,0.00,0.00,0.00,0.00,0.00,0.00,0.00,0
0.861338,31,77,343,0,DRIVE [ 37 ] [ 1 ] [ 1586 1780 1925 ] [    0    0    0 ] [      0      0      0 ] [ 0 ],drive [ 36 ] [ 1 ] [ 1613 1784 1925 ] [   33   25   16 ] [   8657  15131  17216 ] [ 0 ],0.80,0.80,0.80,0.80,24.96,61.72,0.00,0.00,0.00,0.00,0.00,0.00,0.00,0.00,0.00,0.00,0.00,0.00,0.00,0.00,0.00,0
0.874689,33,78,336,0,DRIVE [ 37 ] [ 1 ] [ 1561 1777 1925 ] [    0    0    0 ] [      0      0      0 ] [ 0 ],drive [ 37 ] [ 1 ] [ 1586 1780 1925 ] [   33   25   16 ] [   8657  15131  17216 ] [ 0 ],0.80,0.80,0.80,0.80,26.72,62.60,0.00,0.00,0.00,0.00,0.00,0.00,0.00,0.00,0.00,0.00,0.00,0.00,0.00,0.00,0.00,0
0.889202,35,79,328,0,DRIVE [ 38 ] [ 1 ] [ 1537 1773 1925 ] [    0    0    0 ] [      0      0      0 ] [ 0 ],drive [ 37 ] [ 1 ] [ 1561 1777 1925 ] [   33   25   16 ] [   9215  15132  17054 ] [ 0 ],0.80,0.80,0.80,0.80,28.05,63.19,0.00,0.00,0.00,0.00,0.00,0.00,0.00,0.00,0.00,0.00,0.00,0.00,0.00,0.00,0.00,0
0.90434,36,79,321,0,DRIVE [ 38 ] [ 1 ] [ 1517 1768 1925 ] [    0    0    0 ] [      0      0      0 ] [ 0 ],drive [ 38 ] [ 1 ] [ 1537 1773 1925 ] [   31   27   14 ] [   9215  15132  17054 ] [ 0 ],0.80,0.80,0.80,0.80,28.78,63.22,0.00,0.00,0.00,0.00,0.00,0.00,0.00,0.00,0.00,0.00,0.00,0.00,0.00,0.00,0.00,0
0.917178,36,80,315,0,DRIVE [ 39 ] [ 1 ] [ 1500 1761 1925 ] [    0    0    0 ] [      0      0      0 ] [ 0 ],drive [ 38 ] [ 1 ] [ 1517 1768 1925 ] [   31   27   14 ] [   9215  15132  17054 ] [ 0 ],0.80,0.80,0.80,0.80,28.95,63.82,0.00,0.00,0.00,0.00,0.00,0.00,0.00,0.00,0.00,0.00,0.00,0.00,0.00,0.00,0.00,0
0.929449,36,80,310,0,DRIVE [ 39 ] [ 1 ] [ 1489 1754 1925 ] [    0    0    0 ] [      0      0      0 ] [ 0 ],drive [ 39 ] [ 1 ] [ 1500 1761 1925 ] [   31   27   14 ] [   9215  15132  17054 ] [ 0 ],0.80,0.80,0.80,0.80,28.50,64.03,0.00,0.00,0.00,0.00,0.00,0.00,0.00,0.00,0.00,0.00,0.00,0.00,0.00,0.00,0.00,0
0.941937,35,80,305,0,DRIVE [ 40 ] [ 1 ] [ 1481 1746 1925 ] [    0    0    0 ] [      0      0      0 ] [ 0 ],drive [ 39 ] [ 1 ] [ 1489 1754 1925 ] [   31   27   14 ] [   9773  15139  16843 ] [ 0 ],0.80,0.80,0.80,0.80,27.71,64.04,0.00,0.00,0.00,0.00,0.00,0.00,0.00,0.00,0.00,0.00,0.00,0.00,0.00,0.00,0.00,0
0.95542,33,80,299,0,DRIVE [ 40 ] [ 1 ] [ 1476 1738 1925 ] [    0    0    0 ] [      0      0      0 ] [ 0 ],drive [ 40 ] [ 1 ] [ 1481 1746 1925 ] [   43   36   11 ] [   9773  15139  16843 ] [ 0 ],0.80,0.80,0.80,0.80,26.59,63.81,0.00,0.00,0.00,0.00,0.00,0.00,0.00,0.00,0.00,0.00,0.00,0.00,0.00,0.00,0.00,0
0.967692,32,80,295,0,DRIVE [ 41 ] [ 1 ] [ 1471 1729 1925 ] [    0    0    0 ] [      0      0      0 ] [ 0 ],drive [ 40 ] [ 1 ] [ 1476 1738 1925 ] [   43   36   11 ] [   9773  15139  16843 ] [ 0 ],0.80,0.80,0.80,0.80,25.44,63.87,0.00,0.00,0.00,0.00,0.00,0.00,0.00,0.00,0.00,0.00,0.00,0.00,0.00,0.00,0.00,0
0.980053,30,79,287,0,DRIVE [ 41 ] [ 1 ] [ 1468 1717 1925 ] [    0    0    0 ] [      0      0      0 ] [ 0 ],drive [ 41 ] [ 1 ] [ 1471 1729 1925 ] [   43   36   11 ] [   9773  15139  16843 ] [ 0 ],0.80,0.80,0.80,0.80,23.82,63.50,0.00,0.00,0.00,0.00,0.00,0.00,0.00,0.00,0.00,0.00,0.00,0.00,0.00,0.00,0.00,0
0.992087,28,79,281,0,DRIVE [ 42 ] [ 1 ] [ 1462 1705 1925 ] [    0    0    0 ] [      0      0      0 ] [ 0 ],drive [ 41 ] [ 1 ] [ 1468 1717 1925 ] [   43   36   11 ] [  10119  15156  16757 ] [ 0 ],0.80,0.80,0.80,0.80,22.49,63.39,0.00,0.00,0.00,0.00,0.00,0.00,0.00,0.00,0.00,0.00,0.00,0.00,0.00,0.00,0.00,0
1.00378,27,79,275,0,DRIVE [ 42 ] [ 1 ] [ 1458 1694 1925 ] [    0    0    0 ] [      0      0      0 ] [ 0 ],drive [ 42 ] [ 1 ] [ 1462 1705 1925 ] [   54   43    6 ] [  10119  15156  16757 ] [ 0 ],0.80,0.80,0.80,0.80,21.30,63.28,0.00,0.00,0.00,0.00,0.00,0.00,0.00,0.00,0.00,0.00,0.00,0.00,0.00,0.00,0.00,0
1.01595,26,79,270,0,DRIVE [ 43 ] [ 1 ] [ 1456 1688 1925 ] [    0    0    0 ] [      0      0      0 ] [ 0 ],drive [ 42 ] [ 1 ] [ 1458 1694 1925 ] [   54   43    6 ] [  10119  15156  16757 ] [ 0 ],0.80,0.80,0.80,0.80,20.57,63.27,0.00,0.00,0.00,0.00,0.00,0.00,0.00,0.00,0.00,0.00,0.00,0.00,0.00,0.00,0.00,0
1.02923,25,79,266,0,DRIVE [ 43 ] [ 1 ] [ 1453 1683 1925 ] [    0    0    0 ] [      0      0      0 ] [ 0 ],drive [ 43 ] [ 1 ] [ 1456 1688 1925 ] [   54   43    6 ] [  10119  15156  16757 ] [ 0 ],0.80,0.80,0.80,0.80,20.12,62.95,0.00,0.00,0.00,0.00,0.00,0.00,0.00,0.00,0.00,0.00,0.00,0.00,0.00,0.00,0.00,0
1.0412,25,78,261,0,DRIVE [ 44 ] [ 1 ] [ 1447 1680 1925 ] [    0    0    0 ] [      0      0      0 ] [ 0 ],drive [ 43 ] [ 1 ] [ 1453 1683 1925 ] [   54   43    6 ] [  10119  15158  16714 ] [ 0 ],0.80,0.80,0.80,0.80,19.96,62.71,0.00,0.00,0.00,0.00,0.00,0.00,0.00,0.00,0.00,0.00,0.00,0.00,0.00,0.00,0.00,0
1.05348,25,78,257,0,DRIVE [ 44 ] [ 1 ] [ 1439 1677 1925 ] [    0    0    0 ] [      0      0      0 ] [ 0 ],drive [ 44 ] [ 1 ] [ 1447 1680 1925 ] [   59   47    5 ] [  10119  15158  16714 ] [ 0 ],0.80,0.80,0.80,0.80,20.13,62.59,0.00,0.00,0.00,0.00,0.00,0.00,0.00,0.00,0.00,0.00,0.00,0.00,0.00,0.00,0.00,0
1.06497,25,78,252,0,DRIVE [ 45 ] [ 1 ] [ 1431 1674 1925 ] [    0    0    0 ] [      0      0      0 ] [ 0 ],drive [ 44 ] [ 1 ] [ 1439 1677 1925 ] [   59   47    5 ] [  10119  15158  16714 ] [ 0 ],0.80,0.80,0.80,0.80,20.17,62.27,0.00,0.00,0.00,0.00,0.00,0.00,0.00,0.00,0.00,0.00,0.00,0.00,0.00,0.00,0.00,0
1.07619,25,77,246,0,DRIVE [ 45 ] [ 1 ] [ 1423 1670 1925 ] [    0    0    0 ] [      0      0      0 ] [ 0 ],drive [ 45 ] [ 1 ] [ 1431 1674 1925 ] [   59   47    5 ] [  10119  15158  16714 ] [ 0 ],0.80,0.80,0.80,0.80,20.05,61.99,0.00,0.00,0.00,0.00,0.00,0.00,0.00,0.00,0.00,0.00,0.00,0.00,0.00,0.00,0.00,0
1.09107,25,77,241,0,DRIVE [ 46 ] [ 1 ] [ 1417 1664 1925 ] [    0    0    0 ] [      0      0      0 ] [ 0 ],drive [ 45 ] [ 1 ] [ 1423 1670 1925 ] [   59   47    5 ] [  10248  15155  16660 ] [ 0 ],0.80,0.80,0.80,0.80,19.65,61.67,0.00,0.00,0.00,0.00,0.00,0.00,0.00,0.00,0.00,0.00,0.00,0.00,0.00,0.00,0.00,0
1.10329,23,77,235,0,DRIVE [ 46 ] [ 1 ] [ 1414 1654 1925 ] [    0    0    0 ] [      0      0      0 ] [ 0 ],drive [ 46 ] [ 1 ] [ 1417 1664 1925 ] [   50   47   13 ] [  10248  15155  16660 ] [ 0 ],0.80,0.80,0.80,0.80,18.56,61.46,0.00,0.00,0.00,0.00,0.00,0.00,0.00,0.00,0.00,0.00,0.00,0.00,0.00,0.00,0.00,0
1.11831,22,77,229,0,DRIVE [ 47 ] [ 1 ] [ 1415 1642 1925 ] [    0    0    0 ] [      0      0      0 ] [ 0 ],drive [ 46 ] [ 1 ] [ 1414 1654 1925 ] [   50   47   13 ] [  10248  15155  16660 ] [ 0 ],0.80,0.80,0.80,0.80,17.24,61.28,0.00,0.00,0.00,0.00,0.00,0.00,0.00,0.00,0.00,0.00,0.00,0.00,0.00,0.00,0.00,0
1.12928,19,76,225,0,DRIVE [ 47 ] [ 1 ] [ 1420 1629 1925 ] [    0    0    0 ] [      0      0      0 ] [ 0 ],drive [ 47 ] [ 1 ] [ 1415 1642 1925 ] [   50   47   13 ] [  10248  15155  16660 ] [ 0 ],0.80,0.80,0.80,0.80,15.58,61.19,0.00,0.00,0.00,0.00,0.00,0.00,0.00,0.00,0.00,0.00,0.00,0.00,0.00,0.00,0.00,0
1.14174,17,76,221,0,DRIVE [ 48 ] [ 1 ] [ 1429 1614 1925 ] [    0    0    0 ] [      0      0      0 ] [ 0 ],drive [ 47 ] [ 1 ] [ 1420 1629 1925 ] [   50   47   13 ] [  10349  15161  16546 ] [ 0 ],0.80,0.80,0.80,0.80,13.58,60.83,0.00,0.00,0.00,0.00,0.00,0.00,0.00,0.00,0.00,0.00,0.00,0.00,-0.00,-0.00,0.00,0
1.15409,14,76,216,0,DRIVE [ 48 ] [ 1 ] [ 1440 1597 1925 ] [    0    0    0 ] [      0      0      0 ] [ 0 ],drive [ 48 ] [ 1 ] [ 1429 1614 1925 ] [   63   39   20 ] [  10349  15161  16546 ] [ 0 ],0.80,0.80,0.80,0.80,11.35,60.40,0.00,0.00,0.00,0.00,0.00,0.00,0.00,0.00,0.00,0.00,0.00,0.00,-0.00,-0.00,0.00,0
1.16427,10,75,210,0,DRIVE [ 49 ] [ 1 ] [ 1459 1572 1925 ] [    0    0    0 ] [      0      0      0 ] [ 0 ],drive [ 48 ] [ 1 ] [ 1440 1597 1925 ] [   63   39   20 ] [  10349  15161  16546 ] [ 0 ],0.80,0.80,0.80,0.80,8.01,59.88,0.00,0.00,0.00,0.00,0.00,0.00,0.00,0.00,0.00,0.00,0.00,0.00,-0.00,-0.00,0.00,0
1.17444,6,74,206,0,DRIVE [ 49 ] [ 1 ] [ 1479 1547 1925 ] [    0    0    0 ] [      0      0      0 ] [ 0 ],drive [ 49 ] [ 1 ] [ 1459 1572 1925 ] [   63   39   20 ] [  10349  15161  16546 ] [ 0 ],0.80,0.80,0.80,0.80,4.70,59.36,0.00,0.00,0.00,0.00,0.00,0.00,0.00,0.00,0.00,0.00,0.00,0.00,-0.00,-0.00,0.00,0
1.18573,2,73,201,0,DRIVE [ 50 ] [ 1 ] [ 1499 1519 1925 ] [    0    0    0 ] [      0      0      0 ] [ 0 ],drive [ 49 ] [ 1 ] [ 1479 1547 1925 ] [   63   39   20 ] [  10521  15203  16501 ] [ 0 ],0.80,0.80,0.80,0.80,1.40,58.60,0.00,0.00,0.00,0.00,0.00,0.00,0.00,0.00,0.00,0.00,0.00,0.00,-0.00,-0.00,0.00,0
1.19585,-3,73,197,0,DRIVE [ 50 ] [ 1 ] [ 1521 1489 1925 ] [    0    0    0 ] [      0      0      0 ] [ 0 ],drive [ 50 ] [ 1 ] [ 1499 1519 1925 ] [   63   39   20 ] [  10521  15203  16501 ] [ 0 ],0.80,0.80,0.80,0.80,-2.11,58.02,0.00,0.00,0.00,0.00,0.00,0.00,0.00,0.00,0.00,0.00,0.00,0.00,0.00,-0.00,0.00,0
1.20631,-7,72,192,0,DRIVE [ 51 ] [ 1 ] [ 1544 1454 1925 ] [    0    0    0 ] [      0      0      0 ] [ 0 ],drive [ 50 ] [ 1 ] [ 1521 1489 1925 ] [   58   42    2 ] [  10521  15203  16501 ] [ 0 ],0.80,0.80,0.80,0.80,-5.84,57.33,0.00,0.00,0.00,0.00,0.00,0.00,0.00,0.00,0.00,0.00,0.00,0.00,0.00,-0.00,0.00,0
1.21744,-12,71,189,0,DRIVE [ 51 ] [ 1 ] [ 1570 1414 1925 ] [    0    0    0 ] [      0      0      0 ] [ 0 ],drive [ 51 ] [ 1 ] [ 1544 1454 1925 ] [   58   42    2 ] [  10521  15203  16501 ] [ 0 ],0.80,0.80,0.80,0.80,-9.85,56.66,0.00,0.00,0.00,0.00,0.00,0.00,0.00,0.00,0.00,0.00,0.00,0.00,0.00,-0.00,0.00,0
1.22756,-17,70,185,0,DRIVE [ 52 ] [ 1 ] [ 1597 1371 1925 ] [    0    0    0 ] [      0      0      0 ] [ 0 ],drive [ 51 ] [ 1 ] [ 1570 1414 1925 ] [   58   42    2 ] [  10521  15203  16501 ] [ 0 ],0.80,0.80,0.80,0.80,-13.98,55.82,0.00,0.00,0.00,0.00,0.00,0.00,0.00,0.00,0.00,0.00,0.00,0.00,0.00,0.00,0.00,0
1.23828,-22,68,181,0,DRIVE [ 52 ] [ 1 ] [ 1624 1326 1925 ] [    0    0    0 ] [      0      0      0 ] [ 0 ],drive [ 52 ] [ 1 ] [ 1597 1371 1925 ] [   58   42    2 ] [  10579  15588  16348 ] [ 0 ],0.80,0.80,0.80,0.80,-17.92,54.62,0.00,0.00,0.00,0.00,0.00,0.00,0.00,0.00,0.00,0.00,0.00,0.00,0.00,0.00,0.00,0
1.24865,-27,66,177,0,DRIVE [ 53 ] [ 1 ] [ 1653 1285 1925 ] [    0    0    0 ] [      0      0      0 ] [ 0 ],drive [ 52 ] [ 1 ] [ 1624 1326 1925 ] [   58   42    2 ] [  10579  15588  16348 ] [ 0 ],0.80,0.80,0.80,0.80,-21.51,52.82,0.00,0.00,0.00,0.00,0.00,0.00,0.00,0.00,0.00,0.00,0.00,0.00,0.00,0.00,0.00,0
1.25872,-31,64,174,0,DRIVE [ 53 ] [ 1 ] [ 1682 1246 1925 ] [    0    0    0 ] [      0      0      0 ] [ 0 ],drive [ 53 ] [ 1 ] [ 1653 1285 1925 ] [   44   64   21 ] [  10579  15588  16348 ] [ 0 ],0.80,0.80,0.80,0.80,-24.77,50.92,0.00,0.00,0.00,0.00,0.00,0.00,0.00,0.00,0.00,0.00,0.00,0.00,0.00,0.00,0.00,0
1.26861,-35,61,171,0,DRIVE [ 54 ] [ 1 ] [ 1710 1230 1925 ] [    0    0    0 ] [      0      0      0 ] [ 0 ],drive [ 53 ] [ 1 ] [ 1682 1246 1925 ] [   44   64   21 ] [  10579  15588  16348 ] [ 0 ],0.80,0.80,0.80,0.80,-27.69,48.96,0.00,0.00,0.00,0.00,0.00,0.00,0.00,0.00,0.00,0.00,0.00,0.00,0.00,0.00,0.00,0
1.27887,-38,59,168,0,DRIVE [ 54 ] [ 1 ] [ 1737 1230 1925 ] [    0    0    0 ] [      0      0      0 ] [ 0 ],drive [ 54 ] [ 1 ] [ 1710 1230 1925 ] [   44   64   21 ] [  10579  15588  16348 ] [ 0 ],0.80,0.80,0.80,0.80,-30.40,46.97,0.00,0.00,0.00,0.00,0.00,0.00,0.00,0.00,0.00,0.00,0.00,0.00,0.00,0.00,0.00,0
1.28903,-41,56,165,0,DRIVE [ 55 ] [ 1 ] [ 1763 1230 1925 ] [    0    0    0 ] [      0      0      0 ] [ 0 ],drive [ 54 ] [ 1 ] [ 1737 1230 1925 ] [   44   64   21 ] [  10569  16246  16272 ] [ 0 ],0.80,0.80,0.80,0.80,-32.78,44.89,0.00,0.00,0.00,0.00,0.00,0.00,0.00,0.00,0.00,0.00,0.00,0.00,0.00,0.00,0.00,0
1.29879,-44,53,162,0,DRIVE [ 55 ] [ 1 ] [ 1788 1230 1925 ] [    0    0    0 ] [      0      0      0 ] [ 0 ],drive [ 55 ] [ 1 ] [ 1763 1230 1925 ] [   16   88   13 ] [  10569  16246  16272 ] [ 0 ],0.80,0.80,0.80,0.80,-34.87,42.75,0.00,0.00,0.00,0.00,0.00,0.00,0.00,0.00,0.00,0.00,0.00,0.00,0.00,0.00,0.00,0
1.30874,-46,51,160,0,DRIVE [ 56 ] [ 1 ] [ 1812 1230 1925 ] [    0    0    0 ] [      0      0      0 ] [ 0 ],drive [ 55 ] [ 1 ] [ 1788 1230 1925 ] [   16   88   13 ] [  10569  16246  16272 ] [ 0 ],0.80,0.80,0.80,0.80,-36.72,40.66,0.00,0.00,0.00,0.00,0.00,0.00,0.00,0.00,0.00,0.00,0.00,0.00,0.00,0.00,0.00,0
1.31931,-48,48,158,0,DRIVE [ 56 ] [ 1 ] [ 1836 1230 1925 ] [    0    0    0 ] [      0      0      0 ] [ 0 ],drive [ 56 ] [ 1 ] [ 1812 1230 1925 ] [   16   88   13 ] [  10569  16246  16272 ] [ 0 ],0.80,0.80,0.80,0.80,-38.50,38.65,0.00,0.00,0.00,0.00,0.00,0.00,0.00,0.00,0.00,0.00,0.00,0.00,0.00,0.00,0.00,0
1.32932,-50,46,156,0,DRIVE [ 57 ] [ 1 ] [ 1860 1230 1925 ] [    0    0    0 ] [      0      0      0 ] [ 0 ],drive [ 56 ] [ 1 ] [ 1836 1230 1925 ] [   16   88   13 ] [  10569  16246  16272 ] [ 0 ],0.80,0.80,0.80,0.80,-40.01,36.55,0.00,0.00,0.00,0.00,0.00,0.00,0.00,0.00,0.00,0.00,0.00,0.00,0.00,0.00,0.00,0
1.33949,-52,43,153,0,DRIVE [ 57 ] [ 1 ] [ 1883 1230 1925 ] [    0    0    0 ] [      0      0      0 ] [ 0 ],drive [ 57 ] [ 1 ] [ 1860 1230 1925 ] [   16   88   13 ] [  10526  16767  16272 ] [ 0 ],0.80,0.80,0.80,0.80,-41.56,34.57,0.00,0.00,0.00,0.00,0.00,0.00,0.00,0.00,0.00,0.00,0.00,0.00,0.00,0.00,0.00,0
1.34978,-54,41,150,0,DRIVE [ 58 ] [ 1 ] [ 1907 1230 1925 ] [    0    0    0 ] [      0      0      0 ] [ 0 ],drive [ 57 ] [ 1 ] [ 1883 1230 1925 ] [   23   68   12 ] [  10526  16767  16272 ] [ 0 ],0.80,0.80,0.80,0.80,-43.28,32.70,0.00,0.00,0.00,0.00,0.00,0.00,0.00,0.00,0.00,0.00,0.00,0.00,0.00,0.00,0.00,0
1.3596,-56,39,147,0,DRIVE [ 58 ] [ 1 ] [ 1907 1230 1921 ] [    0    0    0 ] [      0      0      0 ] [ 0 ],drive [ 58 ] [ 1 ] [ 1907 1230 1925 ] [   23   68   12 ] [  10526  16767  16272 ] [ 0 ],0.80,0.80,0.80,0.80,-44.97,30.82,0.00,0.00,0.00,0.00,0.00,0.00,0.00,0.00,0.00,0.00,0.00,0.00,0.00,0.00,0.00,0
1.36964,-58,36,144,0,DRIVE [ 59 ] [ 1 ] [ 1907 1230 1900 ] [    0    0    0 ] [      0      0      0 ] [ 0 ],drive [ 58 ] [ 1 ] [ 1907 1230 1921 ] [   23   68   12 ] [  10526  16767  16272 ] [ 0 ],0.80,0.80,0.80,0.80,-46.44,29.01,0.00,0.00,0.00,0.00,0.00,0.00,0.00,0.00,0.00,0.00,0.00,0.00,0.00,0.00,0.00,0
1.38003,-59,34,140,0,DRIVE [ 59 ] [ 1 ] [ 1907 1230 1881 ] [    0    0    0 ] [      0      0      0 ] [ 0 ],drive [ 59 ] [ 1 ] [ 1907 1230 1900 ] [   23   68   12 ] [  10526  16767  16272 ] [ 0 ],0.80,0.80,0.80,0.80,-47.51,27.29,0.00,0.00,0.00,0.00,0.00,0.00,0.00,0.00,0.00,0.00,0.00,0.00,0.00,0.00,0.00,0
1.39179,-60,32,137,0,DRIVE [ 60 ] [ 1 ] [ 1907 1230 1864 ] [    0    0    0 ] [      0      0      0 ] [ 0 ],drive [ 59 ] [ 1 ] [ 1907 1230 1881 ] [   23   68   12 ] [  10268  16888  16273 ] [ 0 ],0.80,0.80,0.80,0.80,-48.17,25.75,0.00,0.00,0.00,0.00,0.00,0.00,0.00,0.00,0.00,0.00,0.00,0.00,0.00,0.00,0.00,0
1.40368,-60,30,135,0,DRIVE [ 60 ] [ 1 ] [ 1907 1230 1851 ] [    0    0    0 ] [      0      0      0 ] [ 0 ],drive [ 60 ] [ 1 ] [ 1907 1230 1864 ] [   10   81   18 ] [  10268  16888  16273 ] [ 0 ],0.80,0.80,0.80,0.80,-48.35,24.32,0.00,0.00,0.00,0.00,0.00,0.00,0.00,0.00,0.00,0.00,0.00,0.00,0.00,0.00,0.00,0
1.41558,-60,29,132,0,DRIVE [ 61 ] [ 1 ] [ 1907 1230 1841 ] [    0    0    0 ] [      0      0      0 ] [ 0 ],drive [ 60 ] [ 1 ] [ 1907 1230 1851 ] [   10   81   18 ] [  10268  16888  16273 ] [ 0 ],0.80,0.80,0.80,0.80,-47.95,22.90,0.00,0.00,0.00,0.00,0.00,0.00,0.00,0.00,0.00,0.00,0.00,0.00,0.00,0.00,0.00,0
1.42755,-59,27,130,0,DRIVE [ 61 ] [ 1 ] [ 1907 1230 1833 ] [    0    0    0 ] [      0      0      0 ] [ 0 ],drive [ 61 ] [ 1 ] [ 1907 1230 1841 ] [   10   81   18 ] [  10268  16888  16273 ] [ 0 ],0.80,0.80,0.80,0.80,-47.09,21.60,0.00,0.00,0.00,0.00,0.00,0.00,0.00,0.00,0.00,0.00,0.00,0.00,0.00,0.00,0.00,0
1.4381,-57,26,128,0,DRIVE [ 62 ] [ 1 ] [ 1907 1230 1829 ] [    0    0    0 ] [      0      0      0 ] [ 0 ],drive [ 61 ] [ 1 ] [ 1907 1230 1833 ] [   10   81   18 ] [   9945  17290  16284 ] [ 0 ],0.80,0.80,0.80,0.80,-46.00,20.48,0.00,0.00,0.00,0.00,0.00,0.00,0.00,0.00,0.00,0.00,0.00,0.00,0.00,0.00,0.00,0
1.44848,-56,25,125,0,DRIVE [ 62 ] [ 1 ] [ 1907 1230 1826 ] [    0    0    0 ] [      0      0      0 ] [ 0 ],drive [ 62 ] [ 1 ] [ 1907 1230 1829 ] [   10   81   18 ] [   9945  17290  16284 ] [ 0 ],0.80,0.80,0.80,0.80,-44.92,19.62,0.00,0.00,0.00,0.00,0.00,0.00,0.00,0.00,0.00,0.00,0.00,0.00,0.00,0.00,0.00,0
1.45995,-55,24,123,0,DRIVE [ 63 ] [ 1 ] [ 1907 1230 1824 ] [    0    0    0 ] [      0      0      0 ] [ 0 ],drive [ 62 ] [ 1 ] [ 1907 1230 1826 ] [   20   83   25 ] [   9945  17290  16284 ] [ 0 ],0.80,0.80,0.80,0.80,-43.97,18.94,0.00,0.00,0.00,0.00,0.00,0.00,0.00,0.00,0.00,0.00,0.00,0.00,0.00,0.00,0.00,0
1.47216,-54,23,121,0,DRIVE [ 63 ] [ 1 ] [ 1907 1230 1822 ] [    0    0    0 ] [      0      0      0 ] [ 0 ],drive [ 63 ] [ 1 ] [ 1907 1230 1824 ] [   20   83   25 ] [   9945  17290  16284 ] [ 0 ],0.80,0.80,0.80,0.80,-43.14,18.40,0.00,0.00,0.00,0.00,0.00,0.00,0.00,0.00,0.00,0.00,0.00,0.00,0.00,0.00,0.00,0
1.48531,-53,22,118,0,DRIVE [ 64 ] [ 1 ] [ 1907 1230 1821 ] [    0    0    0 ] [      0      0      0 ] [ 0 ],drive [ 63 ] [ 1 ] [ 1907 1230 1822 ] [   20   83   25 ] [   9945  17290  16284 ] [ 0 ],0.80,0.80,0.80,0.80,-42.31,17.96,0.00,0.00,0.00,0.00,0.00,0.00,0.00,0.00,0.00,0.00,0.00,0.00,0.00,0.00,0.00,0
1.49548,-52,22,116,0,DRIVE [ 64 ] [ 1 ] [ 1907 1230 1821 ] [    0    0    0 ] [      0      0      0 ] [ 0 ],drive [ 64 ] [ 1 ] [ 1907 1230 1821 ] [   20   83   25 ] [   9923  17296  16348 ] [ 0 ],0.80,0.80,0.80,0.80,-41.44,17.61,0.00,0.00,0.00,0.00,0.00,0.00,0.00,0.00,0.00,0.00,0.00,0.00,0.00,0.00,0.00,0
1.50574,-51,22,113,0,DRIVE [ 65 ] [ 1 ] [ 1907 1230 1823 ] [    0    0    0 ] [      0      0      0 ] [ 0 ],drive [ 64 ] [ 1 ] [ 1907 1230 1821 ] [   19   84   11 ] [   9923  17296  16348 ] [ 0 ],0.80,0.80,0.80,0.80,-40.41,17.37,0.00,0.00,0.00,0.00,0.00,0.00,0.00,0.00,0.00,0.00,0.00,0.00,0.00,0.00,0.00,0
1.51645,-49,22,111,0,DRIVE [ 65 ] [ 1 ] [ 1907 1230 1827 ] [    0    0    0 ] [      0      0      0 ] [ 0 ],drive [ 65 ] [ 1 ] [ 1907 1230 1823 ] [   19   84   11 ] [   9923  17296  16348 ] [ 0 ],0.80,0.80,0.80,0.80,-39.29,17.23,0.00,0.00,0.00,0.00,0.00,0.00,0.00,0.00,0.00,0.00,0.00,0.00,0.00,0.00,0.00,0
1.52742,-47,21,108,0,DRIVE [ 66 ] [ 1 ] [ 1907 1230 1833 ] [    0    0    0 ] [      0      0      0 ] [ 0 ],drive [ 65 ] [ 1 ] [ 1907 1230 1827 ] [   19   84   11 ] [   9923  17296  16348 ] [ 0 ],0.80,0.80,0.80,0.80,-37.94,17.12,0.00,0.00,0.00,0.00,0.00,0.00,0.00,0.00,0.00,0.00,0.00,0.00,0.00,-0.00,0.00,0
1.53971,-45,21,106,0,DRIVE [ 66 ] [ 1 ] [ 1907 1230 1842 ] [    0    0    0 ] [      0      0      0 ] [ 0 ],drive [ 66 ] [ 1 ] [ 1907 1230 1833 ] [   19   84   11 ] [   9923  17405  16347 ] [ 0 ],0.80,0.80,0.80,0.80,-36.29,17.00,0.00,0.00,0.00,0.00,0.00,-0.00,0.00,0.00,0.00,0.00,0.00,0.00,0.00,-0.00,0.00,0
1.55171,-43,21,104,0,DRIVE [ 67 ] [ 1 ] [ 1907 1230 1853 ] [    0    0    0 ] [      0      0      0 ] [ 0 ],drive [ 66 ] [ 1 ] [ 1907 1230 1842 ] [   18   65   11 ] [   9923  17405  16347 ] [ 0 ],0.80,0.80,0.80,0.80,-34.47,17.02,0.00,0.00,0.00,0.00,0.00,-0.00,0.00,0.00,0.00,0.00,0.00,0.00,0.00,-0.00,0.00,0
1.56185,-41,21,102,0,DRIVE [ 67 ] [ 1 ] [ 1907 1230 1866 ] [    0    0    0 ] [      0      0      0 ] [ 0 ],drive [ 67 ] [ 1 ] [ 1907 1230 1853 ] [   18   65   11 ] [   9923  17405  16347 ] [ 0 ],0.80,0.80,0.80,0.80,-32.44,16.99,0.00,0.00,0.00,0.00,0.00,-0.00,0.00,0.00,0.00,0.00,0.00,0.00,0.00,-0.00,0.00,0
1.57191,-38,21,100,0,DRIVE [ 68 ] [ 1 ] [ 1907 1230 1881 ] [    0    0    0 ] [      0      0      0 ] [ 0 ],drive [ 67 ] [ 1 ] [ 1907 1230 1866 ] [   18   65   11 ] [   9923  17405  16347 ] [ 0 ],0.80,0.80,0.80,0.80,-30.21,16.98,0.00,0.00,0.00,0.00,0.00,-0.00,0.00,0.00,0.00,0.00,0.00,0.00,0.00,-0.00,0.00,0
1.58396,-35,21,98,0,DRIVE [ 68 ] [ 1 ] [ 1907 1230 1898 ] [    0    0    0 ] [      0      0      0 ] [ 0 ],drive [ 68 ] [ 1 ] [ 1907 1230 1881 ] [   18   65   11 ] [   9923  17405  16347 ] [ 0 ],0.80,0.80,0.80,0.80,-27.94,17.03,0.00,0.00,0.00,0.00,0.00,-0.00,0.00,0.00,0.00,0.00,0.00,0.00,0.00,-0.00,0.00,0
1.59736,-32,21,96,0,DRIVE [ 69 ] [ 1 ] [ 1907 1230 1916 ] [    0    0    0 ] [      0      0      0 ] [ 0 ],drive [ 68 ] [ 1 ] [ 1907 1230 1898 ] [   18   65   11 ] [   9922  17503  16345 ] [ 0 ],0.80,0.80,0.80,0.80,-25.58,17.09,0.00,0.00,0.00,0.00,0.00,-0.00,0.00,0.00,0.00,0.00,0.00,0.00,0.00,-0.00,0.00,0
1.60796,-29,21,93,0,DRIVE [ 69 ] [ 1 ] [ 1913 1230 1916 ] [    0    0    0 ] [      0      0      0 ] [ 0 ],drive [ 69 ] [ 1 ] [ 1907 1230 1916 ] [   20   68    7 ] [   9922  17503  16345 ] [ 0 ],0.80,0.80,0.80,0.80,-23.09,17.17,0.00,0.00,0.00,0.00,0.00,-0.00,0.00,0.00,0.00,0.00,0.00,0.00,0.00,-0.00,0.00,0
1.61986,-26,22,91,0,DRIVE [ 70 ] [ 1 ] [ 1888 1230 1916 ] [    0    0    0 ] [      0      0      0 ] [ 0 ],drive [ 69 ] [ 1 ] [ 1913 1230 1916 ] [   20   68    7 ] [   9922  17503  16345 ] [ 0 ],0.80,0.80,0.80,0.80,-20.55,17.21,0.00,0.00,0.00,0.00,0.00,-0.00,0.00,0.00,0.00,0.00,0.00,0.00,0.00,-0.00,0.00,0
1.63026,-22,22,89,0,DRIVE [ 70 ] [ 1 ] [ 1862 1230 1916 ] [    0    0    0 ] [      0      0      0 ] [ 0 ],drive [ 70 ] [ 1 ] [ 1888 1230 1916 ] [   20   68    7 ] [   9922  17503  16345 ] [ 0 ],0.80,0.80,0.80,0.80,-17.92,17.22,0.00,0.00,0.00,0.00,0.00,-0.00,0.00,0.00,0.00,0.00,0.00,0.00,0.00,-0.00,0.00,0
1.64111,-19,21,87,0,DRIVE [ 71 ] [ 1 ] [ 1834 1265 1916 ] [    0    0    0 ] [      0      0      0 ] [ 0 ],drive [ 70 ] [ 1 ] [ 1862 1230 1916 ] [   20   68    7 ] [   9921  17503  16325 ] [ 0 ],0.80,0.80,0.80,0.80,-15.19,17.15,0.00,0.00,0.00,0.00,0.00,-0.00,0.00,0.00,0.00,0.00,0.00,0.00,0.00,-0.00,0.00,0
1.65177,-15,21,85,0,DRIVE [ 71 ] [ 1 ] [ 1803 1339 1916 ] [    0    0    0 ] [      0      0      0 ] [ 0 ],drive [ 71 ] [ 1 ] [ 1834 1265 1916 ] [   21   68   15 ] [   9921  17503  16325 ] [ 0 ],0.80,0.80,0.80,0.80,-12.36,17.08,0.00,0.00,0.00,0.00,0.00,-0.00,0.00,0.00,0.00,0.00,0.00,0.00,0.00,-0.00,0.00,0
1.66514,-12,21,83,0,DRIVE [ 72 ] [ 1 ] [ 1767 1414 1916 ] [    0    0    0 ] [      0      0      0 ] [ 0 ],drive [ 71 ] [ 1 ] [ 1803 1339 1916 ] [   21   68   15 ] [   9921  17503  16325 ] [ 0 ],0.80,0.80,0.80,0.80,-9.37,16.96,0.00,0.00,0.00,0.00,0.00,-0.00,0.00,0.00,0.00,0.00,0.00,0.00,0.00,-0.00,0.00,0
1.67623,-8,21,82,0,DRIVE [ 72 ] [ 1 ] [ 1726 1488 1916 ] [    0    0    0 ] [      0      0      0 ] [ 0 ],drive [ 72 ] [ 1 ] [ 1767 1414 1916 ] [   21   68   15 ] [   9921  17503  16325 ] [ 0 ],0.80,0.80,0.80,0.80,-6.31,16.86,0.00,0.00,0.00,0.00,0.00,-0.00,0.00,0.00,0.00,0.00,0.00,0.00,0.00,-0.00,0.00,0
1.6865,-4,21,80,0,DRIVE [ 73 ] [ 1 ] [ 1678 1558 1916 ] [    0    0    0 ] [      0      0      0 ] [ 0 ],drive [ 72 ] [ 1 ] [ 1726 1488 1916 ] [   21   68   15 ] [   9942  17487  16322 ] [ 0 ],0.80,0.80,0.80,0.80,-3.17,16.73,0.00,0.00,0.00,0.00,0.00,-0.00,0.00,0.00,0.00,0.00,0.00,0.00,0.00,-0.00,0.00,0
1.69688,0,21,78,0,DRIVE [ 73 ] [ 1 ] [ 1621 1619 1916 ] [    0    0    0 ] [      0      0      0 ] [ 0 ],drive [ 73 ] [ 1 ] [ 1678 1558 1916 ] [   21   68   15 ] [   9942  17487  16322 ] [ 0 ],0.80,0.80,0.80,0.80,-0.04,16.52,0.00,0.00,0.00,0.00,0.00,-0.00,0.00,0.00,0.00,0.00,0.00,0.00,0.00,-0.00,0.00,0
1.70773,4,20,76,0,DRIVE [ 74 ] [ 1 ] [ 1552 1673 1916 ] [    0    0    0 ] [      0      0      0 ] [ 0 ],drive [ 73 ] [ 1 ] [ 1621 1619 1916 ] [   20   50   14 ] [   9942  17487  16322 ] [ 0 ],0.80,0.80,0.80,0.80,3.06,16.26,0.00,0.00,0.00,0.00,0.00,-0.00,0.00,0.00,0.00,0.00,0.00,0.00,-0.00,-0.00,0.00,0
1.71996,8,20,75,0,DRIVE [ 74 ] [ 1 ] [ 1471 1721 1916 ] [    0    0    0 ] [      0      0      0 ] [ 0 ],drive [ 74 ] [ 1 ] [ 1552 1673 1916 ] [   20   50   14 ] [   9942  17487  16322 ] [ 0 ],0.80,0.80,0.80,0.80,6.07,15.96,0.00,0.00,0.00,0.00,0.00,-0.00,0.00,0.00,0.00,0.00,0.00,0.00,0.00,0.00,0.00,0
1.73174,11,20,73,0,DRIVE [ 75 ] [ 1 ] [ 1376 1763 1916 ] [    0    0    0 ] [      0      0      0 ] [ 0 ],drive [ 74 ] [ 1 ] [ 1471 1721 1916 ] [   20   50   14 ] [   9942  17487  16322 ] [ 0 ],0.80,0.80,0.80,0.80,9.02,15.68,0.00,0.00,0.00,0.00,0.00,-0.00,0.00,0.00,0.00,0.00,0.00,0.00,0.00,0.00,0.00,0
1.74372,15,19,71,0,DRIVE [ 75 ] [ 1 ] [ 1274 1801 1916 ] [    0    0    0 ] [      0      0      0 ] [ 0 ],drive [ 75 ] [ 1 ] [ 1376 1763 1916 ] [   20   50   14 ] [  10069  17267  16322 ] [ 0 ],0.80,0.80,0.80,0.80,11.72,15.36,0.00,0.00,0.00,0.00,0.00,-0.00,0.00,0.00,0.00,0.00,0.00,0.00,0.00,0.00,0.00,0
1.7543,18,19,70,0,DRIVE [ 76 ] [ 1 ] [ 1230 1836 1916 ] [    0    0    0 ] [      0      0      0 ] [ 0 ],drive [ 75 ] [ 1 ] [ 1274 1801 1916 ] [   50   17   14 ] [  10069  17267  16322 ] [ 0 ],0.80,0.80,0.80,0.80,14.12,15.00,0.00,0.00,0.00,0.00,0.00,-0.00,0.00,0.00,0.00,0.00,0.00,0.00,0.00,0.00,0.00,0
1.76432,20,18,68,0,DRIVE [ 76 ] [ 1 ] [ 1230 1866 1916 ] [    0    0    0 ] [      0      0      0 ] [ 0 ],drive [ 76 ] [ 1 ] [ 1230 1836 1916 ] [   50   17   14 ] [  10069  17267  16322 ] [ 0 ],0.80,0.80,0.80,0.80,16.13,14.66,0.00,0.00,0.00,0.00,0.00,-0.00,0.00,0.00,0.00,0.00,0.00,0.00,0.00,0.00,0.00,0
1.77559,22,18,67,0,DRIVE [ 77 ] [ 1 ] [ 1230 1892 1916 ] [    0    0    0 ] [      0      0      0 ] [ 0 ],drive [ 76 ] [ 1 ] [ 1230 1866 1916 ] [   50   17   14 ] [  10069  17267  16322 ] [ 0 ],0.80,0.80,0.80,0.80,17.79,14.34,0.00,0.00,0.00,0.00,0.00,-0.00,0.00,0.00,0.00,0.00,0.00,0.00,0.00,0.00,0.00,0
1.78777,24,18,66,0,DRIVE [ 77 ] [ 1 ] [ 1230 1914 1916 ] [    0    0    0 ] [      0      0      0 ] [ 0 ],drive [ 77 ] [ 1 ] [ 1230 1892 1916 ] [   50   17   14 ] [  10828  16565  16301 ] [ 0 ],0.80,0.80,0.80,0.80,19.10,14.02,0.00,0.00,0.00,0.00,0.00,-0.00,0.00,0.00,0.00,0.00,0.00,0.00,0.00,0.00,0.00,0
1.79982,25,17,64,0,DRIVE [ 78 ] [ 1 ] [ 1230 1914 1920 ] [    0    0    0 ] [      0      0      0 ] [ 0 ],drive [ 77 ] [ 1 ] [ 1230 1914 1916 ] [   50   17   14 ] [  10828  16565  16301 ] [ 0 ],0.80,0.80,0.80,0.80,20.03,13.69,0.00,0.00,0.00,0.00,0.00,-0.00,0.00,0.00,0.00,0.00,0.00,0.00,0.00,0.00,0.00,0
1.81161,26,17,63,0,DRIVE [ 78 ] [ 1 ] [ 1230 1914 1908 ] [    0    0    0 ] [      0      0      0 ] [ 0 ],drive [ 78 ] [ 1 ] [ 1230 1914 1920 ] [   89    3   13 ] [  10828  16565  16301 ] [ 0 ],0.80,0.80,0.80,0.80,20.67,13.41,0.00,0.00,0.00,0.00,0.00,-0.00,0.00,0.00,0.00,0.00,0.00,0.00,0.00,0.00,0.00,0
1.82163,26,17,62,0,DRIVE [ 79 ] [ 1 ] [ 1230 1914 1901 ] [    0    0    0 ] [      0      0      0 ] [ 0 ],drive [ 78 ] [ 1 ] [ 1230 1914 1908 ] [   89    3   13 ] [  10828  16565  16301 ] [ 0 ],0.80,0.80,0.80,0.80,20.98,13.21,0.00,0.00,0.00,0.00,0.00,-0.00,0.00,0.00,0.00,0.00,0.00,0.00,0.00,0.00,0.00,0
1.83169,26,16,61,0,DRIVE [ 79 ] [ 1 ] [ 1230 1914 1896 ] [    0    0    0 ] [      0      0      0 ] [ 0 ],drive [ 79 ] [ 1 ] [ 1230 1914 1901 ] [   89    3   13 ] [  10828  16565  16301 ] [ 0 ],0.80,0.80,0.80,0.80,21.10,13.07,0.00,0.00,0.00,0.00,0.00,-0.00,0.00,0.00,0.00,0.00,0.00,0.00,0.00,0.00,0.00,0
1.8436,27,16,59,0,DRIVE [ 80 ] [ 1 ] [ 1230 1914 1893 ] [    0    0    0 ] [      0      0      0 ] [ 0 ],drive [ 79 ] [ 1 ] [ 1230 1914 1896 ] [   89    3   13 ] [  11578  15711  16259 ] [ 0 ],0.80,0.80,0.80,0.80,21.20,12.98,0.00,0.00,0.00,0.00,0.00,-0.00,0.00,0.00,0.00,0.00,0.00,0.00,0.00,0.00,0.00,0
1.85546,27,16,58,0,DRIVE [ 80 ] [ 1 ] [ 1230 1914 1887 ] [    0    0    0 ] [      0      0      0 ] [ 0 ],drive [ 80 ] [ 1 ] [ 1230 1914 1893 ] [   86   24   -2 ] [  11578  15711  16259 ] [ 0 ],0.80,0.80,0.80,0.80,21.52,12.92,0.00,0.00,0.00,0.00,0.00,-0.00,0.00,0.00,0.00,0.00,0.00,0.00,0.00,0.00,0.00,0
1.86791,28,16,57,0,DRIVE [ 81 ] [ 1 ] [ 1230 1914 1875 ] [    0    0    0 ] [      0      0      0 ] [ 0 ],drive [ 80 ] [ 1 ] [ 1230 1914 1887 ] [   86   24   -2 ] [  11578  15711  16259 ] [ 0 ],0.80,0.80,0.80,0.80,22.21,12.76,0.00,0.00,0.00,0.00,0.00,-0.00,0.00,0.00,0.00,0.00,0.00,0.00,0.00,0.00,0.00,0
1.87821,29,15,56,0,DRIVE [ 81 ] [ 1 ] [ 1230 1914 1854 ] [    0    0    0 ] [      0      0      0 ] [ 0 ],drive [ 81 ] [ 1 ] [ 1230 1914 1875 ] [   86   24   -2 ] [  11578  15711  16259 ] [ 0 ],0.80,0.80,0.80,0.80,23.22,12.40,0.00,0.00,0.00,0.00,0.00,0.00,0.00,0.00,0.00,0.00,0.00,0.00,0.00,0.00,0.00,0
1.8881,31,15,54,0,DRIVE [ 82 ] [ 1 ] [ 1230 1914 1828 ] [    0    0    0 ] [      0      0      0 ] [ 0 ],drive [ 81 ] [ 1 ] [ 1230 1914 1854 ] [   86   24   -2 ] [  11618  15613  16250 ] [ 0 ],0.80,0.80,0.80,0.80,24.48,11.93,0.00,0.00,0.00,0.00,0.00,0.00,0.00,0.00,0.00,0.00,0.00,0.00,0.00,0.00,0.00,0
1.89989,32,14,53,0,DRIVE [ 82 ] [ 1 ] [ 1230 1914 1801 ] [    0    0    0 ] [      0      0      0 ] [ 0 ],drive [ 82 ] [ 1 ] [ 1230 1914 1828 ] [   86   24   -2 ] [  11618  15613  16250 ] [ 0 ],0.80,0.80,0.80,0.80,25.67,11.43,0.00,0.00,0.00,0.00,0.00,0.00,0.00,0.00,0.00,0.00,0.00,0.00,0.00,0.00,0.00,0
1.91166,33,14,52,0,DRIVE [ 83 ] [ 1 ] [ 1230 1914 1774 ] [    0    0    0 ] [      0      0      0 ] [ 0 ],drive [ 82 ] [ 1 ] [ 1230 1914 1801 ] [   88   24    3 ] [  11618  15613  16250 ] [ 0 ],0.80,0.80,0.80,0.80,26.63,10.84,0.00,0.00,0.00,0.00,0.00,0.00,0.00,0.00,0.00,0.00,0.00,0.00,0.00,0.00,0.00,0
1.92319,34,13,51,0,DRIVE [ 83 ] [ 1 ] [ 1230 1914 1748 ] [    0    0    0 ] [      0      0      0 ] [ 0 ],drive [ 83 ] [ 1 ] [ 1230 1914 1774 ] [   88   24    3 ] [  11618  15613  16250 ] [ 0 ],0.80,0.80,0.80,0.80,27.33,10.14,0.00,0.00,0.00,0.00,0.00,0.00,0.00,0.00,0.00,0.00,0.00,0.00,0.00,0.00,0.00,0
1.93567,35,12,50,0,DRIVE [ 84 ] [ 1 ] [ 1230 1914 1725 ] [    0    0    0 ] [      0      0      0 ] [ 0 ],drive [ 83 ] [ 1 ] [ 1230 1914 1748 ] [   88   24    3 ] [  11990  15420  16257 ] [ 0 ],0.80,0.80,0.80,0.80,27.65,9.40,0.00,0.00,0.00,0.00,0.00,0.00,0.00,0.00,0.00,0.00,0.00,0.00,0.00,0.00,0.00,0
1.94593,34,11,49,0,DRIVE [ 84 ] [ 1 ] [ 1230 1914 1708 ] [    0    0    0 ] [      0      0      0 ] [ 0 ],drive [ 84 ] [ 1 ] [ 1230 1914 1725 ] [   88   24    3 ] [  11990  15420  16257 ] [ 0 ],0.80,0.80,0.80,0.80,27.51,8.65,0.00,0.00,0.00,0.00,0.00,0.00,0.00,0.00,0.00,0.00,0.00,0.00,0.00,0.00,0.00,0
1.95568,34,10,49,0,DRIVE [ 85 ] [ 1 ] [ 1230 1914 1698 ] [    0    0    0 ] [      0      0      0 ] [ 0 ],drive [ 84 ] [ 1 ] [ 1230 1914 1708 ] [   88   15   24 ] [  11990  15420  16257 ] [ 0 ],0.80,0.80,0.80,0.80,26.93,7.96,0.00,0.00,0.00,0.00,0.00,0.00,0.00,0.00,0.00,0.00,0.00,0.00,0.00,0.00,0.00,0
1.96754,32,9,48,0,DRIVE [ 85 ] [ 1 ] [ 1230 1914 1694 ] [    0    0    0 ] [      0      0      0 ] [ 0 ],drive [ 85 ] [ 1 ] [ 1230 1914 1698 ] [   88   15   24 ] [  11990  15420  16257 ] [ 0 ],0.80,0.80,0.80,0.80,25.88,7.31,0.00,0.00,0.00,0.00,0.00,0.00,0.00,0.00,0.00,0.00,0.00,0.00,0.00,0.00,0.00,0
1.9795,31,8,47,0,DRIVE [ 86 ] [ 1 ] [ 1230 1914 1695 ] [    0    0    0 ] [      0      0      0 ] [ 0 ],drive [ 85 ] [ 1 ] [ 1230 1914 1694 ] [   88   15   24 ] [  11990  15420  16257 ] [ 0 ],0.80,0.80,0.80,0.80,24.56,6.67,0.00,0.00,0.00,0.00,0.00,0.00,0.00,0.00,0.00,0.00,0.00,0.00,0.00,0.00,0.00,0
1.99119,29,8,46,0,DRIVE [ 86 ] [ 1 ] [ 1230 1914 1697 ] [    0    0    0 ] [      0      0      0 ] [ 0 ],drive [ 86 ] [ 1 ] [ 1230 1914 1695 ] [   88   15   24 ] [  12611  14718  16276 ] [ 0 ],0.80,0.80,0.80,0.80,23.05,6.01,0.00,0.00,0.00,0.00,0.00,0.00,0.00,0.00,0.00,0.00,0.00,0.00,0.00,0.00,0.00,0
2.00358,27,7,45,0,DRIVE [ 87 ] [ 1 ] [ 1230 1914 1700 ] [    0    0    0 ] [      0      0      0 ] [ 0 ],drive [ 86 ] [ 1 ] [ 1230 1914 1697 ] [   61    3   36 ] [  12611  14718  16276 ] [ 0 ],0.80,0.80,0.80,0.80,21.51,5.37,0.00,0.00,0.00,0.00,0.00,0.00,0.00,0.00,0.00,0.00,0.00,0.00,0.00,0.00,0.00,0
2.01371,25,6,44,0,DRIVE [ 87 ] [ 1 ] [ 1230 1914 1703 ] [    0    0    0 ] [      0      0      0 ] [ 0 ],drive [ 87 ] [ 1 ] [ 1230 1914 1700 ] [   61    3   36 ] [  12611  14718  16276 ] [ 0 ],0.80,0.80,0.80,0.80,19.92,4.71,0.00,0.00,0.00,0.00,0.00,0.00,0.00,0.00,0.00,0.00,0.00,0.00,0.00,0.00,0.00,0
2.02338,23,5,43,0,DRIVE [ 88 ] [ 1 ] [ 1230 1914 1707 ] [    0    0    0 ] [      0      0      0 ] [ 0 ],drive [ 87 ] [ 1 ] [ 1230 1914 1703 ] [   61    3   36 ] [  12611  14718  16276 ] [ 0 ],0.80,0.80,0.80,0.80,18.28,4.05,0.00,0.00,0.00,0.00,0.00,0.00,0.00,0.00,0.00,0.00,0.00,0.00,0.00,0.00,0.00,0
2.0362,21,4,41,0,DRIVE [ 88 ] [ 1 ] [ 1230 1914 1714 ] [    0    0    0 ] [      0      0      0 ] [ 0 ],drive [ 88 ] [ 1 ] [ 1230 1914 1707 ] [   61    3   36 ] [  12608  14297  16277 ] [ 0 ],0.80,0.80,0.80,0.80,16.55,3.43,0.00,0.00,0.00,0.00,0.00,0.00,0.00,0.00,0.00,0.00,0.00,0.00,0.00,0.00,0.00,0
2.04773,18,4,40,0,DRIVE [ 89 ] [ 1 ] [ 1230 1914 1723 ] [    0    0    0 ] [      0      0      0 ] [ 1 ],drive [ 88 ] [ 1 ] [ 1230 1914 1714 ] [   61    3   36 ] [  12608  14297  16277 ] [ 0 ],0.80,0.80,0.80,0.80,14.75,2.86,0.00,0.00,0.00,0.00,0.00,0.00,0.00,0.00,0.00,0.00,0.00,0.00,-0.00,-0.00,0.00,0
2.05932,16,3,39,0,DRIVE [ 89 ] [ 1 ] [ 1230 1914 1736 ] [    0    0    0 ] [      0      0      0 ] [ 1 ],drive [ 89 ] [ 1 ] [ 1230 1914 1723 ] [   61   20   35 ] [  12608  14297  16277 ] [ 1 ],0.80,0.80,0.80,0.80,12.90,2.33,0.00,0.00,0.00,0.00,0.00,0.00,0.00,0.00,0.00,0.00,0.00,0.00,-0.00,-0.00,0.00,0
2.06952,14,2,37,0,DRIVE [ 90 ] [ 1 ] [ 1248 1914 1751 ] [    0    0    0 ] [      0      0      0 ] [ 1 ],drive [ 89 ] [ 1 ] [ 1230 1914 1736 ] [   61   20   35 ] [  12608  14297  16277 ] [ 1 ],0.80,0.80,0.80,0.80,11.04,1.83,0.00,0.00,0.00,0.00,0.00,0.00,0.00,0.00,0.00,0.00,0.00,0.00,-0.00,-0.00,0.00,0
2.0794,12,2,36,0,DRIVE [ 90 ] [ 1 ] [ 1341 1914 1767 ] [    0    0    0 ] [      0      0      0 ] [ 1 ],drive [ 90 ] [ 1 ] [ 1248 1914 1751 ] [   61   20   35 ] [  12608  14297  16277 ] [ 1 ],0.80,0.80,0.80,0.80,9.22,1.35,0.00,0.00,0.00,0.00,0.00,0.00,0.00,0.00,0.00,0.00,0.00,0.00,-0.00,-0.00,0.00,0
2.09098,9,1,35,0,DRIVE [ 91 ] [ 1 ] [ 1442 1914 1786 ] [    0    0    0 ] [      0      0      0 ] [ 1 ],drive [ 90 ] [ 1 ] [ 1341 1914 1767 ] [   61   20   35 ] [  12611  14218  16276 ] [ 1 ],0.80,0.80,0.80,0.80,7.40,0.91,0.00,0.00,0.00,0.00,0.00,0.00,0.00,0.00,0.00,0.00,0.00,0.00,-0.00,-0.00,0.00,0
2.10334,7,1,33,0,DRIVE [ 91 ] [ 1 ] [ 1555 1914 1808 ] [    0    0    0 ] [      0      0      0 ] [ 1 ],drive [ 91 ] [ 1 ] [ 1442 1914 1786 ] [   52   17   29 ] [  12611  14218  16276 ] [ 1 ],0.80,0.80,0.80,0.80,5.55,0.47,0.00,0.00,0.00,0.00,0.00,0.00,0.00,0.00,0.00,0.00,0.00,0.00,-0.00,-0.00,0.00,0
2.11522,5,0,32,0,DRIVE [ 92 ] [ 1 ] [ 1675 1914 1836 ] [    0    0    0 ] [      0      0      0 ] [ 1 ],drive [ 91 ] [ 1 ] [ 1555 1914 1808 ] [   52   17   29 ] [  12611  14218  16276 ] [ 1 ],0.80,0.80,0.80,0.80,3.69,0.13,0.00,0.00,0.00,0.00,0.00,0.00,0.00,0.00,0.00,0.00,0.00,0.00,-0.00,-0.00,0.00,0
2.12732,2,0,30,0,DRIVE [ 92 ] [ 1 ] [ 1803 1914 1866 ] [    0    0    0 ] [      0      0      0 ] [ 1 ],drive [ 92 ] [ 1 ] [ 1675 1914 1836 ] [   52   17   29 ] [  12611  14218  16276 ] [ 1 ],0.80,0.80,0.80,0.80,1.87,-0.19,0.00,0.00,0.00,0.00,0.00,0.00,0.00,0.00,0.00,0.00,0.00,0.00,-0.00,0.00,0.00,0
2.1381,0,0,29,1,DRIVE [ 93 ] [ 1 ] [ 1910 1914 1896 ] [    0    0    0 ] [      0      0      0 ] [ 1 ],drive [ 92 ] [ 1 ] [ 1803 1914 1866 ] [   52   17   29 ] [  12573  14261  16270 ] [ 1 ],0.80,0.80,0.80,0.80,0.31,-0.32,0.00,0.00,0.00,0.00,0.00,0.00,0.00,0.00,0.00,0.00,0.00,0.00,-0.00,0.00,0.00,0
