timestamp,Xmm,Ymm,Zmm,TouchDetected,OutgoingPacket,IncomingPacket,GainPropAb, GainPropAd, GainPropFl, GainPropEx,PropA, PropB, PropC,GainIntegAb, GainIntegAd, GainIntegFl, GainIntegEx,IntegA, IntegB, IntegC,GainDerivAb, GainDerivAd, GainDerivFl, GainDerivEx,DerivA, DerivB, DerivC,Heading5
3.17887,81,-81,595,1,DRIVE [ 95 ] [ 1 ] [ 1822 1707 1918 ] [    0    0    0 ] [      0      0      0 ] [ 1 ],drive [ 94 ] [ 1 ] [ 1823 1713 1918 ] [   13   20   17 ] [   7390  15175  16513 ] [ 1 ],0.80,0.80,0.80,0.80,-0.81,2.27,0.00,0.00,0.00,0.00,0.00,-0.00,0.00,0.00,0.00,0.00,0.00,0.00,0.00,0.00,0.00,0
0.00150952,81,-81,595,0,DRIVE [ 32 ] [ 1 ] [ 1926 1926 1926 ] [    0    0    0 ] [      0      0      0 ] [ 0 ],drive [ 32 ] [ 1 ] [ 1764 1926 1639 ] [   32    1   41 ] [   6515  13720  18263 ] [ 0 ],0.80,0.80,0.80,0.80,58.36,-58.21,0.00,0.00,0.00,0.00,0.00,0.00,0.00,0.00,0.00,0.00,0.00,0.00,0.00,0.00,0.00,0
0.0181894,75,-82,587,0,DRIVE [ 33 ] [ 1 ] [ 1924 1926 1922 ] [    0    0    0 ] [      0      0      0 ] [ 0 ],drive [ 32 ] [ 1 ] [ 1926 1926 1926 ] [   32    1   41 ] [   6503  13760  18264 ] [ 0 ],0.80,0.80,0.80,0.80,59.92,-65.73,0.00,0.00,0.00,0.00,0.00,0.00,0.00,0.00,0.00,0.00,0.00,0.00,0.00,0.00,0.00,0
0.0325997,76,-84,604,0,DRIVE [ 33 ] [ 1 ] [ 1921 1926 1917 ] [    0    0    0 ] [      0      0      0 ] [ 0 ],drive [ 33 ] [ 1 ] [ 1924 1926 1922 ] [   25   21   41 ] [   6503  13760  18264 ] [ 0 ],0.80,0.80,0.80,0.80,60.86,-67.39,0.00,0.00,0.00,0.00,0.00,0.00,0.00,0.00,0.00,0.00,0.00,0.00,0.00,0.00,0.00,0
0.0469089,74,-83,594,0,DRIVE [ 34 ] [ 1 ] [ 1919 1926 1912 ] [    0    0    0 ] [      0      0      0 ] [ 0 ],drive [ 33 ] [ 1 ] [ 1921 1926 1917 ] [   25   21   41 ] [   6503  13760  18264 ] [ 0 ],0.80,0.80,0.80,0.80,59.14,-66.22,0.00,0.00,0.00,0.00,0.00,0.00,0.00,0.00,0.00,0.00,0.00,0.00,-0.00,0.00,0.00,0
0.0620468,74,-83,597,0,DRIVE [ 34 ] [ 1 ] [ 1917 1926 1908 ] [    0    0    0 ] [      0      0      0 ] [ 0 ],drive [ 34 ] [ 1 ] [ 1919 1926 1912 ] [   25   21   41 ] [   6027  13839  17946 ] [ 0 ],0.80,0.80,0.80,0.80,59.26,-66.39,0.00,0.00,0.00,0.00,0.00,0.00,0.00,0.00,0.00,0.00,0.00,0.00,-0.00,0.00,0.00,0
0.0766929,75,-83,599,0,DRIVE [ 35 ] [ 1 ] [ 1915 1926 1904 ] [    0    0    0 ] [      0      0      0 ] [ 0 ],drive [ 34 ] [ 1 ] [ 1917 1926 1908 ] [   -2   21   26 ] [   6027  13839  17946 ] [ 0 ],0.80,0.80,0.80,0.80,59.61,-66.56,0.00,0.00,0.00,0.00,0.00,0.00,0.00,0.00,0.00,0.00,0.00,0.00,0.00,0.00,0.00,0
0.0912076,78,-86,601,0,DRIVE [ 35 ] [ 1 ] [ 1912 1926 1899 ] [    0    0    0 ] [      0      0      0 ] [ 0 ],drive [ 35 ] [ 1 ] [ 1915 1926 1904 ] [   -2   21   26 ] [   6027  13839  17946 ] [ 0 ],0.80,0.80,0.80,0.80,62.72,-68.68,0.00,0.00,0.00,0.00,0.00,0.00,0.00,0.00,0.00,0.00,0.00,0.00,0.00,0.00,0.00,0
0.10478,78,-86,601,0,DRIVE [ 36 ] [ 1 ] [ 1913 1926 1902 ] [    0    0    0 ] [      0      0      0 ] [ 0 ],drive [ 35 ] [ 1 ] [ 1912 1926 1899 ] [   -2   21   26 ] [   5590  14019  17749 ] [ 0 ],0.80,0.80,0.80,0.80,56.45,-61.81,0.00,0.00,0.00,0.00,0.00,0.00,0.00,0.00,0.00,0.00,0.00,0.00,0.00,0.00,0.00,0
0.118854,78,-86,601,0,DRIVE [ 36 ] [ 1 ] [ 1915 1926 1904 ] [    0    0    0 ] [      0      0      0 ] [ 0 ],drive [ 36 ] [ 1 ] [ 1913 1926 1902 ] [   22   22   16 ] [   5590  14019  17749 ] [ 0 ],0.80,0.80,0.80,0.80,50.80,-55.63,0.00,0.00,0.00,0.00,0.00,0.00,0.00,0.00,0.00,0.00,0.00,0.00,0.00,0.00,0.00,0
0.132941,86,-91,598,0,DRIVE [ 37 ] [ 1 ] [ 1903 1926 1883 ] [    0    0    0 ] [      0      0      0 ] [ 0 ],drive [ 36 ] [ 1 ] [ 1915 1926 1904 ] [   22   22   16 ] [   5590  14019  17749 ] [ 0 ],0.80,0.80,0.80,0.80,68.78,-72.95,0.00,0.00,0.00,0.00,0.00,0.00,0.00,0.00,0.00,0.00,0.00,0.00,0.00,0.00,0.00,0
0.147695,94,-95,602,0,DRIVE [ 37 ] [ 1 ] [ 1899 1926 1877 ] [    0    0    0 ] [      0      0      0 ] [ 0 ],drive [ 37 ] [ 1 ] [ 1903 1926 1883 ] [   22   22   16 ] [   5590  14019  17749 ] [ 0 ],0.80,0.80,0.80,0.80,75.15,-76.27,0.00,0.00,0.00,0.00,0.00,0.00,0.00,0.00,0.00,0.00,0.00,0.00,0.00,0.00,0.00,0
0.162263,-271,1,556,0,DRIVE [ 38 ] [ 1 ] [ 1899 1793 1875 ] [    0    0    0 ] [      0      0      0 ] [ 0 ],drive [ 37 ] [ 1 ] [ 1899 1926 1877 ] [   22   22   16 ] [   5591  14016  17749 ] [ 0 ],0.80,0.80,0.80,0.80,-216.96,1.09,0.00,0.00,0.00,0.00,0.00,0.00,0.00,0.00,0.00,0.00,0.00,0.00,0.00,0.00,0.00,0
0.176336,-265,2,547,0,DRIVE [ 38 ] [ 1 ] [ 1899 1782 1871 ] [    0    0    0 ] [      0      0      0 ] [ 0 ],drive [ 38 ] [ 1 ] [ 1899 1793 1875 ] [   24   22   18 ] [   5591  14016  17749 ] [ 0 ],0.80,0.80,0.80,0.80,-212.07,1.83,0.00,0.00,0.00,0.00,0.00,0.00,0.00,0.00,0.00,0.00,0.00,0.00,0.00,0.00,0.00,0
0.190734,-263,4,545,0,DRIVE [ 39 ] [ 1 ] [ 1899 1771 1867 ] [    0    0    0 ] [      0      0      0 ] [ 0 ],drive [ 38 ] [ 1 ] [ 1899 1782 1871 ] [   24   22   18 ] [   5591  14016  17749 ] [ 0 ],0.80,0.80,0.80,0.80,-210.22,2.96,0.00,0.00,0.00,0.00,0.00,0.00,0.00,0.00,0.00,0.00,0.00,0.00,0.00,-0.00,0.00,0
0.204751,-260,5,542,0,DRIVE [ 39 ] [ 1 ] [ 1899 1759 1864 ] [    0    0    0 ] [      0      0      0 ] [ 0 ],drive [ 39 ] [ 1 ] [ 1899 1771 1867 ] [   24   22   18 ] [   5600  14137  17749 ] [ 0 ],0.80,0.80,0.80,0.80,-207.89,4.27,0.00,0.00,0.00,0.00,0.00,0.00,0.00,0.00,0.00,0.00,0.00,0.00,0.00,-0.00,0.00,0
0.219266,-257,6,540,0,DRIVE [ 40 ] [ 1 ] [ 1899 1748 1861 ] [    0    0    0 ] [      0      0      0 ] [ 0 ],drive [ 39 ] [ 1 ] [ 1899 1759 1864 ] [   21   22   18 ] [   5600  14137  17749 ] [ 0 ],0.80,0.80,0.80,0.80,-205.53,5.15,0.00,0.00,0.00,0.00,0.00,0.00,0.00,0.00,0.00,0.00,0.00,0.00,0.00,-0.00,0.00,0
0.23328,-257,6,540,0,DRIVE [ 40 ] [ 1 ] [ 1899 1766 1867 ] [    0    0    0 ] [      0      0      0 ] [ 0 ],drive [ 40 ] [ 1 ] [ 1899 1748 1861 ] [   21   22   18 ] [   5600  14137  17749 ] [ 0 ],0.80,0.80,0.80,0.80,-184.98,4.64,0.00,0.00,0.00,0.00,0.00,0.00,0.00,0.00,0.00,0.00,0.00,0.00,0.00,-0.00,0.00,0
0.246969,-252,8,539,0,DRIVE [ 41 ] [ 1 ] [ 1899 1728 1854 ] [    0    0    0 ] [      0      0      0 ] [ 0 ],drive [ 40 ] [ 1 ] [ 1899 1766 1867 ] [   21   22   18 ] [   5600  14137  17749 ] [ 0 ],0.80,0.80,0.80,0.80,-201.87,6.46,0.00,0.00,0.00,0.00,0.00,0.00,0.00,0.00,0.00,0.00,0.00,0.00,0.00,-0.00,0.00,0
0.261325,-247,9,537,0,DRIVE [ 41 ] [ 1 ] [ 1899 1720 1852 ] [    0    0    0 ] [      0      0      0 ] [ 0 ],drive [ 41 ] [ 1 ] [ 1899 1728 1854 ] [   21   22   18 ] [   5602  14299  17748 ] [ 0 ],0.80,0.80,0.80,0.80,-197.34,7.57,0.00,0.00,0.00,0.00,0.00,0.00,0.00,0.00,0.00,0.00,0.00,0.00,0.00,-0.00,0.00,0
0.275456,-243,11,539,0,DRIVE [ 42 ] [ 1 ] [ 1899 1711 1851 ] [    0    0    0 ] [      0      0      0 ] [ 0 ],drive [ 41 ] [ 1 ] [ 1899 1720 1852 ] [   21   17   19 ] [   5602  14299  17748 ] [ 0 ],0.80,0.80,0.80,0.80,-194.57,8.82,0.00,0.00,0.00,0.00,0.00,0.00,0.00,0.00,0.00,0.00,0.00,0.00,0.00,-0.00,0.00,0
0.29054,-239,13,540,0,DRIVE [ 42 ] [ 1 ] [ 1899 1703 1849 ] [    0    0    0 ] [      0      0      0 ] [ 0 ],drive [ 42 ] [ 1 ] [ 1899 1711 1851 ] [   21   17   19 ] [   5602  14299  17748 ] [ 0 ],0.80,0.80,0.80,0.80,-191.41,10.02,0.00,0.00,0.00,0.00,0.00,0.00,0.00,0.00,0.00,0.00,0.00,0.00,0.00,-0.00,0.00,0
0.304452,-235,14,543,0,DRIVE [ 43 ] [ 1 ] [ 1899 1697 1848 ] [    0    0    0 ] [      0      0      0 ] [ 0 ],drive [ 42 ] [ 1 ] [ 1899 1703 1849 ] [   21   17   19 ] [   5604  14302  17748 ] [ 0 ],0.80,0.80,0.80,0.80,-187.75,10.99,0.00,0.00,0.00,0.00,0.00,0.00,0.00,0.00,0.00,0.00,0.00,0.00,0.00,-0.00,0.00,0
0.318924,-229,15,541,0,DRIVE [ 43 ] [ 1 ] [ 1899 1691 1847 ] [    0    0    0 ] [      0      0      0 ] [ 0 ],drive [ 43 ] [ 1 ] [ 1899 1697 1848 ] [   21   17   19 ] [   5604  14302  17748 ] [ 0 ],0.80,0.80,0.80,0.80,-182.89,11.86,0.00,0.00,0.00,0.00,0.00,0.00,0.00,0.00,0.00,0.00,0.00,0.00,0.00,-0.00,0.00,0
0.332943,-224,16,543,0,DRIVE [ 44 ] [ 1 ] [ 1899 1685 1847 ] [    0    0    0 ] [      0      0      0 ] [ 0 ],drive [ 43 ] [ 1 ] [ 1899 1691 1847 ] [   19   18   21 ] [   5604  14302  17748 ] [ 0 ],0.80,0.80,0.80,0.80,-178.85,12.94,0.00,0.00,0.00,0.00,0.00,0.00,0.00,0.00,0.00,0.00,0.00,0.00,0.00,-0.00,0.00,0
0.347532,-220,18,547,0,DRIVE [ 44 ] [ 1 ] [ 1899 1680 1847 ] [    0    0    0 ] [      0      0      0 ] [ 0 ],drive [ 44 ] [ 1 ] [ 1899 1685 1847 ] [   19   18   21 ] [   5604  14302  17748 ] [ 0 ],0.80,0.80,0.80,0.80,-175.60,14.22,0.00,0.00,0.00,0.00,0.00,0.00,0.00,0.00,0.00,0.00,0.00,0.00,0.00,-0.00,0.00,0
0.361297,-213,20,549,0,DRIVE [ 45 ] [ 1 ] [ 1899 1675 1848 ] [    0    0    0 ] [      0      0      0 ] [ 0 ],drive [ 44 ] [ 1 ] [ 1899 1680 1847 ] [   19   18   21 ] [   5612  14304  17749 ] [ 0 ],0.80,0.80,0.80,0.80,-170.55,15.92,0.00,0.00,0.00,0.00,0.00,0.00,0.00,0.00,0.00,0.00,0.00,0.00,0.00,-0.00,0.00,0
0.375073,-207,22,550,0,DRIVE [ 45 ] [ 1 ] [ 1899 1671 1849 ] [    0    0    0 ] [      0      0      0 ] [ 0 ],drive [ 45 ] [ 1 ] [ 1899 1675 1848 ] [   18   21   20 ] [   5612  14304  17749 ] [ 0 ],0.80,0.80,0.80,0.80,-165.82,17.60,0.00,0.00,0.00,0.00,0.00,0.00,0.00,0.00,0.00,0.00,0.00,0.00,0.00,-0.00,0.00,0
0.38955,-202,24,551,0,DRIVE [ 46 ] [ 1 ] [ 1899 1667 1850 ] [    0    0    0 ] [      0      0      0 ] [ 0 ],drive [ 45 ] [ 1 ] [ 1899 1671 1849 ] [   18   21   20 ] [   5612  14304  17749 ] [ 0 ],0.80,0.80,0.80,0.80,-161.20,19.38,0.00,0.00,0.00,0.00,0.00,0.00,0.00,0.00,0.00,0.00,0.00,0.00,0.00,-0.00,0.00,0
0.403141,-194,27,548,0,DRIVE [ 46 ] [ 1 ] [ 1899 1663 1853 ] [    0    0    0 ] [      0      0      0 ] [ 0 ],drive [ 46 ] [ 1 ] [ 1899 1667 1850 ] [   18   21   20 ] [   5612  14304  17749 ] [ 0 ],0.80,0.80,0.80,0.80,-155.01,21.73,0.00,0.00,0.00,0.00,0.00,0.00,0.00,0.00,0.00,0.00,0.00,0.00,0.00,-0.00,0.00,0
0.417657,-186,30,544,0,DRIVE [ 47 ] [ 1 ] [ 1899 1659 1856 ] [    0    0    0 ] [      0      0      0 ] [ 0 ],drive [ 46 ] [ 1 ] [ 1899 1663 1853 ] [   18   21   20 ] [   5629  14308  17749 ] [ 0 ],0.80,0.80,0.80,0.80,-149.05,24.14,0.00,0.00,0.00,0.00,0.00,0.00,0.00,0.00,0.00,0.00,0.00,0.00,0.00,-0.00,0.00,0
0.431733,-179,33,539,0,DRIVE [ 47 ] [ 1 ] [ 1899 1653 1859 ] [    0    0    0 ] [      0      0      0 ] [ 0 ],drive [ 47 ] [ 1 ] [ 1899 1659 1856 ] [   11   23   20 ] [   5629  14308  17749 ] [ 0 ],0.80,0.80,0.80,0.80,-143.28,26.46,0.00,0.00,0.00,0.00,0.00,0.00,0.00,0.00,0.00,0.00,0.00,0.00,0.00,-0.00,0.00,0
0.445946,-171,35,529,0,DRIVE [ 48 ] [ 1 ] [ 1899 1647 1862 ] [    0    0    0 ] [      0      0      0 ] [ 0 ],drive [ 47 ] [ 1 ] [ 1899 1653 1859 ] [   11   23   20 ] [   5629  14308  17749 ] [ 0 ],0.80,0.80,0.80,0.80,-136.87,28.33,0.00,0.00,0.00,0.00,0.00,0.00,0.00,0.00,0.00,0.00,0.00,0.00,0.00,-0.00,0.00,0
0.460534,-162,38,521,0,DRIVE [ 48 ] [ 1 ] [ 1899 1642 1866 ] [    0    0    0 ] [      0      0      0 ] [ 0 ],drive [ 48 ] [ 1 ] [ 1899 1647 1862 ] [   11   23   20 ] [   5647  14312  17748 ] [ 0 ],0.80,0.80,0.80,0.80,-129.98,30.73,0.00,0.00,0.00,0.00,0.00,0.00,0.00,0.00,0.00,0.00,0.00,0.00,0.00,-0.00,0.00,0
0.474661,-155,41,515,0,DRIVE [ 49 ] [ 1 ] [ 1899 1636 1870 ] [    0    0    0 ] [      0      0      0 ] [ 0 ],drive [ 48 ] [ 1 ] [ 1899 1642 1866 ] [    5   26   19 ] [   5647  14312  17748 ] [ 0 ],0.80,0.80,0.80,0.80,-124.18,32.98,0.00,0.00,0.00,0.00,0.00,0.00,0.00,0.00,0.00,0.00,0.00,0.00,0.00,-0.00,0.00,0
0.489064,-148,44,507,0,DRIVE [ 49 ] [ 1 ] [ 1899 1631 1874 ] [    0    0    0 ] [      0      0      0 ] [ 0 ],drive [ 49 ] [ 1 ] [ 1899 1636 1870 ] [    5   26   19 ] [   5647  14312  17748 ] [ 0 ],0.80,0.80,0.80,0.80,-118.47,34.81,0.00,0.00,0.00,0.00,0.00,0.00,0.00,0.00,0.00,0.00,0.00,0.00,0.00,-0.00,0.00,0
0.503066,-142,46,502,0,DRIVE [ 50 ] [ 1 ] [ 1899 1625 1878 ] [    0    0    0 ] [      0      0      0 ] [ 0 ],drive [ 49 ] [ 1 ] [ 1899 1631 1874 ] [    5   26   19 ] [   5647  14312  17748 ] [ 0 ],0.80,0.80,0.80,0.80,-113.69,36.58,0.00,0.00,0.00,0.00,0.00,0.00,0.00,0.00,0.00,0.00,0.00,0.00,0.00,-0.00,0.00,0
0.51836,-137,48,497,0,DRIVE [ 50 ] [ 1 ] [ 1899 1619 1881 ] [    0    0    0 ] [      0      0      0 ] [ 0 ],drive [ 50 ] [ 1 ] [ 1899 1625 1878 ] [    5   26   19 ] [   5662  14316  17746 ] [ 0 ],0.80,0.80,0.80,0.80,-109.58,38.03,0.00,0.00,0.00,0.00,0.00,0.00,0.00,0.00,0.00,0.00,0.00,0.00,0.00,-0.00,0.00,0
0.53256,-131,49,491,0,DRIVE [ 51 ] [ 1 ] [ 1899 1613 1885 ] [    0    0    0 ] [      0      0      0 ] [ 0 ],drive [ 50 ] [ 1 ] [ 1899 1619 1881 ] [   12   29   13 ] [   5662  14316  17746 ] [ 0 ],0.80,0.80,0.80,0.80,-105.11,39.38,0.00,0.00,0.00,0.00,0.00,0.00,0.00,0.00,0.00,0.00,0.00,0.00,0.00,-0.00,0.00,0
0.547333,-127,51,487,0,DRIVE [ 51 ] [ 1 ] [ 1899 1606 1888 ] [    0    0    0 ] [      0      0      0 ] [ 0 ],drive [ 51 ] [ 1 ] [ 1899 1613 1885 ] [   12   29   13 ] [   5662  14316  17746 ] [ 0 ],0.80,0.80,0.80,0.80,-101.36,40.60,0.00,0.00,0.00,0.00,0.00,0.00,0.00,0.00,0.00,0.00,0.00,0.00,0.00,-0.00,0.00,0
0.561107,-123,52,483,0,DRIVE [ 52 ] [ 1 ] [ 1899 1599 1891 ] [    0    0    0 ] [      0      0      0 ] [ 0 ],drive [ 51 ] [ 1 ] [ 1899 1606 1888 ] [   12   29   13 ] [   5696  14324  17667 ] [ 0 ],0.80,0.80,0.80,0.80,-98.34,41.75,0.00,0.00,0.00,0.00,0.00,0.00,0.00,0.00,0.00,0.00,0.00,0.00,0.00,-0.00,0.00,0
0.575522,-119,53,478,0,DRIVE [ 52 ] [ 1 ] [ 1899 1593 1894 ] [    0    0    0 ] [      0      0      0 ] [ 0 ],drive [ 52 ] [ 1 ] [ 1899 1599 1891 ] [   22   38    7 ] [   5696  14324  17667 ] [ 0 ],0.80,0.80,0.80,0.80,-95.01,42.61,0.00,0.00,0.00,0.00,0.00,0.00,0.00,0.00,0.00,0.00,0.00,0.00,0.00,-0.00,0.00,0
0.5902,-114,54,474,0,DRIVE [ 53 ] [ 1 ] [ 1899 1586 1898 ] [    0    0    0 ] [      0      0      0 ] [ 0 ],drive [ 52 ] [ 1 ] [ 1899 1593 1894 ] [   22   38    7 ] [   5696  14324  17667 ] [ 0 ],0.80,0.80,0.80,0.80,-91.59,43.59,0.00,0.00,0.00,0.00,0.00,0.00,0.00,0.00,0.00,0.00,0.00,0.00,0.00,-0.00,0.00,0
0.604914,-110,55,468,0,DRIVE [ 53 ] [ 1 ] [ 1899 1580 1900 ] [    0    0    0 ] [      0      0      0 ] [ 0 ],drive [ 53 ] [ 1 ] [ 1899 1586 1898 ] [   22   38    7 ] [   6037  14331  17546 ] [ 0 ],0.80,0.80,0.80,0.80,-88.37,44.11,0.00,0.00,0.00,0.00,0.00,0.00,0.00,0.00,0.00,0.00,0.00,0.00,0.00,-0.00,0.00,0
0.619662,-107,56,461,0,DRIVE [ 54 ] [ 1 ] [ 1899 1572 1903 ] [    0    0    0 ] [      0      0      0 ] [ 0 ],drive [ 53 ] [ 1 ] [ 1899 1580 1900 ] [    4   47   18 ] [   6037  14331  17546 ] [ 0 ],0.80,0.80,0.80,0.80,-85.41,44.41,0.00,0.00,0.00,0.00,0.00,0.00,0.00,0.00,0.00,0.00,0.00,0.00,0.00,-0.00,0.00,0
0.633876,-104,56,455,0,DRIVE [ 54 ] [ 1 ] [ 1899 1563 1906 ] [    0    0    0 ] [      0      0      0 ] [ 0 ],drive [ 54 ] [ 1 ] [ 1899 1572 1903 ] [    4   47   18 ] [   6037  14331  17546 ] [ 0 ],0.80,0.80,0.80,0.80,-82.85,45.12,0.00,0.00,0.00,0.00,0.00,0.00,0.00,0.00,0.00,0.00,0.00,0.00,0.00,-0.00,0.00,0
0.647819,-100,57,448,0,DRIVE [ 55 ] [ 1 ] [ 1899 1554 1909 ] [    0    0    0 ] [      0      0      0 ] [ 0 ],drive [ 54 ] [ 1 ] [ 1899 1563 1906 ] [    4   47   18 ] [   6037  14331  17546 ] [ 0 ],0.80,0.80,0.80,0.80,-80.38,45.53,0.00,0.00,0.00,0.00,0.00,0.00,0.00,0.00,0.00,0.00,0.00,0.00,0.00,-0.00,0.00,0
0.662217,-98,58,442,0,DRIVE [ 55 ] [ 1 ] [ 1899 1545 1911 ] [    0    0    0 ] [      0      0      0 ] [ 0 ],drive [ 55 ] [ 1 ] [ 1899 1554 1909 ] [    4   47   18 ] [   6123  14370  17519 ] [ 0 ],0.80,0.80,0.80,0.80,-78.17,46.02,0.00,0.00,0.00,0.00,0.00,0.00,0.00,0.00,0.00,0.00,0.00,0.00,0.00,-0.00,0.00,0
0.676316,-94,59,434,0,DRIVE [ 56 ] [ 1 ] [ 1899 1533 1917 ] [    0    0    0 ] [      0      0      0 ] [ 0 ],drive [ 55 ] [ 1 ] [ 1899 1545 1911 ] [    8   43   12 ] [   6123  14370  17519 ] [ 0 ],0.80,0.80,0.80,0.80,-75.11,47.36,0.00,0.00,0.00,0.00,0.00,0.00,0.00,0.00,0.00,0.00,0.00,0.00,0.00,-0.00,0.00,0
0.690513,-90,61,429,0,DRIVE [ 56 ] [ 1 ] [ 1899 1520 1923 ] [    0    0    0 ] [      0      0      0 ] [ 0 ],drive [ 56 ] [ 1 ] [ 1899 1533 1917 ] [    8   43   12 ] [   6123  14370  17519 ] [ 0 ],0.80,0.80,0.80,0.80,-71.88,49.08,0.00,0.00,0.00,0.00,0.00,0.00,0.00,0.00,0.00,0.00,0.00,0.00,0.00,-0.00,0.00,0
0.704313,-86,64,424,0,DRIVE [ 57 ] [ 1 ] [ 1919 1520 1923 ] [    0    0    0 ] [      0      0      0 ] [ 0 ],drive [ 56 ] [ 1 ] [ 1899 1520 1923 ] [    8   43   12 ] [   6121  14471  17519 ] [ 0 ],0.80,0.80,0.80,0.80,-68.43,51.11,0.00,0.00,0.00,0.00,0.00,0.00,0.00,0.00,0.00,0.00,0.00,0.00,0.00,-0.00,0.00,0
0.718428,-79,67,417,0,DRIVE [ 57 ] [ 1 ] [ 1905 1531 1923 ] [    0    0    0 ] [      0      0      0 ] [ 0 ],drive [ 57 ] [ 1 ] [ 1919 1520 1923 ] [    8   43   12 ] [   6121  14471  17519 ] [ 0 ],0.80,0.80,0.80,0.80,-63.02,53.82,0.00,0.00,0.00,0.00,0.00,0.00,0.00,0.00,0.00,0.00,0.00,0.00,0.00,-0.00,0.00,0
0.7318,-72,70,408,0,DRIVE [ 58 ] [ 1 ] [ 1891 1540 1923 ] [    0    0    0 ] [      0      0      0 ] [ 0 ],drive [ 57 ] [ 1 ] [ 1905 1531 1923 ] [    7   48   10 ] [   6121  14471  17519 ] [ 0 ],0.80,0.80,0.80,0.80,-57.78,55.88,0.00,0.00,0.00,0.00,0.00,0.00,0.00,0.00,0.00,0.00,0.00,0.00,0.00,-0.00,0.00,0
0.745033,-67,73,402,0,DRIVE [ 58 ] [ 1 ] [ 1878 1548 1923 ] [    0    0    0 ] [      0      0      0 ] [ 0 ],drive [ 58 ] [ 1 ] [ 1891 1540 1923 ] [    7   48   10 ] [   6121  14471  17519 ] [ 0 ],0.80,0.80,0.80,0.80,-53.43,58.18,0.00,0.00,0.00,0.00,0.00,0.00,0.00,0.00,0.00,0.00,0.00,0.00,0.00,-0.00,0.00,0
0.758924,-62,75,397,0,DRIVE [ 59 ] [ 1 ] [ 1864 1553 1923 ] [    0    0    0 ] [      0      0      0 ] [ 0 ],drive [ 58 ] [ 1 ] [ 1878 1548 1923 ] [    7   48   10 ] [   6124  14518  17411 ] [ 0 ],0.80,0.80,0.80,0.80,-49.51,60.31,0.00,0.00,0.00,0.00,0.00,0.00,0.00,0.00,0.00,0.00,0.00,0.00,0.00,-0.00,0.00,0
0.772897,-58,78,394,0,DRIVE [ 59 ] [ 1 ] [ 1851 1558 1923 ] [    0    0    0 ] [      0      0      0 ] [ 0 ],drive [ 59 ] [ 1 ] [ 1864 1553 1923 ] [    6   38    4 ] [   6124  14518  17411 ] [ 0 ],0.80,0.80,0.80,0.80,-46.02,62.55,0.00,0.00,0.00,0.00,0.00,0.00,0.00,0.00,0.00,0.00,0.00,0.00,0.00,-0.00,0.00,0
0.786573,-52,80,387,0,DRIVE [ 60 ] [ 1 ] [ 1836 1563 1923 ] [    0    0    0 ] [      0      0      0 ] [ 0 ],drive [ 59 ] [ 1 ] [ 1851 1558 1923 ] [    6   38    4 ] [   6124  14518  17411 ] [ 0 ],0.80,0.80,0.80,0.80,-42.00,64.16,0.00,0.00,0.00,0.00,0.00,0.00,0.00,0.00,0.00,0.00,0.00,0.00,0.00,-0.00,0.00,0
0.799815,-48,81,379,0,DRIVE [ 60 ] [ 1 ] [ 1823 1566 1923 ] [    0    0    0 ] [      0      0      0 ] [ 0 ],drive [ 60 ] [ 1 ] [ 1836 1563 1923 ] [    6   38    4 ] [   6124  14518  17411 ] [ 0 ],0.80,0.80,0.80,0.80,-38.43,64.89,0.00,0.00,0.00,0.00,0.00,0.00,0.00,0.00,0.00,0.00,0.00,0.00,0.00,-0.00,0.00,0
0.813413,-45,82,374,0,DRIVE [ 61 ] [ 1 ] [ 1811 1567 1923 ] [    0    0    0 ] [      0      0      0 ] [ 0 ],drive [ 60 ] [ 1 ] [ 1823 1566 1923 ] [    6   38    4 ] [   6271  14516  17335 ] [ 0 ],0.80,0.80,0.80,0.80,-35.65,65.88,0.00,0.00,0.00,0.00,0.00,0.00,0.00,0.00,0.00,0.00,0.00,0.00,0.00,-0.00,0.00,0
0.826828,-42,83,368,0,DRIVE [ 61 ] [ 1 ] [ 1800 1566 1923 ] [    0    0    0 ] [      0      0      0 ] [ 0 ],drive [ 61 ] [ 1 ] [ 1811 1567 1923 ] [   27   40   26 ] [   6271  14516  17335 ] [ 0 ],0.80,0.80,0.80,0.80,-33.28,66.60,0.00,0.00,0.00,0.00,0.00,0.00,0.00,0.00,0.00,0.00,0.00,0.00,0.00,-0.00,0.00,0
0.841503,-39,84,363,0,DRIVE [ 62 ] [ 1 ] [ 1788 1562 1923 ] [    0    0    0 ] [      0      0      0 ] [ 0 ],drive [ 61 ] [ 1 ] [ 1800 1566 1923 ] [   27   40   26 ] [   6271  14516  17335 ] [ 0 ],0.80,0.80,0.80,0.80,-31.25,67.59,0.00,0.00,0.00,0.00,0.00,0.00,0.00,0.00,0.00,0.00,0.00,0.00,0.00,-0.00,0.00,0
0.855711,-37,85,356,0,DRIVE [ 62 ] [ 1 ] [ 1779 1555 1923 ] [    0    0    0 ] [      0      0      0 ] [ 0 ],drive [ 62 ] [ 1 ] [ 1788 1562 1923 ] [   27   40   26 ] [   6830  14515  17239 ] [ 0 ],0.80,0.80,0.80,0.80,-29.98,68.14,0.00,0.00,0.00,0.00,0.00,0.00,0.00,0.00,0.00,0.00,0.00,0.00,0.00,-0.00,0.00,0
0.868681,-37,86,351,0,DRIVE [ 63 ] [ 1 ] [ 1771 1544 1923 ] [    0    0    0 ] [      0      0      0 ] [ 0 ],drive [ 62 ] [ 1 ] [ 1779 1555 1923 ] [   24   39   18 ] [   6830  14515  17239 ] [ 0 ],0.80,0.80,0.80,0.80,-29.49,68.62,0.00,0.00,0.00,0.00,0.00,0.00,0.00,0.00,0.00,0.00,0.00,0.00,0.00,-0.00,0.00,0
0.882057,-37,86,346,0,DRIVE [ 63 ] [ 1 ] [ 1765 1532 1923 ] [    0    0    0 ] [      0      0      0 ] [ 0 ],drive [ 63 ] [ 1 ] [ 1771 1544 1923 ] [   24   39   18 ] [   6830  14515  17239 ] [ 0 ],0.80,0.80,0.80,0.80,-29.47,68.98,0.00,0.00,0.00,0.00,0.00,0.00,0.00,0.00,0.00,0.00,0.00,0.00,0.00,-0.00,0.00,0
0.895143,-37,87,341,0,DRIVE [ 64 ] [ 1 ] [ 1760 1518 1923 ] [    0    0    0 ] [      0      0      0 ] [ 0 ],drive [ 63 ] [ 1 ] [ 1765 1532 1923 ] [   24   39   18 ] [   6830  14515  17239 ] [ 0 ],0.80,0.80,0.80,0.80,-29.77,69.38,0.00,0.00,0.00,0.00,0.00,0.00,0.00,0.00,0.00,0.00,0.00,0.00,0.00,-0.00,0.00,0
0.908275,-37,88,337,0,DRIVE [ 64 ] [ 1 ] [ 1754 1505 1923 ] [    0    0    0 ] [      0      0      0 ] [ 0 ],drive [ 64 ] [ 1 ] [ 1760 1518 1923 ] [   24   39   18 ] [   7200  14515  17116 ] [ 0 ],0.80,0.80,0.80,0.80,-29.79,70.01,0.00,0.00,0.00,0.00,0.00,0.00,0.00,0.00,0.00,0.00,0.00,0.00,0.00,0.00,0.00,0
0.921817,-37,88,332,0,DRIVE [ 65 ] [ 1 ] [ 1747 1492 1923 ] [    0    0    0 ] [      0      0      0 ] [ 0 ],drive [ 64 ] [ 1 ] [ 1754 1505 1923 ] [   33   42   16 ] [   7200  14515  17116 ] [ 0 ],0.80,0.80,0.80,0.80,-29.67,70.34,0.00,0.00,0.00,0.00,0.00,0.00,0.00,0.00,0.00,0.00,0.00,0.00,0.00,0.00,0.00,0
0.934887,-37,88,327,0,DRIVE [ 65 ] [ 1 ] [ 1740 1478 1923 ] [    0    0    0 ] [      0      0      0 ] [ 0 ],drive [ 65 ] [ 1 ] [ 1747 1492 1923 ] [   33   42   16 ] [   7200  14515  17116 ] [ 0 ],0.80,0.80,0.80,0.80,-29.69,70.78,0.00,0.00,0.00,0.00,0.00,0.00,0.00,0.00,0.00,0.00,0.00,0.00,0.00,0.00,0.00,0
0.948018,-37,89,323,0,DRIVE [ 66 ] [ 1 ] [ 1735 1464 1923 ] [    0    0    0 ] [      0      0      0 ] [ 0 ],drive [ 65 ] [ 1 ] [ 1740 1478 1923 ] [   33   42   16 ] [   7200  14515  17116 ] [ 0 ],0.80,0.80,0.80,0.80,-29.91,71.06,0.00,0.00,0.00,0.00,0.00,0.00,0.00,0.00,0.00,0.00,0.00,0.00,0.00,0.00,0.00,0
0.960768,-38,89,318,0,DRIVE [ 66 ] [ 1 ] [ 1730 1449 1923 ] [    0    0    0 ] [      0      0      0 ] [ 0 ],drive [ 66 ] [ 1 ] [ 1735 1464 1923 ] [   33   42   16 ] [   7499  14520  17057 ] [ 0 ],0.80,0.80,0.80,0.80,-30.09,71.25,0.00,0.00,0.00,0.00,0.00,0.00,0.00,0.00,0.00,0.00,0.00,0.00,0.00,0.00,0.00,0
0.973719,-37,90,313,0,DRIVE [ 67 ] [ 1 ] [ 1719 1433 1923 ] [    0    0    0 ] [      0      0      0 ] [ 0 ],drive [ 66 ] [ 1 ] [ 1730 1449 1923 ] [   28   44    7 ] [   7499  14520  17057 ] [ 0 ],0.80,0.80,0.80,0.80,-29.85,72.28,0.00,0.00,0.00,0.00,0.00,0.00,0.00,0.00,0.00,0.00,0.00,0.00,0.00,0.00,0.00,0
0.986936,-36,92,307,0,DRIVE [ 67 ] [ 1 ] [ 1705 1418 1923 ] [    0    0    0 ] [      0      0      0 ] [ 0 ],drive [ 67 ] [ 1 ] [ 1719 1433 1923 ] [   28   44    7 ] [   7499  14520  17057 ] [ 0 ],0.80,0.80,0.80,0.80,-29.13,73.28,0.00,0.00,0.00,0.00,0.00,0.00,0.00,0.00,0.00,0.00,0.00,0.00,0.00,0.00,0.00,0
0.999991,-35,94,303,0,DRIVE [ 68 ] [ 1 ] [ 1689 1404 1923 ] [    0    0    0 ] [      0      0      0 ] [ 0 ],drive [ 67 ] [ 1 ] [ 1705 1418 1923 ] [   28   44    7 ] [   7499  14520  17057 ] [ 0 ],0.80,0.80,0.80,0.80,-28.21,74.98,0.00,0.00,0.00,0.00,0.00,0.00,0.00,0.00,0.00,0.00,0.00,0.00,0.00,0.00,0.00,0
1.01315,-33,96,298,0,DRIVE [ 68 ] [ 1 ] [ 1672 1399 1923 ] [    0    0    0 ] [      0      0      0 ] [ 0 ],drive [ 68 ] [ 1 ] [ 1689 1404 1923 ] [   28   44    7 ] [   7501  14522  17039 ] [ 0 ],0.80,0.80,0.80,0.80,-26.71,76.63,0.00,0.00,0.00,0.00,0.00,0.00,0.00,0.00,0.00,0.00,0.00,0.00,0.00,0.00,0.00,0
1.02576,-31,98,293,0,DRIVE [ 69 ] [ 1 ] [ 1653 1396 1923 ] [    0    0    0 ] [      0      0      0 ] [ 0 ],drive [ 68 ] [ 1 ] [ 1672 1399 1923 ] [   31   49   18 ] [   7501  14522  17039 ] [ 0 ],0.80,0.80,0.80,0.80,-24.80,78.27,0.00,0.00,0.00,0.00,0.00,0.00,0.00,0.00,0.00,0.00,0.00,0.00,0.00,0.00,0.00,0
1.03841,-28,100,287,0,DRIVE [ 69 ] [ 1 ] [ 1633 1396 1923 ] [    0    0    0 ] [      0      0      0 ] [ 0 ],drive [ 69 ] [ 1 ] [ 1653 1396 1923 ] [   31   49   18 ] [   7501  14522  17039 ] [ 0 ],0.80,0.80,0.80,0.80,-22.53,79.71,0.00,0.00,0.00,0.00,0.00,0.00,0.00,0.00,0.00,0.00,0.00,0.00,0.00,0.00,0.00,0
1.05137,-25,102,284,0,DRIVE [ 70 ] [ 1 ] [ 1612 1396 1923 ] [    0    0    0 ] [      0      0      0 ] [ 0 ],drive [ 69 ] [ 1 ] [ 1633 1396 1923 ] [   31   49   18 ] [   7501  14522  17039 ] [ 0 ],0.80,0.80,0.80,0.80,-20.37,81.47,0.00,0.00,0.00,0.00,0.00,0.00,0.00,0.00,0.00,0.00,0.00,0.00,0.00,0.00,0.00,0
1.0638,-23,104,279,0,DRIVE [ 70 ] [ 1 ] [ 1588 1395 1923 ] [    0    0    0 ] [      0      0      0 ] [ 0 ],drive [ 70 ] [ 1 ] [ 1612 1396 1923 ] [   31   49   18 ] [   7663  14530  16894 ] [ 0 ],0.80,0.80,0.80,0.80,-18.03,83.20,0.00,0.00,0.00,0.00,0.00,0.00,0.00,0.00,0.00,0.00,0.00,0.00,0.00,0.00,0.00,0
1.07652,-20,105,274,0,DRIVE [ 71 ] [ 1 ] [ 1569 1392 1923 ] [    0    0    0 ] [      0      0      0 ] [ 0 ],drive [ 70 ] [ 1 ] [ 1588 1395 1923 ] [   32   50   14 ] [   7663  14530  16894 ] [ 0 ],0.80,0.80,0.80,0.80,-16.24,84.27,0.00,0.00,0.00,0.00,0.00,0.00,0.00,0.00,0.00,0.00,0.00,0.00,0.00,0.00,0.00,0
1.08987,-19,107,270,0,DRIVE [ 71 ] [ 1 ] [ 1553 1384 1923 ] [    0    0    0 ] [      0      0      0 ] [ 0 ],drive [ 71 ] [ 1 ] [ 1569 1392 1923 ] [   32   50   14 ] [   7663  14530  16894 ] [ 0 ],0.80,0.80,0.80,0.80,-15.32,85.52,0.00,0.00,0.00,0.00,0.00,0.00,0.00,0.00,0.00,0.00,0.00,0.00,0.00,0.00,0.00,0
1.10231,-19,109,267,0,DRIVE [ 72 ] [ 1 ] [ 1543 1374 1923 ] [    0    0    0 ] [      0      0      0 ] [ 0 ],drive [ 71 ] [ 1 ] [ 1553 1384 1923 ] [   32   50   14 ] [   8570  14533  16713 ] [ 0 ],0.80,0.80,0.80,0.80,-15.23,86.86,0.00,0.00,0.00,0.00,0.00,0.00,0.00,0.00,0.00,0.00,0.00,0.00,0.00,0.00,0.00,0
1.11548,-20,109,264,0,DRIVE [ 72 ] [ 1 ] [ 1539 1358 1923 ] [    0    0    0 ] [      0      0      0 ] [ 0 ],drive [ 72 ] [ 1 ] [ 1543 1374 1923 ] [   32   50   14 ] [   8570  14533  16713 ] [ 0 ],0.80,0.80,0.80,0.80,-16.08,87.43,0.00,0.00,0.00,0.00,0.00,0.00,0.00,0.00,0.00,0.00,0.00,0.00,0.00,0.00,0.00,0
1.12762,-22,110,260,0,DRIVE [ 73 ] [ 1 ] [ 1541 1339 1923 ] [    0    0    0 ] [      0      0      0 ] [ 0 ],drive [ 72 ] [ 1 ] [ 1539 1358 1923 ] [   48   52   22 ] [   8570  14533  16713 ] [ 0 ],0.80,0.80,0.80,0.80,-17.71,87.77,0.00,0.00,0.00,0.00,0.00,0.00,0.00,0.00,0.00,0.00,0.00,0.00,0.00,0.00,0.00,0
1.14007,-25,110,257,0,DRIVE [ 73 ] [ 1 ] [ 1548 1316 1923 ] [    0    0    0 ] [      0      0      0 ] [ 0 ],drive [ 73 ] [ 1 ] [ 1541 1339 1923 ] [   48   52   22 ] [   8570  14533  16713 ] [ 0 ],0.80,0.80,0.80,0.80,-20.12,87.90,0.00,0.00,0.00,0.00,0.00,0.00,0.00,0.00,0.00,0.00,0.00,0.00,0.00,0.00,0.00,0
1.15278,-29,109,254,0,DRIVE [ 74 ] [ 1 ] [ 1558 1291 1923 ] [    0    0    0 ] [      0      0      0 ] [ 0 ],drive [ 73 ] [ 1 ] [ 1548 1316 1923 ] [   48   52   22 ] [   9053  14546  16518 ] [ 0 ],0.80,0.80,0.80,0.80,-22.90,87.59,0.00,0.00,0.00,0.00,0.00,0.00,0.00,0.00,0.00,0.00,0.00,0.00,0.00,0.00,0.00,0
1.16501,-33,108,249,0,DRIVE [ 74 ] [ 1 ] [ 1572 1261 1923 ] [    0    0    0 ] [      0      0      0 ] [ 0 ],drive [ 74 ] [ 1 ] [ 1558 1291 1923 ] [   48   52   22 ] [   9053  14546  16518 ] [ 0 ],0.80,0.80,0.80,0.80,-26.03,86.30,0.00,0.00,0.00,0.00,0.00,0.00,0.00,0.00,0.00,0.00,0.00,0.00,0.00,0.00,0.00,0
1.17738,-36,106,245,0,DRIVE [ 75 ] [ 1 ] [ 1584 1236 1923 ] [    0    0    0 ] [      0      0      0 ] [ 0 ],drive [ 74 ] [ 1 ] [ 1572 1261 1923 ] [   36   75   13 ] [   9053  14546  16518 ] [ 0 ],0.80,0.80,0.80,0.80,-28.56,85.16,0.00,0.00,0.00,0.00,0.00,0.00,0.00,0.00,0.00,0.00,0.00,0.00,0.00,0.00,0.00,0
1.19017,-38,105,240,0,DRIVE [ 75 ] [ 1 ] [ 1593 1230 1923 ] [    0    0    0 ] [      0      0      0 ] [ 0 ],drive [ 75 ] [ 1 ] [ 1584 1236 1923 ] [   36   75   13 ] [   9053  14546  16518 ] [ 0 ],0.80,0.80,0.80,0.80,-30.32,83.87,0.00,0.00,0.00,0.00,0.00,0.00,0.00,0.00,0.00,0.00,0.00,0.00,0.00,0.00,0.00,0
1.20199,-40,104,237,0,DRIVE [ 76 ] [ 1 ] [ 1598 1230 1923 ] [    0    0    0 ] [      0      0      0 ] [ 0 ],drive [ 75 ] [ 1 ] [ 1593 1230 1923 ] [   36   75   13 ] [   9072  14850  16485 ] [ 0 ],0.80,0.80,0.80,0.80,-31.60,83.12,0.00,0.00,0.00,0.00,0.00,0.00,0.00,0.00,0.00,0.00,0.00,0.00,0.00,0.00,0.00,0
1.21455,-40,103,234,0,DRIVE [ 76 ] [ 1 ] [ 1600 1230 1923 ] [    0    0    0 ] [      0      0      0 ] [ 0 ],drive [ 76 ] [ 1 ] [ 1598 1230 1923 ] [   36   75   13 ] [   9072  14850  16485 ] [ 0 ],0.80,0.80,0.80,0.80,-32.21,82.69,0.00,0.00,0.00,0.00,0.00,0.00,0.00,0.00,0.00,0.00,0.00,0.00,0.00,0.00,0.00,0
1.2267,-40,103,232,0,DRIVE [ 77 ] [ 1 ] [ 1598 1230 1923 ] [    0    0    0 ] [      0      0      0 ] [ 0 ],drive [ 76 ] [ 1 ] [ 1600 1230 1923 ] [   32   80   24 ] [   9072  14850  16485 ] [ 0 ],0.80,0.80,0.80,0.80,-32.08,82.35,0.00,0.00,0.00,0.00,0.00,0.00,0.00,0.00,0.00,0.00,0.00,0.00,0.00,0.00,0.00,0
1.23913,-39,103,229,0,DRIVE [ 77 ] [ 1 ] [ 1593 1230 1923 ] [    0    0    0 ] [      0      0      0 ] [ 0 ],drive [ 77 ] [ 1 ] [ 1598 1230 1923 ] [   32   80   24 ] [   9072  14850  16485 ] [ 0 ],0.80,0.80,0.80,0.80,-31.24,82.05,0.00,0.00,0.00,0.00,0.00,0.00,0.00,0.00,0.00,0.00,0.00,0.00,0.00,0.00,0.00,0
1.25169,-37,102,226,0,DRIVE [ 78 ] [ 1 ] [ 1585 1230 1923 ] [    0    0    0 ] [      0      0      0 ] [ 0 ],drive [ 77 ] [ 1 ] [ 1593 1230 1923 ] [   32   80   24 ] [   9072  14850  16485 ] [ 0 ],0.80,0.80,0.80,0.80,-29.57,81.24,0.00,0.00,0.00,0.00,0.00,0.00,0.00,0.00,0.00,0.00,0.00,0.00,0.00,0.00,0.00,0
1.26363,-34,101,225,0,DRIVE [ 78 ] [ 1 ] [ 1577 1230 1923 ] [    0    0    0 ] [      0      0      0 ] [ 0 ],drive [ 78 ] [ 1 ] [ 1585 1230 1923 ] [   32   80   24 ] [   9071  15217  16226 ] [ 0 ],0.80,0.80,0.80,0.80,-27.56,80.56,0.00,0.00,0.00,0.00,0.00,0.00,0.00,0.00,0.00,0.00,0.00,0.00,0.00,0.00,0.00,0
1.27596,-31,99,222,0,DRIVE [ 79 ] [ 1 ] [ 1569 1232 1923 ] [    0    0    0 ] [      0      0      0 ] [ 0 ],drive [ 78 ] [ 1 ] [ 1577 1230 1923 ] [   32   63   23 ] [   9071  15217  16226 ] [ 0 ],0.80,0.80,0.80,0.80,-25.14,79.08,0.00,0.00,0.00,0.00,0.00,0.00,0.00,0.00,0.00,0.00,0.00,0.00,0.00,-0.00,0.00,0
1.28914,-28,97,219,0,DRIVE [ 79 ] [ 1 ] [ 1562 1257 1923 ] [    0    0    0 ] [      0      0      0 ] [ 0 ],drive [ 79 ] [ 1 ] [ 1569 1232 1923 ] [   32   63   23 ] [   9071  15217  16226 ] [ 0 ],0.80,0.80,0.80,0.80,-22.48,77.29,0.00,0.00,0.00,0.00,0.00,0.00,0.00,0.00,0.00,0.00,0.00,0.00,0.00,-0.00,0.00,0
1.30165,-26,94,216,0,DRIVE [ 80 ] [ 1 ] [ 1557 1276 1923 ] [    0    0    0 ] [      0      0      0 ] [ 0 ],drive [ 79 ] [ 1 ] [ 1562 1257 1923 ] [   32   63   23 ] [   9071  15217  16226 ] [ 0 ],0.80,0.80,0.80,0.80,-20.42,75.45,0.00,0.00,0.00,0.00,0.00,0.00,0.00,0.00,0.00,0.00,0.00,0.00,0.00,-0.00,0.00,0
1.31424,-24,92,213,0,DRIVE [ 80 ] [ 1 ] [ 1554 1290 1923 ] [    0    0    0 ] [      0      0      0 ] [ 0 ],drive [ 80 ] [ 1 ] [ 1557 1276 1923 ] [   32   63   23 ] [   9101  15215  16171 ] [ 0 ],0.80,0.80,0.80,0.80,-18.88,73.72,0.00,0.00,0.00,0.00,0.00,0.00,0.00,0.00,0.00,0.00,0.00,0.00,0.00,-0.00,0.00,0
1.32719,-22,90,210,0,DRIVE [ 81 ] [ 1 ] [ 1551 1301 1923 ] [    0    0    0 ] [      0      0      0 ] [ 0 ],drive [ 80 ] [ 1 ] [ 1554 1290 1923 ] [   39   59   20 ] [   9101  15215  16171 ] [ 0 ],0.80,0.80,0.80,0.80,-17.69,72.23,0.00,0.00,0.00,0.00,0.00,0.00,0.00,0.00,0.00,0.00,0.00,0.00,0.00,-0.00,0.00,0
1.33994,-21,89,207,0,DRIVE [ 81 ] [ 1 ] [ 1550 1309 1923 ] [    0    0    0 ] [      0      0      0 ] [ 0 ],drive [ 81 ] [ 1 ] [ 1551 1301 1923 ] [   39   59   20 ] [   9101  15215  16171 ] [ 0 ],0.80,0.80,0.80,0.80,-16.83,70.98,0.00,0.00,0.00,0.00,0.00,0.00,0.00,0.00,0.00,0.00,0.00,0.00,0.00,-0.00,0.00,0
1.35395,-20,87,204,0,DRIVE [ 82 ] [ 1 ] [ 1549 1316 1923 ] [    0    0    0 ] [      0      0      0 ] [ 0 ],drive [ 81 ] [ 1 ] [ 1550 1309 1923 ] [   39   59   20 ] [   9440  15210  16153 ] [ 0 ],0.80,0.80,0.80,0.80,-16.07,69.63,0.00,0.00,0.00,0.00,0.00,0.00,0.00,0.00,0.00,0.00,0.00,0.00,0.00,-0.00,0.00,0
1.36651,-19,85,201,0,DRIVE [ 82 ] [ 1 ] [ 1549 1322 1923 ] [    0    0    0 ] [      0      0      0 ] [ 0 ],drive [ 82 ] [ 1 ] [ 1549 1316 1923 ] [   39   59   20 ] [   9440  15210  16153 ] [ 0 ],0.80,0.80,0.80,0.80,-15.41,68.13,0.00,0.00,0.00,0.00,0.00,0.00,0.00,0.00,0.00,0.00,0.00,0.00,0.00,-0.00,0.00,0
1.37888,-19,83,199,0,DRIVE [ 83 ] [ 1 ] [ 1550 1328 1923 ] [    0    0    0 ] [      0      0      0 ] [ 0 ],drive [ 82 ] [ 1 ] [ 1549 1322 1923 ] [   43   56   -1 ] [   9440  15210  16153 ] [ 0 ],0.80,0.80,0.80,0.80,-14.87,66.77,0.00,0.00,0.00,0.00,0.00,0.00,0.00,0.00,0.00,0.00,0.00,0.00,0.00,-0.00,0.00,0
1.39223,-18,82,196,0,DRIVE [ 83 ] [ 1 ] [ 1552 1334 1923 ] [    0    0    0 ] [      0      0      0 ] [ 0 ],drive [ 83 ] [ 1 ] [ 1550 1328 1923 ] [   43   56   -1 ] [   9440  15210  16153 ] [ 0 ],0.80,0.80,0.80,0.80,-14.36,65.41,0.00,0.00,0.00,0.00,0.00,0.00,0.00,0.00,0.00,0.00,0.00,0.00,0.00,-0.00,0.00,0
1.40464,-17,80,193,0,DRIVE [ 84 ] [ 1 ] [ 1555 1342 1923 ] [    0    0    0 ] [      0      0      0 ] [ 0 ],drive [ 83 ] [ 1 ] [ 1552 1334 1923 ] [   43   56   -1 ] [   9447  15216  16058 ] [ 0 ],0.80,0.80,0.80,0.80,-13.82,63.76,0.00,0.00,0.00,0.00,0.00,0.00,0.00,0.00,0.00,0.00,0.00,0.00,0.00,-0.00,0.00,0
1.41744,-16,77,190,0,DRIVE [ 84 ] [ 1 ] [ 1558 1356 1923 ] [    0    0    0 ] [      0      0      0 ] [ 0 ],drive [ 84 ] [ 1 ] [ 1555 1342 1923 ] [   43   56   -1 ] [   9447  15216  16058 ] [ 0 ],0.80,0.80,0.80,0.80,-12.88,61.70,0.00,0.00,0.00,0.00,0.00,0.00,0.00,0.00,0.00,0.00,0.00,0.00,0.00,-0.00,0.00,0
1.42969,-15,75,188,0,DRIVE [ 85 ] [ 1 ] [ 1560 1373 1923 ] [    0    0    0 ] [      0      0      0 ] [ 0 ],drive [ 84 ] [ 1 ] [ 1558 1356 1923 ] [   51   55   12 ] [   9447  15216  16058 ] [ 0 ],0.80,0.80,0.80,0.80,-11.77,59.71,0.00,0.00,0.00,0.00,0.00,0.00,0.00,0.00,0.00,0.00,0.00,0.00,0.00,-0.00,0.00,0
1.44261,-13,72,185,0,DRIVE [ 85 ] [ 1 ] [ 1559 1392 1923 ] [    0    0    0 ] [      0      0      0 ] [ 0 ],drive [ 85 ] [ 1 ] [ 1560 1373 1923 ] [   51   55   12 ] [   9447  15216  16058 ] [ 0 ],0.80,0.80,0.80,0.80,-10.35,57.64,0.00,0.00,0.00,0.00,0.00,0.00,0.00,0.00,0.00,0.00,0.00,0.00,0.00,-0.00,0.00,0
1.45566,-11,70,182,0,DRIVE [ 86 ] [ 1 ] [ 1556 1414 1923 ] [    0    0    0 ] [      0      0      0 ] [ 0 ],drive [ 85 ] [ 1 ] [ 1559 1392 1923 ] [   51   55   12 ] [   9462  15332  16033 ] [ 0 ],0.80,0.80,0.80,0.80,-8.70,55.81,0.00,0.00,0.00,0.00,0.00,0.00,0.00,0.00,0.00,0.00,0.00,0.00,0.00,-0.00,0.00,0
1.46792,-9,68,180,0,DRIVE [ 86 ] [ 1 ] [ 1551 1437 1923 ] [    0    0    0 ] [      0      0      0 ] [ 0 ],drive [ 86 ] [ 1 ] [ 1556 1414 1923 ] [   60   53    1 ] [   9462  15332  16033 ] [ 0 ],0.80,0.80,0.80,0.80,-6.88,54.01,0.00,0.00,0.00,0.00,0.00,0.00,0.00,0.00,0.00,0.00,0.00,0.00,0.00,-0.00,0.00,0
1.48056,-6,65,176,0,DRIVE [ 87 ] [ 1 ] [ 1543 1467 1923 ] [    0    0    0 ] [      0      0      0 ] [ 0 ],drive [ 86 ] [ 1 ] [ 1551 1437 1923 ] [   60   53    1 ] [   9462  15332  16033 ] [ 0 ],0.80,0.80,0.80,0.80,-4.48,51.73,0.00,0.00,0.00,0.00,0.00,0.00,0.00,0.00,0.00,0.00,0.00,0.00,0.00,-0.00,0.00,0
1.49328,-3,62,173,0,DRIVE [ 87 ] [ 1 ] [ 1537 1494 1923 ] [    0    0    0 ] [      0      0      0 ] [ 0 ],drive [ 87 ] [ 1 ] [ 1543 1467 1923 ] [   60   53    1 ] [   9462  15332  16033 ] [ 0 ],0.80,0.80,0.80,0.80,-2.49,49.57,0.00,0.00,0.00,0.00,0.00,0.00,0.00,0.00,0.00,0.00,0.00,0.00,0.00,-0.00,0.00,0
1.50578,-1,59,170,0,DRIVE [ 88 ] [ 1 ] [ 1535 1518 1923 ] [    0    0    0 ] [      0      0      0 ] [ 0 ],drive [ 87 ] [ 1 ] [ 1537 1494 1923 ] [   60   53    1 ] [   9963  15312  15874 ] [ 0 ],0.80,0.80,0.80,0.80,-0.96,47.39,0.00,0.00,0.00,0.00,0.00,0.00,0.00,0.00,0.00,0.00,0.00,0.00,0.00,-0.00,0.00,0
1.51851,0,57,167,0,DRIVE [ 88 ] [ 1 ] [ 1538 1538 1923 ] [    0    0    0 ] [      0      0      0 ] [ 0 ],drive [ 88 ] [ 1 ] [ 1535 1518 1923 ] [   57   51   10 ] [   9963  15312  15874 ] [ 0 ],0.80,0.80,0.80,0.80,0.01,45.25,0.00,0.00,0.00,0.00,0.00,0.00,0.00,0.00,0.00,0.00,0.00,0.00,-0.00,-0.00,0.00,0
1.53052,1,54,164,0,DRIVE [ 89 ] [ 1 ] [ 1548 1557 1923 ] [    0    0    0 ] [      0      0      0 ] [ 0 ],drive [ 88 ] [ 1 ] [ 1538 1538 1923 ] [   57   51   10 ] [   9963  15312  15874 ] [ 0 ],0.80,0.80,0.80,0.80,0.50,42.80,0.00,0.00,0.00,0.00,0.00,0.00,0.00,0.00,0.00,0.00,0.00,0.00,-0.00,-0.00,0.00,0
1.5426,1,50,162,0,DRIVE [ 89 ] [ 1 ] [ 1562 1574 1923 ] [    0    0    0 ] [      0      0      0 ] [ 0 ],drive [ 89 ] [ 1 ] [ 1548 1557 1923 ] [   57   51   10 ] [   9963  15312  15874 ] [ 0 ],0.80,0.80,0.80,0.80,0.66,40.31,0.00,0.00,0.00,0.00,0.00,-0.00,0.00,0.00,0.00,0.00,0.00,0.00,-0.00,-0.00,0.00,0
1.55516,1,47,159,0,DRIVE [ 90 ] [ 1 ] [ 1580 1592 1923 ] [    0    0    0 ] [      0      0      0 ] [ 0 ],drive [ 89 ] [ 1 ] [ 1562 1574 1923 ] [   57   51   10 ] [  10321  15297  15512 ] [ 0 ],0.80,0.80,0.80,0.80,0.64,37.56,0.00,0.00,0.00,0.00,0.00,-0.00,0.00,0.00,0.00,0.00,0.00,0.00,-0.00,-0.00,0.00,0
1.56719,1,44,157,0,DRIVE [ 90 ] [ 1 ] [ 1601 1611 1923 ] [    0    0    0 ] [      0      0      0 ] [ 0 ],drive [ 90 ] [ 1 ] [ 1580 1592 1923 ] [   34   45    8 ] [  10321  15297  15512 ] [ 0 ],0.80,0.80,0.80,0.80,0.52,34.82,0.00,0.00,0.00,0.00,0.00,-0.00,0.00,0.00,0.00,0.00,0.00,0.00,-0.00,-0.00,0.00,0
1.57909,1,40,155,0,DRIVE [ 91 ] [ 1 ] [ 1623 1633 1923 ] [    0    0    0 ] [      0      0      0 ] [ 0 ],drive [ 90 ] [ 1 ] [ 1601 1611 1923 ] [   34   45    8 ] [  10321  15297  15512 ] [ 0 ],0.80,0.80,0.80,0.80,0.54,31.93,0.00,0.00,0.00,0.00,0.00,-0.00,0.00,0.00,0.00,0.00,0.00,0.00,-0.00,-0.00,0.00,0
1.592,1,36,153,0,DRIVE [ 91 ] [ 1 ] [ 1641 1658 1923 ] [    0    0    0 ] [      0      0      0 ] [ 0 ],drive [ 91 ] [ 1 ] [ 1623 1633 1923 ] [   34   45    8 ] [  10321  15297  15512 ] [ 0 ],0.80,0.80,0.80,0.80,0.86,29.11,0.00,0.00,0.00,0.00,0.00,-0.00,0.00,0.00,0.00,0.00,0.00,0.00,-0.00,-0.00,0.00,0
1.60477,3,32,150,0,DRIVE [ 92 ] [ 1 ] [ 1653 1697 1923 ] [    0    0    0 ] [      0      0      0 ] [ 0 ],drive [ 91 ] [ 1 ] [ 1641 1658 1923 ] [   34   45    8 ] [  10318  15298  15409 ] [ 0 ],0.80,0.80,0.80,0.80,2.23,25.82,0.00,0.00,0.00,0.00,0.00,0.00,0.00,0.00,0.00,0.00,0.00,0.00,-0.00,-0.00,0.00,0
1.61756,5,29,148,0,DRIVE [ 92 ] [ 1 ] [ 1657 1735 1923 ] [    0    0    0 ] [      0      0      0 ] [ 0 ],drive [ 92 ] [ 1 ] [ 1653 1697 1923 ] [   25   42   20 ] [  10318  15298  15409 ] [ 0 ],0.80,0.80,0.80,0.80,3.80,22.97,0.00,0.00,0.00,0.00,0.00,0.00,0.00,0.00,0.00,0.00,0.00,0.00,-0.00,-0.00,0.00,0
1.63035,7,26,145,0,DRIVE [ 93 ] [ 1 ] [ 1657 1769 1923 ] [    0    0    0 ] [      0      0      0 ] [ 0 ],drive [ 92 ] [ 1 ] [ 1657 1735 1923 ] [   25   42   20 ] [  10318  15298  15409 ] [ 0 ],0.80,0.80,0.80,0.80,5.30,20.42,0.00,0.00,0.00,0.00,0.00,0.00,0.00,0.00,0.00,0.00,0.00,0.00,-0.00,-0.00,0.00,0
1.64263,8,23,142,0,DRIVE [ 93 ] [ 1 ] [ 1655 1800 1923 ] [    0    0    0 ] [      0      0      0 ] [ 0 ],drive [ 93 ] [ 1 ] [ 1657 1769 1923 ] [   25   42   20 ] [  10318  15298  15409 ] [ 0 ],0.80,0.80,0.80,0.80,6.63,18.14,0.00,0.00,0.00,0.00,0.00,0.00,0.00,0.00,0.00,0.00,0.00,0.00,-0.00,-0.00,0.00,0
1.65578,10,20,139,0,DRIVE [ 94 ] [ 1 ] [ 1654 1825 1923 ] [    0    0    0 ] [      0      0      0 ] [ 0 ],drive [ 93 ] [ 1 ] [ 1655 1800 1923 ] [   25   42   20 ] [  10320  15253  15409 ] [ 0 ],0.80,0.80,0.80,0.80,7.61,16.09,0.00,0.00,0.00,0.00,0.00,0.00,0.00,0.00,0.00,0.00,0.00,0.00,-0.00,-0.00,0.00,0
1.6686,10,18,136,0,DRIVE [ 94 ] [ 1 ] [ 1655 1846 1923 ] [    0    0    0 ] [      0      0      0 ] [ 0 ],drive [ 94 ] [ 1 ] [ 1654 1825 1923 ] [   28   28   20 ] [  10320  15253  15409 ] [ 0 ],0.80,0.80,0.80,0.80,8.21,14.15,0.00,0.00,0.00,0.00,0.00,0.00,0.00,0.00,0.00,0.00,0.00,0.00,-0.00,-0.00,0.00,0
1.68148,11,15,134,0,DRIVE [ 95 ] [ 1 ] [ 1658 1865 1923 ] [    0    0    0 ] [      0      0      0 ] [ 1 ],drive [ 94 ] [ 1 ] [ 1655 1846 1923 ] [   28   28   20 ] [  10320  15253  15409 ] [ 0 ],0.80,0.80,0.80,0.80,8.52,12.37,0.00,0.00,0.00,0.00,0.00,0.00,0.00,0.00,0.00,0.00,0.00,0.00,-0.00,-0.00,0.00,0
1.69369,11,13,131,0,DRIVE [ 95 ] [ 1 ] [ 1664 1881 1923 ] [    0    0    0 ] [      0      0      0 ] [ 1 ],drive [ 95 ] [ 1 ] [ 1658 1865 1923 ] [   28   28   20 ] [  10320  15253  15409 ] [ 1 ],0.80,0.80,0.80,0.80,8.61,10.63,0.00,0.00,0.00,0.00,0.00,0.00,0.00,0.00,0.00,0.00,0.00,0.00,-0.00,-0.00,0.00,0
1.70672,11,11,128,0,DRIVE [ 96 ] [ 1 ] [ 1671 1897 1923 ] [    0    0    0 ] [      0      0      0 ] [ 1 ],drive [ 95 ] [ 1 ] [ 1664 1881 1923 ] [   28   28   20 ] [  10332  15208  15367 ] [ 1 ],0.80,0.80,0.80,0.80,8.63,8.93,0.00,0.00,0.00,0.00,0.00,0.00,0.00,0.00,0.00,0.00,0.00,0.00,-0.00,-0.00,0.00,0
1.71978,11,9,126,0,DRIVE [ 96 ] [ 1 ] [ 1677 1913 1923 ] [    0    0    0 ] [      0      0      0 ] [ 1 ],drive [ 96 ] [ 1 ] [ 1671 1897 1923 ] [   37    6    8 ] [  10332  15208  15367 ] [ 1 ],0.80,0.80,0.80,0.80,8.61,7.28,0.00,0.00,0.00,0.00,0.00,0.00,0.00,0.00,0.00,0.00,0.00,0.00,-0.00,-0.00,0.00,0
1.73258,11,6,123,0,DRIVE [ 97 ] [ 1 ] [ 1695 1913 1918 ] [    0    0    0 ] [      0      0      0 ] [ 1 ],drive [ 96 ] [ 1 ] [ 1677 1913 1923 ] [   37    6    8 ] [  10332  15208  15367 ] [ 1 ],0.80,0.80,0.80,0.80,8.64,5.16,0.00,0.00,0.00,0.00,0.00,0.00,0.00,0.00,0.00,0.00,0.00,0.00,-0.00,-0.00,0.00,0
1.7461,11,4,120,0,DRIVE [ 97 ] [ 1 ] [ 1729 1913 1900 ] [    0    0    0 ] [      0      0      0 ] [ 1 ],drive [ 97 ] [ 1 ] [ 1695 1913 1918 ] [   37    6    8 ] [  10332  15208  15367 ] [ 1 ],0.80,0.80,0.80,0.80,8.56,3.18,0.00,0.00,0.00,0.00,0.00,0.00,0.00,0.00,0.00,0.00,0.00,0.00,-0.00,-0.00,0.00,0
1.75849,10,2,118,0,DRIVE [ 98 ] [ 1 ] [ 1760 1913 1883 ] [    0    0    0 ] [      0      0      0 ] [ 1 ],drive [ 97 ] [ 1 ] [ 1729 1913 1900 ] [   37    6    8 ] [  10486  14839  15362 ] [ 1 ],0.80,0.80,0.80,0.80,8.25,1.39,0.00,0.00,0.00,0.00,0.00,0.00,0.00,0.00,0.00,0.00,0.00,0.00,0.00,0.00,0.00,0
1.7714,10,0,115,0,DRIVE [ 98 ] [ 1 ] [ 1788 1913 1869 ] [    0    0    0 ] [      0      0      0 ] [ 1 ],drive [ 98 ] [ 1 ] [ 1760 1913 1883 ] [   28    5    7 ] [  10486  14839  15362 ] [ 1 ],0.80,0.80,0.80,0.80,7.63,-0.20,0.00,0.00,0.00,0.00,0.00,0.00,0.00,0.00,0.00,0.00,0.00,0.00,0.00,0.00,0.00,0
1.78644,8,-2,112,0,DRIVE [ 99 ] [ 1 ] [ 1817 1913 1855 ] [    0    0    0 ] [      0      0      0 ] [ 1 ],drive [ 98 ] [ 1 ] [ 1788 1913 1869 ] [   28    5    7 ] [  10486  14839  15362 ] [ 1 ],0.80,0.80,0.80,0.80,6.67,-1.66,0.00,0.00,0.00,0.00,0.00,0.00,0.00,0.00,0.00,0.00,0.00,0.00,0.00,0.00,0.00,0
1.79963,6,-4,109,0,DRIVE [ 99 ] [ 1 ] [ 1860 1913 1836 ] [    0    0    0 ] [      0      0      0 ] [ 1 ],drive [ 99 ] [ 1 ] [ 1817 1913 1855 ] [   28    5    7 ] [  10486  14839  15362 ] [ 1 ],0.80,0.80,0.80,0.80,4.61,-3.51,0.00,0.00,0.00,0.00,0.00,0.00,0.00,0.00,0.00,0.00,0.00,0.00,0.00,0.00,0.00,0
1.81269,3,-6,106,0,DRIVE [ 00 ] [ 1 ] [ 1893 1913 1800 ] [    0    0    0 ] [      0      0      0 ] [ 1 ],drive [ 99 ] [ 1 ] [ 1860 1913 1836 ] [   28    5    7 ] [  10680  14482  15360 ] [ 1 ],0.80,0.80,0.80,0.80,2.52,-5.18,0.00,0.00,0.00,0.00,0.00,0.00,0.00,0.00,0.00,0.00,0.00,0.00,0.00,0.00,0.00,0
1.82453,1,-8,104,0,DRIVE [ 00 ] [ 1 ] [ 1918 1913 1747 ] [    0    0    0 ] [      0      0      0 ] [ 1 ],drive [ 00 ] [ 1 ] [ 1893 1913 1800 ] [   14   13   15 ] [  10680  14482  15360 ] [ 1 ],0.80,0.80,0.80,0.80,0.60,-6.59,0.00,0.00,0.00,0.00,0.00,0.00,0.00,0.00,0.00,0.00,0.00,0.00,0.00,0.00,0.00,0
1.83688,-1,-10,101,0,DRIVE [ 01 ] [ 1 ] [ 1918 1913 1712 ] [    0    0    0 ] [      0      0      0 ] [ 1 ],drive [ 00 ] [ 1 ] [ 1918 1913 1747 ] [   14   13   15 ] [  10680  14482  15360 ] [ 1 ],0.80,0.80,0.80,0.80,-0.96,-7.78,0.00,0.00,0.00,0.00,0.00,0.00,0.00,0.00,0.00,0.00,0.00,0.00,0.00,0.00,0.00,0
1.85152,-3,-11,99,0,DRIVE [ 01 ] [ 1 ] [ 1918 1896 1684 ] [    0    0    0 ] [      0      0      0 ] [ 1 ],drive [ 01 ] [ 1 ] [ 1918 1913 1712 ] [   14   13   15 ] [  10680  14482  15360 ] [ 1 ],0.80,0.80,0.80,0.80,-2.14,-8.94,0.00,0.00,0.00,0.00,0.00,0.00,0.00,0.00,0.00,0.00,0.00,0.00,0.00,0.00,0.00,0
1.8636,-4,-13,97,0,DRIVE [ 02 ] [ 1 ] [ 1918 1884 1649 ] [    0    0    0 ] [      0      0      0 ] [ 1 ],drive [ 01 ] [ 1 ] [ 1918 1896 1684 ] [   14   13   15 ] [  10630  14501  15369 ] [ 1 ],0.80,0.80,0.80,0.80,-2.96,-10.10,0.00,0.00,0.00,0.00,0.00,0.00,0.00,0.00,0.00,0.00,0.00,0.00,0.00,0.00,0.00,0
1.87543,-4,-14,94,0,DRIVE [ 02 ] [ 1 ] [ 1918 1875 1603 ] [    0    0    0 ] [      0      0      0 ] [ 1 ],drive [ 02 ] [ 1 ] [ 1918 1884 1649 ] [   13   15   40 ] [  10630  14501  15369 ] [ 1 ],0.80,0.80,0.80,0.80,-3.53,-11.55,0.00,0.00,0.00,0.00,0.00,0.00,0.00,0.00,0.00,0.00,0.00,0.00,0.00,0.00,0.00,0
1.88805,-5,-16,92,0,DRIVE [ 03 ] [ 1 ] [ 1918 1866 1560 ] [    0    0    0 ] [      0      0      0 ] [ 1 ],drive [ 02 ] [ 1 ] [ 1918 1875 1603 ] [   13   15   40 ] [  10630  14501  15369 ] [ 1 ],0.80,0.80,0.80,0.80,-4.05,-12.81,0.00,0.00,0.00,0.00,0.00,0.00,0.00,0.00,0.00,0.00,0.00,0.00,0.00,0.00,0.00,0
1.90022,-6,-17,90,0,DRIVE [ 03 ] [ 1 ] [ 1918 1857 1520 ] [    0    0    0 ] [      0      0      0 ] [ 1 ],drive [ 03 ] [ 1 ] [ 1918 1866 1560 ] [   13   15   40 ] [  10630  14501  15369 ] [ 1 ],0.80,0.80,0.80,0.80,-4.55,-13.93,0.00,0.00,0.00,0.00,0.00,0.00,0.00,0.00,0.00,0.00,0.00,0.00,0.00,0.00,0.00,0
1.91208,-6,-19,88,0,DRIVE [ 04 ] [ 1 ] [ 1918 1847 1484 ] [    0    0    0 ] [      0      0      0 ] [ 1 ],drive [ 03 ] [ 1 ] [ 1918 1857 1520 ] [   13   15   40 ] [  10619  14499  15493 ] [ 1 ],0.80,0.80,0.80,0.80,-5.09,-14.94,0.00,0.00,0.00,0.00,0.00,0.00,0.00,0.00,0.00,0.00,0.00,0.00,0.00,0.00,0.00,0
1.92444,-7,-20,86,0,DRIVE [ 04 ] [ 1 ] [ 1918 1838 1452 ] [    0    0    0 ] [      0      0      0 ] [ 0 ],drive [ 04 ] [ 1 ] [ 1918 1847 1484 ] [   14   22   42 ] [  10619  14499  15493 ] [ 1 ],0.80,0.80,0.80,0.80,-5.60,-15.78,0.00,0.00,0.00,0.00,0.00,0.00,0.00,0.00,0.00,0.00,0.00,0.00,0.00,0.00,0.00,0
1.93671,-8,-20,85,0,DRIVE [ 05 ] [ 1 ] [ 1918 1827 1428 ] [    0    0    0 ] [      0      0      0 ] [ 0 ],drive [ 04 ] [ 1 ] [ 1918 1838 1452 ] [   14   22   42 ] [  10619  14499  15493 ] [ 0 ],0.80,0.80,0.80,0.80,-6.16,-16.37,0.00,0.00,0.00,0.00,0.00,0.00,0.00,0.00,0.00,0.00,0.00,0.00,0.00,0.00,0.00,0
1.9487,-8,-21,83,0,DRIVE [ 05 ] [ 1 ] [ 1918 1816 1411 ] [    0    0    0 ] [      0      0      0 ] [ 0 ],drive [ 05 ] [ 1 ] [ 1918 1827 1428 ] [   14   22   42 ] [  10619  14499  15493 ] [ 0 ],0.80,0.80,0.80,0.80,-6.72,-16.71,0.00,0.00,0.00,0.00,0.00,0.00,0.00,0.00,0.00,0.00,0.00,0.00,0.00,0.00,0.00,0
1.96154,-9,-21,82,0,DRIVE [ 06 ] [ 1 ] [ 1918 1803 1401 ] [    0    0    0 ] [      0      0      0 ] [ 0 ],drive [ 05 ] [ 1 ] [ 1918 1816 1411 ] [   14   22   42 ] [  10500  14468  15916 ] [ 0 ],0.80,0.80,0.80,0.80,-7.35,-16.80,0.00,0.00,0.00,0.00,0.00,0.00,0.00,0.00,0.00,0.00,0.00,0.00,0.00,0.00,0.00,0
1.97307,-10,-21,80,0,DRIVE [ 06 ] [ 1 ] [ 1918 1790 1398 ] [    0    0    0 ] [      0      0      0 ] [ 0 ],drive [ 06 ] [ 1 ] [ 1918 1803 1401 ] [   18   14   64 ] [  10500  14468  15916 ] [ 0 ],0.80,0.80,0.80,0.80,-7.97,-16.69,0.00,0.00,0.00,0.00,0.00,0.00,0.00,0.00,0.00,0.00,0.00,0.00,0.00,0.00,0.00,0
1.98513,-11,-20,78,0,DRIVE [ 07 ] [ 1 ] [ 1918 1773 1398 ] [    0    0    0 ] [      0      0      0 ] [ 0 ],drive [ 06 ] [ 1 ] [ 1918 1790 1398 ] [   18   14   64 ] [  10500  14468  15916 ] [ 0 ],0.80,0.80,0.80,0.80,-8.70,-16.36,0.00,0.00,0.00,0.00,0.00,0.00,0.00,0.00,0.00,0.00,0.00,0.00,0.00,0.00,0.00,0
1.99706,-12,-20,77,0,DRIVE [ 07 ] [ 1 ] [ 1918 1758 1399 ] [    0    0    0 ] [      0      0      0 ] [ 0 ],drive [ 07 ] [ 1 ] [ 1918 1773 1398 ] [   18   14   64 ] [  10500  14468  15916 ] [ 0 ],0.80,0.80,0.80,0.80,-9.26,-15.97,0.00,0.00,0.00,0.00,0.00,0.00,0.00,0.00,0.00,0.00,0.00,0.00,0.00,0.00,0.00,0
2.00842,-12,-19,75,0,DRIVE [ 08 ] [ 1 ] [ 1918 1746 1406 ] [    0    0    0 ] [      0      0      0 ] [ 0 ],drive [ 07 ] [ 1 ] [ 1918 1758 1399 ] [   18   14   64 ] [  10160  14282  16172 ] [ 0 ],0.80,0.80,0.80,0.80,-9.68,-15.39,0.00,0.00,0.00,0.00,0.00,0.00,0.00,0.00,0.00,0.00,0.00,0.00,0.00,0.00,0.00,0
2.02029,-12,-18,73,0,DRIVE [ 08 ] [ 1 ] [ 1918 1734 1418 ] [    0    0    0 ] [      0      0      0 ] [ 0 ],drive [ 08 ] [ 1 ] [ 1918 1746 1406 ] [   14   38   44 ] [  10160  14282  16172 ] [ 0 ],0.80,0.80,0.80,0.80,-9.99,-14.66,0.00,0.00,0.00,0.00,0.00,-0.00,0.00,0.00,0.00,0.00,0.00,0.00,0.00,0.00,0.00,0
2.0341,-13,-17,71,0,DRIVE [ 09 ] [ 1 ] [ 1918 1722 1435 ] [    0    0    0 ] [      0      0      0 ] [ 0 ],drive [ 08 ] [ 1 ] [ 1918 1734 1418 ] [   14   38   44 ] [  10160  14282  16172 ] [ 0 ],0.80,0.80,0.80,0.80,-10.26,-13.78,0.00,0.00,0.00,0.00,0.00,-0.00,0.00,0.00,0.00,0.00,0.00,0.00,0.00,0.00,0.00,0
2.04553,-13,-16,69,0,DRIVE [ 09 ] [ 1 ] [ 1918 1708 1452 ] [    0    0    0 ] [      0      0      0 ] [ 0 ],drive [ 09 ] [ 1 ] [ 1918 1722 1435 ] [   14   38   44 ] [  10160  14282  16172 ] [ 0 ],0.80,0.80,0.80,0.80,-10.58,-12.92,0.00,0.00,0.00,0.00,0.00,-0.00,0.00,0.00,0.00,0.00,0.00,0.00,0.00,0.00,0.00,0
2.05722,-14,-15,68,0,DRIVE [ 10 ] [ 1 ] [ 1918 1693 1469 ] [    0    0    0 ] [      0      0      0 ] [ 0 ],drive [ 09 ] [ 1 ] [ 1918 1708 1452 ] [   14   38   44 ] [  10120  14249  16247 ] [ 0 ],0.80,0.80,0.80,0.80,-10.93,-12.05,0.00,0.00,0.00,0.00,0.00,-0.00,0.00,0.00,0.00,0.00,0.00,0.00,0.00,0.00,0.00,0
2.06872,-14,-14,66,0,DRIVE [ 10 ] [ 1 ] [ 1918 1676 1486 ] [    0    0    0 ] [      0      0      0 ] [ 1 ],drive [ 10 ] [ 1 ] [ 1918 1693 1469 ] [   13   37   50 ] [  10120  14249  16247 ] [ 0 ],0.80,0.80,0.80,0.80,-11.27,-11.19,0.00,0.00,0.00,0.00,0.00,-0.00,0.00,0.00,0.00,0.00,0.00,0.00,0.00,0.00,0.00,0
2.08005,-14,-13,65,0,DRIVE [ 11 ] [ 1 ] [ 1918 1660 1506 ] [    0    0    0 ] [      0      0      0 ] [ 1 ],drive [ 10 ] [ 1 ] [ 1918 1676 1486 ] [   13   37   50 ] [  10120  14249  16247 ] [ 1 ],0.80,0.80,0.80,0.80,-11.57,-10.26,0.00,0.00,0.00,0.00,0.00,-0.00,0.00,0.00,0.00,0.00,0.00,0.00,0.00,0.00,0.00,0
2.09115,-15,-12,63,0,DRIVE [ 11 ] [ 1 ] [ 1918 1644 1527 ] [    0    0    0 ] [      0      0      0 ] [ 1 ],drive [ 11 ] [ 1 ] [ 1918 1660 1506 ] [   13   37   50 ] [  10120  14249  16247 ] [ 1 ],0.80,0.80,0.80,0.80,-11.76,-9.28,0.00,0.00,0.00,0.00,0.00,-0.00,0.00,0.00,0.00,0.00,0.00,0.00,0.00,0.00,0.00,0
2.10261,-15,-10,62,0,DRIVE [ 12 ] [ 1 ] [ 1918 1629 1552 ] [    0    0    0 ] [      0      0      0 ] [ 1 ],drive [ 11 ] [ 1 ] [ 1918 1644 1527 ] [   13   37   50 ] [  10120  14271  16317 ] [ 1 ],0.80,0.80,0.80,0.80,-11.84,-8.21,0.00,0.00,0.00,0.00,0.00,-0.00,0.00,0.00,0.00,0.00,0.00,0.00,0.00,0.00,0.00,0
2.11448,-15,-9,61,0,DRIVE [ 12 ] [ 1 ] [ 1918 1614 1578 ] [    0    0    0 ] [      0      0      0 ] [ 1 ],drive [ 12 ] [ 1 ] [ 1918 1629 1552 ] [   13   37   50 ] [  10120  14271  16317 ] [ 1 ],0.80,0.80,0.80,0.80,-11.87,-7.11,0.00,0.00,0.00,0.00,0.00,-0.00,0.00,0.00,0.00,0.00,0.00,0.00,0.00,0.00,0.00,0
2.12506,-15,-7,59,0,DRIVE [ 13 ] [ 1 ] [ 1918 1597 1606 ] [    0    0    0 ] [      0      0      0 ] [ 1 ],drive [ 12 ] [ 1 ] [ 1918 1614 1578 ] [   14   30   53 ] [  10120  14271  16317 ] [ 1 ],0.80,0.80,0.80,0.80,-11.89,-5.98,0.00,0.00,0.00,0.00,0.00,-0.00,0.00,0.00,0.00,0.00,0.00,0.00,0.00,0.00,0.00,0
2.13661,-15,-6,58,0,DRIVE [ 13 ] [ 1 ] [ 1918 1578 1634 ] [    0    0    0 ] [      0      0      0 ] [ 1 ],drive [ 13 ] [ 1 ] [ 1918 1597 1606 ] [   14   30   53 ] [  10120  14271  16317 ] [ 1 ],0.80,0.80,0.80,0.80,-11.86,-4.81,0.00,0.00,0.00,0.00,0.00,-0.00,0.00,0.00,0.00,0.00,0.00,0.00,0.00,0.00,0.00,0
2.14786,-15,-5,56,0,DRIVE [ 14 ] [ 1 ] [ 1918 1556 1662 ] [    0    0    0 ] [      0      0      0 ] [ 1 ],drive [ 13 ] [ 1 ] [ 1918 1578 1634 ] [   14   30   53 ] [  10120  14271  16317 ] [ 1 ],0.80,0.80,0.80,0.80,-11.82,-3.62,0.00,0.00,0.00,0.00,0.00,-0.00,0.00,0.00,0.00,0.00,0.00,0.00,0.00,0.00,0.00,0
2.15856,-15,-3,55,0,DRIVE [ 14 ] [ 1 ] [ 1918 1529 1691 ] [    0    0    0 ] [      0      0      0 ] [ 1 ],drive [ 14 ] [ 1 ] [ 1918 1556 1662 ] [   14   30   53 ] [  10120  14286  16315 ] [ 1 ],0.80,0.80,0.80,0.80,-11.75,-2.41,0.00,0.00,0.00,0.00,0.00,-0.00,0.00,0.00,0.00,0.00,0.00,0.00,0.00,0.00,0.00,0
2.16963,-15,-1,53,0,DRIVE [ 15 ] [ 1 ] [ 1918 1496 1720 ] [    0    0    0 ] [      0      0      0 ] [ 1 ],drive [ 14 ] [ 1 ] [ 1918 1529 1691 ] [   13   32   41 ] [  10120  14286  16315 ] [ 1 ],0.80,0.80,0.80,0.80,-11.68,-1.14,0.00,0.00,0.00,0.00,0.00,-0.00,0.00,0.00,0.00,0.00,0.00,0.00,0.00,0.00,0.00,0
2.18117,-14,0,52,0,DRIVE [ 15 ] [ 1 ] [ 1918 1458 1749 ] [    0    0    0 ] [      0      0      0 ] [ 1 ],drive [ 15 ] [ 1 ] [ 1918 1496 1720 ] [   13   32   41 ] [  10120  14286  16315 ] [ 1 ],0.80,0.80,0.80,0.80,-11.57,0.17,0.00,0.00,0.00,0.00,0.00,-0.00,0.00,0.00,0.00,0.00,0.00,0.00,0.00,0.00,0.00,0
2.19181,-14,2,50,0,DRIVE [ 16 ] [ 1 ] [ 1918 1411 1782 ] [    0    0    0 ] [      0      0      0 ] [ 1 ],drive [ 15 ] [ 1 ] [ 1918 1458 1749 ] [   13   32   41 ] [  10120  14286  16315 ] [ 1 ],0.80,0.80,0.80,0.80,-11.40,1.54,0.00,0.00,0.00,0.00,0.00,-0.00,0.00,0.00,0.00,0.00,0.00,0.00,0.00,0.00,0.00,0
2.20294,-14,4,49,0,DRIVE [ 16 ] [ 1 ] [ 1918 1356 1817 ] [    0    0    0 ] [      0      0      0 ] [ 1 ],drive [ 16 ] [ 1 ] [ 1918 1411 1782 ] [   13   32   41 ] [  10117  14368  16301 ] [ 1 ],0.80,0.80,0.80,0.80,-11.12,2.97,0.00,0.00,0.00,0.00,0.00,-0.00,0.00,0.00,0.00,0.00,0.00,0.00,0.00,0.00,0.00,0
2.21384,-14,6,47,0,DRIVE [ 17 ] [ 1 ] [ 1918 1288 1854 ] [    0    0    0 ] [      0      0      0 ] [ 1 ],drive [ 16 ] [ 1 ] [ 1918 1356 1817 ] [   13   32   41 ] [  10117  14368  16301 ] [ 1 ],0.80,0.80,0.80,0.80,-10.80,4.46,0.00,0.00,0.00,0.00,0.00,-0.00,0.00,0.00,0.00,0.00,0.00,0.00,0.00,0.00,0.00,0
2.22506,-13,7,46,0,DRIVE [ 17 ] [ 1 ] [ 1918 1230 1895 ] [    0    0    0 ] [      0      0      0 ] [ 1 ],drive [ 17 ] [ 1 ] [ 1918 1288 1854 ] [    6   60   27 ] [  10117  14368  16301 ] [ 1 ],0.80,0.80,0.80,0.80,-10.40,6.00,0.00,0.00,0.00,0.00,0.00,-0.00,0.00,0.00,0.00,0.00,0.00,0.00,0.00,0.00,0.00,0
2.23607,-13,10,46,0,DRIVE [ 18 ] [ 1 ] [ 1907 1230 1895 ] [    0    0    0 ] [      0      0      0 ] [ 1 ],drive [ 17 ] [ 1 ] [ 1918 1230 1895 ] [    6   60   27 ] [  10117  14368  16301 ] [ 1 ],0.80,0.80,0.80,0.80,-10.14,7.80,0.00,0.00,0.00,0.00,0.00,-0.00,0.00,0.00,0.00,0.00,0.00,0.00,0.00,0.00,0.00,0
2.24699,-12,12,46,0,DRIVE [ 18 ] [ 1 ] [ 1854 1230 1895 ] [    0    0    0 ] [      0      0      0 ] [ 1 ],drive [ 18 ] [ 1 ] [ 1907 1230 1895 ] [    6   60   27 ] [  10117  14368  16301 ] [ 1 ],0.80,0.80,0.80,0.80,-9.67,9.47,0.00,0.00,0.00,0.00,0.00,-0.00,0.00,0.00,0.00,0.00,0.00,0.00,0.00,0.00,0.00,0
2.25745,-11,14,45,0,DRIVE [ 19 ] [ 1 ] [ 1797 1230 1895 ] [    0    0    0 ] [      0      0      0 ] [ 1 ],drive [ 18 ] [ 1 ] [ 1854 1230 1895 ] [    6   60   27 ] [  10085  14889  16102 ] [ 1 ],0.80,0.80,0.80,0.80,-8.92,10.97,0.00,0.00,0.00,0.00,0.00,-0.00,0.00,0.00,0.00,0.00,0.00,0.00,0.00,0.00,0.00,0
2.26836,-11,14,45,0,DRIVE [ 19 ] [ 1 ] [ 1809 1234 1895 ] [    0    0    0 ] [      0      0      0 ] [ 0 ],drive [ 19 ] [ 1 ] [ 1797 1230 1895 ] [    7   87   28 ] [  10085  14889  16102 ] [ 1 ],0.80,0.80,0.80,0.80,-8.03,9.87,0.00,0.00,0.00,0.00,0.00,-0.00,0.00,0.00,0.00,0.00,0.00,0.00,0.00,0.00,0.00,0
2.27923,-11,14,45,0,DRIVE [ 20 ] [ 1 ] [ 1820 1300 1895 ] [    0    0    0 ] [      0      0      0 ] [ 0 ],drive [ 19 ] [ 1 ] [ 1809 1234 1895 ] [    7   87   28 ] [  10085  14889  16102 ] [ 0 ],0.80,0.80,0.80,0.80,-7.23,8.88,0.00,0.00,0.00,0.00,0.00,-0.00,0.00,0.00,0.00,0.00,0.00,0.00,0.00,0.00,0.00,0
2.28981,-11,14,45,0,DRIVE [ 20 ] [ 1 ] [ 1831 1361 1895 ] [    0    0    0 ] [      0      0      0 ] [ 0 ],drive [ 20 ] [ 1 ] [ 1820 1300 1895 ] [    7   87   28 ] [  10085  14889  16102 ] [ 0 ],0.80,0.80,0.80,0.80,-6.51,8.00,0.00,0.00,0.00,0.00,0.00,-0.00,0.00,0.00,0.00,0.00,0.00,0.00,0.00,0.00,0.00,0
2.30101,-11,14,45,0,DRIVE [ 21 ] [ 1 ] [ 1840 1416 1895 ] [    0    0    0 ] [      0      0      0 ] [ 0 ],drive [ 20 ] [ 1 ] [ 1831 1361 1895 ] [    7   87   28 ] [  10112  15260  15816 ] [ 0 ],0.80,0.80,0.80,0.80,-5.85,7.20,0.00,0.00,0.00,0.00,0.00,-0.00,0.00,0.00,0.00,0.00,0.00,0.00,0.00,0.00,0.00,0
2.3119,-11,14,45,0,DRIVE [ 21 ] [ 1 ] [ 1848 1465 1895 ] [    0    0    0 ] [      0      0      0 ] [ 0 ],drive [ 21 ] [ 1 ] [ 1840 1416 1895 ] [    7   87   28 ] [  10112  15260  15816 ] [ 0 ],0.80,0.80,0.80,0.80,-5.27,6.48,0.00,0.00,0.00,0.00,0.00,-0.00,0.00,0.00,0.00,0.00,0.00,0.00,0.00,0.00,0.00,0
2.32344,-11,14,45,0,DRIVE [ 22 ] [ 1 ] [ 1856 1511 1895 ] [    0    0    0 ] [      0      0      0 ] [ 0 ],drive [ 21 ] [ 1 ] [ 1848 1465 1895 ] [   16   70   13 ] [  10112  15260  15816 ] [ 0 ],0.80,0.80,0.80,0.80,-4.74,5.83,0.00,0.00,0.00,0.00,0.00,-0.00,0.00,0.00,0.00,0.00,0.00,0.00,0.00,0.00,0.00,0
2.33466,-11,14,45,0,DRIVE [ 22 ] [ 1 ] [ 1863 1551 1895 ] [    0    0    0 ] [      0      0      0 ] [ 0 ],drive [ 22 ] [ 1 ] [ 1856 1511 1895 ] [   16   70   13 ] [  10112  15260  15816 ] [ 0 ],0.80,0.80,0.80,0.80,-4.27,5.25,0.00,0.00,0.00,0.00,0.00,-0.00,0.00,0.00,0.00,0.00,0.00,0.00,0.00,0.00,0.00,0
2.34558,-11,14,45,0,DRIVE [ 23 ] [ 1 ] [ 1869 1588 1895 ] [    0    0    0 ] [      0      0      0 ] [ 0 ],drive [ 22 ] [ 1 ] [ 1863 1551 1895 ] [   16   70   13 ] [  10112  15260  15816 ] [ 0 ],0.80,0.80,0.80,0.80,-3.84,4.72,0.00,0.00,0.00,0.00,0.00,-0.00,0.00,0.00,0.00,0.00,0.00,0.00,0.00,0.00,0.00,0
2.35639,-11,14,45,0,DRIVE [ 23 ] [ 1 ] [ 1875 1622 1895 ] [    0    0    0 ] [      0      0      0 ] [ 0 ],drive [ 23 ] [ 1 ] [ 1869 1588 1895 ] [   16   70   13 ] [  10112  15224  15816 ] [ 0 ],0.80,0.80,0.80,0.80,-3.46,4.25,0.00,0.00,0.00,0.00,0.00,-0.00,0.00,0.00,0.00,0.00,0.00,0.00,0.00,0.00,0.00,0
2.36744,-11,14,45,0,DRIVE [ 24 ] [ 1 ] [ 1880 1652 1895 ] [    0    0    0 ] [      0      0      0 ] [ 0 ],drive [ 23 ] [ 1 ] [ 1875 1622 1895 ] [   13   40   13 ] [  10112  15224  15816 ] [ 0 ],0.80,0.80,0.80,0.80,-3.11,3.82,0.00,0.00,0.00,0.00,0.00,-0.00,0.00,0.00,0.00,0.00,0.00,0.00,0.00,0.00,0.00,0
2.378,-11,14,45,0,DRIVE [ 24 ] [ 1 ] [ 1884 1679 1895 ] [    0    0    0 ] [      0      0      0 ] [ 0 ],drive [ 24 ] [ 1 ] [ 1880 1652 1895 ] [   13   40   13 ] [  10112  15224  15816 ] [ 0 ],0.80,0.80,0.80,0.80,-2.80,3.44,0.00,0.00,0.00,0.00,0.00,-0.00,0.00,0.00,0.00,0.00,0.00,0.00,0.00,0.00,0.00,0
2.38919,-11,14,45,1,DRIVE [ 25 ] [ 1 ] [ 1888 1704 1895 ] [    0    0    0 ] [      0      0      0 ] [ 0 ],drive [ 24 ] [ 1 ] [ 1884 1679 1895 ] [   13   40   13 ] [  10112  15224  15816 ] [ 0 ],0.80,0.80,0.80,0.80,-2.52,3.10,0.00,0.00,0.00,0.00,0.00,-0.00,0.00,0.00,0.00,0.00,0.00,0.00,0.00,0.00,0.00,0
