timestamp,Xmm,Ymm,Zmm,TouchDetected,OutgoingPacket,IncomingPacket,GainPropAb, GainPropAd, GainPropFl, GainPropEx,PropA, PropB, PropC,GainIntegAb, GainIntegAd, GainIntegFl, GainIntegEx,IntegA, IntegB, IntegC,GainDerivAb, GainDerivAd, GainDerivFl, GainDerivEx,DerivA, DerivB, DerivC,Heading5
5.02749,137,9,573,0,DRIVE [ 15 ] [ 1 ] [ 1407 2018 1752 ] [    0    0    0 ] [      0      0      0 ] [ 0 ],drive [ 14 ] [ 1 ] [ 1404 2018 1751 ] [   52    2   15 ] [  12951   9720  17156 ] [ 0 ],1.00,1.00,1.00,1.00,137.23,8.82,0.00,0.00,0.00,0.00,0.00,-0.00,0.00,0.00,0.00,0.00,0.00,0.00,-0.00,-0.00,0.00,0
0.00150368,137,9,573,0,DRIVE [ 16 ] [ 1 ] [ 1926 2018 1926 ] [    0    0    0 ] [      0      0      0 ] [ 0 ],drive [ 15 ] [ 1 ] [ 1409 2018 1753 ] [   52    2   15 ] [  12951   9721  17154 ] [ 0 ],1.00,1.00,1.00,1.00,123.28,7.92,0.00,0.00,0.00,0.00,0.00,-0.00,0.00,0.00,0.00,0.00,0.00,0.00,-0.00,-0.00,0.00,0
0.0171248,137,7,564,0,DRIVE [ 16 ] [ 1 ] [ 1918 2018 1923 ] [    0    0    0 ] [      0      0      0 ] [ 0 ],drive [ 16 ] [ 1 ] [ 1926 2018 1926 ] [   51    2   13 ] [  12951   9721  17154 ] [ 0 ],1.00,1.00,1.00,1.00,136.84,7.25,0.00,0.00,0.00,0.00,0.00,0.00,0.00,0.00,0.00,0.00,0.00,0.00,0.00,0.00,0.00,0
0.0313343,137,7,561,0,DRIVE [ 17 ] [ 1 ] [ 1910 2018 1920 ] [    0    0    0 ] [      0      0      0 ] [ 0 ],drive [ 16 ] [ 1 ] [ 1918 2018 1923 ] [   51    2   13 ] [  12951   9721  17154 ] [ 0 ],1.00,1.00,1.00,1.00,136.79,7.22,0.00,0.00,0.00,0.00,0.00,0.00,0.00,0.00,0.00,0.00,0.00,0.00,-0.00,-0.00,0.00,0
0.0457859,138,8,562,0,DRIVE [ 17 ] [ 1 ] [ 1902 2018 1918 ] [    0    0    0 ] [      0      0      0 ] [ 0 ],drive [ 17 ] [ 1 ] [ 1910 2018 1920 ] [   51    2   13 ] [  12951   9721  17154 ] [ 0 ],1.00,1.00,1.00,1.00,137.56,7.58,0.00,0.00,0.00,0.00,0.00,0.00,0.00,0.00,0.00,0.00,0.00,0.00,0.00,0.00,0.00,0
0.060072,139,8,566,0,DRIVE [ 18 ] [ 1 ] [ 1894 2018 1915 ] [    0    0    0 ] [      0      0      0 ] [ 0 ],drive [ 17 ] [ 1 ] [ 1902 2018 1918 ] [   51    2   13 ] [  12359   9721  17021 ] [ 0 ],1.00,1.00,1.00,1.00,138.93,7.93,0.00,0.00,0.00,0.00,0.00,0.00,0.00,0.00,0.00,0.00,0.00,0.00,0.00,0.00,0.00,0
0.0739048,139,8,563,0,DRIVE [ 18 ] [ 1 ] [ 1886 2018 1912 ] [    0    0    0 ] [      0      0      0 ] [ 0 ],drive [ 18 ] [ 1 ] [ 1894 2018 1915 ] [   22    4   20 ] [  12359   9721  17021 ] [ 0 ],1.00,1.00,1.00,1.00,138.76,8.30,0.00,0.00,0.00,0.00,0.00,0.00,0.00,0.00,0.00,0.00,0.00,0.00,0.00,0.00,0.00,0
0.0867299,144,10,558,0,DRIVE [ 19 ] [ 1 ] [ 1876 2018 1909 ] [    0    0    0 ] [      0      0      0 ] [ 0 ],drive [ 18 ] [ 1 ] [ 1886 2018 1912 ] [   22    4   20 ] [  12359   9721  17021 ] [ 0 ],1.00,1.00,1.00,1.00,143.80,9.85,0.00,0.00,0.00,0.00,0.00,0.00,0.00,0.00,0.00,0.00,0.00,0.00,0.00,0.00,0.00,0
0.0997281,144,10,558,0,DRIVE [ 19 ] [ 1 ] [ 1881 2018 1911 ] [    0    0    0 ] [      0      0      0 ] [ 0 ],drive [ 19 ] [ 1 ] [ 1876 2018 1909 ] [   22    4   20 ] [  11143   9716  16978 ] [ 0 ],1.00,1.00,1.00,1.00,129.42,8.87,0.00,0.00,0.00,0.00,0.00,0.00,0.00,0.00,0.00,0.00,0.00,0.00,0.00,0.00,0.00,0
0.11335,154,8,554,0,DRIVE [ 20 ] [ 1 ] [ 1857 2018 1902 ] [    0    0    0 ] [      0      0      0 ] [ 0 ],drive [ 19 ] [ 1 ] [ 1881 2018 1911 ] [    7    2   21 ] [  11143   9716  16978 ] [ 0 ],1.00,1.00,1.00,1.00,153.82,8.35,0.00,0.00,0.00,0.00,0.00,0.00,0.00,0.00,0.00,0.00,0.00,0.00,0.00,0.00,0.00,0
0.129495,166,7,556,0,DRIVE [ 20 ] [ 1 ] [ 1844 2018 1897 ] [    0    0    0 ] [      0      0      0 ] [ 0 ],drive [ 20 ] [ 1 ] [ 1857 2018 1902 ] [    7    2   21 ] [  11143   9716  16978 ] [ 0 ],1.00,1.00,1.00,1.00,165.61,6.54,0.00,0.00,0.00,0.00,0.00,0.00,0.00,0.00,0.00,0.00,0.00,0.00,0.00,0.00,0.00,0
0.1439,22,-32,500,0,DRIVE [ 21 ] [ 1 ] [ 1917 2018 1902 ] [    0    0    0 ] [      0      0      0 ] [ 0 ],drive [ 20 ] [ 1 ] [ 1844 2018 1897 ] [    7    2   21 ] [  11143   9716  16978 ] [ 0 ],1.00,1.00,1.00,1.00,21.85,-31.88,0.00,0.00,0.00,0.00,0.00,0.00,0.00,0.00,0.00,0.00,0.00,0.00,0.00,0.00,0.00,0
0.158329,21,-31,497,0,DRIVE [ 21 ] [ 1 ] [ 1916 2018 1901 ] [    0    0    0 ] [      0      0      0 ] [ 0 ],drive [ 21 ] [ 1 ] [ 1917 2018 1902 ] [    7    2   21 ] [  11125   9715  16979 ] [ 0 ],1.00,1.00,1.00,1.00,21.45,-30.94,0.00,0.00,0.00,0.00,0.00,0.00,0.00,0.00,0.00,0.00,0.00,0.00,0.00,0.00,0.00,0
0.172566,21,-28,499,0,DRIVE [ 22 ] [ 1 ] [ 1915 2018 1901 ] [    0    0    0 ] [      0      0      0 ] [ 0 ],drive [ 21 ] [ 1 ] [ 1916 2018 1901 ] [    9    1   21 ] [  11125   9715  16979 ] [ 0 ],1.00,1.00,1.00,1.00,21.05,-27.99,0.00,0.00,0.00,0.00,0.00,0.00,-0.00,0.00,0.00,0.00,0.00,0.00,-0.00,0.00,0.00,0
0.187031,21,-27,503,0,DRIVE [ 22 ] [ 1 ] [ 1915 2018 1900 ] [    0    0    0 ] [      0      0      0 ] [ 0 ],drive [ 22 ] [ 1 ] [ 1915 2018 1901 ] [    9    1   21 ] [  11125   9715  16979 ] [ 0 ],1.00,1.00,1.00,1.00,20.63,-26.91,0.00,0.00,0.00,0.00,0.00,0.00,-0.00,0.00,0.00,0.00,0.00,0.00,-0.00,0.00,0.00,0
0.201795,20,-25,501,0,DRIVE [ 23 ] [ 1 ] [ 1914 2018 1900 ] [    0    0    0 ] [      0      0      0 ] [ 0 ],drive [ 22 ] [ 1 ] [ 1915 2018 1900 ] [    9    1   21 ] [  11115   9716  16978 ] [ 0 ],1.00,1.00,1.00,1.00,19.64,-25.12,0.00,0.00,0.00,0.00,0.00,0.00,-0.00,0.00,0.00,0.00,0.00,0.00,-0.00,0.00,0.00,0
0.215952,19,-24,499,0,DRIVE [ 23 ] [ 1 ] [ 1914 2018 1899 ] [    0    0    0 ] [      0      0      0 ] [ 0 ],drive [ 23 ] [ 1 ] [ 1914 2018 1900 ] [    3   -1   21 ] [  11115   9716  16978 ] [ 0 ],1.00,1.00,1.00,1.00,18.94,-23.82,0.00,0.00,0.00,0.00,0.00,0.00,-0.00,0.00,0.00,0.00,0.00,0.00,-0.00,0.00,0.00,0
0.230981,19,-23,498,0,DRIVE [ 24 ] [ 1 ] [ 1913 2018 1899 ] [    0    0    0 ] [      0      0      0 ] [ 0 ],drive [ 23 ] [ 1 ] [ 1914 2018 1899 ] [    3   -1   21 ] [  11115   9716  16978 ] [ 0 ],1.00,1.00,1.00,1.00,18.58,-22.68,0.00,0.00,0.00,0.00,0.00,0.00,-0.00,0.00,0.00,0.00,0.00,0.00,-0.00,0.00,0.00,0
0.244853,18,-22,498,0,DRIVE [ 24 ] [ 1 ] [ 1913 2018 1898 ] [    0    0    0 ] [      0      0      0 ] [ 0 ],drive [ 24 ] [ 1 ] [ 1913 2018 1899 ] [    3   -1   21 ] [  11115   9716  16978 ] [ 0 ],1.00,1.00,1.00,1.00,18.40,-21.78,0.00,0.00,0.00,0.00,0.00,0.00,-0.00,0.00,0.00,0.00,0.00,0.00,-0.00,0.00,0.00,0
0.259411,18,-21,497,0,DRIVE [ 25 ] [ 1 ] [ 1912 2018 1897 ] [    0    0    0 ] [      0      0      0 ] [ 0 ],drive [ 24 ] [ 1 ] [ 1913 2018 1898 ] [    3   -1   21 ] [  11114   9717  16977 ] [ 0 ],1.00,1.00,1.00,1.00,18.45,-21.01,0.00,0.00,0.00,0.00,0.00,0.00,-0.00,0.00,0.00,0.00,0.00,0.00,-0.00,0.00,0.00,0
0.273051,19,-20,498,0,DRIVE [ 25 ] [ 1 ] [ 1911 2018 1896 ] [    0    0    0 ] [      0      0      0 ] [ 0 ],drive [ 25 ] [ 1 ] [ 1912 2018 1897 ] [    4    0   23 ] [  11114   9717  16977 ] [ 0 ],1.00,1.00,1.00,1.00,18.56,-20.49,0.00,0.00,0.00,0.00,0.00,0.00,-0.00,0.00,0.00,0.00,0.00,0.00,-0.00,0.00,0.00,0
0.287639,19,-20,497,0,DRIVE [ 26 ] [ 1 ] [ 1909 2018 1896 ] [    0    0    0 ] [      0      0      0 ] [ 0 ],drive [ 25 ] [ 1 ] [ 1911 2018 1896 ] [    4    0   23 ] [  11114   9717  16977 ] [ 0 ],1.00,1.00,1.00,1.00,19.19,-19.81,0.00,0.00,0.00,0.00,0.00,0.00,-0.00,0.00,0.00,0.00,0.00,0.00,-0.00,0.00,0.00,0
0.302018,20,-19,497,0,DRIVE [ 26 ] [ 1 ] [ 1908 2018 1894 ] [    0    0    0 ] [      0      0      0 ] [ 0 ],drive [ 26 ] [ 1 ] [ 1909 2018 1896 ] [    4    0   23 ] [  11114   9719  16977 ] [ 0 ],1.00,1.00,1.00,1.00,19.99,-19.34,0.00,0.00,0.00,0.00,0.00,0.00,-0.00,0.00,0.00,0.00,0.00,0.00,-0.00,0.00,0.00,0
0.316093,21,-19,493,0,DRIVE [ 27 ] [ 1 ] [ 1905 2018 1893 ] [    0    0    0 ] [      0      0      0 ] [ 0 ],drive [ 26 ] [ 1 ] [ 1908 2018 1894 ] [    4    1   21 ] [  11114   9719  16977 ] [ 0 ],1.00,1.00,1.00,1.00,21.08,-18.93,0.00,0.00,0.00,0.00,0.00,0.00,-0.00,0.00,0.00,0.00,0.00,0.00,-0.00,0.00,0.00,0
0.330346,23,-19,494,0,DRIVE [ 27 ] [ 1 ] [ 1902 2018 1891 ] [    0    0    0 ] [      0      0      0 ] [ 0 ],drive [ 27 ] [ 1 ] [ 1905 2018 1893 ] [    4    1   21 ] [  11114   9719  16977 ] [ 0 ],1.00,1.00,1.00,1.00,22.78,-18.82,0.00,0.00,0.00,0.00,0.00,0.00,-0.00,0.00,0.00,0.00,0.00,0.00,0.00,0.00,0.00,0
0.344737,25,-19,491,0,DRIVE [ 28 ] [ 1 ] [ 1899 2018 1889 ] [    0    0    0 ] [      0      0      0 ] [ 0 ],drive [ 27 ] [ 1 ] [ 1902 2018 1891 ] [    4    1   21 ] [  11114   9719  16977 ] [ 0 ],1.00,1.00,1.00,1.00,24.79,-18.69,0.00,0.00,0.00,0.00,0.00,0.00,-0.00,0.00,0.00,0.00,0.00,0.00,0.00,0.00,0.00,0
0.358623,28,-19,487,0,DRIVE [ 28 ] [ 1 ] [ 1893 2018 1886 ] [    0    0    0 ] [      0      0      0 ] [ 0 ],drive [ 28 ] [ 1 ] [ 1899 2018 1889 ] [    4    1   21 ] [  11116   9721  16977 ] [ 0 ],1.00,1.00,1.00,1.00,27.94,-18.54,0.00,0.00,0.00,0.00,0.00,0.00,-0.00,0.00,0.00,0.00,0.00,0.00,0.00,0.00,0.00,0
0.373021,32,-18,486,0,DRIVE [ 29 ] [ 1 ] [ 1886 2018 1883 ] [    0    0    0 ] [      0      0      0 ] [ 0 ],drive [ 28 ] [ 1 ] [ 1893 2018 1886 ] [    4    1   22 ] [  11116   9721  16977 ] [ 0 ],1.00,1.00,1.00,1.00,31.59,-18.42,0.00,0.00,0.00,0.00,0.00,0.00,-0.00,0.00,0.00,0.00,0.00,0.00,0.00,0.00,0.00,0
0.387323,35,-18,485,0,DRIVE [ 29 ] [ 1 ] [ 1879 2018 1879 ] [    0    0    0 ] [      0      0      0 ] [ 0 ],drive [ 29 ] [ 1 ] [ 1886 2018 1883 ] [    4    1   22 ] [  11116   9721  16977 ] [ 0 ],1.00,1.00,1.00,1.00,35.47,-18.37,0.00,0.00,0.00,0.00,0.00,0.00,-0.00,0.00,0.00,0.00,0.00,0.00,0.00,0.00,0.00,0
0.401718,39,-18,482,0,DRIVE [ 30 ] [ 1 ] [ 1871 2018 1875 ] [    0    0    0 ] [      0      0      0 ] [ 0 ],drive [ 29 ] [ 1 ] [ 1879 2018 1879 ] [    4    1   22 ] [  11118   9721  16977 ] [ 0 ],1.00,1.00,1.00,1.00,39.22,-18.09,0.00,0.00,0.00,0.00,0.00,0.00,-0.00,0.00,0.00,0.00,0.00,0.00,0.00,0.00,0.00,0
0.415895,43,-18,479,0,DRIVE [ 30 ] [ 1 ] [ 1861 2018 1871 ] [    0    0    0 ] [      0      0      0 ] [ 0 ],drive [ 30 ] [ 1 ] [ 1871 2018 1875 ] [    7    4   23 ] [  11118   9721  16977 ] [ 0 ],1.00,1.00,1.00,1.00,43.25,-17.73,0.00,0.00,0.00,0.00,0.00,0.00,-0.00,0.00,0.00,0.00,0.00,0.00,0.00,0.00,0.00,0
0.431043,49,-17,478,0,DRIVE [ 31 ] [ 1 ] [ 1848 2018 1867 ] [    0    0    0 ] [      0      0      0 ] [ 0 ],drive [ 30 ] [ 1 ] [ 1861 2018 1871 ] [    7    4   23 ] [  11118   9721  16977 ] [ 0 ],1.00,1.00,1.00,1.00,49.35,-16.70,0.00,0.00,0.00,0.00,0.00,0.00,-0.00,0.00,0.00,0.00,0.00,0.00,0.00,0.00,0.00,0
0.445058,55,-16,474,0,DRIVE [ 31 ] [ 1 ] [ 1833 2018 1862 ] [    0    0    0 ] [      0      0      0 ] [ 0 ],drive [ 31 ] [ 1 ] [ 1848 2018 1867 ] [    7    4   23 ] [  11118   9721  16977 ] [ 0 ],1.00,1.00,1.00,1.00,54.95,-15.50,0.00,0.00,0.00,0.00,0.00,0.00,-0.00,0.00,0.00,0.00,0.00,0.00,0.00,0.00,0.00,0
0.459069,61,-14,470,0,DRIVE [ 32 ] [ 1 ] [ 1816 2018 1857 ] [    0    0    0 ] [      0      0      0 ] [ 0 ],drive [ 31 ] [ 1 ] [ 1833 2018 1862 ] [    7    4   23 ] [  11119   9720  16975 ] [ 0 ],1.00,1.00,1.00,1.00,60.67,-14.02,0.00,0.00,0.00,0.00,0.00,0.00,-0.00,0.00,0.00,0.00,0.00,0.00,0.00,0.00,0.00,0
0.472826,68,-12,470,0,DRIVE [ 32 ] [ 1 ] [ 1796 2018 1853 ] [    0    0    0 ] [      0      0      0 ] [ 0 ],drive [ 32 ] [ 1 ] [ 1816 2018 1857 ] [    8    2   25 ] [  11119   9720  16975 ] [ 0 ],1.00,1.00,1.00,1.00,67.80,-11.83,0.00,0.00,0.00,0.00,0.00,0.00,-0.00,0.00,0.00,0.00,0.00,0.00,0.00,0.00,0.00,0
0.487143,74,-10,470,0,DRIVE [ 33 ] [ 1 ] [ 1776 2018 1849 ] [    0    0    0 ] [      0      0      0 ] [ 0 ],drive [ 32 ] [ 1 ] [ 1796 2018 1853 ] [    8    2   25 ] [  11119   9720  16975 ] [ 0 ],1.00,1.00,1.00,1.00,74.19,-9.61,0.00,0.00,0.00,0.00,0.00,0.00,-0.00,0.00,0.00,0.00,0.00,0.00,0.00,0.00,0.00,0
0.501499,80,-7,473,0,DRIVE [ 33 ] [ 1 ] [ 1757 2018 1846 ] [    0    0    0 ] [      0      0      0 ] [ 0 ],drive [ 33 ] [ 1 ] [ 1776 2018 1849 ] [    8    2   25 ] [  11127   9717  16976 ] [ 0 ],1.00,1.00,1.00,1.00,80.01,-7.02,0.00,0.00,0.00,0.00,0.00,0.00,-0.00,0.00,0.00,0.00,0.00,0.00,0.00,0.00,0.00,0
0.515711,85,-3,470,0,DRIVE [ 34 ] [ 1 ] [ 1734 2018 1845 ] [    0    0    0 ] [      0      0      0 ] [ 0 ],drive [ 33 ] [ 1 ] [ 1757 2018 1846 ] [   19    3   26 ] [  11127   9717  16976 ] [ 0 ],1.00,1.00,1.00,1.00,85.18,-3.10,0.00,0.00,0.00,0.00,0.00,0.00,-0.00,0.00,0.00,0.00,0.00,0.00,0.00,0.00,0.00,0
0.529776,89,1,466,0,DRIVE [ 34 ] [ 1 ] [ 1711 2018 1844 ] [    0    0    0 ] [      0      0      0 ] [ 0 ],drive [ 34 ] [ 1 ] [ 1734 2018 1845 ] [   19    3   26 ] [  11127   9717  16976 ] [ 0 ],1.00,1.00,1.00,1.00,89.28,0.76,0.00,0.00,0.00,0.00,0.00,0.00,-0.00,0.00,0.00,0.00,0.00,0.00,0.00,0.00,0.00,0
0.543897,93,5,464,0,DRIVE [ 35 ] [ 1 ] [ 1689 2018 1844 ] [    0    0    0 ] [      0      0      0 ] [ 0 ],drive [ 34 ] [ 1 ] [ 1711 2018 1844 ] [   19    3   26 ] [  11127   9717  16976 ] [ 0 ],1.00,1.00,1.00,1.00,92.93,4.55,0.00,0.00,0.00,0.00,0.00,0.00,-0.00,0.00,0.00,0.00,0.00,0.00,0.00,0.00,0.00,0
0.557518,96,8,459,0,DRIVE [ 35 ] [ 1 ] [ 1668 2018 1844 ] [    0    0    0 ] [      0      0      0 ] [ 0 ],drive [ 35 ] [ 1 ] [ 1689 2018 1844 ] [   19    3   26 ] [  11149   9715  16976 ] [ 0 ],1.00,1.00,1.00,1.00,95.71,8.06,0.00,0.00,0.00,0.00,0.00,0.00,-0.00,0.00,0.00,0.00,0.00,0.00,0.00,0.00,0.00,0
0.571593,99,12,454,0,DRIVE [ 36 ] [ 1 ] [ 1642 2018 1845 ] [    0    0    0 ] [      0      0      0 ] [ 0 ],drive [ 35 ] [ 1 ] [ 1668 2018 1844 ] [   40    3   27 ] [  11149   9715  16976 ] [ 0 ],1.00,1.00,1.00,1.00,98.66,12.44,0.00,0.00,0.00,0.00,0.00,0.00,-0.00,0.00,0.00,0.00,0.00,0.00,0.00,0.00,0.00,0
0.585716,101,16,450,0,DRIVE [ 36 ] [ 1 ] [ 1617 2018 1845 ] [    0    0    0 ] [      0      0      0 ] [ 0 ],drive [ 36 ] [ 1 ] [ 1642 2018 1845 ] [   40    3   27 ] [  11149   9715  16976 ] [ 0 ],1.00,1.00,1.00,1.00,101.38,16.36,0.00,0.00,0.00,0.00,0.00,0.00,-0.00,0.00,0.00,0.00,0.00,0.00,0.00,0.00,0.00,0
0.599728,104,20,446,0,DRIVE [ 37 ] [ 1 ] [ 1592 2018 1846 ] [    0    0    0 ] [      0      0      0 ] [ 0 ],drive [ 36 ] [ 1 ] [ 1617 2018 1845 ] [   40    3   27 ] [  11292   9714  16973 ] [ 0 ],1.00,1.00,1.00,1.00,103.62,19.95,0.00,0.00,0.00,0.00,0.00,0.00,-0.00,0.00,0.00,0.00,0.00,0.00,0.00,0.00,0.00,0
0.613887,106,23,443,0,DRIVE [ 37 ] [ 1 ] [ 1569 2018 1847 ] [    0    0    0 ] [      0      0      0 ] [ 0 ],drive [ 37 ] [ 1 ] [ 1592 2018 1846 ] [   55    4   28 ] [  11292   9714  16973 ] [ 0 ],1.00,1.00,1.00,1.00,105.65,23.18,0.00,0.00,0.00,0.00,0.00,0.00,-0.00,0.00,0.00,0.00,0.00,0.00,0.00,0.00,0.00,0
0.627474,106,26,436,0,DRIVE [ 38 ] [ 1 ] [ 1546 2018 1848 ] [    0    0    0 ] [      0      0      0 ] [ 0 ],drive [ 37 ] [ 1 ] [ 1569 2018 1847 ] [   55    4   28 ] [  11292   9714  16973 ] [ 0 ],1.00,1.00,1.00,1.00,106.40,26.10,0.00,0.00,0.00,0.00,0.00,0.00,-0.00,0.00,0.00,0.00,0.00,0.00,0.00,0.00,0.00,0
0.641552,107,29,431,0,DRIVE [ 38 ] [ 1 ] [ 1525 2018 1850 ] [    0    0    0 ] [      0      0      0 ] [ 0 ],drive [ 38 ] [ 1 ] [ 1546 2018 1848 ] [   55    4   28 ] [  11292   9714  16973 ] [ 0 ],1.00,1.00,1.00,1.00,106.59,28.66,0.00,0.00,0.00,0.00,0.00,0.00,-0.00,0.00,0.00,0.00,0.00,0.00,0.00,0.00,0.00,0
0.655604,107,31,429,0,DRIVE [ 39 ] [ 1 ] [ 1507 2018 1852 ] [    0    0    0 ] [      0      0      0 ] [ 0 ],drive [ 38 ] [ 1 ] [ 1525 2018 1850 ] [   55    4   28 ] [  11627   9710  16942 ] [ 0 ],1.00,1.00,1.00,1.00,106.66,31.02,0.00,0.00,0.00,0.00,0.00,0.00,-0.00,0.00,0.00,0.00,0.00,0.00,0.00,0.00,0.00,0
0.669735,106,33,425,0,DRIVE [ 39 ] [ 1 ] [ 1491 2018 1854 ] [    0    0    0 ] [      0      0      0 ] [ 0 ],drive [ 39 ] [ 1 ] [ 1507 2018 1852 ] [   45    6   18 ] [  11627   9710  16942 ] [ 0 ],1.00,1.00,1.00,1.00,105.62,33.08,0.00,0.00,0.00,0.00,0.00,0.00,-0.00,0.00,0.00,0.00,0.00,0.00,0.00,0.00,0.00,0
0.683417,104,36,423,0,DRIVE [ 40 ] [ 1 ] [ 1477 2018 1859 ] [    0    0    0 ] [      0      0      0 ] [ 0 ],drive [ 39 ] [ 1 ] [ 1491 2018 1854 ] [   45    6   18 ] [  11627   9710  16942 ] [ 0 ],1.00,1.00,1.00,1.00,103.96,35.50,0.00,0.00,0.00,0.00,0.00,0.00,-0.00,0.00,0.00,0.00,0.00,0.00,0.00,0.00,0.00,0
0.697361,102,37,419,0,DRIVE [ 40 ] [ 1 ] [ 1466 2018 1864 ] [    0    0    0 ] [      0      0      0 ] [ 0 ],drive [ 40 ] [ 1 ] [ 1477 2018 1859 ] [   45    6   18 ] [  12177   9706  16799 ] [ 0 ],1.00,1.00,1.00,1.00,101.54,37.31,0.00,0.00,0.00,0.00,0.00,0.00,-0.00,0.00,0.00,0.00,0.00,0.00,0.00,0.00,0.00,0
0.713479,99,39,416,0,DRIVE [ 41 ] [ 1 ] [ 1457 2018 1868 ] [    0    0    0 ] [      0      0      0 ] [ 0 ],drive [ 40 ] [ 1 ] [ 1466 2018 1864 ] [   55    9   29 ] [  12177   9706  16799 ] [ 0 ],1.00,1.00,1.00,1.00,99.08,38.60,0.00,0.00,0.00,0.00,0.00,0.00,-0.00,0.00,0.00,0.00,0.00,0.00,0.00,0.00,0.00,0
0.727485,97,39,412,0,DRIVE [ 41 ] [ 1 ] [ 1446 2018 1871 ] [    0    0    0 ] [      0      0      0 ] [ 0 ],drive [ 41 ] [ 1 ] [ 1457 2018 1868 ] [   55    9   29 ] [  12177   9706  16799 ] [ 0 ],1.00,1.00,1.00,1.00,96.54,39.46,0.00,0.00,0.00,0.00,0.00,0.00,-0.00,0.00,0.00,0.00,0.00,0.00,0.00,0.00,0.00,0
0.742145,94,40,407,0,DRIVE [ 42 ] [ 1 ] [ 1437 2018 1875 ] [    0    0    0 ] [      0      0      0 ] [ 0 ],drive [ 41 ] [ 1 ] [ 1446 2018 1871 ] [   55    9   29 ] [  12177   9706  16799 ] [ 0 ],1.00,1.00,1.00,1.00,94.15,40.26,0.00,0.00,0.00,0.00,0.00,0.00,-0.00,0.00,0.00,0.00,0.00,0.00,0.00,0.00,0.00,0
0.755414,93,41,404,0,DRIVE [ 42 ] [ 1 ] [ 1426 2018 1877 ] [    0    0    0 ] [      0      0      0 ] [ 0 ],drive [ 42 ] [ 1 ] [ 1437 2018 1875 ] [   55    9   29 ] [  12518   9702  16697 ] [ 0 ],1.00,1.00,1.00,1.00,92.54,40.97,0.00,0.00,0.00,0.00,0.00,0.00,-0.00,0.00,0.00,0.00,0.00,0.00,0.00,0.00,0.00,0
0.772115,92,42,403,0,DRIVE [ 43 ] [ 1 ] [ 1414 2018 1879 ] [    0    0    0 ] [      0      0      0 ] [ 0 ],drive [ 42 ] [ 1 ] [ 1426 2018 1877 ] [   64    9   27 ] [  12518   9702  16697 ] [ 0 ],1.00,1.00,1.00,1.00,92.01,41.84,0.00,0.00,0.00,0.00,0.00,0.00,-0.00,0.00,0.00,0.00,0.00,0.00,0.00,0.00,0.00,0
0.78647,92,43,400,0,DRIVE [ 43 ] [ 1 ] [ 1396 2018 1879 ] [    0    0    0 ] [      0      0      0 ] [ 0 ],drive [ 43 ] [ 1 ] [ 1414 2018 1879 ] [   64    9   27 ] [  12518   9702  16697 ] [ 0 ],1.00,1.00,1.00,1.00,91.97,42.70,0.00,0.00,0.00,0.00,0.00,0.00,-0.00,0.00,0.00,0.00,0.00,0.00,0.00,0.00,0.00,0
0.801809,93,43,394,0,DRIVE [ 44 ] [ 1 ] [ 1371 2018 1877 ] [    0    0    0 ] [      0      0      0 ] [ 0 ],drive [ 43 ] [ 1 ] [ 1396 2018 1879 ] [   64    9   27 ] [  12764   9704  16487 ] [ 0 ],1.00,1.00,1.00,1.00,93.22,43.18,0.00,0.00,0.00,0.00,0.00,0.00,-0.00,0.00,0.00,0.00,0.00,0.00,0.00,0.00,0.00,0
0.815692,96,43,392,0,DRIVE [ 44 ] [ 1 ] [ 1347 2018 1872 ] [    0    0    0 ] [      0      0      0 ] [ 0 ],drive [ 44 ] [ 1 ] [ 1371 2018 1877 ] [   68   10    8 ] [  12764   9704  16487 ] [ 0 ],1.00,1.00,1.00,1.00,96.05,43.37,0.00,0.00,0.00,0.00,0.00,0.00,-0.00,0.00,0.00,0.00,0.00,0.00,0.00,0.00,0.00,0
0.829337,98,43,388,0,DRIVE [ 45 ] [ 1 ] [ 1328 2018 1865 ] [    0    0    0 ] [      0      0      0 ] [ 0 ],drive [ 44 ] [ 1 ] [ 1347 2018 1872 ] [   68   10    8 ] [  12764   9704  16487 ] [ 0 ],1.00,1.00,1.00,1.00,97.94,42.59,0.00,0.00,0.00,0.00,0.00,0.00,-0.00,0.00,0.00,0.00,0.00,0.00,0.00,0.00,0.00,0
0.845795,99,41,383,0,DRIVE [ 45 ] [ 1 ] [ 1313 2018 1858 ] [    0    0    0 ] [      0      0      0 ] [ 0 ],drive [ 45 ] [ 1 ] [ 1328 2018 1865 ] [   68   10    8 ] [  12764   9704  16487 ] [ 0 ],1.00,1.00,1.00,1.00,99.21,41.31,0.00,0.00,0.00,0.00,0.00,0.00,-0.00,0.00,0.00,0.00,0.00,0.00,0.00,0.00,0.00,0
0.861441,99,40,381,0,DRIVE [ 46 ] [ 1 ] [ 1305 2018 1852 ] [    0    0    0 ] [      0      0      0 ] [ 0 ],drive [ 45 ] [ 1 ] [ 1313 2018 1858 ] [   68   10    8 ] [  13454   9699  16117 ] [ 0 ],1.00,1.00,1.00,1.00,99.30,39.53,0.00,0.00,0.00,0.00,0.00,0.00,-0.00,0.00,0.00,0.00,0.00,0.00,0.00,0.00,0.00,0
0.874999,98,38,377,0,DRIVE [ 46 ] [ 1 ] [ 1304 2018 1847 ] [    0    0    0 ] [      0      0      0 ] [ 0 ],drive [ 46 ] [ 1 ] [ 1305 2018 1852 ] [   55   12   27 ] [  13454   9699  16117 ] [ 0 ],1.00,1.00,1.00,1.00,97.86,37.60,0.00,0.00,0.00,0.00,0.00,0.00,-0.00,0.00,0.00,0.00,0.00,0.00,0.00,0.00,0.00,0
0.888492,95,35,373,0,DRIVE [ 47 ] [ 1 ] [ 1312 2018 1845 ] [    0    0    0 ] [      0      0      0 ] [ 0 ],drive [ 46 ] [ 1 ] [ 1304 2018 1847 ] [   55   12   27 ] [  13454   9699  16117 ] [ 0 ],1.00,1.00,1.00,1.00,94.85,35.44,0.00,0.00,0.00,0.00,0.00,0.00,-0.00,0.00,0.00,0.00,0.00,0.00,0.00,0.00,0.00,0
0.90214,89,33,369,0,DRIVE [ 47 ] [ 1 ] [ 1340 2018 1847 ] [    0    0    0 ] [      0      0      0 ] [ 0 ],drive [ 47 ] [ 1 ] [ 1312 2018 1845 ] [   55   12   27 ] [  14091   9668  15801 ] [ 0 ],1.00,1.00,1.00,1.00,88.80,32.53,0.00,0.00,0.00,0.00,0.00,0.00,-0.00,0.00,0.00,0.00,0.00,0.00,0.00,0.00,0.00,0
0.915912,83,30,367,0,DRIVE [ 48 ] [ 1 ] [ 1368 2018 1849 ] [    0    0    0 ] [      0      0      0 ] [ 0 ],drive [ 47 ] [ 1 ] [ 1340 2018 1847 ] [   55   12   30 ] [  14091   9668  15801 ] [ 0 ],1.00,1.00,1.00,1.00,82.82,30.08,0.00,0.00,0.00,0.00,0.00,0.00,-0.00,0.00,0.00,0.00,0.00,0.00,-0.00,-0.00,0.00,0
0.92978,75,28,364,0,DRIVE [ 48 ] [ 1 ] [ 1404 2018 1855 ] [    0    0    0 ] [      0      0      0 ] [ 0 ],drive [ 48 ] [ 1 ] [ 1368 2018 1849 ] [   55   12   30 ] [  14091   9668  15801 ] [ 0 ],1.00,1.00,1.00,1.00,75.39,27.55,0.00,0.00,0.00,0.00,0.00,0.00,-0.00,0.00,0.00,0.00,0.00,0.00,-0.00,-0.00,0.00,0
0.94335,68,25,360,0,DRIVE [ 49 ] [ 1 ] [ 1437 2018 1861 ] [    0    0    0 ] [      0      0      0 ] [ 0 ],drive [ 48 ] [ 1 ] [ 1404 2018 1855 ] [   55   12   30 ] [  14091   9668  15801 ] [ 0 ],1.00,1.00,1.00,1.00,68.36,25.41,0.00,0.00,0.00,0.00,0.00,0.00,-0.00,0.00,0.00,0.00,0.00,0.00,-0.00,-0.00,0.00,0
0.956411,62,24,357,0,DRIVE [ 49 ] [ 1 ] [ 1468 2018 1867 ] [    0    0    0 ] [      0      0      0 ] [ 0 ],drive [ 49 ] [ 1 ] [ 1437 2018 1861 ] [   55   12   30 ] [  14208   9669  15707 ] [ 0 ],1.00,1.00,1.00,1.00,62.09,23.64,0.00,0.00,0.00,0.00,0.00,0.00,-0.00,0.00,0.00,0.00,0.00,0.00,-0.00,-0.00,0.00,0
0.972991,56,22,354,0,DRIVE [ 50 ] [ 1 ] [ 1496 2018 1874 ] [    0    0    0 ] [      0      0      0 ] [ 0 ],drive [ 49 ] [ 1 ] [ 1468 2018 1867 ] [   51   12   19 ] [  14208   9669  15707 ] [ 0 ],1.00,1.00,1.00,1.00,56.24,22.32,0.00,0.00,0.00,0.00,0.00,0.00,-0.00,0.00,0.00,0.00,0.00,0.00,-0.00,-0.00,0.00,0
0.986792,51,21,352,0,DRIVE [ 50 ] [ 1 ] [ 1518 2018 1881 ] [    0    0    0 ] [      0      0      0 ] [ 0 ],drive [ 50 ] [ 1 ] [ 1496 2018 1874 ] [   51   12   19 ] [  14208   9669  15707 ] [ 0 ],1.00,1.00,1.00,1.00,51.25,21.40,0.00,0.00,0.00,0.00,0.00,0.00,-0.00,0.00,0.00,0.00,0.00,0.00,-0.00,-0.00,0.00,0
1.00263,45,20,350,0,DRIVE [ 51 ] [ 1 ] [ 1550 2018 1890 ] [    0    0    0 ] [      0      0      0 ] [ 0 ],drive [ 50 ] [ 1 ] [ 1518 2018 1881 ] [   51   12   19 ] [  14202   9669  15682 ] [ 0 ],1.00,1.00,1.00,1.00,45.22,20.16,0.00,0.00,0.00,0.00,0.00,0.00,-0.00,0.00,0.00,0.00,0.00,0.00,-0.00,-0.00,0.00,0
1.0164,39,19,345,0,DRIVE [ 51 ] [ 1 ] [ 1585 2018 1898 ] [    0    0    0 ] [      0      0      0 ] [ 0 ],drive [ 51 ] [ 1 ] [ 1550 2018 1890 ] [   38   11   16 ] [  14202   9669  15682 ] [ 0 ],1.00,1.00,1.00,1.00,39.41,18.81,0.00,0.00,0.00,0.00,0.00,0.00,-0.00,0.00,0.00,0.00,0.00,0.00,-0.00,-0.00,0.00,0
1.03072,34,17,343,0,DRIVE [ 52 ] [ 1 ] [ 1621 2018 1905 ] [    0    0    0 ] [      0      0      0 ] [ 0 ],drive [ 51 ] [ 1 ] [ 1585 2018 1898 ] [   38   11   16 ] [  14202   9669  15682 ] [ 0 ],1.00,1.00,1.00,1.00,33.91,17.43,0.00,0.00,0.00,0.00,0.00,0.00,0.00,0.00,0.00,0.00,0.00,0.00,-0.00,-0.00,0.00,0
1.04458,29,16,341,0,DRIVE [ 52 ] [ 1 ] [ 1659 2018 1912 ] [    0    0    0 ] [      0      0      0 ] [ 0 ],drive [ 52 ] [ 1 ] [ 1621 2018 1905 ] [   38   11   16 ] [  14202   9669  15682 ] [ 0 ],1.00,1.00,1.00,1.00,28.57,15.77,0.00,0.00,0.00,0.00,0.00,0.00,0.00,0.00,0.00,0.00,0.00,0.00,-0.00,-0.00,0.00,0
1.0583,22,13,339,0,DRIVE [ 53 ] [ 1 ] [ 1714 2018 1916 ] [    0    0    0 ] [      0      0      0 ] [ 0 ],drive [ 52 ] [ 1 ] [ 1659 2018 1912 ] [   38   11   16 ] [  14196   9672  15451 ] [ 0 ],1.00,1.00,1.00,1.00,22.23,12.61,0.00,0.00,0.00,0.00,0.00,0.00,0.00,0.00,0.00,0.00,0.00,0.00,-0.00,-0.00,0.00,0
1.07209,16,9,336,0,DRIVE [ 53 ] [ 1 ] [ 1770 2018 1918 ] [    0    0    0 ] [      0      0      0 ] [ 1 ],drive [ 53 ] [ 1 ] [ 1714 2018 1916 ] [   26   11   25 ] [  14196   9672  15451 ] [ 0 ],1.00,1.00,1.00,1.00,16.42,9.12,0.00,0.00,0.00,0.00,0.00,0.00,0.00,0.00,0.00,0.00,0.00,0.00,-0.00,-0.00,0.00,0
1.086,11,5,333,0,DRIVE [ 54 ] [ 1 ] [ 1826 2018 1918 ] [    0    0    0 ] [      0      0      0 ] [ 1 ],drive [ 53 ] [ 1 ] [ 1770 2018 1918 ] [   26   11   25 ] [  14196   9672  15451 ] [ 1 ],1.00,1.00,1.00,1.00,10.92,5.39,0.00,0.00,0.00,0.00,0.00,0.00,0.00,0.00,0.00,0.00,0.00,0.00,-0.00,-0.00,0.00,0
1.09933,6,1,329,0,DRIVE [ 54 ] [ 1 ] [ 1882 2018 1917 ] [    0    0    0 ] [      0      0      0 ] [ 1 ],drive [ 54 ] [ 1 ] [ 1826 2018 1918 ] [   26   11   25 ] [  14168   9671  15373 ] [ 1 ],1.00,1.00,1.00,1.00,5.61,1.49,0.00,0.00,0.00,0.00,0.00,0.00,0.00,0.00,0.00,0.00,0.00,0.00,-0.00,-0.00,0.00,0
1.11566,-1,-4,324,0,DRIVE [ 55 ] [ 1 ] [ 1882 2023 1897 ] [    0    0    0 ] [      0      0      0 ] [ 1 ],drive [ 54 ] [ 1 ] [ 1882 2018 1917 ] [   34   10   19 ] [  14168   9671  15373 ] [ 1 ],1.00,1.00,1.00,1.00,-1.11,-3.51,0.00,0.00,0.00,0.00,0.00,0.00,0.00,0.00,0.00,0.00,0.00,0.00,0.00,0.00,0.00,0
1.12944,-8,-8,322,0,DRIVE [ 55 ] [ 1 ] [ 1882 1993 1859 ] [    0    0    0 ] [      0      0      0 ] [ 1 ],drive [ 55 ] [ 1 ] [ 1882 2023 1897 ] [   34   10   19 ] [  14168   9671  15373 ] [ 1 ],1.00,1.00,1.00,1.00,-7.55,-8.16,0.00,0.00,0.00,0.00,0.00,0.00,0.00,0.00,0.00,0.00,0.00,0.00,0.00,0.00,0.00,0
1.14251,-14,-12,318,0,DRIVE [ 56 ] [ 1 ] [ 1882 1964 1821 ] [    0    0    0 ] [      0      0      0 ] [ 1 ],drive [ 55 ] [ 1 ] [ 1882 1993 1859 ] [   34   10   19 ] [  14168   9671  15373 ] [ 1 ],1.00,1.00,1.00,1.00,-13.55,-12.37,0.00,0.00,0.00,0.00,0.00,0.00,0.00,0.00,0.00,0.00,0.00,0.00,0.00,0.00,0.00,0
1.15509,-19,-16,314,0,DRIVE [ 56 ] [ 1 ] [ 1882 1934 1786 ] [    0    0    0 ] [      0      0      0 ] [ 0 ],drive [ 56 ] [ 1 ] [ 1882 1964 1821 ] [   34   10   19 ] [  13777   9672  15376 ] [ 1 ],1.00,1.00,1.00,1.00,-19.28,-16.07,0.00,0.00,0.00,0.00,0.00,0.00,-0.00,0.00,0.00,0.00,0.00,0.00,0.00,0.00,0.00,0
1.16852,-25,-19,310,0,DRIVE [ 57 ] [ 1 ] [ 1882 1906 1753 ] [    0    0    0 ] [      0      0      0 ] [ 0 ],drive [ 56 ] [ 1 ] [ 1882 1934 1786 ] [    5   17   28 ] [  13777   9672  15376 ] [ 0 ],1.00,1.00,1.00,1.00,-24.58,-19.35,0.00,0.00,0.00,0.00,0.00,0.00,-0.00,0.00,0.00,0.00,0.00,0.00,0.00,0.00,0.00,0
1.18165,-31,-23,306,0,DRIVE [ 57 ] [ 1 ] [ 1882 1873 1714 ] [    0    0    0 ] [      0      0      0 ] [ 0 ],drive [ 57 ] [ 1 ] [ 1882 1906 1753 ] [    5   17   28 ] [  13777   9672  15376 ] [ 0 ],1.00,1.00,1.00,1.00,-30.69,-23.21,0.00,0.00,0.00,0.00,0.00,0.00,-0.00,0.00,0.00,0.00,0.00,0.00,0.00,0.00,0.00,0
1.19476,-36,-27,301,0,DRIVE [ 58 ] [ 1 ] [ 1882 1843 1679 ] [    0    0    0 ] [      0      0      0 ] [ 0 ],drive [ 57 ] [ 1 ] [ 1882 1873 1714 ] [    5   17   28 ] [  13777   9672  15376 ] [ 0 ],1.00,1.00,1.00,1.00,-35.88,-26.60,0.00,0.00,0.00,0.00,0.00,0.00,-0.00,0.00,0.00,0.00,0.00,0.00,0.00,0.00,0.00,0
1.20776,-41,-30,298,0,DRIVE [ 58 ] [ 1 ] [ 1882 1816 1645 ] [    0    0    0 ] [      0      0      0 ] [ 0 ],drive [ 58 ] [ 1 ] [ 1882 1843 1679 ] [    5   17   28 ] [  13562   9780  15451 ] [ 0 ],1.00,1.00,1.00,1.00,-40.73,-29.92,0.00,0.00,0.00,0.00,0.00,0.00,-0.00,0.00,0.00,0.00,0.00,0.00,0.00,0.00,0.00,0
1.2202,-45,-33,294,0,DRIVE [ 59 ] [ 1 ] [ 1882 1790 1612 ] [    0    0    0 ] [      0      0      0 ] [ 0 ],drive [ 58 ] [ 1 ] [ 1882 1816 1645 ] [   23   19   34 ] [  13562   9780  15451 ] [ 0 ],1.00,1.00,1.00,1.00,-45.22,-33.04,0.00,0.00,0.00,0.00,0.00,0.00,-0.00,0.00,0.00,0.00,0.00,0.00,0.00,0.00,0.00,0
1.23318,-51,-37,289,0,DRIVE [ 59 ] [ 1 ] [ 1882 1756 1570 ] [    0    0    0 ] [      0      0      0 ] [ 0 ],drive [ 59 ] [ 1 ] [ 1882 1790 1612 ] [   23   19   34 ] [  13562   9780  15451 ] [ 0 ],1.00,1.00,1.00,1.00,-50.94,-36.79,0.00,0.00,0.00,0.00,0.00,0.00,-0.00,0.00,0.00,0.00,0.00,0.00,0.00,0.00,0.00,0
1.246,-56,-41,286,0,DRIVE [ 60 ] [ 1 ] [ 1882 1724 1530 ] [    0    0    0 ] [      0      0      0 ] [ 0 ],drive [ 59 ] [ 1 ] [ 1882 1756 1570 ] [   23   19   34 ] [  13511  10296  15647 ] [ 0 ],1.00,1.00,1.00,1.00,-56.49,-40.54,0.00,0.00,0.00,0.00,0.00,0.00,-0.00,0.00,0.00,0.00,0.00,0.00,0.00,0.00,0.00,0
1.25875,-61,-44,282,0,DRIVE [ 60 ] [ 1 ] [ 1882 1695 1492 ] [    0    0    0 ] [      0      0      0 ] [ 0 ],drive [ 60 ] [ 1 ] [ 1882 1724 1530 ] [   23   19   34 ] [  13511  10296  15647 ] [ 0 ],1.00,1.00,1.00,1.00,-61.27,-44.16,0.00,0.00,0.00,0.00,0.00,0.00,-0.00,0.00,0.00,0.00,0.00,0.00,0.00,0.00,0.00,0
1.27101,-65,-47,279,0,DRIVE [ 61 ] [ 1 ] [ 1882 1670 1458 ] [    0    0    0 ] [      0      0      0 ] [ 0 ],drive [ 60 ] [ 1 ] [ 1882 1695 1492 ] [   24   24   34 ] [  13511  10296  15647 ] [ 0 ],1.00,1.00,1.00,1.00,-65.32,-47.22,0.00,0.00,0.00,0.00,0.00,0.00,-0.00,0.00,0.00,0.00,0.00,0.00,0.00,0.00,0.00,0
1.28389,-69,-50,276,0,DRIVE [ 61 ] [ 1 ] [ 1882 1649 1427 ] [    0    0    0 ] [      0      0      0 ] [ 0 ],drive [ 61 ] [ 1 ] [ 1882 1670 1458 ] [   24   24   34 ] [  13511  10296  15647 ] [ 0 ],1.00,1.00,1.00,1.00,-68.97,-50.12,0.00,0.00,0.00,0.00,0.00,0.00,-0.00,0.00,0.00,0.00,0.00,0.00,0.00,0.00,0.00,0
1.29673,-72,-53,275,0,DRIVE [ 62 ] [ 1 ] [ 1882 1631 1402 ] [    0    0    0 ] [      0      0      0 ] [ 0 ],drive [ 61 ] [ 1 ] [ 1882 1649 1427 ] [   24   24   34 ] [  13333  10948  16101 ] [ 0 ],1.00,1.00,1.00,1.00,-72.02,-52.64,0.00,0.00,0.00,0.00,0.00,0.00,-0.00,0.00,0.00,0.00,0.00,0.00,0.00,0.00,0.00,0
1.30962,-74,-55,270,0,DRIVE [ 62 ] [ 1 ] [ 1882 1614 1376 ] [    0    0    0 ] [      0      0      0 ] [ 0 ],drive [ 62 ] [ 1 ] [ 1882 1631 1402 ] [   24   24   34 ] [  13333  10948  16101 ] [ 0 ],1.00,1.00,1.00,1.00,-74.23,-54.64,0.00,0.00,0.00,0.00,0.00,0.00,-0.00,0.00,0.00,0.00,0.00,0.00,0.00,0.00,0.00,0
1.32176,-76,-57,268,0,DRIVE [ 63 ] [ 1 ] [ 1882 1604 1355 ] [    0    0    0 ] [      0      0      0 ] [ 0 ],drive [ 62 ] [ 1 ] [ 1882 1614 1376 ] [   21   46   42 ] [  13333  10948  16101 ] [ 0 ],1.00,1.00,1.00,1.00,-75.93,-56.63,0.00,0.00,0.00,0.00,0.00,0.00,-0.00,0.00,0.00,0.00,0.00,0.00,0.00,0.00,0.00,0
1.33476,-77,-58,266,0,DRIVE [ 63 ] [ 1 ] [ 1882 1597 1338 ] [    0    0    0 ] [      0      0      0 ] [ 0 ],drive [ 63 ] [ 1 ] [ 1882 1604 1355 ] [   21   46   42 ] [  13333  10948  16101 ] [ 0 ],1.00,1.00,1.00,1.00,-76.79,-58.16,0.00,0.00,0.00,0.00,0.00,0.00,-0.00,0.00,0.00,0.00,0.00,0.00,0.00,0.00,0.00,0
1.34751,-77,-59,264,0,DRIVE [ 64 ] [ 1 ] [ 1882 1594 1324 ] [    0    0    0 ] [      0      0      0 ] [ 0 ],drive [ 63 ] [ 1 ] [ 1882 1597 1338 ] [   21   46   42 ] [  13025  11504  16404 ] [ 0 ],1.00,1.00,1.00,1.00,-77.06,-59.47,0.00,0.00,0.00,0.00,0.00,0.00,-0.00,0.00,0.00,0.00,0.00,0.00,0.00,0.00,0.00,0
1.35969,-77,-61,263,0,DRIVE [ 64 ] [ 1 ] [ 1882 1597 1312 ] [    0    0    0 ] [      0      0      0 ] [ 0 ],drive [ 64 ] [ 1 ] [ 1882 1594 1324 ] [   13   51   78 ] [  13025  11504  16404 ] [ 0 ],1.00,1.00,1.00,1.00,-76.60,-60.85,0.00,0.00,0.00,0.00,0.00,0.00,-0.00,0.00,0.00,0.00,0.00,0.00,0.00,0.00,0.00,0
1.37251,-75,-62,260,0,DRIVE [ 65 ] [ 1 ] [ 1882 1604 1302 ] [    0    0    0 ] [      0      0      0 ] [ 0 ],drive [ 64 ] [ 1 ] [ 1882 1597 1312 ] [   13   51   78 ] [  13025  11504  16404 ] [ 0 ],1.00,1.00,1.00,1.00,-74.93,-61.62,0.00,0.00,0.00,0.00,0.00,0.00,-0.00,0.00,0.00,0.00,0.00,0.00,0.00,0.00,0.00,0
1.38518,-73,-62,257,0,DRIVE [ 65 ] [ 1 ] [ 1882 1614 1294 ] [    0    0    0 ] [      0      0      0 ] [ 0 ],drive [ 65 ] [ 1 ] [ 1882 1604 1302 ] [   13   51   78 ] [  13025  11504  16404 ] [ 0 ],1.00,1.00,1.00,1.00,-72.74,-62.20,0.00,0.00,0.00,0.00,0.00,0.00,-0.00,0.00,0.00,0.00,0.00,0.00,0.00,0.00,0.00,0
1.39779,-70,-63,255,0,DRIVE [ 66 ] [ 1 ] [ 1882 1627 1289 ] [    0    0    0 ] [      0      0      0 ] [ 0 ],drive [ 65 ] [ 1 ] [ 1882 1614 1294 ] [   13   51   78 ] [  12799  11719  16741 ] [ 0 ],1.00,1.00,1.00,1.00,-70.37,-62.72,0.00,0.00,0.00,0.00,0.00,0.00,-0.00,0.00,0.00,0.00,0.00,0.00,0.00,0.00,0.00,0
1.41037,-68,-63,254,0,DRIVE [ 66 ] [ 1 ] [ 1882 1642 1288 ] [    0    0    0 ] [      0      0      0 ] [ 0 ],drive [ 66 ] [ 1 ] [ 1882 1627 1289 ] [   20   51   82 ] [  12799  11719  16741 ] [ 0 ],1.00,1.00,1.00,1.00,-67.70,-62.83,0.00,0.00,0.00,0.00,0.00,0.00,-0.00,0.00,0.00,0.00,0.00,0.00,0.00,0.00,0.00,0
1.42268,-65,-63,253,0,DRIVE [ 67 ] [ 1 ] [ 1882 1657 1290 ] [    0    0    0 ] [      0      0      0 ] [ 0 ],drive [ 66 ] [ 1 ] [ 1882 1642 1288 ] [   20   51   82 ] [  12799  11719  16741 ] [ 0 ],1.00,1.00,1.00,1.00,-64.98,-62.66,0.00,0.00,0.00,0.00,0.00,0.00,-0.00,0.00,0.00,0.00,0.00,0.00,0.00,0.00,0.00,0
1.43519,-61,-62,251,0,DRIVE [ 67 ] [ 1 ] [ 1882 1676 1299 ] [    0    0    0 ] [      0      0      0 ] [ 0 ],drive [ 67 ] [ 1 ] [ 1882 1657 1290 ] [   20   51   82 ] [  12799  11719  16741 ] [ 0 ],1.00,1.00,1.00,1.00,-61.43,-61.68,0.00,0.00,0.00,0.00,0.00,0.00,-0.00,0.00,0.00,0.00,0.00,0.00,0.00,0.00,0.00,0
1.44748,-58,-60,250,0,DRIVE [ 68 ] [ 1 ] [ 1882 1695 1311 ] [    0    0    0 ] [      0      0      0 ] [ 0 ],drive [ 67 ] [ 1 ] [ 1882 1676 1299 ] [   20   51   82 ] [  12716  11752  17018 ] [ 0 ],1.00,1.00,1.00,1.00,-57.97,-60.25,0.00,0.00,0.00,0.00,0.00,0.00,-0.00,0.00,0.00,0.00,0.00,0.00,0.00,0.00,0.00,0
1.45998,-55,-59,248,0,DRIVE [ 68 ] [ 1 ] [ 1882 1713 1326 ] [    0    0    0 ] [      0      0      0 ] [ 0 ],drive [ 68 ] [ 1 ] [ 1882 1695 1311 ] [    6   47   68 ] [  12716  11752  17018 ] [ 0 ],1.00,1.00,1.00,1.00,-54.60,-58.55,0.00,0.00,0.00,0.00,0.00,0.00,-0.00,0.00,0.00,0.00,0.00,0.00,0.00,0.00,0.00,0
1.47348,-51,-57,245,0,DRIVE [ 69 ] [ 1 ] [ 1882 1731 1340 ] [    0    0    0 ] [      0      0      0 ] [ 0 ],drive [ 68 ] [ 1 ] [ 1882 1713 1326 ] [    6   47   68 ] [  12716  11752  17018 ] [ 0 ],1.00,1.00,1.00,1.00,-51.05,-56.56,0.00,0.00,0.00,0.00,0.00,0.00,-0.00,0.00,0.00,0.00,0.00,0.00,0.00,0.00,0.00,0
1.48499,-47,-54,243,0,DRIVE [ 69 ] [ 1 ] [ 1882 1749 1357 ] [    0    0    0 ] [      0      0      0 ] [ 0 ],drive [ 69 ] [ 1 ] [ 1882 1731 1340 ] [    6   47   68 ] [  12716  11752  17018 ] [ 0 ],1.00,1.00,1.00,1.00,-47.48,-54.42,0.00,0.00,0.00,0.00,0.00,0.00,-0.00,0.00,0.00,0.00,0.00,0.00,0.00,0.00,0.00,0
1.49754,-44,-52,240,0,DRIVE [ 70 ] [ 1 ] [ 1882 1768 1376 ] [    0    0    0 ] [      0      0      0 ] [ 0 ],drive [ 69 ] [ 1 ] [ 1882 1749 1357 ] [    6   47   68 ] [  12570  11750  17072 ] [ 0 ],1.00,1.00,1.00,1.00,-43.89,-52.07,0.00,0.00,0.00,0.00,0.00,0.00,-0.00,0.00,0.00,0.00,0.00,0.00,0.00,0.00,0.00,0
1.50985,-40,-50,238,0,DRIVE [ 70 ] [ 1 ] [ 1882 1787 1395 ] [    0    0    0 ] [      0      0      0 ] [ 0 ],drive [ 70 ] [ 1 ] [ 1882 1768 1376 ] [   15   40   68 ] [  12570  11750  17072 ] [ 0 ],1.00,1.00,1.00,1.00,-40.37,-49.84,0.00,0.00,0.00,0.00,0.00,0.00,-0.00,0.00,0.00,0.00,0.00,0.00,0.00,0.00,0.00,0
1.52149,-36,-47,235,0,DRIVE [ 71 ] [ 1 ] [ 1882 1811 1420 ] [    0    0    0 ] [      0      0      0 ] [ 0 ],drive [ 70 ] [ 1 ] [ 1882 1787 1395 ] [   15   40   68 ] [  12570  11750  17072 ] [ 0 ],1.00,1.00,1.00,1.00,-35.99,-46.89,0.00,0.00,0.00,0.00,0.00,0.00,-0.00,0.00,0.00,0.00,0.00,0.00,0.00,0.00,0.00,0
1.53354,-32,-44,232,0,DRIVE [ 71 ] [ 1 ] [ 1882 1833 1447 ] [    0    0    0 ] [      0      0      0 ] [ 0 ],drive [ 71 ] [ 1 ] [ 1882 1811 1420 ] [   15   40   68 ] [  12570  11750  17072 ] [ 0 ],1.00,1.00,1.00,1.00,-32.02,-43.91,0.00,0.00,0.00,0.00,0.00,-0.00,-0.00,0.00,0.00,0.00,0.00,0.00,0.00,0.00,0.00,0
1.54544,-28,-41,230,0,DRIVE [ 72 ] [ 1 ] [ 1882 1854 1476 ] [    0    0    0 ] [      0      0      0 ] [ 0 ],drive [ 71 ] [ 1 ] [ 1882 1833 1447 ] [   15   40   68 ] [  12569  11738  17071 ] [ 0 ],1.00,1.00,1.00,1.00,-28.42,-40.71,0.00,0.00,0.00,0.00,0.00,-0.00,-0.00,0.00,0.00,0.00,0.00,0.00,0.00,0.00,0.00,0
1.55684,-25,-37,226,0,DRIVE [ 72 ] [ 1 ] [ 1882 1872 1508 ] [    0    0    0 ] [      0      0      0 ] [ 0 ],drive [ 72 ] [ 1 ] [ 1882 1854 1476 ] [   15   40   68 ] [  12569  11738  17071 ] [ 0 ],1.00,1.00,1.00,1.00,-25.00,-37.15,0.00,0.00,0.00,0.00,0.00,-0.00,-0.00,0.00,0.00,0.00,0.00,0.00,0.00,0.00,0.00,0
1.56883,-22,-34,224,0,DRIVE [ 73 ] [ 1 ] [ 1882 1890 1544 ] [    0    0    0 ] [      0      0      0 ] [ 0 ],drive [ 72 ] [ 1 ] [ 1882 1872 1508 ] [   17   23   59 ] [  12569  11738  17071 ] [ 0 ],1.00,1.00,1.00,1.00,-21.99,-33.54,0.00,0.00,0.00,0.00,0.00,-0.00,-0.00,0.00,0.00,0.00,0.00,0.00,0.00,0.00,0.00,0
1.58063,-19,-30,222,0,DRIVE [ 73 ] [ 1 ] [ 1882 1905 1584 ] [    0    0    0 ] [      0      0      0 ] [ 0 ],drive [ 73 ] [ 1 ] [ 1882 1890 1544 ] [   17   23   59 ] [  12569  11738  17071 ] [ 0 ],1.00,1.00,1.00,1.00,-19.38,-29.64,0.00,0.00,0.00,0.00,0.00,-0.00,-0.00,0.00,0.00,0.00,0.00,0.00,0.00,0.00,0.00,0
1.59223,-17,-25,218,0,DRIVE [ 74 ] [ 1 ] [ 1882 1918 1629 ] [    0    0    0 ] [      0      0      0 ] [ 0 ],drive [ 73 ] [ 1 ] [ 1882 1905 1584 ] [   17   23   59 ] [  12569  11738  17071 ] [ 0 ],1.00,1.00,1.00,1.00,-16.91,-25.33,0.00,0.00,0.00,0.00,0.00,-0.00,-0.00,0.00,0.00,0.00,0.00,0.00,0.00,0.00,0.00,0
1.60332,-15,-21,215,0,DRIVE [ 74 ] [ 1 ] [ 1882 1929 1678 ] [    0    0    0 ] [      0      0      0 ] [ 0 ],drive [ 74 ] [ 1 ] [ 1882 1918 1629 ] [   17   23   59 ] [  12568  11636  17066 ] [ 0 ],1.00,1.00,1.00,1.00,-14.88,-20.77,0.00,0.00,0.00,0.00,0.00,-0.00,-0.00,0.00,0.00,0.00,0.00,0.00,0.00,0.00,0.00,0
1.61493,-13,-16,212,0,DRIVE [ 75 ] [ 1 ] [ 1882 1937 1730 ] [    0    0    0 ] [      0      0      0 ] [ 0 ],drive [ 74 ] [ 1 ] [ 1882 1929 1678 ] [   16    9   36 ] [  12568  11636  17066 ] [ 0 ],1.00,1.00,1.00,1.00,-13.19,-16.02,0.00,0.00,0.00,0.00,0.00,-0.00,-0.00,0.00,0.00,0.00,0.00,0.00,0.00,0.00,0.00,0
1.62616,-12,-11,209,0,DRIVE [ 75 ] [ 1 ] [ 1882 1943 1784 ] [    0    0    0 ] [      0      0      0 ] [ 1 ],drive [ 75 ] [ 1 ] [ 1882 1937 1730 ] [   16    9   36 ] [  12568  11636  17066 ] [ 0 ],1.00,1.00,1.00,1.00,-11.81,-11.06,0.00,0.00,0.00,0.00,0.00,-0.00,-0.00,0.00,0.00,0.00,0.00,0.00,0.00,0.00,0.00,0
1.63797,-11,-6,205,0,DRIVE [ 76 ] [ 1 ] [ 1882 1942 1836 ] [    0    0    0 ] [      0      0      0 ] [ 1 ],drive [ 75 ] [ 1 ] [ 1882 1943 1784 ] [   16    9   36 ] [  12568  11636  17066 ] [ 1 ],1.00,1.00,1.00,1.00,-10.75,-5.89,0.00,0.00,0.00,0.00,0.00,-0.00,-0.00,0.00,0.00,0.00,0.00,0.00,0.00,0.00,0.00,0
1.64973,-10,-1,202,0,DRIVE [ 76 ] [ 1 ] [ 1882 1928 1880 ] [    0    0    0 ] [      0      0      0 ] [ 1 ],drive [ 76 ] [ 1 ] [ 1882 1942 1836 ] [   16    9   36 ] [  12570  11390  16970 ] [ 1 ],1.00,1.00,1.00,1.00,-9.99,-0.71,0.00,0.00,0.00,0.00,0.00,-0.00,-0.00,0.00,0.00,0.00,0.00,0.00,0.00,0.00,0.00,0
1.6618,-9,5,199,0,DRIVE [ 77 ] [ 1 ] [ 1882 1884 1914 ] [    0    0    0 ] [      0      0      0 ] [ 1 ],drive [ 76 ] [ 1 ] [ 1882 1928 1880 ] [   15    3   32 ] [  12570  11390  16970 ] [ 1 ],1.00,1.00,1.00,1.00,-9.49,4.54,0.00,0.00,0.00,0.00,0.00,-0.00,-0.00,0.00,0.00,0.00,0.00,0.00,0.00,-0.00,0.00,0
1.67327,-9,10,195,0,DRIVE [ 77 ] [ 1 ] [ 1905 1851 1914 ] [    0    0    0 ] [      0      0      0 ] [ 1 ],drive [ 77 ] [ 1 ] [ 1882 1884 1914 ] [   15    3   32 ] [  12570  11390  16970 ] [ 1 ],1.00,1.00,1.00,1.00,-9.01,9.56,0.00,0.00,0.00,0.00,0.00,-0.00,-0.00,0.00,0.00,0.00,0.00,0.00,0.00,0.00,0.00,0
1.68428,-9,14,192,0,DRIVE [ 78 ] [ 1 ] [ 1871 1827 1914 ] [    0    0    0 ] [      0      0      0 ] [ 1 ],drive [ 77 ] [ 1 ] [ 1905 1851 1914 ] [   15    3   32 ] [  12570  11390  16970 ] [ 1 ],1.00,1.00,1.00,1.00,-8.75,14.36,0.00,0.00,0.00,0.00,0.00,-0.00,-0.00,0.00,0.00,0.00,0.00,0.00,0.00,0.00,0.00,0
1.69575,-8,19,189,0,DRIVE [ 78 ] [ 1 ] [ 1837 1799 1914 ] [    0    0    0 ] [      0      0      0 ] [ 0 ],drive [ 78 ] [ 1 ] [ 1871 1827 1914 ] [   15    3   32 ] [  12573  11390  16541 ] [ 1 ],1.00,1.00,1.00,1.00,-8.44,18.75,0.00,0.00,0.00,0.00,0.00,-0.00,-0.00,0.00,0.00,0.00,0.00,0.00,0.00,0.00,0.00,0
1.70666,-8,23,187,0,DRIVE [ 79 ] [ 1 ] [ 1804 1773 1914 ] [    0    0    0 ] [      0      0      0 ] [ 0 ],drive [ 78 ] [ 1 ] [ 1837 1799 1914 ] [   15    3   32 ] [  12573  11390  16541 ] [ 0 ],1.00,1.00,1.00,1.00,-8.02,22.74,0.00,0.00,0.00,0.00,0.00,-0.00,-0.00,0.00,0.00,0.00,0.00,0.00,0.00,0.00,0.00,0
1.71825,-8,26,184,0,DRIVE [ 79 ] [ 1 ] [ 1773 1750 1914 ] [    0    0    0 ] [      0      0      0 ] [ 0 ],drive [ 79 ] [ 1 ] [ 1804 1773 1914 ] [   13   14    8 ] [  12573  11390  16541 ] [ 0 ],1.00,1.00,1.00,1.00,-7.51,26.09,0.00,0.00,0.00,0.00,0.00,-0.00,-0.00,0.00,0.00,0.00,0.00,0.00,0.00,0.00,0.00,0
1.72946,-7,29,181,0,DRIVE [ 80 ] [ 1 ] [ 1745 1729 1914 ] [    0    0    0 ] [      0      0      0 ] [ 0 ],drive [ 79 ] [ 1 ] [ 1773 1750 1914 ] [   13   14    8 ] [  12573  11390  16541 ] [ 0 ],1.00,1.00,1.00,1.00,-6.96,29.01,0.00,0.00,0.00,0.00,0.00,-0.00,-0.00,0.00,0.00,0.00,0.00,0.00,0.00,0.00,0.00,0
1.74071,-6,32,178,0,DRIVE [ 80 ] [ 1 ] [ 1718 1712 1914 ] [    0    0    0 ] [      0      0      0 ] [ 0 ],drive [ 80 ] [ 1 ] [ 1745 1729 1914 ] [   13   14    8 ] [  12573  11390  16541 ] [ 0 ],1.00,1.00,1.00,1.00,-6.37,31.54,0.00,0.00,0.00,0.00,0.00,-0.00,-0.00,0.00,0.00,0.00,0.00,0.00,0.00,0.00,0.00,0
1.75132,-6,34,175,0,DRIVE [ 81 ] [ 1 ] [ 1693 1694 1914 ] [    0    0    0 ] [      0      0      0 ] [ 0 ],drive [ 80 ] [ 1 ] [ 1718 1712 1914 ] [   13   14    8 ] [  12606  11500  16274 ] [ 0 ],1.00,1.00,1.00,1.00,-5.86,33.86,0.00,0.00,0.00,0.00,0.00,-0.00,-0.00,0.00,0.00,0.00,0.00,0.00,0.00,0.00,0.00,0
1.76252,-5,36,173,0,DRIVE [ 81 ] [ 1 ] [ 1667 1674 1914 ] [    0    0    0 ] [      0      0      0 ] [ 0 ],drive [ 81 ] [ 1 ] [ 1693 1694 1914 ] [   17   22   16 ] [  12606  11500  16274 ] [ 0 ],1.00,1.00,1.00,1.00,-5.47,36.17,0.00,0.00,0.00,0.00,0.00,-0.00,-0.00,0.00,0.00,0.00,0.00,0.00,0.00,0.00,0.00,0
1.77449,-5,39,170,0,DRIVE [ 82 ] [ 1 ] [ 1642 1651 1914 ] [    0    0    0 ] [      0      0      0 ] [ 0 ],drive [ 81 ] [ 1 ] [ 1667 1674 1914 ] [   17   22   16 ] [  12606  11500  16274 ] [ 0 ],1.00,1.00,1.00,1.00,-5.24,38.64,0.00,0.00,0.00,0.00,0.00,-0.00,0.00,0.00,0.00,0.00,0.00,0.00,0.00,0.00,0.00,0
1.78513,-5,41,168,0,DRIVE [ 82 ] [ 1 ] [ 1617 1627 1914 ] [    0    0    0 ] [      0      0      0 ] [ 0 ],drive [ 82 ] [ 1 ] [ 1642 1651 1914 ] [   17   22   16 ] [  12606  11500  16274 ] [ 0 ],1.00,1.00,1.00,1.00,-5.12,41.12,0.00,0.00,0.00,0.00,0.00,-0.00,0.00,0.00,0.00,0.00,0.00,0.00,0.00,0.00,0.00,0
1.79633,-5,43,165,0,DRIVE [ 83 ] [ 1 ] [ 1591 1602 1914 ] [    0    0    0 ] [      0      0      0 ] [ 0 ],drive [ 82 ] [ 1 ] [ 1617 1627 1914 ] [   17   22   16 ] [  12720  11638  16226 ] [ 0 ],1.00,1.00,1.00,1.00,-5.06,43.42,0.00,0.00,0.00,0.00,0.00,-0.00,0.00,0.00,0.00,0.00,0.00,0.00,0.00,0.00,0.00,0
1.80747,-5,46,162,0,DRIVE [ 83 ] [ 1 ] [ 1569 1576 1914 ] [    0    0    0 ] [      0      0      0 ] [ 0 ],drive [ 83 ] [ 1 ] [ 1591 1602 1914 ] [   17   22   16 ] [  12720  11638  16226 ] [ 0 ],1.00,1.00,1.00,1.00,-5.17,45.66,0.00,0.00,0.00,0.00,0.00,-0.00,0.00,0.00,0.00,0.00,0.00,0.00,0.00,0.00,0.00,0
1.81782,-5,48,160,0,DRIVE [ 84 ] [ 1 ] [ 1549 1551 1914 ] [    0    0    0 ] [      0      0      0 ] [ 0 ],drive [ 83 ] [ 1 ] [ 1569 1576 1914 ] [   30   29    7 ] [  12720  11638  16226 ] [ 0 ],1.00,1.00,1.00,1.00,-5.38,47.63,0.00,0.00,0.00,0.00,0.00,-0.00,0.00,0.00,0.00,0.00,0.00,0.00,0.00,0.00,0.00,0
1.82885,-6,49,158,0,DRIVE [ 84 ] [ 1 ] [ 1534 1529 1914 ] [    0    0    0 ] [      0      0      0 ] [ 0 ],drive [ 84 ] [ 1 ] [ 1549 1551 1914 ] [   30   29    7 ] [  12720  11638  16226 ] [ 0 ],1.00,1.00,1.00,1.00,-5.70,49.04,0.00,0.00,0.00,0.00,0.00,-0.00,0.00,0.00,0.00,0.00,0.00,0.00,0.00,0.00,0.00,0
1.83933,-6,50,155,0,DRIVE [ 85 ] [ 1 ] [ 1527 1510 1914 ] [    0    0    0 ] [      0      0      0 ] [ 0 ],drive [ 84 ] [ 1 ] [ 1534 1529 1914 ] [   30   29    7 ] [  12720  11638  16226 ] [ 0 ],1.00,1.00,1.00,1.00,-6.25,49.77,0.00,0.00,0.00,0.00,0.00,-0.00,0.00,0.00,0.00,0.00,0.00,0.00,0.00,0.00,0.00,0
1.85044,-7,50,153,0,DRIVE [ 85 ] [ 1 ] [ 1528 1494 1914 ] [    0    0    0 ] [      0      0      0 ] [ 0 ],drive [ 85 ] [ 1 ] [ 1527 1510 1914 ] [   30   29    7 ] [  13348  11912  15834 ] [ 0 ],1.00,1.00,1.00,1.00,-7.03,49.92,0.00,0.00,0.00,0.00,0.00,-0.00,0.00,0.00,0.00,0.00,0.00,0.00,0.00,0.00,0.00,0
1.86118,-8,49,151,0,DRIVE [ 86 ] [ 1 ] [ 1536 1482 1914 ] [    0    0    0 ] [      0      0      0 ] [ 0 ],drive [ 85 ] [ 1 ] [ 1528 1494 1914 ] [   53   59    5 ] [  13348  11912  15834 ] [ 0 ],1.00,1.00,1.00,1.00,-7.93,49.32,0.00,0.00,0.00,0.00,0.00,-0.00,0.00,0.00,0.00,0.00,0.00,0.00,0.00,0.00,0.00,0
1.87207,-9,48,149,0,DRIVE [ 86 ] [ 1 ] [ 1549 1473 1914 ] [    0    0    0 ] [      0      0      0 ] [ 0 ],drive [ 86 ] [ 1 ] [ 1536 1482 1914 ] [   53   59    5 ] [  13348  11912  15834 ] [ 0 ],1.00,1.00,1.00,1.00,-8.95,48.23,0.00,0.00,0.00,0.00,0.00,-0.00,0.00,0.00,0.00,0.00,0.00,0.00,0.00,0.00,0.00,0
1.88255,-10,47,148,0,DRIVE [ 87 ] [ 1 ] [ 1567 1470 1914 ] [    0    0    0 ] [      0      0      0 ] [ 0 ],drive [ 86 ] [ 1 ] [ 1549 1473 1914 ] [   53   59    5 ] [  13348  11912  15834 ] [ 0 ],1.00,1.00,1.00,1.00,-9.87,46.74,0.00,0.00,0.00,0.00,0.00,-0.00,0.00,0.00,0.00,0.00,0.00,0.00,0.00,0.00,0.00,0
1.89373,-11,45,146,0,DRIVE [ 87 ] [ 1 ] [ 1587 1471 1914 ] [    0    0    0 ] [      0      0      0 ] [ 0 ],drive [ 87 ] [ 1 ] [ 1567 1470 1914 ] [   53   59    5 ] [  13723  12555  15533 ] [ 0 ],1.00,1.00,1.00,1.00,-10.63,44.66,0.00,0.00,0.00,0.00,0.00,-0.00,0.00,0.00,0.00,0.00,0.00,0.00,0.00,0.00,0.00,0
1.904,-11,43,144,0,DRIVE [ 88 ] [ 1 ] [ 1608 1477 1914 ] [    0    0    0 ] [      0      0      0 ] [ 0 ],drive [ 87 ] [ 1 ] [ 1587 1471 1914 ] [   53   59    5 ] [  13723  12555  15533 ] [ 0 ],1.00,1.00,1.00,1.00,-11.15,42.51,0.00,0.00,0.00,0.00,0.00,-0.00,0.00,0.00,0.00,0.00,0.00,0.00,0.00,0.00,0.00,0
1.91514,-11,40,143,0,DRIVE [ 88 ] [ 1 ] [ 1626 1491 1914 ] [    0    0    0 ] [      0      0      0 ] [ 0 ],drive [ 88 ] [ 1 ] [ 1608 1477 1914 ] [   34   55   21 ] [  13723  12555  15533 ] [ 0 ],1.00,1.00,1.00,1.00,-11.26,40.29,0.00,0.00,0.00,0.00,0.00,-0.00,0.00,0.00,0.00,0.00,0.00,0.00,0.00,0.00,0.00,0
1.92581,-11,38,141,0,DRIVE [ 89 ] [ 1 ] [ 1642 1512 1914 ] [    0    0    0 ] [      0      0      0 ] [ 0 ],drive [ 88 ] [ 1 ] [ 1626 1491 1914 ] [   34   55   21 ] [  13723  12555  15533 ] [ 0 ],1.00,1.00,1.00,1.00,-10.86,37.97,0.00,0.00,0.00,0.00,0.00,-0.00,0.00,0.00,0.00,0.00,0.00,0.00,0.00,0.00,0.00,0
1.93622,-10,36,140,0,DRIVE [ 89 ] [ 1 ] [ 1654 1541 1914 ] [    0    0    0 ] [      0      0      0 ] [ 0 ],drive [ 89 ] [ 1 ] [ 1642 1512 1914 ] [   34   55   21 ] [  13723  12555  15533 ] [ 0 ],1.00,1.00,1.00,1.00,-9.98,35.64,0.00,0.00,0.00,0.00,0.00,-0.00,0.00,0.00,0.00,0.00,0.00,0.00,0.00,0.00,0.00,0
1.94694,-9,33,138,0,DRIVE [ 90 ] [ 1 ] [ 1665 1573 1914 ] [    0    0    0 ] [      0      0      0 ] [ 0 ],drive [ 89 ] [ 1 ] [ 1654 1541 1914 ] [   34   55   21 ] [  13728  13017  15429 ] [ 0 ],1.00,1.00,1.00,1.00,-8.85,33.30,0.00,0.00,0.00,0.00,0.00,-0.00,0.00,0.00,0.00,0.00,0.00,0.00,0.00,0.00,0.00,0
1.95709,-8,31,137,0,DRIVE [ 90 ] [ 1 ] [ 1674 1608 1914 ] [    0    0    0 ] [      0      0      0 ] [ 0 ],drive [ 90 ] [ 1 ] [ 1665 1573 1914 ] [   34   55   21 ] [  13728  13017  15429 ] [ 0 ],1.00,1.00,1.00,1.00,-7.58,31.00,0.00,0.00,0.00,0.00,0.00,-0.00,0.00,0.00,0.00,0.00,0.00,0.00,0.00,0.00,0.00,0
1.96801,-6,29,135,0,DRIVE [ 91 ] [ 1 ] [ 1684 1643 1914 ] [    0    0    0 ] [      0      0      0 ] [ 0 ],drive [ 90 ] [ 1 ] [ 1674 1608 1914 ] [   24   44    0 ] [  13728  13017  15429 ] [ 0 ],1.00,1.00,1.00,1.00,-6.37,28.70,0.00,0.00,0.00,0.00,0.00,-0.00,0.00,0.00,0.00,0.00,0.00,0.00,0.00,0.00,0.00,0
1.97865,-5,26,134,0,DRIVE [ 91 ] [ 1 ] [ 1695 1678 1914 ] [    0    0    0 ] [      0      0      0 ] [ 0 ],drive [ 91 ] [ 1 ] [ 1684 1643 1914 ] [   24   44    0 ] [  13728  13017  15429 ] [ 0 ],1.00,1.00,1.00,1.00,-5.23,26.27,0.00,0.00,0.00,0.00,0.00,-0.00,0.00,0.00,0.00,0.00,0.00,0.00,0.00,-0.00,0.00,0
1.98925,-4,24,132,0,DRIVE [ 92 ] [ 1 ] [ 1708 1713 1914 ] [    0    0    0 ] [      0      0      0 ] [ 0 ],drive [ 91 ] [ 1 ] [ 1695 1678 1914 ] [   24   44    0 ] [  13728  13017  15429 ] [ 0 ],1.00,1.00,1.00,1.00,-4.25,23.84,0.00,0.00,0.00,0.00,0.00,-0.00,0.00,0.00,0.00,0.00,0.00,0.00,0.00,-0.00,0.00,0
1.99935,-3,21,130,0,DRIVE [ 92 ] [ 1 ] [ 1724 1746 1914 ] [    0    0    0 ] [      0      0      0 ] [ 0 ],drive [ 92 ] [ 1 ] [ 1708 1713 1914 ] [   24   44    0 ] [  13734  13032  15218 ] [ 0 ],1.00,1.00,1.00,1.00,-3.42,21.31,0.00,0.00,0.00,0.00,0.00,-0.00,0.00,0.00,0.00,0.00,0.00,0.00,0.00,-0.00,0.00,0
2.00991,-3,19,128,0,DRIVE [ 93 ] [ 1 ] [ 1742 1781 1914 ] [    0    0    0 ] [      0      0      0 ] [ 1 ],drive [ 92 ] [ 1 ] [ 1724 1746 1914 ] [   20   31    8 ] [  13734  13032  15218 ] [ 0 ],1.00,1.00,1.00,1.00,-2.63,18.80,0.00,0.00,0.00,0.00,0.00,-0.00,0.00,0.00,0.00,0.00,0.00,0.00,0.00,-0.00,0.00,0
2.01997,-2,16,126,0,DRIVE [ 93 ] [ 1 ] [ 1760 1817 1914 ] [    0    0    0 ] [      0      0      0 ] [ 1 ],drive [ 93 ] [ 1 ] [ 1742 1781 1914 ] [   20   31    8 ] [  13734  13032  15218 ] [ 1 ],1.00,1.00,1.00,1.00,-1.85,16.22,0.00,0.00,0.00,0.00,0.00,-0.00,0.00,0.00,0.00,0.00,0.00,0.00,0.00,-0.00,0.00,0
2.03051,-1,14,124,0,DRIVE [ 94 ] [ 1 ] [ 1777 1854 1914 ] [    0    0    0 ] [      0      0      0 ] [ 1 ],drive [ 93 ] [ 1 ] [ 1760 1817 1914 ] [   20   31    8 ] [  13734  13032  15218 ] [ 1 ],1.00,1.00,1.00,1.00,-1.03,13.66,0.00,0.00,0.00,0.00,0.00,-0.00,0.00,0.00,0.00,0.00,0.00,0.00,0.00,-0.00,0.00,0
2.04091,0,11,122,0,DRIVE [ 94 ] [ 1 ] [ 1792 1894 1914 ] [    0    0    0 ] [      0      0      0 ] [ 1 ],drive [ 94 ] [ 1 ] [ 1777 1854 1914 ] [   20   31    8 ] [  13734  13032  15218 ] [ 1 ],1.00,1.00,1.00,1.00,-0.04,11.21,0.00,0.00,0.00,0.00,0.00,-0.00,0.00,0.00,0.00,0.00,0.00,0.00,0.00,-0.00,0.00,0
2.05086,1,9,120,0,DRIVE [ 95 ] [ 1 ] [ 1802 1933 1914 ] [    0    0    0 ] [      0      0      0 ] [ 1 ],drive [ 94 ] [ 1 ] [ 1792 1894 1914 ] [   20   31    8 ] [  13733  13016  15043 ] [ 1 ],1.00,1.00,1.00,1.00,1.15,8.94,0.00,0.00,0.00,0.00,0.00,-0.00,0.00,0.00,0.00,0.00,0.00,0.00,-0.00,-0.00,0.00,0
2.06108,2,7,118,0,DRIVE [ 95 ] [ 1 ] [ 1804 1970 1914 ] [    0    0    0 ] [      0      0      0 ] [ 1 ],drive [ 95 ] [ 1 ] [ 1802 1933 1914 ] [   12   27   24 ] [  13733  13016  15043 ] [ 1 ],1.00,1.00,1.00,1.00,2.41,6.87,0.00,0.00,0.00,0.00,0.00,-0.00,0.00,0.00,0.00,0.00,0.00,0.00,-0.00,-0.00,0.00,0
2.07113,4,5,117,0,DRIVE [ 96 ] [ 1 ] [ 1795 2002 1914 ] [    0    0    0 ] [      0      0      0 ] [ 1 ],drive [ 95 ] [ 1 ] [ 1804 1970 1914 ] [   12   27   24 ] [  13733  13016  15043 ] [ 1 ],1.00,1.00,1.00,1.00,3.74,4.98,0.00,0.00,0.00,0.00,0.00,-0.00,0.00,0.00,0.00,0.00,0.00,0.00,-0.00,-0.00,0.00,0
2.08076,5,3,115,0,DRIVE [ 96 ] [ 1 ] [ 1774 2002 1922 ] [    0    0    0 ] [      0      0      0 ] [ 1 ],drive [ 96 ] [ 1 ] [ 1795 2002 1914 ] [   12   27   24 ] [  13733  13016  15043 ] [ 1 ],1.00,1.00,1.00,1.00,5.16,3.23,0.00,0.00,0.00,0.00,0.00,-0.00,0.00,0.00,0.00,0.00,0.00,0.00,0.00,0.00,0.00,0
2.09057,6,2,113,0,DRIVE [ 97 ] [ 1 ] [ 1782 2002 1896 ] [    0    0    0 ] [      0      0      0 ] [ 1 ],drive [ 96 ] [ 1 ] [ 1774 2002 1922 ] [   12   27   24 ] [  13733  13016  15043 ] [ 1 ],1.00,1.00,1.00,1.00,6.46,1.58,0.00,0.00,0.00,0.00,0.00,-0.00,0.00,0.00,0.00,0.00,0.00,0.00,0.00,0.00,0.00,0
2.10097,8,0,111,0,DRIVE [ 97 ] [ 1 ] [ 1777 2002 1869 ] [    0    0    0 ] [      0      0      0 ] [ 1 ],drive [ 97 ] [ 1 ] [ 1782 2002 1896 ] [   12   27   24 ] [  13720  12839  15043 ] [ 1 ],1.00,1.00,1.00,1.00,7.79,0.04,0.00,0.00,0.00,0.00,0.00,-0.00,0.00,0.00,0.00,0.00,0.00,0.00,0.00,0.00,0.00,0
2.11104,9,-1,109,0,DRIVE [ 98 ] [ 1 ] [ 1768 2002 1839 ] [    0    0    0 ] [      0      0      0 ] [ 1 ],drive [ 97 ] [ 1 ] [ 1777 2002 1869 ] [   13    3   21 ] [  13720  12839  15043 ] [ 1 ],1.00,1.00,1.00,1.00,8.96,-1.45,0.00,0.00,0.00,0.00,0.00,-0.00,0.00,0.00,0.00,0.00,0.00,0.00,0.00,0.00,0.00,0
2.12106,10,-3,107,0,DRIVE [ 98 ] [ 1 ] [ 1756 2002 1808 ] [    0    0    0 ] [      0      0      0 ] [ 1 ],drive [ 98 ] [ 1 ] [ 1768 2002 1839 ] [   13    3   21 ] [  13720  12839  15043 ] [ 1 ],1.00,1.00,1.00,1.00,10.05,-2.92,0.00,0.00,0.00,0.00,0.00,-0.00,0.00,0.00,0.00,0.00,0.00,0.00,0.00,0.00,0.00,0
2.13086,11,-4,105,0,DRIVE [ 99 ] [ 1 ] [ 1744 2002 1776 ] [    0    0    0 ] [      0      0      0 ] [ 1 ],drive [ 98 ] [ 1 ] [ 1756 2002 1808 ] [   13    3   21 ] [  13720  12839  15043 ] [ 1 ],1.00,1.00,1.00,1.00,11.05,-4.37,0.00,0.00,0.00,0.00,0.00,-0.00,0.00,0.00,0.00,0.00,0.00,0.00,0.00,0.00,0.00,0
2.14088,12,-6,103,0,DRIVE [ 99 ] [ 1 ] [ 1731 2002 1741 ] [    0    0    0 ] [      0      0      0 ] [ 1 ],drive [ 99 ] [ 1 ] [ 1744 2002 1776 ] [   13    3   21 ] [  13720  12839  15043 ] [ 1 ],1.00,1.00,1.00,1.00,12.05,-5.82,0.00,0.00,0.00,0.00,0.00,-0.00,0.00,0.00,0.00,0.00,0.00,0.00,0.00,0.00,0.00,0
2.15031,13,-7,101,0,DRIVE [ 00 ] [ 1 ] [ 1712 2002 1702 ] [    0    0    0 ] [      0      0      0 ] [ 1 ],drive [ 99 ] [ 1 ] [ 1731 2002 1741 ] [   13    3   21 ] [  13739  12391  15029 ] [ 1 ],1.00,1.00,1.00,1.00,13.25,-7.33,0.00,0.00,0.00,0.00,0.00,-0.00,0.00,0.00,0.00,0.00,0.00,0.00,0.00,0.00,0.00,0
2.16176,15,-9,99,0,DRIVE [ 00 ] [ 1 ] [ 1692 2002 1658 ] [    0    0    0 ] [      0      0      0 ] [ 1 ],drive [ 00 ] [ 1 ] [ 1712 2002 1702 ] [   17    2   32 ] [  13739  12391  15029 ] [ 1 ],1.00,1.00,1.00,1.00,14.50,-8.98,0.00,0.00,0.00,0.00,0.00,-0.00,0.00,0.00,0.00,0.00,0.00,0.00,0.00,0.00,0.00,0
2.17368,16,-11,97,0,DRIVE [ 01 ] [ 1 ] [ 1670 2002 1608 ] [    0    0    0 ] [      0      0      0 ] [ 1 ],drive [ 00 ] [ 1 ] [ 1692 2002 1658 ] [   17    2   32 ] [  13739  12391  15029 ] [ 1 ],1.00,1.00,1.00,1.00,15.86,-10.79,0.00,0.00,0.00,0.00,0.00,-0.00,0.00,0.00,0.00,0.00,0.00,0.00,0.00,0.00,0.00,0
2.18554,17,-13,95,0,DRIVE [ 01 ] [ 1 ] [ 1645 2002 1554 ] [    0    0    0 ] [      0      0      0 ] [ 0 ],drive [ 01 ] [ 1 ] [ 1670 2002 1608 ] [   17    2   32 ] [  13739  12391  15029 ] [ 1 ],1.00,1.00,1.00,1.00,17.32,-12.67,0.00,0.00,0.00,0.00,0.00,-0.00,0.00,0.00,0.00,0.00,0.00,0.00,0.00,0.00,0.00,0
2.19747,19,-15,93,0,DRIVE [ 02 ] [ 1 ] [ 1619 2002 1497 ] [    0    0    0 ] [      0      0      0 ] [ 0 ],drive [ 01 ] [ 1 ] [ 1645 2002 1554 ] [   17    2   32 ] [  13778  12401  15056 ] [ 0 ],1.00,1.00,1.00,1.00,18.79,-14.58,0.00,0.00,0.00,0.00,0.00,-0.00,0.00,0.00,0.00,0.00,0.00,0.00,0.00,0.00,0.00,0
2.20715,20,-16,91,0,DRIVE [ 02 ] [ 1 ] [ 1593 2002 1439 ] [    0    0    0 ] [      0      0      0 ] [ 0 ],drive [ 02 ] [ 1 ] [ 1619 2002 1497 ] [   50    3   35 ] [  13778  12401  15056 ] [ 0 ],1.00,1.00,1.00,1.00,20.15,-16.47,0.00,0.00,0.00,0.00,0.00,-0.00,0.00,0.00,0.00,0.00,0.00,0.00,0.00,0.00,0.00,0
2.21727,21,-18,89,0,DRIVE [ 03 ] [ 1 ] [ 1572 2002 1382 ] [    0    0    0 ] [      0      0      0 ] [ 0 ],drive [ 02 ] [ 1 ] [ 1593 2002 1439 ] [   50    3   35 ] [  13778  12401  15056 ] [ 0 ],1.00,1.00,1.00,1.00,21.26,-18.29,0.00,0.00,0.00,0.00,0.00,-0.00,0.00,0.00,0.00,0.00,0.00,0.00,0.00,0.00,0.00,0
2.22935,22,-20,87,0,DRIVE [ 03 ] [ 1 ] [ 1552 2002 1325 ] [    0    0    0 ] [      0      0      0 ] [ 0 ],drive [ 03 ] [ 1 ] [ 1572 2002 1382 ] [   50    3   35 ] [  13778  12401  15056 ] [ 0 ],1.00,1.00,1.00,1.00,22.28,-20.07,0.00,0.00,0.00,0.00,0.00,-0.00,0.00,0.00,0.00,0.00,0.00,0.00,0.00,0.00,0.00,0
2.24147,23,-22,85,0,DRIVE [ 04 ] [ 1 ] [ 1535 2002 1270 ] [    0    0    0 ] [      0      0      0 ] [ 0 ],drive [ 03 ] [ 1 ] [ 1552 2002 1325 ] [   50    3   35 ] [  13778  12401  15056 ] [ 0 ],1.00,1.00,1.00,1.00,23.01,-21.70,0.00,0.00,0.00,0.00,0.00,-0.00,0.00,0.00,0.00,0.00,0.00,0.00,0.00,0.00,0.00,0
2.25313,24,-23,83,0,DRIVE [ 04 ] [ 1 ] [ 1521 2002 1230 ] [    0    0    0 ] [      0      0      0 ] [ 0 ],drive [ 04 ] [ 1 ] [ 1535 2002 1270 ] [   50    3   35 ] [  14100  12391  15302 ] [ 0 ],1.00,1.00,1.00,1.00,23.56,-23.00,0.00,0.00,0.00,0.00,0.00,-0.00,0.00,0.00,0.00,0.00,0.00,0.00,0.00,0.00,0.00,0
2.2654,24,-24,81,0,DRIVE [ 05 ] [ 1 ] [ 1508 2002 1230 ] [    0    0    0 ] [      0      0      0 ] [ 0 ],drive [ 04 ] [ 1 ] [ 1521 2002 1230 ] [   61   -5   62 ] [  14100  12391  15302 ] [ 0 ],1.00,1.00,1.00,1.00,23.91,-23.88,0.00,0.00,0.00,0.00,0.00,-0.00,0.00,0.00,0.00,0.00,0.00,0.00,0.00,0.00,0.00,0
2.27517,24,-24,79,0,DRIVE [ 05 ] [ 1 ] [ 1496 2002 1230 ] [    0    0    0 ] [      0      0      0 ] [ 0 ],drive [ 05 ] [ 1 ] [ 1508 2002 1230 ] [   61   -5   62 ] [  14100  12391  15302 ] [ 0 ],1.00,1.00,1.00,1.00,24.12,-24.33,0.00,0.00,0.00,0.00,0.00,-0.00,0.00,0.00,0.00,0.00,0.00,0.00,0.00,0.00,0.00,0
2.28508,24,-24,77,0,DRIVE [ 06 ] [ 1 ] [ 1487 2002 1230 ] [    0    0    0 ] [      0      0      0 ] [ 0 ],drive [ 05 ] [ 1 ] [ 1496 2002 1230 ] [   61   -5   62 ] [  14100  12391  15302 ] [ 0 ],1.00,1.00,1.00,1.00,24.07,-24.38,0.00,0.00,0.00,0.00,0.00,-0.00,0.00,0.00,0.00,0.00,0.00,0.00,0.00,0.00,0.00,0
2.29749,24,-24,75,0,DRIVE [ 06 ] [ 1 ] [ 1481 2002 1230 ] [    0    0    0 ] [      0      0      0 ] [ 0 ],drive [ 06 ] [ 1 ] [ 1487 2002 1230 ] [   61   -5   62 ] [  14215  12235  16126 ] [ 0 ],1.00,1.00,1.00,1.00,23.89,-24.26,0.00,0.00,0.00,0.00,0.00,-0.00,0.00,0.00,0.00,0.00,0.00,0.00,0.00,0.00,0.00,0
2.30955,24,-24,73,0,DRIVE [ 07 ] [ 1 ] [ 1476 2002 1230 ] [    0    0    0 ] [      0      0      0 ] [ 0 ],drive [ 06 ] [ 1 ] [ 1481 2002 1230 ] [   52   -6   86 ] [  14215  12235  16126 ] [ 0 ],1.00,1.00,1.00,1.00,23.56,-23.94,0.00,0.00,0.00,0.00,0.00,-0.00,0.00,0.00,0.00,0.00,0.00,0.00,0.00,0.00,0.00,0
2.32125,23,-24,71,0,DRIVE [ 07 ] [ 1 ] [ 1471 2002 1230 ] [    0    0    0 ] [      0      0      0 ] [ 0 ],drive [ 07 ] [ 1 ] [ 1476 2002 1230 ] [   52   -6   86 ] [  14215  12235  16126 ] [ 0 ],1.00,1.00,1.00,1.00,23.17,-23.60,0.00,0.00,0.00,0.00,0.00,-0.00,0.00,0.00,0.00,0.00,0.00,0.00,0.00,0.00,0.00,0
2.33125,23,-23,69,0,DRIVE [ 08 ] [ 1 ] [ 1467 2002 1230 ] [    0    0    0 ] [      0      0      0 ] [ 0 ],drive [ 07 ] [ 1 ] [ 1471 2002 1230 ] [   52   -6   86 ] [  14215  12235  16126 ] [ 0 ],1.00,1.00,1.00,1.00,22.80,-23.39,0.00,0.00,0.00,0.00,0.00,0.00,0.00,0.00,0.00,0.00,0.00,0.00,0.00,0.00,0.00,0
2.34149,22,-23,67,0,DRIVE [ 08 ] [ 1 ] [ 1463 2002 1230 ] [    0    0    0 ] [      0      0      0 ] [ 0 ],drive [ 08 ] [ 1 ] [ 1467 2002 1230 ] [   52   -6   86 ] [  14215  12235  16126 ] [ 0 ],1.00,1.00,1.00,1.00,22.44,-23.29,0.00,0.00,0.00,0.00,0.00,0.00,0.00,0.00,0.00,0.00,0.00,0.00,0.00,0.00,0.00,0
2.3534,22,-23,65,0,DRIVE [ 09 ] [ 1 ] [ 1459 2002 1230 ] [    0    0    0 ] [      0      0      0 ] [ 0 ],drive [ 08 ] [ 1 ] [ 1463 2002 1230 ] [   52   -6   86 ] [  14220  12067  16393 ] [ 0 ],1.00,1.00,1.00,1.00,22.08,-23.28,0.00,0.00,0.00,0.00,0.00,0.00,0.00,0.00,0.00,0.00,0.00,0.00,0.00,0.00,0.00,0
2.36538,22,-23,63,0,DRIVE [ 09 ] [ 1 ] [ 1456 2002 1230 ] [    0    0    0 ] [      0      0      0 ] [ 0 ],drive [ 09 ] [ 1 ] [ 1459 2002 1230 ] [   46   13   71 ] [  14220  12067  16393 ] [ 0 ],1.00,1.00,1.00,1.00,21.65,-23.16,0.00,0.00,0.00,0.00,0.00,0.00,0.00,0.00,0.00,0.00,0.00,0.00,0.00,0.00,0.00,0
2.37747,21,-23,61,0,DRIVE [ 10 ] [ 1 ] [ 1456 2002 1230 ] [    0    0    0 ] [      0      0      0 ] [ 0 ],drive [ 09 ] [ 1 ] [ 1456 2002 1230 ] [   46   13   71 ] [  14220  12067  16393 ] [ 0 ],1.00,1.00,1.00,1.00,21.07,-22.77,0.00,0.00,0.00,0.00,0.00,0.00,0.00,0.00,0.00,0.00,0.00,0.00,0.00,0.00,0.00,0
2.38933,20,-22,59,0,DRIVE [ 10 ] [ 1 ] [ 1456 2002 1230 ] [    0    0    0 ] [      0      0      0 ] [ 0 ],drive [ 10 ] [ 1 ] [ 1456 2002 1230 ] [   46   13   71 ] [  14220  12067  16393 ] [ 0 ],1.00,1.00,1.00,1.00,20.42,-22.03,0.00,0.00,0.00,0.00,0.00,0.00,0.00,0.00,0.00,0.00,0.00,0.00,0.00,0.00,0.00,0
2.3986,20,-21,58,0,DRIVE [ 11 ] [ 1 ] [ 1457 2002 1230 ] [    0    0    0 ] [      0      0      0 ] [ 0 ],drive [ 10 ] [ 1 ] [ 1456 2002 1230 ] [   46   13   71 ] [  14309  12031  16729 ] [ 0 ],1.00,1.00,1.00,1.00,19.69,-21.05,0.00,0.00,0.00,0.00,0.00,0.00,0.00,0.00,0.00,0.00,0.00,0.00,0.00,0.00,0.00,0
2.40947,19,-20,56,0,DRIVE [ 11 ] [ 1 ] [ 1462 2002 1230 ] [    0    0    0 ] [      0      0      0 ] [ 0 ],drive [ 11 ] [ 1 ] [ 1457 2002 1230 ] [   50    0   87 ] [  14309  12031  16729 ] [ 0 ],1.00,1.00,1.00,1.00,18.81,-19.82,0.00,0.00,0.00,0.00,0.00,0.00,0.00,0.00,0.00,0.00,0.00,0.00,0.00,0.00,0.00,0
2.42153,18,-18,54,0,DRIVE [ 12 ] [ 1 ] [ 1467 2002 1230 ] [    0    0    0 ] [      0      0      0 ] [ 0 ],drive [ 11 ] [ 1 ] [ 1462 2002 1230 ] [   50    0   87 ] [  14309  12031  16729 ] [ 0 ],1.00,1.00,1.00,1.00,17.86,-18.40,0.00,0.00,0.00,0.00,0.00,0.00,0.00,0.00,0.00,0.00,0.00,0.00,0.00,0.00,0.00,0
2.43367,17,-17,52,0,DRIVE [ 12 ] [ 1 ] [ 1474 2002 1230 ] [    0    0    0 ] [      0      0      0 ] [ 0 ],drive [ 12 ] [ 1 ] [ 1467 2002 1230 ] [   50    0   87 ] [  14309  12031  16729 ] [ 0 ],1.00,1.00,1.00,1.00,16.80,-16.82,0.00,0.00,0.00,0.00,0.00,0.00,0.00,0.00,0.00,0.00,0.00,0.00,0.00,0.00,0.00,0
2.44557,16,-15,50,0,DRIVE [ 13 ] [ 1 ] [ 1484 2002 1230 ] [    0    0    0 ] [      0      0      0 ] [ 0 ],drive [ 12 ] [ 1 ] [ 1474 2002 1230 ] [   50    0   87 ] [  14310  11637  16939 ] [ 0 ],1.00,1.00,1.00,1.00,15.64,-15.19,0.00,0.00,0.00,0.00,0.00,0.00,0.00,0.00,0.00,0.00,0.00,0.00,0.00,0.00,0.00,0
2.45745,14,-14,48,0,DRIVE [ 13 ] [ 1 ] [ 1498 2002 1230 ] [    0    0    0 ] [      0      0      0 ] [ 1 ],drive [ 13 ] [ 1 ] [ 1484 2002 1230 ] [   50    0   87 ] [  14310  11637  16939 ] [ 0 ],1.00,1.00,1.00,1.00,14.40,-13.55,0.00,0.00,0.00,0.00,0.00,0.00,0.00,0.00,0.00,0.00,0.00,0.00,-0.00,0.00,0.00,0
2.46678,13,-12,46,0,DRIVE [ 14 ] [ 1 ] [ 1513 2002 1268 ] [    0    0    0 ] [      0      0      0 ] [ 1 ],drive [ 13 ] [ 1 ] [ 1498 2002 1230 ] [   48    7   65 ] [  14310  11637  16939 ] [ 1 ],1.00,1.00,1.00,1.00,13.19,-11.79,0.00,0.00,0.00,0.00,0.00,0.00,0.00,0.00,0.00,0.00,0.00,0.00,-0.00,0.00,0.00,0
2.47761,12,-10,44,0,DRIVE [ 14 ] [ 1 ] [ 1527 2002 1337 ] [    0    0    0 ] [      0      0      0 ] [ 1 ],drive [ 14 ] [ 1 ] [ 1513 2002 1268 ] [   48    7   65 ] [  14310  11637  16939 ] [ 1 ],1.00,1.00,1.00,1.00,12.00,-9.90,0.00,0.00,0.00,0.00,0.00,0.00,0.00,0.00,0.00,0.00,0.00,0.00,-0.00,0.00,0.00,0
2.48935,11,-8,42,0,DRIVE [ 15 ] [ 1 ] [ 1537 2002 1418 ] [    0    0    0 ] [      0      0      0 ] [ 1 ],drive [ 14 ] [ 1 ] [ 1527 2002 1337 ] [   48    7   65 ] [  14310  11637  16939 ] [ 1 ],1.00,1.00,1.00,1.00,10.86,-7.83,0.00,0.00,0.00,0.00,0.00,0.00,0.00,0.00,0.00,0.00,0.00,0.00,-0.00,0.00,0.00,0
2.50154,10,-6,40,0,DRIVE [ 15 ] [ 1 ] [ 1544 2002 1513 ] [    0    0    0 ] [      0      0      0 ] [ 1 ],drive [ 15 ] [ 1 ] [ 1537 2002 1418 ] [   48    7   65 ] [  14299  11347  16939 ] [ 1 ],1.00,1.00,1.00,1.00,9.73,-5.60,0.00,0.00,0.00,0.00,0.00,0.00,0.00,0.00,0.00,0.00,0.00,0.00,-0.00,0.00,0.00,0
2.51352,9,-3,39,0,DRIVE [ 16 ] [ 1 ] [ 1539 2002 1618 ] [    0    0    0 ] [      0      0      0 ] [ 1 ],drive [ 15 ] [ 1 ] [ 1544 2002 1513 ] [   37   -5   47 ] [  14299  11347  16939 ] [ 1 ],1.00,1.00,1.00,1.00,8.71,-3.25,0.00,0.00,0.00,0.00,0.00,0.00,0.00,0.00,0.00,0.00,0.00,0.00,-0.00,0.00,0.00,0
2.5233,8,-1,37,0,DRIVE [ 16 ] [ 1 ] [ 1512 2002 1724 ] [    0    0    0 ] [      0      0      0 ] [ 1 ],drive [ 16 ] [ 1 ] [ 1539 2002 1618 ] [   37   -5   47 ] [  14299  11347  16939 ] [ 1 ],1.00,1.00,1.00,1.00,7.75,-0.80,0.00,0.00,0.00,0.00,0.00,0.00,0.00,0.00,0.00,0.00,0.00,0.00,-0.00,0.00,0.00,0
2.53341,7,2,35,0,DRIVE [ 17 ] [ 1 ] [ 1437 2002 1825 ] [    0    0    0 ] [      0      0      0 ] [ 1 ],drive [ 16 ] [ 1 ] [ 1512 2002 1724 ] [   37   -5   47 ] [  14299  11347  16939 ] [ 1 ],1.00,1.00,1.00,1.00,6.88,1.67,0.00,0.00,0.00,0.00,0.00,0.00,0.00,0.00,0.00,0.00,0.00,0.00,-0.00,-0.00,0.00,0
2.54551,6,4,33,0,DRIVE [ 17 ] [ 1 ] [ 1282 2002 1922 ] [    0    0    0 ] [      0      0      0 ] [ 1 ],drive [ 17 ] [ 1 ] [ 1437 2002 1825 ] [   37   -5   47 ] [  14291  11128  16870 ] [ 1 ],1.00,1.00,1.00,1.00,6.09,4.16,0.00,0.00,0.00,0.00,0.00,0.00,0.00,0.00,0.00,0.00,0.00,0.00,0.00,0.00,0.00,0
2.55731,5,7,31,0,DRIVE [ 18 ] [ 1 ] [ 1253 1917 1922 ] [    0    0    0 ] [      0      0      0 ] [ 1 ],drive [ 17 ] [ 1 ] [ 1282 2002 1922 ] [   37   -5   47 ] [  14291  11128  16870 ] [ 1 ],1.00,1.00,1.00,1.00,5.41,6.58,0.00,0.00,0.00,0.00,0.00,0.00,0.00,0.00,0.00,0.00,0.00,0.00,0.00,0.00,0.00,0
2.56989,5,9,29,0,DRIVE [ 18 ] [ 1 ] [ 1200 1798 1922 ] [    0    0    0 ] [      0      0      0 ] [ 1 ],drive [ 18 ] [ 1 ] [ 1253 1917 1922 ] [   47   -2    7 ] [  14291  11128  16870 ] [ 1 ],1.00,1.00,1.00,1.00,4.76,8.73,0.00,0.00,0.00,0.00,0.00,0.00,0.00,0.00,0.00,0.00,0.00,0.00,0.00,0.00,0.00,0
2.58211,4,11,29,0,DRIVE [ 19 ] [ 1 ] [ 1144 1682 1922 ] [    0    0    0 ] [      0      0      0 ] [ 1 ],drive [ 18 ] [ 1 ] [ 1200 1798 1922 ] [   47   -2    7 ] [  14291  11128  16870 ] [ 1 ],1.00,1.00,1.00,1.00,4.18,10.78,0.00,0.00,0.00,0.00,0.00,0.00,0.00,0.00,0.00,0.00,0.00,0.00,0.00,0.00,0.00,0
2.59193,4,11,29,0,DRIVE [ 19 ] [ 1 ] [ 1216 1713 1922 ] [    0    0    0 ] [      0      0      0 ] [ 0 ],drive [ 19 ] [ 1 ] [ 1144 1682 1922 ] [   47   -2    7 ] [  14466  11092  16002 ] [ 1 ],1.00,1.00,1.00,1.00,3.77,9.70,0.00,0.00,0.00,0.00,0.00,0.00,0.00,0.00,0.00,0.00,0.00,0.00,0.00,0.00,0.00,0
2.60138,4,11,29,0,DRIVE [ 20 ] [ 1 ] [ 1282 1743 1922 ] [    0    0    0 ] [      0      0      0 ] [ 0 ],drive [ 19 ] [ 1 ] [ 1216 1713 1922 ] [   47   -2    7 ] [  14466  11092  16002 ] [ 0 ],1.00,1.00,1.00,1.00,3.39,8.73,0.00,0.00,0.00,0.00,0.00,0.00,0.00,0.00,0.00,0.00,0.00,0.00,0.00,0.00,0.00,0
2.61352,4,11,29,0,DRIVE [ 20 ] [ 1 ] [ 1343 1770 1922 ] [    0    0    0 ] [      0      0      0 ] [ 0 ],drive [ 20 ] [ 1 ] [ 1282 1743 1922 ] [   99   38   15 ] [  14466  11092  16002 ] [ 0 ],1.00,1.00,1.00,1.00,3.05,7.86,0.00,0.00,0.00,0.00,0.00,0.00,0.00,0.00,0.00,0.00,0.00,0.00,0.00,0.00,0.00,0
2.62543,4,11,29,0,DRIVE [ 21 ] [ 1 ] [ 1398 1794 1922 ] [    0    0    0 ] [      0      0      0 ] [ 0 ],drive [ 20 ] [ 1 ] [ 1343 1770 1922 ] [   99   38   15 ] [  14466  11092  16002 ] [ 0 ],1.00,1.00,1.00,1.00,2.75,7.07,0.00,0.00,0.00,0.00,0.00,0.00,0.00,0.00,0.00,0.00,0.00,0.00,0.00,0.00,0.00,0
2.63773,4,11,29,0,DRIVE [ 21 ] [ 1 ] [ 1449 1817 1922 ] [    0    0    0 ] [      0      0      0 ] [ 0 ],drive [ 21 ] [ 1 ] [ 1398 1794 1922 ] [   99   38   15 ] [  14466  11092  16002 ] [ 0 ],1.00,1.00,1.00,1.00,2.47,6.36,0.00,0.00,0.00,0.00,0.00,0.00,0.00,0.00,0.00,0.00,0.00,0.00,0.00,0.00,0.00,0
2.64953,4,11,29,0,DRIVE [ 22 ] [ 1 ] [ 1495 1837 1922 ] [    0    0    0 ] [      0      0      0 ] [ 0 ],drive [ 21 ] [ 1 ] [ 1449 1817 1922 ] [   99   38   15 ] [  14653  11483  15688 ] [ 0 ],1.00,1.00,1.00,1.00,2.22,5.73,0.00,0.00,0.00,0.00,0.00,0.00,0.00,0.00,0.00,0.00,0.00,0.00,0.00,0.00,0.00,0
2.65923,4,11,29,0,DRIVE [ 22 ] [ 1 ] [ 1537 1856 1922 ] [    0    0    0 ] [      0      0      0 ] [ 0 ],drive [ 22 ] [ 1 ] [ 1495 1837 1922 ] [   42   20    7 ] [  14653  11483  15688 ] [ 0 ],1.00,1.00,1.00,1.00,2.00,5.16,0.00,0.00,0.00,0.00,0.00,0.00,0.00,0.00,0.00,0.00,0.00,0.00,0.00,0.00,0.00,0
2.66911,4,11,29,0,DRIVE [ 23 ] [ 1 ] [ 1575 1873 1922 ] [    0    0    0 ] [      0      0      0 ] [ 0 ],drive [ 22 ] [ 1 ] [ 1537 1856 1922 ] [   42   20    7 ] [  14653  11483  15688 ] [ 0 ],1.00,1.00,1.00,1.00,1.80,4.64,0.00,0.00,0.00,0.00,0.00,0.00,0.00,0.00,0.00,0.00,0.00,0.00,0.00,0.00,0.00,0
2.68137,4,11,29,0,DRIVE [ 23 ] [ 1 ] [ 1610 1888 1922 ] [    0    0    0 ] [      0      0      0 ] [ 0 ],drive [ 23 ] [ 1 ] [ 1575 1873 1922 ] [   42   20    7 ] [  14653  11483  15688 ] [ 0 ],1.00,1.00,1.00,1.00,1.62,4.18,0.00,0.00,0.00,0.00,0.00,0.00,0.00,0.00,0.00,0.00,0.00,0.00,0.00,0.00,0.00,0
2.69334,4,11,29,1,DRIVE [ 24 ] [ 1 ] [ 1641 1902 1922 ] [    0    0    0 ] [      0      0      0 ] [ 0 ],drive [ 23 ] [ 1 ] [ 1610 1888 1922 ] [   42   20    7 ] [  14653  11483  15688 ] [ 0 ],1.00,1.00,1.00,1.00,1.46,3.76,0.00,0.00,0.00,0.00,0.00,0.00,0.00,0.00,0.00,0.00,0.00,0.00,0.00,0.00,0.00,0
