timestamp,Xmm,Ymm,Zmm,TouchDetected,OutgoingPacket,IncomingPacket,GainPropAb, GainPropAd, GainPropFl, GainPropEx,PropA, PropB, PropC,GainIntegAb, GainIntegAd, GainIntegFl, GainIntegEx,IntegA, IntegB, IntegC,GainDerivAb, GainDerivAd, GainDerivFl, GainDerivEx,DerivA, DerivB, DerivC,Heading5
12.1725,-213,-34,604,0,DRIVE [ 90 ] [ 1 ] [ 1895 1387 1627 ] [    0    0    0 ] [      0      0      0 ] [ 0 ],drive [ 89 ] [ 1 ] [ 1895 1331 1596 ] [   28   68   28 ] [   8900  19228  18304 ] [ 0 ],0.90,0.90,0.90,0.90,-173.00,-29.18,0.00,1.10,1.10,1.10,1.10,0.00,0.00,0.00,0.00,0.00,0.00,1.10,0.00,0.00,0.00,0
0.00153796,-213,-34,604,0,DRIVE [ 91 ] [ 1 ] [ 1895 1926 1926 ] [    0    0    0 ] [      0      0      0 ] [ 0 ],drive [ 90 ] [ 1 ] [ 1895 1336 1604 ] [   28   68   28 ] [   8899  19228  18303 ] [ 0 ],0.90,0.90,0.90,0.90,-172.42,-27.73,0.00,1.10,1.10,1.10,1.10,0.00,0.00,0.00,0.00,0.00,0.00,1.10,0.00,0.00,0.00,0
0.0198799,-213,-34,604,0,DRIVE [ 91 ] [ 1 ] [ 1895 1926 1926 ] [    0    0    0 ] [      0      0      0 ] [ 0 ],drive [ 91 ] [ 1 ] [ 1895 1926 1926 ] [   28   61   25 ] [   8899  19228  18303 ] [ 0 ],0.90,0.90,0.90,0.90,-155.18,-24.96,0.00,1.10,1.10,1.10,1.10,0.00,0.00,0.00,0.00,0.00,0.00,1.10,0.00,0.00,0.00,0
0.0349656,-202,-27,597,0,DRIVE [ 92 ] [ 1 ] [ 1895 1915 1920 ] [    0    0    0 ] [      0      0      0 ] [ 0 ],drive [ 91 ] [ 1 ] [ 1895 1926 1926 ] [   28   61   25 ] [   8899  19228  18303 ] [ 0 ],0.90,0.90,0.90,0.90,-181.68,-24.41,0.00,1.10,1.10,1.10,1.10,0.00,0.00,0.00,0.00,0.00,0.00,1.10,0.00,0.00,0.00,0
0.0496744,-202,-27,597,0,DRIVE [ 92 ] [ 1 ] [ 1895 1916 1921 ] [    0    0    0 ] [      0      0      0 ] [ 0 ],drive [ 92 ] [ 1 ] [ 1895 1915 1920 ] [   28   61   25 ] [   8900  19013  18206 ] [ 0 ],0.90,0.90,0.90,0.90,-163.51,-21.97,0.00,1.10,1.10,1.10,1.10,0.00,0.00,0.00,0.00,0.00,0.00,1.10,0.00,0.00,0.00,0
0.0645215,-202,-27,597,0,DRIVE [ 93 ] [ 1 ] [ 1895 1917 1921 ] [    0    0    0 ] [      0      0      0 ] [ 0 ],drive [ 92 ] [ 1 ] [ 1895 1916 1921 ] [   27   16    2 ] [   8900  19013  18206 ] [ 0 ],0.90,0.90,0.90,0.90,-147.16,-19.77,0.00,1.10,1.10,1.10,1.10,0.00,0.00,0.00,0.00,0.00,0.00,1.10,0.00,0.00,0.00,0
0.0786898,-210,-27,612,0,DRIVE [ 93 ] [ 1 ] [ 1895 1888 1906 ] [    0    0    0 ] [      0      0      0 ] [ 0 ],drive [ 93 ] [ 1 ] [ 1895 1917 1921 ] [   27   16    2 ] [   8900  19013  18206 ] [ 0 ],0.90,0.90,0.90,0.90,-189.29,-24.40,0.00,1.10,1.10,1.10,1.10,0.00,0.00,0.00,0.00,0.00,0.00,1.10,0.00,0.00,0.00,0
0.0926899,-212,-28,603,0,DRIVE [ 94 ] [ 1 ] [ 1895 1878 1901 ] [    0    0    0 ] [      0      0      0 ] [ 0 ],drive [ 93 ] [ 1 ] [ 1895 1888 1906 ] [   27   16    2 ] [   8902  18355  18007 ] [ 0 ],0.90,0.90,0.90,0.90,-190.44,-24.78,0.00,1.10,1.10,1.10,1.10,0.00,0.00,0.00,0.00,0.00,0.00,1.10,0.00,0.00,0.00,0
0.106549,-214,-30,599,0,DRIVE [ 94 ] [ 1 ] [ 1895 1869 1896 ] [    0    0    0 ] [      0      0      0 ] [ 0 ],drive [ 94 ] [ 1 ] [ 1895 1878 1901 ] [   27    8   25 ] [   8902  18355  18007 ] [ 0 ],0.90,0.90,0.90,0.90,-192.76,-26.57,0.00,1.10,1.10,1.10,1.10,0.00,0.00,0.00,0.00,0.00,0.00,1.10,0.00,0.00,0.00,0
0.120493,-217,-32,597,0,DRIVE [ 95 ] [ 1 ] [ 1895 1859 1890 ] [    0    0    0 ] [      0      0      0 ] [ 0 ],drive [ 94 ] [ 1 ] [ 1895 1869 1896 ] [   27    8   25 ] [   8902  18355  18007 ] [ 0 ],0.90,0.90,0.90,0.90,-195.25,-28.73,0.00,1.10,1.10,1.10,1.10,0.00,0.00,0.00,0.00,0.00,0.00,1.10,0.00,0.00,0.00,0
0.134911,-216,-33,591,0,DRIVE [ 95 ] [ 1 ] [ 1895 1850 1885 ] [    0    0    0 ] [      0      0      0 ] [ 0 ],drive [ 95 ] [ 1 ] [ 1895 1859 1890 ] [   27    8   25 ] [   8902  18355  18007 ] [ 0 ],0.90,0.90,0.90,0.90,-194.46,-29.88,0.00,1.10,1.10,1.10,1.10,0.00,0.00,0.00,0.00,0.00,0.00,1.10,0.00,0.00,0.00,0
0.15093,130,-42,612,0,DRIVE [ 96 ] [ 1 ] [ 1880 1850 1892 ] [    0    0    0 ] [      0      0      0 ] [ 0 ],drive [ 95 ] [ 1 ] [ 1895 1850 1885 ] [   27    8   25 ] [   8902  18382  18007 ] [ 0 ],0.90,0.90,0.90,0.90,117.16,-38.08,0.00,1.10,1.10,1.10,1.10,0.00,0.00,0.00,0.00,0.00,0.00,1.10,0.00,0.00,0.00,0
0.168161,133,-44,623,0,DRIVE [ 96 ] [ 1 ] [ 1875 1850 1888 ] [    0    0    0 ] [      0      0      0 ] [ 0 ],drive [ 96 ] [ 1 ] [ 1880 1850 1892 ] [   27    8   25 ] [   8902  18382  18007 ] [ 0 ],0.90,0.90,0.90,0.90,120.12,-39.44,0.00,1.10,1.10,1.10,1.10,0.00,0.00,0.00,0.00,0.00,0.00,1.10,0.00,0.00,0.00,0
0.183403,136,-44,629,0,DRIVE [ 97 ] [ 1 ] [ 1868 1850 1884 ] [    0    0    0 ] [      0      0      0 ] [ 0 ],drive [ 96 ] [ 1 ] [ 1875 1850 1888 ] [   27    8   25 ] [   8902  18382  18007 ] [ 0 ],0.90,0.90,0.90,0.90,122.25,-39.44,0.00,1.10,1.10,1.10,1.10,0.00,0.00,0.00,0.00,0.00,0.00,1.10,0.00,0.00,0.00,0
0.198024,137,-43,630,0,DRIVE [ 97 ] [ 1 ] [ 1862 1850 1880 ] [    0    0    0 ] [      0      0      0 ] [ 0 ],drive [ 97 ] [ 1 ] [ 1868 1850 1884 ] [   27    8   25 ] [   8902  18374  18007 ] [ 0 ],0.90,0.90,0.90,0.90,123.03,-38.49,0.00,1.10,1.10,1.10,1.10,0.00,0.00,0.00,0.00,0.00,0.00,1.10,0.00,0.00,0.00,0
0.212844,137,-42,627,0,DRIVE [ 98 ] [ 1 ] [ 1857 1850 1876 ] [    0    0    0 ] [      0      0      0 ] [ 0 ],drive [ 97 ] [ 1 ] [ 1862 1850 1880 ] [   28   16   27 ] [   8902  18374  18007 ] [ 0 ],0.90,0.90,0.90,0.90,123.32,-37.99,0.00,1.10,1.10,1.10,1.10,0.00,0.00,0.00,0.00,0.00,0.00,1.10,0.00,0.00,0.00,0
0.227104,138,-42,626,0,DRIVE [ 98 ] [ 1 ] [ 1851 1850 1872 ] [    0    0    0 ] [      0      0      0 ] [ 0 ],drive [ 98 ] [ 1 ] [ 1857 1850 1876 ] [   28   16   27 ] [   8902  18374  18007 ] [ 0 ],0.90,0.90,0.90,0.90,123.79,-37.72,0.00,1.10,1.10,1.10,1.10,0.00,0.00,0.00,0.00,0.00,0.00,1.10,0.00,0.00,0.00,0
0.242089,137,-41,622,0,DRIVE [ 99 ] [ 1 ] [ 1845 1850 1869 ] [    0    0    0 ] [      0      0      0 ] [ 0 ],drive [ 98 ] [ 1 ] [ 1851 1850 1872 ] [   28   16   27 ] [   8905  18312  18004 ] [ 0 ],0.90,0.90,0.90,0.90,123.45,-37.27,0.00,1.10,1.10,1.10,1.10,0.00,0.00,0.00,0.00,0.00,0.00,1.10,-0.00,0.00,0.00,0
0.256281,137,-41,619,0,DRIVE [ 99 ] [ 1 ] [ 1840 1850 1865 ] [    0    0    0 ] [      0      0      0 ] [ 0 ],drive [ 99 ] [ 1 ] [ 1845 1850 1869 ] [   30    6   29 ] [   8905  18312  18004 ] [ 0 ],0.90,0.90,0.90,0.90,123.18,-36.84,0.00,1.10,1.10,1.10,1.10,0.00,0.00,0.00,0.00,0.00,0.00,1.10,-0.00,0.00,0.00,0
0.270966,137,-40,618,0,DRIVE [ 00 ] [ 1 ] [ 1834 1850 1862 ] [    0    0    0 ] [      0      0      0 ] [ 0 ],drive [ 99 ] [ 1 ] [ 1840 1850 1865 ] [   30    6   29 ] [   8905  18312  18004 ] [ 0 ],0.90,0.90,0.90,0.90,123.61,-35.62,0.00,1.10,1.10,1.10,1.10,0.00,0.00,0.00,0.00,0.00,0.00,1.10,-0.00,0.00,0.00,0
0.285586,138,-38,616,0,DRIVE [ 00 ] [ 1 ] [ 1827 1850 1859 ] [    0    0    0 ] [      0      0      0 ] [ 0 ],drive [ 00 ] [ 1 ] [ 1834 1850 1862 ] [   30    6   29 ] [   8905  18312  18004 ] [ 0 ],0.90,0.90,0.90,0.90,124.23,-34.44,0.00,1.10,1.10,1.10,1.10,0.00,0.00,0.00,0.00,0.00,0.00,1.10,0.00,0.00,0.00,0
0.299396,139,-37,615,0,DRIVE [ 01 ] [ 1 ] [ 1820 1850 1856 ] [    0    0    0 ] [      0      0      0 ] [ 0 ],drive [ 00 ] [ 1 ] [ 1827 1850 1859 ] [   30    6   29 ] [   8909  18178  18004 ] [ 0 ],0.90,0.90,0.90,0.90,125.55,-33.21,0.00,1.10,1.10,1.10,1.10,0.00,0.00,0.00,0.00,0.00,0.00,1.10,0.00,0.00,0.00,0
0.314085,141,-35,613,0,DRIVE [ 01 ] [ 1 ] [ 1813 1850 1853 ] [    0    0    0 ] [      0      0      0 ] [ 0 ],drive [ 01 ] [ 1 ] [ 1820 1850 1856 ] [   28   29   29 ] [   8909  18178  18004 ] [ 0 ],0.90,0.90,0.90,0.90,126.78,-31.82,0.00,1.10,1.10,1.10,1.10,0.00,0.00,0.00,0.00,0.00,0.00,1.10,0.00,0.00,0.00,0
0.328989,143,-33,608,0,DRIVE [ 02 ] [ 1 ] [ 1803 1850 1850 ] [    0    0    0 ] [      0      0      0 ] [ 0 ],drive [ 01 ] [ 1 ] [ 1813 1850 1853 ] [   28   29   29 ] [   8909  18178  18004 ] [ 0 ],0.90,0.90,0.90,0.90,128.61,-29.54,0.00,1.10,1.10,1.10,1.10,0.00,0.00,0.00,0.00,0.00,0.00,1.10,0.00,0.00,0.00,0
0.343545,146,-30,605,0,DRIVE [ 02 ] [ 1 ] [ 1793 1850 1846 ] [    0    0    0 ] [      0      0      0 ] [ 0 ],drive [ 02 ] [ 1 ] [ 1803 1850 1850 ] [   28   29   29 ] [   8914  17978  18005 ] [ 0 ],0.90,0.90,0.90,0.90,130.98,-27.33,0.00,1.10,1.10,1.10,1.10,0.00,0.00,0.00,0.00,0.00,0.00,1.10,0.00,0.00,0.00,0
0.357872,147,-28,598,0,DRIVE [ 03 ] [ 1 ] [ 1783 1850 1843 ] [    0    0    0 ] [      0      0      0 ] [ 0 ],drive [ 02 ] [ 1 ] [ 1793 1850 1846 ] [   25    7   30 ] [   8914  17978  18005 ] [ 0 ],0.90,0.90,0.90,0.90,132.40,-25.08,0.00,1.10,1.10,1.10,1.10,0.00,0.00,0.00,0.00,0.00,0.00,1.10,0.00,0.00,0.00,0
0.372503,150,-25,589,0,DRIVE [ 03 ] [ 1 ] [ 1770 1850 1840 ] [    0    0    0 ] [      0      0      0 ] [ 0 ],drive [ 03 ] [ 1 ] [ 1783 1850 1843 ] [   25    7   30 ] [   8914  17978  18005 ] [ 0 ],0.90,0.90,0.90,0.90,134.97,-22.46,0.00,1.10,1.10,1.10,1.10,0.00,0.00,0.00,0.00,0.00,0.00,1.10,0.00,0.00,0.00,0
0.386833,154,-22,584,0,DRIVE [ 04 ] [ 1 ] [ 1756 1850 1836 ] [    0    0    0 ] [      0      0      0 ] [ 0 ],drive [ 03 ] [ 1 ] [ 1770 1850 1840 ] [   25    7   30 ] [   8914  17978  18005 ] [ 0 ],0.90,0.90,0.90,0.90,138.53,-20.02,0.00,1.10,1.10,1.10,1.10,0.00,0.00,0.00,0.00,0.00,0.00,1.10,0.00,0.00,0.00,0
0.401123,158,-20,578,0,DRIVE [ 04 ] [ 1 ] [ 1741 1850 1832 ] [    0    0    0 ] [      0      0      0 ] [ 0 ],drive [ 04 ] [ 1 ] [ 1756 1850 1836 ] [   25    7   30 ] [   8945  17874  18005 ] [ 0 ],0.90,0.90,0.90,0.90,141.97,-17.86,0.00,1.10,1.10,1.10,1.10,0.00,0.00,0.00,0.00,0.00,0.00,1.10,0.00,0.00,0.00,0
0.415465,163,-17,570,0,DRIVE [ 05 ] [ 1 ] [ 1723 1850 1826 ] [    0    0    0 ] [      0      0      0 ] [ 0 ],drive [ 04 ] [ 1 ] [ 1741 1850 1832 ] [   15   30   32 ] [   8945  17874  18005 ] [ 0 ],0.90,0.90,0.90,0.90,146.71,-15.64,0.00,1.10,1.10,1.10,1.10,0.00,0.00,0.00,0.00,0.00,0.00,1.10,0.00,0.00,0.00,0
0.429468,170,-15,569,0,DRIVE [ 05 ] [ 1 ] [ 1704 1850 1821 ] [    0    0    0 ] [      0      0      0 ] [ 0 ],drive [ 05 ] [ 1 ] [ 1723 1850 1826 ] [   15   30   32 ] [   8945  17874  18005 ] [ 0 ],0.90,0.90,0.90,0.90,153.34,-13.81,0.00,1.10,1.10,1.10,1.10,0.00,0.00,0.00,0.00,0.00,0.00,1.10,0.00,0.00,0.00,0
0.443618,175,-14,560,0,DRIVE [ 06 ] [ 1 ] [ 1684 1850 1814 ] [    0    0    0 ] [      0      0      0 ] [ 0 ],drive [ 05 ] [ 1 ] [ 1704 1850 1821 ] [   15   30   32 ] [   8964  17864  18005 ] [ 0 ],0.90,0.90,0.90,0.90,157.81,-12.22,0.00,1.10,1.10,1.10,1.10,0.00,0.00,0.00,0.00,0.00,0.00,1.10,0.00,0.00,0.00,0
0.457803,183,-12,560,0,DRIVE [ 06 ] [ 1 ] [ 1663 1850 1807 ] [    0    0    0 ] [      0      0      0 ] [ 0 ],drive [ 06 ] [ 1 ] [ 1684 1850 1814 ] [   19   14   33 ] [   8964  17864  18005 ] [ 0 ],0.90,0.90,0.90,0.90,165.04,-11.21,0.00,1.10,1.10,1.10,1.10,0.00,0.00,0.00,0.00,0.00,0.00,1.10,0.00,0.00,0.00,0
0.472219,192,-11,555,0,DRIVE [ 07 ] [ 1 ] [ 1638 1850 1798 ] [    0    0    0 ] [      0      0      0 ] [ 0 ],drive [ 06 ] [ 1 ] [ 1663 1850 1807 ] [   19   14   33 ] [   8964  17864  18005 ] [ 0 ],0.90,0.90,0.90,0.90,172.99,-10.20,0.00,1.10,1.10,1.10,1.10,0.00,0.00,0.00,0.00,0.00,0.00,1.10,0.00,0.00,0.00,0
0.486517,198,-10,544,0,DRIVE [ 07 ] [ 1 ] [ 1612 1850 1789 ] [    0    0    0 ] [      0      0      0 ] [ 0 ],drive [ 07 ] [ 1 ] [ 1638 1850 1798 ] [   19   14   33 ] [   8964  17864  18005 ] [ 0 ],0.90,0.90,0.90,0.90,178.61,-9.26,0.00,1.10,1.10,1.10,1.10,0.00,0.00,0.00,0.00,0.00,0.00,1.10,0.00,0.00,0.00,0
0.501286,204,-9,535,0,DRIVE [ 08 ] [ 1 ] [ 1587 1850 1779 ] [    0    0    0 ] [      0      0      0 ] [ 0 ],drive [ 07 ] [ 1 ] [ 1612 1850 1789 ] [   19   14   33 ] [   9008  17726  18007 ] [ 0 ],0.90,0.90,0.90,0.90,184.04,-8.52,0.00,1.10,1.10,1.10,1.10,0.00,0.00,0.00,0.00,0.00,0.00,1.10,0.00,0.00,0.00,0
0.514966,213,-9,532,0,DRIVE [ 08 ] [ 1 ] [ 1560 1850 1770 ] [    0    0    0 ] [      0      0      0 ] [ 0 ],drive [ 08 ] [ 1 ] [ 1587 1850 1779 ] [   46   26   35 ] [   9008  17726  18007 ] [ 0 ],0.90,0.90,0.90,0.90,191.40,-7.90,0.00,1.10,1.10,1.10,1.10,0.00,0.00,0.00,0.00,0.00,0.00,1.10,0.00,0.00,0.00,0
0.529596,218,-8,520,0,DRIVE [ 09 ] [ 1 ] [ 1530 1850 1759 ] [    0    0    0 ] [      0      0      0 ] [ 0 ],drive [ 08 ] [ 1 ] [ 1560 1850 1770 ] [   46   26   35 ] [   9008  17726  18007 ] [ 0 ],0.90,0.90,0.90,0.90,196.40,-6.91,0.00,1.10,1.10,1.10,1.10,0.00,0.00,0.00,0.00,0.00,0.00,1.10,0.00,0.00,0.00,0
0.544048,224,-7,511,0,DRIVE [ 09 ] [ 1 ] [ 1501 1850 1749 ] [    0    0    0 ] [      0      0      0 ] [ 0 ],drive [ 09 ] [ 1 ] [ 1530 1850 1759 ] [   46   26   35 ] [   9358  17560  18009 ] [ 0 ],0.90,0.90,0.90,0.90,201.41,-6.21,0.00,1.10,1.10,1.10,1.10,0.00,0.00,0.00,0.00,0.00,0.00,1.10,0.00,0.00,0.00,0
0.558725,228,-6,502,0,DRIVE [ 10 ] [ 1 ] [ 1473 1850 1738 ] [    0    0    0 ] [      0      0      0 ] [ 0 ],drive [ 09 ] [ 1 ] [ 1501 1850 1749 ] [   51   13   38 ] [   9358  17560  18009 ] [ 0 ],0.90,0.90,0.90,0.90,205.21,-5.54,0.00,1.10,1.10,1.10,1.10,0.00,0.00,0.00,0.00,0.00,0.00,1.10,0.00,0.00,0.00,0
0.573198,231,-5,492,0,DRIVE [ 10 ] [ 1 ] [ 1445 1850 1728 ] [    0    0    0 ] [      0      0      0 ] [ 0 ],drive [ 10 ] [ 1 ] [ 1473 1850 1738 ] [   51   13   38 ] [   9358  17560  18009 ] [ 0 ],0.90,0.90,0.90,0.90,208.12,-4.87,0.00,1.10,1.10,1.10,1.10,0.00,0.00,0.00,0.00,0.00,0.00,1.10,0.00,0.00,0.00,0
0.58782,235,-5,482,0,DRIVE [ 11 ] [ 1 ] [ 1413 1850 1717 ] [    0    0    0 ] [      0      0      0 ] [ 0 ],drive [ 10 ] [ 1 ] [ 1445 1850 1728 ] [   51   13   38 ] [   9358  17560  18009 ] [ 0 ],0.90,0.90,0.90,0.90,211.84,-4.33,0.00,1.10,1.10,1.10,1.10,0.00,0.00,0.00,0.00,0.00,0.00,1.10,0.00,0.00,0.00,0
0.602355,238,-5,472,0,DRIVE [ 11 ] [ 1 ] [ 1382 1850 1705 ] [    0    0    0 ] [      0      0      0 ] [ 0 ],drive [ 11 ] [ 1 ] [ 1413 1850 1717 ] [   51   13   38 ] [   9680  17376  18011 ] [ 0 ],0.90,0.90,0.90,0.90,214.63,-4.09,0.00,1.10,1.10,1.10,1.10,0.00,0.00,0.00,0.00,0.00,0.00,1.10,0.00,0.00,0.00,0
0.616815,242,-4,465,0,DRIVE [ 12 ] [ 1 ] [ 1353 1850 1694 ] [    0    0    0 ] [      0      0      0 ] [ 0 ],drive [ 11 ] [ 1 ] [ 1382 1850 1705 ] [   60   16   39 ] [   9680  17376  18011 ] [ 0 ],0.90,0.90,0.90,0.90,217.77,-3.85,0.00,1.10,1.10,1.10,1.10,0.00,0.00,0.00,0.00,0.00,0.00,1.10,0.00,0.00,0.00,0
0.630734,242,-4,455,0,DRIVE [ 12 ] [ 1 ] [ 1326 1850 1683 ] [    0    0    0 ] [      0      0      0 ] [ 0 ],drive [ 12 ] [ 1 ] [ 1353 1850 1694 ] [   60   16   39 ] [   9680  17376  18011 ] [ 0 ],0.90,0.90,0.90,0.90,218.23,-3.85,0.00,1.10,1.10,1.10,1.10,0.00,0.00,0.00,0.00,0.00,0.00,1.10,0.00,0.00,0.00,0
0.645118,243,-4,447,0,DRIVE [ 13 ] [ 1 ] [ 1300 1850 1674 ] [    0    0    0 ] [      0      0      0 ] [ 0 ],drive [ 12 ] [ 1 ] [ 1326 1850 1683 ] [   60   16   39 ] [  10300  17176  18016 ] [ 0 ],0.90,0.90,0.90,0.90,219.04,-3.26,0.00,1.10,1.10,1.10,1.10,0.00,0.00,0.00,0.00,0.00,0.00,1.10,0.00,0.00,0.00,0
0.659615,243,-3,440,0,DRIVE [ 13 ] [ 1 ] [ 1277 1850 1667 ] [    0    0    0 ] [      0      0      0 ] [ 0 ],drive [ 13 ] [ 1 ] [ 1300 1850 1674 ] [   57   15   42 ] [  10300  17176  18016 ] [ 0 ],0.90,0.90,0.90,0.90,218.47,-2.58,0.00,1.10,1.10,1.10,1.10,0.00,0.00,0.00,0.00,0.00,0.00,1.10,0.00,0.00,0.00,0
0.674137,244,-2,437,0,DRIVE [ 14 ] [ 1 ] [ 1257 1850 1660 ] [    0    0    0 ] [      0      0      0 ] [ 0 ],drive [ 13 ] [ 1 ] [ 1277 1850 1667 ] [   57   15   42 ] [  10300  17176  18016 ] [ 0 ],0.90,0.90,0.90,0.90,219.25,-2.09,0.00,1.10,1.10,1.10,1.10,0.00,0.00,0.00,0.00,0.00,0.00,1.10,0.00,0.00,0.00,0
0.688588,242,-1,430,0,DRIVE [ 14 ] [ 1 ] [ 1235 1850 1654 ] [    0    0    0 ] [      0      0      0 ] [ 0 ],drive [ 14 ] [ 1 ] [ 1257 1850 1660 ] [   57   15   42 ] [  10656  17116  18017 ] [ 0 ],0.90,0.90,0.90,0.90,217.74,-1.21,0.00,1.10,1.10,1.10,1.10,0.00,0.00,0.00,0.00,0.00,0.00,1.10,0.00,0.00,0.00,0
0.7028,240,-1,422,0,DRIVE [ 15 ] [ 1 ] [ 1230 1850 1647 ] [    0    0    0 ] [      0      0      0 ] [ 0 ],drive [ 14 ] [ 1 ] [ 1235 1850 1654 ] [   70    6   44 ] [  10656  17116  18017 ] [ 0 ],0.90,0.90,0.90,0.90,216.01,-0.55,0.00,1.10,1.10,1.10,1.10,0.00,0.00,0.00,0.00,0.00,0.00,1.10,0.00,0.00,0.00,0
0.716525,241,0,419,0,DRIVE [ 15 ] [ 1 ] [ 1230 1850 1640 ] [    0    0    0 ] [      0      0      0 ] [ 0 ],drive [ 15 ] [ 1 ] [ 1230 1850 1647 ] [   70    6   44 ] [  10656  17116  18017 ] [ 0 ],0.90,0.90,0.90,0.90,216.79,-0.15,0.00,1.10,1.10,1.10,1.10,0.00,0.00,0.00,0.00,0.00,0.00,1.10,0.00,0.00,0.00,0
0.72985,239,0,411,0,DRIVE [ 16 ] [ 1 ] [ 1230 1850 1632 ] [    0    0    0 ] [      0      0      0 ] [ 0 ],drive [ 15 ] [ 1 ] [ 1230 1850 1640 ] [   70    6   44 ] [  10656  17116  18017 ] [ 0 ],0.90,0.90,0.90,0.90,215.21,0.17,0.00,1.10,1.10,1.10,1.10,0.00,0.00,0.00,0.00,0.00,0.00,1.10,0.00,0.00,0.00,0
0.74369,237,1,402,0,DRIVE [ 16 ] [ 1 ] [ 1230 1850 1625 ] [    0    0    0 ] [      0      0      0 ] [ 0 ],drive [ 16 ] [ 1 ] [ 1230 1850 1632 ] [   70    6   44 ] [  10835  16871  18018 ] [ 0 ],0.90,0.90,0.90,0.90,213.32,0.80,0.00,1.10,1.10,1.10,1.10,0.00,0.00,0.00,0.00,0.00,0.00,1.10,0.00,0.00,0.00,0
0.757566,236,1,397,0,DRIVE [ 17 ] [ 1 ] [ 1230 1850 1618 ] [    0    0    0 ] [      0      0      0 ] [ 0 ],drive [ 16 ] [ 1 ] [ 1230 1850 1625 ] [   84   15   46 ] [  10835  16871  18018 ] [ 0 ],0.90,0.90,0.90,0.90,212.62,1.23,0.00,1.10,1.10,1.10,1.10,0.00,0.00,0.00,0.00,0.00,0.00,1.10,0.00,0.00,0.00,0
0.771454,235,2,390,0,DRIVE [ 17 ] [ 1 ] [ 1230 1850 1610 ] [    0    0    0 ] [      0      0      0 ] [ 0 ],drive [ 17 ] [ 1 ] [ 1230 1850 1618 ] [   84   15   46 ] [  10835  16871  18018 ] [ 0 ],0.90,0.90,0.90,0.90,211.37,1.64,0.00,1.10,1.10,1.10,1.10,0.00,0.00,0.00,0.00,0.00,0.00,1.10,0.00,0.00,0.00,0
0.784483,233,1,380,0,DRIVE [ 18 ] [ 1 ] [ 1230 1850 1600 ] [    0    0    0 ] [      0      0      0 ] [ 0 ],drive [ 17 ] [ 1 ] [ 1230 1850 1610 ] [   84   15   46 ] [  10835  16871  18018 ] [ 0 ],0.90,0.90,0.90,0.90,209.35,1.16,0.00,1.10,1.10,1.10,1.10,0.00,0.00,0.00,0.00,0.00,0.00,1.10,0.00,0.00,0.00,0
0.79808,231,1,373,0,DRIVE [ 18 ] [ 1 ] [ 1230 1850 1589 ] [    0    0    0 ] [      0      0      0 ] [ 0 ],drive [ 18 ] [ 1 ] [ 1230 1850 1600 ] [   84   15   46 ] [  10969  16790  18020 ] [ 0 ],0.90,0.90,0.90,0.90,207.95,0.65,0.00,1.10,1.10,1.10,1.10,0.00,0.00,0.00,0.00,0.00,0.00,1.10,0.00,0.00,0.00,0
0.811392,228,0,362,0,DRIVE [ 19 ] [ 1 ] [ 1230 1850 1578 ] [    0    0    0 ] [      0      0      0 ] [ 0 ],drive [ 18 ] [ 1 ] [ 1230 1850 1589 ] [   74   29   48 ] [  10969  16790  18020 ] [ 0 ],0.90,0.90,0.90,0.90,204.93,0.08,0.00,1.10,1.10,1.10,1.10,0.00,0.00,0.00,0.00,0.00,0.00,1.10,0.00,0.00,0.00,0
0.824517,225,-1,353,0,DRIVE [ 19 ] [ 1 ] [ 1230 1850 1566 ] [    0    0    0 ] [      0      0      0 ] [ 0 ],drive [ 19 ] [ 1 ] [ 1230 1850 1578 ] [   74   29   48 ] [  10969  16790  18020 ] [ 0 ],0.90,0.90,0.90,0.90,202.35,-0.88,0.00,1.10,1.10,1.10,1.10,0.00,0.00,0.00,0.00,0.00,0.00,1.10,0.00,0.00,0.00,0
0.838253,221,-2,344,0,DRIVE [ 20 ] [ 1 ] [ 1230 1850 1556 ] [    0    0    0 ] [      0      0      0 ] [ 0 ],drive [ 19 ] [ 1 ] [ 1230 1850 1566 ] [   74   29   48 ] [  11274  16707  18012 ] [ 0 ],0.90,0.90,0.90,0.90,198.98,-1.64,0.00,1.10,1.10,1.10,1.10,0.00,0.00,0.00,0.00,0.00,0.00,1.10,0.00,0.00,0.00,0
0.851149,218,-2,337,0,DRIVE [ 20 ] [ 1 ] [ 1230 1850 1547 ] [    0    0    0 ] [      0      0      0 ] [ 0 ],drive [ 20 ] [ 1 ] [ 1230 1850 1556 ] [   74   29   48 ] [  11274  16707  18012 ] [ 0 ],0.90,0.90,0.90,0.90,196.35,-2.05,0.00,1.10,1.10,1.10,1.10,0.00,0.00,0.00,0.00,0.00,0.00,1.10,0.00,0.00,0.00,0
0.864574,215,-2,331,0,DRIVE [ 21 ] [ 1 ] [ 1230 1850 1541 ] [    0    0    0 ] [      0      0      0 ] [ 0 ],drive [ 20 ] [ 1 ] [ 1230 1850 1547 ] [   67   10   55 ] [  11274  16707  18012 ] [ 0 ],0.90,0.90,0.90,0.90,193.40,-2.21,0.00,1.10,1.10,1.10,1.10,0.00,0.00,0.00,0.00,0.00,0.00,1.10,-0.00,0.00,0.00,0
0.877673,211,-3,326,0,DRIVE [ 21 ] [ 1 ] [ 1230 1850 1535 ] [    0    0    0 ] [      0      0      0 ] [ 0 ],drive [ 21 ] [ 1 ] [ 1230 1850 1541 ] [   67   10   55 ] [  11274  16707  18012 ] [ 0 ],0.90,0.90,0.90,0.90,190.22,-2.28,0.00,1.10,1.10,1.10,1.10,0.00,0.00,0.00,0.00,0.00,0.00,1.10,-0.00,0.00,0.00,0
0.89069,207,-2,319,0,DRIVE [ 22 ] [ 1 ] [ 1230 1850 1531 ] [    0    0    0 ] [      0      0      0 ] [ 0 ],drive [ 21 ] [ 1 ] [ 1230 1850 1535 ] [   67   10   55 ] [  11376  16707  18009 ] [ 0 ],0.90,0.90,0.90,0.90,186.28,-2.10,0.00,1.10,1.10,1.10,1.10,0.00,0.00,0.00,0.00,0.00,0.00,1.10,-0.00,0.00,0.00,0
0.904106,203,-2,315,0,DRIVE [ 22 ] [ 1 ] [ 1230 1850 1526 ] [    0    0    0 ] [      0      0      0 ] [ 0 ],drive [ 22 ] [ 1 ] [ 1230 1850 1531 ] [   80   11   59 ] [  11376  16707  18009 ] [ 0 ],0.90,0.90,0.90,0.90,183.14,-2.12,0.00,1.10,1.10,1.10,1.10,0.00,0.00,0.00,0.00,0.00,0.00,1.10,-0.00,0.00,0.00,0
0.916793,200,-2,311,0,DRIVE [ 23 ] [ 1 ] [ 1230 1850 1524 ] [    0    0    0 ] [      0      0      0 ] [ 0 ],drive [ 22 ] [ 1 ] [ 1230 1850 1526 ] [   80   11   59 ] [  11376  16707  18009 ] [ 0 ],0.90,0.90,0.90,0.90,179.81,-1.65,0.00,1.10,1.10,1.10,1.10,0.00,0.00,0.00,0.00,0.00,0.00,1.10,-0.00,0.00,0.00,0
0.932965,198,-1,309,0,DRIVE [ 23 ] [ 1 ] [ 1230 1850 1523 ] [    0    0    0 ] [      0      0      0 ] [ 0 ],drive [ 23 ] [ 1 ] [ 1230 1850 1524 ] [   80   11   59 ] [  11376  16707  18009 ] [ 0 ],0.90,0.90,0.90,0.90,177.88,-1.20,0.00,1.10,1.10,1.10,1.10,0.00,0.00,0.00,0.00,0.00,0.00,1.10,-0.00,0.00,0.00,0
0.945596,193,-1,304,0,DRIVE [ 24 ] [ 1 ] [ 1230 1850 1520 ] [    0    0    0 ] [      0      0      0 ] [ 0 ],drive [ 23 ] [ 1 ] [ 1230 1850 1523 ] [   80   11   59 ] [  11378  16707  18010 ] [ 0 ],0.90,0.90,0.90,0.90,174.13,-0.70,0.00,1.10,1.10,1.10,1.10,0.00,0.00,0.00,0.00,0.00,0.00,1.10,-0.00,0.00,0.00,0
0.958219,190,0,300,0,DRIVE [ 24 ] [ 1 ] [ 1230 1850 1520 ] [    0    0    0 ] [      0      0      0 ] [ 0 ],drive [ 24 ] [ 1 ] [ 1230 1850 1520 ] [   81   11   60 ] [  11378  16707  18010 ] [ 0 ],0.90,0.90,0.90,0.90,171.06,-0.20,0.00,1.10,1.10,1.10,1.10,0.00,0.00,0.00,0.00,0.00,0.00,1.10,-0.00,0.00,0.00,0
0.971174,186,0,296,0,DRIVE [ 25 ] [ 1 ] [ 1230 1850 1519 ] [    0    0    0 ] [      0      0      0 ] [ 0 ],drive [ 24 ] [ 1 ] [ 1230 1850 1520 ] [   81   11   60 ] [  11378  16707  18010 ] [ 0 ],0.90,0.90,0.90,0.90,167.46,0.22,0.00,1.10,1.10,1.10,1.10,0.00,0.00,0.00,0.00,0.00,0.00,1.10,-0.00,-0.00,0.00,0
0.983447,182,1,291,0,DRIVE [ 25 ] [ 1 ] [ 1230 1850 1518 ] [    0    0    0 ] [      0      0      0 ] [ 0 ],drive [ 25 ] [ 1 ] [ 1230 1850 1519 ] [   81   11   60 ] [  11378  16707  18010 ] [ 0 ],0.90,0.90,0.90,0.90,163.94,0.61,0.00,1.10,1.10,1.10,1.10,0.00,0.00,0.00,0.00,0.00,0.00,1.10,-0.00,-0.00,0.00,0
0.997459,178,1,288,0,DRIVE [ 26 ] [ 1 ] [ 1230 1850 1518 ] [    0    0    0 ] [      0      0      0 ] [ 0 ],drive [ 25 ] [ 1 ] [ 1230 1850 1518 ] [   81   11   60 ] [  11380  16628  18010 ] [ 0 ],0.90,0.90,0.90,0.90,160.28,0.78,0.00,1.10,1.10,1.10,1.10,0.00,0.00,0.00,0.00,0.00,0.00,1.10,-0.00,-0.00,0.00,0
1.00995,175,1,285,0,DRIVE [ 26 ] [ 1 ] [ 1230 1850 1516 ] [    0    0    0 ] [      0      0      0 ] [ 0 ],drive [ 26 ] [ 1 ] [ 1230 1850 1518 ] [   80   19   60 ] [  11380  16628  18010 ] [ 0 ],0.90,0.90,0.90,0.90,157.19,0.76,0.00,1.10,1.10,1.10,1.10,0.00,0.00,0.00,0.00,0.00,0.00,1.10,-0.00,-0.00,0.00,0
1.0224,170,1,280,0,DRIVE [ 27 ] [ 1 ] [ 1230 1850 1519 ] [    0    0    0 ] [      0      0      0 ] [ 0 ],drive [ 26 ] [ 1 ] [ 1230 1850 1516 ] [   80   19   60 ] [  11380  16628  18010 ] [ 0 ],0.90,0.90,0.90,0.90,152.69,0.76,0.00,1.10,1.10,1.10,1.10,0.00,0.00,0.00,0.00,0.00,0.00,1.10,-0.00,-0.00,0.00,0
1.03533,165,1,276,0,DRIVE [ 27 ] [ 1 ] [ 1230 1850 1525 ] [    0    0    0 ] [      0      0      0 ] [ 0 ],drive [ 27 ] [ 1 ] [ 1230 1850 1519 ] [   80   19   60 ] [  11380  16628  18010 ] [ 0 ],0.90,0.90,0.90,0.90,148.56,0.88,0.00,1.10,1.10,1.10,1.10,0.00,0.00,0.00,0.00,0.00,0.00,1.10,-0.00,-0.00,0.00,0
1.0499,160,1,273,0,DRIVE [ 28 ] [ 1 ] [ 1230 1850 1531 ] [    0    0    0 ] [      0      0      0 ] [ 0 ],drive [ 27 ] [ 1 ] [ 1230 1850 1525 ] [   80   19   60 ] [  11496  16489  18010 ] [ 0 ],0.90,0.90,0.90,0.90,144.43,1.13,0.00,1.10,1.10,1.10,1.10,0.00,0.00,0.00,0.00,0.00,0.00,1.10,-0.00,-0.00,0.00,0
1.06176,155,2,269,0,DRIVE [ 28 ] [ 1 ] [ 1230 1850 1538 ] [    0    0    0 ] [      0      0      0 ] [ 0 ],drive [ 28 ] [ 1 ] [ 1230 1850 1531 ] [   69    7   60 ] [  11496  16489  18010 ] [ 0 ],0.90,0.90,0.90,0.90,139.90,1.48,0.00,1.10,1.10,1.10,1.10,0.00,0.00,0.00,0.00,0.00,0.00,1.10,-0.00,-0.00,0.00,0
1.07402,150,2,265,0,DRIVE [ 29 ] [ 1 ] [ 1230 1850 1546 ] [    0    0    0 ] [      0      0      0 ] [ 0 ],drive [ 28 ] [ 1 ] [ 1230 1850 1538 ] [   69    7   60 ] [  11496  16489  18010 ] [ 0 ],0.90,0.90,0.90,0.90,135.41,1.87,0.00,1.10,1.10,1.10,1.10,0.00,0.00,0.00,0.00,0.00,0.00,1.10,-0.00,-0.00,0.00,0
1.08568,146,3,262,0,DRIVE [ 29 ] [ 1 ] [ 1230 1850 1555 ] [    0    0    0 ] [      0      0      0 ] [ 0 ],drive [ 29 ] [ 1 ] [ 1230 1850 1546 ] [   69    7   60 ] [  11593  16477  18009 ] [ 0 ],0.90,0.90,0.90,0.90,131.35,2.27,0.00,1.10,1.10,1.10,1.10,0.00,0.00,0.00,0.00,0.00,0.00,1.10,-0.00,-0.00,0.00,0
1.0983,141,4,259,0,DRIVE [ 30 ] [ 1 ] [ 1230 1850 1568 ] [    0    0    0 ] [      0      0      0 ] [ 0 ],drive [ 29 ] [ 1 ] [ 1230 1850 1555 ] [   69    7   60 ] [  11593  16477  18009 ] [ 0 ],0.90,0.90,0.90,0.90,126.63,3.26,0.00,1.10,1.10,1.10,1.10,0.00,0.00,0.00,0.00,0.00,0.00,1.10,-0.00,-0.00,0.00,0
1.10988,135,5,256,0,DRIVE [ 30 ] [ 1 ] [ 1230 1850 1581 ] [    0    0    0 ] [      0      0      0 ] [ 0 ],drive [ 30 ] [ 1 ] [ 1230 1850 1568 ] [   71    7   57 ] [  11593  16477  18009 ] [ 0 ],0.90,0.90,0.90,0.90,121.84,4.12,0.00,1.10,1.10,1.10,1.10,0.00,0.00,0.00,0.00,0.00,0.00,1.10,-0.00,-0.00,0.00,0
1.12109,130,5,251,0,DRIVE [ 31 ] [ 1 ] [ 1230 1850 1592 ] [    0    0    0 ] [      0      0      0 ] [ 0 ],drive [ 30 ] [ 1 ] [ 1230 1850 1581 ] [   71    7   57 ] [  11593  16477  18009 ] [ 0 ],0.90,0.90,0.90,0.90,117.07,4.80,0.00,1.10,1.10,1.10,1.10,0.00,0.00,0.00,0.00,0.00,0.00,1.10,-0.00,-0.00,0.00,0
1.13259,126,6,249,0,DRIVE [ 31 ] [ 1 ] [ 1230 1850 1603 ] [    0    0    0 ] [      0      0      0 ] [ 0 ],drive [ 31 ] [ 1 ] [ 1230 1850 1592 ] [   71    7   57 ] [  11593  16477  18009 ] [ 0 ],0.90,0.90,0.90,0.90,113.20,5.53,0.00,1.10,1.10,1.10,1.10,0.00,0.00,0.00,0.00,0.00,0.00,1.10,-0.00,-0.00,0.00,0
1.14364,121,7,245,0,DRIVE [ 32 ] [ 1 ] [ 1230 1850 1614 ] [    0    0    0 ] [      0      0      0 ] [ 0 ],drive [ 31 ] [ 1 ] [ 1230 1850 1603 ] [   71    7   57 ] [  11593  16400  18002 ] [ 0 ],0.90,0.90,0.90,0.90,109.03,6.29,0.00,1.10,1.10,1.10,1.10,0.00,0.00,0.00,0.00,0.00,0.00,1.10,-0.00,-0.00,0.00,0
1.15569,117,8,242,0,DRIVE [ 32 ] [ 1 ] [ 1230 1850 1626 ] [    0    0    0 ] [      0      0      0 ] [ 0 ],drive [ 32 ] [ 1 ] [ 1230 1850 1614 ] [   72   17   53 ] [  11593  16400  18002 ] [ 0 ],0.90,0.90,0.90,0.90,105.07,7.17,0.00,1.10,1.10,1.10,1.10,0.00,0.00,0.00,0.00,0.00,0.00,1.10,-0.00,-0.00,0.00,0
1.1703,112,9,238,0,DRIVE [ 33 ] [ 1 ] [ 1230 1850 1639 ] [    0    0    0 ] [      0      0      0 ] [ 0 ],drive [ 32 ] [ 1 ] [ 1230 1850 1626 ] [   72   17   53 ] [  11593  16400  18002 ] [ 0 ],0.90,0.90,0.90,0.90,101.24,8.25,0.00,1.10,1.10,1.10,1.10,0.00,0.00,0.00,0.00,0.00,0.00,1.10,-0.00,-0.00,0.00,0
1.18134,107,10,234,0,DRIVE [ 33 ] [ 1 ] [ 1230 1850 1654 ] [    0    0    0 ] [      0      0      0 ] [ 0 ],drive [ 33 ] [ 1 ] [ 1230 1850 1639 ] [   72   17   53 ] [  11593  16400  18002 ] [ 0 ],0.90,0.90,0.90,0.90,96.73,9.39,0.00,1.10,1.10,1.10,1.10,0.00,0.00,0.00,0.00,0.00,0.00,1.10,-0.00,-0.00,0.00,0
1.19244,103,12,229,0,DRIVE [ 34 ] [ 1 ] [ 1230 1850 1669 ] [    0    0    0 ] [      0      0      0 ] [ 0 ],drive [ 33 ] [ 1 ] [ 1230 1850 1654 ] [   72   17   53 ] [  11593  16385  17985 ] [ 0 ],0.90,0.90,0.90,0.90,92.27,10.67,0.00,1.10,1.10,1.10,1.10,0.00,0.00,0.00,0.00,0.00,0.00,1.10,-0.00,-0.00,0.00,0
1.20397,98,13,226,0,DRIVE [ 34 ] [ 1 ] [ 1230 1850 1686 ] [    0    0    0 ] [      0      0      0 ] [ 0 ],drive [ 34 ] [ 1 ] [ 1230 1850 1669 ] [   71   18   33 ] [  11593  16385  17985 ] [ 0 ],0.90,0.90,0.90,0.90,88.13,12.01,0.00,1.10,1.10,1.10,1.10,0.00,0.00,0.00,0.00,0.00,0.00,1.10,-0.00,-0.00,0.00,0
1.21481,92,15,221,0,DRIVE [ 35 ] [ 1 ] [ 1230 1850 1707 ] [    0    0    0 ] [      0      0      0 ] [ 0 ],drive [ 34 ] [ 1 ] [ 1230 1850 1686 ] [   71   18   33 ] [  11593  16385  17985 ] [ 0 ],0.90,0.90,0.90,0.90,82.95,13.68,0.00,1.10,1.10,1.10,1.10,0.00,0.00,0.00,0.00,0.00,0.00,1.10,-0.00,-0.00,0.00,0
1.22577,86,17,216,0,DRIVE [ 35 ] [ 1 ] [ 1230 1850 1728 ] [    0    0    0 ] [      0      0      0 ] [ 0 ],drive [ 35 ] [ 1 ] [ 1230 1850 1707 ] [   71   18   33 ] [  11593  16385  17985 ] [ 0 ],0.90,0.90,0.90,0.90,77.60,15.18,0.00,1.10,1.10,1.10,1.10,0.00,0.00,0.00,0.00,0.00,0.00,1.10,-0.00,-0.00,0.00,0
1.23698,81,19,211,0,DRIVE [ 36 ] [ 1 ] [ 1230 1850 1750 ] [    0    0    0 ] [      0      0      0 ] [ 0 ],drive [ 35 ] [ 1 ] [ 1230 1850 1728 ] [   71   18   33 ] [  11593  16385  17919 ] [ 0 ],0.90,0.90,0.90,0.90,72.78,16.72,0.00,1.10,1.10,1.10,1.10,0.00,0.00,0.00,0.00,0.00,0.00,1.10,-0.00,-0.00,0.00,0
1.24758,76,20,207,0,DRIVE [ 36 ] [ 1 ] [ 1230 1850 1771 ] [    0    0    0 ] [      0      0      0 ] [ 0 ],drive [ 36 ] [ 1 ] [ 1230 1850 1750 ] [   71   18   33 ] [  11593  16385  17919 ] [ 0 ],0.90,0.90,0.90,0.90,68.11,18.14,0.00,1.10,1.10,1.10,1.10,0.00,0.00,0.00,0.00,0.00,0.00,1.10,-0.00,-0.00,0.00,0
1.25826,71,22,203,0,DRIVE [ 37 ] [ 1 ] [ 1230 1850 1793 ] [    0    0    0 ] [      0      0      0 ] [ 0 ],drive [ 36 ] [ 1 ] [ 1230 1850 1771 ] [   72   18   40 ] [  11593  16385  17919 ] [ 0 ],0.90,0.90,0.90,0.90,63.65,19.59,0.00,1.10,1.10,1.10,1.10,0.00,0.00,0.00,0.00,0.00,0.00,1.10,-0.00,-0.00,0.00,0
1.26947,66,23,199,0,DRIVE [ 37 ] [ 1 ] [ 1230 1850 1815 ] [    0    0    0 ] [      0      0      0 ] [ 0 ],drive [ 37 ] [ 1 ] [ 1230 1850 1793 ] [   72   18   40 ] [  11593  16385  17919 ] [ 0 ],0.90,0.90,0.90,0.90,59.26,21.11,0.00,1.10,1.10,1.10,1.10,0.00,0.00,0.00,0.00,0.00,0.00,1.10,-0.00,-0.00,0.00,0
1.28005,61,25,196,0,DRIVE [ 38 ] [ 1 ] [ 1230 1850 1838 ] [    0    0    0 ] [      0      0      0 ] [ 0 ],drive [ 37 ] [ 1 ] [ 1230 1850 1815 ] [   72   18   40 ] [  11593  16385  17919 ] [ 0 ],0.90,0.90,0.90,0.90,55.01,22.56,0.00,1.10,1.10,1.10,1.10,0.00,0.00,0.00,0.00,0.00,0.00,1.10,-0.00,-0.00,0.00,0
1.29112,57,26,192,0,DRIVE [ 38 ] [ 1 ] [ 1230 1850 1860 ] [    0    0    0 ] [      0      0      0 ] [ 0 ],drive [ 38 ] [ 1 ] [ 1230 1850 1838 ] [   72   18   40 ] [  11600  16386  17736 ] [ 0 ],0.90,0.90,0.90,0.90,50.86,23.84,0.00,1.10,1.10,1.10,1.10,0.00,0.00,0.00,0.00,0.00,0.00,1.10,-0.00,-0.00,0.00,0
1.30216,52,28,189,0,DRIVE [ 39 ] [ 1 ] [ 1230 1850 1882 ] [    0    0    0 ] [      0      0      0 ] [ 0 ],drive [ 38 ] [ 1 ] [ 1230 1850 1860 ] [   87   18   15 ] [  11600  16386  17736 ] [ 0 ],0.90,0.90,0.90,0.90,46.77,25.03,0.00,1.10,1.10,1.10,1.10,0.00,0.00,0.00,0.00,0.00,0.00,1.10,-0.00,-0.00,0.00,0
1.31281,47,29,185,0,DRIVE [ 39 ] [ 1 ] [ 1230 1850 1903 ] [    0    0    0 ] [      0      0      0 ] [ 0 ],drive [ 39 ] [ 1 ] [ 1230 1850 1882 ] [   87   18   15 ] [  11600  16386  17736 ] [ 0 ],0.90,0.90,0.90,0.90,42.44,25.83,0.00,1.10,1.10,1.10,1.10,0.00,0.00,0.00,0.00,0.00,0.00,1.10,-0.00,-0.00,0.00,0
1.32346,43,29,183,0,DRIVE [ 40 ] [ 1 ] [ 1230 1850 1924 ] [    0    0    0 ] [      0      0      0 ] [ 0 ],drive [ 39 ] [ 1 ] [ 1230 1850 1903 ] [   87   18   15 ] [  11600  16386  17736 ] [ 0 ],0.90,0.90,0.90,0.90,38.32,26.50,0.00,1.10,1.10,1.10,1.10,0.00,0.00,0.00,0.00,0.00,0.00,1.10,-0.00,-0.00,0.00,0
1.33428,38,30,180,0,DRIVE [ 40 ] [ 1 ] [ 1236 1904 1924 ] [    0    0    0 ] [      0      0      0 ] [ 0 ],drive [ 40 ] [ 1 ] [ 1230 1850 1924 ] [   87   18   15 ] [  11822  16387  17281 ] [ 0 ],0.90,0.90,0.90,0.90,34.04,26.90,0.00,1.10,1.10,1.10,1.10,0.82,0.64,0.00,0.00,0.00,0.00,1.10,-0.00,-0.00,0.00,0
1.3447,33,30,176,0,DRIVE [ 41 ] [ 1 ] [ 1283 1881 1924 ] [    0    0    0 ] [      0      0      0 ] [ 0 ],drive [ 40 ] [ 1 ] [ 1236 1904 1924 ] [   87   18   15 ] [  11822  16387  17281 ] [ 0 ],0.90,0.90,0.90,0.90,29.69,26.91,0.00,1.10,1.10,1.10,1.10,1.53,1.28,0.00,0.00,0.00,0.00,1.10,-0.00,-0.00,0.00,0
1.3552,28,30,173,0,DRIVE [ 41 ] [ 1 ] [ 1332 1857 1924 ] [    0    0    0 ] [      0      0      0 ] [ 0 ],drive [ 41 ] [ 1 ] [ 1283 1881 1924 ] [   90   18   20 ] [  11822  16387  17281 ] [ 0 ],0.90,0.90,0.90,0.90,25.31,26.88,0.00,1.10,1.10,1.10,1.10,2.14,1.91,0.00,0.00,0.00,0.00,1.10,-0.00,-0.00,0.00,0
1.36585,23,30,170,0,DRIVE [ 42 ] [ 1 ] [ 1382 1832 1924 ] [    0    0    0 ] [      0      0      0 ] [ 0 ],drive [ 41 ] [ 1 ] [ 1332 1857 1924 ] [   90   18   20 ] [  11822  16387  17281 ] [ 0 ],0.90,0.90,0.90,0.90,20.96,26.72,0.00,1.10,1.10,1.10,1.10,2.64,2.54,0.00,0.00,0.00,0.00,1.10,-0.00,-0.00,0.00,0
1.37652,18,29,167,0,DRIVE [ 42 ] [ 1 ] [ 1431 1807 1924 ] [    0    0    0 ] [      0      0      0 ] [ 0 ],drive [ 42 ] [ 1 ] [ 1382 1832 1924 ] [   90   18   20 ] [  11822  16387  17281 ] [ 0 ],0.90,0.90,0.90,0.90,16.61,26.36,0.00,1.10,1.10,1.10,1.10,3.04,3.16,0.00,0.00,0.00,0.00,1.10,-0.00,-0.00,0.00,0
1.38681,14,29,164,0,DRIVE [ 43 ] [ 1 ] [ 1482 1780 1924 ] [    0    0    0 ] [      0      0      0 ] [ 0 ],drive [ 42 ] [ 1 ] [ 1431 1807 1924 ] [   90   18   20 ] [  11920  16387  16764 ] [ 0 ],0.90,0.90,0.90,0.90,12.29,25.80,0.00,1.10,1.10,1.10,1.10,3.33,3.75,0.00,0.00,0.00,0.00,1.10,-0.00,-0.00,0.00,0
1.39766,9,28,161,0,DRIVE [ 43 ] [ 1 ] [ 1535 1753 1924 ] [    0    0    0 ] [      0      0      0 ] [ 0 ],drive [ 43 ] [ 1 ] [ 1482 1780 1924 ] [   90   18   20 ] [  11920  16387  16764 ] [ 0 ],0.90,0.90,0.90,0.90,7.91,24.93,0.00,1.10,1.10,1.10,1.10,3.51,4.32,0.00,0.00,0.00,0.00,1.10,-0.00,-0.00,0.00,0
1.40831,4,27,159,0,DRIVE [ 44 ] [ 1 ] [ 1583 1722 1924 ] [    0    0    0 ] [      0      0      0 ] [ 0 ],drive [ 43 ] [ 1 ] [ 1535 1753 1924 ] [   45   31    5 ] [  11920  16387  16764 ] [ 0 ],0.90,0.90,0.90,0.90,3.64,24.23,0.00,1.10,1.10,1.10,1.10,3.60,4.88,0.00,0.00,0.00,0.00,1.10,-0.00,-0.00,0.00,0
1.41871,-1,26,156,0,DRIVE [ 44 ] [ 1 ] [ 1624 1684 1924 ] [    0    0    0 ] [      0      0      0 ] [ 0 ],drive [ 44 ] [ 1 ] [ 1583 1722 1924 ] [   45   31    5 ] [  11920  16387  16764 ] [ 0 ],0.90,0.90,0.90,0.90,-0.48,23.64,0.00,1.10,1.10,1.10,1.10,3.58,5.43,0.00,0.00,0.00,0.00,1.10,0.00,0.00,0.00,0
1.42964,-5,26,153,0,DRIVE [ 45 ] [ 1 ] [ 1657 1640 1924 ] [    0    0    0 ] [      0      0      0 ] [ 0 ],drive [ 44 ] [ 1 ] [ 1624 1684 1924 ] [   45   31    5 ] [  11920  16387  16764 ] [ 0 ],0.90,0.90,0.90,0.90,-4.35,23.33,0.00,1.10,1.10,1.10,1.10,3.48,5.99,0.00,0.00,0.00,0.00,1.10,0.00,0.00,0.00,0
1.44029,-9,26,150,0,DRIVE [ 45 ] [ 1 ] [ 1683 1591 1924 ] [    0    0    0 ] [      0      0      0 ] [ 0 ],drive [ 45 ] [ 1 ] [ 1657 1640 1924 ] [   45   31    5 ] [  11880  16573  16664 ] [ 0 ],0.90,0.90,0.90,0.90,-7.86,23.04,0.00,1.10,1.10,1.10,1.10,3.30,6.53,0.00,0.00,0.00,0.00,1.10,0.00,0.00,0.00,0
1.45061,-12,26,147,0,DRIVE [ 46 ] [ 1 ] [ 1701 1538 1924 ] [    0    0    0 ] [      0      0      0 ] [ 0 ],drive [ 45 ] [ 1 ] [ 1683 1591 1924 ] [   50   31   11 ] [  11880  16573  16664 ] [ 0 ],0.90,0.90,0.90,0.90,-10.95,23.09,0.00,1.10,1.10,1.10,1.10,3.06,7.09,0.00,0.00,0.00,0.00,1.10,0.00,0.00,0.00,0
1.46174,-15,26,145,0,DRIVE [ 46 ] [ 1 ] [ 1717 1485 1924 ] [    0    0    0 ] [      0      0      0 ] [ 0 ],drive [ 46 ] [ 1 ] [ 1701 1538 1924 ] [   50   31   11 ] [  11880  16573  16664 ] [ 0 ],0.90,0.90,0.90,0.90,-13.74,23.11,0.00,1.10,1.10,1.10,1.10,2.75,7.65,0.00,0.00,0.00,0.00,1.10,0.00,0.00,0.00,0
1.47252,-18,26,143,0,DRIVE [ 47 ] [ 1 ] [ 1730 1434 1924 ] [    0    0    0 ] [      0      0      0 ] [ 0 ],drive [ 46 ] [ 1 ] [ 1717 1485 1924 ] [   50   31   11 ] [  11880  16573  16664 ] [ 0 ],0.90,0.90,0.90,0.90,-16.11,23.04,0.00,1.10,1.10,1.10,1.10,2.40,8.20,0.00,0.00,0.00,0.00,1.10,0.00,0.00,0.00,0
1.48267,-20,25,141,0,DRIVE [ 47 ] [ 1 ] [ 1740 1387 1924 ] [    0    0    0 ] [      0      0      0 ] [ 0 ],drive [ 47 ] [ 1 ] [ 1730 1434 1924 ] [   50   31   11 ] [  11880  16573  16664 ] [ 0 ],0.90,0.90,0.90,0.90,-17.98,22.91,0.00,1.10,1.10,1.10,1.10,2.01,8.75,0.00,0.00,0.00,0.00,1.10,0.00,0.00,0.00,0
1.49323,-21,25,138,0,DRIVE [ 48 ] [ 1 ] [ 1746 1350 1924 ] [    0    0    0 ] [      0      0      0 ] [ 0 ],drive [ 47 ] [ 1 ] [ 1740 1387 1924 ] [   50   31   11 ] [  11642  17156  16662 ] [ 0 ],0.90,0.90,0.90,0.90,-19.18,22.71,0.00,1.10,1.10,1.10,1.10,1.61,9.30,0.00,0.00,0.00,0.00,1.10,0.00,0.00,0.00,0
1.50402,-22,25,136,0,DRIVE [ 48 ] [ 1 ] [ 1746 1327 1924 ] [    0    0    0 ] [      0      0      0 ] [ 0 ],drive [ 48 ] [ 1 ] [ 1746 1350 1924 ] [   39   52   11 ] [  11642  17156  16662 ] [ 0 ],0.90,0.90,0.90,0.90,-19.50,22.39,0.00,1.10,1.10,1.10,1.10,1.22,9.83,0.00,0.00,0.00,0.00,1.10,0.00,0.00,0.00,0
1.51452,-21,24,134,0,DRIVE [ 49 ] [ 1 ] [ 1742 1321 1924 ] [    0    0    0 ] [      0      0      0 ] [ 0 ],drive [ 48 ] [ 1 ] [ 1746 1327 1924 ] [   39   52   11 ] [  11642  17156  16662 ] [ 0 ],0.90,0.90,0.90,0.90,-18.96,21.89,0.00,1.10,1.10,1.10,1.10,0.86,10.35,0.00,0.00,0.00,0.00,1.10,0.00,0.00,0.00,0
1.52498,-20,24,132,0,DRIVE [ 49 ] [ 1 ] [ 1734 1328 1924 ] [    0    0    0 ] [      0      0      0 ] [ 0 ],drive [ 49 ] [ 1 ] [ 1742 1321 1924 ] [   39   52   11 ] [  11642  17156  16662 ] [ 0 ],0.90,0.90,0.90,0.90,-17.75,21.20,0.00,1.10,1.10,1.10,1.10,0.54,10.84,0.00,0.00,0.00,0.00,1.10,0.00,0.00,0.00,0
1.53582,-18,23,130,0,DRIVE [ 50 ] [ 1 ] [ 1723 1345 1924 ] [    0    0    0 ] [      0      0      0 ] [ 0 ],drive [ 49 ] [ 1 ] [ 1734 1328 1924 ] [   39   52   11 ] [  10992  17955  16661 ] [ 0 ],0.90,0.90,0.90,0.90,-16.15,20.44,0.00,1.10,1.10,1.10,1.10,0.26,11.32,0.00,0.00,0.00,0.00,1.10,0.00,0.00,0.00,0
1.54618,-16,22,128,0,DRIVE [ 50 ] [ 1 ] [ 1712 1366 1924 ] [    0    0    0 ] [      0      0      0 ] [ 0 ],drive [ 50 ] [ 1 ] [ 1723 1345 1924 ] [   39   52   11 ] [  10992  17955  16661 ] [ 0 ],0.90,0.90,0.90,0.90,-14.37,19.61,0.00,1.10,1.10,1.10,1.10,0.03,11.78,0.00,0.00,0.00,0.00,1.10,0.00,0.00,0.00,0
1.55636,-14,21,126,0,DRIVE [ 51 ] [ 1 ] [ 1701 1386 1924 ] [    0    0    0 ] [      0      0      0 ] [ 0 ],drive [ 50 ] [ 1 ] [ 1712 1366 1924 ] [   30   57   11 ] [  10992  17955  16661 ] [ 0 ],0.90,0.90,0.90,0.90,-12.72,18.76,0.00,1.10,1.10,1.10,1.10,-0.18,12.21,0.00,0.00,0.00,0.00,1.10,0.00,0.00,0.00,0
1.56678,-13,20,124,0,DRIVE [ 51 ] [ 1 ] [ 1692 1402 1924 ] [    0    0    0 ] [      0      0      0 ] [ 0 ],drive [ 51 ] [ 1 ] [ 1701 1386 1924 ] [   30   57   11 ] [  10992  17955  16661 ] [ 0 ],0.90,0.90,0.90,0.90,-11.35,17.87,0.00,1.10,1.10,1.10,1.10,-0.36,12.63,0.00,0.00,0.00,0.00,1.10,0.00,0.00,0.00,0
1.57859,-11,19,122,0,DRIVE [ 52 ] [ 1 ] [ 1686 1413 1924 ] [    0    0    0 ] [      0      0      0 ] [ 0 ],drive [ 51 ] [ 1 ] [ 1692 1402 1924 ] [   30   57   11 ] [  10992  17955  16661 ] [ 0 ],0.90,0.90,0.90,0.90,-10.35,17.01,0.00,1.10,1.10,1.10,1.10,-0.54,13.02,0.00,0.00,0.00,0.00,1.10,0.00,0.00,0.00,0
1.59082,-11,18,120,0,DRIVE [ 52 ] [ 1 ] [ 1683 1419 1924 ] [    0    0    0 ] [      0      0      0 ] [ 0 ],drive [ 52 ] [ 1 ] [ 1686 1413 1924 ] [   30   57   11 ] [  10853  18049  16661 ] [ 0 ],0.90,0.90,0.90,0.90,-9.66,16.14,0.00,1.10,1.10,1.10,1.10,-0.71,13.40,0.00,0.00,0.00,0.00,1.10,0.00,0.00,0.00,0
1.60138,-10,17,118,0,DRIVE [ 53 ] [ 1 ] [ 1683 1422 1924 ] [    0    0    0 ] [      0      0      0 ] [ 1 ],drive [ 52 ] [ 1 ] [ 1683 1419 1924 ] [   32   51   12 ] [  10853  18049  16661 ] [ 0 ],0.90,0.90,0.90,0.90,-9.22,15.20,0.00,1.10,1.10,1.10,1.10,-0.88,13.75,0.00,0.00,0.00,0.00,1.10,0.00,0.00,0.00,0
1.61193,-10,16,116,0,DRIVE [ 53 ] [ 1 ] [ 1686 1424 1924 ] [    0    0    0 ] [      0      0      0 ] [ 1 ],drive [ 53 ] [ 1 ] [ 1683 1422 1924 ] [   32   51   12 ] [  10853  18049  16661 ] [ 1 ],0.90,0.90,0.90,0.90,-8.89,14.18,0.00,1.10,1.10,1.10,1.10,-1.05,14.08,0.00,0.00,0.00,0.00,1.10,0.00,0.00,0.00,0
1.62194,-10,15,114,0,DRIVE [ 54 ] [ 1 ] [ 1690 1425 1924 ] [    0    0    0 ] [      0      0      0 ] [ 1 ],drive [ 53 ] [ 1 ] [ 1686 1424 1924 ] [   32   51   12 ] [  10853  18049  16661 ] [ 1 ],0.90,0.90,0.90,0.90,-8.66,13.10,0.00,1.10,1.10,1.10,1.10,-1.22,14.38,0.00,0.00,0.00,0.00,1.10,0.00,0.00,0.00,0
1.63273,-9,13,112,0,DRIVE [ 54 ] [ 1 ] [ 1696 1428 1924 ] [    0    0    0 ] [      0      0      0 ] [ 1 ],drive [ 54 ] [ 1 ] [ 1690 1425 1924 ] [   32   51   12 ] [  10853  18049  16661 ] [ 1 ],0.90,0.90,0.90,0.90,-8.43,11.95,0.00,1.10,1.10,1.10,1.10,-1.39,14.65,0.00,0.00,0.00,0.00,1.10,0.00,0.00,0.00,0
1.64465,-9,12,110,0,DRIVE [ 55 ] [ 1 ] [ 1702 1433 1924 ] [    0    0    0 ] [      0      0      0 ] [ 1 ],drive [ 54 ] [ 1 ] [ 1696 1428 1924 ] [   32   51   12 ] [  10858  18058  16661 ] [ 1 ],0.90,0.90,0.90,0.90,-8.11,10.81,0.00,1.10,1.10,1.10,1.10,-1.55,14.89,0.00,0.00,0.00,0.00,1.10,0.00,0.00,0.00,0
1.65671,-8,11,108,0,DRIVE [ 55 ] [ 1 ] [ 1705 1442 1924 ] [    0    0    0 ] [      0      0      0 ] [ 1 ],drive [ 55 ] [ 1 ] [ 1702 1433 1924 ] [   31   53   12 ] [  10858  18058  16661 ] [ 1 ],0.90,0.90,0.90,0.90,-7.59,9.68,0.00,1.10,1.10,1.10,1.10,-1.69,15.11,0.00,0.00,0.00,0.00,1.10,0.00,0.00,0.00,0
1.66873,-7,10,106,0,DRIVE [ 56 ] [ 1 ] [ 1705 1459 1924 ] [    0    0    0 ] [      0      0      0 ] [ 1 ],drive [ 55 ] [ 1 ] [ 1705 1442 1924 ] [   31   53   12 ] [  10858  18058  16661 ] [ 1 ],0.90,0.90,0.90,0.90,-6.74,8.58,0.00,1.10,1.10,1.10,1.10,-1.81,15.30,0.00,0.00,0.00,0.00,1.10,0.00,0.00,0.00,0
1.67876,-6,8,104,0,DRIVE [ 56 ] [ 1 ] [ 1700 1482 1924 ] [    0    0    0 ] [      0      0      0 ] [ 1 ],drive [ 56 ] [ 1 ] [ 1705 1459 1924 ] [   31   53   12 ] [  10858  18058  16661 ] [ 1 ],0.90,0.90,0.90,0.90,-5.57,7.57,0.00,1.10,1.10,1.10,1.10,-1.89,15.47,0.00,0.00,0.00,0.00,1.10,0.00,0.00,0.00,0
1.68848,-5,7,102,0,DRIVE [ 57 ] [ 1 ] [ 1690 1512 1924 ] [    0    0    0 ] [      0      0      0 ] [ 1 ],drive [ 56 ] [ 1 ] [ 1700 1482 1924 ] [   31   53   12 ] [  10853  18182  16659 ] [ 1 ],0.90,0.90,0.90,0.90,-4.05,6.63,0.00,1.10,1.10,1.10,1.10,-1.92,15.63,0.00,0.00,0.00,0.00,1.10,0.00,-0.00,0.00,0
1.70057,-2,6,101,0,DRIVE [ 57 ] [ 1 ] [ 1673 1549 1924 ] [    0    0    0 ] [      0      0      0 ] [ 1 ],drive [ 57 ] [ 1 ] [ 1690 1512 1924 ] [   33   58   16 ] [  10853  18182  16659 ] [ 1 ],0.90,0.90,0.90,0.90,-2.22,5.78,0.00,1.10,1.10,1.10,1.10,-1.91,15.76,0.00,0.00,0.00,0.00,1.10,0.00,-0.00,0.00,0
1.71223,0,6,99,0,DRIVE [ 58 ] [ 1 ] [ 1651 1587 1924 ] [    0    0    0 ] [      0      0      0 ] [ 1 ],drive [ 57 ] [ 1 ] [ 1673 1549 1924 ] [   33   58   16 ] [  10853  18182  16659 ] [ 1 ],0.90,0.90,0.90,0.90,-0.23,5.03,0.00,1.10,1.10,1.10,1.10,-1.85,15.87,0.00,0.00,0.00,0.00,1.10,0.00,-0.00,0.00,0
1.72448,2,5,97,0,DRIVE [ 58 ] [ 1 ] [ 1619 1625 1924 ] [    0    0    0 ] [      0      0      0 ] [ 1 ],drive [ 58 ] [ 1 ] [ 1651 1587 1924 ] [   33   58   16 ] [  10853  18182  16659 ] [ 1 ],0.90,0.90,0.90,0.90,1.92,4.38,0.00,1.10,1.10,1.10,1.10,-1.74,15.98,0.00,0.00,0.00,0.00,1.10,-0.00,-0.00,0.00,0
1.73431,5,4,95,0,DRIVE [ 59 ] [ 1 ] [ 1579 1662 1924 ] [    0    0    0 ] [      0      0      0 ] [ 1 ],drive [ 58 ] [ 1 ] [ 1619 1625 1924 ] [   33   58   16 ] [  10855  18190  16638 ] [ 1 ],0.90,0.90,0.90,0.90,4.18,3.81,0.00,1.10,1.10,1.10,1.10,-1.57,16.07,0.00,0.00,0.00,0.00,1.10,-0.00,-0.00,0.00,0
1.74435,7,4,93,0,DRIVE [ 59 ] [ 1 ] [ 1526 1697 1924 ] [    0    0    0 ] [      0      0      0 ] [ 1 ],drive [ 59 ] [ 1 ] [ 1579 1662 1924 ] [   33   58   16 ] [  10855  18190  16638 ] [ 1 ],0.90,0.90,0.90,0.90,6.58,3.39,0.00,1.10,1.10,1.10,1.10,-1.35,16.16,0.00,0.00,0.00,0.00,1.10,-0.00,-0.00,0.00,0
1.75634,10,3,91,0,DRIVE [ 60 ] [ 1 ] [ 1459 1731 1924 ] [    0    0    0 ] [      0      0      0 ] [ 1 ],drive [ 59 ] [ 1 ] [ 1526 1697 1924 ] [   36   31   21 ] [  10855  18190  16638 ] [ 1 ],0.90,0.90,0.90,0.90,9.07,3.03,0.00,1.10,1.10,1.10,1.10,-1.06,16.24,0.00,0.00,0.00,0.00,1.10,0.00,0.00,0.00,0
1.76817,13,3,89,0,DRIVE [ 60 ] [ 1 ] [ 1380 1762 1924 ] [    0    0    0 ] [      0      0      0 ] [ 1 ],drive [ 60 ] [ 1 ] [ 1459 1731 1924 ] [   36   31   21 ] [  10855  18190  16638 ] [ 1 ],0.90,0.90,0.90,0.90,11.55,2.78,0.00,1.10,1.10,1.10,1.10,-0.72,16.31,0.00,0.00,0.00,0.00,1.10,0.00,0.00,0.00,0
1.78005,16,3,87,0,DRIVE [ 61 ] [ 1 ] [ 1289 1791 1924 ] [    0    0    0 ] [      0      0      0 ] [ 1 ],drive [ 60 ] [ 1 ] [ 1380 1762 1924 ] [   36   31   21 ] [  10855  18190  16638 ] [ 1 ],0.90,0.90,0.90,0.90,13.97,2.56,0.00,1.10,1.10,1.10,1.10,-0.33,16.39,0.00,0.00,0.00,0.00,1.10,0.00,0.00,0.00,0
1.79218,18,3,85,0,DRIVE [ 61 ] [ 1 ] [ 1230 1818 1924 ] [    0    0    0 ] [      0      0      0 ] [ 1 ],drive [ 61 ] [ 1 ] [ 1289 1791 1924 ] [   36   31   21 ] [  10905  18116  16638 ] [ 1 ],0.90,0.90,0.90,0.90,16.28,2.41,0.00,1.10,1.10,1.10,1.10,0.12,16.45,0.00,0.00,0.00,0.00,1.10,0.00,0.00,0.00,0
1.80198,21,3,83,0,DRIVE [ 62 ] [ 1 ] [ 1230 1845 1924 ] [    0    0    0 ] [      0      0      0 ] [ 0 ],drive [ 61 ] [ 1 ] [ 1230 1818 1924 ] [   83   16   22 ] [  10905  18116  16638 ] [ 1 ],0.90,0.90,0.90,0.90,18.45,2.30,0.00,1.10,1.10,1.10,1.10,0.61,16.52,0.00,0.00,0.00,0.00,1.10,0.00,0.00,0.00,0
1.81218,23,2,80,0,DRIVE [ 62 ] [ 1 ] [ 1230 1870 1924 ] [    0    0    0 ] [      0      0      0 ] [ 0 ],drive [ 62 ] [ 1 ] [ 1230 1845 1924 ] [   83   16   22 ] [  10905  18116  16638 ] [ 0 ],0.90,0.90,0.90,0.90,20.36,2.19,0.00,1.10,1.10,1.10,1.10,1.13,16.58,0.00,0.00,0.00,0.00,1.10,0.00,0.00,0.00,0
1.82413,24,2,78,0,DRIVE [ 63 ] [ 1 ] [ 1230 1893 1924 ] [    0    0    0 ] [      0      0      0 ] [ 0 ],drive [ 62 ] [ 1 ] [ 1230 1870 1924 ] [   83   16   22 ] [  10905  18116  16638 ] [ 0 ],0.90,0.90,0.90,0.90,21.90,2.00,0.00,1.10,1.10,1.10,1.10,1.69,16.64,0.00,0.00,0.00,0.00,1.10,0.00,0.00,0.00,0
1.83618,26,2,76,0,DRIVE [ 63 ] [ 1 ] [ 1230 1913 1924 ] [    0    0    0 ] [      0      0      0 ] [ 0 ],drive [ 63 ] [ 1 ] [ 1230 1893 1924 ] [   83   16   22 ] [  11345  17789  16629 ] [ 0 ],0.90,0.90,0.90,0.90,22.98,1.82,0.00,1.10,1.10,1.10,1.10,2.26,16.69,0.00,0.00,0.00,0.00,1.10,0.00,0.00,0.00,0
1.84799,26,2,74,0,DRIVE [ 64 ] [ 1 ] [ 1230 1913 1925 ] [    0    0    0 ] [      0      0      0 ] [ 0 ],drive [ 63 ] [ 1 ] [ 1230 1913 1924 ] [   83   16   22 ] [  11345  17789  16629 ] [ 0 ],0.90,0.90,0.90,0.90,23.62,1.71,0.00,1.10,1.10,1.10,1.10,2.83,16.74,0.00,0.00,0.00,0.00,1.10,0.00,0.00,0.00,0
1.86007,27,2,73,0,DRIVE [ 64 ] [ 1 ] [ 1230 1913 1916 ] [    0    0    0 ] [      0      0      0 ] [ 0 ],drive [ 64 ] [ 1 ] [ 1230 1913 1925 ] [   83   11    9 ] [  11345  17789  16629 ] [ 0 ],0.90,0.90,0.90,0.90,23.93,1.66,0.00,1.10,1.10,1.10,1.10,3.40,16.79,0.00,0.00,0.00,0.00,1.10,0.00,0.00,0.00,0
1.86996,27,2,71,0,DRIVE [ 65 ] [ 1 ] [ 1230 1913 1911 ] [    0    0    0 ] [      0      0      0 ] [ 0 ],drive [ 64 ] [ 1 ] [ 1230 1913 1916 ] [   83   11    9 ] [  11345  17789  16629 ] [ 0 ],0.90,0.90,0.90,0.90,23.97,1.70,0.00,1.10,1.10,1.10,1.10,3.97,16.84,0.00,0.00,0.00,0.00,1.10,0.00,0.00,0.00,0
1.8799,27,2,69,0,DRIVE [ 65 ] [ 1 ] [ 1230 1913 1908 ] [    0    0    0 ] [      0      0      0 ] [ 0 ],drive [ 65 ] [ 1 ] [ 1230 1913 1911 ] [   83   11    9 ] [  11345  17789  16629 ] [ 0 ],0.90,0.90,0.90,0.90,23.94,1.83,0.00,1.10,1.10,1.10,1.10,4.53,16.90,0.00,0.00,0.00,0.00,1.10,0.00,0.00,0.00,0
1.89179,27,2,67,0,DRIVE [ 66 ] [ 1 ] [ 1230 1913 1904 ] [    0    0    0 ] [      0      0      0 ] [ 0 ],drive [ 65 ] [ 1 ] [ 1230 1913 1908 ] [   83   11    9 ] [  11586  17329  16550 ] [ 0 ],0.90,0.90,0.90,0.90,23.96,1.96,0.00,1.10,1.10,1.10,1.10,5.09,16.96,0.00,0.00,0.00,0.00,1.10,0.00,0.00,0.00,0
1.90405,27,2,65,0,DRIVE [ 66 ] [ 1 ] [ 1230 1913 1898 ] [    0    0    0 ] [      0      0      0 ] [ 0 ],drive [ 66 ] [ 1 ] [ 1230 1913 1904 ] [   66   23   20 ] [  11586  17329  16550 ] [ 0 ],0.90,0.90,0.90,0.90,24.09,2.03,0.00,1.10,1.10,1.10,1.10,5.67,17.02,0.00,0.00,0.00,0.00,1.10,0.00,0.00,0.00,0
1.91607,27,2,63,0,DRIVE [ 67 ] [ 1 ] [ 1230 1913 1889 ] [    0    0    0 ] [      0      0      0 ] [ 0 ],drive [ 66 ] [ 1 ] [ 1230 1913 1898 ] [   66   23   20 ] [  11586  17329  16550 ] [ 0 ],0.90,0.90,0.90,0.90,24.36,2.03,0.00,1.10,1.10,1.10,1.10,6.26,17.08,0.00,0.00,0.00,0.00,1.10,0.00,0.00,0.00,0
1.92542,27,2,61,0,DRIVE [ 67 ] [ 1 ] [ 1230 1913 1878 ] [    0    0    0 ] [      0      0      0 ] [ 0 ],drive [ 67 ] [ 1 ] [ 1230 1913 1889 ] [   66   23   20 ] [  11586  17329  16550 ] [ 0 ],0.90,0.90,0.90,0.90,24.68,2.02,0.00,1.10,1.10,1.10,1.10,6.85,17.13,0.00,0.00,0.00,0.00,1.10,0.00,0.00,0.00,0
1.93608,28,2,59,0,DRIVE [ 68 ] [ 1 ] [ 1230 1913 1868 ] [    0    0    0 ] [      0      0      0 ] [ 0 ],drive [ 67 ] [ 1 ] [ 1230 1913 1878 ] [   66   23   20 ] [  11587  17311  16537 ] [ 0 ],0.90,0.90,0.90,0.90,24.92,1.98,0.00,1.10,1.10,1.10,1.10,7.41,17.18,0.00,0.00,0.00,0.00,1.10,0.00,0.00,0.00,0
1.94797,28,2,57,0,DRIVE [ 68 ] [ 1 ] [ 1230 1913 1858 ] [    0    0    0 ] [      0      0      0 ] [ 0 ],drive [ 68 ] [ 1 ] [ 1230 1913 1868 ] [   66   23   20 ] [  11587  17311  16537 ] [ 0 ],0.90,0.90,0.90,0.90,25.07,1.94,0.00,1.10,1.10,1.10,1.10,8.02,17.24,0.00,0.00,0.00,0.00,1.10,0.00,0.00,0.00,0
1.95974,28,2,56,0,DRIVE [ 69 ] [ 1 ] [ 1230 1913 1848 ] [    0    0    0 ] [      0      0      0 ] [ 0 ],drive [ 68 ] [ 1 ] [ 1230 1913 1858 ] [   74   22   28 ] [  11587  17311  16537 ] [ 0 ],0.90,0.90,0.90,0.90,25.09,1.85,0.00,1.10,1.10,1.10,1.10,8.62,17.29,0.00,0.00,0.00,0.00,1.10,0.00,0.00,0.00,0
1.97209,28,2,54,0,DRIVE [ 69 ] [ 1 ] [ 1230 1913 1839 ] [    0    0    0 ] [      0      0      0 ] [ 0 ],drive [ 69 ] [ 1 ] [ 1230 1913 1848 ] [   74   22   28 ] [  11587  17311  16537 ] [ 0 ],0.90,0.90,0.90,0.90,25.02,1.72,0.00,1.10,1.10,1.10,1.10,9.21,17.33,0.00,0.00,0.00,0.00,1.10,0.00,0.00,0.00,0
1.98409,28,2,52,0,DRIVE [ 70 ] [ 1 ] [ 1230 1913 1831 ] [    0    0    0 ] [      0      0      0 ] [ 0 ],drive [ 69 ] [ 1 ] [ 1230 1913 1839 ] [   74   22   28 ] [  11587  17311  16537 ] [ 0 ],0.90,0.90,0.90,0.90,24.85,1.62,0.00,1.10,1.10,1.10,1.10,9.80,17.37,0.00,0.00,0.00,0.00,1.10,0.00,0.00,0.00,0
1.99377,27,2,51,0,DRIVE [ 70 ] [ 1 ] [ 1230 1913 1824 ] [    0    0    0 ] [      0      0      0 ] [ 0 ],drive [ 70 ] [ 1 ] [ 1230 1913 1831 ] [   74   22   28 ] [  11608  17309  16490 ] [ 0 ],0.90,0.90,0.90,0.90,24.55,1.52,0.00,1.10,1.10,1.10,1.10,10.38,17.41,0.00,0.00,0.00,0.00,1.10,0.00,0.00,0.00,0
2.00529,27,2,49,0,DRIVE [ 71 ] [ 1 ] [ 1230 1913 1821 ] [    0    0    0 ] [      0      0      0 ] [ 0 ],drive [ 70 ] [ 1 ] [ 1230 1913 1824 ] [   80   17   16 ] [  11608  17309  16490 ] [ 0 ],0.90,0.90,0.90,0.90,24.08,1.46,0.00,1.10,1.10,1.10,1.10,10.93,17.45,0.00,0.00,0.00,0.00,1.10,0.00,0.00,0.00,0
2.01596,26,2,48,0,DRIVE [ 71 ] [ 1 ] [ 1230 1913 1820 ] [    0    0    0 ] [      0      0      0 ] [ 0 ],drive [ 71 ] [ 1 ] [ 1230 1913 1821 ] [   80   17   16 ] [  11608  17309  16490 ] [ 0 ],0.90,0.90,0.90,0.90,23.44,1.45,0.00,1.10,1.10,1.10,1.10,11.48,17.49,0.00,0.00,0.00,0.00,1.10,0.00,0.00,0.00,0
2.02786,25,2,47,0,DRIVE [ 72 ] [ 1 ] [ 1230 1913 1823 ] [    0    0    0 ] [      0      0      0 ] [ 0 ],drive [ 71 ] [ 1 ] [ 1230 1913 1820 ] [   80   17   16 ] [  11608  17309  16490 ] [ 0 ],0.90,0.90,0.90,0.90,22.64,1.47,0.00,1.10,1.10,1.10,1.10,12.00,17.53,0.00,0.00,0.00,0.00,1.10,0.00,0.00,0.00,0
2.04027,24,2,45,0,DRIVE [ 72 ] [ 1 ] [ 1230 1913 1831 ] [    0    0    0 ] [      0      0      0 ] [ 0 ],drive [ 72 ] [ 1 ] [ 1230 1913 1823 ] [   80   17   16 ] [  11610  17163  16490 ] [ 0 ],0.90,0.90,0.90,0.90,21.65,1.54,0.00,1.10,1.10,1.10,1.10,12.50,17.58,0.00,0.00,0.00,0.00,1.10,0.00,0.00,0.00,0
2.05218,23,2,44,0,DRIVE [ 73 ] [ 1 ] [ 1230 1913 1841 ] [    0    0    0 ] [      0      0      0 ] [ 0 ],drive [ 72 ] [ 1 ] [ 1230 1913 1831 ] [   89   19   14 ] [  11610  17163  16490 ] [ 0 ],0.90,0.90,0.90,0.90,20.55,1.61,0.00,1.10,1.10,1.10,1.10,12.97,17.62,0.00,0.00,0.00,0.00,1.10,0.00,0.00,0.00,0
2.06193,22,2,42,0,DRIVE [ 73 ] [ 1 ] [ 1230 1913 1852 ] [    0    0    0 ] [      0      0      0 ] [ 0 ],drive [ 73 ] [ 1 ] [ 1230 1913 1841 ] [   89   19   14 ] [  11610  17163  16490 ] [ 0 ],0.90,0.90,0.90,0.90,19.36,1.61,0.00,1.10,1.10,1.10,1.10,13.41,17.67,0.00,0.00,0.00,0.00,1.10,-0.00,-0.00,0.00,0
2.07212,20,2,41,0,DRIVE [ 74 ] [ 1 ] [ 1230 1913 1861 ] [    0    0    0 ] [      0      0      0 ] [ 0 ],drive [ 73 ] [ 1 ] [ 1230 1913 1852 ] [   89   19   14 ] [  11610  17163  16490 ] [ 0 ],0.90,0.90,0.90,0.90,18.13,1.54,0.00,1.10,1.10,1.10,1.10,13.81,17.70,0.00,0.00,0.00,0.00,1.10,-0.00,-0.00,0.00,0
2.08583,19,2,40,0,DRIVE [ 74 ] [ 1 ] [ 1230 1913 1871 ] [    0    0    0 ] [      0      0      0 ] [ 1 ],drive [ 74 ] [ 1 ] [ 1230 1913 1861 ] [   89   19   14 ] [  11610  17163  16490 ] [ 0 ],0.90,0.90,0.90,0.90,16.82,1.39,0.00,1.10,1.10,1.10,1.10,14.19,17.74,0.00,0.00,0.00,0.00,1.10,-0.00,-0.00,0.00,0
2.09589,17,1,39,0,DRIVE [ 75 ] [ 1 ] [ 1230 1913 1880 ] [    0    0    0 ] [      0      0      0 ] [ 1 ],drive [ 74 ] [ 1 ] [ 1230 1913 1871 ] [   89   19   14 ] [  11770  17099  16381 ] [ 1 ],0.90,0.90,0.90,0.90,15.44,1.10,0.00,1.10,1.10,1.10,1.10,14.53,17.76,0.00,0.00,0.00,0.00,1.10,-0.00,-0.00,0.00,0
2.10942,15,1,38,0,DRIVE [ 75 ] [ 1 ] [ 1230 1913 1890 ] [    0    0    0 ] [      0      0      0 ] [ 1 ],drive [ 75 ] [ 1 ] [ 1230 1913 1880 ] [   76   22   21 ] [  11770  17099  16381 ] [ 1 ],0.90,0.90,0.90,0.90,13.94,0.80,0.00,1.10,1.10,1.10,1.10,14.84,17.78,0.00,0.00,0.00,0.00,1.10,-0.00,-0.00,0.00,0
2.11926,14,1,37,0,DRIVE [ 76 ] [ 1 ] [ 1230 1913 1902 ] [    0    0    0 ] [      0      0      0 ] [ 1 ],drive [ 75 ] [ 1 ] [ 1230 1913 1890 ] [   76   22   21 ] [  11770  17099  16381 ] [ 1 ],0.90,0.90,0.90,0.90,12.37,0.45,0.00,1.10,1.10,1.10,1.10,15.11,17.78,0.00,0.00,0.00,0.00,1.10,-0.00,-0.00,0.00,0
2.129,12,0,36,0,DRIVE [ 76 ] [ 1 ] [ 1230 1913 1915 ] [    0    0    0 ] [      0      0      0 ] [ 1 ],drive [ 76 ] [ 1 ] [ 1230 1913 1902 ] [   76   22   21 ] [  11770  17099  16381 ] [ 1 ],0.90,0.90,0.90,0.90,10.77,0.06,0.00,1.10,1.10,1.10,1.10,15.33,17.78,0.00,0.00,0.00,0.00,1.10,-0.00,-0.00,0.00,0
2.13998,10,0,35,0,DRIVE [ 77 ] [ 1 ] [ 1230 1920 1915 ] [    0    0    0 ] [      0      0      0 ] [ 1 ],drive [ 76 ] [ 1 ] [ 1230 1913 1915 ] [   76   22   21 ] [  11829  17034  16241 ] [ 1 ],0.90,0.90,0.90,0.90,9.14,-0.31,0.00,1.10,1.10,1.10,1.10,15.52,17.76,0.00,0.00,0.00,0.00,1.10,-0.00,0.00,0.00,0
2.15227,8,-1,34,0,DRIVE [ 77 ] [ 1 ] [ 1230 1900 1915 ] [    0    0    0 ] [      0      0      0 ] [ 1 ],drive [ 77 ] [ 1 ] [ 1230 1920 1915 ] [   75   21   23 ] [  11829  17034  16241 ] [ 1 ],0.90,0.90,0.90,0.90,7.47,-0.69,0.00,1.10,1.10,1.10,1.10,15.67,17.74,0.00,0.00,0.00,0.00,1.10,-0.00,0.00,0.00,0
2.16409,6,-1,33,0,DRIVE [ 78 ] [ 1 ] [ 1230 1877 1915 ] [    0    0    0 ] [      0      0      0 ] [ 1 ],drive [ 77 ] [ 1 ] [ 1230 1900 1915 ] [   75   21   23 ] [  11829  17034  16241 ] [ 1 ],0.90,0.90,0.90,0.90,5.83,-1.05,0.00,1.10,1.10,1.10,1.10,15.78,17.71,0.00,0.00,0.00,0.00,1.10,-0.00,0.00,0.00,0
2.17588,5,-2,32,0,DRIVE [ 78 ] [ 1 ] [ 1230 1854 1915 ] [    0    0    0 ] [      0      0      0 ] [ 1 ],drive [ 78 ] [ 1 ] [ 1230 1877 1915 ] [   75   21   23 ] [  11829  17034  16241 ] [ 1 ],0.90,0.90,0.90,0.90,4.26,-1.39,0.00,1.10,1.10,1.10,1.10,15.86,17.68,0.00,0.00,0.00,0.00,1.10,-0.00,0.00,0.00,0
2.18574,3,-2,31,0,DRIVE [ 79 ] [ 1 ] [ 1230 1830 1915 ] [    0    0    0 ] [      0      0      0 ] [ 1 ],drive [ 78 ] [ 1 ] [ 1230 1854 1915 ] [   75   21   23 ] [  11830  16970  16091 ] [ 1 ],0.90,0.90,0.90,0.90,2.80,-1.71,0.00,1.10,1.10,1.10,1.10,15.91,17.63,0.00,0.00,0.00,0.00,1.10,-0.00,0.00,0.00,0
2.19634,2,-2,30,0,DRIVE [ 79 ] [ 1 ] [ 1230 1806 1915 ] [    0    0    0 ] [      0      0      0 ] [ 1 ],drive [ 79 ] [ 1 ] [ 1230 1830 1915 ] [   75   21   23 ] [  11830  16970  16091 ] [ 1 ],0.90,0.90,0.90,0.90,1.45,-2.03,0.00,1.10,1.10,1.10,1.10,15.93,17.58,0.00,0.00,0.00,0.00,1.10,-0.00,0.00,0.00,0
2.20797,0,-3,29,0,DRIVE [ 80 ] [ 1 ] [ 1230 1781 1915 ] [    0    0    0 ] [      0      0      0 ] [ 1 ],drive [ 79 ] [ 1 ] [ 1230 1806 1915 ] [   75   27   22 ] [  11830  16970  16091 ] [ 1 ],0.90,0.90,0.90,0.90,0.15,-2.32,0.00,1.10,1.10,1.10,1.10,15.92,17.52,0.00,0.00,0.00,0.00,1.10,0.00,0.00,0.00,0
2.22123,-1,-3,28,0,DRIVE [ 80 ] [ 1 ] [ 1230 1753 1915 ] [    0    0    0 ] [      0      0      0 ] [ 1 ],drive [ 80 ] [ 1 ] [ 1230 1781 1915 ] [   75   27   22 ] [  11830  16970  16091 ] [ 1 ],0.90,0.90,0.90,0.90,-1.09,-2.55,0.00,1.10,1.10,1.10,1.10,15.88,17.46,0.00,0.00,0.00,0.00,1.10,0.00,0.00,0.00,0
2.23225,-3,-3,28,0,DRIVE [ 81 ] [ 1 ] [ 1230 1721 1915 ] [    0    0    0 ] [      0      0      0 ] [ 1 ],drive [ 80 ] [ 1 ] [ 1230 1753 1915 ] [   75   27   22 ] [  11830  16970  16091 ] [ 1 ],0.90,0.90,0.90,0.90,-2.26,-2.74,0.00,1.10,1.10,1.10,1.10,15.82,17.39,0.00,0.00,0.00,0.00,1.10,0.00,0.00,0.00,0
2.24504,-4,-3,27,1,DRIVE [ 81 ] [ 1 ] [ 1230 1690 1915 ] [    0    0    0 ] [      0      0      0 ] [ 1 ],drive [ 81 ] [ 1 ] [ 1230 1721 1915 ] [   75   27   22 ] [  11830  17026  16052 ] [ 1 ],0.90,0.90,0.90,0.90,-3.28,-2.87,0.00,1.10,1.10,1.10,1.10,15.73,17.33,0.00,0.00,0.00,0.00,1.10,0.00,0.00,0.00,0
