timestamp,Xmm,Ymm,Zmm,TouchDetected,OutgoingPacket,IncomingPacket,GainPropAb, GainPropAd, GainPropFl, GainPropEx,PropA, PropB, PropC,GainIntegAb, GainIntegAd, GainIntegFl, GainIntegEx,IntegA, IntegB, IntegC,GainDerivAb, GainDerivAd, GainDerivFl, GainDerivEx,DerivA, DerivB, DerivC,Heading5
1.92726,-141,18,696,1,DRIVE [ 94 ] [ 1 ] [ 1729 1571 1486 ] [    0    0    0 ] [      0      0      0 ] [ 1 ],drive [ 93 ] [ 1 ] [ 1729 1654 1544 ] [   20   23   12 ] [  15138  14920  14695 ] [ 1 ],0.90,0.90,0.90,0.90,-6.16,-4.19,0.00,0.00,0.00,0.00,0.00,0.00,0.00,0.00,0.06,0.06,0.06,0.00,0.00,0.00,0.00,0
0.00140467,-141,18,696,0,DRIVE [ 16 ] [ 1 ] [ 1924 1926 1926 ] [    0    0    0 ] [      0      0      0 ] [ 0 ],drive [ 16 ] [ 1 ] [ 1924 1551 1820 ] [   16   40   12 ] [   8574  19639  17949 ] [ 0 ],0.90,0.90,0.90,0.90,-102.60,13.38,0.00,0.00,0.00,0.00,0.00,-0.00,0.00,0.00,0.06,0.06,0.06,0.00,0.00,0.00,0.00,0
0.0184026,-137,21,681,0,DRIVE [ 17 ] [ 1 ] [ 1924 1919 1924 ] [    0    0    0 ] [      0      0      0 ] [ 0 ],drive [ 16 ] [ 1 ] [ 1924 1926 1926 ] [   16   35   11 ] [   8574  19639  17949 ] [ 0 ],0.90,0.90,0.90,0.90,-123.64,18.84,0.00,0.00,0.00,0.00,0.00,0.00,0.00,0.00,0.06,0.06,0.06,0.00,0.00,0.00,0.00,0
0.0361897,-142,22,702,0,DRIVE [ 17 ] [ 1 ] [ 1924 1912 1922 ] [    0    0    0 ] [      0      0      0 ] [ 0 ],drive [ 17 ] [ 1 ] [ 1924 1919 1924 ] [   16   35   11 ] [   8574  19639  17949 ] [ 0 ],0.90,0.90,0.90,0.90,-127.59,19.68,0.00,0.00,0.00,0.00,0.00,0.00,0.00,0.00,0.06,0.06,0.06,0.00,0.00,0.00,0.00,0
0.0538145,-142,23,704,0,DRIVE [ 18 ] [ 1 ] [ 1924 1904 1920 ] [    0    0    0 ] [      0      0      0 ] [ 0 ],drive [ 17 ] [ 1 ] [ 1924 1912 1922 ] [   16   35   11 ] [   8575  19436  17885 ] [ 0 ],0.90,0.90,0.90,0.90,-127.79,20.26,0.00,0.00,0.00,0.00,0.00,0.00,0.00,0.00,0.06,0.06,0.06,0.00,0.00,0.00,0.00,0
0.0690808,-141,23,698,0,DRIVE [ 18 ] [ 1 ] [ 1924 1897 1918 ] [    0    0    0 ] [      0      0      0 ] [ 0 ],drive [ 18 ] [ 1 ] [ 1924 1904 1920 ] [   16   24   14 ] [   8575  19436  17885 ] [ 0 ],0.90,0.90,0.90,0.90,-126.68,20.68,0.00,0.00,0.00,0.00,0.00,0.00,0.00,0.00,0.06,0.06,0.06,0.00,0.03,-0.00,0.00,0
0.0844341,-139,24,692,0,DRIVE [ 19 ] [ 1 ] [ 1924 1890 1917 ] [    0    0    0 ] [      0      0      0 ] [ 0 ],drive [ 18 ] [ 1 ] [ 1924 1897 1918 ] [   16   24   14 ] [   8575  19436  17885 ] [ 0 ],0.90,0.90,0.90,0.90,-125.48,21.16,0.00,0.00,0.00,0.00,0.00,0.00,0.00,0.00,0.06,0.06,0.06,0.00,0.09,-0.01,0.00,0
0.0994243,-141,24,689,0,DRIVE [ 19 ] [ 1 ] [ 1924 1883 1915 ] [    0    0    0 ] [      0      0      0 ] [ 0 ],drive [ 19 ] [ 1 ] [ 1924 1890 1917 ] [   16   24   14 ] [   8576  19217  17866 ] [ 0 ],0.90,0.90,0.90,0.90,-127.29,21.80,0.00,0.00,0.00,0.00,0.00,0.00,0.00,0.00,0.06,0.06,0.06,0.00,0.00,0.00,0.00,0
0.114383,-143,24,682,0,DRIVE [ 20 ] [ 1 ] [ 1924 1875 1913 ] [    0    0    0 ] [      0      0      0 ] [ 0 ],drive [ 19 ] [ 1 ] [ 1924 1883 1915 ] [   16    9   15 ] [   8576  19217  17866 ] [ 0 ],0.90,0.90,0.90,0.90,-128.66,21.92,0.00,0.00,0.00,0.00,0.00,0.00,0.00,0.00,0.06,0.06,0.06,0.00,0.00,0.00,0.00,0
0.131026,-145,25,683,0,DRIVE [ 20 ] [ 1 ] [ 1924 1868 1911 ] [    0    0    0 ] [      0      0      0 ] [ 0 ],drive [ 20 ] [ 1 ] [ 1924 1875 1913 ] [   16    9   15 ] [   8576  19217  17866 ] [ 0 ],0.90,0.90,0.90,0.90,-130.90,22.26,0.00,0.00,0.00,0.00,0.00,0.00,0.00,0.00,0.06,0.06,0.06,0.00,0.00,0.00,0.00,0
0.146704,-145,25,676,0,DRIVE [ 21 ] [ 1 ] [ 1924 1859 1909 ] [    0    0    0 ] [      0      0      0 ] [ 0 ],drive [ 20 ] [ 1 ] [ 1924 1868 1911 ] [   16    9   15 ] [   8576  19217  17865 ] [ 0 ],0.90,0.90,0.90,0.90,-130.77,22.51,0.00,0.00,0.00,0.00,0.00,0.00,0.00,0.00,0.06,0.06,0.06,0.00,0.00,0.00,0.00,0
0.161735,49,-88,710,0,DRIVE [ 21 ] [ 1 ] [ 1912 1859 1880 ] [    0    0    0 ] [      0      0      0 ] [ 0 ],drive [ 21 ] [ 1 ] [ 1924 1859 1909 ] [   15   10   15 ] [   8576  19217  17865 ] [ 0 ],0.90,0.90,0.90,0.90,43.85,-79.12,0.00,0.00,0.00,0.00,0.00,0.00,0.00,0.00,0.06,0.06,0.06,0.00,0.00,0.00,0.00,0
0.17802,49,-88,710,0,DRIVE [ 22 ] [ 1 ] [ 1913 1859 1884 ] [    0    0    0 ] [      0      0      0 ] [ 0 ],drive [ 21 ] [ 1 ] [ 1912 1859 1880 ] [   15   10   15 ] [   8576  19217  17865 ] [ 0 ],0.90,0.90,0.90,0.90,39.47,-71.21,0.00,0.00,0.00,0.00,0.00,0.00,0.00,0.00,0.06,0.06,0.06,0.00,0.00,0.00,0.00,0
0.196267,54,-87,707,0,DRIVE [ 22 ] [ 1 ] [ 1907 1859 1871 ] [    0    0    0 ] [      0      0      0 ] [ 0 ],drive [ 22 ] [ 1 ] [ 1913 1859 1884 ] [   15   10   15 ] [   8576  19217  17865 ] [ 0 ],0.90,0.90,0.90,0.90,48.69,-78.26,0.00,0.00,0.00,0.00,0.00,0.00,0.00,0.00,0.06,0.06,0.06,0.00,0.00,0.00,0.00,0
0.212137,61,-85,704,0,DRIVE [ 23 ] [ 1 ] [ 1902 1859 1867 ] [    0    0    0 ] [      0      0      0 ] [ 0 ],drive [ 22 ] [ 1 ] [ 1907 1859 1871 ] [   14    9    5 ] [   8579  19210  17864 ] [ 0 ],0.90,0.90,0.90,0.90,54.63,-76.91,0.00,0.00,0.00,0.00,0.00,0.00,0.00,0.00,0.06,0.06,0.06,0.00,0.00,0.00,0.00,0
0.226537,61,-85,704,0,DRIVE [ 23 ] [ 1 ] [ 1905 1859 1872 ] [    0    0    0 ] [      0      0      0 ] [ 0 ],drive [ 23 ] [ 1 ] [ 1902 1859 1867 ] [   14    9    5 ] [   8579  19210  17864 ] [ 0 ],0.90,0.90,0.90,0.90,49.16,-69.22,0.00,0.00,0.00,0.00,0.00,0.00,0.00,0.00,0.06,0.06,0.06,0.00,0.00,0.00,0.00,0
0.241057,64,-84,696,0,DRIVE [ 24 ] [ 1 ] [ 1897 1859 1858 ] [    0    0    0 ] [      0      0      0 ] [ 0 ],drive [ 23 ] [ 1 ] [ 1905 1859 1872 ] [   14    9    5 ] [   8579  19210  17864 ] [ 0 ],0.90,0.90,0.90,0.90,57.87,-75.91,0.00,0.00,0.00,0.00,0.00,0.00,0.00,0.00,0.06,0.06,0.06,0.00,0.00,0.00,0.00,0
0.25653,69,-84,694,0,DRIVE [ 24 ] [ 1 ] [ 1893 1859 1854 ] [    0    0    0 ] [      0      0      0 ] [ 0 ],drive [ 24 ] [ 1 ] [ 1897 1859 1858 ] [   14    9    5 ] [   8610  18988  17746 ] [ 0 ],0.90,0.90,0.90,0.90,62.11,-75.46,0.00,0.00,0.00,0.00,0.00,0.00,0.00,0.00,0.06,0.06,0.06,0.00,0.00,0.00,0.00,0
0.271159,72,-83,685,0,DRIVE [ 25 ] [ 1 ] [ 1888 1859 1849 ] [    0    0    0 ] [      0      0      0 ] [ 0 ],drive [ 24 ] [ 1 ] [ 1893 1859 1854 ] [    4   27    4 ] [   8610  18988  17746 ] [ 0 ],0.90,0.90,0.90,0.90,64.76,-74.61,0.00,0.00,0.00,0.00,0.00,0.00,0.00,0.00,0.06,0.06,0.06,0.00,0.00,0.00,0.00,0
0.285964,76,-83,681,0,DRIVE [ 25 ] [ 1 ] [ 1884 1859 1844 ] [    0    0    0 ] [      0      0      0 ] [ 0 ],drive [ 25 ] [ 1 ] [ 1888 1859 1849 ] [    4   27    4 ] [   8610  18988  17746 ] [ 0 ],0.90,0.90,0.90,0.90,68.28,-74.47,0.00,0.00,0.00,0.00,0.00,0.00,0.00,0.00,0.06,0.06,0.06,0.00,0.00,0.00,0.00,0
0.300304,78,-81,672,0,DRIVE [ 26 ] [ 1 ] [ 1879 1859 1840 ] [    0    0    0 ] [      0      0      0 ] [ 0 ],drive [ 25 ] [ 1 ] [ 1884 1859 1844 ] [    4   27    4 ] [   8607  18303  17685 ] [ 0 ],0.90,0.90,0.90,0.90,70.64,-73.28,0.00,0.00,0.00,0.00,0.00,0.00,0.00,0.00,0.06,0.06,0.06,0.00,0.00,0.00,0.00,0
0.317333,80,-78,661,0,DRIVE [ 26 ] [ 1 ] [ 1875 1859 1837 ] [    0    0    0 ] [      0      0      0 ] [ 0 ],drive [ 26 ] [ 1 ] [ 1879 1859 1840 ] [    4   28   20 ] [   8607  18303  17685 ] [ 0 ],0.90,0.90,0.90,0.90,71.96,-70.18,0.00,0.00,0.00,0.00,0.00,0.00,0.00,0.00,0.06,0.06,0.06,0.00,0.00,0.00,0.00,0
0.332677,80,-74,648,0,DRIVE [ 27 ] [ 1 ] [ 1870 1859 1835 ] [    0    0    0 ] [      0      0      0 ] [ 0 ],drive [ 26 ] [ 1 ] [ 1875 1859 1837 ] [    4   28   20 ] [   8607  18303  17685 ] [ 0 ],0.90,0.90,0.90,0.90,72.25,-66.29,0.00,0.00,0.00,0.00,0.00,0.00,0.00,0.00,0.06,0.06,0.06,0.00,-0.08,0.07,0.00,0
0.349408,81,-69,643,0,DRIVE [ 27 ] [ 1 ] [ 1867 1859 1835 ] [    0    0    0 ] [      0      0      0 ] [ 0 ],drive [ 27 ] [ 1 ] [ 1870 1859 1835 ] [    4   28   20 ] [   8637  18079  17685 ] [ 0 ],0.90,0.90,0.90,0.90,72.56,-62.42,0.00,0.00,0.00,0.00,0.00,0.00,0.00,0.00,0.06,0.06,0.06,0.00,-0.39,0.34,0.00,0
0.364137,80,-64,635,0,DRIVE [ 28 ] [ 1 ] [ 1863 1859 1836 ] [    0    0    0 ] [      0      0      0 ] [ 0 ],drive [ 27 ] [ 1 ] [ 1867 1859 1835 ] [   28   15   20 ] [   8637  18079  17685 ] [ 0 ],0.90,0.90,0.90,0.90,72.11,-57.61,0.00,0.00,0.00,0.00,0.00,0.00,0.00,0.00,0.06,0.06,0.06,0.00,-0.92,0.74,0.00,0
0.378768,80,-57,624,0,DRIVE [ 28 ] [ 1 ] [ 1858 1859 1839 ] [    0    0    0 ] [      0      0      0 ] [ 0 ],drive [ 28 ] [ 1 ] [ 1863 1859 1836 ] [   28   15   20 ] [   8637  18079  17685 ] [ 0 ],0.90,0.90,0.90,0.90,72.26,-51.54,0.00,0.00,0.00,0.00,0.00,0.00,0.00,0.00,0.06,0.06,0.06,0.00,-1.47,1.05,0.00,0
0.392746,82,-51,616,0,DRIVE [ 29 ] [ 1 ] [ 1853 1859 1841 ] [    0    0    0 ] [      0      0      0 ] [ 0 ],drive [ 28 ] [ 1 ] [ 1858 1859 1839 ] [   28   15   20 ] [   8637  18079  17685 ] [ 0 ],0.90,0.90,0.90,0.90,73.43,-46.28,0.00,0.00,0.00,0.00,0.00,0.00,0.00,0.00,0.06,0.06,0.06,0.00,-1.68,1.06,0.00,0
0.406881,85,-45,606,0,DRIVE [ 29 ] [ 1 ] [ 1843 1859 1841 ] [    0    0    0 ] [      0      0      0 ] [ 0 ],drive [ 29 ] [ 1 ] [ 1853 1859 1841 ] [   28   15   20 ] [   8871  18079  17685 ] [ 0 ],0.90,0.90,0.90,0.90,76.24,-40.78,0.00,0.00,0.00,0.00,0.00,0.00,0.00,0.00,0.06,0.06,0.06,0.00,-1.37,0.73,0.00,0
0.421184,88,-40,598,0,DRIVE [ 30 ] [ 1 ] [ 1833 1859 1841 ] [    0    0    0 ] [      0      0      0 ] [ 0 ],drive [ 29 ] [ 1 ] [ 1843 1859 1841 ] [   17   15   21 ] [   8871  18079  17685 ] [ 0 ],0.90,0.90,0.90,0.90,79.25,-36.22,0.00,0.00,0.00,0.00,0.00,0.00,0.00,0.00,0.06,0.06,0.06,0.00,-0.73,0.33,0.00,0
0.435302,92,-35,589,0,DRIVE [ 30 ] [ 1 ] [ 1820 1859 1840 ] [    0    0    0 ] [      0      0      0 ] [ 0 ],drive [ 30 ] [ 1 ] [ 1833 1859 1841 ] [   17   15   21 ] [   8871  18079  17685 ] [ 0 ],0.90,0.90,0.90,0.90,82.71,-31.37,0.00,0.00,0.00,0.00,0.00,0.00,0.00,0.00,0.06,0.06,0.06,0.00,0.00,0.00,0.00,0
0.449398,95,-30,577,0,DRIVE [ 31 ] [ 1 ] [ 1807 1859 1840 ] [    0    0    0 ] [      0      0      0 ] [ 0 ],drive [ 30 ] [ 1 ] [ 1820 1859 1840 ] [   17   15   21 ] [   8866  18079  17682 ] [ 0 ],0.90,0.90,0.90,0.90,85.65,-26.85,0.00,0.00,0.00,0.00,0.00,0.00,0.00,0.00,0.06,0.06,0.06,0.00,0.00,0.00,0.00,0
0.463433,99,-26,569,0,DRIVE [ 31 ] [ 1 ] [ 1793 1859 1838 ] [    0    0    0 ] [      0      0      0 ] [ 0 ],drive [ 31 ] [ 1 ] [ 1807 1859 1840 ] [   21   15   20 ] [   8866  18079  17682 ] [ 0 ],0.90,0.90,0.90,0.90,89.18,-23.34,0.00,0.00,0.00,0.00,0.00,0.00,0.00,0.00,0.06,0.06,0.06,0.00,0.00,0.00,0.00,0
0.477422,102,-23,556,0,DRIVE [ 32 ] [ 1 ] [ 1779 1859 1836 ] [    0    0    0 ] [      0      0      0 ] [ 0 ],drive [ 31 ] [ 1 ] [ 1793 1859 1838 ] [   21   15   20 ] [   8866  18079  17682 ] [ 0 ],0.90,0.90,0.90,0.90,91.82,-20.46,0.00,0.00,0.00,0.00,0.00,0.00,0.00,0.00,0.06,0.06,0.06,0.00,0.00,0.00,0.00,0
0.491566,106,-20,546,0,DRIVE [ 32 ] [ 1 ] [ 1765 1859 1832 ] [    0    0    0 ] [      0      0      0 ] [ 0 ],drive [ 32 ] [ 1 ] [ 1779 1859 1836 ] [   21   15   20 ] [   8866  18079  17682 ] [ 0 ],0.90,0.90,0.90,0.90,95.00,-18.17,0.00,0.00,0.00,0.00,0.00,0.00,0.00,0.00,0.06,0.06,0.06,0.00,0.00,0.00,0.00,0
0.505746,109,-18,536,0,DRIVE [ 33 ] [ 1 ] [ 1748 1859 1828 ] [    0    0    0 ] [      0      0      0 ] [ 0 ],drive [ 32 ] [ 1 ] [ 1765 1859 1832 ] [   21   15   20 ] [   9016  18107  17678 ] [ 0 ],0.90,0.90,0.90,0.90,98.40,-16.16,0.00,0.00,0.00,0.00,0.00,0.00,0.00,0.00,0.06,0.06,0.06,0.00,0.00,0.00,0.00,0
0.519748,113,-16,528,0,DRIVE [ 33 ] [ 1 ] [ 1732 1859 1823 ] [    0    0    0 ] [      0      0      0 ] [ 0 ],drive [ 33 ] [ 1 ] [ 1748 1859 1828 ] [   15   21   24 ] [   9016  18107  17678 ] [ 0 ],0.90,0.90,0.90,0.90,101.85,-14.75,0.00,0.00,0.00,0.00,0.00,0.00,0.00,0.00,0.06,0.06,0.06,0.00,0.00,0.00,0.00,0
0.534031,116,-16,520,0,DRIVE [ 34 ] [ 1 ] [ 1717 1859 1818 ] [    0    0    0 ] [      0      0      0 ] [ 0 ],drive [ 33 ] [ 1 ] [ 1732 1859 1823 ] [   15   21   24 ] [   9016  18107  17678 ] [ 0 ],0.90,0.90,0.90,0.90,104.56,-13.99,0.00,0.00,0.00,0.00,0.00,0.00,0.00,0.00,0.06,0.06,0.06,0.00,0.00,0.00,0.00,0
0.548252,119,-15,511,0,DRIVE [ 34 ] [ 1 ] [ 1703 1859 1811 ] [    0    0    0 ] [      0      0      0 ] [ 0 ],drive [ 34 ] [ 1 ] [ 1717 1859 1818 ] [   15   21   24 ] [   9323  18143  17673 ] [ 0 ],0.90,0.90,0.90,0.90,106.80,-13.93,0.00,0.00,0.00,0.00,0.00,0.00,0.00,0.00,0.06,0.06,0.06,0.00,0.00,0.00,0.00,0
0.562192,122,-16,503,0,DRIVE [ 35 ] [ 1 ] [ 1687 1859 1803 ] [    0    0    0 ] [      0      0      0 ] [ 0 ],drive [ 34 ] [ 1 ] [ 1703 1859 1811 ] [   32   21   31 ] [   9323  18143  17673 ] [ 0 ],0.90,0.90,0.90,0.90,110.07,-14.62,0.00,0.00,0.00,0.00,0.00,0.00,0.00,0.00,0.06,0.06,0.06,0.00,0.00,0.00,0.00,0
0.576281,125,-17,495,0,DRIVE [ 35 ] [ 1 ] [ 1672 1859 1794 ] [    0    0    0 ] [      0      0      0 ] [ 0 ],drive [ 35 ] [ 1 ] [ 1687 1859 1803 ] [   32   21   31 ] [   9323  18143  17673 ] [ 0 ],0.90,0.90,0.90,0.90,112.70,-15.36,0.00,0.00,0.00,0.00,0.00,0.00,0.00,0.00,0.06,0.06,0.06,0.00,0.00,0.00,0.00,0
0.59022,129,-18,490,0,DRIVE [ 36 ] [ 1 ] [ 1657 1859 1785 ] [    0    0    0 ] [      0      0      0 ] [ 0 ],drive [ 35 ] [ 1 ] [ 1672 1859 1794 ] [   32   21   31 ] [   9323  18143  17673 ] [ 0 ],0.90,0.90,0.90,0.90,115.78,-16.19,0.00,0.00,0.00,0.00,0.00,0.00,0.00,0.00,0.06,0.06,0.06,0.00,0.00,0.00,0.00,0
0.603473,129,-18,490,0,DRIVE [ 36 ] [ 1 ] [ 1683 1859 1799 ] [    0    0    0 ] [      0      0      0 ] [ 0 ],drive [ 36 ] [ 1 ] [ 1657 1859 1785 ] [   32   21   31 ] [   9326  18098  17604 ] [ 0 ],0.90,0.90,0.90,0.90,104.20,-14.57,0.00,0.00,0.00,0.00,0.00,0.00,0.00,0.00,0.06,0.06,0.06,0.00,0.00,0.00,0.00,0
0.617453,131,-20,478,0,DRIVE [ 37 ] [ 1 ] [ 1634 1859 1769 ] [    0    0    0 ] [      0      0      0 ] [ 0 ],drive [ 36 ] [ 1 ] [ 1683 1859 1799 ] [   37    8   21 ] [   9326  18098  17604 ] [ 0 ],0.90,0.90,0.90,0.90,118.05,-17.94,0.00,0.00,0.00,0.00,0.00,0.00,0.00,0.00,0.06,0.06,0.06,0.00,0.00,0.00,0.00,0
0.631568,133,-22,464,0,DRIVE [ 37 ] [ 1 ] [ 1615 1859 1755 ] [    0    0    0 ] [      0      0      0 ] [ 0 ],drive [ 37 ] [ 1 ] [ 1634 1859 1769 ] [   37    8   21 ] [   9326  18098  17604 ] [ 0 ],0.90,0.90,0.90,0.90,120.15,-19.82,0.00,0.00,0.00,0.00,0.00,0.00,0.00,0.00,0.06,0.06,0.06,0.00,0.00,0.00,0.00,0
0.645639,136,-23,454,0,DRIVE [ 38 ] [ 1 ] [ 1597 1859 1742 ] [    0    0    0 ] [      0      0      0 ] [ 0 ],drive [ 37 ] [ 1 ] [ 1615 1859 1755 ] [   37    8   21 ] [   9497  17857  17573 ] [ 0 ],0.90,0.90,0.90,0.90,122.32,-21.13,0.00,0.00,0.00,0.00,0.00,0.00,0.00,0.00,0.06,0.06,0.06,0.00,0.00,0.00,0.00,0
0.65971,138,-24,447,0,DRIVE [ 38 ] [ 1 ] [ 1580 1859 1732 ] [    0    0    0 ] [      0      0      0 ] [ 0 ],drive [ 38 ] [ 1 ] [ 1597 1859 1742 ] [   34    8   27 ] [   9497  17857  17573 ] [ 0 ],0.90,0.90,0.90,0.90,124.42,-21.78,0.00,0.00,0.00,0.00,0.00,0.00,0.00,0.00,0.06,0.06,0.06,0.00,0.00,0.00,0.00,0
0.673885,139,-24,437,0,DRIVE [ 39 ] [ 1 ] [ 1563 1859 1723 ] [    0    0    0 ] [      0      0      0 ] [ 0 ],drive [ 38 ] [ 1 ] [ 1580 1859 1732 ] [   34    8   27 ] [   9497  17857  17573 ] [ 0 ],0.90,0.90,0.90,0.90,124.78,-21.50,0.00,0.00,0.00,0.00,0.00,0.00,0.00,0.00,0.06,0.06,0.06,0.00,0.00,0.00,0.00,0
0.688131,139,-23,430,0,DRIVE [ 39 ] [ 1 ] [ 1547 1859 1718 ] [    0    0    0 ] [      0      0      0 ] [ 0 ],drive [ 39 ] [ 1 ] [ 1563 1859 1723 ] [   34    8   27 ] [   9497  17857  17573 ] [ 0 ],0.90,0.90,0.90,0.90,124.92,-20.31,0.00,0.00,0.00,0.00,0.00,0.00,0.00,0.00,0.06,0.06,0.06,0.00,0.00,0.00,0.00,0
0.702269,138,-21,423,0,DRIVE [ 40 ] [ 1 ] [ 1533 1859 1716 ] [    0    0    0 ] [      0      0      0 ] [ 0 ],drive [ 39 ] [ 1 ] [ 1547 1859 1718 ] [   34    8   27 ] [   9867  17508  17574 ] [ 0 ],0.90,0.90,0.90,0.90,124.07,-18.61,0.00,0.00,0.00,0.00,0.00,0.00,0.00,0.00,0.06,0.06,0.06,0.00,0.00,0.00,0.00,0
0.716459,137,-19,418,0,DRIVE [ 40 ] [ 1 ] [ 1522 1859 1716 ] [    0    0    0 ] [      0      0      0 ] [ 0 ],drive [ 40 ] [ 1 ] [ 1533 1859 1716 ] [   35   20   29 ] [   9867  17508  17574 ] [ 0 ],0.90,0.90,0.90,0.90,122.87,-16.72,0.00,0.00,0.00,0.00,0.00,0.00,0.00,0.00,0.06,0.06,0.06,0.00,0.00,0.00,0.00,0
0.730487,134,-16,412,0,DRIVE [ 41 ] [ 1 ] [ 1510 1859 1718 ] [    0    0    0 ] [      0      0      0 ] [ 0 ],drive [ 40 ] [ 1 ] [ 1522 1859 1716 ] [   35   20   29 ] [   9867  17508  17574 ] [ 0 ],0.90,0.90,0.90,0.90,120.96,-14.18,0.00,0.00,0.00,0.00,0.00,0.00,0.00,0.00,0.06,0.06,0.06,0.00,0.00,0.00,0.00,0
0.74454,132,-12,407,0,DRIVE [ 41 ] [ 1 ] [ 1498 1859 1723 ] [    0    0    0 ] [      0      0      0 ] [ 0 ],drive [ 41 ] [ 1 ] [ 1510 1859 1718 ] [   35   20   29 ] [  10122  17423  17574 ] [ 0 ],0.90,0.90,0.90,0.90,118.85,-10.73,0.00,0.00,0.00,0.00,0.00,0.00,0.00,0.00,0.06,0.06,0.06,0.00,0.00,0.00,0.00,0
0.758474,129,-8,400,0,DRIVE [ 42 ] [ 1 ] [ 1487 1859 1729 ] [    0    0    0 ] [      0      0      0 ] [ 0 ],drive [ 41 ] [ 1 ] [ 1498 1859 1723 ] [   35   20   29 ] [  10122  17423  17574 ] [ 0 ],0.90,0.90,0.90,0.90,116.05,-7.44,0.00,0.00,0.00,0.00,0.00,0.00,0.00,0.00,0.06,0.06,0.06,0.00,0.00,0.00,0.00,0
0.772487,126,-5,396,0,DRIVE [ 42 ] [ 1 ] [ 1475 1859 1736 ] [    0    0    0 ] [      0      0      0 ] [ 0 ],drive [ 42 ] [ 1 ] [ 1487 1859 1729 ] [   53   30   29 ] [  10122  17423  17574 ] [ 0 ],0.90,0.90,0.90,0.90,113.68,-4.15,0.00,0.00,0.00,0.00,0.00,0.00,0.00,0.00,0.06,0.06,0.06,0.00,0.00,0.00,0.00,0
0.78608,122,0,386,0,DRIVE [ 43 ] [ 1 ] [ 1461 1859 1745 ] [    0    0    0 ] [      0      0      0 ] [ 0 ],drive [ 42 ] [ 1 ] [ 1475 1859 1736 ] [   53   30   29 ] [  10122  17423  17574 ] [ 0 ],0.90,0.90,0.90,0.90,109.92,0.01,0.00,0.00,0.00,0.00,0.00,0.00,0.00,0.00,0.06,0.06,0.06,0.00,0.00,0.00,0.00,0
0.800101,119,4,378,0,DRIVE [ 43 ] [ 1 ] [ 1444 1859 1754 ] [    0    0    0 ] [      0      0      0 ] [ 0 ],drive [ 43 ] [ 1 ] [ 1461 1859 1745 ] [   53   30   29 ] [  10123  17423  17574 ] [ 0 ],0.90,0.90,0.90,0.90,106.93,3.88,0.00,0.00,0.00,0.00,0.00,0.00,0.00,0.00,0.06,0.06,0.06,0.00,0.00,0.00,0.00,0
0.814137,117,8,371,0,DRIVE [ 44 ] [ 1 ] [ 1426 1859 1761 ] [    0    0    0 ] [      0      0      0 ] [ 0 ],drive [ 43 ] [ 1 ] [ 1444 1859 1754 ] [   64   30   28 ] [  10123  17423  17574 ] [ 0 ],0.90,0.90,0.90,0.90,104.95,7.32,0.00,0.00,0.00,0.00,0.00,0.00,0.00,0.00,0.06,0.06,0.06,0.00,0.00,0.00,0.00,0
0.8276,114,11,362,0,DRIVE [ 44 ] [ 1 ] [ 1408 1859 1767 ] [    0    0    0 ] [      0      0      0 ] [ 0 ],drive [ 44 ] [ 1 ] [ 1426 1859 1761 ] [   64   30   28 ] [  10123  17423  17574 ] [ 0 ],0.90,0.90,0.90,0.90,102.38,10.23,0.00,0.00,0.00,0.00,0.00,0.00,0.00,0.00,0.06,0.06,0.06,0.00,-0.03,-0.00,0.00,0
0.84118,111,14,354,0,DRIVE [ 45 ] [ 1 ] [ 1390 1859 1774 ] [    0    0    0 ] [      0      0      0 ] [ 0 ],drive [ 44 ] [ 1 ] [ 1408 1859 1767 ] [   64   30   28 ] [  10123  17423  17574 ] [ 0 ],0.90,0.90,0.90,0.90,100.19,12.99,0.00,0.00,0.00,0.00,0.00,0.00,0.00,0.00,0.06,0.06,0.06,0.00,-0.40,-0.05,0.00,0
0.854522,109,18,346,0,DRIVE [ 45 ] [ 1 ] [ 1370 1859 1782 ] [    0    0    0 ] [      0      0      0 ] [ 0 ],drive [ 45 ] [ 1 ] [ 1390 1859 1774 ] [   64   30   28 ] [  10307  17422  17539 ] [ 0 ],0.90,0.90,0.90,0.90,97.70,16.16,0.00,0.00,0.00,0.00,0.00,0.00,0.00,0.00,0.06,0.06,0.06,0.00,-0.72,-0.12,0.00,0
0.867322,106,21,338,0,DRIVE [ 46 ] [ 1 ] [ 1353 1859 1791 ] [    0    0    0 ] [      0      0      0 ] [ 0 ],drive [ 45 ] [ 1 ] [ 1370 1859 1782 ] [   68   31   20 ] [  10307  17422  17539 ] [ 0 ],0.90,0.90,0.90,0.90,95.10,18.71,0.00,0.00,0.00,0.00,0.00,0.00,0.00,0.00,0.06,0.06,0.06,0.00,-1.09,-0.21,0.00,0
0.880731,103,23,331,0,DRIVE [ 46 ] [ 1 ] [ 1338 1859 1799 ] [    0    0    0 ] [      0      0      0 ] [ 0 ],drive [ 46 ] [ 1 ] [ 1353 1859 1791 ] [   68   31   20 ] [  10307  17422  17539 ] [ 0 ],0.90,0.90,0.90,0.90,92.64,21.01,0.00,0.00,0.00,0.00,0.00,0.00,0.00,0.00,0.06,0.06,0.06,0.00,-1.38,-0.31,0.00,0
0.893861,100,25,326,0,DRIVE [ 47 ] [ 1 ] [ 1327 1859 1807 ] [    0    0    0 ] [      0      0      0 ] [ 0 ],drive [ 46 ] [ 1 ] [ 1338 1859 1799 ] [   68   31   20 ] [  10511  17421  17473 ] [ 0 ],0.90,0.90,0.90,0.90,89.92,22.95,0.00,0.00,0.00,0.00,0.00,0.00,0.00,0.00,0.06,0.06,0.06,0.00,-1.77,-0.45,0.00,0
0.906671,95,28,319,0,DRIVE [ 47 ] [ 1 ] [ 1319 1859 1820 ] [    0    0    0 ] [      0      0      0 ] [ 0 ],drive [ 47 ] [ 1 ] [ 1327 1859 1807 ] [   68   31   20 ] [  10511  17421  17473 ] [ 0 ],0.90,0.90,0.90,0.90,85.92,25.33,0.00,0.00,0.00,0.00,0.00,0.00,0.00,0.00,0.06,0.06,0.06,0.00,-2.36,-0.70,0.00,0
0.919326,91,30,311,0,DRIVE [ 48 ] [ 1 ] [ 1315 1859 1831 ] [    0    0    0 ] [      0      0      0 ] [ 0 ],drive [ 47 ] [ 1 ] [ 1319 1859 1820 ] [   67   30   33 ] [  10511  17421  17473 ] [ 0 ],0.90,0.90,0.90,0.90,81.89,26.91,0.00,0.00,0.00,0.00,0.00,0.00,0.00,0.00,0.06,0.06,0.06,0.00,-3.03,-1.00,0.00,0
0.931987,87,31,306,0,DRIVE [ 48 ] [ 1 ] [ 1311 1859 1841 ] [    0    0    0 ] [      0      0      0 ] [ 0 ],drive [ 48 ] [ 1 ] [ 1315 1859 1831 ] [   67   30   33 ] [  10511  17421  17473 ] [ 0 ],0.90,0.90,0.90,0.90,78.48,28.33,0.00,0.00,0.00,0.00,0.00,0.00,0.00,0.00,0.06,0.06,0.06,0.00,-3.45,-1.24,0.00,0
0.944797,84,32,302,0,DRIVE [ 49 ] [ 1 ] [ 1312 1859 1849 ] [    0    0    0 ] [      0      0      0 ] [ 0 ],drive [ 48 ] [ 1 ] [ 1311 1859 1841 ] [   67   30   33 ] [  10813  17409  17310 ] [ 0 ],0.90,0.90,0.90,0.90,75.25,29.18,0.00,0.00,0.00,0.00,0.00,0.00,0.00,0.00,0.06,0.06,0.06,0.00,-3.89,-1.51,0.00,0
0.957119,80,33,298,0,DRIVE [ 49 ] [ 1 ] [ 1317 1859 1859 ] [    0    0    0 ] [      0      0      0 ] [ 0 ],drive [ 49 ] [ 1 ] [ 1312 1859 1849 ] [   67   30   33 ] [  10813  17409  17310 ] [ 0 ],0.90,0.90,0.90,0.90,71.68,29.84,0.00,0.00,0.00,0.00,0.00,0.00,0.00,0.00,0.06,0.06,0.06,0.00,-4.40,-1.83,0.00,0
0.972132,75,34,294,0,DRIVE [ 50 ] [ 1 ] [ 1327 1859 1868 ] [    0    0    0 ] [      0      0      0 ] [ 0 ],drive [ 49 ] [ 1 ] [ 1317 1859 1859 ] [   73   12   22 ] [  10813  17409  17310 ] [ 0 ],0.90,0.90,0.90,0.90,67.87,30.24,0.00,0.00,0.00,0.00,0.00,0.00,0.00,0.00,0.06,0.06,0.06,0.00,-4.96,-2.21,0.00,0
0.98626,71,34,290,0,DRIVE [ 50 ] [ 1 ] [ 1342 1859 1877 ] [    0    0    0 ] [      0      0      0 ] [ 0 ],drive [ 50 ] [ 1 ] [ 1327 1859 1868 ] [   73   12   22 ] [  10813  17409  17310 ] [ 0 ],0.90,0.90,0.90,0.90,63.70,30.31,0.00,0.00,0.00,0.00,0.00,0.00,0.00,0.00,0.06,0.06,0.06,0.00,-5.61,-2.67,0.00,0
0.998539,66,33,286,0,DRIVE [ 51 ] [ 1 ] [ 1366 1859 1886 ] [    0    0    0 ] [      0      0      0 ] [ 0 ],drive [ 50 ] [ 1 ] [ 1342 1859 1877 ] [   73   12   22 ] [  11159  17099  16882 ] [ 0 ],0.90,0.90,0.90,0.90,59.25,29.95,0.00,0.00,0.00,0.00,0.00,0.00,0.00,0.00,0.06,0.06,0.06,0.00,-6.36,-3.22,0.00,0
1.01171,59,32,281,0,DRIVE [ 51 ] [ 1 ] [ 1423 1859 1898 ] [    0    0    0 ] [      0      0      0 ] [ 0 ],drive [ 51 ] [ 1 ] [ 1366 1859 1886 ] [   75    6   25 ] [  11159  17099  16882 ] [ 0 ],0.90,0.90,0.90,0.90,52.82,28.67,0.00,0.00,0.00,0.00,0.00,0.00,0.00,0.00,0.06,0.06,0.06,0.00,-7.68,-4.17,0.00,0
1.02351,52,30,278,0,DRIVE [ 52 ] [ 1 ] [ 1485 1859 1909 ] [    0    0    0 ] [      0      0      0 ] [ 0 ],drive [ 51 ] [ 1 ] [ 1423 1859 1898 ] [   75    6   25 ] [  11159  17099  16882 ] [ 0 ],0.90,0.90,0.90,0.90,46.39,27.28,0.00,0.00,0.00,0.00,0.00,0.00,0.00,0.00,0.06,0.06,0.06,0.00,-8.78,-5.16,0.00,0
1.0362,44,29,275,0,DRIVE [ 52 ] [ 1 ] [ 1550 1859 1920 ] [    0    0    0 ] [      0      0      0 ] [ 0 ],drive [ 52 ] [ 1 ] [ 1485 1859 1909 ] [   75    6   25 ] [  11159  17099  16882 ] [ 0 ],0.90,0.90,0.90,0.90,39.79,25.87,0.00,0.00,0.00,0.00,0.00,0.00,0.00,0.00,0.06,0.06,0.06,0.00,-9.55,-6.21,0.00,0
1.04812,36,27,272,0,DRIVE [ 53 ] [ 1 ] [ 1624 1920 1920 ] [    0    0    0 ] [      0      0      0 ] [ 0 ],drive [ 52 ] [ 1 ] [ 1550 1859 1920 ] [   75    6   25 ] [  11348  16523  16534 ] [ 0 ],0.90,0.90,0.90,0.90,32.68,24.55,0.00,0.00,0.00,0.00,0.00,0.00,0.00,0.00,0.06,0.06,0.06,0.00,-9.78,-7.35,0.00,0
1.05976,28,26,268,0,DRIVE [ 53 ] [ 1 ] [ 1702 1908 1920 ] [    0    0    0 ] [      0      0      0 ] [ 0 ],drive [ 53 ] [ 1 ] [ 1624 1920 1920 ] [   34   27   11 ] [  11348  16523  16534 ] [ 0 ],0.90,0.90,0.90,0.90,25.09,23.48,0.00,0.00,0.00,0.00,0.00,0.00,0.00,0.00,0.06,0.06,0.06,0.00,-8.92,-8.34,0.00,0
1.07172,17,25,262,0,DRIVE [ 54 ] [ 1 ] [ 1766 1887 1920 ] [    0    0    0 ] [      0      0      0 ] [ 0 ],drive [ 53 ] [ 1 ] [ 1702 1908 1920 ] [   34   27   11 ] [  11348  16523  16534 ] [ 0 ],0.90,0.90,0.90,0.90,15.13,22.77,0.00,0.00,0.00,0.00,0.00,0.00,0.00,0.00,0.06,0.06,0.06,0.00,-5.28,-7.95,0.00,0
1.08374,6,25,257,0,DRIVE [ 54 ] [ 1 ] [ 1778 1839 1920 ] [    0    0    0 ] [      0      0      0 ] [ 0 ],drive [ 54 ] [ 1 ] [ 1766 1887 1920 ] [   34   27   11 ] [  11348  16523  16534 ] [ 0 ],0.90,0.90,0.90,0.90,5.71,22.34,0.00,0.00,0.00,0.00,0.00,0.00,0.00,0.00,0.06,0.06,0.06,0.00,-0.62,-2.41,0.00,0
1.09538,-4,25,252,0,DRIVE [ 55 ] [ 1 ] [ 1816 1775 1920 ] [    0    0    0 ] [      0      0      0 ] [ 0 ],drive [ 54 ] [ 1 ] [ 1778 1839 1920 ] [   34   27   11 ] [  11320  16020  16275 ] [ 0 ],0.90,0.90,0.90,0.90,-3.36,22.23,0.00,0.00,0.00,0.00,0.00,0.00,0.00,0.00,0.06,0.06,0.06,0.00,0.00,0.00,0.00,0
1.1072,-13,25,248,0,DRIVE [ 55 ] [ 1 ] [ 1853 1703 1920 ] [    0    0    0 ] [      0      0      0 ] [ 0 ],drive [ 55 ] [ 1 ] [ 1816 1775 1920 ] [   31   16   -3 ] [  11320  16020  16275 ] [ 0 ],0.90,0.90,0.90,0.90,-11.66,22.12,0.00,0.00,0.00,0.00,0.00,0.00,0.00,0.00,0.06,0.06,0.06,0.00,0.00,0.00,0.00,0
1.11879,-22,25,243,0,DRIVE [ 56 ] [ 1 ] [ 1882 1617 1920 ] [    0    0    0 ] [      0      0      0 ] [ 0 ],drive [ 55 ] [ 1 ] [ 1853 1703 1920 ] [   31   16   -3 ] [  11320  16020  16275 ] [ 0 ],0.90,0.90,0.90,0.90,-19.39,22.06,0.00,0.00,0.00,0.00,0.00,0.00,0.00,0.00,0.06,0.06,0.06,0.00,0.00,0.00,0.00,0
1.13091,-29,24,238,0,DRIVE [ 56 ] [ 1 ] [ 1907 1525 1920 ] [    0    0    0 ] [      0      0      0 ] [ 0 ],drive [ 56 ] [ 1 ] [ 1882 1617 1920 ] [   31   16   -3 ] [  11320  16020  16275 ] [ 0 ],0.90,0.90,0.90,0.90,-26.21,21.97,0.00,0.00,0.00,0.00,0.00,0.00,0.00,0.00,0.06,0.06,0.06,0.00,0.00,0.00,0.00,0
1.1432,-36,25,233,0,DRIVE [ 57 ] [ 1 ] [ 1907 1441 1923 ] [    0    0    0 ] [      0      0      0 ] [ 0 ],drive [ 56 ] [ 1 ] [ 1907 1525 1920 ] [   31   16   -3 ] [  11147  16252  16255 ] [ 0 ],0.90,0.90,0.90,0.90,-32.26,22.13,0.00,0.00,0.00,0.00,0.00,-0.00,0.00,0.00,0.06,0.06,0.06,0.00,0.00,0.00,0.00,0
1.15486,-41,25,228,0,DRIVE [ 57 ] [ 1 ] [ 1907 1393 1908 ] [    0    0    0 ] [      0      0      0 ] [ 0 ],drive [ 57 ] [ 1 ] [ 1907 1441 1923 ] [   31   16   -3 ] [  11147  16252  16255 ] [ 0 ],0.90,0.90,0.90,0.90,-37.22,22.35,0.00,0.00,0.00,0.00,0.00,-0.00,0.00,0.00,0.06,0.06,0.06,0.00,0.00,0.00,0.00,0
1.16719,-46,25,224,0,DRIVE [ 58 ] [ 1 ] [ 1907 1349 1896 ] [    0    0    0 ] [      0      0      0 ] [ 0 ],drive [ 57 ] [ 1 ] [ 1907 1393 1908 ] [   28   42   -1 ] [  11147  16252  16255 ] [ 0 ],0.90,0.90,0.90,0.90,-41.04,22.72,0.00,0.00,0.00,0.00,0.00,-0.00,0.00,0.00,0.06,0.06,0.06,0.00,0.00,0.00,0.00,0
1.17928,-48,25,219,0,DRIVE [ 58 ] [ 1 ] [ 1907 1316 1888 ] [    0    0    0 ] [      0      0      0 ] [ 0 ],drive [ 58 ] [ 1 ] [ 1907 1349 1896 ] [   28   42   -1 ] [  11147  16252  16255 ] [ 0 ],0.90,0.90,0.90,0.90,-43.53,22.94,0.00,0.00,0.00,0.00,0.00,-0.00,0.00,0.00,0.06,0.06,0.06,0.00,0.00,0.00,0.00,0
1.19088,-50,25,216,0,DRIVE [ 59 ] [ 1 ] [ 1907 1296 1883 ] [    0    0    0 ] [      0      0      0 ] [ 0 ],drive [ 58 ] [ 1 ] [ 1907 1316 1888 ] [   28   42   -1 ] [  11147  16252  16255 ] [ 0 ],0.90,0.90,0.90,0.90,-44.84,22.91,0.00,0.00,0.00,0.00,0.00,-0.00,0.00,0.00,0.06,0.06,0.06,0.00,0.00,0.00,0.00,0
1.2026,-50,25,212,0,DRIVE [ 59 ] [ 1 ] [ 1907 1292 1880 ] [    0    0    0 ] [      0      0      0 ] [ 0 ],drive [ 59 ] [ 1 ] [ 1907 1296 1883 ] [   28   42   -1 ] [  10373  17704  16257 ] [ 0 ],0.90,0.90,0.90,0.90,-44.64,22.37,0.00,0.00,0.00,0.00,0.00,-0.00,0.00,0.00,0.06,0.06,0.06,0.00,0.00,0.00,0.00,0
1.21514,-48,24,208,0,DRIVE [ 60 ] [ 1 ] [ 1907 1303 1880 ] [    0    0    0 ] [      0      0      0 ] [ 0 ],drive [ 59 ] [ 1 ] [ 1907 1292 1880 ] [   19   61    8 ] [  10373  17704  16257 ] [ 0 ],0.90,0.90,0.90,0.90,-43.19,21.54,0.00,0.00,0.00,0.00,0.00,-0.00,0.00,0.00,0.06,0.06,0.06,0.00,0.00,0.00,0.00,0
1.22645,-45,23,206,0,DRIVE [ 60 ] [ 1 ] [ 1907 1327 1883 ] [    0    0    0 ] [      0      0      0 ] [ 0 ],drive [ 60 ] [ 1 ] [ 1907 1303 1880 ] [   19   61    8 ] [  10373  17704  16257 ] [ 0 ],0.90,0.90,0.90,0.90,-40.91,20.59,0.00,0.00,0.00,0.00,0.00,-0.00,0.00,0.00,0.06,0.06,0.06,0.00,0.00,0.00,0.00,0
1.23847,-42,22,202,0,DRIVE [ 61 ] [ 1 ] [ 1907 1356 1887 ] [    0    0    0 ] [      0      0      0 ] [ 0 ],drive [ 60 ] [ 1 ] [ 1907 1327 1883 ] [   19   61    8 ] [  10373  17704  16257 ] [ 0 ],0.90,0.90,0.90,0.90,-37.85,19.42,0.00,0.00,0.00,0.00,0.00,-0.00,0.00,0.00,0.06,0.06,0.06,0.00,0.00,0.00,0.00,0
1.24993,-39,20,198,0,DRIVE [ 61 ] [ 1 ] [ 1907 1386 1887 ] [    0    0    0 ] [      0      0      0 ] [ 0 ],drive [ 61 ] [ 1 ] [ 1907 1356 1887 ] [   19   61    8 ] [  10078  18197  16275 ] [ 0 ],0.90,0.90,0.90,0.90,-35.33,17.81,0.00,0.00,0.00,0.00,0.00,-0.00,0.00,0.00,0.06,0.06,0.06,0.00,0.00,0.00,0.00,0
1.26086,-38,18,194,0,DRIVE [ 62 ] [ 1 ] [ 1907 1401 1882 ] [    0    0    0 ] [      0      0      0 ] [ 0 ],drive [ 61 ] [ 1 ] [ 1907 1386 1887 ] [    4   65   18 ] [  10078  18197  16275 ] [ 0 ],0.90,0.90,0.90,0.90,-34.49,16.34,0.00,0.00,0.00,0.00,0.00,-0.00,0.00,0.00,0.06,0.06,0.06,0.00,0.00,0.00,0.00,0
1.27298,-39,16,191,0,DRIVE [ 62 ] [ 1 ] [ 1907 1405 1869 ] [    0    0    0 ] [      0      0      0 ] [ 0 ],drive [ 62 ] [ 1 ] [ 1907 1401 1882 ] [    4   65   18 ] [  10078  18197  16275 ] [ 0 ],0.90,0.90,0.90,0.90,-35.18,14.76,0.00,0.00,0.00,0.00,0.00,-0.00,0.00,0.00,0.06,0.06,0.06,0.00,0.00,0.00,0.00,0
1.28398,-41,15,188,0,DRIVE [ 63 ] [ 1 ] [ 1907 1398 1851 ] [    0    0    0 ] [      0      0      0 ] [ 0 ],drive [ 62 ] [ 1 ] [ 1907 1405 1869 ] [    4   65   18 ] [  10078  18197  16275 ] [ 0 ],0.90,0.90,0.90,0.90,-36.84,13.08,0.00,0.00,0.00,0.00,0.00,-0.00,0.00,0.00,0.06,0.06,0.06,0.00,0.00,0.00,0.00,0
1.29525,-44,13,184,0,DRIVE [ 63 ] [ 1 ] [ 1907 1381 1829 ] [    0    0    0 ] [      0      0      0 ] [ 0 ],drive [ 63 ] [ 1 ] [ 1907 1398 1851 ] [    4   65   18 ] [  10084  18316  16277 ] [ 0 ],0.90,0.90,0.90,0.90,-39.21,11.43,0.00,0.00,0.00,0.00,0.00,-0.00,0.00,0.00,0.06,0.06,0.06,0.00,0.00,0.00,0.00,0
1.30718,-47,11,183,0,DRIVE [ 64 ] [ 1 ] [ 1907 1362 1805 ] [    0    0    0 ] [      0      0      0 ] [ 0 ],drive [ 63 ] [ 1 ] [ 1907 1381 1829 ] [    4   69   28 ] [  10084  18316  16277 ] [ 0 ],0.90,0.90,0.90,0.90,-42.28,9.77,0.00,0.00,0.00,0.00,0.00,-0.00,0.00,0.00,0.06,0.06,0.06,0.00,0.00,0.00,0.00,0
1.31812,-50,9,180,0,DRIVE [ 64 ] [ 1 ] [ 1907 1345 1781 ] [    0    0    0 ] [      0      0      0 ] [ 0 ],drive [ 64 ] [ 1 ] [ 1907 1362 1805 ] [    4   69   28 ] [  10084  18316  16277 ] [ 0 ],0.90,0.90,0.90,0.90,-44.71,7.91,0.00,0.00,0.00,0.00,0.00,-0.00,0.00,0.00,0.06,0.06,0.06,0.00,0.00,0.00,0.00,0
1.32937,-51,6,177,0,DRIVE [ 65 ] [ 1 ] [ 1907 1338 1756 ] [    0    0    0 ] [      0      0      0 ] [ 0 ],drive [ 64 ] [ 1 ] [ 1907 1345 1781 ] [    4   69   28 ] [  10084  18316  16277 ] [ 0 ],0.90,0.90,0.90,0.90,-46.33,5.75,0.00,0.00,0.00,0.00,0.00,-0.00,0.00,0.00,0.06,0.06,0.06,0.00,0.00,0.00,0.00,0
1.3405,-52,4,174,0,DRIVE [ 65 ] [ 1 ] [ 1907 1344 1734 ] [    0    0    0 ] [      0      0      0 ] [ 0 ],drive [ 65 ] [ 1 ] [ 1907 1338 1756 ] [    4   69   28 ] [  10084  18316  16277 ] [ 0 ],0.90,0.90,0.90,0.90,-46.88,3.32,0.00,0.00,0.00,0.00,0.00,-0.00,0.00,0.00,0.06,0.06,0.06,0.00,0.00,0.00,0.00,0
1.35113,-52,1,172,0,DRIVE [ 66 ] [ 1 ] [ 1907 1362 1715 ] [    0    0    0 ] [      0      0      0 ] [ 0 ],drive [ 65 ] [ 1 ] [ 1907 1344 1734 ] [    4   69   28 ] [  10061  19154  16442 ] [ 0 ],0.90,0.90,0.90,0.90,-46.38,0.82,0.00,0.00,0.00,0.00,0.00,-0.00,0.00,0.00,0.06,0.06,0.06,0.00,0.00,0.00,0.00,0
1.36223,-50,-2,169,0,DRIVE [ 66 ] [ 1 ] [ 1907 1390 1699 ] [    0    0    0 ] [      0      0      0 ] [ 0 ],drive [ 66 ] [ 1 ] [ 1907 1362 1715 ] [   29   79   35 ] [  10061  19154  16442 ] [ 0 ],0.90,0.90,0.90,0.90,-45.00,-1.73,0.00,0.00,0.00,0.00,0.00,-0.00,0.00,0.00,0.06,0.06,0.06,0.00,0.00,0.00,0.00,0
1.37308,-48,-5,167,0,DRIVE [ 67 ] [ 1 ] [ 1907 1425 1685 ] [    0    0    0 ] [      0      0      0 ] [ 0 ],drive [ 66 ] [ 1 ] [ 1907 1390 1699 ] [   29   79   35 ] [  10061  19154  16442 ] [ 0 ],0.90,0.90,0.90,0.90,-43.04,-4.29,0.00,0.00,0.00,0.00,0.00,-0.00,0.00,0.00,0.06,0.06,0.06,0.00,0.00,0.00,0.00,0
1.38369,-45,-7,166,0,DRIVE [ 67 ] [ 1 ] [ 1907 1464 1672 ] [    0    0    0 ] [      0      0      0 ] [ 0 ],drive [ 67 ] [ 1 ] [ 1907 1425 1685 ] [   29   79   35 ] [  10061  19154  16442 ] [ 0 ],0.90,0.90,0.90,0.90,-40.85,-6.75,0.00,0.00,0.00,0.00,0.00,-0.00,0.00,0.00,0.06,0.06,0.06,0.00,0.00,0.00,0.00,0
1.39416,-43,-10,164,0,DRIVE [ 68 ] [ 1 ] [ 1907 1499 1660 ] [    0    0    0 ] [      0      0      0 ] [ 0 ],drive [ 67 ] [ 1 ] [ 1907 1464 1672 ] [   29   79   35 ] [   9871  19420  16673 ] [ 0 ],0.90,0.90,0.90,0.90,-38.49,-8.91,0.00,0.00,0.00,0.00,0.00,-0.00,0.00,0.00,0.06,0.06,0.06,0.00,0.00,0.00,0.00,0
1.40516,-40,-12,162,0,DRIVE [ 68 ] [ 1 ] [ 1907 1532 1648 ] [    0    0    0 ] [      0      0      0 ] [ 0 ],drive [ 68 ] [ 1 ] [ 1907 1499 1660 ] [   29   79   35 ] [   9871  19420  16673 ] [ 0 ],0.90,0.90,0.90,0.90,-36.27,-10.90,0.00,0.00,0.00,0.00,0.00,-0.00,0.00,0.00,0.06,0.06,0.06,0.00,0.00,0.00,0.00,0
1.41583,-38,-14,161,0,DRIVE [ 69 ] [ 1 ] [ 1907 1562 1635 ] [    0    0    0 ] [      0      0      0 ] [ 0 ],drive [ 68 ] [ 1 ] [ 1907 1532 1648 ] [   24   47   24 ] [   9871  19420  16673 ] [ 0 ],0.90,0.90,0.90,0.90,-34.14,-12.78,0.00,0.00,0.00,0.00,0.00,-0.00,0.00,0.00,0.06,0.06,0.06,0.00,0.00,0.00,0.00,0
1.42642,-36,-16,159,0,DRIVE [ 69 ] [ 1 ] [ 1907 1590 1621 ] [    0    0    0 ] [      0      0      0 ] [ 0 ],drive [ 69 ] [ 1 ] [ 1907 1562 1635 ] [   24   47   24 ] [   9871  19420  16673 ] [ 0 ],0.90,0.90,0.90,0.90,-31.96,-14.56,0.00,0.00,0.00,0.00,0.00,-0.00,0.00,0.00,0.06,0.06,0.06,0.00,0.00,0.00,0.00,0
1.4376,-33,-18,156,0,DRIVE [ 70 ] [ 1 ] [ 1907 1620 1609 ] [    0    0    0 ] [      0      0      0 ] [ 0 ],drive [ 69 ] [ 1 ] [ 1907 1590 1621 ] [   24   47   24 ] [   9871  19420  16673 ] [ 0 ],0.90,0.90,0.90,0.90,-29.59,-16.15,0.00,0.00,0.00,0.00,0.00,-0.00,0.00,0.00,0.06,0.06,0.06,0.00,0.00,0.00,0.00,0
1.44846,-30,-20,154,0,DRIVE [ 70 ] [ 1 ] [ 1907 1648 1595 ] [    0    0    0 ] [      0      0      0 ] [ 0 ],drive [ 70 ] [ 1 ] [ 1907 1620 1609 ] [   24   47   24 ] [   9716  19406  16701 ] [ 0 ],0.90,0.90,0.90,0.90,-27.18,-17.63,0.00,0.00,0.00,0.00,0.00,-0.00,0.00,0.00,0.06,0.06,0.06,0.00,0.00,0.00,0.00,0
1.45885,-27,-21,151,0,DRIVE [ 71 ] [ 1 ] [ 1907 1677 1584 ] [    0    0    0 ] [      0      0      0 ] [ 0 ],drive [ 70 ] [ 1 ] [ 1907 1648 1595 ] [   14   40   50 ] [   9716  19406  16701 ] [ 0 ],0.90,0.90,0.90,0.90,-24.55,-18.73,0.00,0.00,0.00,0.00,0.00,-0.00,0.00,0.00,0.06,0.06,0.06,0.00,0.00,0.00,0.00,0
1.4693,-24,-22,149,0,DRIVE [ 71 ] [ 1 ] [ 1907 1705 1574 ] [    0    0    0 ] [      0      0      0 ] [ 0 ],drive [ 71 ] [ 1 ] [ 1907 1677 1584 ] [   14   40   50 ] [   9716  19406  16701 ] [ 0 ],0.90,0.90,0.90,0.90,-21.88,-19.60,0.00,0.00,0.00,0.00,0.00,-0.00,0.00,0.00,0.06,0.06,0.06,0.00,0.00,0.00,0.00,0
1.48028,-21,-22,146,0,DRIVE [ 72 ] [ 1 ] [ 1907 1733 1567 ] [    0    0    0 ] [      0      0      0 ] [ 0 ],drive [ 71 ] [ 1 ] [ 1907 1705 1574 ] [   14   40   50 ] [   9716  19406  16701 ] [ 0 ],0.90,0.90,0.90,0.90,-19.23,-20.12,0.00,0.00,0.00,0.00,0.00,-0.00,0.00,0.00,0.06,0.06,0.06,0.00,0.00,0.00,0.00,0
1.49068,-18,-22,144,0,DRIVE [ 72 ] [ 1 ] [ 1907 1760 1564 ] [    0    0    0 ] [      0      0      0 ] [ 0 ],drive [ 72 ] [ 1 ] [ 1907 1733 1567 ] [   14   40   50 ] [   9714  19371  16917 ] [ 0 ],0.90,0.90,0.90,0.90,-16.57,-20.23,0.00,0.00,0.00,0.00,0.00,-0.00,0.00,0.00,0.06,0.06,0.06,0.00,0.00,0.00,0.00,0
1.50706,-15,-22,141,0,DRIVE [ 73 ] [ 1 ] [ 1907 1786 1564 ] [    0    0    0 ] [      0      0      0 ] [ 0 ],drive [ 72 ] [ 1 ] [ 1907 1760 1564 ] [   14   40   50 ] [   9714  19371  16917 ] [ 0 ],0.90,0.90,0.90,0.90,-13.88,-19.97,0.00,0.00,0.00,0.00,0.00,-0.00,0.00,0.00,0.06,0.06,0.06,0.00,0.00,0.00,0.00,0
1.51929,-12,-21,138,0,DRIVE [ 73 ] [ 1 ] [ 1907 1814 1569 ] [    0    0    0 ] [      0      0      0 ] [ 0 ],drive [ 73 ] [ 1 ] [ 1907 1786 1564 ] [   16   15   51 ] [   9714  19371  16917 ] [ 0 ],0.90,0.90,0.90,0.90,-11.09,-19.34,0.00,0.00,0.00,0.00,0.00,-0.00,0.00,0.00,0.06,0.06,0.06,0.00,0.00,0.00,0.00,0
1.53118,-9,-21,135,0,DRIVE [ 74 ] [ 1 ] [ 1907 1841 1574 ] [    0    0    0 ] [      0      0      0 ] [ 0 ],drive [ 73 ] [ 1 ] [ 1907 1814 1569 ] [   16   15   51 ] [   9714  19371  16917 ] [ 0 ],0.90,0.90,0.90,0.90,-8.30,-18.50,0.00,0.00,0.00,0.00,0.00,-0.00,0.00,0.00,0.06,0.06,0.06,0.00,0.00,0.00,0.00,0
1.54327,-6,-19,132,0,DRIVE [ 74 ] [ 1 ] [ 1907 1868 1577 ] [    0    0    0 ] [      0      0      0 ] [ 0 ],drive [ 74 ] [ 1 ] [ 1907 1841 1574 ] [   16   15   51 ] [   9713  19038  17057 ] [ 0 ],0.90,0.90,0.90,0.90,-5.59,-17.55,0.00,0.00,0.00,0.00,0.00,-0.00,0.00,0.00,0.06,0.06,0.06,0.00,0.00,0.00,0.00,0
1.55317,-3,-18,129,0,DRIVE [ 75 ] [ 1 ] [ 1907 1893 1582 ] [    0    0    0 ] [      0      0      0 ] [ 1 ],drive [ 74 ] [ 1 ] [ 1907 1868 1577 ] [   16   15   51 ] [   9713  19038  17057 ] [ 0 ],0.90,0.90,0.90,0.90,-3.11,-16.40,0.00,0.00,0.00,0.00,0.00,-0.00,0.00,0.00,0.06,0.06,0.06,0.00,0.00,0.00,0.00,0
1.5633,-1,-17,126,0,DRIVE [ 75 ] [ 1 ] [ 1907 1915 1585 ] [    0    0    0 ] [      0      0      0 ] [ 1 ],drive [ 75 ] [ 1 ] [ 1907 1893 1582 ] [   15    9   39 ] [   9713  19038  17057 ] [ 1 ],0.90,0.90,0.90,0.90,-0.98,-15.11,0.00,0.00,0.00,0.00,0.00,-0.00,0.00,0.00,0.06,0.06,0.06,0.00,0.00,0.00,0.00,0
1.57366,1,-15,123,0,DRIVE [ 76 ] [ 1 ] [ 1917 1915 1607 ] [    0    0    0 ] [      0      0      0 ] [ 1 ],drive [ 75 ] [ 1 ] [ 1907 1915 1585 ] [   15    9   39 ] [   9713  19038  17057 ] [ 1 ],0.90,0.90,0.90,0.90,0.83,-13.77,0.00,0.00,0.00,0.00,0.00,-0.00,0.00,0.00,0.06,0.06,0.06,0.00,0.00,0.00,0.00,0
1.58352,3,-14,119,0,DRIVE [ 76 ] [ 1 ] [ 1898 1915 1643 ] [    0    0    0 ] [      0      0      0 ] [ 1 ],drive [ 76 ] [ 1 ] [ 1917 1915 1607 ] [   15    9   39 ] [   9713  19038  17057 ] [ 1 ],0.90,0.90,0.90,0.90,2.43,-12.42,0.00,0.00,0.00,0.00,0.00,-0.00,0.00,0.00,0.06,0.06,0.06,0.00,0.00,0.00,0.00,0
1.59337,4,-12,116,0,DRIVE [ 77 ] [ 1 ] [ 1880 1915 1679 ] [    0    0    0 ] [      0      0      0 ] [ 1 ],drive [ 76 ] [ 1 ] [ 1898 1915 1643 ] [   15    9   39 ] [   9715  18620  17056 ] [ 1 ],0.90,0.90,0.90,0.90,3.86,-10.95,0.00,0.00,0.00,0.00,0.00,-0.00,0.00,0.00,0.06,0.06,0.06,0.00,0.00,0.00,0.00,0
1.60432,6,-11,113,0,DRIVE [ 77 ] [ 1 ] [ 1860 1915 1710 ] [    0    0    0 ] [      0      0      0 ] [ 1 ],drive [ 77 ] [ 1 ] [ 1880 1915 1679 ] [   15    9   39 ] [   9715  18620  17056 ] [ 1 ],0.90,0.90,0.90,0.90,5.32,-9.48,0.00,0.00,0.00,0.00,0.00,-0.00,0.00,0.00,0.06,0.06,0.06,0.00,0.00,0.00,0.00,0
1.61404,7,-9,109,0,DRIVE [ 78 ] [ 1 ] [ 1836 1915 1735 ] [    0    0    0 ] [      0      0      0 ] [ 1 ],drive [ 77 ] [ 1 ] [ 1860 1915 1710 ] [   16    4   32 ] [   9715  18620  17056 ] [ 1 ],0.90,0.90,0.90,0.90,6.73,-8.03,0.00,0.00,0.00,0.00,0.00,-0.00,0.00,0.00,0.06,0.06,0.06,0.00,0.00,0.00,0.00,0
1.62427,9,-7,106,0,DRIVE [ 78 ] [ 1 ] [ 1809 1915 1755 ] [    0    0    0 ] [      0      0      0 ] [ 1 ],drive [ 78 ] [ 1 ] [ 1836 1915 1735 ] [   16    4   32 ] [   9715  18620  17056 ] [ 1 ],0.90,0.90,0.90,0.90,8.08,-6.58,0.00,0.00,0.00,0.00,0.00,-0.00,-0.00,0.00,0.06,0.06,0.06,0.00,0.00,0.00,0.00,0
1.63431,10,-6,103,0,DRIVE [ 79 ] [ 1 ] [ 1777 1915 1770 ] [    0    0    0 ] [      0      0      0 ] [ 1 ],drive [ 78 ] [ 1 ] [ 1809 1915 1755 ] [   16    4   32 ] [   9715  18620  17056 ] [ 1 ],0.90,0.90,0.90,0.90,9.37,-5.17,0.00,0.00,0.00,0.00,0.00,-0.00,-0.00,0.00,0.06,0.06,0.06,0.00,0.00,0.00,0.00,0
1.6438,12,-4,99,0,DRIVE [ 79 ] [ 1 ] [ 1741 1915 1780 ] [    0    0    0 ] [      0      0      0 ] [ 1 ],drive [ 79 ] [ 1 ] [ 1777 1915 1770 ] [   16    4   32 ] [   9739  18378  17046 ] [ 1 ],0.90,0.90,0.90,0.90,10.55,-3.88,0.00,0.00,0.00,0.00,0.00,-0.00,-0.00,0.00,0.06,0.06,0.06,0.00,0.00,0.00,0.00,0
1.65392,13,-3,96,0,DRIVE [ 80 ] [ 1 ] [ 1703 1915 1786 ] [    0    0    0 ] [      0      0      0 ] [ 1 ],drive [ 79 ] [ 1 ] [ 1741 1915 1780 ] [   16    4   32 ] [   9739  18378  17046 ] [ 1 ],0.90,0.90,0.90,0.90,11.60,-2.74,0.00,0.00,0.00,0.00,0.00,-0.00,-0.00,0.00,0.06,0.06,0.06,0.00,0.00,0.00,0.00,0
1.66354,14,-2,93,0,DRIVE [ 80 ] [ 1 ] [ 1665 1915 1789 ] [    0    0    0 ] [      0      0      0 ] [ 1 ],drive [ 80 ] [ 1 ] [ 1703 1915 1786 ] [   20    9   17 ] [   9739  18378  17046 ] [ 1 ],0.90,0.90,0.90,0.90,12.56,-1.73,0.00,0.00,0.00,0.00,0.00,-0.00,-0.00,0.00,0.06,0.06,0.06,0.00,0.00,0.00,0.00,0
1.67332,15,-1,90,0,DRIVE [ 81 ] [ 1 ] [ 1627 1915 1791 ] [    0    0    0 ] [      0      0      0 ] [ 1 ],drive [ 80 ] [ 1 ] [ 1665 1915 1789 ] [   20    9   17 ] [   9739  18378  17046 ] [ 1 ],0.90,0.90,0.90,0.90,13.35,-0.90,0.00,0.00,0.00,0.00,0.00,-0.00,-0.00,0.00,0.06,0.06,0.06,0.00,0.00,0.00,0.00,0
1.6827,16,0,87,0,DRIVE [ 81 ] [ 1 ] [ 1592 1915 1790 ] [    0    0    0 ] [      0      0      0 ] [ 1 ],drive [ 81 ] [ 1 ] [ 1627 1915 1791 ] [   20    9   17 ] [   9739  18378  17046 ] [ 1 ],0.90,0.90,0.90,0.90,14.04,-0.29,0.00,0.00,0.00,0.00,0.00,-0.00,-0.00,0.00,0.06,0.06,0.06,0.00,0.00,0.00,0.00,0
1.69247,16,0,84,0,DRIVE [ 82 ] [ 1 ] [ 1562 1915 1787 ] [    0    0    0 ] [      0      0      0 ] [ 1 ],drive [ 81 ] [ 1 ] [ 1592 1915 1790 ] [   20    9   17 ] [   9877  18154  16902 ] [ 1 ],0.90,0.90,0.90,0.90,14.54,0.13,0.00,0.00,0.00,0.00,0.00,-0.00,-0.00,0.00,0.06,0.06,0.06,0.00,0.00,0.00,0.00,0
1.70225,16,0,81,0,DRIVE [ 82 ] [ 1 ] [ 1539 1915 1782 ] [    0    0    0 ] [      0      0      0 ] [ 1 ],drive [ 82 ] [ 1 ] [ 1562 1915 1787 ] [   20    9   17 ] [   9877  18154  16902 ] [ 1 ],0.90,0.90,0.90,0.90,14.82,0.32,0.00,0.00,0.00,0.00,0.00,-0.00,-0.00,0.00,0.06,0.06,0.06,0.00,0.00,0.00,0.00,0
1.71196,16,0,78,0,DRIVE [ 83 ] [ 1 ] [ 1525 1915 1777 ] [    0    0    0 ] [      0      0      0 ] [ 1 ],drive [ 82 ] [ 1 ] [ 1539 1915 1782 ] [   34   19   23 ] [   9877  18154  16902 ] [ 1 ],0.90,0.90,0.90,0.90,14.84,0.29,0.00,0.00,0.00,0.00,0.00,-0.00,-0.00,0.00,0.06,0.06,0.06,0.00,0.00,0.00,0.00,0
1.72197,16,0,76,0,DRIVE [ 83 ] [ 1 ] [ 1522 1915 1772 ] [    0    0    0 ] [      0      0      0 ] [ 1 ],drive [ 83 ] [ 1 ] [ 1525 1915 1777 ] [   34   19   23 ] [   9877  18154  16902 ] [ 1 ],0.90,0.90,0.90,0.90,14.57,0.13,0.00,0.00,0.00,0.00,0.00,-0.00,-0.00,0.00,0.06,0.06,0.06,0.00,0.00,0.00,0.00,0
1.73351,16,0,73,0,DRIVE [ 84 ] [ 1 ] [ 1525 1915 1769 ] [    0    0    0 ] [      0      0      0 ] [ 1 ],drive [ 83 ] [ 1 ] [ 1522 1915 1772 ] [   34   19   23 ] [   9877  18154  16902 ] [ 1 ],0.90,0.90,0.90,0.90,14.07,-0.04,0.00,0.00,0.00,0.00,0.00,-0.00,-0.00,0.00,0.06,0.06,0.06,0.00,0.00,0.00,0.00,0
1.74559,15,0,71,0,DRIVE [ 84 ] [ 1 ] [ 1531 1915 1769 ] [    0    0    0 ] [      0      0      0 ] [ 1 ],drive [ 84 ] [ 1 ] [ 1525 1915 1769 ] [   34   19   23 ] [  10373  17798  16558 ] [ 1 ],0.90,0.90,0.90,0.90,13.45,-0.13,0.00,0.00,0.00,0.00,0.00,-0.00,-0.00,0.00,0.06,0.06,0.06,0.00,0.00,0.00,0.00,0
1.75745,14,0,68,0,DRIVE [ 85 ] [ 1 ] [ 1535 1915 1771 ] [    0    0    0 ] [      0      0      0 ] [ 1 ],drive [ 84 ] [ 1 ] [ 1531 1915 1769 ] [   38   13   37 ] [  10373  17798  16558 ] [ 1 ],0.90,0.90,0.90,0.90,12.88,-0.12,0.00,0.00,0.00,0.00,0.00,-0.00,-0.00,0.00,0.06,0.06,0.06,0.00,0.00,0.00,0.00,0
1.77092,14,0,66,0,DRIVE [ 85 ] [ 1 ] [ 1532 1915 1772 ] [    0    0    0 ] [      0      0      0 ] [ 1 ],drive [ 85 ] [ 1 ] [ 1535 1915 1771 ] [   38   13   37 ] [  10373  17798  16558 ] [ 1 ],0.90,0.90,0.90,0.90,12.48,-0.04,0.00,0.00,0.00,0.00,0.00,-0.00,-0.00,0.00,0.06,0.06,0.06,0.00,0.00,0.00,0.00,0
1.7805,14,0,64,0,DRIVE [ 86 ] [ 1 ] [ 1522 1915 1773 ] [    0    0    0 ] [      0      0      0 ] [ 1 ],drive [ 85 ] [ 1 ] [ 1532 1915 1772 ] [   38   13   37 ] [  10373  17798  16558 ] [ 1 ],0.90,0.90,0.90,0.90,12.24,0.13,0.00,0.00,0.00,0.00,0.00,-0.00,-0.00,0.00,0.06,0.06,0.06,0.00,0.00,0.00,0.00,0
1.79028,13,0,62,0,DRIVE [ 86 ] [ 1 ] [ 1509 1915 1773 ] [    0    0    0 ] [      0      0      0 ] [ 1 ],drive [ 86 ] [ 1 ] [ 1522 1915 1773 ] [   38   13   37 ] [  10430  17683  16526 ] [ 1 ],0.90,0.90,0.90,0.90,12.12,0.30,0.00,0.00,0.00,0.00,0.00,-0.00,-0.00,0.00,0.06,0.06,0.06,0.00,0.00,0.00,0.00,0
1.80141,13,1,59,0,DRIVE [ 87 ] [ 1 ] [ 1492 1915 1775 ] [    0    0    0 ] [      0      0      0 ] [ 1 ],drive [ 86 ] [ 1 ] [ 1509 1915 1773 ] [   38   13   37 ] [  10430  17683  16526 ] [ 1 ],0.90,0.90,0.90,0.90,11.99,0.57,0.00,0.00,0.00,0.00,0.00,-0.00,-0.00,0.00,0.06,0.06,0.06,0.00,0.00,0.00,0.00,0
1.81363,13,1,57,0,DRIVE [ 87 ] [ 1 ] [ 1474 1915 1778 ] [    0    0    0 ] [      0      0      0 ] [ 1 ],drive [ 87 ] [ 1 ] [ 1492 1915 1775 ] [   40    4   37 ] [  10430  17683  16526 ] [ 1 ],0.90,0.90,0.90,0.90,11.82,0.88,0.00,0.00,0.00,0.00,0.00,-0.00,-0.00,0.00,0.06,0.06,0.06,0.00,0.00,0.00,0.00,0
1.8255,13,1,55,0,DRIVE [ 88 ] [ 1 ] [ 1458 1915 1784 ] [    0    0    0 ] [      0      0      0 ] [ 1 ],drive [ 87 ] [ 1 ] [ 1474 1915 1778 ] [   40    4   37 ] [  10430  17683  16526 ] [ 1 ],0.90,0.90,0.90,0.90,11.54,1.21,0.00,0.00,0.00,0.00,0.00,-0.00,-0.00,0.00,0.06,0.06,0.06,0.00,0.00,0.00,0.00,0
1.83747,13,2,53,0,DRIVE [ 88 ] [ 1 ] [ 1440 1915 1791 ] [    0    0    0 ] [      0      0      0 ] [ 1 ],drive [ 88 ] [ 1 ] [ 1458 1915 1784 ] [   40    4   37 ] [  10430  17683  16526 ] [ 1 ],0.90,0.90,0.90,0.90,11.28,1.55,0.00,0.00,0.00,0.00,0.00,-0.00,-0.00,0.00,0.06,0.06,0.06,0.00,0.00,0.00,0.00,0
1.84706,12,2,51,0,DRIVE [ 89 ] [ 1 ] [ 1419 1915 1793 ] [    0    0    0 ] [      0      0      0 ] [ 1 ],drive [ 88 ] [ 1 ] [ 1440 1915 1791 ] [   40    4   37 ] [  10438  17472  16467 ] [ 1 ],0.90,0.90,0.90,0.90,11.15,1.78,0.00,0.00,0.00,0.00,0.00,-0.00,-0.00,0.00,0.06,0.06,0.06,0.00,0.00,0.00,0.00,0
1.85746,12,2,49,0,DRIVE [ 89 ] [ 1 ] [ 1400 1915 1791 ] [    0    0    0 ] [      0      0      0 ] [ 1 ],drive [ 89 ] [ 1 ] [ 1419 1915 1793 ] [   49    5   12 ] [  10438  17472  16467 ] [ 1 ],0.90,0.90,0.90,0.90,11.11,1.86,0.00,0.00,0.00,0.00,0.00,-0.00,-0.00,0.00,0.06,0.06,0.06,0.00,0.00,0.00,0.00,0
1.87013,12,2,47,0,DRIVE [ 90 ] [ 1 ] [ 1378 1915 1785 ] [    0    0    0 ] [      0      0      0 ] [ 1 ],drive [ 89 ] [ 1 ] [ 1400 1915 1791 ] [   49    5   12 ] [  10438  17472  16467 ] [ 1 ],0.90,0.90,0.90,0.90,11.17,1.85,0.00,0.00,0.00,0.00,0.00,-0.00,-0.00,0.00,0.06,0.06,0.06,0.00,0.00,0.00,0.00,0
1.88237,13,2,46,0,DRIVE [ 90 ] [ 1 ] [ 1359 1915 1773 ] [    0    0    0 ] [      0      0      0 ] [ 1 ],drive [ 90 ] [ 1 ] [ 1378 1915 1785 ] [   49    5   12 ] [  10438  17472  16467 ] [ 1 ],0.90,0.90,0.90,0.90,11.27,1.69,0.00,0.00,0.00,0.00,0.00,-0.00,-0.00,0.00,0.06,0.06,0.06,0.00,0.00,0.00,0.00,0
1.89446,13,2,44,0,DRIVE [ 91 ] [ 1 ] [ 1345 1915 1761 ] [    0    0    0 ] [      0      0      0 ] [ 1 ],drive [ 90 ] [ 1 ] [ 1359 1915 1773 ] [   49    5   12 ] [  10456  17416  16130 ] [ 1 ],0.90,0.90,0.90,0.90,11.29,1.46,0.00,0.00,0.00,0.00,0.00,-0.00,-0.00,0.00,0.06,0.06,0.06,0.00,0.00,0.00,0.00,0
1.90502,12,1,42,0,DRIVE [ 91 ] [ 1 ] [ 1333 1915 1748 ] [    0    0    0 ] [      0      0      0 ] [ 1 ],drive [ 91 ] [ 1 ] [ 1345 1915 1761 ] [   49    5   12 ] [  10456  17416  16130 ] [ 1 ],0.90,0.90,0.90,0.90,11.25,1.22,0.00,0.00,0.00,0.00,0.00,-0.00,-0.00,0.00,0.06,0.06,0.06,0.00,0.00,0.00,0.00,0
1.91534,12,1,40,0,DRIVE [ 92 ] [ 1 ] [ 1326 1915 1736 ] [    0    0    0 ] [      0      0      0 ] [ 1 ],drive [ 91 ] [ 1 ] [ 1333 1915 1748 ] [   64    8   13 ] [  10456  17416  16130 ] [ 1 ],0.90,0.90,0.90,0.90,11.10,0.96,0.00,0.00,0.00,0.00,0.00,-0.00,0.00,0.00,0.06,0.06,0.06,0.00,0.00,0.00,0.00,0
1.92625,12,1,39,0,DRIVE [ 92 ] [ 1 ] [ 1323 1915 1727 ] [    0    0    0 ] [      0      0      0 ] [ 1 ],drive [ 92 ] [ 1 ] [ 1326 1915 1736 ] [   64    8   13 ] [  10456  17416  16130 ] [ 1 ],0.90,0.90,0.90,0.90,10.83,0.76,0.00,0.00,0.00,0.00,0.00,-0.00,0.00,0.00,0.06,0.06,0.06,0.00,0.00,0.00,0.00,0
1.93856,12,1,37,0,DRIVE [ 93 ] [ 1 ] [ 1323 1915 1726 ] [    0    0    0 ] [      0      0      0 ] [ 1 ],drive [ 92 ] [ 1 ] [ 1323 1915 1727 ] [   64    8   13 ] [  10456  17416  16130 ] [ 1 ],0.90,0.90,0.90,0.90,10.41,0.71,0.00,0.00,0.00,0.00,0.00,-0.00,0.00,0.00,0.06,0.06,0.06,0.00,0.00,0.00,0.00,0
1.94945,11,1,35,0,DRIVE [ 93 ] [ 1 ] [ 1318 1915 1732 ] [    0    0    0 ] [      0      0      0 ] [ 1 ],drive [ 93 ] [ 1 ] [ 1323 1915 1726 ] [   64    8   13 ] [  10821  17062  15973 ] [ 1 ],0.90,0.90,0.90,0.90,9.90,0.83,0.00,0.00,0.00,0.00,0.00,-0.00,0.00,0.00,0.06,0.06,0.06,0.00,0.00,0.00,0.00,0
1.96192,10,1,34,0,DRIVE [ 94 ] [ 1 ] [ 1312 1915 1743 ] [    0    0    0 ] [      0      0      0 ] [ 1 ],drive [ 93 ] [ 1 ] [ 1318 1915 1732 ] [   67   15   39 ] [  10821  17062  15973 ] [ 1 ],0.90,0.90,0.90,0.90,9.34,1.05,0.00,0.00,0.00,0.00,0.00,-0.00,0.00,0.00,0.06,0.06,0.06,0.00,0.00,0.00,0.00,0
1.97148,10,1,32,0,DRIVE [ 94 ] [ 1 ] [ 1304 1915 1757 ] [    0    0    0 ] [      0      0      0 ] [ 1 ],drive [ 94 ] [ 1 ] [ 1312 1915 1743 ] [   67   15   39 ] [  10821  17062  15973 ] [ 1 ],0.90,0.90,0.90,0.90,8.77,1.27,0.00,0.00,0.00,0.00,0.00,-0.00,0.00,0.00,0.06,0.06,0.06,0.00,0.00,0.00,0.00,0
1.98153,9,2,30,0,DRIVE [ 95 ] [ 1 ] [ 1286 1915 1769 ] [    0    0    0 ] [      0      0      0 ] [ 1 ],drive [ 94 ] [ 1 ] [ 1304 1915 1757 ] [   67   15   39 ] [  10821  17062  15973 ] [ 1 ],0.90,0.90,0.90,0.90,8.33,1.53,0.00,0.00,0.00,0.00,0.00,-0.00,0.00,0.00,0.06,0.06,0.06,0.00,0.00,0.00,0.00,0
1.99385,9,2,29,0,DRIVE [ 95 ] [ 1 ] [ 1256 1915 1775 ] [    0    0    0 ] [      0      0      0 ] [ 1 ],drive [ 95 ] [ 1 ] [ 1286 1915 1769 ] [   67   15   39 ] [  10953  16685  15956 ] [ 1 ],0.90,0.90,0.90,0.90,8.06,1.72,0.00,0.00,0.00,0.00,0.00,-0.00,0.00,0.00,0.06,0.06,0.06,0.00,0.00,0.00,0.00,0
2.00697,9,2,27,0,DRIVE [ 96 ] [ 1 ] [ 1230 1915 1771 ] [    0    0    0 ] [      0      0      0 ] [ 1 ],drive [ 95 ] [ 1 ] [ 1256 1915 1775 ] [   67   15   39 ] [  10953  16685  15956 ] [ 1 ],0.90,0.90,0.90,0.90,8.00,1.78,0.00,0.00,0.00,0.00,0.00,-0.00,0.00,0.00,0.06,0.06,0.06,0.00,0.00,0.00,0.00,0
2.01947,9,2,26,0,DRIVE [ 96 ] [ 1 ] [ 1230 1915 1762 ] [    0    0    0 ] [      0      0      0 ] [ 1 ],drive [ 96 ] [ 1 ] [ 1230 1915 1771 ] [   75   14   22 ] [  10953  16685  15956 ] [ 1 ],0.90,0.90,0.90,0.90,8.09,1.83,0.00,0.00,0.00,0.00,0.00,-0.00,0.00,0.00,0.06,0.06,0.06,0.00,0.00,0.00,0.00,0
2.03078,9,2,24,1,DRIVE [ 97 ] [ 1 ] [ 1230 1915 1755 ] [    0    0    0 ] [      0      0      0 ] [ 1 ],drive [ 96 ] [ 1 ] [ 1230 1915 1762 ] [   75   14   22 ] [  10953  16685  15956 ] [ 1 ],0.90,0.90,0.90,0.90,8.20,1.92,0.00,0.00,0.00,0.00,0.00,-0.00,0.00,0.00,0.06,0.06,0.06,0.00,0.00,0.00,0.00,0
