timestamp,Xmm,Ymm,Zmm,TouchDetected,OutgoingPacket,IncomingPacket,GainPropAb, GainPropAd, GainPropFl, GainPropEx,PropA, PropB, PropC,GainIntegAb, GainIntegAd, GainIntegFl, GainIntegEx,IntegA, IntegB, IntegC,GainDerivAb, GainDerivAd, GainDerivFl, GainDerivEx,DerivA, DerivB, DerivC,Heading5
2.045,168,-85,634,1,DRIVE [ 20 ] [ 1 ] [ 1230 1909 1762 ] [    0    0    0 ] [      0      0      0 ] [ 0 ],drive [ 19 ] [ 1 ] [ 1230 1909 1746 ] [   65    3   39 ] [  13167  17074  15373 ] [ 0 ],0.90,0.90,0.90,0.90,14.41,3.84,0.00,0.00,0.00,0.00,0.00,0.00,0.00,0.00,0.06,0.06,0.06,0.00,0.00,0.00,0.00,0
0.00134188,168,-85,634,0,DRIVE [ 83 ] [ 1 ] [ 1926 1909 1926 ] [    0    0    0 ] [      0      0      0 ] [ 0 ],drive [ 82 ] [ 1 ] [ 1576 1909 1583 ] [   37    7   53 ] [  10731  16993  18552 ] [ 0 ],0.90,0.90,0.90,0.90,122.32,-62.02,0.00,0.00,0.00,0.00,0.00,0.00,0.00,0.00,0.06,0.06,0.06,0.00,0.00,0.00,0.00,0
0.0179122,168,-85,634,0,DRIVE [ 83 ] [ 1 ] [ 1926 1909 1926 ] [    0    0    0 ] [      0      0      0 ] [ 0 ],drive [ 83 ] [ 1 ] [ 1926 1909 1926 ] [   37    7   53 ] [  10731  16993  18552 ] [ 0 ],0.90,0.90,0.90,0.90,110.09,-55.82,0.00,0.00,0.00,0.00,0.00,0.00,0.00,0.00,0.06,0.06,0.06,0.00,0.00,0.00,0.00,0
0.032706,168,-85,634,0,DRIVE [ 84 ] [ 1 ] [ 1926 1909 1926 ] [    0    0    0 ] [      0      0      0 ] [ 0 ],drive [ 83 ] [ 1 ] [ 1926 1909 1926 ] [   37    7   53 ] [  10731  16993  18552 ] [ 0 ],0.90,0.90,0.90,0.90,99.08,-50.24,0.00,0.00,0.00,0.00,0.00,0.00,0.00,0.00,0.06,0.06,0.06,0.00,0.00,0.00,0.00,0
0.0474288,165,-97,672,0,DRIVE [ 84 ] [ 1 ] [ 1920 1909 1920 ] [    0    0    0 ] [      0      0      0 ] [ 0 ],drive [ 84 ] [ 1 ] [ 1926 1909 1926 ] [   37    7   53 ] [  10498  17049  18563 ] [ 0 ],0.90,0.90,0.90,0.90,148.27,-87.54,0.00,0.00,0.00,0.00,0.00,0.00,0.00,0.00,0.06,0.06,0.06,0.00,0.00,0.00,0.00,0
0.0632489,162,-96,658,0,DRIVE [ 85 ] [ 1 ] [ 1915 1909 1914 ] [    0    0    0 ] [      0      0      0 ] [ 0 ],drive [ 84 ] [ 1 ] [ 1920 1909 1920 ] [    4   19   12 ] [  10498  17049  18563 ] [ 0 ],0.90,0.90,0.90,0.90,145.69,-86.02,0.00,0.00,0.00,0.00,0.00,0.00,0.00,0.00,0.06,0.06,0.06,0.00,-0.00,0.00,0.00,0
0.0791106,162,-96,658,0,DRIVE [ 85 ] [ 1 ] [ 1916 1909 1915 ] [    0    0    0 ] [      0      0      0 ] [ 0 ],drive [ 85 ] [ 1 ] [ 1915 1909 1914 ] [    4   19   12 ] [  10498  17049  18563 ] [ 0 ],0.90,0.90,0.90,0.90,131.12,-77.42,0.00,0.00,0.00,0.00,0.00,0.00,0.00,0.00,0.06,0.06,0.06,0.00,-0.00,0.00,0.00,0
0.0929513,166,-96,654,0,DRIVE [ 86 ] [ 1 ] [ 1903 1909 1901 ] [    0    0    0 ] [      0      0      0 ] [ 0 ],drive [ 85 ] [ 1 ] [ 1916 1909 1915 ] [    4   19   12 ] [   8633  17325  18272 ] [ 0 ],0.90,0.90,0.90,0.90,149.79,-86.64,0.00,0.00,0.00,0.00,0.00,0.00,0.00,0.00,0.06,0.06,0.06,0.00,0.00,0.00,0.00,0
0.108546,166,-96,654,0,DRIVE [ 86 ] [ 1 ] [ 1905 1909 1903 ] [    0    0    0 ] [      0      0      0 ] [ 0 ],drive [ 86 ] [ 1 ] [ 1903 1909 1901 ] [   14   16   11 ] [   8633  17325  18272 ] [ 0 ],0.90,0.90,0.90,0.90,134.81,-77.98,0.00,0.00,0.00,0.00,0.00,0.00,0.00,0.00,0.06,0.06,0.06,0.00,0.00,0.00,0.00,0
0.125559,166,-96,654,0,DRIVE [ 87 ] [ 1 ] [ 1907 1909 1906 ] [    0    0    0 ] [      0      0      0 ] [ 0 ],drive [ 86 ] [ 1 ] [ 1905 1909 1903 ] [   14   16   11 ] [   8633  17325  18272 ] [ 0 ],0.90,0.90,0.90,0.90,121.33,-70.18,0.00,0.00,0.00,0.00,0.00,0.00,0.00,0.00,0.06,0.06,0.06,0.00,0.00,0.00,0.00,0
0.140958,182,-102,648,0,DRIVE [ 87 ] [ 1 ] [ 1881 1909 1879 ] [    0    0    0 ] [      0      0      0 ] [ 0 ],drive [ 87 ] [ 1 ] [ 1907 1909 1906 ] [   14   16   11 ] [   8365  17331  18276 ] [ 0 ],0.90,0.90,0.90,0.90,163.75,-92.03,0.00,0.00,0.00,0.00,0.00,0.00,0.00,0.00,0.06,0.06,0.06,0.00,0.00,0.00,0.00,0
0.156006,191,-106,645,0,DRIVE [ 88 ] [ 1 ] [ 1872 1909 1869 ] [    0    0    0 ] [      0      0      0 ] [ 0 ],drive [ 87 ] [ 1 ] [ 1881 1909 1879 ] [    4   15   10 ] [   8365  17331  18276 ] [ 0 ],0.90,0.90,0.90,0.90,172.11,-95.45,0.00,0.00,0.00,0.00,0.00,0.00,0.00,0.00,0.06,0.06,0.06,0.00,0.00,0.00,0.00,0
0.171086,180,-117,639,0,DRIVE [ 88 ] [ 1 ] [ 1870 1909 1859 ] [    0    0    0 ] [      0      0      0 ] [ 0 ],drive [ 88 ] [ 1 ] [ 1872 1909 1869 ] [    4   15   10 ] [   8365  17331  18276 ] [ 0 ],0.90,0.90,0.90,0.90,161.71,-105.44,0.00,0.00,0.00,0.00,0.00,0.00,0.00,0.00,0.06,0.06,0.06,0.00,0.00,0.00,0.00,0
0.186012,172,-125,640,0,DRIVE [ 89 ] [ 1 ] [ 1868 1909 1849 ] [    0    0    0 ] [      0      0      0 ] [ 0 ],drive [ 88 ] [ 1 ] [ 1870 1909 1859 ] [    4   15   10 ] [   8403  17332  18272 ] [ 0 ],0.90,0.90,0.90,0.90,155.20,-112.42,0.00,0.00,0.00,0.00,0.00,0.00,0.00,0.00,0.06,0.06,0.06,0.00,0.00,0.00,0.00,0
0.200725,165,-128,637,0,DRIVE [ 89 ] [ 1 ] [ 1865 1909 1841 ] [    0    0    0 ] [      0      0      0 ] [ 0 ],drive [ 89 ] [ 1 ] [ 1868 1909 1849 ] [   10   16   17 ] [   8403  17332  18272 ] [ 0 ],0.90,0.90,0.90,0.90,148.64,-115.32,0.00,0.00,0.00,0.00,0.00,0.00,0.00,0.00,0.06,0.06,0.06,0.00,0.00,0.00,0.00,0
0.215434,159,-129,632,0,DRIVE [ 90 ] [ 1 ] [ 1862 1909 1833 ] [    0    0    0 ] [      0      0      0 ] [ 0 ],drive [ 89 ] [ 1 ] [ 1865 1909 1841 ] [   10   16   17 ] [   8403  17332  18272 ] [ 0 ],0.90,0.90,0.90,0.90,142.80,-116.17,0.00,0.00,0.00,0.00,0.00,0.00,0.00,0.00,0.06,0.06,0.06,0.00,-0.40,0.33,0.00,0
0.229979,154,-128,628,0,DRIVE [ 90 ] [ 1 ] [ 1859 1909 1827 ] [    0    0    0 ] [      0      0      0 ] [ 0 ],drive [ 90 ] [ 1 ] [ 1862 1909 1833 ] [   10   16   17 ] [   8403  17332  18272 ] [ 0 ],0.90,0.90,0.90,0.90,138.57,-115.25,0.00,0.00,0.00,0.00,0.00,0.00,0.00,0.00,0.06,0.06,0.06,0.00,-0.96,0.80,0.00,0
0.243795,148,-123,609,0,DRIVE [ 91 ] [ 1 ] [ 1856 1909 1821 ] [    0    0    0 ] [      0      0      0 ] [ 0 ],drive [ 90 ] [ 1 ] [ 1859 1909 1827 ] [   10   16   17 ] [   8408  17312  18272 ] [ 0 ],0.90,0.90,0.90,0.90,132.85,-111.12,0.00,0.00,0.00,0.00,0.00,0.00,0.00,0.00,0.06,0.06,0.06,0.00,-2.14,1.79,0.00,0
0.258299,147,-123,610,0,DRIVE [ 91 ] [ 1 ] [ 1852 1909 1816 ] [    0    0    0 ] [      0      0      0 ] [ 0 ],drive [ 91 ] [ 1 ] [ 1856 1909 1821 ] [   11   25   18 ] [   8408  17312  18272 ] [ 0 ],0.90,0.90,0.90,0.90,132.61,-110.35,0.00,0.00,0.00,0.00,0.00,0.00,0.00,0.00,0.06,0.06,0.06,0.00,-2.20,1.83,0.00,0
0.272604,148,-122,612,0,DRIVE [ 92 ] [ 1 ] [ 1847 1909 1809 ] [    0    0    0 ] [      0      0      0 ] [ 0 ],drive [ 91 ] [ 1 ] [ 1852 1909 1816 ] [   11   25   18 ] [   8408  17312  18272 ] [ 0 ],0.90,0.90,0.90,0.90,133.35,-109.50,0.00,0.00,0.00,0.00,0.00,0.00,0.00,0.00,0.06,0.06,0.06,0.00,-2.14,1.75,0.00,0
0.286881,149,-119,605,0,DRIVE [ 92 ] [ 1 ] [ 1840 1909 1803 ] [    0    0    0 ] [      0      0      0 ] [ 0 ],drive [ 92 ] [ 1 ] [ 1847 1909 1809 ] [   11   25   18 ] [   8427  17285  18272 ] [ 0 ],0.90,0.90,0.90,0.90,134.48,-107.25,0.00,0.00,0.00,0.00,0.00,0.00,0.00,0.00,0.06,0.06,0.06,0.00,-2.22,1.77,0.00,0
0.30098,152,-117,600,0,DRIVE [ 93 ] [ 1 ] [ 1832 1909 1796 ] [    0    0    0 ] [      0      0      0 ] [ 0 ],drive [ 92 ] [ 1 ] [ 1840 1909 1803 ] [   26    5   21 ] [   8427  17285  18272 ] [ 0 ],0.90,0.90,0.90,0.90,136.47,-105.49,0.00,0.00,0.00,0.00,0.00,0.00,0.00,0.00,0.06,0.06,0.06,0.00,-2.06,1.59,0.00,0
0.314982,154,-115,595,0,DRIVE [ 93 ] [ 1 ] [ 1824 1909 1789 ] [    0    0    0 ] [      0      0      0 ] [ 0 ],drive [ 93 ] [ 1 ] [ 1832 1909 1796 ] [   26    5   21 ] [   8427  17285  18272 ] [ 0 ],0.90,0.90,0.90,0.90,138.77,-103.94,0.00,0.00,0.00,0.00,0.00,0.00,0.00,0.00,0.06,0.06,0.06,0.00,-1.78,1.33,0.00,0
0.329153,158,-115,594,0,DRIVE [ 94 ] [ 1 ] [ 1815 1909 1781 ] [    0    0    0 ] [      0      0      0 ] [ 0 ],drive [ 93 ] [ 1 ] [ 1824 1909 1789 ] [   26    5   21 ] [   8427  17285  18272 ] [ 0 ],0.90,0.90,0.90,0.90,142.30,-103.25,0.00,0.00,0.00,0.00,0.00,0.00,0.00,0.00,0.06,0.06,0.06,0.00,-1.09,0.79,0.00,0
0.343594,162,-114,587,0,DRIVE [ 94 ] [ 1 ] [ 1805 1909 1771 ] [    0    0    0 ] [      0      0      0 ] [ 0 ],drive [ 94 ] [ 1 ] [ 1815 1909 1781 ] [   26    5   21 ] [   8833  17079  18265 ] [ 0 ],0.90,0.90,0.90,0.90,145.53,-102.43,0.00,0.00,0.00,0.00,0.00,0.00,0.00,0.00,0.06,0.06,0.06,0.00,-0.47,0.33,0.00,0
0.358246,165,-114,584,0,DRIVE [ 95 ] [ 1 ] [ 1795 1909 1762 ] [    0    0    0 ] [      0      0      0 ] [ 0 ],drive [ 94 ] [ 1 ] [ 1805 1909 1771 ] [   17    1   28 ] [   8833  17079  18265 ] [ 0 ],0.90,0.90,0.90,0.90,148.95,-102.26,0.00,0.00,0.00,0.00,0.00,0.00,0.00,0.00,0.06,0.06,0.06,0.00,0.00,0.00,0.00,0
0.372873,169,-113,581,0,DRIVE [ 95 ] [ 1 ] [ 1785 1909 1753 ] [    0    0    0 ] [      0      0      0 ] [ 0 ],drive [ 95 ] [ 1 ] [ 1795 1909 1762 ] [   17    1   28 ] [   8833  17079  18265 ] [ 0 ],0.90,0.90,0.90,0.90,152.24,-102.13,0.00,0.00,0.00,0.00,0.00,0.00,0.00,0.00,0.06,0.06,0.06,0.00,0.00,0.00,0.00,0
0.38756,171,-113,575,0,DRIVE [ 96 ] [ 1 ] [ 1775 1909 1744 ] [    0    0    0 ] [      0      0      0 ] [ 0 ],drive [ 95 ] [ 1 ] [ 1785 1909 1753 ] [   17    1   28 ] [   8902  16998  18265 ] [ 0 ],0.90,0.90,0.90,0.90,154.15,-101.34,0.00,0.00,0.00,0.00,0.00,0.00,0.00,0.00,0.06,0.06,0.06,0.00,0.00,0.00,0.00,0
0.401848,174,-112,568,0,DRIVE [ 96 ] [ 1 ] [ 1764 1909 1734 ] [    0    0    0 ] [      0      0      0 ] [ 0 ],drive [ 96 ] [ 1 ] [ 1775 1909 1744 ] [   36   16   30 ] [   8902  16998  18265 ] [ 0 ],0.90,0.90,0.90,0.90,156.67,-100.62,0.00,0.00,0.00,0.00,0.00,0.00,0.00,0.00,0.06,0.06,0.06,0.00,0.00,0.00,0.00,0
0.41645,175,-110,555,0,DRIVE [ 97 ] [ 1 ] [ 1752 1909 1724 ] [    0    0    0 ] [      0      0      0 ] [ 0 ],drive [ 96 ] [ 1 ] [ 1764 1909 1734 ] [   36   16   30 ] [   8902  16998  18265 ] [ 0 ],0.90,0.90,0.90,0.90,157.47,-99.05,0.00,0.00,0.00,0.00,0.00,0.00,0.00,0.00,0.06,0.06,0.06,0.00,0.00,0.00,0.00,0
0.430846,178,-110,548,0,DRIVE [ 97 ] [ 1 ] [ 1740 1909 1713 ] [    0    0    0 ] [      0      0      0 ] [ 0 ],drive [ 97 ] [ 1 ] [ 1752 1909 1724 ] [   36   16   30 ] [   8902  16998  18265 ] [ 0 ],0.90,0.90,0.90,0.90,159.82,-98.66,0.00,0.00,0.00,0.00,0.00,0.00,0.00,0.00,0.06,0.06,0.06,0.00,0.00,0.00,0.00,0
0.445252,180,-109,540,0,DRIVE [ 98 ] [ 1 ] [ 1727 1909 1702 ] [    0    0    0 ] [      0      0      0 ] [ 0 ],drive [ 97 ] [ 1 ] [ 1740 1909 1713 ] [   36   16   30 ] [   9653  16968  18260 ] [ 0 ],0.90,0.90,0.90,0.90,162.21,-98.23,0.00,0.00,0.00,0.00,0.00,0.00,0.00,0.00,0.06,0.06,0.06,0.00,0.00,0.00,0.00,0
0.460019,183,-109,535,0,DRIVE [ 98 ] [ 1 ] [ 1714 1909 1692 ] [    0    0    0 ] [      0      0      0 ] [ 0 ],drive [ 98 ] [ 1 ] [ 1727 1909 1702 ] [   22    6   38 ] [   9653  16968  18260 ] [ 0 ],0.90,0.90,0.90,0.90,164.89,-97.81,0.00,0.00,0.00,0.00,0.00,0.00,0.00,0.00,0.06,0.06,0.06,0.00,0.00,0.00,0.00,0
0.474559,184,-107,527,0,DRIVE [ 99 ] [ 1 ] [ 1702 1909 1682 ] [    0    0    0 ] [      0      0      0 ] [ 0 ],drive [ 98 ] [ 1 ] [ 1714 1909 1692 ] [   22    6   38 ] [   9653  16968  18260 ] [ 0 ],0.90,0.90,0.90,0.90,165.95,-96.35,0.00,0.00,0.00,0.00,0.00,0.00,0.00,0.00,0.06,0.06,0.06,0.00,0.00,0.00,0.00,0
0.489228,185,-104,515,0,DRIVE [ 99 ] [ 1 ] [ 1687 1909 1673 ] [    0    0    0 ] [      0      0      0 ] [ 0 ],drive [ 99 ] [ 1 ] [ 1702 1909 1682 ] [   22    6   38 ] [   9992  16802  18247 ] [ 0 ],0.90,0.90,0.90,0.90,166.20,-93.40,0.00,0.00,0.00,0.00,0.00,0.00,0.00,0.00,0.06,0.06,0.06,0.00,0.00,0.00,0.00,0
0.503746,185,-101,505,0,DRIVE [ 00 ] [ 1 ] [ 1673 1909 1664 ] [    0    0    0 ] [      0      0      0 ] [ 0 ],drive [ 99 ] [ 1 ] [ 1687 1909 1673 ] [   26    3   47 ] [   9992  16802  18247 ] [ 0 ],0.90,0.90,0.90,0.90,166.77,-91.06,0.00,0.00,0.00,0.00,0.00,0.00,0.00,0.00,0.06,0.06,0.06,0.00,0.00,0.00,0.00,0
0.518237,186,-99,496,0,DRIVE [ 00 ] [ 1 ] [ 1658 1909 1654 ] [    0    0    0 ] [      0      0      0 ] [ 0 ],drive [ 00 ] [ 1 ] [ 1673 1909 1664 ] [   26    3   47 ] [   9992  16802  18247 ] [ 0 ],0.90,0.90,0.90,0.90,167.56,-89.17,0.00,0.00,0.00,0.00,0.00,0.00,0.00,0.00,0.06,0.06,0.06,0.00,0.00,0.00,0.00,0
0.532755,188,-98,490,0,DRIVE [ 01 ] [ 1 ] [ 1644 1909 1644 ] [    0    0    0 ] [      0      0      0 ] [ 0 ],drive [ 00 ] [ 1 ] [ 1658 1909 1654 ] [   26    3   47 ] [   9992  16802  18247 ] [ 0 ],0.90,0.90,0.90,0.90,169.27,-87.95,0.00,0.00,0.00,0.00,0.00,0.00,0.00,0.00,0.06,0.06,0.06,0.00,0.00,0.00,0.00,0
0.54777,188,-94,478,0,DRIVE [ 01 ] [ 1 ] [ 1627 1909 1636 ] [    0    0    0 ] [      0      0      0 ] [ 0 ],drive [ 01 ] [ 1 ] [ 1644 1909 1644 ] [   26    3   47 ] [  10047  16559  18242 ] [ 0 ],0.90,0.90,0.90,0.90,168.86,-84.24,0.00,0.00,0.00,0.00,0.00,0.00,0.00,0.00,0.06,0.06,0.06,0.00,0.00,0.00,0.00,0
0.562335,187,-89,467,0,DRIVE [ 02 ] [ 1 ] [ 1610 1909 1630 ] [    0    0    0 ] [      0      0      0 ] [ 0 ],drive [ 01 ] [ 1 ] [ 1627 1909 1636 ] [   27    9   49 ] [  10047  16559  18242 ] [ 0 ],0.90,0.90,0.90,0.90,168.38,-80.37,0.00,0.00,0.00,0.00,0.00,0.00,0.00,0.00,0.06,0.06,0.06,0.00,0.00,0.00,0.00,0
0.576782,188,-85,461,0,DRIVE [ 02 ] [ 1 ] [ 1594 1909 1625 ] [    0    0    0 ] [      0      0      0 ] [ 0 ],drive [ 02 ] [ 1 ] [ 1610 1909 1630 ] [   27    9   49 ] [  10047  16559  18242 ] [ 0 ],0.90,0.90,0.90,0.90,169.12,-76.63,0.00,0.00,0.00,0.00,0.00,0.00,0.00,0.00,0.06,0.06,0.06,0.00,0.00,0.00,0.00,0
0.591522,187,-81,453,0,DRIVE [ 03 ] [ 1 ] [ 1577 1909 1621 ] [    0    0    0 ] [      0      0      0 ] [ 0 ],drive [ 02 ] [ 1 ] [ 1594 1909 1625 ] [   27    9   49 ] [  10339  16557  18243 ] [ 0 ],0.90,0.90,0.90,0.90,168.55,-72.58,0.00,0.00,0.00,0.00,0.00,0.00,0.00,0.00,0.06,0.06,0.06,0.00,0.00,0.00,0.00,0
0.605983,187,-75,444,0,DRIVE [ 03 ] [ 1 ] [ 1559 1909 1619 ] [    0    0    0 ] [      0      0      0 ] [ 0 ],drive [ 03 ] [ 1 ] [ 1577 1909 1621 ] [   43   10   52 ] [  10339  16557  18243 ] [ 0 ],0.90,0.90,0.90,0.90,168.12,-67.83,0.00,0.00,0.00,0.00,0.00,0.00,0.00,0.00,0.06,0.06,0.06,0.00,-0.30,0.12,0.00,0
0.620707,184,-70,432,0,DRIVE [ 04 ] [ 1 ] [ 1544 1909 1619 ] [    0    0    0 ] [      0      0      0 ] [ 0 ],drive [ 03 ] [ 1 ] [ 1559 1909 1619 ] [   43   10   52 ] [  10339  16557  18243 ] [ 0 ],0.90,0.90,0.90,0.90,165.69,-62.73,0.00,0.00,0.00,0.00,0.00,0.00,0.00,0.00,0.06,0.06,0.06,0.00,-1.55,0.59,0.00,0
0.634862,182,-65,422,0,DRIVE [ 04 ] [ 1 ] [ 1530 1909 1618 ] [    0    0    0 ] [      0      0      0 ] [ 0 ],drive [ 04 ] [ 1 ] [ 1544 1909 1619 ] [   43   10   52 ] [  10347  16521  18244 ] [ 0 ],0.90,0.90,0.90,0.90,163.85,-58.43,0.00,0.00,0.00,0.00,0.00,0.00,0.00,0.00,0.06,0.06,0.06,0.00,-2.42,0.86,0.00,0
0.64883,179,-59,411,0,DRIVE [ 05 ] [ 1 ] [ 1514 1909 1620 ] [    0    0    0 ] [      0      0      0 ] [ 0 ],drive [ 04 ] [ 1 ] [ 1530 1909 1618 ] [   43   10   52 ] [  10347  16521  18244 ] [ 0 ],0.90,0.90,0.90,0.90,161.53,-53.20,0.00,0.00,0.00,0.00,0.00,0.00,0.00,0.00,0.06,0.06,0.06,0.00,-3.43,1.13,0.00,0
0.663305,179,-54,405,0,DRIVE [ 05 ] [ 1 ] [ 1496 1909 1621 ] [    0    0    0 ] [      0      0      0 ] [ 0 ],drive [ 05 ] [ 1 ] [ 1514 1909 1620 ] [   48    5   53 ] [  10347  16521  18244 ] [ 0 ],0.90,0.90,0.90,0.90,160.83,-48.84,0.00,0.00,0.00,0.00,0.00,0.00,0.00,0.00,0.06,0.06,0.06,0.00,-3.68,1.12,0.00,0
0.67716,177,-49,398,0,DRIVE [ 06 ] [ 1 ] [ 1478 1909 1622 ] [    0    0    0 ] [      0      0      0 ] [ 0 ],drive [ 05 ] [ 1 ] [ 1496 1909 1621 ] [   48    5   53 ] [  10347  16521  18244 ] [ 0 ],0.90,0.90,0.90,0.90,159.69,-44.36,0.00,0.00,0.00,0.00,0.00,0.00,0.00,0.00,0.06,0.06,0.06,0.00,-4.04,1.12,0.00,0
0.690739,174,-42,387,0,DRIVE [ 06 ] [ 1 ] [ 1462 1909 1631 ] [    0    0    0 ] [      0      0      0 ] [ 0 ],drive [ 06 ] [ 1 ] [ 1478 1909 1622 ] [   48    5   53 ] [  10597  16419  18244 ] [ 0 ],0.90,0.90,0.90,0.90,156.22,-37.66,0.00,0.00,0.00,0.00,0.00,0.00,0.00,0.00,0.06,0.06,0.06,0.00,-5.22,1.26,0.00,0
0.705071,170,-35,378,0,DRIVE [ 07 ] [ 1 ] [ 1447 1909 1641 ] [    0    0    0 ] [      0      0      0 ] [ 0 ],drive [ 06 ] [ 1 ] [ 1462 1909 1631 ] [   44   14   53 ] [  10597  16419  18244 ] [ 0 ],0.90,0.90,0.90,0.90,152.85,-31.61,0.00,0.00,0.00,0.00,0.00,0.00,0.00,0.00,0.06,0.06,0.06,0.00,-6.16,1.27,0.00,0
0.718724,166,-29,371,0,DRIVE [ 07 ] [ 1 ] [ 1434 1909 1649 ] [    0    0    0 ] [      0      0      0 ] [ 0 ],drive [ 07 ] [ 1 ] [ 1447 1909 1641 ] [   44   14   53 ] [  10597  16419  18244 ] [ 0 ],0.90,0.90,0.90,0.90,149.62,-26.40,0.00,0.00,0.00,0.00,0.00,0.00,0.00,0.00,0.06,0.06,0.06,0.00,-6.91,1.22,0.00,0
0.7328,163,-24,367,0,DRIVE [ 08 ] [ 1 ] [ 1421 1909 1658 ] [    0    0    0 ] [      0      0      0 ] [ 0 ],drive [ 07 ] [ 1 ] [ 1434 1909 1649 ] [   44   14   53 ] [  10597  16419  18244 ] [ 0 ],0.90,0.90,0.90,0.90,146.84,-21.43,0.00,0.00,0.00,0.00,0.00,0.00,0.00,0.00,0.06,0.06,0.06,0.00,-7.35,1.07,0.00,0
0.74603,158,-17,358,0,DRIVE [ 08 ] [ 1 ] [ 1410 1909 1672 ] [    0    0    0 ] [      0      0      0 ] [ 0 ],drive [ 08 ] [ 1 ] [ 1421 1909 1658 ] [   44   14   53 ] [  10937  16366  18241 ] [ 0 ],0.90,0.90,0.90,0.90,142.08,-15.57,0.00,0.00,0.00,0.00,0.00,0.00,0.00,0.00,0.06,0.06,0.06,0.00,-8.36,0.92,0.00,0
0.759311,154,-12,351,0,DRIVE [ 09 ] [ 1 ] [ 1397 1909 1683 ] [    0    0    0 ] [      0      0      0 ] [ 0 ],drive [ 08 ] [ 1 ] [ 1410 1909 1672 ] [   52   22   50 ] [  10937  16366  18241 ] [ 0 ],0.90,0.90,0.90,0.90,138.42,-10.35,0.00,0.00,0.00,0.00,0.00,0.00,0.00,0.00,0.06,0.06,0.06,0.00,-8.79,0.66,0.00,0
0.773277,151,-6,346,0,DRIVE [ 09 ] [ 1 ] [ 1379 1909 1693 ] [    0    0    0 ] [      0      0      0 ] [ 0 ],drive [ 09 ] [ 1 ] [ 1397 1909 1683 ] [   52   22   50 ] [  10937  16366  18241 ] [ 0 ],0.90,0.90,0.90,0.90,135.65,-5.46,0.00,0.00,0.00,0.00,0.00,0.00,0.00,0.00,0.06,0.06,0.06,0.00,-8.73,0.35,0.00,0
0.786665,148,-1,342,0,DRIVE [ 10 ] [ 1 ] [ 1358 1909 1701 ] [    0    0    0 ] [      0      0      0 ] [ 0 ],drive [ 09 ] [ 1 ] [ 1379 1909 1693 ] [   52   22   50 ] [  11210  16193  18211 ] [ 0 ],0.90,0.90,0.90,0.90,133.53,-0.93,0.00,0.00,0.00,0.00,0.00,0.00,0.00,0.00,0.06,0.06,0.06,0.00,-8.35,0.06,0.00,0
0.800004,144,5,334,0,DRIVE [ 10 ] [ 1 ] [ 1338 1909 1716 ] [    0    0    0 ] [      0      0      0 ] [ 0 ],drive [ 10 ] [ 1 ] [ 1358 1909 1701 ] [   50   17   29 ] [  11210  16193  18211 ] [ 0 ],0.90,0.90,0.90,0.90,129.39,4.90,0.00,0.00,0.00,0.00,0.00,0.00,0.00,0.00,0.06,0.06,0.06,0.00,-8.39,-0.32,0.00,0
0.813093,139,11,327,0,DRIVE [ 11 ] [ 1 ] [ 1317 1909 1731 ] [    0    0    0 ] [      0      0      0 ] [ 0 ],drive [ 10 ] [ 1 ] [ 1338 1909 1716 ] [   50   17   29 ] [  11210  16193  18211 ] [ 0 ],0.90,0.90,0.90,0.90,125.34,10.28,0.00,0.00,0.00,0.00,0.00,0.00,0.00,0.00,0.06,0.06,0.06,0.00,-8.25,-0.68,0.00,0
0.83217,134,17,318,0,DRIVE [ 11 ] [ 1 ] [ 1298 1909 1745 ] [    0    0    0 ] [      0      0      0 ] [ 0 ],drive [ 11 ] [ 1 ] [ 1317 1909 1731 ] [   50   17   29 ] [  11210  16193  18211 ] [ 0 ],0.90,0.90,0.90,0.90,120.63,14.86,0.00,0.00,0.00,0.00,0.00,0.00,0.00,0.00,0.06,0.06,0.06,0.00,-8.34,-1.03,0.00,0
0.845595,130,21,312,0,DRIVE [ 12 ] [ 1 ] [ 1271 1909 1755 ] [    0    0    0 ] [      0      0      0 ] [ 0 ],drive [ 11 ] [ 1 ] [ 1298 1909 1745 ] [   50   17   29 ] [  11575  16202  18059 ] [ 0 ],0.90,0.90,0.90,0.90,117.31,18.75,0.00,0.00,0.00,0.00,0.00,0.00,0.00,0.00,0.06,0.06,0.06,0.00,-7.94,-1.27,0.00,0
0.859165,126,24,303,0,DRIVE [ 12 ] [ 1 ] [ 1249 1909 1764 ] [    0    0    0 ] [      0      0      0 ] [ 0 ],drive [ 12 ] [ 1 ] [ 1271 1909 1755 ] [   76   18   41 ] [  11575  16202  18059 ] [ 0 ],0.90,0.90,0.90,0.90,113.46,21.77,0.00,0.00,0.00,0.00,0.00,0.00,0.00,0.00,0.06,0.06,0.06,0.00,-7.89,-1.51,0.00,0
0.872594,123,27,295,0,DRIVE [ 13 ] [ 1 ] [ 1230 1909 1771 ] [    0    0    0 ] [      0      0      0 ] [ 0 ],drive [ 12 ] [ 1 ] [ 1249 1909 1764 ] [   76   18   41 ] [  11575  16202  18059 ] [ 0 ],0.90,0.90,0.90,0.90,110.53,24.45,0.00,0.00,0.00,0.00,0.00,0.00,0.00,0.00,0.06,0.06,0.06,0.00,-7.55,-1.67,0.00,0
0.885809,120,31,288,0,DRIVE [ 13 ] [ 1 ] [ 1230 1909 1782 ] [    0    0    0 ] [      0      0      0 ] [ 0 ],drive [ 13 ] [ 1 ] [ 1230 1909 1771 ] [   76   18   41 ] [  11718  16178  17987 ] [ 0 ],0.90,0.90,0.90,0.90,107.88,28.08,0.00,0.00,0.00,0.00,0.00,0.00,0.00,0.00,0.06,0.06,0.06,0.00,-6.76,-1.76,0.00,0
0.898999,117,35,281,0,DRIVE [ 14 ] [ 1 ] [ 1230 1909 1792 ] [    0    0    0 ] [      0      0      0 ] [ 0 ],drive [ 13 ] [ 1 ] [ 1230 1909 1782 ] [   86   26   36 ] [  11718  16178  17987 ] [ 0 ],0.90,0.90,0.90,0.90,105.28,31.56,0.00,0.00,0.00,0.00,0.00,0.00,0.00,0.00,0.06,0.06,0.06,0.00,-5.95,-1.78,0.00,0
0.913706,115,39,275,0,DRIVE [ 14 ] [ 1 ] [ 1230 1909 1803 ] [    0    0    0 ] [      0      0      0 ] [ 0 ],drive [ 14 ] [ 1 ] [ 1230 1909 1792 ] [   86   26   36 ] [  11718  16178  17987 ] [ 0 ],0.90,0.90,0.90,0.90,103.53,35.10,0.00,0.00,0.00,0.00,0.00,0.00,0.00,0.00,0.06,0.06,0.06,0.00,-4.85,-1.65,0.00,0
0.928538,112,43,266,0,DRIVE [ 15 ] [ 1 ] [ 1230 1909 1818 ] [    0    0    0 ] [      0      0      0 ] [ 0 ],drive [ 14 ] [ 1 ] [ 1230 1909 1803 ] [   86   26   36 ] [  11718  16178  17987 ] [ 0 ],0.90,0.90,0.90,0.90,100.41,39.10,0.00,0.00,0.00,0.00,0.00,0.00,0.00,0.00,0.06,0.06,0.06,0.00,-3.94,-1.54,0.00,0
0.943805,109,47,258,0,DRIVE [ 15 ] [ 1 ] [ 1230 1909 1830 ] [    0    0    0 ] [      0      0      0 ] [ 0 ],drive [ 15 ] [ 1 ] [ 1230 1909 1818 ] [   86   26   36 ] [  12087  16179  17482 ] [ 0 ],0.90,0.90,0.90,0.90,97.70,42.07,0.00,0.00,0.00,0.00,0.00,0.00,0.00,0.00,0.06,0.06,0.06,0.00,-3.27,-1.41,0.00,0
0.956357,106,49,252,0,DRIVE [ 16 ] [ 1 ] [ 1230 1909 1839 ] [    0    0    0 ] [      0      0      0 ] [ 0 ],drive [ 15 ] [ 1 ] [ 1230 1909 1830 ] [   75   25   28 ] [  12087  16179  17482 ] [ 0 ],0.90,0.90,0.90,0.90,95.52,44.02,0.00,0.00,0.00,0.00,0.00,0.00,0.00,0.00,0.06,0.06,0.06,0.00,-2.85,-1.31,0.00,0
0.968977,104,50,247,0,DRIVE [ 16 ] [ 1 ] [ 1230 1909 1845 ] [    0    0    0 ] [      0      0      0 ] [ 0 ],drive [ 16 ] [ 1 ] [ 1230 1909 1839 ] [   75   25   28 ] [  12087  16179  17482 ] [ 0 ],0.90,0.90,0.90,0.90,93.87,44.97,0.00,0.00,0.00,0.00,0.00,0.00,0.00,0.00,0.06,0.06,0.06,0.00,-2.70,-1.29,0.00,0
0.981179,102,50,243,0,DRIVE [ 17 ] [ 1 ] [ 1230 1909 1849 ] [    0    0    0 ] [      0      0      0 ] [ 0 ],drive [ 16 ] [ 1 ] [ 1230 1909 1845 ] [   75   25   28 ] [  12087  16179  17482 ] [ 0 ],0.90,0.90,0.90,0.90,92.04,45.17,0.00,0.00,0.00,0.00,0.00,0.00,0.00,0.00,0.06,0.06,0.06,0.00,-2.86,-1.40,0.00,0
0.993157,99,50,238,0,DRIVE [ 17 ] [ 1 ] [ 1230 1909 1853 ] [    0    0    0 ] [      0      0      0 ] [ 0 ],drive [ 17 ] [ 1 ] [ 1230 1909 1849 ] [   75   25   28 ] [  12405  16178  16906 ] [ 0 ],0.90,0.90,0.90,0.90,89.44,44.77,0.00,0.00,0.00,0.00,0.00,0.00,0.00,0.00,0.06,0.06,0.06,0.00,-3.39,-1.70,0.00,0
1.0059,97,50,235,0,DRIVE [ 18 ] [ 1 ] [ 1230 1909 1857 ] [    0    0    0 ] [      0      0      0 ] [ 0 ],drive [ 17 ] [ 1 ] [ 1230 1909 1853 ] [   75   17   16 ] [  12405  16178  16906 ] [ 0 ],0.90,0.90,0.90,0.90,87.18,44.56,0.00,0.00,0.00,0.00,0.00,0.00,0.00,0.00,0.06,0.06,0.06,0.00,-3.74,-1.91,0.00,0
1.01814,94,49,230,0,DRIVE [ 18 ] [ 1 ] [ 1230 1909 1862 ] [    0    0    0 ] [      0      0      0 ] [ 0 ],drive [ 18 ] [ 1 ] [ 1230 1909 1857 ] [   75   17   16 ] [  12405  16178  16906 ] [ 0 ],0.90,0.90,0.90,0.90,84.66,44.49,0.00,0.00,0.00,0.00,0.00,0.00,0.00,0.00,0.06,0.06,0.06,0.00,-4.06,-2.13,0.00,0
1.03017,92,50,225,0,DRIVE [ 19 ] [ 1 ] [ 1230 1909 1869 ] [    0    0    0 ] [      0      0      0 ] [ 0 ],drive [ 18 ] [ 1 ] [ 1230 1909 1862 ] [   75   17   16 ] [  12405  16178  16906 ] [ 0 ],0.90,0.90,0.90,0.90,82.39,44.88,0.00,0.00,0.00,0.00,0.00,0.00,0.00,0.00,0.06,0.06,0.06,0.00,-4.14,-2.25,0.00,0
1.04178,88,51,219,0,DRIVE [ 19 ] [ 1 ] [ 1230 1909 1883 ] [    0    0    0 ] [      0      0      0 ] [ 0 ],drive [ 19 ] [ 1 ] [ 1230 1909 1869 ] [   75   17   16 ] [  12405  15952  16876 ] [ 0 ],0.90,0.90,0.90,0.90,79.19,45.95,0.00,0.00,0.00,0.00,0.00,0.00,0.00,0.00,0.06,0.06,0.06,0.00,-4.11,-2.39,0.00,0
1.05339,85,52,215,0,DRIVE [ 20 ] [ 1 ] [ 1230 1909 1897 ] [    0    0    0 ] [      0      0      0 ] [ 0 ],drive [ 19 ] [ 1 ] [ 1230 1909 1883 ] [   85   24   22 ] [  12405  15952  16876 ] [ 0 ],0.90,0.90,0.90,0.90,76.11,47.05,0.00,0.00,0.00,0.00,0.00,0.00,0.00,0.00,0.06,0.06,0.06,0.00,-4.00,-2.48,0.00,0
1.0652,80,53,210,0,DRIVE [ 20 ] [ 1 ] [ 1230 1909 1912 ] [    0    0    0 ] [      0      0      0 ] [ 0 ],drive [ 20 ] [ 1 ] [ 1230 1909 1897 ] [   85   24   22 ] [  12405  15952  16876 ] [ 0 ],0.90,0.90,0.90,0.90,72.30,47.70,0.00,0.00,0.00,0.00,0.00,0.00,0.00,0.00,0.06,0.06,0.06,0.00,-4.12,-2.72,0.00,0
1.07659,76,53,206,0,DRIVE [ 21 ] [ 1 ] [ 1230 1925 1912 ] [    0    0    0 ] [      0      0      0 ] [ 0 ],drive [ 20 ] [ 1 ] [ 1230 1909 1912 ] [   85   24   22 ] [  12405  15952  16876 ] [ 0 ],0.90,0.90,0.90,0.90,68.37,48.06,0.00,0.00,0.00,0.00,0.00,0.00,0.00,0.00,0.06,0.06,0.06,0.00,-4.28,-3.01,0.00,0
1.08802,71,53,202,0,DRIVE [ 21 ] [ 1 ] [ 1230 1911 1912 ] [    0    0    0 ] [      0      0      0 ] [ 0 ],drive [ 21 ] [ 1 ] [ 1230 1925 1912 ] [   85   24   22 ] [  12876  15873  16349 ] [ 0 ],0.90,0.90,0.90,0.90,64.09,47.57,0.00,0.00,0.00,0.00,0.00,0.00,0.00,0.00,0.06,0.06,0.06,0.00,-4.72,-3.50,0.00,0
1.09986,67,51,199,0,DRIVE [ 22 ] [ 1 ] [ 1230 1902 1912 ] [    0    0    0 ] [      0      0      0 ] [ 0 ],drive [ 21 ] [ 1 ] [ 1230 1911 1912 ] [   69   10    8 ] [  12876  15873  16349 ] [ 0 ],0.90,0.90,0.90,0.90,60.03,46.22,0.00,0.00,0.00,0.00,0.00,0.00,0.00,0.00,0.06,0.06,0.06,0.00,-5.35,-4.12,0.00,0
1.11122,62,49,196,0,DRIVE [ 22 ] [ 1 ] [ 1230 1898 1912 ] [    0    0    0 ] [      0      0      0 ] [ 0 ],drive [ 22 ] [ 1 ] [ 1230 1902 1912 ] [   69   10    8 ] [  12876  15873  16349 ] [ 0 ],0.90,0.90,0.90,0.90,56.18,44.33,0.00,0.00,0.00,0.00,0.00,0.00,0.00,0.00,0.06,0.06,0.06,0.00,-6.10,-4.82,0.00,0
1.12269,58,47,193,0,DRIVE [ 23 ] [ 1 ] [ 1230 1896 1912 ] [    0    0    0 ] [      0      0      0 ] [ 0 ],drive [ 22 ] [ 1 ] [ 1230 1898 1912 ] [   69   10    8 ] [  12876  15873  16349 ] [ 0 ],0.90,0.90,0.90,0.90,52.11,41.92,0.00,0.00,0.00,0.00,0.00,0.00,0.00,0.00,0.06,0.06,0.06,0.00,-6.99,-5.63,0.00,0
1.13477,53,44,191,0,DRIVE [ 23 ] [ 1 ] [ 1230 1895 1912 ] [    0    0    0 ] [      0      0      0 ] [ 0 ],drive [ 23 ] [ 1 ] [ 1230 1896 1912 ] [   69   10    8 ] [  13403  15877  15877 ] [ 0 ],0.90,0.90,0.90,0.90,47.88,39.28,0.00,0.00,0.00,0.00,0.00,0.00,0.00,0.00,0.06,0.06,0.06,0.00,-7.89,-6.48,0.00,0
1.14583,48,41,188,0,DRIVE [ 24 ] [ 1 ] [ 1266 1893 1912 ] [    0    0    0 ] [      0      0      0 ] [ 0 ],drive [ 23 ] [ 1 ] [ 1230 1895 1912 ] [   69   10    8 ] [  13403  15877  15877 ] [ 0 ],0.90,0.90,0.90,0.90,43.32,36.53,0.00,0.00,0.00,0.00,0.00,0.00,0.00,0.00,0.06,0.06,0.06,0.00,-8.75,-7.37,0.00,0
1.15744,43,38,185,0,DRIVE [ 24 ] [ 1 ] [ 1353 1891 1912 ] [    0    0    0 ] [      0      0      0 ] [ 0 ],drive [ 24 ] [ 1 ] [ 1266 1893 1912 ] [   67    5   26 ] [  13403  15877  15877 ] [ 0 ],0.90,0.90,0.90,0.90,38.72,33.88,0.00,0.00,0.00,0.00,0.00,0.00,0.00,0.00,0.06,0.06,0.06,0.00,-9.41,-8.23,0.00,0
1.16938,38,35,183,0,DRIVE [ 25 ] [ 1 ] [ 1438 1891 1912 ] [    0    0    0 ] [      0      0      0 ] [ 0 ],drive [ 24 ] [ 1 ] [ 1353 1891 1912 ] [   67    5   26 ] [  13403  15877  15877 ] [ 0 ],0.90,0.90,0.90,0.90,34.28,31.23,0.00,0.00,0.00,0.00,0.00,0.00,0.00,0.00,0.06,0.06,0.06,0.00,-9.93,-9.04,0.00,0
1.18044,34,32,180,0,DRIVE [ 25 ] [ 1 ] [ 1516 1891 1912 ] [    0    0    0 ] [      0      0      0 ] [ 0 ],drive [ 25 ] [ 1 ] [ 1438 1891 1912 ] [   67    5   26 ] [  13403  15877  15877 ] [ 0 ],0.90,0.90,0.90,0.90,30.15,28.71,0.00,0.00,0.00,0.00,0.00,0.00,0.00,0.00,0.06,0.06,0.06,0.00,-10.24,-9.75,0.00,0
1.19161,30,29,178,0,DRIVE [ 26 ] [ 1 ] [ 1585 1893 1912 ] [    0    0    0 ] [      0      0      0 ] [ 0 ],drive [ 25 ] [ 1 ] [ 1516 1891 1912 ] [   67    5   26 ] [  13401  16050  15831 ] [ 0 ],0.90,0.90,0.90,0.90,26.62,26.31,0.00,0.00,0.00,0.00,0.00,0.00,0.00,0.00,0.06,0.06,0.06,0.00,-10.43,-10.31,0.00,0
1.20367,26,26,175,0,DRIVE [ 26 ] [ 1 ] [ 1651 1897 1912 ] [    0    0    0 ] [      0      0      0 ] [ 0 ],drive [ 26 ] [ 1 ] [ 1585 1893 1912 ] [   44   28    4 ] [  13401  16050  15831 ] [ 0 ],0.90,0.90,0.90,0.90,23.55,23.73,0.00,0.00,0.00,0.00,0.00,0.00,0.00,0.00,0.06,0.06,0.06,0.00,-10.72,-10.81,0.00,0
1.21446,23,23,172,0,DRIVE [ 27 ] [ 1 ] [ 1713 1903 1912 ] [    0    0    0 ] [      0      0      0 ] [ 0 ],drive [ 26 ] [ 1 ] [ 1651 1897 1912 ] [   44   28    4 ] [  13401  16050  15831 ] [ 0 ],0.90,0.90,0.90,0.90,20.78,21.09,0.00,0.00,0.00,0.00,0.00,0.00,0.00,0.00,0.06,0.06,0.06,0.00,-11.07,-11.24,0.00,0
1.22617,20,20,170,0,DRIVE [ 27 ] [ 1 ] [ 1776 1910 1912 ] [    0    0    0 ] [      0      0      0 ] [ 0 ],drive [ 27 ] [ 1 ] [ 1713 1903 1912 ] [   44   28    4 ] [  13401  16050  15831 ] [ 0 ],0.90,0.90,0.90,0.90,18.23,18.43,0.00,0.00,0.00,0.00,0.00,0.00,0.00,0.00,0.06,0.06,0.06,0.00,-11.47,-11.60,0.00,0
1.23742,17,18,167,0,DRIVE [ 28 ] [ 1 ] [ 1839 1917 1912 ] [    0    0    0 ] [      0      0      0 ] [ 0 ],drive [ 27 ] [ 1 ] [ 1776 1910 1912 ] [   44   28    4 ] [  13370  16335  15714 ] [ 0 ],0.90,0.90,0.90,0.90,15.63,15.81,0.00,0.00,0.00,0.00,0.00,0.00,0.00,0.00,0.06,0.06,0.06,0.00,-11.81,-11.95,0.00,0
1.24834,14,15,164,0,DRIVE [ 28 ] [ 1 ] [ 1905 1924 1912 ] [    0    0    0 ] [      0      0      0 ] [ 0 ],drive [ 28 ] [ 1 ] [ 1839 1917 1912 ] [   31   10   16 ] [  13370  16335  15714 ] [ 0 ],0.90,0.90,0.90,0.90,13.00,13.19,0.00,0.00,0.00,0.00,0.00,0.00,0.00,0.00,0.06,0.06,0.06,0.00,-12.11,-12.28,0.00,0
1.25975,11,12,162,0,DRIVE [ 29 ] [ 1 ] [ 1905 1907 1891 ] [    0    0    0 ] [      0      0      0 ] [ 1 ],drive [ 28 ] [ 1 ] [ 1905 1924 1912 ] [   31   10   16 ] [  13370  16335  15714 ] [ 0 ],0.90,0.90,0.90,0.90,10.19,10.54,0.00,0.00,0.00,0.00,0.00,0.00,0.00,0.00,0.06,0.06,0.06,0.00,-12.26,-12.68,0.00,0
1.27295,8,9,159,0,DRIVE [ 29 ] [ 1 ] [ 1905 1884 1843 ] [    0    0    0 ] [      0      0      0 ] [ 1 ],drive [ 29 ] [ 1 ] [ 1905 1907 1891 ] [   31   10   16 ] [  13370  16335  15714 ] [ 1 ],0.90,0.90,0.90,0.90,7.25,8.10,0.00,0.00,0.00,0.00,0.00,0.00,0.00,0.00,0.06,0.06,0.06,0.00,-11.78,-13.15,0.00,0
1.28369,5,6,156,0,DRIVE [ 30 ] [ 1 ] [ 1905 1875 1798 ] [    0    0    0 ] [      0      0      0 ] [ 1 ],drive [ 29 ] [ 1 ] [ 1905 1884 1843 ] [   31   10   16 ] [  13079  16322  15710 ] [ 1 ],0.90,0.90,0.90,0.90,4.17,5.84,0.00,0.00,0.00,0.00,0.00,0.00,0.00,0.00,0.06,0.06,0.06,0.00,-9.72,-13.61,0.00,0
1.29488,1,4,153,0,DRIVE [ 30 ] [ 1 ] [ 1905 1905 1791 ] [    0    0    0 ] [      0      0      0 ] [ 1 ],drive [ 30 ] [ 1 ] [ 1905 1875 1798 ] [   31   10   16 ] [  13079  16322  15710 ] [ 1 ],0.90,0.90,0.90,0.90,1.07,3.67,0.00,0.00,0.00,0.00,0.00,0.00,0.00,0.00,0.06,0.06,0.06,0.00,-3.35,-11.44,0.00,0
1.30537,-2,2,150,0,DRIVE [ 31 ] [ 1 ] [ 1924 1878 1791 ] [    0    0    0 ] [      0      0      0 ] [ 1 ],drive [ 30 ] [ 1 ] [ 1905 1905 1791 ] [    9    9   25 ] [  13079  16322  15710 ] [ 1 ],0.90,0.90,0.90,0.90,-1.96,1.62,0.00,0.00,0.00,0.00,0.00,0.00,0.00,0.00,0.06,0.06,0.06,0.00,0.00,0.00,0.00,0
1.31597,-5,0,146,0,DRIVE [ 31 ] [ 1 ] [ 1924 1858 1898 ] [    0    0    0 ] [      0      0      0 ] [ 1 ],drive [ 31 ] [ 1 ] [ 1924 1878 1791 ] [    9    9   25 ] [  13079  16322  15710 ] [ 1 ],0.90,0.90,0.90,0.90,-4.73,-0.12,0.00,0.00,0.00,0.00,0.00,0.00,0.00,0.00,0.06,0.06,0.06,0.00,0.00,0.00,0.00,0
1.32699,-8,-2,142,0,DRIVE [ 32 ] [ 1 ] [ 1924 1832 1867 ] [    0    0    0 ] [      0      0      0 ] [ 1 ],drive [ 31 ] [ 1 ] [ 1924 1858 1898 ] [    9    9   25 ] [  13079  16322  15710 ] [ 1 ],0.90,0.90,0.90,0.90,-7.19,-1.71,0.00,0.00,0.00,0.00,0.00,0.00,0.00,0.00,0.06,0.06,0.06,0.00,0.00,0.00,0.00,0
1.33745,-10,-4,139,0,DRIVE [ 32 ] [ 1 ] [ 1924 1806 1835 ] [    0    0    0 ] [      0      0      0 ] [ 1 ],drive [ 32 ] [ 1 ] [ 1924 1832 1867 ] [    9    9   25 ] [  12566  16391  15730 ] [ 1 ],0.90,0.90,0.90,0.90,-9.40,-3.23,0.00,0.00,0.00,0.00,0.00,0.00,0.00,0.00,0.06,0.06,0.06,0.00,0.00,0.00,0.00,0
1.34762,-13,-5,135,0,DRIVE [ 33 ] [ 1 ] [ 1924 1781 1803 ] [    0    0    0 ] [      0      0      0 ] [ 1 ],drive [ 32 ] [ 1 ] [ 1924 1806 1835 ] [   12   27   24 ] [  12566  16391  15730 ] [ 1 ],0.90,0.90,0.90,0.90,-11.45,-4.76,0.00,0.00,0.00,0.00,0.00,0.00,0.00,0.00,0.06,0.06,0.06,0.00,0.00,0.00,0.00,0
1.3582,-15,-7,132,0,DRIVE [ 33 ] [ 1 ] [ 1924 1756 1767 ] [    0    0    0 ] [      0      0      0 ] [ 1 ],drive [ 33 ] [ 1 ] [ 1924 1781 1803 ] [   12   27   24 ] [  12566  16391  15730 ] [ 1 ],0.90,0.90,0.90,0.90,-13.45,-6.39,0.00,0.00,0.00,0.00,0.00,0.00,0.00,0.00,0.06,0.06,0.06,0.00,0.00,0.00,0.00,0
1.36861,-17,-9,129,0,DRIVE [ 34 ] [ 1 ] [ 1924 1727 1728 ] [    0    0    0 ] [      0      0      0 ] [ 1 ],drive [ 33 ] [ 1 ] [ 1924 1756 1767 ] [   12   27   24 ] [  12566  16391  15730 ] [ 1 ],0.90,0.90,0.90,0.90,-15.62,-8.11,0.00,0.00,0.00,0.00,0.00,0.00,0.00,0.00,0.06,0.06,0.06,0.00,0.00,0.00,0.00,0
1.37919,-20,-11,126,0,DRIVE [ 34 ] [ 1 ] [ 1924 1695 1685 ] [    0    0    0 ] [      0      0      0 ] [ 0 ],drive [ 34 ] [ 1 ] [ 1924 1727 1728 ] [   12   27   24 ] [  12566  16391  15730 ] [ 1 ],0.90,0.90,0.90,0.90,-17.92,-9.91,0.00,0.00,0.00,0.00,0.00,0.00,0.00,0.00,0.06,0.06,0.06,0.00,0.00,0.00,0.00,0
1.38928,-23,-13,123,0,DRIVE [ 35 ] [ 1 ] [ 1924 1662 1638 ] [    0    0    0 ] [      0      0      0 ] [ 0 ],drive [ 34 ] [ 1 ] [ 1924 1695 1685 ] [   12   27   24 ] [  12570  16560  15722 ] [ 0 ],0.90,0.90,0.90,0.90,-20.26,-11.80,0.00,0.00,0.00,0.00,0.00,0.00,0.00,0.00,0.06,0.06,0.06,0.00,0.00,0.00,0.00,0
1.40018,-25,-15,120,0,DRIVE [ 35 ] [ 1 ] [ 1924 1626 1589 ] [    0    0    0 ] [      0      0      0 ] [ 0 ],drive [ 35 ] [ 1 ] [ 1924 1662 1638 ] [   12   33   44 ] [  12570  16560  15722 ] [ 0 ],0.90,0.90,0.90,0.90,-22.64,-13.66,0.00,0.00,0.00,0.00,0.00,0.00,0.00,0.00,0.06,0.06,0.06,0.00,0.00,0.00,0.00,0
1.41041,-28,-17,117,0,DRIVE [ 36 ] [ 1 ] [ 1924 1591 1541 ] [    0    0    0 ] [      0      0      0 ] [ 0 ],drive [ 35 ] [ 1 ] [ 1924 1626 1589 ] [   12   33   44 ] [  12570  16560  15722 ] [ 0 ],0.90,0.90,0.90,0.90,-24.85,-15.46,0.00,0.00,0.00,0.00,0.00,0.00,0.00,0.00,0.06,0.06,0.06,0.00,0.00,0.00,0.00,0
1.42068,-30,-19,114,0,DRIVE [ 36 ] [ 1 ] [ 1924 1560 1493 ] [    0    0    0 ] [      0      0      0 ] [ 0 ],drive [ 36 ] [ 1 ] [ 1924 1591 1541 ] [   12   33   44 ] [  12570  16560  15722 ] [ 0 ],0.90,0.90,0.90,0.90,-26.78,-17.22,0.00,0.00,0.00,0.00,0.00,0.00,0.00,0.00,0.06,0.06,0.06,0.00,0.00,0.00,0.00,0
1.43148,-32,-21,111,0,DRIVE [ 37 ] [ 1 ] [ 1924 1531 1447 ] [    0    0    0 ] [      0      0      0 ] [ 0 ],drive [ 36 ] [ 1 ] [ 1924 1560 1493 ] [   12   33   44 ] [  12542  16955  15825 ] [ 0 ],0.90,0.90,0.90,0.90,-28.40,-18.84,0.00,0.00,0.00,0.00,0.00,0.00,0.00,0.00,0.06,0.06,0.06,0.00,0.00,0.00,0.00,0
1.44164,-33,-23,108,0,DRIVE [ 37 ] [ 1 ] [ 1924 1506 1404 ] [    0    0    0 ] [      0      0      0 ] [ 0 ],drive [ 37 ] [ 1 ] [ 1924 1531 1447 ] [   12   33   44 ] [  12542  16955  15825 ] [ 0 ],0.90,0.90,0.90,0.90,-29.72,-20.28,0.00,0.00,0.00,0.00,0.00,-0.00,0.00,0.00,0.06,0.06,0.06,0.00,0.00,0.00,0.00,0
1.45182,-34,-24,106,0,DRIVE [ 38 ] [ 1 ] [ 1924 1485 1363 ] [    0    0    0 ] [      0      0      0 ] [ 0 ],drive [ 37 ] [ 1 ] [ 1924 1506 1404 ] [   14   36   59 ] [  12542  16955  15825 ] [ 0 ],0.90,0.90,0.90,0.90,-30.82,-21.71,0.00,0.00,0.00,0.00,0.00,-0.00,0.00,0.00,0.06,0.06,0.06,0.00,0.00,0.00,0.00,0
1.46219,-35,-25,103,0,DRIVE [ 38 ] [ 1 ] [ 1924 1468 1325 ] [    0    0    0 ] [      0      0      0 ] [ 0 ],drive [ 38 ] [ 1 ] [ 1924 1485 1363 ] [   14   36   59 ] [  12542  16955  15825 ] [ 0 ],0.90,0.90,0.90,0.90,-31.53,-22.89,0.00,0.00,0.00,0.00,0.00,-0.00,-0.00,0.00,0.06,0.06,0.06,0.00,0.00,0.00,0.00,0
1.47206,-35,-26,101,0,DRIVE [ 39 ] [ 1 ] [ 1924 1455 1294 ] [    0    0    0 ] [      0      0      0 ] [ 0 ],drive [ 38 ] [ 1 ] [ 1924 1468 1325 ] [   14   36   59 ] [  12542  16955  15825 ] [ 0 ],0.90,0.90,0.90,0.90,-31.90,-23.76,0.00,0.00,0.00,0.00,0.00,-0.00,-0.00,0.00,0.06,0.06,0.06,0.00,0.00,0.00,0.00,0
1.48247,-35,-27,99,0,DRIVE [ 39 ] [ 1 ] [ 1924 1449 1272 ] [    0    0    0 ] [      0      0      0 ] [ 0 ],drive [ 39 ] [ 1 ] [ 1924 1455 1294 ] [   14   36   59 ] [  11993  17665  16434 ] [ 0 ],0.90,0.90,0.90,0.90,-31.80,-24.24,0.00,0.00,0.00,0.00,0.00,-0.00,-0.00,0.00,0.06,0.06,0.06,0.00,0.00,0.00,0.00,0
1.49276,-35,-27,96,0,DRIVE [ 40 ] [ 1 ] [ 1924 1448 1260 ] [    0    0    0 ] [      0      0      0 ] [ 0 ],drive [ 39 ] [ 1 ] [ 1924 1449 1272 ] [   14   36   59 ] [  11993  17665  16434 ] [ 0 ],0.90,0.90,0.90,0.90,-31.29,-24.26,0.00,0.00,0.00,0.00,0.00,-0.00,-0.00,0.00,0.06,0.06,0.06,0.00,0.00,0.00,0.00,0
1.50251,-34,-26,94,0,DRIVE [ 40 ] [ 1 ] [ 1924 1450 1258 ] [    0    0    0 ] [      0      0      0 ] [ 0 ],drive [ 40 ] [ 1 ] [ 1924 1448 1260 ] [    2   48   77 ] [  11993  17665  16434 ] [ 0 ],0.90,0.90,0.90,0.90,-30.44,-23.83,0.00,0.00,0.00,0.00,0.00,-0.00,-0.00,0.00,0.06,0.06,0.06,0.00,0.00,0.00,0.00,0
1.51261,-33,-26,92,0,DRIVE [ 41 ] [ 1 ] [ 1924 1457 1264 ] [    0    0    0 ] [      0      0      0 ] [ 0 ],drive [ 40 ] [ 1 ] [ 1924 1450 1258 ] [    2   48   77 ] [  11993  17665  16434 ] [ 0 ],0.90,0.90,0.90,0.90,-29.43,-23.15,0.00,0.00,0.00,0.00,0.00,-0.00,-0.00,0.00,0.06,0.06,0.06,0.00,0.00,0.00,0.00,0
1.52244,-31,-25,90,0,DRIVE [ 41 ] [ 1 ] [ 1924 1464 1271 ] [    0    0    0 ] [      0      0      0 ] [ 0 ],drive [ 41 ] [ 1 ] [ 1924 1457 1264 ] [    2   48   77 ] [  11993  17665  16434 ] [ 0 ],0.90,0.90,0.90,0.90,-28.33,-22.40,0.00,0.00,0.00,0.00,0.00,-0.00,-0.00,0.00,0.06,0.06,0.06,0.00,0.00,0.00,0.00,0
1.53239,-30,-24,88,0,DRIVE [ 42 ] [ 1 ] [ 1924 1470 1278 ] [    0    0    0 ] [      0      0      0 ] [ 0 ],drive [ 41 ] [ 1 ] [ 1924 1464 1271 ] [    2   48   77 ] [  11299  18043  16982 ] [ 0 ],0.90,0.90,0.90,0.90,-27.29,-21.64,0.00,0.00,0.00,0.00,0.00,-0.00,-0.00,0.00,0.06,0.06,0.06,0.00,0.00,0.00,0.00,0
1.54217,-29,-24,86,0,DRIVE [ 42 ] [ 1 ] [ 1924 1474 1279 ] [    0    0    0 ] [      0      0      0 ] [ 0 ],drive [ 42 ] [ 1 ] [ 1924 1470 1278 ] [    2   48   77 ] [  11299  18043  16982 ] [ 0 ],0.90,0.90,0.90,0.90,-26.50,-21.16,0.00,0.00,0.00,0.00,0.00,-0.00,-0.00,0.00,0.06,0.06,0.06,0.00,0.00,0.00,0.00,0
1.55162,-29,-23,84,0,DRIVE [ 43 ] [ 1 ] [ 1924 1476 1274 ] [    0    0    0 ] [      0      0      0 ] [ 0 ],drive [ 42 ] [ 1 ] [ 1924 1474 1279 ] [    7   47   72 ] [  11299  18043  16982 ] [ 0 ],0.90,0.90,0.90,0.90,-25.83,-20.90,0.00,0.00,0.00,0.00,0.00,-0.00,-0.00,0.00,0.06,0.06,0.06,0.00,0.00,0.00,0.00,0
1.56142,-28,-23,82,0,DRIVE [ 43 ] [ 1 ] [ 1924 1475 1264 ] [    0    0    0 ] [      0      0      0 ] [ 0 ],drive [ 43 ] [ 1 ] [ 1924 1476 1274 ] [    7   47   72 ] [  11299  18043  16982 ] [ 0 ],0.90,0.90,0.90,0.90,-25.37,-20.85,0.00,0.00,0.00,0.00,0.00,-0.00,-0.00,0.00,0.06,0.06,0.06,0.00,0.00,0.00,0.00,0
1.57102,-28,-23,80,0,DRIVE [ 44 ] [ 1 ] [ 1924 1471 1247 ] [    0    0    0 ] [      0      0      0 ] [ 0 ],drive [ 43 ] [ 1 ] [ 1924 1475 1264 ] [    7   47   72 ] [  11299  18043  16982 ] [ 0 ],0.90,0.90,0.90,0.90,-25.06,-20.94,0.00,0.00,0.00,0.00,0.00,-0.00,-0.00,0.00,0.06,0.06,0.06,0.00,0.00,0.00,0.00,0
1.58118,-27,-23,78,0,DRIVE [ 44 ] [ 1 ] [ 1924 1468 1230 ] [    0    0    0 ] [      0      0      0 ] [ 0 ],drive [ 44 ] [ 1 ] [ 1924 1471 1247 ] [    7   47   72 ] [  11199  18086  16999 ] [ 0 ],0.90,0.90,0.90,0.90,-24.73,-21.08,0.00,0.00,0.00,0.00,0.00,-0.00,-0.00,0.00,0.06,0.06,0.06,0.00,0.00,0.00,0.00,0
1.59302,-27,-24,76,0,DRIVE [ 45 ] [ 1 ] [ 1924 1466 1230 ] [    0    0    0 ] [      0      0      0 ] [ 0 ],drive [ 44 ] [ 1 ] [ 1924 1468 1230 ] [    7   47   72 ] [  11199  18086  16999 ] [ 0 ],0.90,0.90,0.90,0.90,-24.27,-21.22,0.00,0.00,0.00,0.00,0.00,-0.00,-0.00,0.00,0.06,0.06,0.06,0.00,0.00,0.00,0.00,0
1.6052,-26,-24,74,0,DRIVE [ 45 ] [ 1 ] [ 1924 1469 1230 ] [    0    0    0 ] [      0      0      0 ] [ 0 ],drive [ 45 ] [ 1 ] [ 1924 1466 1230 ] [   14   45   73 ] [  11199  18086  16999 ] [ 0 ],0.90,0.90,0.90,0.90,-23.60,-21.22,0.00,0.00,0.00,0.00,0.00,-0.00,-0.00,0.00,0.06,0.06,0.06,0.00,0.00,0.00,0.00,0
1.61713,-25,-23,72,0,DRIVE [ 46 ] [ 1 ] [ 1924 1478 1230 ] [    0    0    0 ] [      0      0      0 ] [ 0 ],drive [ 45 ] [ 1 ] [ 1924 1469 1230 ] [   14   45   73 ] [  11199  18086  16999 ] [ 0 ],0.90,0.90,0.90,0.90,-22.65,-21.08,0.00,0.00,0.00,0.00,0.00,-0.00,-0.00,0.00,0.06,0.06,0.06,0.00,0.00,0.00,0.00,0
1.62694,-24,-23,70,0,DRIVE [ 46 ] [ 1 ] [ 1924 1492 1230 ] [    0    0    0 ] [      0      0      0 ] [ 0 ],drive [ 46 ] [ 1 ] [ 1924 1478 1230 ] [   14   45   73 ] [  11199  18086  16999 ] [ 0 ],0.90,0.90,0.90,0.90,-21.42,-20.68,0.00,0.00,0.00,0.00,0.00,-0.00,-0.00,0.00,0.06,0.06,0.06,0.00,0.00,0.00,0.00,0
1.63671,-22,-22,68,0,DRIVE [ 47 ] [ 1 ] [ 1924 1509 1230 ] [    0    0    0 ] [      0      0      0 ] [ 0 ],drive [ 46 ] [ 1 ] [ 1924 1492 1230 ] [   14   45   73 ] [  11029  18328  17028 ] [ 0 ],0.90,0.90,0.90,0.90,-20.05,-20.09,0.00,0.00,0.00,0.00,0.00,-0.00,-0.00,0.00,0.06,0.06,0.06,0.00,0.00,0.00,0.00,0
1.64903,-21,-22,66,0,DRIVE [ 47 ] [ 1 ] [ 1924 1530 1230 ] [    0    0    0 ] [      0      0      0 ] [ 0 ],drive [ 47 ] [ 1 ] [ 1924 1509 1230 ] [    4   50   65 ] [  11029  18328  17028 ] [ 0 ],0.90,0.90,0.90,0.90,-18.58,-19.44,0.00,0.00,0.00,0.00,0.00,-0.00,-0.00,0.00,0.06,0.06,0.06,0.00,0.00,0.00,0.00,0
1.66094,-19,-21,64,0,DRIVE [ 48 ] [ 1 ] [ 1924 1554 1230 ] [    0    0    0 ] [      0      0      0 ] [ 0 ],drive [ 47 ] [ 1 ] [ 1924 1530 1230 ] [    4   50   65 ] [  11029  18328  17028 ] [ 0 ],0.90,0.90,0.90,0.90,-16.96,-18.73,0.00,0.00,0.00,0.00,0.00,-0.00,-0.00,0.00,0.06,0.06,0.06,0.00,0.00,0.00,0.00,0
1.67279,-17,-20,62,0,DRIVE [ 48 ] [ 1 ] [ 1924 1581 1230 ] [    0    0    0 ] [      0      0      0 ] [ 0 ],drive [ 48 ] [ 1 ] [ 1924 1554 1230 ] [    4   50   65 ] [  11029  18328  17028 ] [ 0 ],0.90,0.90,0.90,0.90,-15.25,-17.91,0.00,0.00,0.00,0.00,0.00,-0.00,-0.00,0.00,0.06,0.06,0.06,0.00,0.00,0.00,0.00,0
1.68528,-15,-19,60,0,DRIVE [ 49 ] [ 1 ] [ 1924 1610 1230 ] [    0    0    0 ] [      0      0      0 ] [ 0 ],drive [ 48 ] [ 1 ] [ 1924 1581 1230 ] [    4   50   65 ] [  10749  18399  17028 ] [ 0 ],0.90,0.90,0.90,0.90,-13.55,-16.99,0.00,0.00,0.00,0.00,0.00,-0.00,-0.00,0.00,0.06,0.06,0.06,0.00,0.00,0.00,0.00,0
1.69495,-13,-18,58,0,DRIVE [ 49 ] [ 1 ] [ 1924 1643 1242 ] [    0    0    0 ] [      0      0      0 ] [ 0 ],drive [ 49 ] [ 1 ] [ 1924 1610 1230 ] [    9   31   65 ] [  10749  18399  17028 ] [ 0 ],0.90,0.90,0.90,0.90,-11.88,-16.01,0.00,0.00,0.00,0.00,0.00,-0.00,-0.00,0.00,0.06,0.06,0.06,0.00,0.15,0.20,0.00,0
1.7048,-11,-17,55,0,DRIVE [ 50 ] [ 1 ] [ 1924 1681 1284 ] [    0    0    0 ] [      0      0      0 ] [ 0 ],drive [ 49 ] [ 1 ] [ 1924 1643 1242 ] [    9   31   65 ] [  10749  18399  17028 ] [ 0 ],0.90,0.90,0.90,0.90,-10.26,-14.95,0.00,0.00,0.00,0.00,0.00,-0.00,-0.00,0.00,0.06,0.06,0.06,0.00,0.51,0.74,0.00,0
1.71721,-10,-15,53,0,DRIVE [ 50 ] [ 1 ] [ 1924 1720 1333 ] [    0    0    0 ] [      0      0      0 ] [ 1 ],drive [ 50 ] [ 1 ] [ 1924 1681 1284 ] [    9   31   65 ] [  10749  18399  17028 ] [ 0 ],0.90,0.90,0.90,0.90,-8.67,-13.80,0.00,0.00,0.00,0.00,0.00,-0.00,-0.00,0.00,0.06,0.06,0.06,0.00,0.80,1.28,0.00,0
1.72896,-8,-14,51,0,DRIVE [ 51 ] [ 1 ] [ 1924 1763 1388 ] [    0    0    0 ] [      0      0      0 ] [ 1 ],drive [ 50 ] [ 1 ] [ 1924 1720 1333 ] [    9   31   65 ] [  10749  18399  17028 ] [ 1 ],0.90,0.90,0.90,0.90,-6.99,-12.60,0.00,0.00,0.00,0.00,0.00,-0.00,-0.00,0.00,0.06,0.06,0.06,0.00,1.01,1.81,0.00,0
1.74092,-6,-13,48,0,DRIVE [ 51 ] [ 1 ] [ 1924 1809 1450 ] [    0    0    0 ] [      0      0      0 ] [ 1 ],drive [ 51 ] [ 1 ] [ 1924 1763 1388 ] [    9   31   65 ] [  10735  18355  17028 ] [ 1 ],0.90,0.90,0.90,0.90,-5.19,-11.31,0.00,0.00,0.00,0.00,0.00,-0.00,-0.00,0.00,0.06,0.06,0.06,0.00,1.07,2.33,0.00,0
1.7531,-4,-11,46,0,DRIVE [ 52 ] [ 1 ] [ 1924 1855 1514 ] [    0    0    0 ] [      0      0      0 ] [ 1 ],drive [ 51 ] [ 1 ] [ 1924 1809 1450 ] [    4   36   50 ] [  10735  18355  17028 ] [ 1 ],0.90,0.90,0.90,0.90,-3.27,-9.96,0.00,0.00,0.00,0.00,0.00,-0.00,-0.00,0.00,0.06,0.06,0.06,0.00,0.90,2.75,0.00,0
1.76302,-1,-10,43,0,DRIVE [ 52 ] [ 1 ] [ 1924 1900 1559 ] [    0    0    0 ] [      0      0      0 ] [ 1 ],drive [ 52 ] [ 1 ] [ 1924 1855 1514 ] [    4   36   50 ] [  10735  18355  17028 ] [ 1 ],0.90,0.90,0.90,0.90,-1.25,-8.59,0.00,0.00,0.00,0.00,0.00,-0.00,-0.00,0.00,0.06,0.06,0.06,0.00,0.41,2.82,0.00,0
1.77283,1,-8,41,0,DRIVE [ 53 ] [ 1 ] [ 1907 1900 1577 ] [    0    0    0 ] [      0      0      0 ] [ 1 ],drive [ 52 ] [ 1 ] [ 1924 1900 1559 ] [    4   36   50 ] [  10735  18355  17028 ] [ 1 ],0.90,0.90,0.90,0.90,0.82,-7.20,0.00,0.00,0.00,0.00,0.00,-0.00,-0.00,0.00,0.06,0.06,0.06,0.00,-0.24,2.08,0.00,0
1.78502,3,-6,38,0,DRIVE [ 53 ] [ 1 ] [ 1829 1900 1558 ] [    0    0    0 ] [      0      0      0 ] [ 1 ],drive [ 53 ] [ 1 ] [ 1907 1900 1577 ] [    4   36   50 ] [  10554  18166  17024 ] [ 1 ],0.90,0.90,0.90,0.90,2.86,-5.83,0.00,0.00,0.00,0.00,0.00,-0.00,-0.00,0.00,0.06,0.06,0.06,0.00,-0.15,0.31,0.00,0
1.79727,5,-5,36,0,DRIVE [ 54 ] [ 1 ] [ 1724 1900 1592 ] [    0    0    0 ] [      0      0      0 ] [ 1 ],drive [ 53 ] [ 1 ] [ 1829 1900 1558 ] [    0   25   38 ] [  10554  18166  17024 ] [ 1 ],0.90,0.90,0.90,0.90,4.86,-4.52,0.00,0.00,0.00,0.00,0.00,-0.00,-0.00,0.00,0.06,0.06,0.06,0.00,0.00,0.00,0.00,0
1.80906,8,-4,33,0,DRIVE [ 54 ] [ 1 ] [ 1594 1900 1613 ] [    0    0    0 ] [      0      0      0 ] [ 1 ],drive [ 54 ] [ 1 ] [ 1724 1900 1592 ] [    0   25   38 ] [  10554  18166  17024 ] [ 1 ],0.90,0.90,0.90,0.90,6.75,-3.23,0.00,0.00,0.00,0.00,0.00,-0.00,-0.00,0.00,0.06,0.06,0.06,0.00,0.00,0.00,0.00,0
1.81831,10,-2,31,0,DRIVE [ 55 ] [ 1 ] [ 1430 1900 1612 ] [    0    0    0 ] [      0      0      0 ] [ 1 ],drive [ 54 ] [ 1 ] [ 1594 1900 1613 ] [    0   25   38 ] [  10554  18166  17024 ] [ 1 ],0.90,0.90,0.90,0.90,8.57,-2.06,0.00,0.00,0.00,0.00,0.00,-0.00,-0.00,0.00,0.06,0.06,0.06,0.00,0.00,0.00,0.00,0
1.82905,10,-2,31,0,DRIVE [ 55 ] [ 1 ] [ 1477 1900 1642 ] [    0    0    0 ] [      0      0      0 ] [ 0 ],drive [ 55 ] [ 1 ] [ 1430 1900 1612 ] [    0   25   38 ] [  10554  18166  17024 ] [ 1 ],0.90,0.90,0.90,0.90,7.71,-1.85,0.00,0.00,0.00,0.00,0.00,-0.00,-0.00,0.00,0.06,0.06,0.06,0.00,0.00,0.00,0.00,0
1.84093,10,-2,31,0,DRIVE [ 56 ] [ 1 ] [ 1521 1900 1669 ] [    0    0    0 ] [      0      0      0 ] [ 0 ],drive [ 55 ] [ 1 ] [ 1477 1900 1642 ] [    0   25   38 ] [  10612  17852  16941 ] [ 0 ],0.90,0.90,0.90,0.90,6.94,-1.66,0.00,0.00,0.00,0.00,0.00,-0.00,-0.00,0.00,0.06,0.06,0.06,0.00,0.00,0.00,0.00,0
1.85316,10,-2,31,0,DRIVE [ 56 ] [ 1 ] [ 1560 1900 1694 ] [    0    0    0 ] [      0      0      0 ] [ 0 ],drive [ 56 ] [ 1 ] [ 1521 1900 1669 ] [   68   17   39 ] [  10612  17852  16941 ] [ 0 ],0.90,0.90,0.90,0.90,6.24,-1.50,0.00,0.00,0.00,0.00,0.00,-0.00,-0.00,0.00,0.06,0.06,0.06,0.00,0.00,0.00,0.00,0
1.86521,10,-2,31,0,DRIVE [ 57 ] [ 1 ] [ 1596 1900 1717 ] [    0    0    0 ] [      0      0      0 ] [ 0 ],drive [ 56 ] [ 1 ] [ 1560 1900 1694 ] [   68   17   39 ] [  10612  17852  16941 ] [ 0 ],0.90,0.90,0.90,0.90,5.62,-1.35,0.00,0.00,0.00,0.00,0.00,-0.00,-0.00,0.00,0.06,0.06,0.06,0.00,0.00,0.00,0.00,0
1.87701,10,-2,31,0,DRIVE [ 57 ] [ 1 ] [ 1628 1900 1737 ] [    0    0    0 ] [      0      0      0 ] [ 0 ],drive [ 57 ] [ 1 ] [ 1596 1900 1717 ] [   68   17   39 ] [  10612  17852  16941 ] [ 0 ],0.90,0.90,0.90,0.90,5.06,-1.21,0.00,0.00,0.00,0.00,0.00,-0.00,-0.00,0.00,0.06,0.06,0.06,0.00,0.00,0.00,0.00,0
1.88656,10,-2,31,1,DRIVE [ 58 ] [ 1 ] [ 1657 1900 1756 ] [    0    0    0 ] [      0      0      0 ] [ 0 ],drive [ 57 ] [ 1 ] [ 1628 1900 1737 ] [   68   17   39 ] [  11645  17773  16500 ] [ 0 ],0.90,0.90,0.90,0.90,4.55,-1.09,0.00,0.00,0.00,0.00,0.00,-0.00,-0.00,0.00,0.06,0.06,0.06,0.00,0.00,0.00,0.00,0
