timestamp,Xmm,Ymm,Zmm,TouchDetected,OutgoingPacket,IncomingPacket,GainPropAb, GainPropAd, GainPropFl, GainPropEx,PropA, PropB, PropC,GainIntegAb, GainIntegAd, GainIntegFl, GainIntegEx,IntegA, IntegB, IntegC,GainDerivAb, GainDerivAd, GainDerivFl, GainDerivEx,DerivA, DerivB, DerivC,Heading5
2.34933,-2,54,637,1,DRIVE [ 59 ] [ 1 ] [ 1884 1816 1522 ] [    0    0    0 ] [      0      0      0 ] [ 1 ],drive [ 59 ] [ 1 ] [ 1884 1848 1574 ] [   13   20   43 ] [   5762  11268  11778 ] [ 1 ],1.10,1.10,1.10,1.10,0.68,-1.19,0.00,0.50,0.50,0.50,0.50,-2.75,-2.55,0.00,0.00,0.00,0.00,0.50,-0.00,0.00,0.00,0
0.00133158,-2,54,637,0,DRIVE [ 80 ] [ 1 ] [ 1795 1926 1885 ] [    0    0    0 ] [      0      0      0 ] [ 0 ],drive [ 79 ] [ 1 ] [ 1795 1782 1879 ] [   32   15   22 ] [   5953  13174  13247 ] [ 0 ],1.10,1.10,1.10,1.10,-2.31,53.79,0.00,0.50,0.50,0.50,0.50,0.00,0.00,0.00,0.00,0.00,0.00,0.50,0.00,-0.00,0.00,0
0.0173835,-4,56,642,0,DRIVE [ 80 ] [ 1 ] [ 1924 1923 1885 ] [    0    0    0 ] [      0      0      0 ] [ 0 ],drive [ 80 ] [ 1 ] [ 1795 1926 1885 ] [   37   16   23 ] [   5953  13174  13247 ] [ 0 ],1.10,1.10,1.10,1.10,-4.44,61.63,0.00,0.50,0.50,0.50,0.50,0.00,0.00,0.00,0.00,0.00,0.00,0.50,0.00,0.00,0.00,0
0.0323085,-3,58,642,0,DRIVE [ 81 ] [ 1 ] [ 1921 1921 1885 ] [    0    0    0 ] [      0      0      0 ] [ 0 ],drive [ 80 ] [ 1 ] [ 1924 1923 1885 ] [   37   16   23 ] [   5953  13174  13247 ] [ 0 ],1.10,1.10,1.10,1.10,-3.12,63.86,0.00,0.50,0.50,0.50,0.50,0.00,0.00,0.00,0.00,0.00,0.00,0.50,0.00,0.00,0.00,0
0.046734,-2,58,640,0,DRIVE [ 81 ] [ 1 ] [ 1919 1919 1885 ] [    0    0    0 ] [      0      0      0 ] [ 0 ],drive [ 81 ] [ 1 ] [ 1921 1921 1885 ] [   37   16   23 ] [   5904  13094  13245 ] [ 0 ],1.10,1.10,1.10,1.10,-2.17,64.22,0.00,0.50,0.50,0.50,0.50,0.00,0.00,0.00,0.00,0.00,0.00,0.50,0.00,0.00,0.00,0
0.0614619,-2,58,640,0,DRIVE [ 82 ] [ 1 ] [ 1920 1919 1885 ] [    0    0    0 ] [      0      0      0 ] [ 0 ],drive [ 81 ] [ 1 ] [ 1919 1919 1885 ] [    8    2   23 ] [   5904  13094  13245 ] [ 0 ],1.10,1.10,1.10,1.10,-1.95,57.80,0.00,0.50,0.50,0.50,0.50,0.00,0.00,0.00,0.00,0.00,0.00,0.50,0.00,0.00,0.00,0
0.0756032,1,60,634,0,DRIVE [ 82 ] [ 1 ] [ 1914 1914 1885 ] [    0    0    0 ] [      0      0      0 ] [ 0 ],drive [ 82 ] [ 1 ] [ 1920 1919 1885 ] [    8    2   23 ] [   5904  13094  13245 ] [ 0 ],1.10,1.10,1.10,1.10,0.70,65.50,0.00,0.50,0.50,0.50,0.50,0.00,0.00,0.00,0.00,0.00,0.00,0.50,0.00,0.00,0.00,0
0.0926566,3,61,637,0,DRIVE [ 83 ] [ 1 ] [ 1911 1912 1885 ] [    0    0    0 ] [      0      0      0 ] [ 0 ],drive [ 82 ] [ 1 ] [ 1914 1914 1885 ] [    8    2   23 ] [   5904  13094  13245 ] [ 0 ],1.10,1.10,1.10,1.10,2.87,67.30,0.00,0.50,0.50,0.50,0.50,0.00,0.00,0.00,0.00,0.00,0.00,0.50,0.00,0.00,0.00,0
0.106994,6,63,630,0,DRIVE [ 83 ] [ 1 ] [ 1907 1910 1885 ] [    0    0    0 ] [      0      0      0 ] [ 0 ],drive [ 83 ] [ 1 ] [ 1911 1912 1885 ] [    8    2   23 ] [   5245  13055  13245 ] [ 0 ],1.10,1.10,1.10,1.10,6.26,69.10,0.00,0.50,0.50,0.50,0.50,0.00,0.00,0.00,0.00,0.00,0.00,0.50,0.00,0.00,0.00,0
0.121487,10,65,627,0,DRIVE [ 84 ] [ 1 ] [ 1902 1908 1885 ] [    0    0    0 ] [      0      0      0 ] [ 0 ],drive [ 83 ] [ 1 ] [ 1907 1910 1885 ] [   17    3   23 ] [   5245  13055  13245 ] [ 0 ],1.10,1.10,1.10,1.10,10.46,71.28,0.00,0.50,0.50,0.50,0.50,0.00,0.00,0.00,0.00,0.00,0.00,0.50,0.00,0.00,0.00,0
0.135685,14,65,613,0,DRIVE [ 84 ] [ 1 ] [ 1897 1907 1885 ] [    0    0    0 ] [      0      0      0 ] [ 0 ],drive [ 84 ] [ 1 ] [ 1902 1908 1885 ] [   17    3   23 ] [   5245  13055  13245 ] [ 0 ],1.10,1.10,1.10,1.10,15.07,72.00,0.00,0.50,0.50,0.50,0.50,0.00,0.00,0.00,0.00,0.00,0.00,0.50,0.00,0.00,0.00,0
0.15033,-50,151,614,0,DRIVE [ 85 ] [ 1 ] [ 1884 1842 1885 ] [    0    0    0 ] [      0      0      0 ] [ 0 ],drive [ 84 ] [ 1 ] [ 1897 1907 1885 ] [   17    3   23 ] [   5163  13053  13242 ] [ 0 ],1.10,1.10,1.10,1.10,-55.36,165.77,0.00,0.50,0.50,0.50,0.50,0.00,0.00,0.00,0.00,0.00,0.00,0.50,0.00,0.00,0.00,0
0.165052,-46,152,614,0,DRIVE [ 85 ] [ 1 ] [ 1878 1836 1885 ] [    0    0    0 ] [      0      0      0 ] [ 0 ],drive [ 85 ] [ 1 ] [ 1884 1842 1885 ] [   13   22   25 ] [   5163  13053  13242 ] [ 0 ],1.10,1.10,1.10,1.10,-50.85,166.83,0.00,0.50,0.50,0.50,0.50,0.00,0.00,0.00,0.00,0.00,0.00,0.50,0.00,0.00,0.00,0
0.179723,-43,154,614,0,DRIVE [ 86 ] [ 1 ] [ 1872 1829 1885 ] [    0    0    0 ] [      0      0      0 ] [ 0 ],drive [ 85 ] [ 1 ] [ 1878 1836 1885 ] [   13   22   25 ] [   5163  13053  13242 ] [ 0 ],1.10,1.10,1.10,1.10,-47.78,169.37,0.00,0.50,0.50,0.50,0.50,0.00,0.00,0.00,0.00,0.00,0.00,0.50,0.00,0.00,0.00,0
0.193758,-42,155,613,0,DRIVE [ 86 ] [ 1 ] [ 1866 1821 1885 ] [    0    0    0 ] [      0      0      0 ] [ 0 ],drive [ 86 ] [ 1 ] [ 1872 1829 1885 ] [   13   22   25 ] [   5163  13053  13242 ] [ 0 ],1.10,1.10,1.10,1.10,-46.45,170.59,0.00,0.50,0.50,0.50,0.50,0.00,0.00,0.00,0.00,0.00,0.00,0.50,0.00,0.00,0.00,0
0.210444,-39,155,601,0,DRIVE [ 87 ] [ 1 ] [ 1860 1814 1885 ] [    0    0    0 ] [      0      0      0 ] [ 0 ],drive [ 86 ] [ 1 ] [ 1866 1821 1885 ] [   13   22   25 ] [   5166  12952  13242 ] [ 0 ],1.10,1.10,1.10,1.10,-42.92,169.98,0.00,0.50,0.50,0.50,0.50,0.00,0.00,0.00,0.00,0.00,0.00,0.50,0.00,-0.00,0.00,0
0.22457,-37,157,601,0,DRIVE [ 87 ] [ 1 ] [ 1852 1805 1885 ] [    0    0    0 ] [      0      0      0 ] [ 0 ],drive [ 87 ] [ 1 ] [ 1860 1814 1885 ] [   15   10   25 ] [   5166  12952  13242 ] [ 0 ],1.10,1.10,1.10,1.10,-40.57,172.44,0.00,0.50,0.50,0.50,0.50,0.00,0.00,0.00,0.00,0.00,0.00,0.50,0.00,0.00,0.00,0
0.238855,-35,159,602,0,DRIVE [ 88 ] [ 1 ] [ 1845 1798 1885 ] [    0    0    0 ] [      0      0      0 ] [ 0 ],drive [ 87 ] [ 1 ] [ 1852 1805 1885 ] [   15   10   25 ] [   5166  12952  13242 ] [ 0 ],1.10,1.10,1.10,1.10,-38.23,175.18,0.00,0.50,0.50,0.50,0.50,0.00,0.00,0.00,0.00,0.00,0.00,0.50,0.00,0.00,0.00,0
0.254438,-31,161,596,0,DRIVE [ 88 ] [ 1 ] [ 1836 1792 1885 ] [    0    0    0 ] [      0      0      0 ] [ 0 ],drive [ 88 ] [ 1 ] [ 1845 1798 1885 ] [   15   10   25 ] [   5174  12954  13242 ] [ 0 ],1.10,1.10,1.10,1.10,-34.12,177.00,0.00,0.50,0.50,0.50,0.50,0.00,0.00,0.00,0.00,0.00,0.00,0.50,0.00,0.00,0.00,0
0.268802,-27,163,592,0,DRIVE [ 89 ] [ 1 ] [ 1826 1785 1885 ] [    0    0    0 ] [      0      0      0 ] [ 0 ],drive [ 88 ] [ 1 ] [ 1836 1792 1885 ] [   11   13   25 ] [   5174  12954  13242 ] [ 0 ],1.10,1.10,1.10,1.10,-29.95,178.94,0.00,0.50,0.50,0.50,0.50,0.00,0.00,0.00,0.00,0.00,0.00,0.50,0.00,0.00,0.00,0
0.2832,-23,165,590,0,DRIVE [ 89 ] [ 1 ] [ 1816 1778 1885 ] [    0    0    0 ] [      0      0      0 ] [ 0 ],drive [ 89 ] [ 1 ] [ 1826 1785 1885 ] [   11   13   25 ] [   5174  12954  13242 ] [ 0 ],1.10,1.10,1.10,1.10,-25.70,181.28,0.00,0.50,0.50,0.50,0.50,0.00,0.00,0.00,0.00,0.00,0.00,0.50,0.00,0.00,0.00,0
0.2972,-19,168,588,0,DRIVE [ 90 ] [ 1 ] [ 1805 1772 1885 ] [    0    0    0 ] [      0      0      0 ] [ 0 ],drive [ 89 ] [ 1 ] [ 1816 1778 1885 ] [   11   13   25 ] [   5212  12953  13220 ] [ 0 ],1.10,1.10,1.10,1.10,-21.35,184.41,0.00,0.50,0.50,0.50,0.50,0.00,0.00,0.00,0.00,0.00,0.00,0.50,0.00,0.00,0.00,0
0.31174,-16,169,581,0,DRIVE [ 90 ] [ 1 ] [ 1794 1765 1885 ] [    0    0    0 ] [      0      0      0 ] [ 0 ],drive [ 90 ] [ 1 ] [ 1805 1772 1885 ] [   22   15   23 ] [   5212  12953  13220 ] [ 0 ],1.10,1.10,1.10,1.10,-17.98,185.69,0.00,0.50,0.50,0.50,0.50,0.00,0.00,0.00,0.00,0.00,0.00,0.50,0.00,0.00,0.00,0
0.326751,-14,171,580,0,DRIVE [ 91 ] [ 1 ] [ 1784 1757 1885 ] [    0    0    0 ] [      0      0      0 ] [ 0 ],drive [ 90 ] [ 1 ] [ 1794 1765 1885 ] [   22   15   23 ] [   5212  12953  13220 ] [ 0 ],1.10,1.10,1.10,1.10,-15.68,188.52,0.00,0.50,0.50,0.50,0.50,0.00,0.00,0.00,0.00,0.00,0.00,0.50,0.00,0.00,0.00,0
0.341616,-13,173,576,0,DRIVE [ 91 ] [ 1 ] [ 1774 1749 1885 ] [    0    0    0 ] [      0      0      0 ] [ 0 ],drive [ 91 ] [ 1 ] [ 1784 1757 1885 ] [   22   15   23 ] [   5212  12953  13220 ] [ 0 ],1.10,1.10,1.10,1.10,-13.83,189.76,0.00,0.50,0.50,0.50,0.50,0.00,0.00,0.00,0.00,0.00,0.00,0.50,0.00,0.00,0.00,0
0.356296,-11,174,572,0,DRIVE [ 92 ] [ 1 ] [ 1764 1741 1885 ] [    0    0    0 ] [      0      0      0 ] [ 0 ],drive [ 91 ] [ 1 ] [ 1774 1749 1885 ] [   22   15   23 ] [   5233  12958  13193 ] [ 0 ],1.10,1.10,1.10,1.10,-12.19,190.88,0.00,0.50,0.50,0.50,0.50,0.00,0.00,0.00,0.00,0.00,0.00,0.50,0.00,0.00,0.00,0
0.370698,-10,174,567,0,DRIVE [ 92 ] [ 1 ] [ 1754 1733 1885 ] [    0    0    0 ] [      0      0      0 ] [ 0 ],drive [ 92 ] [ 1 ] [ 1764 1741 1885 ] [   28   35   13 ] [   5233  12958  13193 ] [ 0 ],1.10,1.10,1.10,1.10,-10.58,191.13,0.00,0.50,0.50,0.50,0.50,0.00,0.00,0.00,0.00,0.00,0.00,0.50,0.00,0.00,0.00,0
0.385323,-8,173,559,0,DRIVE [ 93 ] [ 1 ] [ 1744 1725 1885 ] [    0    0    0 ] [      0      0      0 ] [ 0 ],drive [ 92 ] [ 1 ] [ 1754 1733 1885 ] [   28   35   13 ] [   5233  12958  13193 ] [ 0 ],1.10,1.10,1.10,1.10,-8.83,189.93,0.00,0.50,0.50,0.50,0.50,0.00,0.00,0.00,0.00,0.00,0.00,0.50,0.00,0.00,0.00,0
0.399822,-6,172,552,0,DRIVE [ 93 ] [ 1 ] [ 1733 1718 1885 ] [    0    0    0 ] [      0      0      0 ] [ 0 ],drive [ 93 ] [ 1 ] [ 1744 1725 1885 ] [   28   35   13 ] [   5411  12982  13165 ] [ 0 ],1.10,1.10,1.10,1.10,-6.82,189.67,0.00,0.50,0.50,0.50,0.50,0.00,0.00,0.00,0.00,0.00,0.00,0.50,0.00,0.00,0.00,0
0.414103,-5,173,548,0,DRIVE [ 94 ] [ 1 ] [ 1723 1710 1885 ] [    0    0    0 ] [      0      0      0 ] [ 0 ],drive [ 93 ] [ 1 ] [ 1733 1718 1885 ] [   32   37   19 ] [   5411  12982  13165 ] [ 0 ],1.10,1.10,1.10,1.10,-5.38,189.96,0.00,0.50,0.50,0.50,0.50,0.00,0.00,0.00,0.00,0.00,0.00,0.50,0.00,0.00,0.00,0
0.428669,-4,172,540,0,DRIVE [ 94 ] [ 1 ] [ 1713 1702 1885 ] [    0    0    0 ] [      0      0      0 ] [ 0 ],drive [ 94 ] [ 1 ] [ 1723 1710 1885 ] [   32   37   19 ] [   5411  12982  13165 ] [ 0 ],1.10,1.10,1.10,1.10,-4.69,188.91,0.00,0.50,0.50,0.50,0.50,0.00,0.00,0.00,0.00,0.00,0.00,0.50,0.00,0.00,0.00,0
0.44286,-6,171,535,0,DRIVE [ 95 ] [ 1 ] [ 1707 1691 1885 ] [    0    0    0 ] [      0      0      0 ] [ 0 ],drive [ 94 ] [ 1 ] [ 1713 1702 1885 ] [   32   37   19 ] [   5411  12982  13165 ] [ 0 ],1.10,1.10,1.10,1.10,-6.31,187.81,0.00,0.50,0.50,0.50,0.50,0.00,0.00,0.00,0.00,0.00,0.00,0.50,0.00,0.00,0.00,0
0.457022,-8,169,531,0,DRIVE [ 95 ] [ 1 ] [ 1704 1681 1885 ] [    0    0    0 ] [      0      0      0 ] [ 0 ],drive [ 95 ] [ 1 ] [ 1707 1691 1885 ] [   32   37   19 ] [   5958  12974  12963 ] [ 0 ],1.10,1.10,1.10,1.10,-9.01,186.28,0.00,0.50,0.50,0.50,0.50,0.00,0.00,0.00,0.00,0.00,0.00,0.50,0.00,0.00,0.00,0
0.471371,-11,166,524,0,DRIVE [ 96 ] [ 1 ] [ 1702 1670 1885 ] [    0    0    0 ] [      0      0      0 ] [ 0 ],drive [ 95 ] [ 1 ] [ 1704 1681 1885 ] [   34   40    2 ] [   5958  12974  12963 ] [ 0 ],1.10,1.10,1.10,1.10,-11.96,183.05,0.00,0.50,0.50,0.50,0.50,0.00,0.00,0.00,0.00,0.00,0.00,0.50,0.00,-0.00,0.00,0
0.485658,-13,164,518,0,DRIVE [ 96 ] [ 1 ] [ 1700 1658 1885 ] [    0    0    0 ] [      0      0      0 ] [ 0 ],drive [ 96 ] [ 1 ] [ 1702 1670 1885 ] [   34   40    2 ] [   5958  12974  12963 ] [ 0 ],1.10,1.10,1.10,1.10,-14.68,180.29,0.00,0.50,0.50,0.50,0.50,0.00,0.00,0.00,0.00,0.00,0.00,0.50,0.00,-0.00,0.00,0
0.500936,-14,161,510,0,DRIVE [ 97 ] [ 1 ] [ 1697 1649 1885 ] [    0    0    0 ] [      0      0      0 ] [ 0 ],drive [ 96 ] [ 1 ] [ 1700 1658 1885 ] [   34   40    2 ] [   6114  12978  12867 ] [ 0 ],1.10,1.10,1.10,1.10,-15.88,177.00,0.00,0.50,0.50,0.50,0.50,0.00,0.00,0.00,0.00,0.00,0.00,0.50,0.00,-0.00,0.00,0
0.515308,-15,159,505,0,DRIVE [ 97 ] [ 1 ] [ 1691 1640 1885 ] [    0    0    0 ] [      0      0      0 ] [ 0 ],drive [ 97 ] [ 1 ] [ 1697 1649 1885 ] [   25   45   15 ] [   6114  12978  12867 ] [ 0 ],1.10,1.10,1.10,1.10,-16.34,174.95,0.00,0.50,0.50,0.50,0.50,0.00,0.00,0.00,0.00,0.00,0.00,0.50,0.00,-0.00,0.00,0
0.530112,-15,158,502,0,DRIVE [ 98 ] [ 1 ] [ 1684 1632 1885 ] [    0    0    0 ] [      0      0      0 ] [ 0 ],drive [ 97 ] [ 1 ] [ 1691 1640 1885 ] [   25   45   15 ] [   6114  12978  12867 ] [ 0 ],1.10,1.10,1.10,1.10,-16.24,174.31,0.00,0.50,0.50,0.50,0.50,0.00,0.00,0.00,0.00,0.00,0.00,0.50,0.00,-0.00,0.00,0
0.543857,-13,156,495,0,DRIVE [ 98 ] [ 1 ] [ 1675 1626 1885 ] [    0    0    0 ] [      0      0      0 ] [ 0 ],drive [ 98 ] [ 1 ] [ 1684 1632 1885 ] [   25   45   15 ] [   6114  12978  12867 ] [ 0 ],1.10,1.10,1.10,1.10,-14.73,172.11,0.00,0.50,0.50,0.50,0.50,0.00,0.00,0.00,0.00,0.00,0.00,0.50,0.00,-0.00,0.00,0
0.558243,-12,155,487,0,DRIVE [ 99 ] [ 1 ] [ 1665 1620 1885 ] [    0    0    0 ] [      0      0      0 ] [ 0 ],drive [ 98 ] [ 1 ] [ 1675 1626 1885 ] [   25   45   15 ] [   6125  12980  12854 ] [ 0 ],1.10,1.10,1.10,1.10,-12.96,170.18,0.00,0.50,0.50,0.50,0.50,0.00,0.00,0.00,0.00,0.00,0.00,0.50,0.00,-0.00,0.00,0
0.572707,-10,153,479,0,DRIVE [ 99 ] [ 1 ] [ 1654 1614 1885 ] [    0    0    0 ] [      0      0      0 ] [ 0 ],drive [ 99 ] [ 1 ] [ 1665 1620 1885 ] [   23   49    1 ] [   6125  12980  12854 ] [ 0 ],1.10,1.10,1.10,1.10,-11.02,168.16,0.00,0.50,0.50,0.50,0.50,0.00,0.00,0.00,0.00,0.00,0.00,0.50,0.00,-0.00,0.00,0
0.587116,-8,152,472,0,DRIVE [ 00 ] [ 1 ] [ 1642 1608 1885 ] [    0    0    0 ] [      0      0      0 ] [ 0 ],drive [ 99 ] [ 1 ] [ 1654 1614 1885 ] [   23   49    1 ] [   6125  12980  12854 ] [ 0 ],1.10,1.10,1.10,1.10,-9.08,166.98,0.00,0.50,0.50,0.50,0.50,0.00,0.00,0.00,0.00,0.00,0.00,0.50,0.00,-0.00,0.00,0
0.601572,-6,150,462,0,DRIVE [ 00 ] [ 1 ] [ 1629 1602 1885 ] [    0    0    0 ] [      0      0      0 ] [ 0 ],drive [ 00 ] [ 1 ] [ 1642 1608 1885 ] [   23   49    1 ] [   6367  13005  12722 ] [ 0 ],1.10,1.10,1.10,1.10,-6.73,164.93,0.00,0.50,0.50,0.50,0.50,0.00,0.00,0.00,0.00,0.00,0.00,0.50,0.00,-0.00,0.00,0
0.615984,-4,150,458,0,DRIVE [ 01 ] [ 1 ] [ 1616 1596 1885 ] [    0    0    0 ] [      0      0      0 ] [ 0 ],drive [ 00 ] [ 1 ] [ 1629 1602 1885 ] [   35   49   26 ] [   6367  13005  12722 ] [ 0 ],1.10,1.10,1.10,1.10,-4.72,164.51,0.00,0.50,0.50,0.50,0.50,0.00,0.00,0.00,0.00,0.00,0.00,0.50,0.00,-0.00,0.00,0
0.629748,-3,149,454,0,DRIVE [ 01 ] [ 1 ] [ 1605 1591 1885 ] [    0    0    0 ] [      0      0      0 ] [ 0 ],drive [ 01 ] [ 1 ] [ 1616 1596 1885 ] [   35   49   26 ] [   6367  13005  12722 ] [ 0 ],1.10,1.10,1.10,1.10,-3.28,163.57,0.00,0.50,0.50,0.50,0.50,0.00,0.00,0.00,0.00,0.00,0.00,0.50,0.00,-0.00,0.00,0
0.6444,-2,147,449,0,DRIVE [ 02 ] [ 1 ] [ 1597 1586 1885 ] [    0    0    0 ] [      0      0      0 ] [ 0 ],drive [ 01 ] [ 1 ] [ 1605 1591 1885 ] [   35   49   26 ] [   6367  13005  12722 ] [ 0 ],1.10,1.10,1.10,1.10,-2.45,161.64,0.00,0.50,0.50,0.50,0.50,0.00,0.00,0.00,0.00,0.00,0.00,0.50,0.00,-0.00,0.00,0
0.65874,-2,145,443,0,DRIVE [ 02 ] [ 1 ] [ 1591 1579 1885 ] [    0    0    0 ] [      0      0      0 ] [ 0 ],drive [ 02 ] [ 1 ] [ 1597 1586 1885 ] [   35   49   26 ] [   6609  13010  12544 ] [ 0 ],1.10,1.10,1.10,1.10,-2.56,159.24,0.00,0.50,0.50,0.50,0.50,0.00,0.00,0.00,0.00,0.00,0.00,0.50,0.00,-0.00,0.00,0
0.673007,-3,142,436,0,DRIVE [ 03 ] [ 1 ] [ 1586 1571 1885 ] [    0    0    0 ] [      0      0      0 ] [ 0 ],drive [ 02 ] [ 1 ] [ 1591 1579 1885 ] [   51   48    4 ] [   6609  13010  12544 ] [ 0 ],1.10,1.10,1.10,1.10,-3.18,156.30,0.00,0.50,0.50,0.50,0.50,0.00,0.00,0.00,0.00,0.00,0.00,0.50,0.00,-0.00,0.00,0
0.68725,-4,139,429,0,DRIVE [ 03 ] [ 1 ] [ 1583 1562 1885 ] [    0    0    0 ] [      0      0      0 ] [ 0 ],drive [ 03 ] [ 1 ] [ 1586 1571 1885 ] [   51   48    4 ] [   6609  13010  12544 ] [ 0 ],1.10,1.10,1.10,1.10,-4.29,152.98,0.00,0.50,0.50,0.50,0.50,0.00,0.00,0.00,0.00,0.00,0.00,0.50,0.00,-0.00,0.00,0
0.701354,-6,136,422,0,DRIVE [ 04 ] [ 1 ] [ 1582 1552 1885 ] [    0    0    0 ] [      0      0      0 ] [ 0 ],drive [ 03 ] [ 1 ] [ 1583 1562 1885 ] [   51   48    4 ] [   6996  13010  12382 ] [ 0 ],1.10,1.10,1.10,1.10,-6.08,150.14,0.00,0.50,0.50,0.50,0.50,0.00,0.00,0.00,0.00,0.00,0.00,0.50,0.00,-0.00,0.00,0
0.715476,-9,132,413,0,DRIVE [ 04 ] [ 1 ] [ 1587 1538 1885 ] [    0    0    0 ] [      0      0      0 ] [ 0 ],drive [ 04 ] [ 1 ] [ 1582 1552 1885 ] [   46   50   22 ] [   6996  13010  12382 ] [ 0 ],1.10,1.10,1.10,1.10,-9.48,145.63,0.00,0.50,0.50,0.50,0.50,0.00,0.00,0.00,0.00,0.00,0.00,0.50,0.00,-0.00,0.00,0
0.730204,-12,131,412,0,DRIVE [ 05 ] [ 1 ] [ 1594 1523 1885 ] [    0    0    0 ] [      0      0      0 ] [ 0 ],drive [ 04 ] [ 1 ] [ 1587 1538 1885 ] [   46   50   22 ] [   6996  13010  12382 ] [ 0 ],1.10,1.10,1.10,1.10,-13.28,143.90,0.00,0.50,0.50,0.50,0.50,0.00,0.00,0.00,0.00,0.00,0.00,0.50,0.00,-0.00,0.00,0
0.74378,-15,128,406,0,DRIVE [ 05 ] [ 1 ] [ 1600 1508 1885 ] [    0    0    0 ] [      0      0      0 ] [ 0 ],drive [ 05 ] [ 1 ] [ 1594 1523 1885 ] [   46   50   22 ] [   6996  13010  12382 ] [ 0 ],1.10,1.10,1.10,1.10,-16.67,140.40,0.00,0.50,0.50,0.50,0.50,0.00,0.00,0.00,0.00,0.00,0.00,0.50,0.00,-0.00,0.00,0
0.75774,-18,125,401,0,DRIVE [ 06 ] [ 1 ] [ 1608 1493 1885 ] [    0    0    0 ] [      0      0      0 ] [ 0 ],drive [ 05 ] [ 1 ] [ 1600 1508 1885 ] [   46   50   22 ] [   7246  13029  12154 ] [ 0 ],1.10,1.10,1.10,1.10,-20.28,137.11,0.00,0.50,0.50,0.50,0.50,0.00,0.00,0.00,0.00,0.00,0.00,0.50,0.00,-0.00,0.00,0
0.771757,-21,122,398,0,DRIVE [ 06 ] [ 1 ] [ 1616 1480 1885 ] [    0    0    0 ] [      0      0      0 ] [ 0 ],drive [ 06 ] [ 1 ] [ 1608 1493 1885 ] [   55   48    3 ] [   7246  13029  12154 ] [ 0 ],1.10,1.10,1.10,1.10,-23.35,133.83,0.00,0.50,0.50,0.50,0.50,0.00,0.00,0.00,0.00,0.00,0.00,0.50,0.00,-0.00,0.00,0
0.7856,-23,117,391,0,DRIVE [ 07 ] [ 1 ] [ 1625 1470 1885 ] [    0    0    0 ] [      0      0      0 ] [ 0 ],drive [ 06 ] [ 1 ] [ 1616 1480 1885 ] [   55   48    3 ] [   7246  13029  12154 ] [ 0 ],1.10,1.10,1.10,1.10,-25.67,128.90,0.00,0.50,0.50,0.50,0.50,0.00,0.00,0.00,0.00,0.00,0.00,0.50,0.00,-0.00,0.00,0
0.799345,-25,113,385,0,DRIVE [ 07 ] [ 1 ] [ 1634 1460 1885 ] [    0    0    0 ] [      0      0      0 ] [ 0 ],drive [ 07 ] [ 1 ] [ 1625 1470 1885 ] [   55   48    3 ] [   7486  13039  11894 ] [ 0 ],1.10,1.10,1.10,1.10,-27.90,124.00,0.00,0.50,0.50,0.50,0.50,0.00,0.00,0.00,0.00,0.00,0.00,0.50,0.00,-0.00,0.00,0
0.812561,-28,107,378,0,DRIVE [ 08 ] [ 1 ] [ 1650 1450 1885 ] [    0    0    0 ] [      0      0      0 ] [ 0 ],drive [ 07 ] [ 1 ] [ 1634 1460 1885 ] [   52   45   21 ] [   7486  13039  11894 ] [ 0 ],1.10,1.10,1.10,1.10,-30.64,117.81,0.00,0.50,0.50,0.50,0.50,0.00,0.00,0.00,0.00,0.00,0.00,0.50,0.00,-0.00,0.00,0
0.826448,-30,102,372,0,DRIVE [ 08 ] [ 1 ] [ 1665 1440 1885 ] [    0    0    0 ] [      0      0      0 ] [ 0 ],drive [ 08 ] [ 1 ] [ 1650 1450 1885 ] [   52   45   21 ] [   7486  13039  11894 ] [ 0 ],1.10,1.10,1.10,1.10,-33.33,112.03,0.00,0.50,0.50,0.50,0.50,0.00,0.00,0.00,0.00,0.00,0.00,0.50,0.00,-0.00,0.00,0
0.840061,-33,98,368,0,DRIVE [ 09 ] [ 1 ] [ 1681 1427 1885 ] [    0    0    0 ] [      0      0      0 ] [ 0 ],drive [ 08 ] [ 1 ] [ 1665 1440 1885 ] [   52   45   21 ] [   7486  13039  11894 ] [ 0 ],1.10,1.10,1.10,1.10,-36.58,107.43,0.00,0.50,0.50,0.50,0.50,0.00,0.00,0.00,0.00,0.00,0.00,0.50,0.00,-0.00,0.00,0
0.85362,-36,94,364,0,DRIVE [ 09 ] [ 1 ] [ 1697 1412 1885 ] [    0    0    0 ] [      0      0      0 ] [ 0 ],drive [ 09 ] [ 1 ] [ 1681 1427 1885 ] [   52   45   21 ] [   7632  13063  11827 ] [ 0 ],1.10,1.10,1.10,1.10,-39.71,102.89,0.00,0.50,0.50,0.50,0.50,0.00,0.00,0.00,0.00,0.00,0.00,0.50,0.00,-0.00,0.00,0
0.86724,-39,89,360,0,DRIVE [ 10 ] [ 1 ] [ 1716 1394 1885 ] [    0    0    0 ] [      0      0      0 ] [ 0 ],drive [ 09 ] [ 1 ] [ 1697 1412 1885 ] [   44   67    8 ] [   7632  13063  11827 ] [ 0 ],1.10,1.10,1.10,1.10,-43.35,97.89,0.00,0.50,0.50,0.50,0.50,0.00,0.00,0.00,0.00,0.00,0.00,0.50,0.00,-0.00,0.00,0
0.880939,-42,85,354,0,DRIVE [ 10 ] [ 1 ] [ 1733 1375 1885 ] [    0    0    0 ] [      0      0      0 ] [ 0 ],drive [ 10 ] [ 1 ] [ 1716 1394 1885 ] [   44   67    8 ] [   7632  13063  11827 ] [ 0 ],1.10,1.10,1.10,1.10,-46.45,93.02,0.00,0.50,0.50,0.50,0.50,0.00,0.00,0.00,0.00,0.00,0.00,0.50,0.00,-0.00,0.00,0
0.893982,-45,80,348,0,DRIVE [ 11 ] [ 1 ] [ 1750 1354 1885 ] [    0    0    0 ] [      0      0      0 ] [ 0 ],drive [ 10 ] [ 1 ] [ 1733 1375 1885 ] [   44   67    8 ] [   7632  13063  11827 ] [ 0 ],1.10,1.10,1.10,1.10,-49.25,88.54,0.00,0.50,0.50,0.50,0.50,0.00,0.00,0.00,0.00,0.00,0.00,0.50,0.00,-0.00,0.00,0
0.907812,-47,77,342,0,DRIVE [ 11 ] [ 1 ] [ 1765 1332 1885 ] [    0    0    0 ] [      0      0      0 ] [ 0 ],drive [ 11 ] [ 1 ] [ 1750 1354 1885 ] [   44   67    8 ] [   7637  13336  11774 ] [ 0 ],1.10,1.10,1.10,1.10,-51.86,84.51,0.00,0.50,0.50,0.50,0.50,0.00,0.00,0.00,0.00,0.00,0.00,0.50,0.00,-0.00,0.00,0
0.921381,-49,74,339,0,DRIVE [ 12 ] [ 1 ] [ 1780 1312 1885 ] [    0    0    0 ] [      0      0      0 ] [ 0 ],drive [ 11 ] [ 1 ] [ 1765 1332 1885 ] [   39   60    2 ] [   7637  13336  11774 ] [ 0 ],1.10,1.10,1.10,1.10,-54.39,81.01,0.00,0.50,0.50,0.50,0.50,0.00,0.00,0.00,0.00,0.00,0.00,0.50,0.00,-0.00,0.00,0
0.934754,-51,69,335,0,DRIVE [ 12 ] [ 1 ] [ 1798 1296 1885 ] [    0    0    0 ] [      0      0      0 ] [ 0 ],drive [ 12 ] [ 1 ] [ 1780 1312 1885 ] [   39   60    2 ] [   7637  13336  11774 ] [ 0 ],1.10,1.10,1.10,1.10,-56.05,76.06,0.00,0.50,0.50,0.50,0.50,0.00,0.00,0.00,0.00,0.00,0.00,0.50,0.00,-0.00,0.00,0
0.948092,-52,65,330,0,DRIVE [ 13 ] [ 1 ] [ 1815 1283 1885 ] [    0    0    0 ] [      0      0      0 ] [ 0 ],drive [ 12 ] [ 1 ] [ 1798 1296 1885 ] [   39   60    2 ] [   7637  13754  11605 ] [ 0 ],1.10,1.10,1.10,1.10,-57.17,71.13,0.00,0.50,0.50,0.50,0.50,0.00,0.00,0.00,0.00,0.00,0.00,0.50,0.00,-0.00,0.00,0
0.960885,-53,60,325,0,DRIVE [ 13 ] [ 1 ] [ 1832 1270 1885 ] [    0    0    0 ] [      0      0      0 ] [ 0 ],drive [ 13 ] [ 1 ] [ 1815 1283 1885 ] [   33   81    8 ] [   7637  13754  11605 ] [ 0 ],1.10,1.10,1.10,1.10,-58.05,66.35,0.00,0.50,0.50,0.50,0.50,0.00,0.00,0.00,0.00,0.00,0.00,0.50,0.00,-0.00,0.00,0
0.974079,-54,56,321,0,DRIVE [ 14 ] [ 1 ] [ 1849 1256 1885 ] [    0    0    0 ] [      0      0      0 ] [ 0 ],drive [ 13 ] [ 1 ] [ 1832 1270 1885 ] [   33   81    8 ] [   7637  13754  11605 ] [ 0 ],1.10,1.10,1.10,1.10,-59.18,62.09,0.00,0.50,0.50,0.50,0.50,0.00,0.00,0.00,0.00,0.00,0.00,0.50,0.00,-0.00,0.00,0
0.987008,-55,53,318,0,DRIVE [ 14 ] [ 1 ] [ 1866 1239 1885 ] [    0    0    0 ] [      0      0      0 ] [ 0 ],drive [ 14 ] [ 1 ] [ 1849 1256 1885 ] [   33   81    8 ] [   7637  13754  11605 ] [ 0 ],1.10,1.10,1.10,1.10,-60.39,58.02,0.00,0.50,0.50,0.50,0.50,0.00,0.00,0.00,0.00,0.00,0.00,0.50,0.00,-0.00,0.00,0
0.999824,-56,49,314,0,DRIVE [ 15 ] [ 1 ] [ 1884 1217 1885 ] [    0    0    0 ] [      0      0      0 ] [ 0 ],drive [ 14 ] [ 1 ] [ 1866 1239 1885 ] [   33   81    8 ] [   7634  14117  11601 ] [ 0 ],1.10,1.10,1.10,1.10,-61.82,53.96,0.00,0.50,0.50,0.50,0.50,0.00,0.00,0.00,0.00,0.00,0.00,0.50,0.00,-0.00,0.00,0
1.01325,-57,46,308,0,DRIVE [ 15 ] [ 1 ] [ 1901 1203 1885 ] [    0    0    0 ] [      0      0      0 ] [ 0 ],drive [ 15 ] [ 1 ] [ 1884 1217 1885 ] [   28   82    8 ] [   7634  14117  11601 ] [ 0 ],1.10,1.10,1.10,1.10,-62.70,50.11,0.00,0.50,0.50,0.50,0.50,0.00,0.00,0.00,0.00,0.00,0.00,0.50,0.00,-0.00,0.00,0
1.02572,-58,43,304,0,DRIVE [ 16 ] [ 1 ] [ 1916 1187 1885 ] [    0    0    0 ] [      0      0      0 ] [ 0 ],drive [ 15 ] [ 1 ] [ 1901 1203 1885 ] [   28   82    8 ] [   7634  14117  11601 ] [ 0 ],1.10,1.10,1.10,1.10,-63.74,46.97,0.00,0.50,0.50,0.50,0.50,0.00,0.00,0.00,0.00,0.00,0.00,0.50,0.00,-0.00,0.00,0
1.03854,-59,40,300,0,DRIVE [ 16 ] [ 1 ] [ 1916 1181 1880 ] [    0    0    0 ] [      0      0      0 ] [ 0 ],drive [ 16 ] [ 1 ] [ 1916 1187 1885 ] [   28   82    8 ] [   7634  14117  11601 ] [ 0 ],1.10,1.10,1.10,1.10,-64.75,44.11,0.00,0.50,0.50,0.50,0.50,0.00,0.00,0.00,0.00,0.00,0.00,0.50,0.00,-0.00,0.00,0
1.051,-60,38,297,0,DRIVE [ 17 ] [ 1 ] [ 1916 1190 1868 ] [    0    0    0 ] [      0      0      0 ] [ 0 ],drive [ 16 ] [ 1 ] [ 1916 1181 1880 ] [   28   82    8 ] [   7629  14544  11598 ] [ 0 ],1.10,1.10,1.10,1.10,-65.77,41.57,0.00,0.50,0.50,0.50,0.50,0.00,0.00,0.00,0.00,0.00,0.00,0.50,0.00,-0.00,0.00,0
1.06355,-61,36,293,0,DRIVE [ 17 ] [ 1 ] [ 1916 1197 1858 ] [    0    0    0 ] [      0      0      0 ] [ 0 ],drive [ 17 ] [ 1 ] [ 1916 1190 1868 ] [    9   79    5 ] [   7629  14544  11598 ] [ 0 ],1.10,1.10,1.10,1.10,-66.59,39.28,0.00,0.50,0.50,0.50,0.50,0.00,0.00,0.00,0.00,0.00,0.00,0.50,0.00,-0.00,0.00,0
1.07561,-61,34,291,0,DRIVE [ 18 ] [ 1 ] [ 1916 1205 1848 ] [    0    0    0 ] [      0      0      0 ] [ 0 ],drive [ 17 ] [ 1 ] [ 1916 1197 1858 ] [    9   79    5 ] [   7629  14544  11598 ] [ 0 ],1.10,1.10,1.10,1.10,-67.14,37.20,0.00,0.50,0.50,0.50,0.50,0.00,0.00,0.00,0.00,0.00,0.00,0.50,0.00,-0.00,0.00,0
1.08811,-61,32,288,0,DRIVE [ 18 ] [ 1 ] [ 1916 1215 1839 ] [    0    0    0 ] [      0      0      0 ] [ 0 ],drive [ 18 ] [ 1 ] [ 1916 1205 1848 ] [    9   79    5 ] [   7629  14544  11598 ] [ 0 ],1.10,1.10,1.10,1.10,-67.37,35.11,0.00,0.50,0.50,0.50,0.50,0.00,0.00,0.00,0.00,0.00,0.00,0.50,0.00,-0.00,0.00,0
1.10032,-61,30,286,0,DRIVE [ 19 ] [ 1 ] [ 1916 1231 1830 ] [    0    0    0 ] [      0      0      0 ] [ 0 ],drive [ 18 ] [ 1 ] [ 1916 1215 1839 ] [    9   79    5 ] [   7585  14966  11597 ] [ 0 ],1.10,1.10,1.10,1.10,-67.18,32.60,0.00,0.50,0.50,0.50,0.50,0.00,0.00,0.00,0.00,0.00,0.00,0.50,0.00,-0.00,0.00,0
1.1124,-61,28,283,0,DRIVE [ 19 ] [ 1 ] [ 1916 1243 1822 ] [    0    0    0 ] [      0      0      0 ] [ 0 ],drive [ 19 ] [ 1 ] [ 1916 1231 1830 ] [   18   72    9 ] [   7585  14966  11597 ] [ 0 ],1.10,1.10,1.10,1.10,-66.76,30.51,0.00,0.50,0.50,0.50,0.50,0.00,0.00,0.00,0.00,0.00,0.00,0.50,0.00,-0.00,0.00,0
1.12441,-60,26,280,0,DRIVE [ 20 ] [ 1 ] [ 1916 1256 1816 ] [    0    0    0 ] [      0      0      0 ] [ 0 ],drive [ 19 ] [ 1 ] [ 1916 1243 1822 ] [   18   72    9 ] [   7585  14966  11597 ] [ 0 ],1.10,1.10,1.10,1.10,-65.98,28.60,0.00,0.50,0.50,0.50,0.50,0.00,0.00,0.00,0.00,0.00,0.00,0.50,0.00,-0.00,0.00,0
1.13672,-59,24,276,0,DRIVE [ 20 ] [ 1 ] [ 1916 1268 1811 ] [    0    0    0 ] [      0      0      0 ] [ 0 ],drive [ 20 ] [ 1 ] [ 1916 1256 1816 ] [   18   72    9 ] [   7585  14966  11597 ] [ 0 ],1.10,1.10,1.10,1.10,-64.97,26.80,0.00,0.50,0.50,0.50,0.50,0.00,0.00,0.00,0.00,0.00,0.00,0.50,0.00,-0.00,0.00,0
1.149,-58,23,273,0,DRIVE [ 21 ] [ 1 ] [ 1916 1278 1807 ] [    0    0    0 ] [      0      0      0 ] [ 0 ],drive [ 20 ] [ 1 ] [ 1916 1268 1811 ] [   18   72    9 ] [   7515  15004  11598 ] [ 0 ],1.10,1.10,1.10,1.10,-64.10,25.44,0.00,0.50,0.50,0.50,0.50,0.00,0.00,0.00,0.00,0.00,0.00,0.50,0.00,-0.00,0.00,0
1.16071,-57,22,270,0,DRIVE [ 21 ] [ 1 ] [ 1916 1287 1805 ] [    0    0    0 ] [      0      0      0 ] [ 0 ],drive [ 21 ] [ 1 ] [ 1916 1278 1807 ] [   21   64   13 ] [   7515  15004  11598 ] [ 0 ],1.10,1.10,1.10,1.10,-63.02,24.32,0.00,0.50,0.50,0.50,0.50,0.00,0.00,0.00,0.00,0.00,0.00,0.50,0.00,-0.00,0.00,0
1.17286,-56,21,267,0,DRIVE [ 22 ] [ 1 ] [ 1916 1294 1803 ] [    0    0    0 ] [      0      0      0 ] [ 0 ],drive [ 21 ] [ 1 ] [ 1916 1287 1805 ] [   21   64   13 ] [   7515  15004  11598 ] [ 0 ],1.10,1.10,1.10,1.10,-62.04,23.47,0.00,0.50,0.50,0.50,0.50,0.00,0.00,0.00,0.00,0.00,0.00,0.50,0.00,-0.00,0.00,0
1.18493,-55,21,263,0,DRIVE [ 22 ] [ 1 ] [ 1916 1302 1802 ] [    0    0    0 ] [      0      0      0 ] [ 0 ],drive [ 22 ] [ 1 ] [ 1916 1294 1803 ] [   21   64   13 ] [   7515  15004  11598 ] [ 0 ],1.10,1.10,1.10,1.10,-60.51,22.57,0.00,0.50,0.50,0.50,0.50,0.00,0.00,0.00,0.00,0.00,0.00,0.50,0.00,-0.00,0.00,0
1.19694,-54,20,259,0,DRIVE [ 23 ] [ 1 ] [ 1916 1309 1803 ] [    0    0    0 ] [      0      0      0 ] [ 0 ],drive [ 22 ] [ 1 ] [ 1916 1302 1802 ] [   21   64   13 ] [   7508  15002  11601 ] [ 0 ],1.10,1.10,1.10,1.10,-58.99,21.95,0.00,0.50,0.50,0.50,0.50,0.00,0.00,0.00,0.00,0.00,0.00,0.50,0.00,-0.00,0.00,0
1.20857,-52,20,256,0,DRIVE [ 23 ] [ 1 ] [ 1916 1317 1807 ] [    0    0    0 ] [      0      0      0 ] [ 0 ],drive [ 23 ] [ 1 ] [ 1916 1309 1803 ] [   10   59   17 ] [   7508  15002  11601 ] [ 0 ],1.10,1.10,1.10,1.10,-57.20,21.74,0.00,0.50,0.50,0.50,0.50,0.00,0.00,0.00,0.00,0.00,0.00,0.50,0.00,-0.00,0.00,0
1.22049,-49,20,252,0,DRIVE [ 24 ] [ 1 ] [ 1916 1330 1816 ] [    0    0    0 ] [      0      0      0 ] [ 0 ],drive [ 23 ] [ 1 ] [ 1916 1317 1807 ] [   10   59   17 ] [   7508  15002  11601 ] [ 0 ],1.10,1.10,1.10,1.10,-53.83,21.78,0.00,0.50,0.50,0.50,0.50,0.00,0.00,0.00,0.00,0.00,0.00,0.50,0.00,-0.00,0.00,0
1.23459,-46,20,248,0,DRIVE [ 24 ] [ 1 ] [ 1916 1338 1827 ] [    0    0    0 ] [      0      0      0 ] [ 0 ],drive [ 24 ] [ 1 ] [ 1916 1330 1816 ] [   10   59   17 ] [   7508  15002  11601 ] [ 0 ],1.10,1.10,1.10,1.10,-50.33,22.18,0.00,0.50,0.50,0.50,0.50,-0.42,0.23,0.00,0.00,0.00,0.00,0.50,0.00,-0.00,0.00,0
1.24679,-42,21,244,0,DRIVE [ 25 ] [ 1 ] [ 1916 1347 1840 ] [    0    0    0 ] [      0      0      0 ] [ 0 ],drive [ 24 ] [ 1 ] [ 1916 1338 1827 ] [   10   59   17 ] [   7375  14999  11608 ] [ 0 ],1.10,1.10,1.10,1.10,-46.52,22.64,0.00,0.50,0.50,0.50,0.50,-0.81,0.46,0.00,0.00,0.00,0.00,0.50,0.00,-0.00,0.00,0
1.25804,-39,21,240,0,DRIVE [ 25 ] [ 1 ] [ 1916 1356 1854 ] [    0    0    0 ] [      0      0      0 ] [ 0 ],drive [ 25 ] [ 1 ] [ 1916 1347 1840 ] [   24   56   20 ] [   7375  14999  11608 ] [ 0 ],1.10,1.10,1.10,1.10,-42.55,23.20,0.00,0.50,0.50,0.50,0.50,-1.16,0.69,0.00,0.00,0.00,0.00,0.50,0.00,-0.00,0.00,0
1.26984,-35,22,237,0,DRIVE [ 26 ] [ 1 ] [ 1916 1365 1870 ] [    0    0    0 ] [      0      0      0 ] [ 0 ],drive [ 25 ] [ 1 ] [ 1916 1356 1854 ] [   24   56   20 ] [   7375  14999  11608 ] [ 0 ],1.10,1.10,1.10,1.10,-38.48,23.87,0.00,0.50,0.50,0.50,0.50,-1.48,0.93,0.00,0.00,0.00,0.00,0.50,0.00,-0.00,0.00,0
1.28141,-31,22,233,0,DRIVE [ 26 ] [ 1 ] [ 1924 1377 1870 ] [    0    0    0 ] [      0      0      0 ] [ 0 ],drive [ 26 ] [ 1 ] [ 1916 1365 1870 ] [   24   56   20 ] [   7375  14999  11608 ] [ 0 ],1.10,1.10,1.10,1.10,-34.34,24.39,0.00,0.50,0.50,0.50,0.50,-1.76,1.18,0.00,0.00,0.00,0.00,0.50,0.00,-0.00,0.00,0
1.29268,-27,23,230,0,DRIVE [ 27 ] [ 1 ] [ 1905 1421 1870 ] [    0    0    0 ] [      0      0      0 ] [ 0 ],drive [ 26 ] [ 1 ] [ 1924 1377 1870 ] [   24   56   20 ] [   7305  14998  11606 ] [ 0 ],1.10,1.10,1.10,1.10,-30.14,24.90,0.00,0.50,0.50,0.50,0.50,-2.00,1.42,0.00,0.00,0.00,0.00,0.50,0.00,-0.00,0.00,0
1.3045,-24,23,225,0,DRIVE [ 27 ] [ 1 ] [ 1886 1462 1870 ] [    0    0    0 ] [      0      0      0 ] [ 0 ],drive [ 27 ] [ 1 ] [ 1905 1421 1870 ] [   24   56   20 ] [   7305  14998  11606 ] [ 0 ],1.10,1.10,1.10,1.10,-26.02,25.25,0.00,0.50,0.50,0.50,0.50,-2.21,1.67,0.00,0.00,0.00,0.00,0.50,0.00,-0.00,0.00,0
1.31614,-20,23,223,0,DRIVE [ 28 ] [ 1 ] [ 1867 1502 1870 ] [    0    0    0 ] [      0      0      0 ] [ 0 ],drive [ 27 ] [ 1 ] [ 1886 1462 1870 ] [   27   51   15 ] [   7305  14998  11606 ] [ 0 ],1.10,1.10,1.10,1.10,-22.18,25.79,0.00,0.50,0.50,0.50,0.50,-2.39,1.92,0.00,0.00,0.00,0.00,0.50,0.00,-0.00,0.00,0
1.32896,-17,24,220,0,DRIVE [ 28 ] [ 1 ] [ 1847 1537 1870 ] [    0    0    0 ] [      0      0      0 ] [ 0 ],drive [ 28 ] [ 1 ] [ 1867 1502 1870 ] [   27   51   15 ] [   7305  14998  11606 ] [ 0 ],1.10,1.10,1.10,1.10,-18.43,26.26,0.00,0.50,0.50,0.50,0.50,-2.53,2.18,0.00,0.00,0.00,0.00,0.50,0.00,-0.00,0.00,0
1.34039,-14,24,216,0,DRIVE [ 29 ] [ 1 ] [ 1826 1567 1870 ] [    0    0    0 ] [      0      0      0 ] [ 0 ],drive [ 28 ] [ 1 ] [ 1847 1537 1870 ] [   27   51   15 ] [   7305  14998  11606 ] [ 0 ],1.10,1.10,1.10,1.10,-14.94,26.69,0.00,0.50,0.50,0.50,0.50,-2.65,2.43,0.00,0.00,0.00,0.00,0.50,0.00,-0.00,0.00,0
1.35218,-11,25,213,0,DRIVE [ 29 ] [ 1 ] [ 1805 1595 1870 ] [    0    0    0 ] [      0      0      0 ] [ 0 ],drive [ 29 ] [ 1 ] [ 1826 1567 1870 ] [   27   51   15 ] [   7305  14967  11606 ] [ 0 ],1.10,1.10,1.10,1.10,-11.56,27.16,0.00,0.50,0.50,0.50,0.50,-2.74,2.69,0.00,0.00,0.00,0.00,0.50,0.00,-0.00,0.00,0
1.36521,-8,25,210,0,DRIVE [ 30 ] [ 1 ] [ 1784 1618 1870 ] [    0    0    0 ] [      0      0      0 ] [ 0 ],drive [ 29 ] [ 1 ] [ 1805 1595 1870 ] [   35   47   14 ] [   7305  14967  11606 ] [ 0 ],1.10,1.10,1.10,1.10,-8.43,27.45,0.00,0.50,0.50,0.50,0.50,-2.80,2.96,0.00,0.00,0.00,0.00,0.50,0.00,-0.00,0.00,0
1.37988,-5,25,206,0,DRIVE [ 30 ] [ 1 ] [ 1762 1639 1870 ] [    0    0    0 ] [      0      0      0 ] [ 0 ],drive [ 30 ] [ 1 ] [ 1784 1618 1870 ] [   35   47   14 ] [   7305  14967  11606 ] [ 0 ],1.10,1.10,1.10,1.10,-5.40,27.67,0.00,0.50,0.50,0.50,0.50,-2.84,3.22,0.00,0.00,0.00,0.00,0.50,0.00,-0.00,0.00,0
1.39093,-2,25,203,0,DRIVE [ 31 ] [ 1 ] [ 1739 1657 1870 ] [    0    0    0 ] [      0      0      0 ] [ 0 ],drive [ 30 ] [ 1 ] [ 1762 1639 1870 ] [   35   47   14 ] [   7305  14967  11606 ] [ 0 ],1.10,1.10,1.10,1.10,-2.62,27.84,0.00,0.50,0.50,0.50,0.50,-2.86,3.48,0.00,0.00,0.00,0.00,0.50,0.00,-0.00,0.00,0
1.40268,0,25,200,0,DRIVE [ 31 ] [ 1 ] [ 1717 1673 1870 ] [    0    0    0 ] [      0      0      0 ] [ 0 ],drive [ 31 ] [ 1 ] [ 1739 1657 1870 ] [   35   47   14 ] [   7343  14929  11601 ] [ 0 ],1.10,1.10,1.10,1.10,-0.06,27.86,0.00,0.50,0.50,0.50,0.50,-2.85,3.74,0.00,0.00,0.00,0.00,0.50,0.00,-0.00,0.00,0
1.41421,2,25,195,0,DRIVE [ 32 ] [ 1 ] [ 1691 1690 1870 ] [    0    0    0 ] [      0      0      0 ] [ 0 ],drive [ 31 ] [ 1 ] [ 1717 1673 1870 ] [   13   47    6 ] [   7343  14929  11601 ] [ 0 ],1.10,1.10,1.10,1.10,2.71,27.57,0.00,0.50,0.50,0.50,0.50,-2.82,3.99,0.00,0.00,0.00,0.00,0.50,-0.00,-0.00,0.00,0
1.42544,5,25,190,0,DRIVE [ 32 ] [ 1 ] [ 1666 1705 1870 ] [    0    0    0 ] [      0      0      0 ] [ 0 ],drive [ 32 ] [ 1 ] [ 1691 1690 1870 ] [   13   47    6 ] [   7343  14929  11601 ] [ 0 ],1.10,1.10,1.10,1.10,5.21,27.15,0.00,0.50,0.50,0.50,0.50,-2.77,4.24,0.00,0.00,0.00,0.00,0.50,-0.00,-0.00,0.00,0
1.43721,7,24,186,0,DRIVE [ 33 ] [ 1 ] [ 1640 1719 1870 ] [    0    0    0 ] [      0      0      0 ] [ 0 ],drive [ 32 ] [ 1 ] [ 1666 1705 1870 ] [   13   47    6 ] [   7343  14929  11601 ] [ 0 ],1.10,1.10,1.10,1.10,7.54,26.78,0.00,0.50,0.50,0.50,0.50,-2.70,4.49,0.00,0.00,0.00,0.00,0.50,-0.00,-0.00,0.00,0
1.44878,9,24,183,0,DRIVE [ 33 ] [ 1 ] [ 1613 1733 1870 ] [    0    0    0 ] [      0      0      0 ] [ 0 ],drive [ 33 ] [ 1 ] [ 1640 1719 1870 ] [   13   47    6 ] [   7491  14916  11571 ] [ 0 ],1.10,1.10,1.10,1.10,9.81,26.35,0.00,0.50,0.50,0.50,0.50,-2.61,4.73,0.00,0.00,0.00,0.00,0.50,0.00,0.00,0.00,0
1.46107,11,23,179,0,DRIVE [ 34 ] [ 1 ] [ 1585 1746 1870 ] [    0    0    0 ] [      0      0      0 ] [ 0 ],drive [ 33 ] [ 1 ] [ 1613 1733 1870 ] [   29   20   25 ] [   7491  14916  11571 ] [ 0 ],1.10,1.10,1.10,1.10,11.91,25.73,0.00,0.50,0.50,0.50,0.50,-2.50,4.97,0.00,0.00,0.00,0.00,0.50,0.00,0.00,0.00,0
1.47242,13,23,176,0,DRIVE [ 34 ] [ 1 ] [ 1558 1760 1870 ] [    0    0    0 ] [      0      0      0 ] [ 0 ],drive [ 34 ] [ 1 ] [ 1585 1746 1870 ] [   29   20   25 ] [   7491  14916  11571 ] [ 0 ],1.10,1.10,1.10,1.10,13.93,25.07,0.00,0.50,0.50,0.50,0.50,-2.38,5.19,0.00,0.00,0.00,0.00,0.50,0.00,0.00,0.00,0
1.48401,14,22,173,0,DRIVE [ 35 ] [ 1 ] [ 1533 1774 1870 ] [    0    0    0 ] [      0      0      0 ] [ 0 ],drive [ 34 ] [ 1 ] [ 1558 1760 1870 ] [   29   20   25 ] [   7491  14916  11571 ] [ 0 ],1.10,1.10,1.10,1.10,15.64,24.08,0.00,0.50,0.50,0.50,0.50,-2.24,5.41,0.00,0.00,0.00,0.00,0.50,0.00,0.00,0.00,0
1.49499,16,21,170,0,DRIVE [ 35 ] [ 1 ] [ 1510 1788 1870 ] [    0    0    0 ] [      0      0      0 ] [ 0 ],drive [ 35 ] [ 1 ] [ 1533 1774 1870 ] [   29   20   25 ] [   7838  14672  11502 ] [ 0 ],1.10,1.10,1.10,1.10,17.15,23.12,0.00,0.50,0.50,0.50,0.50,-2.09,5.61,0.00,0.00,0.00,0.00,0.50,0.00,0.00,0.00,0
1.50664,16,20,166,0,DRIVE [ 36 ] [ 1 ] [ 1492 1799 1870 ] [    0    0    0 ] [      0      0      0 ] [ 0 ],drive [ 35 ] [ 1 ] [ 1510 1788 1870 ] [   29   20   25 ] [   7838  14672  11502 ] [ 0 ],1.10,1.10,1.10,1.10,18.13,21.99,0.00,0.50,0.50,0.50,0.50,-1.93,5.81,0.00,0.00,0.00,0.00,0.50,0.00,0.00,0.00,0
1.51832,17,19,163,0,DRIVE [ 36 ] [ 1 ] [ 1479 1809 1870 ] [    0    0    0 ] [      0      0      0 ] [ 0 ],drive [ 36 ] [ 1 ] [ 1492 1799 1870 ] [   56   30   18 ] [   7838  14672  11502 ] [ 0 ],1.10,1.10,1.10,1.10,18.74,20.87,0.00,0.50,0.50,0.50,0.50,-1.78,6.00,0.00,0.00,0.00,0.00,0.50,0.00,0.00,0.00,0
1.52973,17,18,161,0,DRIVE [ 37 ] [ 1 ] [ 1471 1817 1870 ] [    0    0    0 ] [      0      0      0 ] [ 0 ],drive [ 36 ] [ 1 ] [ 1479 1809 1870 ] [   56   30   18 ] [   7838  14672  11502 ] [ 0 ],1.10,1.10,1.10,1.10,19.01,19.78,0.00,0.50,0.50,0.50,0.50,-1.62,6.17,0.00,0.00,0.00,0.00,0.50,0.00,0.00,0.00,0
1.54063,17,17,158,0,DRIVE [ 37 ] [ 1 ] [ 1467 1824 1870 ] [    0    0    0 ] [      0      0      0 ] [ 0 ],drive [ 37 ] [ 1 ] [ 1471 1817 1870 ] [   56   30   18 ] [   7838  14672  11502 ] [ 0 ],1.10,1.10,1.10,1.10,18.98,18.65,0.00,0.50,0.50,0.50,0.50,-1.47,6.34,0.00,0.00,0.00,0.00,0.50,0.00,0.00,0.00,0
1.55205,17,16,155,0,DRIVE [ 38 ] [ 1 ] [ 1465 1830 1870 ] [    0    0    0 ] [      0      0      0 ] [ 0 ],drive [ 37 ] [ 1 ] [ 1467 1824 1870 ] [   56   30   18 ] [   8162  14458  11502 ] [ 0 ],1.10,1.10,1.10,1.10,18.86,17.62,0.00,0.50,0.50,0.50,0.50,-1.31,6.49,0.00,0.00,0.00,0.00,0.50,0.00,0.00,0.00,0
1.56365,17,15,152,0,DRIVE [ 38 ] [ 1 ] [ 1460 1836 1870 ] [    0    0    0 ] [      0      0      0 ] [ 0 ],drive [ 38 ] [ 1 ] [ 1465 1830 1870 ] [   61   30   16 ] [   8162  14458  11502 ] [ 0 ],1.10,1.10,1.10,1.10,18.82,16.59,0.00,0.50,0.50,0.50,0.50,-1.16,6.64,0.00,0.00,0.00,0.00,0.50,0.00,0.00,0.00,0
1.57458,17,14,150,0,DRIVE [ 39 ] [ 1 ] [ 1453 1844 1870 ] [    0    0    0 ] [      0      0      0 ] [ 0 ],drive [ 38 ] [ 1 ] [ 1460 1836 1870 ] [   61   30   16 ] [   8162  14458  11502 ] [ 0 ],1.10,1.10,1.10,1.10,18.98,15.58,0.00,0.50,0.50,0.50,0.50,-1.00,6.78,0.00,0.00,0.00,0.00,0.50,0.00,0.00,0.00,0
1.586,18,13,148,0,DRIVE [ 39 ] [ 1 ] [ 1443 1854 1870 ] [    0    0    0 ] [      0      0      0 ] [ 0 ],drive [ 39 ] [ 1 ] [ 1453 1844 1870 ] [   61   30   16 ] [   8162  14458  11502 ] [ 0 ],1.10,1.10,1.10,1.10,19.35,14.51,0.00,0.50,0.50,0.50,0.50,-0.83,6.91,0.00,0.00,0.00,0.00,0.50,0.00,0.00,0.00,0
1.59722,18,12,145,0,DRIVE [ 40 ] [ 1 ] [ 1426 1866 1870 ] [    0    0    0 ] [      0      0      0 ] [ 0 ],drive [ 39 ] [ 1 ] [ 1443 1854 1870 ] [   61   30   16 ] [   8206  14437  11480 ] [ 0 ],1.10,1.10,1.10,1.10,19.88,13.37,0.00,0.50,0.50,0.50,0.50,-0.66,7.03,0.00,0.00,0.00,0.00,0.50,0.00,0.00,0.00,0
1.60808,19,11,143,0,DRIVE [ 40 ] [ 1 ] [ 1407 1880 1870 ] [    0    0    0 ] [      0      0      0 ] [ 0 ],drive [ 40 ] [ 1 ] [ 1426 1866 1870 ] [   47   20   19 ] [   8206  14437  11480 ] [ 0 ],1.10,1.10,1.10,1.10,20.48,12.08,0.00,0.50,0.50,0.50,0.50,-0.48,7.13,0.00,0.00,0.00,0.00,0.50,0.00,0.00,0.00,0
1.6197,19,10,141,0,DRIVE [ 41 ] [ 1 ] [ 1389 1894 1870 ] [    0    0    0 ] [      0      0      0 ] [ 0 ],drive [ 40 ] [ 1 ] [ 1407 1880 1870 ] [   47   20   19 ] [   8206  14437  11480 ] [ 0 ],1.10,1.10,1.10,1.10,21.10,10.87,0.00,0.50,0.50,0.50,0.50,-0.30,7.23,0.00,0.00,0.00,0.00,0.50,0.00,0.00,0.00,0
1.63129,20,9,138,0,DRIVE [ 41 ] [ 1 ] [ 1372 1907 1870 ] [    0    0    0 ] [      0      0      0 ] [ 0 ],drive [ 41 ] [ 1 ] [ 1389 1894 1870 ] [   47   20   19 ] [   8206  14437  11480 ] [ 0 ],1.10,1.10,1.10,1.10,21.51,9.71,0.00,0.50,0.50,0.50,0.50,-0.11,7.32,0.00,0.00,0.00,0.00,0.50,0.00,0.00,0.00,0
1.64228,20,8,136,0,DRIVE [ 42 ] [ 1 ] [ 1363 1919 1870 ] [    0    0    0 ] [      0      0      0 ] [ 0 ],drive [ 41 ] [ 1 ] [ 1372 1907 1870 ] [   47   20   19 ] [   8599  13835  11388 ] [ 0 ],1.10,1.10,1.10,1.10,21.50,8.49,0.00,0.50,0.50,0.50,0.50,0.07,7.39,0.00,0.00,0.00,0.00,0.50,0.00,0.00,0.00,0
1.65361,19,7,133,0,DRIVE [ 42 ] [ 1 ] [ 1367 1919 1885 ] [    0    0    0 ] [      0      0      0 ] [ 0 ],drive [ 42 ] [ 1 ] [ 1363 1919 1870 ] [   47   20   19 ] [   8599  13835  11388 ] [ 0 ],1.10,1.10,1.10,1.10,20.86,7.30,0.00,0.50,0.50,0.50,0.50,0.25,7.45,0.00,0.00,0.00,0.00,0.50,0.00,0.00,0.00,0
1.66462,18,6,131,0,DRIVE [ 43 ] [ 1 ] [ 1388 1919 1883 ] [    0    0    0 ] [      0      0      0 ] [ 1 ],drive [ 42 ] [ 1 ] [ 1367 1919 1885 ] [   53    9   19 ] [   8599  13835  11388 ] [ 0 ],1.10,1.10,1.10,1.10,19.59,6.29,0.00,0.50,0.50,0.50,0.50,0.40,7.51,0.00,0.00,0.00,0.00,0.50,0.00,0.00,0.00,0
1.67521,16,5,128,0,DRIVE [ 43 ] [ 1 ] [ 1419 1921 1883 ] [    0    0    0 ] [      0      0      0 ] [ 1 ],drive [ 43 ] [ 1 ] [ 1388 1919 1883 ] [   53    9   19 ] [   8599  13835  11388 ] [ 1 ],1.10,1.10,1.10,1.10,17.73,5.66,0.00,0.50,0.50,0.50,0.50,0.54,7.56,0.00,0.00,0.00,0.00,0.50,0.00,0.00,0.00,0
1.68809,14,5,126,0,DRIVE [ 44 ] [ 1 ] [ 1469 1909 1883 ] [    0    0    0 ] [      0      0      0 ] [ 1 ],drive [ 43 ] [ 1 ] [ 1419 1921 1883 ] [   53    9   19 ] [   8599  13835  11388 ] [ 1 ],1.10,1.10,1.10,1.10,15.26,5.19,0.00,0.50,0.50,0.50,0.50,0.64,7.62,0.00,0.00,0.00,0.00,0.50,0.00,0.00,0.00,0
1.69912,11,4,123,0,DRIVE [ 44 ] [ 1 ] [ 1533 1891 1883 ] [    0    0    0 ] [      0      0      0 ] [ 1 ],drive [ 44 ] [ 1 ] [ 1469 1909 1883 ] [   53    9   19 ] [   8991  12665  11346 ] [ 1 ],1.10,1.10,1.10,1.10,12.29,4.91,0.00,0.50,0.50,0.50,0.50,0.72,7.67,0.00,0.00,0.00,0.00,0.50,-0.00,-0.00,0.00,0
1.71039,8,4,121,0,DRIVE [ 45 ] [ 1 ] [ 1604 1867 1883 ] [    0    0    0 ] [      0      0      0 ] [ 1 ],drive [ 44 ] [ 1 ] [ 1533 1891 1883 ] [   47   -1    3 ] [   8991  12665  11346 ] [ 1 ],1.10,1.10,1.10,1.10,8.94,4.65,0.00,0.50,0.50,0.50,0.50,0.76,7.71,0.00,0.00,0.00,0.00,0.50,-0.00,-0.00,0.00,0
1.72113,5,4,118,0,DRIVE [ 45 ] [ 1 ] [ 1678 1841 1883 ] [    0    0    0 ] [      0      0      0 ] [ 1 ],drive [ 45 ] [ 1 ] [ 1604 1867 1883 ] [   47   -1    3 ] [   8991  12665  11346 ] [ 1 ],1.10,1.10,1.10,1.10,5.34,4.26,0.00,0.50,0.50,0.50,0.50,0.78,7.76,0.00,0.00,0.00,0.00,0.50,-0.00,-0.00,0.00,0
1.73188,2,3,116,0,DRIVE [ 46 ] [ 1 ] [ 1745 1809 1883 ] [    0    0    0 ] [      0      0      0 ] [ 1 ],drive [ 45 ] [ 1 ] [ 1678 1841 1883 ] [   47   -1    3 ] [   8991  12665  11346 ] [ 1 ],1.10,1.10,1.10,1.10,1.67,3.73,0.00,0.50,0.50,0.50,0.50,0.76,7.79,0.00,0.00,0.00,0.00,0.50,-0.00,-0.00,0.00,0
1.74375,-2,3,113,0,DRIVE [ 46 ] [ 1 ] [ 1802 1771 1883 ] [    0    0    0 ] [      0      0      0 ] [ 1 ],drive [ 46 ] [ 1 ] [ 1745 1809 1883 ] [   47   -1    3 ] [   9055  12499  11139 ] [ 1 ],1.10,1.10,1.10,1.10,-1.83,2.92,0.00,0.50,0.50,0.50,0.50,0.71,7.82,0.00,0.00,0.00,0.00,0.50,0.00,-0.00,0.00,0
1.75403,-5,2,111,0,DRIVE [ 47 ] [ 1 ] [ 1846 1724 1883 ] [    0    0    0 ] [      0      0      0 ] [ 1 ],drive [ 46 ] [ 1 ] [ 1802 1771 1883 ] [   47   -1    3 ] [   9055  12499  11139 ] [ 1 ],1.10,1.10,1.10,1.10,-4.96,1.95,0.00,0.50,0.50,0.50,0.50,0.64,7.84,0.00,0.00,0.00,0.00,0.50,0.00,0.00,0.00,0
1.76504,-7,1,109,0,DRIVE [ 47 ] [ 1 ] [ 1883 1666 1883 ] [    0    0    0 ] [      0      0      0 ] [ 1 ],drive [ 47 ] [ 1 ] [ 1846 1724 1883 ] [   36   12    3 ] [   9055  12499  11139 ] [ 1 ],1.10,1.10,1.10,1.10,-7.71,0.89,0.00,0.50,0.50,0.50,0.50,0.55,7.84,0.00,0.00,0.00,0.00,0.50,0.00,0.00,0.00,0
1.77561,-9,0,107,0,DRIVE [ 48 ] [ 1 ] [ 1916 1596 1883 ] [    0    0    0 ] [      0      0      0 ] [ 1 ],drive [ 47 ] [ 1 ] [ 1883 1666 1883 ] [   36   12    3 ] [   9055  12499  11139 ] [ 1 ],1.10,1.10,1.10,1.10,-10.18,-0.14,0.00,0.50,0.50,0.50,0.50,0.44,7.84,0.00,0.00,0.00,0.00,0.50,0.00,0.00,0.00,0
1.78675,-11,-1,104,0,DRIVE [ 48 ] [ 1 ] [ 1916 1558 1866 ] [    0    0    0 ] [      0      0      0 ] [ 1 ],drive [ 48 ] [ 1 ] [ 1916 1596 1883 ] [   36   12    3 ] [   9055  12499  11139 ] [ 1 ],1.10,1.10,1.10,1.10,-12.43,-1.13,0.00,0.50,0.50,0.50,0.50,0.31,7.83,0.00,0.00,0.00,0.00,0.50,0.00,0.00,0.00,0
1.79774,-13,-2,102,0,DRIVE [ 49 ] [ 1 ] [ 1916 1532 1837 ] [    0    0    0 ] [      0      0      0 ] [ 1 ],drive [ 48 ] [ 1 ] [ 1916 1558 1866 ] [   36   12    3 ] [   8646  12639  11037 ] [ 1 ],1.10,1.10,1.10,1.10,-14.59,-2.10,0.00,0.50,0.50,0.50,0.50,0.17,7.81,0.00,0.00,0.00,0.00,0.50,0.00,0.00,0.00,0
1.80832,-15,-3,100,0,DRIVE [ 49 ] [ 1 ] [ 1916 1501 1808 ] [    0    0    0 ] [      0      0      0 ] [ 1 ],drive [ 49 ] [ 1 ] [ 1916 1532 1837 ] [    7   55    7 ] [   8646  12639  11037 ] [ 1 ],1.10,1.10,1.10,1.10,-16.65,-3.01,0.00,0.50,0.50,0.50,0.50,0.00,7.78,0.00,0.00,0.00,0.00,0.50,0.00,0.00,0.00,0
1.81942,-17,-4,98,0,DRIVE [ 50 ] [ 1 ] [ 1916 1470 1780 ] [    0    0    0 ] [      0      0      0 ] [ 1 ],drive [ 49 ] [ 1 ] [ 1916 1501 1808 ] [    7   55    7 ] [   8646  12639  11037 ] [ 1 ],1.10,1.10,1.10,1.10,-18.41,-3.90,0.00,0.50,0.50,0.50,0.50,-0.17,7.74,0.00,0.00,0.00,0.00,0.50,0.00,0.00,0.00,0
1.83017,-18,-4,96,0,DRIVE [ 50 ] [ 1 ] [ 1916 1442 1756 ] [    0    0    0 ] [      0      0      0 ] [ 1 ],drive [ 50 ] [ 1 ] [ 1916 1470 1780 ] [    7   55    7 ] [   8646  12639  11037 ] [ 1 ],1.10,1.10,1.10,1.10,-19.74,-4.64,0.00,0.50,0.50,0.50,0.50,-0.35,7.70,0.00,0.00,0.00,0.00,0.50,0.00,0.00,0.00,0
1.8407,-19,-5,94,0,DRIVE [ 51 ] [ 1 ] [ 1916 1419 1735 ] [    0    0    0 ] [      0      0      0 ] [ 1 ],drive [ 50 ] [ 1 ] [ 1916 1442 1756 ] [    7   55    7 ] [   8646  12639  11037 ] [ 1 ],1.10,1.10,1.10,1.10,-20.73,-5.24,0.00,0.50,0.50,0.50,0.50,-0.54,7.66,0.00,0.00,0.00,0.00,0.50,0.00,0.00,0.00,0
1.85175,-20,-5,92,0,DRIVE [ 51 ] [ 1 ] [ 1916 1397 1716 ] [    0    0    0 ] [      0      0      0 ] [ 0 ],drive [ 51 ] [ 1 ] [ 1916 1419 1735 ] [    7   55    7 ] [   7768  13302  11030 ] [ 1 ],1.10,1.10,1.10,1.10,-21.46,-5.77,0.00,0.50,0.50,0.50,0.50,-0.73,7.61,0.00,0.00,0.00,0.00,0.50,0.00,0.00,0.00,0
1.86253,-20,-6,90,0,DRIVE [ 52 ] [ 1 ] [ 1916 1378 1697 ] [    0    0    0 ] [      0      0      0 ] [ 0 ],drive [ 51 ] [ 1 ] [ 1916 1397 1716 ] [   11   55   21 ] [   7768  13302  11030 ] [ 0 ],1.10,1.10,1.10,1.10,-22.08,-6.31,0.00,0.50,0.50,0.50,0.50,-0.93,7.55,0.00,0.00,0.00,0.00,0.50,0.00,0.00,0.00,0
1.87301,-21,-6,88,0,DRIVE [ 52 ] [ 1 ] [ 1916 1357 1677 ] [    0    0    0 ] [      0      0      0 ] [ 0 ],drive [ 52 ] [ 1 ] [ 1916 1378 1697 ] [   11   55   21 ] [   7768  13302  11030 ] [ 0 ],1.10,1.10,1.10,1.10,-22.73,-6.84,0.00,0.50,0.50,0.50,0.50,-1.13,7.49,0.00,0.00,0.00,0.00,0.50,0.00,0.00,0.00,0
1.88391,-21,-7,86,0,DRIVE [ 53 ] [ 1 ] [ 1916 1333 1656 ] [    0    0    0 ] [      0      0      0 ] [ 0 ],drive [ 52 ] [ 1 ] [ 1916 1357 1677 ] [   11   55   21 ] [   7768  13302  11030 ] [ 0 ],1.10,1.10,1.10,1.10,-23.47,-7.33,0.00,0.50,0.50,0.50,0.50,-1.34,7.43,0.00,0.00,0.00,0.00,0.50,0.00,0.00,0.00,0
1.89433,-22,-7,84,0,DRIVE [ 53 ] [ 1 ] [ 1916 1303 1632 ] [    0    0    0 ] [      0      0      0 ] [ 0 ],drive [ 53 ] [ 1 ] [ 1916 1333 1656 ] [   11   55   21 ] [   7674  13744  11039 ] [ 0 ],1.10,1.10,1.10,1.10,-24.41,-7.86,0.00,0.50,0.50,0.50,0.50,-1.56,7.36,0.00,0.00,0.00,0.00,0.50,0.00,0.00,0.00,0
1.90518,-23,-8,83,0,DRIVE [ 54 ] [ 1 ] [ 1916 1265 1604 ] [    0    0    0 ] [      0      0      0 ] [ 0 ],drive [ 53 ] [ 1 ] [ 1916 1303 1632 ] [   11   55   21 ] [   7674  13744  11039 ] [ 0 ],1.10,1.10,1.10,1.10,-25.66,-8.40,0.00,0.50,0.50,0.50,0.50,-1.79,7.28,0.00,0.00,0.00,0.00,0.50,0.00,0.00,0.00,0
1.91593,-25,-8,81,0,DRIVE [ 54 ] [ 1 ] [ 1916 1221 1574 ] [    0    0    0 ] [      0      0      0 ] [ 0 ],drive [ 54 ] [ 1 ] [ 1916 1265 1604 ] [   16   54   40 ] [   7674  13744  11039 ] [ 0 ],1.10,1.10,1.10,1.10,-27.09,-8.91,0.00,0.50,0.50,0.50,0.50,-2.04,7.21,0.00,0.00,0.00,0.00,0.50,0.00,0.00,0.00,0
1.92723,-26,-9,79,0,DRIVE [ 55 ] [ 1 ] [ 1916 1172 1540 ] [    0    0    0 ] [      0      0      0 ] [ 0 ],drive [ 54 ] [ 1 ] [ 1916 1221 1574 ] [   16   54   40 ] [   7674  13744  11039 ] [ 0 ],1.10,1.10,1.10,1.10,-28.75,-9.42,0.00,0.50,0.50,0.50,0.50,-2.31,7.12,0.00,0.00,0.00,0.00,0.50,0.00,0.00,0.00,0
1.93774,-28,-9,78,0,DRIVE [ 55 ] [ 1 ] [ 1916 1120 1507 ] [    0    0    0 ] [      0      0      0 ] [ 0 ],drive [ 55 ] [ 1 ] [ 1916 1172 1540 ] [   16   54   40 ] [   7674  13744  11039 ] [ 0 ],1.10,1.10,1.10,1.10,-30.38,-9.87,0.00,0.50,0.50,0.50,0.50,-2.59,7.03,0.00,0.00,0.00,0.00,0.50,0.00,0.00,0.00,0
1.94849,-29,-9,76,0,DRIVE [ 56 ] [ 1 ] [ 1916 1069 1475 ] [    0    0    0 ] [      0      0      0 ] [ 0 ],drive [ 55 ] [ 1 ] [ 1916 1120 1507 ] [   16   54   40 ] [   7671  14081  11093 ] [ 0 ],1.10,1.10,1.10,1.10,-31.87,-10.30,0.00,0.50,0.50,0.50,0.50,-2.89,6.94,0.00,0.00,0.00,0.00,0.50,0.00,0.00,0.00,0
1.95894,-30,-10,74,0,DRIVE [ 56 ] [ 1 ] [ 1916 1025 1444 ] [    0    0    0 ] [      0      0      0 ] [ 0 ],drive [ 56 ] [ 1 ] [ 1916 1069 1475 ] [   15   75   50 ] [   7671  14081  11093 ] [ 0 ],1.10,1.10,1.10,1.10,-33.16,-10.68,0.00,0.50,0.50,0.50,0.50,-3.19,6.85,0.00,0.00,0.00,0.00,0.50,0.00,0.00,0.00,0
1.96973,-31,-10,72,0,DRIVE [ 57 ] [ 1 ] [ 1916 1025 1418 ] [    0    0    0 ] [      0      0      0 ] [ 0 ],drive [ 56 ] [ 1 ] [ 1916 1025 1444 ] [   15   75   50 ] [   7671  14081  11093 ] [ 0 ],1.10,1.10,1.10,1.10,-34.10,-10.98,0.00,0.50,0.50,0.50,0.50,-3.50,6.75,0.00,0.00,0.00,0.00,0.50,0.00,0.00,0.00,0
1.98049,-31,-10,71,0,DRIVE [ 57 ] [ 1 ] [ 1916 1025 1398 ] [    0    0    0 ] [      0      0      0 ] [ 0 ],drive [ 57 ] [ 1 ] [ 1916 1025 1418 ] [   15   75   50 ] [   7671  14081  11093 ] [ 0 ],1.10,1.10,1.10,1.10,-34.61,-11.08,0.00,0.50,0.50,0.50,0.50,-3.81,6.66,0.00,0.00,0.00,0.00,0.50,0.00,0.00,0.00,0
1.99079,-32,-10,70,0,DRIVE [ 58 ] [ 1 ] [ 1916 1025 1385 ] [    0    0    0 ] [      0      0      0 ] [ 0 ],drive [ 57 ] [ 1 ] [ 1916 1025 1398 ] [   15   75   50 ] [   7671  14081  11093 ] [ 0 ],1.10,1.10,1.10,1.10,-34.70,-11.12,0.00,0.50,0.50,0.50,0.50,-4.11,6.56,0.00,0.00,0.00,0.00,0.50,0.00,0.00,0.00,0
2.00155,-31,-10,68,0,DRIVE [ 58 ] [ 1 ] [ 1916 1025 1381 ] [    0    0    0 ] [      0      0      0 ] [ 0 ],drive [ 58 ] [ 1 ] [ 1916 1025 1385 ] [   15   75   50 ] [   7344  14724  11334 ] [ 0 ],1.10,1.10,1.10,1.10,-34.25,-10.89,0.00,0.50,0.50,0.50,0.50,-4.41,6.47,0.00,0.00,0.00,0.00,0.50,0.00,0.00,0.00,0
2.01225,-30,-9,67,0,DRIVE [ 59 ] [ 1 ] [ 1916 1025 1387 ] [    0    0    0 ] [      0      0      0 ] [ 0 ],drive [ 58 ] [ 1 ] [ 1916 1025 1381 ] [   23  100   59 ] [   7344  14724  11334 ] [ 0 ],1.10,1.10,1.10,1.10,-33.26,-10.41,0.00,0.50,0.50,0.50,0.50,-4.69,6.39,0.00,0.00,0.00,0.00,0.50,0.00,0.00,0.00,0
2.02259,-29,-9,66,0,DRIVE [ 59 ] [ 1 ] [ 1916 1025 1403 ] [    0    0    0 ] [      0      0      0 ] [ 0 ],drive [ 59 ] [ 1 ] [ 1916 1025 1387 ] [   23  100   59 ] [   7344  14724  11334 ] [ 0 ],1.10,1.10,1.10,1.10,-31.73,-9.70,0.00,0.50,0.50,0.50,0.50,-4.96,6.31,0.00,0.00,0.00,0.00,0.50,0.00,0.00,0.00,0
2.03341,-27,-8,65,0,DRIVE [ 60 ] [ 1 ] [ 1916 1025 1428 ] [    0    0    0 ] [      0      0      0 ] [ 0 ],drive [ 59 ] [ 1 ] [ 1916 1025 1403 ] [   23  100   59 ] [   7344  14724  11334 ] [ 0 ],1.10,1.10,1.10,1.10,-29.69,-8.84,0.00,0.50,0.50,0.50,0.50,-5.20,6.24,0.00,0.00,0.00,0.00,0.50,0.00,0.00,0.00,0
2.04386,-25,-7,63,0,DRIVE [ 60 ] [ 1 ] [ 1916 1025 1459 ] [    0    0    0 ] [      0      0      0 ] [ 0 ],drive [ 60 ] [ 1 ] [ 1916 1025 1428 ] [   23  100   59 ] [   6635  15075  11550 ] [ 0 ],1.10,1.10,1.10,1.10,-27.33,-7.92,0.00,0.50,0.50,0.50,0.50,-5.42,6.18,0.00,0.00,0.00,0.00,0.50,0.00,0.00,0.00,0
2.05423,-23,-6,62,0,DRIVE [ 61 ] [ 1 ] [ 1916 1025 1489 ] [    0    0    0 ] [      0      0      0 ] [ 0 ],drive [ 60 ] [ 1 ] [ 1916 1025 1459 ] [   23  100   59 ] [   6635  15075  11550 ] [ 0 ],1.10,1.10,1.10,1.10,-25.03,-7.06,0.00,0.50,0.50,0.50,0.50,-5.62,6.13,0.00,0.00,0.00,0.00,0.50,0.00,0.00,0.00,0
2.06496,-21,-6,61,0,DRIVE [ 61 ] [ 1 ] [ 1916 1025 1515 ] [    0    0    0 ] [      0      0      0 ] [ 0 ],drive [ 61 ] [ 1 ] [ 1916 1025 1489 ] [    0   85   50 ] [   6635  15075  11550 ] [ 0 ],1.10,1.10,1.10,1.10,-22.99,-6.38,0.00,0.50,0.50,0.50,0.50,-5.81,6.08,0.00,0.00,0.00,0.00,0.50,0.00,0.00,0.00,0
2.07508,-19,-5,59,0,DRIVE [ 62 ] [ 1 ] [ 1916 1025 1532 ] [    0    0    0 ] [      0      0      0 ] [ 0 ],drive [ 61 ] [ 1 ] [ 1916 1025 1515 ] [    0   85   50 ] [   6635  15075  11550 ] [ 0 ],1.10,1.10,1.10,1.10,-21.35,-5.92,0.00,0.50,0.50,0.50,0.50,-5.98,6.03,0.00,0.00,0.00,0.00,0.50,0.00,0.00,0.00,0
2.08582,-18,-5,58,0,DRIVE [ 62 ] [ 1 ] [ 1916 1025 1544 ] [    0    0    0 ] [      0      0      0 ] [ 1 ],drive [ 62 ] [ 1 ] [ 1916 1025 1532 ] [    0   85   50 ] [   6635  15075  11550 ] [ 0 ],1.10,1.10,1.10,1.10,-19.97,-5.65,0.00,0.50,0.50,0.50,0.50,-6.15,5.98,0.00,0.00,0.00,0.00,0.50,0.00,0.00,0.00,0
2.09638,-17,-5,57,0,DRIVE [ 63 ] [ 1 ] [ 1916 1036 1552 ] [    0    0    0 ] [      0      0      0 ] [ 1 ],drive [ 62 ] [ 1 ] [ 1916 1025 1544 ] [    0   85   50 ] [   6570  15131  11568 ] [ 1 ],1.10,1.10,1.10,1.10,-18.77,-5.49,0.00,0.50,0.50,0.50,0.50,-6.31,5.94,0.00,0.00,0.00,0.00,0.50,0.00,0.00,0.00,0
2.10691,-16,-5,55,0,DRIVE [ 63 ] [ 1 ] [ 1916 1046 1558 ] [    0    0    0 ] [      0      0      0 ] [ 1 ],drive [ 63 ] [ 1 ] [ 1916 1036 1552 ] [    2   95   41 ] [   6570  15131  11568 ] [ 1 ],1.10,1.10,1.10,1.10,-17.66,-5.37,0.00,0.50,0.50,0.50,0.50,-6.46,5.89,0.00,0.00,0.00,0.00,0.50,0.00,0.00,0.00,0
2.11777,-15,-5,54,0,DRIVE [ 64 ] [ 1 ] [ 1916 1056 1562 ] [    0    0    0 ] [      0      0      0 ] [ 1 ],drive [ 63 ] [ 1 ] [ 1916 1046 1558 ] [    2   95   41 ] [   6570  15131  11568 ] [ 1 ],1.10,1.10,1.10,1.10,-16.63,-5.35,0.00,0.50,0.50,0.50,0.50,-6.61,5.84,0.00,0.00,0.00,0.00,0.50,0.00,0.00,0.00,0
2.12834,-14,-5,53,0,DRIVE [ 64 ] [ 1 ] [ 1916 1068 1564 ] [    0    0    0 ] [      0      0      0 ] [ 1 ],drive [ 64 ] [ 1 ] [ 1916 1056 1562 ] [    2   95   41 ] [   6570  15131  11568 ] [ 1 ],1.10,1.10,1.10,1.10,-15.63,-5.40,0.00,0.50,0.50,0.50,0.50,-6.74,5.79,0.00,0.00,0.00,0.00,0.50,0.00,0.00,0.00,0
2.13891,-13,-5,51,0,DRIVE [ 65 ] [ 1 ] [ 1916 1081 1564 ] [    0    0    0 ] [      0      0      0 ] [ 1 ],drive [ 64 ] [ 1 ] [ 1916 1068 1564 ] [    2   95   41 ] [   6570  15131  11568 ] [ 1 ],1.10,1.10,1.10,1.10,-14.70,-5.49,0.00,0.50,0.50,0.50,0.50,-6.87,5.74,0.00,0.00,0.00,0.00,0.50,0.00,0.00,0.00,0
2.14961,-13,-5,50,0,DRIVE [ 65 ] [ 1 ] [ 1916 1091 1566 ] [    0    0    0 ] [      0      0      0 ] [ 1 ],drive [ 65 ] [ 1 ] [ 1916 1081 1564 ] [    2   95   41 ] [   6568  15213  11566 ] [ 1 ],1.10,1.10,1.10,1.10,-13.78,-5.50,0.00,0.50,0.50,0.50,0.50,-6.99,5.69,0.00,0.00,0.00,0.00,0.50,0.00,0.00,0.00,0
2.15981,-12,-5,49,0,DRIVE [ 66 ] [ 1 ] [ 1916 1101 1570 ] [    0    0    0 ] [      0      0      0 ] [ 1 ],drive [ 65 ] [ 1 ] [ 1916 1091 1566 ] [    1   76   39 ] [   6568  15213  11566 ] [ 1 ],1.10,1.10,1.10,1.10,-12.88,-5.47,0.00,0.50,0.50,0.50,0.50,-7.10,5.64,0.00,0.00,0.00,0.00,0.50,0.00,0.00,0.00,0
2.17078,-11,-5,47,0,DRIVE [ 66 ] [ 1 ] [ 1916 1109 1574 ] [    0    0    0 ] [      0      0      0 ] [ 1 ],drive [ 66 ] [ 1 ] [ 1916 1101 1570 ] [    1   76   39 ] [   6568  15213  11566 ] [ 1 ],1.10,1.10,1.10,1.10,-11.95,-5.40,0.00,0.50,0.50,0.50,0.50,-7.20,5.60,0.00,0.00,0.00,0.00,0.50,0.00,0.00,0.00,0
2.18137,-10,-5,46,0,DRIVE [ 67 ] [ 1 ] [ 1916 1121 1581 ] [    0    0    0 ] [      0      0      0 ] [ 1 ],drive [ 66 ] [ 1 ] [ 1916 1109 1574 ] [    1   76   39 ] [   6568  15213  11566 ] [ 1 ],1.10,1.10,1.10,1.10,-10.94,-5.30,0.00,0.50,0.50,0.50,0.50,-7.30,5.55,0.00,0.00,0.00,0.00,0.50,0.00,0.00,0.00,0
2.19159,-9,-5,45,0,DRIVE [ 67 ] [ 1 ] [ 1916 1136 1592 ] [    0    0    0 ] [      0      0      0 ] [ 1 ],drive [ 67 ] [ 1 ] [ 1916 1121 1581 ] [    1   76   39 ] [   6523  15216  11547 ] [ 1 ],1.10,1.10,1.10,1.10,-9.85,-5.14,0.00,0.50,0.50,0.50,0.50,-7.38,5.50,0.00,0.00,0.00,0.00,0.50,0.00,0.00,0.00,0
2.20214,-8,-5,43,0,DRIVE [ 68 ] [ 1 ] [ 1916 1153 1605 ] [    0    0    0 ] [      0      0      0 ] [ 1 ],drive [ 67 ] [ 1 ] [ 1916 1136 1592 ] [    1   76   39 ] [   6523  15216  11547 ] [ 1 ],1.10,1.10,1.10,1.10,-8.72,-4.95,0.00,0.50,0.50,0.50,0.50,-7.45,5.46,0.00,0.00,0.00,0.00,0.50,0.00,0.00,0.00,0
2.2124,-7,-4,42,0,DRIVE [ 68 ] [ 1 ] [ 1916 1171 1620 ] [    0    0    0 ] [      0      0      0 ] [ 1 ],drive [ 68 ] [ 1 ] [ 1916 1153 1605 ] [   15   72   47 ] [   6523  15216  11547 ] [ 1 ],1.10,1.10,1.10,1.10,-7.55,-4.74,0.00,0.50,0.50,0.50,0.50,-7.52,5.42,0.00,0.00,0.00,0.00,0.50,0.00,0.00,0.00,0
2.22388,-6,-4,40,0,DRIVE [ 69 ] [ 1 ] [ 1916 1184 1641 ] [    0    0    0 ] [      0      0      0 ] [ 1 ],drive [ 68 ] [ 1 ] [ 1916 1171 1620 ] [   15   72   47 ] [   6523  15216  11547 ] [ 1 ],1.10,1.10,1.10,1.10,-6.41,-4.38,0.00,0.50,0.50,0.50,0.50,-7.57,5.38,0.00,0.00,0.00,0.00,0.50,0.00,0.00,0.00,0
2.23636,-5,-4,39,0,DRIVE [ 69 ] [ 1 ] [ 1916 1193 1664 ] [    0    0    0 ] [      0      0      0 ] [ 1 ],drive [ 69 ] [ 1 ] [ 1916 1184 1641 ] [   15   72   47 ] [   6523  15216  11547 ] [ 1 ],1.10,1.10,1.10,1.10,-5.33,-3.96,0.00,0.50,0.50,0.50,0.50,-7.61,5.35,0.00,0.00,0.00,0.00,0.50,0.00,0.00,0.00,0
2.24816,-4,-3,37,0,DRIVE [ 70 ] [ 1 ] [ 1916 1193 1693 ] [    0    0    0 ] [      0      0      0 ] [ 1 ],drive [ 69 ] [ 1 ] [ 1916 1193 1664 ] [   15   72   47 ] [   6517  15210  11532 ] [ 1 ],1.10,1.10,1.10,1.10,-4.29,-3.41,0.00,0.50,0.50,0.50,0.50,-7.65,5.33,0.00,0.00,0.00,0.00,0.50,0.00,0.00,0.00,0
2.25834,-3,-2,35,0,DRIVE [ 70 ] [ 1 ] [ 1916 1185 1729 ] [    0    0    0 ] [      0      0      0 ] [ 1 ],drive [ 70 ] [ 1 ] [ 1916 1193 1693 ] [   19   69   42 ] [   6517  15210  11532 ] [ 1 ],1.10,1.10,1.10,1.10,-3.21,-2.73,0.00,0.50,0.50,0.50,0.50,-7.67,5.31,0.00,0.00,0.00,0.00,0.50,0.00,0.00,0.00,0
2.27024,-2,-2,34,0,DRIVE [ 71 ] [ 1 ] [ 1916 1164 1771 ] [    0    0    0 ] [      0      0      0 ] [ 1 ],drive [ 70 ] [ 1 ] [ 1916 1185 1729 ] [   19   69   42 ] [   6517  15210  11532 ] [ 1 ],1.10,1.10,1.10,1.10,-2.15,-1.95,0.00,0.50,0.50,0.50,0.50,-7.69,5.30,0.00,0.00,0.00,0.00,0.50,0.00,0.00,0.00,0
2.28063,-1,-1,32,0,DRIVE [ 71 ] [ 1 ] [ 1916 1126 1819 ] [    0    0    0 ] [      0      0      0 ] [ 1 ],drive [ 71 ] [ 1 ] [ 1916 1164 1771 ] [   19   69   42 ] [   6517  15210  11532 ] [ 1 ],1.10,1.10,1.10,1.10,-1.10,-1.10,0.00,0.50,0.50,0.50,0.50,-7.70,5.29,0.00,0.00,0.00,0.00,0.50,0.00,0.00,0.00,0
2.29282,0,0,31,1,DRIVE [ 72 ] [ 1 ] [ 1916 1065 1864 ] [    0    0    0 ] [      0      0      0 ] [ 1 ],drive [ 71 ] [ 1 ] [ 1916 1126 1819 ] [   19   69   42 ] [   6517  15210  11532 ] [ 1 ],1.10,1.10,1.10,1.10,-0.32,-0.26,0.00,0.50,0.50,0.50,0.50,-7.70,5.30,0.00,0.00,0.00,0.00,0.50,0.00,0.00,0.00,0
