timestamp,Xmm,Ymm,Zmm,TouchDetected,OutgoingPacket,IncomingPacket,GainPropAb, GainPropAd, GainPropFl, GainPropEx,PropA, PropB, PropC,GainIntegAb, GainIntegAd, GainIntegFl, GainIntegEx,IntegA, IntegB, IntegC,GainDerivAb, GainDerivAd, GainDerivFl, GainDerivEx,DerivA, DerivB, DerivC,Heading5
6.11902,-342,29,555,0,DRIVE [ 62 ] [ 1 ] [ 1924 1230 1598 ] [    0    0    0 ] [      0      0      0 ] [ 0 ],drive [ 62 ] [ 1 ] [ 1924 1230 1596 ] [    9   77   32 ] [   7109  18426  16817 ] [ 0 ],0.80,0.80,0.80,0.80,-275.05,23.27,0.00,0.00,0.00,0.00,0.00,-0.00,0.00,0.00,0.00,0.00,0.00,0.00,0.00,0.00,0.00,0
0.00155063,-342,29,555,0,DRIVE [ 63 ] [ 1 ] [ 1924 1926 1926 ] [    0    0    0 ] [      0      0      0 ] [ 0 ],drive [ 63 ] [ 1 ] [ 1924 1230 1601 ] [    9   77   30 ] [   7109  18426  16817 ] [ 0 ],0.80,0.80,0.80,0.80,-245.99,21.11,0.00,0.00,0.00,0.00,0.00,-0.00,0.00,0.00,0.00,0.00,0.00,0.00,0.00,0.00,0.00,0
0.0184767,-332,31,554,0,DRIVE [ 64 ] [ 1 ] [ 1924 1911 1921 ] [    0    0    0 ] [      0      0      0 ] [ 0 ],drive [ 63 ] [ 1 ] [ 1924 1926 1926 ] [    9   77   30 ] [   7109  18426  16817 ] [ 0 ],0.80,0.80,0.80,0.80,-265.97,24.96,0.00,0.00,0.00,0.00,0.00,0.00,0.00,0.00,0.00,0.00,0.00,0.00,0.00,0.00,0.00,0
0.0330274,-332,31,556,0,DRIVE [ 64 ] [ 1 ] [ 1924 1893 1915 ] [    0    0    0 ] [      0      0      0 ] [ 0 ],drive [ 64 ] [ 1 ] [ 1924 1911 1921 ] [    9   77   30 ] [   7109  18406  16807 ] [ 0 ],0.80,0.80,0.80,0.80,-265.71,25.19,0.00,0.00,0.00,0.00,0.00,0.00,0.00,0.00,0.00,0.00,0.00,0.00,0.00,-0.00,0.00,0
0.048238,-333,32,560,0,DRIVE [ 65 ] [ 1 ] [ 1924 1877 1911 ] [    0    0    0 ] [      0      0      0 ] [ 0 ],drive [ 64 ] [ 1 ] [ 1924 1893 1915 ] [    8   17    8 ] [   7109  18406  16807 ] [ 0 ],0.80,0.80,0.80,0.80,-266.64,25.48,0.00,0.00,0.00,0.00,0.00,0.00,0.00,0.00,0.00,0.00,0.00,0.00,0.00,0.00,0.00,0
0.0627081,-331,32,557,0,DRIVE [ 65 ] [ 1 ] [ 1924 1861 1906 ] [    0    0    0 ] [      0      0      0 ] [ 0 ],drive [ 65 ] [ 1 ] [ 1924 1877 1911 ] [    8   17    8 ] [   7109  18406  16807 ] [ 0 ],0.80,0.80,0.80,0.80,-264.53,25.48,0.00,0.00,0.00,0.00,0.00,0.00,0.00,0.00,0.00,0.00,0.00,0.00,0.00,-0.00,0.00,0
0.076942,-336,32,568,0,DRIVE [ 66 ] [ 1 ] [ 1924 1846 1901 ] [    0    0    0 ] [      0      0      0 ] [ 0 ],drive [ 65 ] [ 1 ] [ 1924 1861 1906 ] [    8   17    8 ] [   7109  18406  16807 ] [ 0 ],0.80,0.80,0.80,0.80,-268.94,25.96,0.00,0.00,0.00,0.00,0.00,0.00,0.00,0.00,0.00,0.00,0.00,0.00,0.00,0.00,0.00,0
0.0903944,-339,33,564,0,DRIVE [ 66 ] [ 1 ] [ 1924 1829 1896 ] [    0    0    0 ] [      0      0      0 ] [ 0 ],drive [ 66 ] [ 1 ] [ 1924 1846 1901 ] [    8   17    8 ] [   7111  17174  16619 ] [ 0 ],0.80,0.80,0.80,0.80,-271.08,26.37,0.00,0.00,0.00,0.00,0.00,0.00,0.00,0.00,0.00,0.00,0.00,0.00,0.00,0.00,0.00,0
0.103557,-339,33,564,0,DRIVE [ 67 ] [ 1 ] [ 1924 1839 1899 ] [    0    0    0 ] [      0      0      0 ] [ 0 ],drive [ 66 ] [ 1 ] [ 1924 1829 1896 ] [    7   12   21 ] [   7111  17174  16619 ] [ 0 ],0.80,0.80,0.80,0.80,-243.97,23.73,0.00,0.00,0.00,0.00,0.00,0.00,0.00,0.00,0.00,0.00,0.00,0.00,0.00,0.00,0.00,0
0.117017,-345,27,551,0,DRIVE [ 67 ] [ 1 ] [ 1924 1797 1884 ] [    0    0    0 ] [      0      0      0 ] [ 0 ],drive [ 67 ] [ 1 ] [ 1924 1839 1899 ] [    7   12   21 ] [   7111  17174  16619 ] [ 0 ],0.80,0.80,0.80,0.80,-276.16,21.49,0.00,0.00,0.00,0.00,0.00,0.00,0.00,0.00,0.00,0.00,0.00,0.00,0.00,0.00,0.00,0
0.1314,-351,21,542,0,DRIVE [ 68 ] [ 1 ] [ 1924 1779 1876 ] [    0    0    0 ] [      0      0      0 ] [ 0 ],drive [ 67 ] [ 1 ] [ 1924 1797 1884 ] [    7   12   21 ] [   7111  17150  16619 ] [ 0 ],0.80,0.80,0.80,0.80,-280.66,17.07,0.00,0.00,0.00,0.00,0.00,0.00,0.00,0.00,0.00,0.00,0.00,0.00,0.00,0.00,0.00,0
0.145528,2,-90,648,0,DRIVE [ 68 ] [ 1 ] [ 1925 1779 1879 ] [    0    0    0 ] [      0      0      0 ] [ 0 ],drive [ 68 ] [ 1 ] [ 1924 1779 1876 ] [    8   13   23 ] [   7111  17150  16619 ] [ 0 ],0.80,0.80,0.80,0.80,1.96,-72.20,0.00,0.00,0.00,0.00,0.00,0.00,0.00,0.00,0.00,0.00,0.00,0.00,0.00,0.00,0.00,0
0.159558,4,-89,635,0,DRIVE [ 69 ] [ 1 ] [ 1925 1779 1875 ] [    0    0    0 ] [      0      0      0 ] [ 0 ],drive [ 68 ] [ 1 ] [ 1925 1779 1879 ] [    8   13   23 ] [   7111  17150  16619 ] [ 0 ],0.80,0.80,0.80,0.80,3.18,-70.91,0.00,0.00,0.00,0.00,0.00,0.00,0.00,0.00,0.00,0.00,0.00,0.00,0.00,0.00,0.00,0
0.174575,5,-88,631,0,DRIVE [ 69 ] [ 1 ] [ 1924 1779 1871 ] [    0    0    0 ] [      0      0      0 ] [ 0 ],drive [ 69 ] [ 1 ] [ 1925 1779 1875 ] [    8   13   23 ] [   7111  17150  16619 ] [ 0 ],0.80,0.80,0.80,0.80,4.24,-70.07,0.00,0.00,0.00,0.00,0.00,0.00,0.00,0.00,0.00,0.00,0.00,0.00,-0.00,0.00,0.00,0
0.188762,7,-87,631,0,DRIVE [ 70 ] [ 1 ] [ 1923 1779 1867 ] [    0    0    0 ] [      0      0      0 ] [ 0 ],drive [ 69 ] [ 1 ] [ 1924 1779 1871 ] [    8   13   23 ] [   7111  17169  16620 ] [ 0 ],0.80,0.80,0.80,0.80,5.59,-69.60,0.00,0.00,0.00,0.00,0.00,0.00,0.00,0.00,0.00,0.00,0.00,0.00,-0.00,0.00,0.00,0
0.202825,8,-87,632,0,DRIVE [ 70 ] [ 1 ] [ 1923 1779 1863 ] [    0    0    0 ] [      0      0      0 ] [ 0 ],drive [ 70 ] [ 1 ] [ 1923 1779 1867 ] [    8   20   23 ] [   7111  17169  16620 ] [ 0 ],0.80,0.80,0.80,0.80,6.59,-69.44,0.00,0.00,0.00,0.00,0.00,0.00,0.00,0.00,0.00,0.00,0.00,0.00,-0.00,0.00,0.00,0
0.217355,9,-87,636,0,DRIVE [ 71 ] [ 1 ] [ 1922 1779 1860 ] [    0    0    0 ] [      0      0      0 ] [ 0 ],drive [ 70 ] [ 1 ] [ 1923 1779 1863 ] [    8   20   23 ] [   7111  17169  16620 ] [ 0 ],0.80,0.80,0.80,0.80,7.46,-69.65,0.00,0.00,0.00,0.00,0.00,0.00,0.00,0.00,0.00,0.00,0.00,0.00,0.00,0.00,0.00,0
0.231903,11,-87,634,0,DRIVE [ 71 ] [ 1 ] [ 1921 1779 1856 ] [    0    0    0 ] [      0      0      0 ] [ 0 ],drive [ 71 ] [ 1 ] [ 1922 1779 1860 ] [    8   20   23 ] [   7113  17168  16620 ] [ 0 ],0.80,0.80,0.80,0.80,8.76,-69.35,0.00,0.00,0.00,0.00,0.00,0.00,0.00,0.00,0.00,0.00,0.00,0.00,0.00,0.00,0.00,0
0.246333,12,-86,629,0,DRIVE [ 72 ] [ 1 ] [ 1920 1779 1852 ] [    0    0    0 ] [      0      0      0 ] [ 0 ],drive [ 71 ] [ 1 ] [ 1921 1779 1856 ] [    6   18   25 ] [   7113  17168  16620 ] [ 0 ],0.80,0.80,0.80,0.80,10.00,-68.74,0.00,0.00,0.00,0.00,0.00,0.00,0.00,0.00,0.00,0.00,0.00,0.00,-0.00,0.00,0.00,0
0.261865,14,-85,625,0,DRIVE [ 72 ] [ 1 ] [ 1919 1779 1848 ] [    0    0    0 ] [      0      0      0 ] [ 0 ],drive [ 72 ] [ 1 ] [ 1920 1779 1852 ] [    6   18   25 ] [   7113  17168  16620 ] [ 0 ],0.80,0.80,0.80,0.80,11.42,-68.33,0.00,0.00,0.00,0.00,0.00,0.00,0.00,0.00,0.00,0.00,0.00,0.00,-0.00,0.00,0.00,0
0.275978,16,-86,627,0,DRIVE [ 73 ] [ 1 ] [ 1918 1779 1844 ] [    0    0    0 ] [      0      0      0 ] [ 0 ],drive [ 72 ] [ 1 ] [ 1919 1779 1848 ] [    6   18   25 ] [   7113  17168  16620 ] [ 0 ],0.80,0.80,0.80,0.80,13.14,-68.68,0.00,0.00,0.00,0.00,0.00,0.00,0.00,0.00,0.00,0.00,0.00,0.00,0.00,0.00,0.00,0
0.290081,18,-84,612,0,DRIVE [ 73 ] [ 1 ] [ 1917 1779 1840 ] [    0    0    0 ] [      0      0      0 ] [ 0 ],drive [ 73 ] [ 1 ] [ 1918 1779 1844 ] [    6   18   25 ] [   7114  17163  16620 ] [ 0 ],0.80,0.80,0.80,0.80,14.29,-67.08,0.00,0.00,0.00,0.00,0.00,0.00,0.00,0.00,0.00,0.00,0.00,0.00,-0.00,0.00,0.00,0
0.304588,22,-84,613,0,DRIVE [ 74 ] [ 1 ] [ 1914 1779 1837 ] [    0    0    0 ] [      0      0      0 ] [ 0 ],drive [ 73 ] [ 1 ] [ 1917 1779 1840 ] [    5   18   27 ] [   7114  17163  16620 ] [ 0 ],0.80,0.80,0.80,0.80,17.28,-67.24,0.00,0.00,0.00,0.00,0.00,0.00,0.00,0.00,0.00,0.00,0.00,0.00,0.00,0.00,0.00,0
0.318918,25,-84,613,0,DRIVE [ 74 ] [ 1 ] [ 1911 1779 1833 ] [    0    0    0 ] [      0      0      0 ] [ 0 ],drive [ 74 ] [ 1 ] [ 1914 1779 1837 ] [    5   18   27 ] [   7114  17163  16620 ] [ 0 ],0.80,0.80,0.80,0.80,20.32,-67.35,0.00,0.00,0.00,0.00,0.00,0.00,0.00,0.00,0.00,0.00,0.00,0.00,0.00,0.00,0.00,0
0.333297,29,-84,609,0,DRIVE [ 75 ] [ 1 ] [ 1908 1779 1830 ] [    0    0    0 ] [      0      0      0 ] [ 0 ],drive [ 74 ] [ 1 ] [ 1911 1779 1833 ] [    5   18   27 ] [   7115  17158  16620 ] [ 0 ],0.80,0.80,0.80,0.80,23.37,-66.97,0.00,0.00,0.00,0.00,0.00,0.00,0.00,0.00,0.00,0.00,0.00,0.00,0.00,0.00,0.00,0
0.347848,34,-84,615,0,DRIVE [ 75 ] [ 1 ] [ 1905 1779 1827 ] [    0    0    0 ] [      0      0      0 ] [ 0 ],drive [ 75 ] [ 1 ] [ 1908 1779 1830 ] [    6   15   27 ] [   7115  17158  16620 ] [ 0 ],0.80,0.80,0.80,0.80,27.05,-67.57,0.00,0.00,0.00,0.00,0.00,0.00,0.00,0.00,0.00,0.00,0.00,0.00,0.00,0.00,0.00,0
0.361855,40,-84,610,0,DRIVE [ 76 ] [ 1 ] [ 1900 1779 1824 ] [    0    0    0 ] [      0      0      0 ] [ 0 ],drive [ 75 ] [ 1 ] [ 1905 1779 1827 ] [    6   15   27 ] [   7115  17158  16620 ] [ 0 ],0.80,0.80,0.80,0.80,31.64,-66.88,0.00,0.00,0.00,0.00,0.00,0.00,0.00,0.00,0.00,0.00,0.00,0.00,0.00,0.00,0.00,0
0.376378,46,-83,610,0,DRIVE [ 76 ] [ 1 ] [ 1894 1779 1820 ] [    0    0    0 ] [      0      0      0 ] [ 0 ],drive [ 76 ] [ 1 ] [ 1900 1779 1824 ] [    6   15   27 ] [   7115  17158  16620 ] [ 0 ],0.80,0.80,0.80,0.80,36.67,-66.79,0.00,0.00,0.00,0.00,0.00,0.00,0.00,0.00,0.00,0.00,0.00,0.00,0.00,0.00,0.00,0
0.390217,52,-84,609,0,DRIVE [ 77 ] [ 1 ] [ 1888 1779 1816 ] [    0    0    0 ] [      0      0      0 ] [ 0 ],drive [ 76 ] [ 1 ] [ 1894 1779 1820 ] [    6   15   27 ] [   7119  17111  16621 ] [ 0 ],0.80,0.80,0.80,0.80,41.85,-66.83,0.00,0.00,0.00,0.00,0.00,0.00,0.00,0.00,0.00,0.00,0.00,0.00,0.00,0.00,0.00,0
0.404165,61,-84,606,0,DRIVE [ 77 ] [ 1 ] [ 1879 1779 1811 ] [    0    0    0 ] [      0      0      0 ] [ 0 ],drive [ 77 ] [ 1 ] [ 1888 1779 1816 ] [    0   32   28 ] [   7119  17111  16621 ] [ 0 ],0.80,0.80,0.80,0.80,48.58,-67.07,0.00,0.00,0.00,0.00,0.00,0.00,0.00,0.00,0.00,0.00,0.00,0.00,0.00,0.00,0.00,0
0.417881,69,-85,605,0,DRIVE [ 78 ] [ 1 ] [ 1871 1779 1805 ] [    0    0    0 ] [      0      0      0 ] [ 0 ],drive [ 77 ] [ 1 ] [ 1879 1779 1811 ] [    0   32   28 ] [   7119  17111  16621 ] [ 0 ],0.80,0.80,0.80,0.80,55.00,-67.76,0.00,0.00,0.00,0.00,0.00,0.00,0.00,0.00,0.00,0.00,0.00,0.00,0.00,0.00,0.00,0
0.431882,76,-86,603,0,DRIVE [ 78 ] [ 1 ] [ 1862 1779 1798 ] [    0    0    0 ] [      0      0      0 ] [ 0 ],drive [ 78 ] [ 1 ] [ 1871 1779 1805 ] [    0   32   28 ] [   7147  16951  16621 ] [ 0 ],0.80,0.80,0.80,0.80,61.04,-68.50,0.00,0.00,0.00,0.00,0.00,0.00,0.00,0.00,0.00,0.00,0.00,0.00,0.00,0.00,0.00,0
0.446311,85,-86,598,0,DRIVE [ 79 ] [ 1 ] [ 1850 1779 1790 ] [    0    0    0 ] [      0      0      0 ] [ 0 ],drive [ 78 ] [ 1 ] [ 1862 1779 1798 ] [    3   23   30 ] [   7147  16951  16621 ] [ 0 ],0.80,0.80,0.80,0.80,68.07,-69.01,0.00,0.00,0.00,0.00,0.00,0.00,0.00,0.00,0.00,0.00,0.00,0.00,0.00,0.00,0.00,0
0.46053,92,-86,589,0,DRIVE [ 79 ] [ 1 ] [ 1839 1779 1782 ] [    0    0    0 ] [      0      0      0 ] [ 0 ],drive [ 79 ] [ 1 ] [ 1850 1779 1790 ] [    3   23   30 ] [   7147  16951  16621 ] [ 0 ],0.80,0.80,0.80,0.80,73.75,-68.97,0.00,0.00,0.00,0.00,0.00,0.00,0.00,0.00,0.00,0.00,0.00,0.00,0.00,0.00,0.00,0
0.47442,99,-87,584,0,DRIVE [ 80 ] [ 1 ] [ 1828 1779 1773 ] [    0    0    0 ] [      0      0      0 ] [ 0 ],drive [ 79 ] [ 1 ] [ 1839 1779 1782 ] [    3   23   30 ] [   7147  16951  16621 ] [ 0 ],0.80,0.80,0.80,0.80,79.37,-69.43,0.00,0.00,0.00,0.00,0.00,0.00,0.00,0.00,0.00,0.00,0.00,0.00,0.00,0.00,0.00,0
0.490182,105,-87,576,0,DRIVE [ 80 ] [ 1 ] [ 1817 1779 1765 ] [    0    0    0 ] [      0      0      0 ] [ 0 ],drive [ 80 ] [ 1 ] [ 1828 1779 1773 ] [    3   23   30 ] [   7151  16840  16622 ] [ 0 ],0.80,0.80,0.80,0.80,84.22,-69.37,0.00,0.00,0.00,0.00,0.00,0.00,0.00,0.00,0.00,0.00,0.00,0.00,0.00,0.00,0.00,0
0.503924,114,-87,570,0,DRIVE [ 81 ] [ 1 ] [ 1801 1779 1755 ] [    0    0    0 ] [      0      0      0 ] [ 0 ],drive [ 80 ] [ 1 ] [ 1817 1779 1765 ] [   12   29   33 ] [   7151  16840  16622 ] [ 0 ],0.80,0.80,0.80,0.80,91.25,-69.60,0.00,0.00,0.00,0.00,0.00,0.00,0.00,0.00,0.00,0.00,0.00,0.00,0.00,0.00,0.00,0
0.51816,122,-87,563,0,DRIVE [ 81 ] [ 1 ] [ 1786 1779 1745 ] [    0    0    0 ] [      0      0      0 ] [ 0 ],drive [ 81 ] [ 1 ] [ 1801 1779 1755 ] [   12   29   33 ] [   7151  16840  16622 ] [ 0 ],0.80,0.80,0.80,0.80,97.61,-69.51,0.00,0.00,0.00,0.00,0.00,0.00,0.00,0.00,0.00,0.00,0.00,0.00,0.00,0.00,0.00,0
0.532485,130,-87,557,0,DRIVE [ 82 ] [ 1 ] [ 1769 1779 1734 ] [    0    0    0 ] [      0      0      0 ] [ 0 ],drive [ 81 ] [ 1 ] [ 1786 1779 1745 ] [   12   29   33 ] [   7307  16839  16626 ] [ 0 ],0.80,0.80,0.80,0.80,103.94,-69.63,0.00,0.00,0.00,0.00,0.00,0.00,0.00,0.00,0.00,0.00,0.00,0.00,0.00,0.00,0.00,0
0.54697,138,-87,553,0,DRIVE [ 82 ] [ 1 ] [ 1753 1779 1724 ] [    0    0    0 ] [      0      0      0 ] [ 0 ],drive [ 82 ] [ 1 ] [ 1769 1779 1734 ] [   31   27   38 ] [   7307  16839  16626 ] [ 0 ],0.80,0.80,0.80,0.80,110.09,-69.92,0.00,0.00,0.00,0.00,0.00,0.00,0.00,0.00,0.00,0.00,0.00,0.00,0.00,0.00,0.00,0
0.561571,145,-88,543,0,DRIVE [ 83 ] [ 1 ] [ 1734 1779 1711 ] [    0    0    0 ] [      0      0      0 ] [ 0 ],drive [ 82 ] [ 1 ] [ 1753 1779 1724 ] [   31   27   38 ] [   7307  16839  16626 ] [ 0 ],0.80,0.80,0.80,0.80,115.94,-70.04,0.00,0.00,0.00,0.00,0.00,0.00,0.00,0.00,0.00,0.00,0.00,0.00,0.00,0.00,0.00,0
0.575731,152,-88,537,0,DRIVE [ 83 ] [ 1 ] [ 1716 1779 1698 ] [    0    0    0 ] [      0      0      0 ] [ 0 ],drive [ 83 ] [ 1 ] [ 1734 1779 1711 ] [   31   27   38 ] [   7307  16839  16626 ] [ 0 ],0.80,0.80,0.80,0.80,121.47,-70.35,0.00,0.00,0.00,0.00,0.00,0.00,0.00,0.00,0.00,0.00,0.00,0.00,0.00,0.00,0.00,0
0.589996,158,-89,532,0,DRIVE [ 84 ] [ 1 ] [ 1699 1779 1686 ] [    0    0    0 ] [      0      0      0 ] [ 0 ],drive [ 83 ] [ 1 ] [ 1716 1779 1698 ] [   31   27   38 ] [   7512  16787  16628 ] [ 0 ],0.80,0.80,0.80,0.80,126.59,-71.01,0.00,0.00,0.00,0.00,0.00,0.00,0.00,0.00,0.00,0.00,0.00,0.00,0.00,0.00,0.00,0
0.604386,162,-89,522,0,DRIVE [ 84 ] [ 1 ] [ 1683 1779 1673 ] [    0    0    0 ] [      0      0      0 ] [ 0 ],drive [ 84 ] [ 1 ] [ 1699 1779 1686 ] [   37   20   43 ] [   7512  16787  16628 ] [ 0 ],0.80,0.80,0.80,0.80,129.65,-70.89,0.00,0.00,0.00,0.00,0.00,0.00,0.00,0.00,0.00,0.00,0.00,0.00,0.00,0.00,0.00,0
0.61784,168,-89,515,0,DRIVE [ 85 ] [ 1 ] [ 1664 1779 1659 ] [    0    0    0 ] [      0      0      0 ] [ 0 ],drive [ 84 ] [ 1 ] [ 1683 1779 1673 ] [   37   20   43 ] [   7512  16787  16628 ] [ 0 ],0.80,0.80,0.80,0.80,134.14,-71.43,0.00,0.00,0.00,0.00,0.00,0.00,0.00,0.00,0.00,0.00,0.00,0.00,0.00,0.00,0.00,0
0.63195,173,-90,509,0,DRIVE [ 85 ] [ 1 ] [ 1646 1779 1646 ] [    0    0    0 ] [      0      0      0 ] [ 0 ],drive [ 85 ] [ 1 ] [ 1664 1779 1659 ] [   37   20   43 ] [   7691  16608  16632 ] [ 0 ],0.80,0.80,0.80,0.80,138.13,-71.92,0.00,0.00,0.00,0.00,0.00,0.00,0.00,0.00,0.00,0.00,0.00,0.00,0.00,0.00,0.00,0
0.646344,178,-91,505,0,DRIVE [ 86 ] [ 1 ] [ 1629 1779 1633 ] [    0    0    0 ] [      0      0      0 ] [ 0 ],drive [ 85 ] [ 1 ] [ 1646 1779 1646 ] [   45   28   47 ] [   7691  16608  16632 ] [ 0 ],0.80,0.80,0.80,0.80,142.34,-72.55,0.00,0.00,0.00,0.00,0.00,0.00,0.00,0.00,0.00,0.00,0.00,0.00,0.00,0.00,0.00,0
0.660751,180,-90,493,0,DRIVE [ 86 ] [ 1 ] [ 1611 1779 1621 ] [    0    0    0 ] [      0      0      0 ] [ 0 ],drive [ 86 ] [ 1 ] [ 1629 1779 1633 ] [   45   28   47 ] [   7691  16608  16632 ] [ 0 ],0.80,0.80,0.80,0.80,143.63,-71.88,0.00,0.00,0.00,0.00,0.00,0.00,0.00,0.00,0.00,0.00,0.00,0.00,0.00,0.00,0.00,0
0.67529,184,-91,488,0,DRIVE [ 87 ] [ 1 ] [ 1593 1779 1606 ] [    0    0    0 ] [      0      0      0 ] [ 0 ],drive [ 86 ] [ 1 ] [ 1611 1779 1621 ] [   45   28   47 ] [   7691  16608  16632 ] [ 0 ],0.80,0.80,0.80,0.80,147.18,-72.56,0.00,0.00,0.00,0.00,0.00,0.00,0.00,0.00,0.00,0.00,0.00,0.00,0.00,0.00,0.00,0
0.689781,188,-91,484,0,DRIVE [ 87 ] [ 1 ] [ 1576 1779 1593 ] [    0    0    0 ] [      0      0      0 ] [ 0 ],drive [ 87 ] [ 1 ] [ 1593 1779 1606 ] [   45   28   47 ] [   7989  16463  16640 ] [ 0 ],0.80,0.80,0.80,0.80,150.21,-73.04,0.00,0.00,0.00,0.00,0.00,0.00,0.00,0.00,0.00,0.00,0.00,0.00,0.00,0.00,0.00,0
0.704319,188,-90,473,0,DRIVE [ 88 ] [ 1 ] [ 1560 1779 1581 ] [    0    0    0 ] [      0      0      0 ] [ 0 ],drive [ 87 ] [ 1 ] [ 1576 1779 1593 ] [   48   17   45 ] [   7989  16463  16640 ] [ 0 ],0.80,0.80,0.80,0.80,150.28,-72.10,0.00,0.00,0.00,0.00,0.00,0.00,0.00,0.00,0.00,0.00,0.00,0.00,0.00,0.00,0.00,0
0.71809,189,-89,466,0,DRIVE [ 88 ] [ 1 ] [ 1544 1779 1571 ] [    0    0    0 ] [      0      0      0 ] [ 0 ],drive [ 88 ] [ 1 ] [ 1560 1779 1581 ] [   48   17   45 ] [   7989  16463  16640 ] [ 0 ],0.80,0.80,0.80,0.80,151.03,-71.13,0.00,0.00,0.00,0.00,0.00,0.00,0.00,0.00,0.00,0.00,0.00,0.00,0.00,0.00,0.00,0
0.732636,190,-87,457,0,DRIVE [ 89 ] [ 1 ] [ 1525 1779 1560 ] [    0    0    0 ] [      0      0      0 ] [ 0 ],drive [ 88 ] [ 1 ] [ 1544 1779 1571 ] [   48   17   45 ] [   8154  16428  16670 ] [ 0 ],0.80,0.80,0.80,0.80,152.18,-69.92,0.00,0.00,0.00,0.00,0.00,0.00,0.00,0.00,0.00,0.00,0.00,0.00,0.00,0.00,0.00,0
0.746431,192,-86,451,0,DRIVE [ 89 ] [ 1 ] [ 1506 1779 1549 ] [    0    0    0 ] [      0      0      0 ] [ 0 ],drive [ 89 ] [ 1 ] [ 1525 1779 1560 ] [   36   31   37 ] [   8154  16428  16670 ] [ 0 ],0.80,0.80,0.80,0.80,153.93,-69.10,0.00,0.00,0.00,0.00,0.00,0.00,0.00,0.00,0.00,0.00,0.00,0.00,0.00,0.00,0.00,0
0.760581,194,-85,445,0,DRIVE [ 90 ] [ 1 ] [ 1488 1779 1537 ] [    0    0    0 ] [      0      0      0 ] [ 0 ],drive [ 89 ] [ 1 ] [ 1506 1779 1549 ] [   36   31   37 ] [   8154  16428  16670 ] [ 0 ],0.80,0.80,0.80,0.80,155.26,-68.38,0.00,0.00,0.00,0.00,0.00,0.00,0.00,0.00,0.00,0.00,0.00,0.00,0.00,0.00,0.00,0
0.774033,197,-85,437,0,DRIVE [ 90 ] [ 1 ] [ 1466 1779 1523 ] [    0    0    0 ] [      0      0      0 ] [ 0 ],drive [ 90 ] [ 1 ] [ 1488 1779 1537 ] [   36   31   37 ] [   8154  16428  16670 ] [ 0 ],0.80,0.80,0.80,0.80,157.48,-67.96,0.00,0.00,0.00,0.00,0.00,0.00,0.00,0.00,0.00,0.00,0.00,0.00,0.00,0.00,0.00,0
0.788047,199,-85,430,0,DRIVE [ 91 ] [ 1 ] [ 1444 1779 1509 ] [    0    0    0 ] [      0      0      0 ] [ 0 ],drive [ 90 ] [ 1 ] [ 1466 1779 1523 ] [   36   31   37 ] [   8193  16421  16678 ] [ 0 ],0.80,0.80,0.80,0.80,159.26,-67.61,0.00,0.00,0.00,0.00,0.00,0.00,0.00,0.00,0.00,0.00,0.00,0.00,0.00,0.00,0.00,0
0.801812,200,-84,421,0,DRIVE [ 91 ] [ 1 ] [ 1423 1779 1494 ] [    0    0    0 ] [      0      0      0 ] [ 0 ],drive [ 91 ] [ 1 ] [ 1444 1779 1509 ] [   59   32   38 ] [   8193  16421  16678 ] [ 0 ],0.80,0.80,0.80,0.80,160.13,-67.00,0.00,0.00,0.00,0.00,0.00,0.00,0.00,0.00,0.00,0.00,0.00,0.00,0.00,0.00,0.00,0
0.815234,203,-84,417,0,DRIVE [ 92 ] [ 1 ] [ 1401 1779 1479 ] [    0    0    0 ] [      0      0      0 ] [ 0 ],drive [ 91 ] [ 1 ] [ 1423 1779 1494 ] [   59   32   38 ] [   8193  16421  16678 ] [ 0 ],0.80,0.80,0.80,0.80,162.56,-67.26,0.00,0.00,0.00,0.00,0.00,0.00,0.00,0.00,0.00,0.00,0.00,0.00,0.00,0.00,0.00,0
0.829279,206,-84,409,0,DRIVE [ 92 ] [ 1 ] [ 1376 1779 1462 ] [    0    0    0 ] [      0      0      0 ] [ 0 ],drive [ 92 ] [ 1 ] [ 1401 1779 1479 ] [   59   32   38 ] [   8544  16399  16689 ] [ 0 ],0.80,0.80,0.80,0.80,164.98,-67.34,0.00,0.00,0.00,0.00,0.00,0.00,0.00,0.00,0.00,0.00,0.00,0.00,0.00,0.00,0.00,0
0.842549,209,-84,402,0,DRIVE [ 93 ] [ 1 ] [ 1351 1779 1444 ] [    0    0    0 ] [      0      0      0 ] [ 0 ],drive [ 92 ] [ 1 ] [ 1376 1779 1462 ] [   48   28   39 ] [   8544  16399  16689 ] [ 0 ],0.80,0.80,0.80,0.80,166.84,-67.53,0.00,0.00,0.00,0.00,0.00,0.00,0.00,0.00,0.00,0.00,0.00,0.00,0.00,0.00,0.00,0
0.856432,210,-85,396,0,DRIVE [ 93 ] [ 1 ] [ 1331 1779 1426 ] [    0    0    0 ] [      0      0      0 ] [ 0 ],drive [ 93 ] [ 1 ] [ 1351 1779 1444 ] [   48   28   39 ] [   8544  16399  16689 ] [ 0 ],0.80,0.80,0.80,0.80,168.22,-68.15,0.00,0.00,0.00,0.00,0.00,0.00,0.00,0.00,0.00,0.00,0.00,0.00,0.00,0.00,0.00,0
0.869695,211,-86,389,0,DRIVE [ 94 ] [ 1 ] [ 1312 1779 1408 ] [    0    0    0 ] [      0      0      0 ] [ 0 ],drive [ 93 ] [ 1 ] [ 1331 1779 1426 ] [   48   28   39 ] [   8544  16399  16689 ] [ 0 ],0.80,0.80,0.80,0.80,168.41,-68.67,0.00,0.00,0.00,0.00,0.00,0.00,0.00,0.00,0.00,0.00,0.00,0.00,0.00,0.00,0.00,0
0.883069,210,-86,383,0,DRIVE [ 94 ] [ 1 ] [ 1296 1779 1393 ] [    0    0    0 ] [      0      0      0 ] [ 0 ],drive [ 94 ] [ 1 ] [ 1312 1779 1408 ] [   48   28   39 ] [   8975  16053  16701 ] [ 0 ],0.80,0.80,0.80,0.80,168.21,-69.05,0.00,0.00,0.00,0.00,0.00,0.00,0.00,0.00,0.00,0.00,0.00,0.00,0.00,0.00,0.00,0
0.897384,208,-86,376,0,DRIVE [ 95 ] [ 1 ] [ 1284 1779 1379 ] [    0    0    0 ] [      0      0      0 ] [ 0 ],drive [ 94 ] [ 1 ] [ 1296 1779 1393 ] [   70   15   49 ] [   8975  16053  16701 ] [ 0 ],0.80,0.80,0.80,0.80,166.62,-69.08,0.00,0.00,0.00,0.00,0.00,0.00,0.00,0.00,0.00,0.00,0.00,0.00,0.00,0.00,0.00,0
0.911817,206,-86,370,0,DRIVE [ 95 ] [ 1 ] [ 1273 1779 1366 ] [    0    0    0 ] [      0      0      0 ] [ 0 ],drive [ 95 ] [ 1 ] [ 1284 1779 1379 ] [   70   15   49 ] [   8975  16053  16701 ] [ 0 ],0.80,0.80,0.80,0.80,164.77,-69.05,0.00,0.00,0.00,0.00,0.00,0.00,0.00,0.00,0.00,0.00,0.00,0.00,0.00,0.00,0.00,0
0.925361,203,-86,365,0,DRIVE [ 96 ] [ 1 ] [ 1264 1779 1353 ] [    0    0    0 ] [      0      0      0 ] [ 0 ],drive [ 95 ] [ 1 ] [ 1273 1779 1366 ] [   70   15   49 ] [   8975  16053  16701 ] [ 0 ],0.80,0.80,0.80,0.80,162.72,-69.05,0.00,0.00,0.00,0.00,0.00,0.00,0.00,0.00,0.00,0.00,0.00,0.00,0.00,0.00,0.00,0
0.938503,201,-86,361,0,DRIVE [ 96 ] [ 1 ] [ 1257 1779 1342 ] [    0    0    0 ] [      0      0      0 ] [ 0 ],drive [ 96 ] [ 1 ] [ 1264 1779 1353 ] [   70   15   49 ] [   9285  15702  16827 ] [ 0 ],0.80,0.80,0.80,0.80,160.96,-69.13,0.00,0.00,0.00,0.00,0.00,0.00,0.00,0.00,0.00,0.00,0.00,0.00,0.00,0.00,0.00,0
0.951526,200,-86,359,0,DRIVE [ 97 ] [ 1 ] [ 1251 1779 1334 ] [    0    0    0 ] [      0      0      0 ] [ 0 ],drive [ 96 ] [ 1 ] [ 1257 1779 1342 ] [   72   18   72 ] [   9285  15702  16827 ] [ 0 ],0.80,0.80,0.80,0.80,159.63,-69.09,0.00,0.00,0.00,0.00,0.00,0.00,0.00,0.00,0.00,0.00,0.00,0.00,0.00,0.00,0.00,0
0.965311,195,-85,352,0,DRIVE [ 97 ] [ 1 ] [ 1245 1779 1326 ] [    0    0    0 ] [      0      0      0 ] [ 0 ],drive [ 97 ] [ 1 ] [ 1251 1779 1334 ] [   72   18   72 ] [   9285  15702  16827 ] [ 0 ],0.80,0.80,0.80,0.80,156.34,-68.05,0.00,0.00,0.00,0.00,0.00,0.00,0.00,0.00,0.00,0.00,0.00,0.00,0.00,0.00,0.00,0
0.97815,193,-84,348,0,DRIVE [ 98 ] [ 1 ] [ 1237 1779 1318 ] [    0    0    0 ] [      0      0      0 ] [ 0 ],drive [ 97 ] [ 1 ] [ 1245 1779 1326 ] [   72   18   72 ] [   9325  15632  16847 ] [ 0 ],0.80,0.80,0.80,0.80,154.23,-67.43,0.00,0.00,0.00,0.00,0.00,0.00,0.00,0.00,0.00,0.00,0.00,0.00,0.00,0.00,0.00,0
0.991597,191,-84,344,0,DRIVE [ 98 ] [ 1 ] [ 1230 1779 1308 ] [    0    0    0 ] [      0      0      0 ] [ 0 ],drive [ 98 ] [ 1 ] [ 1237 1779 1318 ] [   72   18   72 ] [   9325  15632  16847 ] [ 0 ],0.80,0.80,0.80,0.80,152.62,-67.10,0.00,0.00,0.00,0.00,0.00,0.00,0.00,0.00,0.00,0.00,0.00,0.00,0.00,0.00,0.00,0
1.00467,189,-84,339,0,DRIVE [ 99 ] [ 1 ] [ 1230 1779 1298 ] [    0    0    0 ] [      0      0      0 ] [ 0 ],drive [ 98 ] [ 1 ] [ 1230 1779 1308 ] [   74   28   76 ] [   9325  15632  16847 ] [ 0 ],0.80,0.80,0.80,0.80,151.23,-67.12,0.00,0.00,0.00,0.00,0.00,0.00,0.00,0.00,0.00,0.00,0.00,0.00,0.00,0.00,0.00,0
1.01735,188,-85,336,0,DRIVE [ 99 ] [ 1 ] [ 1230 1779 1291 ] [    0    0    0 ] [      0      0      0 ] [ 0 ],drive [ 99 ] [ 1 ] [ 1230 1779 1298 ] [   74   28   76 ] [   9325  15632  16847 ] [ 0 ],0.80,0.80,0.80,0.80,150.68,-67.67,0.00,0.00,0.00,0.00,0.00,0.00,0.00,0.00,0.00,0.00,0.00,0.00,0.00,0.00,0.00,0
1.03083,187,-85,329,0,DRIVE [ 00 ] [ 1 ] [ 1230 1779 1282 ] [    0    0    0 ] [      0      0      0 ] [ 0 ],drive [ 99 ] [ 1 ] [ 1230 1779 1291 ] [   74   28   76 ] [   9326  15577  16907 ] [ 0 ],0.80,0.80,0.80,0.80,149.27,-67.81,0.00,0.00,0.00,0.00,0.00,0.00,0.00,0.00,0.00,0.00,0.00,0.00,0.00,0.00,0.00,0
1.04355,186,-85,325,0,DRIVE [ 00 ] [ 1 ] [ 1230 1779 1274 ] [    0    0    0 ] [      0      0      0 ] [ 0 ],drive [ 00 ] [ 1 ] [ 1230 1779 1282 ] [   78   34   62 ] [   9326  15577  16907 ] [ 0 ],0.80,0.80,0.80,0.80,148.69,-68.15,0.00,0.00,0.00,0.00,0.00,0.00,0.00,0.00,0.00,0.00,0.00,0.00,0.00,0.00,0.00,0
1.05684,184,-85,319,0,DRIVE [ 01 ] [ 1 ] [ 1230 1779 1267 ] [    0    0    0 ] [      0      0      0 ] [ 0 ],drive [ 00 ] [ 1 ] [ 1230 1779 1274 ] [   78   34   62 ] [   9326  15577  16907 ] [ 0 ],0.80,0.80,0.80,0.80,146.96,-67.95,0.00,0.00,0.00,0.00,0.00,0.00,0.00,0.00,0.00,0.00,0.00,0.00,0.00,0.00,0.00,0
1.06945,181,-85,314,0,DRIVE [ 01 ] [ 1 ] [ 1230 1779 1262 ] [    0    0    0 ] [      0      0      0 ] [ 0 ],drive [ 01 ] [ 1 ] [ 1230 1779 1267 ] [   78   34   62 ] [   9326  15577  16907 ] [ 0 ],0.80,0.80,0.80,0.80,145.20,-67.70,0.00,0.00,0.00,0.00,0.00,0.00,0.00,0.00,0.00,0.00,0.00,0.00,0.00,0.00,0.00,0
1.08211,180,-85,311,0,DRIVE [ 02 ] [ 1 ] [ 1230 1779 1258 ] [    0    0    0 ] [      0      0      0 ] [ 0 ],drive [ 01 ] [ 1 ] [ 1230 1779 1262 ] [   78   34   62 ] [   9446  15380  16953 ] [ 0 ],0.80,0.80,0.80,0.80,143.94,-67.87,0.00,0.00,0.00,0.00,0.00,0.00,0.00,0.00,0.00,0.00,0.00,0.00,-0.00,0.00,0.00,0
1.09502,177,-84,307,0,DRIVE [ 02 ] [ 1 ] [ 1230 1779 1255 ] [    0    0    0 ] [      0      0      0 ] [ 0 ],drive [ 02 ] [ 1 ] [ 1230 1779 1258 ] [   71   27   78 ] [   9446  15380  16953 ] [ 0 ],0.80,0.80,0.80,0.80,141.22,-67.59,0.00,0.00,0.00,0.00,0.00,0.00,0.00,0.00,0.00,0.00,0.00,0.00,-0.00,0.00,0.00,0
1.10772,174,-85,303,0,DRIVE [ 03 ] [ 1 ] [ 1230 1779 1252 ] [    0    0    0 ] [      0      0      0 ] [ 0 ],drive [ 02 ] [ 1 ] [ 1230 1779 1255 ] [   71   27   78 ] [   9446  15380  16953 ] [ 0 ],0.80,0.80,0.80,0.80,139.00,-67.66,0.00,0.00,0.00,0.00,0.00,0.00,0.00,0.00,0.00,0.00,0.00,0.00,-0.00,0.00,0.00,0
1.12032,169,-85,301,0,DRIVE [ 03 ] [ 1 ] [ 1232 1779 1250 ] [    0    0    0 ] [      0      0      0 ] [ 0 ],drive [ 03 ] [ 1 ] [ 1230 1779 1252 ] [   71   27   78 ] [   9446  15380  16953 ] [ 0 ],0.80,0.80,0.80,0.80,135.53,-68.17,0.00,0.00,0.00,0.00,0.00,0.00,0.00,0.00,0.00,0.00,0.00,0.00,-0.00,0.00,0.00,0
1.13274,165,-85,298,0,DRIVE [ 04 ] [ 1 ] [ 1246 1779 1250 ] [    0    0    0 ] [      0      0      0 ] [ 0 ],drive [ 03 ] [ 1 ] [ 1232 1779 1250 ] [   71   27   78 ] [   9897  15355  17009 ] [ 0 ],0.80,0.80,0.80,0.80,131.82,-68.04,0.00,0.00,0.00,0.00,0.00,0.00,0.00,0.00,0.00,0.00,0.00,0.00,-0.00,0.00,0.00,0
1.14596,161,-85,295,0,DRIVE [ 04 ] [ 1 ] [ 1260 1779 1252 ] [    0    0    0 ] [      0      0      0 ] [ 0 ],drive [ 04 ] [ 1 ] [ 1246 1779 1250 ] [   64   19   62 ] [   9897  15355  17009 ] [ 0 ],0.80,0.80,0.80,0.80,128.42,-67.90,0.00,0.00,0.00,0.00,0.00,0.00,0.00,0.00,0.00,0.00,0.00,0.00,-0.00,0.00,0.00,0
1.15907,157,-85,293,0,DRIVE [ 05 ] [ 1 ] [ 1273 1779 1252 ] [    0    0    0 ] [      0      0      0 ] [ 0 ],drive [ 04 ] [ 1 ] [ 1260 1779 1252 ] [   64   19   62 ] [   9897  15355  17009 ] [ 0 ],0.80,0.80,0.80,0.80,125.22,-67.86,0.00,0.00,0.00,0.00,0.00,0.00,0.00,0.00,0.00,0.00,0.00,0.00,-0.00,0.00,0.00,0
1.17149,152,-85,290,0,DRIVE [ 05 ] [ 1 ] [ 1286 1779 1252 ] [    0    0    0 ] [      0      0      0 ] [ 0 ],drive [ 05 ] [ 1 ] [ 1273 1779 1252 ] [   64   19   62 ] [   9897  15355  17009 ] [ 0 ],0.80,0.80,0.80,0.80,121.95,-67.92,0.00,0.00,0.00,0.00,0.00,0.00,0.00,0.00,0.00,0.00,0.00,0.00,-0.00,0.00,0.00,0
1.18377,149,-85,289,0,DRIVE [ 06 ] [ 1 ] [ 1298 1779 1251 ] [    0    0    0 ] [      0      0      0 ] [ 0 ],drive [ 05 ] [ 1 ] [ 1286 1779 1252 ] [   64   19   62 ] [   9980  15203  17040 ] [ 0 ],0.80,0.80,0.80,0.80,119.18,-68.14,0.00,0.00,0.00,0.00,0.00,0.00,0.00,0.00,0.00,0.00,0.00,0.00,-0.00,0.00,0.00,0
1.19687,144,-86,285,0,DRIVE [ 06 ] [ 1 ] [ 1314 1779 1247 ] [    0    0    0 ] [      0      0      0 ] [ 0 ],drive [ 06 ] [ 1 ] [ 1298 1779 1251 ] [   58   25   63 ] [   9980  15203  17040 ] [ 0 ],0.80,0.80,0.80,0.80,115.22,-68.49,0.00,0.00,0.00,0.00,0.00,0.00,0.00,0.00,0.00,0.00,0.00,0.00,-0.00,0.00,0.00,0
1.20919,139,-86,280,0,DRIVE [ 07 ] [ 1 ] [ 1328 1779 1242 ] [    0    0    0 ] [      0      0      0 ] [ 0 ],drive [ 06 ] [ 1 ] [ 1314 1779 1247 ] [   58   25   63 ] [   9980  15203  17040 ] [ 0 ],0.80,0.80,0.80,0.80,111.38,-68.85,0.00,0.00,0.00,0.00,0.00,0.00,0.00,0.00,0.00,0.00,0.00,0.00,-0.00,0.00,0.00,0
1.2212,135,-87,277,0,DRIVE [ 07 ] [ 1 ] [ 1343 1779 1235 ] [    0    0    0 ] [      0      0      0 ] [ 0 ],drive [ 07 ] [ 1 ] [ 1328 1779 1242 ] [   58   25   63 ] [   9980  15203  17040 ] [ 0 ],0.80,0.80,0.80,0.80,107.73,-69.42,0.00,0.00,0.00,0.00,0.00,0.00,0.00,0.00,0.00,0.00,0.00,0.00,-0.00,0.00,0.00,0
1.23368,131,-88,274,0,DRIVE [ 08 ] [ 1 ] [ 1358 1779 1230 ] [    0    0    0 ] [      0      0      0 ] [ 0 ],drive [ 07 ] [ 1 ] [ 1343 1779 1235 ] [   58   25   63 ] [   9979  14991  17068 ] [ 0 ],0.80,0.80,0.80,0.80,104.70,-70.35,0.00,0.00,0.00,0.00,0.00,0.00,0.00,0.00,0.00,0.00,0.00,0.00,-0.00,0.00,0.00,0
1.24578,127,-89,272,0,DRIVE [ 08 ] [ 1 ] [ 1373 1779 1230 ] [    0    0    0 ] [      0      0      0 ] [ 0 ],drive [ 08 ] [ 1 ] [ 1358 1779 1230 ] [   52   19   82 ] [   9979  14991  17068 ] [ 0 ],0.80,0.80,0.80,0.80,101.78,-71.10,0.00,0.00,0.00,0.00,0.00,0.00,0.00,0.00,0.00,0.00,0.00,0.00,-0.00,0.00,0.00,0
1.25786,123,-90,269,0,DRIVE [ 09 ] [ 1 ] [ 1388 1779 1230 ] [    0    0    0 ] [      0      0      0 ] [ 0 ],drive [ 08 ] [ 1 ] [ 1373 1779 1230 ] [   52   19   82 ] [   9979  14991  17068 ] [ 0 ],0.80,0.80,0.80,0.80,98.47,-71.63,0.00,0.00,0.00,0.00,0.00,0.00,0.00,0.00,0.00,0.00,0.00,0.00,-0.00,0.00,0.00,0
1.26911,119,-90,267,0,DRIVE [ 09 ] [ 1 ] [ 1404 1779 1230 ] [    0    0    0 ] [      0      0      0 ] [ 0 ],drive [ 09 ] [ 1 ] [ 1388 1779 1230 ] [   52   19   82 ] [   9979  14991  17068 ] [ 0 ],0.80,0.80,0.80,0.80,95.33,-72.13,0.00,0.00,0.00,0.00,0.00,0.00,0.00,0.00,0.00,0.00,0.00,0.00,-0.00,0.00,0.00,0
1.28073,115,-91,266,0,DRIVE [ 10 ] [ 1 ] [ 1420 1779 1230 ] [    0    0    0 ] [      0      0      0 ] [ 0 ],drive [ 09 ] [ 1 ] [ 1404 1779 1230 ] [   52   19   82 ] [   9976  14688  17160 ] [ 0 ],0.80,0.80,0.80,0.80,92.20,-72.52,0.00,0.00,0.00,0.00,0.00,0.00,0.00,0.00,0.00,0.00,0.00,0.00,-0.00,0.00,0.00,0
1.29249,111,-91,264,0,DRIVE [ 10 ] [ 1 ] [ 1437 1779 1230 ] [    0    0    0 ] [      0      0      0 ] [ 0 ],drive [ 10 ] [ 1 ] [ 1420 1779 1230 ] [   48   22   67 ] [   9976  14688  17160 ] [ 0 ],0.80,0.80,0.80,0.80,89.05,-72.80,0.00,0.00,0.00,0.00,0.00,0.00,0.00,0.00,0.00,0.00,0.00,0.00,-0.00,0.00,0.00,0
1.30348,106,-91,261,0,DRIVE [ 11 ] [ 1 ] [ 1459 1779 1230 ] [    0    0    0 ] [      0      0      0 ] [ 0 ],drive [ 10 ] [ 1 ] [ 1437 1779 1230 ] [   48   22   67 ] [   9976  14688  17160 ] [ 0 ],0.80,0.80,0.80,0.80,84.47,-72.55,0.00,0.00,0.00,0.00,0.00,0.00,0.00,0.00,0.00,0.00,0.00,0.00,-0.00,0.00,0.00,0
1.31466,100,-91,259,0,DRIVE [ 11 ] [ 1 ] [ 1480 1779 1230 ] [    0    0    0 ] [      0      0      0 ] [ 0 ],drive [ 11 ] [ 1 ] [ 1459 1779 1230 ] [   48   22   67 ] [   9976  14688  17160 ] [ 0 ],0.80,0.80,0.80,0.80,80.36,-72.45,0.00,0.00,0.00,0.00,0.00,0.00,0.00,0.00,0.00,0.00,0.00,0.00,-0.00,0.00,0.00,0
1.32656,96,-90,256,0,DRIVE [ 12 ] [ 1 ] [ 1499 1779 1230 ] [    0    0    0 ] [      0      0      0 ] [ 0 ],drive [ 11 ] [ 1 ] [ 1480 1779 1230 ] [   48   22   67 ] [   9969  14599  17162 ] [ 0 ],0.80,0.80,0.80,0.80,76.50,-72.27,0.00,0.00,0.00,0.00,0.00,0.00,0.00,0.00,0.00,0.00,0.00,0.00,-0.00,0.00,0.00,0
1.33768,91,-90,253,0,DRIVE [ 12 ] [ 1 ] [ 1517 1779 1230 ] [    0    0    0 ] [      0      0      0 ] [ 0 ],drive [ 12 ] [ 1 ] [ 1499 1779 1230 ] [   48   22   67 ] [   9969  14599  17162 ] [ 0 ],0.80,0.80,0.80,0.80,72.92,-72.21,0.00,0.00,0.00,0.00,0.00,0.00,0.00,0.00,0.00,0.00,0.00,0.00,-0.00,0.00,0.00,0
1.34883,87,-90,251,0,DRIVE [ 13 ] [ 1 ] [ 1534 1779 1230 ] [    0    0    0 ] [      0      0      0 ] [ 0 ],drive [ 12 ] [ 1 ] [ 1517 1779 1230 ] [   41   29   75 ] [   9969  14599  17162 ] [ 0 ],0.80,0.80,0.80,0.80,69.52,-72.12,0.00,0.00,0.00,0.00,0.00,0.00,0.00,0.00,0.00,0.00,0.00,0.00,-0.00,0.00,0.00,0
1.36054,83,-90,248,0,DRIVE [ 13 ] [ 1 ] [ 1551 1779 1230 ] [    0    0    0 ] [      0      0      0 ] [ 0 ],drive [ 13 ] [ 1 ] [ 1534 1779 1230 ] [   41   29   75 ] [   9969  14599  17162 ] [ 0 ],0.80,0.80,0.80,0.80,66.10,-71.84,0.00,0.00,0.00,0.00,0.00,0.00,0.00,0.00,0.00,0.00,0.00,0.00,-0.00,0.00,0.00,0
1.37153,78,-89,246,0,DRIVE [ 14 ] [ 1 ] [ 1568 1779 1230 ] [    0    0    0 ] [      0      0      0 ] [ 0 ],drive [ 13 ] [ 1 ] [ 1551 1779 1230 ] [   41   29   75 ] [   9969  14599  17162 ] [ 0 ],0.80,0.80,0.80,0.80,62.68,-71.35,0.00,0.00,0.00,0.00,0.00,0.00,0.00,0.00,0.00,0.00,0.00,0.00,-0.00,0.00,0.00,0
1.38229,74,-88,243,0,DRIVE [ 14 ] [ 1 ] [ 1585 1779 1230 ] [    0    0    0 ] [      0      0      0 ] [ 0 ],drive [ 14 ] [ 1 ] [ 1568 1779 1230 ] [   41   29   75 ] [   9954  14602  17305 ] [ 0 ],0.80,0.80,0.80,0.80,59.36,-70.68,0.00,0.00,0.00,0.00,0.00,0.00,0.00,0.00,0.00,0.00,0.00,0.00,-0.00,0.00,0.00,0
1.39371,70,-87,240,0,DRIVE [ 15 ] [ 1 ] [ 1602 1779 1230 ] [    0    0    0 ] [      0      0      0 ] [ 0 ],drive [ 14 ] [ 1 ] [ 1585 1779 1230 ] [   40   27   83 ] [   9954  14602  17305 ] [ 0 ],0.80,0.80,0.80,0.80,55.77,-69.27,0.00,0.00,0.00,0.00,0.00,0.00,0.00,0.00,0.00,0.00,0.00,0.00,-0.00,0.00,0.00,0
1.40464,66,-85,239,0,DRIVE [ 15 ] [ 1 ] [ 1620 1779 1230 ] [    0    0    0 ] [      0      0      0 ] [ 0 ],drive [ 15 ] [ 1 ] [ 1602 1779 1230 ] [   40   27   83 ] [   9954  14602  17305 ] [ 0 ],0.80,0.80,0.80,0.80,52.62,-68.20,0.00,0.00,0.00,0.00,0.00,0.00,0.00,0.00,0.00,0.00,0.00,0.00,-0.00,0.00,0.00,0
1.41555,62,-83,237,0,DRIVE [ 16 ] [ 1 ] [ 1637 1779 1230 ] [    0    0    0 ] [      0      0      0 ] [ 0 ],drive [ 15 ] [ 1 ] [ 1620 1779 1230 ] [   40   27   83 ] [   9954  14602  17305 ] [ 0 ],0.80,0.80,0.80,0.80,49.29,-66.58,0.00,0.00,0.00,0.00,0.00,0.00,0.00,0.00,0.00,0.00,0.00,0.00,-0.00,0.00,0.00,0
1.42693,58,-81,235,0,DRIVE [ 16 ] [ 1 ] [ 1655 1779 1239 ] [    0    0    0 ] [      0      0      0 ] [ 0 ],drive [ 16 ] [ 1 ] [ 1637 1779 1230 ] [   40   27   83 ] [   9930  14603  17526 ] [ 0 ],0.80,0.80,0.80,0.80,46.05,-64.87,0.00,0.00,0.00,0.00,0.00,0.00,0.00,0.00,0.00,0.00,0.00,0.00,-0.00,0.00,0.00,0
1.4378,54,-79,234,0,DRIVE [ 17 ] [ 1 ] [ 1673 1779 1253 ] [    0    0    0 ] [      0      0      0 ] [ 0 ],drive [ 16 ] [ 1 ] [ 1655 1779 1239 ] [   40   27   83 ] [   9930  14603  17526 ] [ 0 ],0.80,0.80,0.80,0.80,42.82,-63.15,0.00,0.00,0.00,0.00,0.00,0.00,0.00,0.00,0.00,0.00,0.00,0.00,-0.00,0.00,0.00,0
1.44882,50,-77,232,0,DRIVE [ 17 ] [ 1 ] [ 1690 1779 1264 ] [    0    0    0 ] [      0      0      0 ] [ 0 ],drive [ 17 ] [ 1 ] [ 1673 1779 1253 ] [   45   26   80 ] [   9930  14603  17526 ] [ 0 ],0.80,0.80,0.80,0.80,39.70,-61.53,0.00,0.00,0.00,0.00,0.00,0.00,0.00,0.00,0.00,0.00,0.00,0.00,-0.00,0.00,0.00,0
1.46017,46,-75,230,0,DRIVE [ 18 ] [ 1 ] [ 1707 1779 1273 ] [    0    0    0 ] [      0      0      0 ] [ 0 ],drive [ 17 ] [ 1 ] [ 1690 1779 1264 ] [   45   26   80 ] [   9930  14603  17526 ] [ 0 ],0.80,0.80,0.80,0.80,36.73,-60.24,0.00,0.00,0.00,0.00,0.00,0.00,0.00,0.00,0.00,0.00,0.00,0.00,-0.00,0.00,0.00,0
1.47105,42,-74,228,0,DRIVE [ 18 ] [ 1 ] [ 1723 1779 1280 ] [    0    0    0 ] [      0      0      0 ] [ 0 ],drive [ 18 ] [ 1 ] [ 1707 1779 1273 ] [   45   26   80 ] [   9930  14603  17526 ] [ 0 ],0.80,0.80,0.80,0.80,33.78,-58.85,0.00,0.00,0.00,0.00,0.00,0.00,0.00,0.00,0.00,0.00,0.00,0.00,-0.00,0.00,0.00,0
1.48237,39,-72,226,0,DRIVE [ 19 ] [ 1 ] [ 1738 1779 1286 ] [    0    0    0 ] [      0      0      0 ] [ 0 ],drive [ 18 ] [ 1 ] [ 1723 1779 1280 ] [   45   26   80 ] [   9829  14601  17527 ] [ 0 ],0.80,0.80,0.80,0.80,31.06,-57.65,0.00,0.00,0.00,0.00,0.00,0.00,0.00,0.00,0.00,0.00,0.00,0.00,-0.00,0.00,0.00,0
1.49377,36,-71,224,0,DRIVE [ 19 ] [ 1 ] [ 1753 1779 1292 ] [    0    0    0 ] [      0      0      0 ] [ 0 ],drive [ 19 ] [ 1 ] [ 1738 1779 1286 ] [   44   29   75 ] [   9829  14601  17527 ] [ 0 ],0.80,0.80,0.80,0.80,28.53,-56.40,0.00,0.00,0.00,0.00,0.00,0.00,0.00,0.00,0.00,0.00,0.00,0.00,-0.00,0.00,0.00,0
1.50461,33,-69,222,0,DRIVE [ 20 ] [ 1 ] [ 1766 1779 1296 ] [    0    0    0 ] [      0      0      0 ] [ 0 ],drive [ 19 ] [ 1 ] [ 1753 1779 1292 ] [   44   29   75 ] [   9829  14601  17527 ] [ 0 ],0.80,0.80,0.80,0.80,26.10,-55.33,0.00,0.00,0.00,0.00,0.00,0.00,0.00,0.00,0.00,0.00,0.00,0.00,-0.00,0.00,0.00,0
1.51548,30,-68,220,0,DRIVE [ 20 ] [ 1 ] [ 1780 1779 1300 ] [    0    0    0 ] [      0      0      0 ] [ 0 ],drive [ 20 ] [ 1 ] [ 1766 1779 1296 ] [   44   29   75 ] [   9829  14601  17527 ] [ 0 ],0.80,0.80,0.80,0.80,23.71,-54.31,0.00,0.00,0.00,0.00,0.00,0.00,0.00,0.00,0.00,0.00,0.00,0.00,-0.00,0.00,0.00,0
1.52699,27,-66,218,0,DRIVE [ 21 ] [ 1 ] [ 1793 1779 1304 ] [    0    0    0 ] [      0      0      0 ] [ 0 ],drive [ 20 ] [ 1 ] [ 1780 1779 1300 ] [   44   29   75 ] [   9572  14600  17535 ] [ 0 ],0.80,0.80,0.80,0.80,21.40,-53.17,0.00,0.00,0.00,0.00,0.00,0.00,0.00,0.00,0.00,0.00,0.00,0.00,-0.00,0.00,0.00,0
1.53776,24,-65,215,0,DRIVE [ 21 ] [ 1 ] [ 1805 1779 1310 ] [    0    0    0 ] [      0      0      0 ] [ 0 ],drive [ 21 ] [ 1 ] [ 1793 1779 1304 ] [   44   29   75 ] [   9572  14600  17535 ] [ 0 ],0.80,0.80,0.80,0.80,19.27,-51.72,0.00,0.00,0.00,0.00,0.00,0.00,0.00,0.00,0.00,0.00,0.00,0.00,-0.00,0.00,0.00,0
1.54851,22,-63,213,0,DRIVE [ 22 ] [ 1 ] [ 1816 1779 1319 ] [    0    0    0 ] [      0      0      0 ] [ 0 ],drive [ 21 ] [ 1 ] [ 1805 1779 1310 ] [   19   28   63 ] [   9572  14600  17535 ] [ 0 ],0.80,0.80,0.80,0.80,17.39,-50.18,0.00,0.00,0.00,0.00,0.00,0.00,0.00,0.00,0.00,0.00,0.00,0.00,-0.00,0.00,0.00,0
1.55974,20,-61,212,0,DRIVE [ 22 ] [ 1 ] [ 1826 1779 1330 ] [    0    0    0 ] [      0      0      0 ] [ 0 ],drive [ 22 ] [ 1 ] [ 1816 1779 1319 ] [   19   28   63 ] [   9572  14600  17535 ] [ 0 ],0.80,0.80,0.80,0.80,15.71,-48.67,0.00,0.00,0.00,0.00,0.00,0.00,0.00,0.00,0.00,0.00,0.00,0.00,-0.00,0.00,0.00,0
1.57082,18,-58,209,0,DRIVE [ 23 ] [ 1 ] [ 1834 1779 1344 ] [    0    0    0 ] [      0      0      0 ] [ 0 ],drive [ 22 ] [ 1 ] [ 1826 1779 1330 ] [   19   28   63 ] [   9572  14600  17535 ] [ 0 ],0.80,0.80,0.80,0.80,14.30,-46.80,0.00,0.00,0.00,0.00,0.00,0.00,0.00,0.00,0.00,0.00,0.00,0.00,-0.00,0.00,0.00,0
1.58172,16,-56,207,0,DRIVE [ 23 ] [ 1 ] [ 1841 1779 1359 ] [    0    0    0 ] [      0      0      0 ] [ 0 ],drive [ 23 ] [ 1 ] [ 1834 1779 1344 ] [   19   28   63 ] [   9151  14601  17611 ] [ 0 ],0.80,0.80,0.80,0.80,13.15,-44.98,0.00,0.00,0.00,0.00,0.00,0.00,0.00,0.00,0.00,0.00,0.00,0.00,-0.00,0.00,0.00,0
1.59311,15,-54,205,0,DRIVE [ 24 ] [ 1 ] [ 1846 1779 1373 ] [    0    0    0 ] [      0      0      0 ] [ 0 ],drive [ 23 ] [ 1 ] [ 1841 1779 1359 ] [   25   29   48 ] [   9151  14601  17611 ] [ 0 ],0.80,0.80,0.80,0.80,12.19,-43.26,0.00,0.00,0.00,0.00,0.00,0.00,0.00,0.00,0.00,0.00,0.00,0.00,-0.00,0.00,0.00,0
1.60417,14,-52,203,0,DRIVE [ 24 ] [ 1 ] [ 1851 1779 1387 ] [    0    0    0 ] [      0      0      0 ] [ 0 ],drive [ 24 ] [ 1 ] [ 1846 1779 1373 ] [   25   29   48 ] [   9151  14601  17611 ] [ 0 ],0.80,0.80,0.80,0.80,11.30,-41.52,0.00,0.00,0.00,0.00,0.00,0.00,0.00,0.00,0.00,0.00,0.00,0.00,-0.00,0.00,0.00,0
1.61479,13,-50,200,0,DRIVE [ 25 ] [ 1 ] [ 1856 1779 1401 ] [    0    0    0 ] [      0      0      0 ] [ 0 ],drive [ 24 ] [ 1 ] [ 1851 1779 1387 ] [   25   29   48 ] [   9151  14601  17611 ] [ 0 ],0.80,0.80,0.80,0.80,10.44,-39.80,0.00,0.00,0.00,0.00,0.00,0.00,0.00,0.00,0.00,0.00,0.00,0.00,-0.00,0.00,0.00,0
1.62598,12,-48,198,0,DRIVE [ 25 ] [ 1 ] [ 1861 1779 1417 ] [    0    0    0 ] [      0      0      0 ] [ 0 ],drive [ 25 ] [ 1 ] [ 1856 1779 1401 ] [   25   29   48 ] [   8821  14597  17615 ] [ 0 ],0.80,0.80,0.80,0.80,9.52,-38.10,0.00,0.00,0.00,0.00,0.00,0.00,-0.00,0.00,0.00,0.00,0.00,0.00,-0.00,0.00,0.00,0
1.63703,11,-45,196,0,DRIVE [ 26 ] [ 1 ] [ 1867 1779 1433 ] [    0    0    0 ] [      0      0      0 ] [ 0 ],drive [ 25 ] [ 1 ] [ 1861 1779 1417 ] [   25   29   48 ] [   8821  14597  17615 ] [ 0 ],0.80,0.80,0.80,0.80,8.64,-36.34,0.00,0.00,0.00,0.00,0.00,0.00,-0.00,0.00,0.00,0.00,0.00,0.00,-0.00,0.00,0.00,0
1.64789,10,-43,194,0,DRIVE [ 26 ] [ 1 ] [ 1872 1779 1450 ] [    0    0    0 ] [      0      0      0 ] [ 0 ],drive [ 26 ] [ 1 ] [ 1867 1779 1433 ] [   13   29   44 ] [   8821  14597  17615 ] [ 0 ],0.80,0.80,0.80,0.80,7.76,-34.50,0.00,0.00,0.00,0.00,0.00,0.00,-0.00,0.00,0.00,0.00,0.00,0.00,-0.00,0.00,0.00,0
1.65915,9,-41,192,0,DRIVE [ 27 ] [ 1 ] [ 1877 1779 1468 ] [    0    0    0 ] [      0      0      0 ] [ 0 ],drive [ 26 ] [ 1 ] [ 1872 1779 1450 ] [   13   29   44 ] [   8821  14597  17615 ] [ 0 ],0.80,0.80,0.80,0.80,7.00,-32.72,0.00,0.00,0.00,0.00,0.00,0.00,-0.00,0.00,0.00,0.00,0.00,0.00,-0.00,0.00,0.00,0
1.67051,8,-39,190,0,DRIVE [ 27 ] [ 1 ] [ 1881 1779 1487 ] [    0    0    0 ] [      0      0      0 ] [ 0 ],drive [ 27 ] [ 1 ] [ 1877 1779 1468 ] [   13   29   44 ] [   8821  14597  17615 ] [ 0 ],0.80,0.80,0.80,0.80,6.32,-30.92,0.00,0.00,0.00,0.00,0.00,0.00,-0.00,0.00,0.00,0.00,0.00,0.00,-0.00,0.00,0.00,0
1.68121,7,-36,187,0,DRIVE [ 28 ] [ 1 ] [ 1886 1779 1507 ] [    0    0    0 ] [      0      0      0 ] [ 0 ],drive [ 27 ] [ 1 ] [ 1881 1779 1487 ] [   13   29   44 ] [   8590  14598  17615 ] [ 0 ],0.80,0.80,0.80,0.80,5.55,-29.01,0.00,0.00,0.00,0.00,0.00,0.00,-0.00,0.00,0.00,0.00,0.00,0.00,-0.00,0.00,0.00,0
1.69238,6,-34,185,0,DRIVE [ 28 ] [ 1 ] [ 1892 1779 1527 ] [    0    0    0 ] [      0      0      0 ] [ 0 ],drive [ 28 ] [ 1 ] [ 1886 1779 1507 ] [   16   29   37 ] [   8590  14598  17615 ] [ 0 ],0.80,0.80,0.80,0.80,4.67,-27.10,0.00,0.00,0.00,0.00,0.00,0.00,-0.00,0.00,0.00,0.00,0.00,0.00,-0.00,0.00,0.00,0
1.70356,5,-31,183,0,DRIVE [ 29 ] [ 1 ] [ 1899 1779 1549 ] [    0    0    0 ] [      0      0      0 ] [ 0 ],drive [ 28 ] [ 1 ] [ 1892 1779 1527 ] [   16   29   37 ] [   8590  14598  17615 ] [ 0 ],0.80,0.80,0.80,0.80,3.69,-25.03,0.00,0.00,0.00,0.00,0.00,0.00,-0.00,0.00,0.00,0.00,0.00,0.00,-0.00,0.00,0.00,0
1.71423,3,-29,181,0,DRIVE [ 29 ] [ 1 ] [ 1906 1779 1573 ] [    0    0    0 ] [      0      0      0 ] [ 0 ],drive [ 29 ] [ 1 ] [ 1899 1779 1549 ] [   16   29   37 ] [   8590  14598  17615 ] [ 0 ],0.80,0.80,0.80,0.80,2.66,-22.97,0.00,0.00,0.00,0.00,0.00,0.00,-0.00,0.00,0.00,0.00,0.00,0.00,-0.00,0.00,0.00,0
1.72547,2,-26,179,0,DRIVE [ 30 ] [ 1 ] [ 1914 1779 1596 ] [    0    0    0 ] [      0      0      0 ] [ 0 ],drive [ 29 ] [ 1 ] [ 1906 1779 1573 ] [   16   29   37 ] [   8456  14600  17613 ] [ 0 ],0.80,0.80,0.80,0.80,1.61,-20.90,0.00,0.00,0.00,0.00,0.00,0.00,-0.00,0.00,0.00,0.00,0.00,0.00,-0.00,0.00,0.00,0
1.73646,1,-23,177,0,DRIVE [ 30 ] [ 1 ] [ 1921 1779 1620 ] [    0    0    0 ] [      0      0      0 ] [ 0 ],drive [ 30 ] [ 1 ] [ 1914 1779 1596 ] [   16   29   37 ] [   8456  14600  17613 ] [ 0 ],0.80,0.80,0.80,0.80,0.64,-18.77,0.00,0.00,0.00,0.00,0.00,0.00,-0.00,0.00,0.00,0.00,0.00,0.00,-0.00,0.00,0.00,0
1.74701,0,-21,174,0,DRIVE [ 31 ] [ 1 ] [ 1921 1924 1646 ] [    0    0    0 ] [      0      0      0 ] [ 0 ],drive [ 30 ] [ 1 ] [ 1921 1779 1620 ] [    6   27   28 ] [   8456  14600  17613 ] [ 0 ],0.80,0.80,0.80,0.80,-0.19,-16.74,0.00,0.00,0.00,0.00,0.00,0.00,-0.00,0.00,0.00,0.00,0.00,0.00,0.00,0.00,0.00,0
1.75824,-1,-18,172,0,DRIVE [ 31 ] [ 1 ] [ 1921 1919 1682 ] [    0    0    0 ] [      0      0      0 ] [ 1 ],drive [ 31 ] [ 1 ] [ 1921 1924 1646 ] [    6   27   28 ] [   8456  14600  17613 ] [ 0 ],0.80,0.80,0.80,0.80,-0.91,-14.71,0.00,0.00,0.00,0.00,0.00,0.00,-0.00,0.00,0.00,0.00,0.00,0.00,0.00,0.00,0.00,0
1.76964,-2,-16,170,0,DRIVE [ 32 ] [ 1 ] [ 1921 1914 1718 ] [    0    0    0 ] [      0      0      0 ] [ 1 ],drive [ 31 ] [ 1 ] [ 1921 1919 1682 ] [    6   27   28 ] [   8456  14600  17613 ] [ 1 ],0.80,0.80,0.80,0.80,-1.49,-12.66,0.00,0.00,0.00,0.00,0.00,0.00,-0.00,0.00,0.00,0.00,0.00,0.00,0.00,0.00,0.00,0
1.78134,-2,-13,167,0,DRIVE [ 32 ] [ 1 ] [ 1921 1910 1751 ] [    0    0    0 ] [      0      0      0 ] [ 1 ],drive [ 32 ] [ 1 ] [ 1921 1914 1718 ] [    6   27   28 ] [   8153  14586  17608 ] [ 1 ],0.80,0.80,0.80,0.80,-1.92,-10.68,0.00,0.00,0.00,0.00,0.00,0.00,-0.00,0.00,0.00,0.00,0.00,0.00,0.00,0.00,0.00,0
1.79279,-3,-11,166,0,DRIVE [ 33 ] [ 1 ] [ 1921 1908 1783 ] [    0    0    0 ] [      0      0      0 ] [ 1 ],drive [ 32 ] [ 1 ] [ 1921 1910 1751 ] [    0   21   15 ] [   8153  14586  17608 ] [ 1 ],0.80,0.80,0.80,0.80,-2.17,-8.81,0.00,0.00,0.00,0.00,0.00,0.00,-0.00,0.00,0.00,0.00,0.00,0.00,0.00,0.00,0.00,0
1.804,-3,-9,164,0,DRIVE [ 33 ] [ 1 ] [ 1921 1906 1815 ] [    0    0    0 ] [      0      0      0 ] [ 1 ],drive [ 33 ] [ 1 ] [ 1921 1908 1783 ] [    0   21   15 ] [   8153  14586  17608 ] [ 1 ],0.80,0.80,0.80,0.80,-2.35,-6.89,0.00,0.00,0.00,0.00,0.00,0.00,-0.00,0.00,0.00,0.00,0.00,0.00,0.00,0.00,0.00,0
1.81497,-3,-6,162,0,DRIVE [ 34 ] [ 1 ] [ 1921 1904 1847 ] [    0    0    0 ] [      0      0      0 ] [ 1 ],drive [ 33 ] [ 1 ] [ 1921 1906 1815 ] [    0   21   15 ] [   8153  14586  17608 ] [ 1 ],0.80,0.80,0.80,0.80,-2.51,-4.95,0.00,0.00,0.00,0.00,0.00,0.00,-0.00,0.00,0.00,0.00,0.00,0.00,0.00,0.00,0.00,0
1.82612,-3,-4,160,0,DRIVE [ 34 ] [ 1 ] [ 1921 1902 1875 ] [    0    0    0 ] [      0      0      0 ] [ 1 ],drive [ 34 ] [ 1 ] [ 1921 1904 1847 ] [    0   21   15 ] [   7863  14418  17580 ] [ 1 ],0.80,0.80,0.80,0.80,-2.61,-3.12,0.00,0.00,0.00,0.00,0.00,0.00,-0.00,0.00,0.00,0.00,0.00,0.00,0.00,0.00,0.00,0
1.83739,-3,-2,158,0,DRIVE [ 35 ] [ 1 ] [ 1921 1899 1898 ] [    0    0    0 ] [      0      0      0 ] [ 1 ],drive [ 34 ] [ 1 ] [ 1921 1902 1875 ] [    0   21   15 ] [   7863  14418  17580 ] [ 1 ],0.80,0.80,0.80,0.80,-2.59,-1.36,0.00,0.00,0.00,0.00,0.00,0.00,-0.00,0.00,0.00,0.00,0.00,0.00,0.00,0.00,0.00,0
1.84822,-3,0,155,0,DRIVE [ 35 ] [ 1 ] [ 1921 1889 1915 ] [    0    0    0 ] [      0      0      0 ] [ 1 ],drive [ 35 ] [ 1 ] [ 1921 1899 1898 ] [   22    2   22 ] [   7863  14418  17580 ] [ 1 ],0.80,0.80,0.80,0.80,-2.50,0.32,0.00,0.00,0.00,0.00,0.00,0.00,-0.00,0.00,0.00,0.00,0.00,0.00,0.00,0.00,0.00,0
1.85954,-3,3,153,0,DRIVE [ 36 ] [ 1 ] [ 1922 1870 1915 ] [    0    0    0 ] [      0      0      0 ] [ 1 ],drive [ 35 ] [ 1 ] [ 1921 1889 1915 ] [   22    2   22 ] [   7863  14418  17580 ] [ 1 ],0.80,0.80,0.80,0.80,-2.30,2.03,0.00,0.00,0.00,0.00,0.00,0.00,-0.00,0.00,0.00,0.00,0.00,0.00,0.00,0.00,0.00,0
1.87084,-2,5,151,0,DRIVE [ 36 ] [ 1 ] [ 1906 1864 1915 ] [    0    0    0 ] [      0      0      0 ] [ 1 ],drive [ 36 ] [ 1 ] [ 1922 1870 1915 ] [   22    2   22 ] [   7863  14418  17580 ] [ 1 ],0.80,0.80,0.80,0.80,-2.00,3.71,0.00,0.00,0.00,0.00,0.00,0.00,-0.00,0.00,0.00,0.00,0.00,0.00,0.00,0.00,0.00,0
1.88147,-2,7,149,0,DRIVE [ 37 ] [ 1 ] [ 1889 1854 1915 ] [    0    0    0 ] [      0      0      0 ] [ 1 ],drive [ 36 ] [ 1 ] [ 1906 1864 1915 ] [   22    2   22 ] [   7691  14419  17413 ] [ 1 ],0.80,0.80,0.80,0.80,-1.67,5.25,0.00,0.00,0.00,0.00,0.00,0.00,-0.00,0.00,0.00,0.00,0.00,0.00,0.00,0.00,0.00,0
1.89259,-2,8,147,0,DRIVE [ 37 ] [ 1 ] [ 1873 1844 1915 ] [    0    0    0 ] [      0      0      0 ] [ 1 ],drive [ 37 ] [ 1 ] [ 1889 1854 1915 ] [   13    6    4 ] [   7691  14419  17413 ] [ 1 ],0.80,0.80,0.80,0.80,-1.40,6.58,0.00,0.00,0.00,0.00,0.00,0.00,-0.00,0.00,0.00,0.00,0.00,0.00,0.00,0.00,0.00,0
1.90383,-1,10,145,0,DRIVE [ 38 ] [ 1 ] [ 1860 1834 1915 ] [    0    0    0 ] [      0      0      0 ] [ 1 ],drive [ 37 ] [ 1 ] [ 1873 1844 1915 ] [   13    6    4 ] [   7691  14419  17413 ] [ 1 ],0.80,0.80,0.80,0.80,-1.18,7.69,0.00,0.00,0.00,0.00,0.00,0.00,-0.00,0.00,0.00,0.00,0.00,0.00,0.00,0.00,0.00,0
1.91436,-1,11,143,0,DRIVE [ 38 ] [ 1 ] [ 1847 1825 1915 ] [    0    0    0 ] [      0      0      0 ] [ 1 ],drive [ 38 ] [ 1 ] [ 1860 1834 1915 ] [   13    6    4 ] [   7691  14419  17413 ] [ 1 ],0.80,0.80,0.80,0.80,-1.05,8.70,0.00,0.00,0.00,0.00,0.00,0.00,-0.00,0.00,0.00,0.00,0.00,0.00,0.00,0.00,0.00,0
1.92561,-1,12,141,0,DRIVE [ 39 ] [ 1 ] [ 1836 1812 1915 ] [    0    0    0 ] [      0      0      0 ] [ 1 ],drive [ 38 ] [ 1 ] [ 1847 1825 1915 ] [   13    6    4 ] [   7682  14424  17150 ] [ 1 ],0.80,0.80,0.80,0.80,-1.09,9.67,0.00,0.00,0.00,0.00,0.00,0.00,-0.00,0.00,0.00,0.00,0.00,0.00,0.00,0.00,0.00,0
1.9365,-2,14,139,0,DRIVE [ 39 ] [ 1 ] [ 1825 1796 1915 ] [    0    0    0 ] [      0      0      0 ] [ 1 ],drive [ 39 ] [ 1 ] [ 1836 1812 1915 ] [   13    6    4 ] [   7682  14424  17150 ] [ 1 ],0.80,0.80,0.80,0.80,-1.31,10.82,0.00,0.00,0.00,0.00,0.00,0.00,-0.00,0.00,0.00,0.00,0.00,0.00,0.00,0.00,0.00,0
1.94681,-2,15,137,0,DRIVE [ 40 ] [ 1 ] [ 1813 1776 1915 ] [    0    0    0 ] [      0      0      0 ] [ 1 ],drive [ 39 ] [ 1 ] [ 1825 1796 1915 ] [   17   12    8 ] [   7682  14424  17150 ] [ 1 ],0.80,0.80,0.80,0.80,-1.64,12.17,0.00,0.00,0.00,0.00,0.00,0.00,-0.00,0.00,0.00,0.00,0.00,0.00,0.00,0.00,0.00,0
1.95786,-3,17,135,0,DRIVE [ 40 ] [ 1 ] [ 1800 1753 1915 ] [    0    0    0 ] [      0      0      0 ] [ 1 ],drive [ 40 ] [ 1 ] [ 1813 1776 1915 ] [   17   12    8 ] [   7682  14424  17150 ] [ 1 ],0.80,0.80,0.80,0.80,-2.07,13.61,0.00,0.00,0.00,0.00,0.00,0.00,-0.00,0.00,0.00,0.00,0.00,0.00,0.00,0.00,0.00,0
1.96984,-3,19,133,0,DRIVE [ 41 ] [ 1 ] [ 1786 1728 1915 ] [    0    0    0 ] [      0      0      0 ] [ 1 ],drive [ 40 ] [ 1 ] [ 1800 1753 1915 ] [   17   12    8 ] [   7682  14424  17150 ] [ 1 ],0.80,0.80,0.80,0.80,-2.55,15.18,0.00,0.00,0.00,0.00,0.00,0.00,-0.00,0.00,0.00,0.00,0.00,0.00,0.00,0.00,0.00,0
1.98052,-4,21,131,0,DRIVE [ 41 ] [ 1 ] [ 1772 1703 1915 ] [    0    0    0 ] [      0      0      0 ] [ 0 ],drive [ 41 ] [ 1 ] [ 1786 1728 1915 ] [   17   12    8 ] [   7690  14465  17109 ] [ 1 ],0.80,0.80,0.80,0.80,-2.97,16.72,0.00,0.00,0.00,0.00,0.00,0.00,-0.00,0.00,0.00,0.00,0.00,0.00,0.00,0.00,0.00,0
1.99184,-4,23,130,0,DRIVE [ 42 ] [ 1 ] [ 1757 1678 1915 ] [    0    0    0 ] [      0      0      0 ] [ 0 ],drive [ 41 ] [ 1 ] [ 1772 1703 1915 ] [   17   27   15 ] [   7690  14465  17109 ] [ 0 ],0.80,0.80,0.80,0.80,-3.38,18.24,0.00,0.00,0.00,0.00,0.00,0.00,-0.00,0.00,0.00,0.00,0.00,0.00,0.00,0.00,0.00,0
2.00268,-5,25,128,0,DRIVE [ 42 ] [ 1 ] [ 1743 1653 1915 ] [    0    0    0 ] [      0      0      0 ] [ 0 ],drive [ 42 ] [ 1 ] [ 1757 1678 1915 ] [   17   27   15 ] [   7690  14465  17109 ] [ 0 ],0.80,0.80,0.80,0.80,-3.79,19.66,0.00,0.00,0.00,0.00,0.00,0.00,-0.00,0.00,0.00,0.00,0.00,0.00,0.00,0.00,0.00,0
2.01332,-5,26,126,0,DRIVE [ 43 ] [ 1 ] [ 1730 1628 1915 ] [    0    0    0 ] [      0      0      0 ] [ 0 ],drive [ 42 ] [ 1 ] [ 1743 1653 1915 ] [   17   27   15 ] [   7690  14465  17109 ] [ 0 ],0.80,0.80,0.80,0.80,-4.22,21.03,0.00,0.00,0.00,0.00,0.00,0.00,-0.00,0.00,0.00,0.00,0.00,0.00,0.00,0.00,0.00,0
2.02442,-6,28,124,0,DRIVE [ 43 ] [ 1 ] [ 1718 1603 1915 ] [    0    0    0 ] [      0      0      0 ] [ 0 ],drive [ 43 ] [ 1 ] [ 1730 1628 1915 ] [   17   27   15 ] [   7690  14465  17109 ] [ 0 ],0.80,0.80,0.80,0.80,-4.68,22.21,0.00,0.00,0.00,0.00,0.00,0.00,-0.00,0.00,0.00,0.00,0.00,0.00,0.00,0.00,0.00,0
2.03507,-6,29,122,0,DRIVE [ 44 ] [ 1 ] [ 1708 1579 1915 ] [    0    0    0 ] [      0      0      0 ] [ 0 ],drive [ 43 ] [ 1 ] [ 1718 1603 1915 ] [   17   27   15 ] [   7708  14570  17103 ] [ 0 ],0.80,0.80,0.80,0.80,-5.16,23.24,0.00,0.00,0.00,0.00,0.00,0.00,-0.00,0.00,0.00,0.00,0.00,0.00,0.00,0.00,0.00,0
2.04645,-7,30,121,0,DRIVE [ 44 ] [ 1 ] [ 1700 1556 1915 ] [    0    0    0 ] [      0      0      0 ] [ 0 ],drive [ 44 ] [ 1 ] [ 1708 1579 1915 ] [   21   41   22 ] [   7708  14570  17103 ] [ 0 ],0.80,0.80,0.80,0.80,-5.69,24.16,0.00,0.00,0.00,0.00,0.00,0.00,-0.00,0.00,0.00,0.00,0.00,0.00,0.00,0.00,0.00,0
2.05774,-8,31,119,0,DRIVE [ 45 ] [ 1 ] [ 1694 1534 1915 ] [    0    0    0 ] [      0      0      0 ] [ 0 ],drive [ 44 ] [ 1 ] [ 1700 1556 1915 ] [   21   41   22 ] [   7708  14570  17103 ] [ 0 ],0.80,0.80,0.80,0.80,-6.25,24.94,0.00,0.00,0.00,0.00,0.00,0.00,-0.00,0.00,0.00,0.00,0.00,0.00,0.00,0.00,0.00,0
2.06883,-8,32,118,0,DRIVE [ 45 ] [ 1 ] [ 1690 1517 1915 ] [    0    0    0 ] [      0      0      0 ] [ 0 ],drive [ 45 ] [ 1 ] [ 1694 1534 1915 ] [   21   41   22 ] [   7708  14570  17103 ] [ 0 ],0.80,0.80,0.80,0.80,-6.70,25.51,0.00,0.00,0.00,0.00,0.00,0.00,-0.00,0.00,0.00,0.00,0.00,0.00,0.00,0.00,0.00,0
2.07937,-9,32,116,0,DRIVE [ 46 ] [ 1 ] [ 1685 1502 1915 ] [    0    0    0 ] [      0      0      0 ] [ 0 ],drive [ 45 ] [ 1 ] [ 1690 1517 1915 ] [   21   41   22 ] [   7725  14906  17028 ] [ 0 ],0.80,0.80,0.80,0.80,-7.00,25.91,0.00,0.00,0.00,0.00,0.00,0.00,-0.00,0.00,0.00,0.00,0.00,0.00,0.00,0.00,0.00,0
2.09057,-9,33,115,0,DRIVE [ 46 ] [ 1 ] [ 1682 1492 1915 ] [    0    0    0 ] [      0      0      0 ] [ 0 ],drive [ 46 ] [ 1 ] [ 1685 1502 1915 ] [   27   49   21 ] [   7725  14906  17028 ] [ 0 ],0.80,0.80,0.80,0.80,-7.24,26.19,0.00,0.00,0.00,0.00,0.00,-0.00,-0.00,0.00,0.00,0.00,0.00,0.00,0.00,0.00,0.00,0
2.1009,-9,33,115,0,DRIVE [ 47 ] [ 1 ] [ 1681 1486 1915 ] [    0    0    0 ] [      0      0      0 ] [ 0 ],drive [ 46 ] [ 1 ] [ 1682 1492 1915 ] [   27   49   21 ] [   7725  14906  17028 ] [ 0 ],0.80,0.80,0.80,0.80,-7.31,26.22,0.00,0.00,0.00,0.00,0.00,-0.00,-0.00,0.00,0.00,0.00,0.00,0.00,0.00,0.00,0.00,0
2.11216,-9,33,114,0,DRIVE [ 47 ] [ 1 ] [ 1680 1486 1915 ] [    0    0    0 ] [      0      0      0 ] [ 0 ],drive [ 47 ] [ 1 ] [ 1681 1486 1915 ] [   27   49   21 ] [   7725  14906  17028 ] [ 0 ],0.80,0.80,0.80,0.80,-7.25,26.03,0.00,0.00,0.00,0.00,0.00,-0.00,-0.00,0.00,0.00,0.00,0.00,0.00,0.00,0.00,0.00,0
2.12297,-9,32,113,0,DRIVE [ 48 ] [ 1 ] [ 1681 1489 1915 ] [    0    0    0 ] [      0      0      0 ] [ 0 ],drive [ 47 ] [ 1 ] [ 1680 1486 1915 ] [   27   49   21 ] [   7725  14906  17028 ] [ 0 ],0.80,0.80,0.80,0.80,-7.13,25.73,0.00,0.00,0.00,0.00,0.00,-0.00,0.00,0.00,0.00,0.00,0.00,0.00,0.00,0.00,0.00,0
2.13434,-9,32,112,0,DRIVE [ 48 ] [ 1 ] [ 1684 1491 1915 ] [    0    0    0 ] [      0      0      0 ] [ 0 ],drive [ 48 ] [ 1 ] [ 1681 1489 1915 ] [   27   49   21 ] [   7740  15272  16918 ] [ 0 ],0.80,0.80,0.80,0.80,-7.09,25.37,0.00,0.00,0.00,0.00,0.00,-0.00,0.00,0.00,0.00,0.00,0.00,0.00,0.00,0.00,0.00,0
2.14452,-9,31,111,0,DRIVE [ 49 ] [ 1 ] [ 1689 1494 1915 ] [    0    0    0 ] [      0      0      0 ] [ 0 ],drive [ 48 ] [ 1 ] [ 1684 1491 1915 ] [   50   44   16 ] [   7740  15272  16918 ] [ 0 ],0.80,0.80,0.80,0.80,-7.11,24.80,0.00,0.00,0.00,0.00,0.00,-0.00,0.00,0.00,0.00,0.00,0.00,0.00,0.00,0.00,0.00,0
2.15594,-9,30,110,0,DRIVE [ 49 ] [ 1 ] [ 1698 1493 1915 ] [    0    0    0 ] [      0      0      0 ] [ 0 ],drive [ 49 ] [ 1 ] [ 1689 1494 1915 ] [   50   44   16 ] [   7740  15272  16918 ] [ 0 ],0.80,0.80,0.80,0.80,-7.39,24.19,0.00,0.00,0.00,0.00,0.00,-0.00,0.00,0.00,0.00,0.00,0.00,0.00,0.00,0.00,0.00,0
2.16657,-10,29,110,0,DRIVE [ 50 ] [ 1 ] [ 1710 1490 1915 ] [    0    0    0 ] [      0      0      0 ] [ 0 ],drive [ 49 ] [ 1 ] [ 1698 1493 1915 ] [   50   44   16 ] [   7740  15272  16918 ] [ 0 ],0.80,0.80,0.80,0.80,-7.88,23.51,0.00,0.00,0.00,0.00,0.00,-0.00,0.00,0.00,0.00,0.00,0.00,0.00,0.00,0.00,0.00,0
2.17769,-11,28,109,0,DRIVE [ 50 ] [ 1 ] [ 1725 1484 1915 ] [    0    0    0 ] [      0      0      0 ] [ 0 ],drive [ 50 ] [ 1 ] [ 1710 1490 1915 ] [   50   44   16 ] [   7856  15329  16859 ] [ 0 ],0.80,0.80,0.80,0.80,-8.52,22.74,0.00,0.00,0.00,0.00,0.00,-0.00,0.00,0.00,0.00,0.00,0.00,0.00,0.00,0.00,0.00,0
2.18792,-12,27,108,0,DRIVE [ 51 ] [ 1 ] [ 1740 1475 1915 ] [    0    0    0 ] [      0      0      0 ] [ 0 ],drive [ 50 ] [ 1 ] [ 1725 1484 1915 ] [   50   44   16 ] [   7856  15329  16859 ] [ 0 ],0.80,0.80,0.80,0.80,-9.29,21.99,0.00,0.00,0.00,0.00,0.00,-0.00,0.00,0.00,0.00,0.00,0.00,0.00,0.00,0.00,0.00,0
2.19824,-13,26,107,0,DRIVE [ 51 ] [ 1 ] [ 1757 1463 1915 ] [    0    0    0 ] [      0      0      0 ] [ 0 ],drive [ 51 ] [ 1 ] [ 1740 1475 1915 ] [   28   42   25 ] [   7856  15329  16859 ] [ 0 ],0.80,0.80,0.80,0.80,-10.15,21.20,0.00,0.00,0.00,0.00,0.00,-0.00,0.00,0.00,0.00,0.00,0.00,0.00,0.00,0.00,0.00,0
2.20995,-14,26,107,0,DRIVE [ 52 ] [ 1 ] [ 1773 1452 1915 ] [    0    0    0 ] [      0      0      0 ] [ 0 ],drive [ 51 ] [ 1 ] [ 1757 1463 1915 ] [   28   42   25 ] [   7856  15329  16859 ] [ 0 ],0.80,0.80,0.80,0.80,-10.95,20.40,0.00,0.00,0.00,0.00,0.00,-0.00,0.00,0.00,0.00,0.00,0.00,0.00,0.00,0.00,0.00,0
2.22066,-15,25,106,0,DRIVE [ 52 ] [ 1 ] [ 1788 1442 1915 ] [    0    0    0 ] [      0      0      0 ] [ 0 ],drive [ 52 ] [ 1 ] [ 1773 1452 1915 ] [   28   42   25 ] [   7856  15329  16859 ] [ 0 ],0.80,0.80,0.80,0.80,-11.61,19.61,0.00,0.00,0.00,0.00,0.00,-0.00,0.00,0.00,0.00,0.00,0.00,0.00,0.00,0.00,0.00,0
2.23144,-15,24,105,0,DRIVE [ 53 ] [ 1 ] [ 1801 1435 1915 ] [    0    0    0 ] [      0      0      0 ] [ 0 ],drive [ 52 ] [ 1 ] [ 1788 1442 1915 ] [   28   42   25 ] [   7849  15418  16846 ] [ 0 ],0.80,0.80,0.80,0.80,-12.11,18.85,0.00,0.00,0.00,0.00,0.00,-0.00,0.00,0.00,0.00,0.00,0.00,0.00,0.00,0.00,0.00,0
2.24218,-15,23,105,0,DRIVE [ 53 ] [ 1 ] [ 1812 1435 1915 ] [    0    0    0 ] [      0      0      0 ] [ 0 ],drive [ 53 ] [ 1 ] [ 1801 1435 1915 ] [   21   43   19 ] [   7849  15418  16846 ] [ 0 ],0.80,0.80,0.80,0.80,-12.33,18.06,0.00,0.00,0.00,0.00,0.00,-0.00,0.00,0.00,0.00,0.00,0.00,0.00,0.00,0.00,0.00,0
2.25364,-15,22,104,0,DRIVE [ 54 ] [ 1 ] [ 1822 1440 1915 ] [    0    0    0 ] [      0      0      0 ] [ 0 ],drive [ 53 ] [ 1 ] [ 1812 1435 1915 ] [   21   43   19 ] [   7849  15418  16846 ] [ 0 ],0.80,0.80,0.80,0.80,-12.33,17.23,0.00,0.00,0.00,0.00,0.00,-0.00,0.00,0.00,0.00,0.00,0.00,0.00,0.00,0.00,0.00,0
2.26545,-15,20,103,0,DRIVE [ 54 ] [ 1 ] [ 1830 1448 1915 ] [    0    0    0 ] [      0      0      0 ] [ 0 ],drive [ 54 ] [ 1 ] [ 1822 1440 1915 ] [   21   43   19 ] [   7849  15418  16846 ] [ 0 ],0.80,0.80,0.80,0.80,-12.21,16.39,0.00,0.00,0.00,0.00,0.00,-0.00,0.00,0.00,0.00,0.00,0.00,0.00,0.00,0.00,0.00,0
2.27628,-15,19,103,0,DRIVE [ 55 ] [ 1 ] [ 1841 1457 1915 ] [    0    0    0 ] [      0      0      0 ] [ 0 ],drive [ 54 ] [ 1 ] [ 1830 1448 1915 ] [   21   43   19 ] [   7829  15672  16800 ] [ 0 ],0.80,0.80,0.80,0.80,-12.11,15.46,0.00,0.00,0.00,0.00,0.00,-0.00,0.00,0.00,0.00,0.00,0.00,0.00,0.00,0.00,0.00,0
2.28619,-15,18,102,0,DRIVE [ 55 ] [ 1 ] [ 1851 1467 1915 ] [    0    0    0 ] [      0      0      0 ] [ 0 ],drive [ 55 ] [ 1 ] [ 1841 1457 1915 ] [   21   43   19 ] [   7829  15672  16800 ] [ 0 ],0.80,0.80,0.80,0.80,-11.95,14.42,0.00,0.00,0.00,0.00,0.00,-0.00,0.00,0.00,0.00,0.00,0.00,0.00,0.00,0.00,0.00,0
2.29782,-15,17,101,0,DRIVE [ 56 ] [ 1 ] [ 1864 1477 1915 ] [    0    0    0 ] [      0      0      0 ] [ 0 ],drive [ 55 ] [ 1 ] [ 1851 1467 1915 ] [    6   41   10 ] [   7829  15672  16800 ] [ 0 ],0.80,0.80,0.80,0.80,-11.86,13.29,0.00,0.00,0.00,0.00,0.00,-0.00,0.00,0.00,0.00,0.00,0.00,0.00,0.00,0.00,0.00,0
2.31003,-15,15,101,0,DRIVE [ 56 ] [ 1 ] [ 1878 1487 1915 ] [    0    0    0 ] [      0      0      0 ] [ 0 ],drive [ 56 ] [ 1 ] [ 1864 1477 1915 ] [    6   41   10 ] [   7829  15672  16800 ] [ 0 ],0.80,0.80,0.80,0.80,-11.77,12.12,0.00,0.00,0.00,0.00,0.00,-0.00,0.00,0.00,0.00,0.00,0.00,0.00,0.00,0.00,0.00,0
2.32159,-14,14,100,0,DRIVE [ 57 ] [ 1 ] [ 1892 1498 1915 ] [    0    0    0 ] [      0      0      0 ] [ 1 ],drive [ 56 ] [ 1 ] [ 1878 1487 1915 ] [    6   41   10 ] [   7829  15672  16800 ] [ 0 ],0.80,0.80,0.80,0.80,-11.59,10.87,0.00,0.00,0.00,0.00,0.00,-0.00,0.00,0.00,0.00,0.00,0.00,0.00,0.00,0.00,0.00,0
2.33376,-14,12,99,0,DRIVE [ 57 ] [ 1 ] [ 1903 1508 1915 ] [    0    0    0 ] [      0      0      0 ] [ 1 ],drive [ 57 ] [ 1 ] [ 1892 1498 1915 ] [    6   41   10 ] [   7826  15675  16623 ] [ 1 ],0.80,0.80,0.80,0.80,-11.39,9.77,0.00,0.00,0.00,0.00,0.00,-0.00,0.00,0.00,0.00,0.00,0.00,0.00,0.00,-0.00,0.00,0
2.34445,-14,11,99,0,DRIVE [ 58 ] [ 1 ] [ 1914 1520 1915 ] [    0    0    0 ] [      0      0      0 ] [ 1 ],drive [ 57 ] [ 1 ] [ 1903 1508 1915 ] [    3   38   19 ] [   7826  15675  16623 ] [ 1 ],0.80,0.80,0.80,0.80,-11.12,8.73,0.00,0.00,0.00,0.00,0.00,-0.00,0.00,0.00,0.00,0.00,0.00,0.00,0.00,-0.00,0.00,0
2.35552,-13,10,98,0,DRIVE [ 58 ] [ 1 ] [ 1923 1535 1915 ] [    0    0    0 ] [      0      0      0 ] [ 1 ],drive [ 58 ] [ 1 ] [ 1914 1520 1915 ] [    3   38   19 ] [   7826  15675  16623 ] [ 1 ],0.80,0.80,0.80,0.80,-10.70,7.71,0.00,0.00,0.00,0.00,0.00,-0.00,0.00,0.00,0.00,0.00,0.00,0.00,0.00,-0.00,0.00,0
2.36555,-13,8,97,0,DRIVE [ 59 ] [ 1 ] [ 1923 1564 1922 ] [    0    0    0 ] [      0      0      0 ] [ 1 ],drive [ 58 ] [ 1 ] [ 1923 1535 1915 ] [    3   38   19 ] [   7826  15675  16623 ] [ 1 ],0.80,0.80,0.80,0.80,-10.11,6.73,0.00,0.00,0.00,0.00,0.00,-0.00,0.00,0.00,0.00,0.00,0.00,0.00,0.00,-0.00,0.00,0
2.37784,-12,7,96,0,DRIVE [ 59 ] [ 1 ] [ 1923 1599 1917 ] [    0    0    0 ] [      0      0      0 ] [ 1 ],drive [ 59 ] [ 1 ] [ 1923 1564 1922 ] [    3   38   19 ] [   7751  15720  16619 ] [ 1 ],0.80,0.80,0.80,0.80,-9.41,5.80,0.00,0.00,0.00,0.00,0.00,-0.00,0.00,0.00,0.00,0.00,0.00,0.00,0.00,-0.00,0.00,0
2.38961,-11,6,95,0,DRIVE [ 60 ] [ 1 ] [ 1923 1634 1912 ] [    0    0    0 ] [      0      0      0 ] [ 1 ],drive [ 59 ] [ 1 ] [ 1923 1599 1917 ] [    3   38   19 ] [   7751  15720  16619 ] [ 1 ],0.80,0.80,0.80,0.80,-8.63,4.90,0.00,0.00,0.00,0.00,0.00,-0.00,0.00,0.00,0.00,0.00,0.00,0.00,0.00,-0.00,0.00,0
2.40181,-10,5,94,0,DRIVE [ 60 ] [ 1 ] [ 1923 1671 1910 ] [    0    0    0 ] [      0      0      0 ] [ 1 ],drive [ 60 ] [ 1 ] [ 1923 1634 1912 ] [    2   54   20 ] [   7751  15720  16619 ] [ 1 ],0.80,0.80,0.80,0.80,-7.73,4.04,0.00,0.00,0.00,0.00,0.00,-0.00,0.00,0.00,0.00,0.00,0.00,0.00,0.00,-0.00,0.00,0
2.4115,-8,4,93,0,DRIVE [ 61 ] [ 1 ] [ 1923 1709 1908 ] [    0    0    0 ] [      0      0      0 ] [ 1 ],drive [ 60 ] [ 1 ] [ 1923 1671 1910 ] [    2   54   20 ] [   7751  15720  16619 ] [ 1 ],0.80,0.80,0.80,0.80,-6.78,3.22,0.00,0.00,0.00,0.00,0.00,-0.00,0.00,0.00,0.00,0.00,0.00,0.00,0.00,-0.00,0.00,0
2.42178,-7,3,92,0,DRIVE [ 61 ] [ 1 ] [ 1923 1746 1907 ] [    0    0    0 ] [      0      0      0 ] [ 1 ],drive [ 61 ] [ 1 ] [ 1923 1709 1908 ] [    2   54   20 ] [   7751  15720  16619 ] [ 1 ],0.80,0.80,0.80,0.80,-5.75,2.46,0.00,0.00,0.00,0.00,0.00,-0.00,0.00,0.00,0.00,0.00,0.00,0.00,0.00,-0.00,0.00,0
2.43319,-6,2,91,0,DRIVE [ 62 ] [ 1 ] [ 1923 1783 1906 ] [    0    0    0 ] [      0      0      0 ] [ 1 ],drive [ 61 ] [ 1 ] [ 1923 1746 1907 ] [    2   54   20 ] [   7632  15735  16620 ] [ 1 ],0.80,0.80,0.80,0.80,-4.75,1.74,0.00,0.00,0.00,0.00,0.00,-0.00,0.00,0.00,0.00,0.00,0.00,0.00,0.00,-0.00,0.00,0
2.44531,-5,1,90,0,DRIVE [ 62 ] [ 1 ] [ 1923 1821 1906 ] [    0    0    0 ] [      0      0      0 ] [ 1 ],drive [ 62 ] [ 1 ] [ 1923 1783 1906 ] [   21   41   21 ] [   7632  15735  16620 ] [ 1 ],0.80,0.80,0.80,0.80,-3.72,1.00,0.00,0.00,0.00,0.00,0.00,-0.00,0.00,0.00,0.00,0.00,0.00,0.00,0.00,-0.00,0.00,0
2.45729,-3,0,89,0,DRIVE [ 63 ] [ 1 ] [ 1923 1857 1905 ] [    0    0    0 ] [      0      0      0 ] [ 1 ],drive [ 62 ] [ 1 ] [ 1923 1821 1906 ] [   21   41   21 ] [   7632  15735  16620 ] [ 1 ],0.80,0.80,0.80,0.80,-2.70,0.32,0.00,0.00,0.00,0.00,0.00,-0.00,0.00,0.00,0.00,0.00,0.00,0.00,0.00,-0.00,0.00,0
2.46747,-2,0,88,0,DRIVE [ 63 ] [ 1 ] [ 1923 1890 1905 ] [    0    0    0 ] [      0      0      0 ] [ 1 ],drive [ 63 ] [ 1 ] [ 1923 1857 1905 ] [   21   41   21 ] [   7632  15735  16620 ] [ 1 ],0.80,0.80,0.80,0.80,-1.68,-0.31,0.00,0.00,0.00,0.00,0.00,-0.00,0.00,0.00,0.00,0.00,0.00,0.00,0.00,0.00,0.00,0
2.47696,-1,-1,87,0,DRIVE [ 64 ] [ 1 ] [ 1923 1915 1900 ] [    0    0    0 ] [      0      0      0 ] [ 1 ],drive [ 63 ] [ 1 ] [ 1923 1890 1905 ] [   21   41   21 ] [   7633  15693  16620 ] [ 1 ],0.80,0.80,0.80,0.80,-0.67,-0.88,0.00,0.00,0.00,0.00,0.00,-0.00,0.00,0.00,0.00,0.00,0.00,0.00,0.00,0.00,0.00,0
2.48894,0,-2,86,0,DRIVE [ 64 ] [ 1 ] [ 1920 1915 1884 ] [    0    0    0 ] [      0      0      0 ] [ 1 ],drive [ 64 ] [ 1 ] [ 1923 1915 1900 ] [   21   41   21 ] [   7633  15693  16620 ] [ 1 ],0.80,0.80,0.80,0.80,0.38,-1.35,0.00,0.00,0.00,0.00,0.00,-0.00,0.00,0.00,0.00,0.00,0.00,0.00,0.00,0.00,0.00,0
2.50118,2,-2,85,0,DRIVE [ 65 ] [ 1 ] [ 1902 1915 1871 ] [    0    0    0 ] [      0      0      0 ] [ 1 ],drive [ 64 ] [ 1 ] [ 1920 1915 1884 ] [   21   12   20 ] [   7633  15693  16620 ] [ 1 ],0.80,0.80,0.80,0.80,1.37,-1.78,0.00,0.00,0.00,0.00,0.00,-0.00,0.00,0.00,0.00,0.00,0.00,0.00,0.00,0.00,0.00,0
2.5131,3,-3,83,0,DRIVE [ 65 ] [ 1 ] [ 1886 1915 1858 ] [    0    0    0 ] [      0      0      0 ] [ 1 ],drive [ 65 ] [ 1 ] [ 1902 1915 1871 ] [   21   12   20 ] [   7633  15693  16620 ] [ 1 ],0.80,0.80,0.80,0.80,2.22,-2.12,0.00,0.00,0.00,0.00,0.00,-0.00,0.00,0.00,0.00,0.00,0.00,0.00,0.00,0.00,0.00,0
2.52513,4,-3,82,0,DRIVE [ 66 ] [ 1 ] [ 1872 1915 1846 ] [    0    0    0 ] [      0      0      0 ] [ 1 ],drive [ 65 ] [ 1 ] [ 1886 1915 1858 ] [   21   12   20 ] [   7633  15693  16620 ] [ 1 ],0.80,0.80,0.80,0.80,2.90,-2.40,0.00,0.00,0.00,0.00,0.00,-0.00,0.00,0.00,0.00,0.00,0.00,0.00,0.00,0.00,0.00,0
2.53484,4,-3,81,0,DRIVE [ 66 ] [ 1 ] [ 1860 1915 1834 ] [    0    0    0 ] [      0      0      0 ] [ 1 ],drive [ 66 ] [ 1 ] [ 1872 1915 1846 ] [   21   12   20 ] [   7632  15434  16621 ] [ 1 ],0.80,0.80,0.80,0.80,3.43,-2.64,0.00,0.00,0.00,0.00,0.00,-0.00,0.00,0.00,0.00,0.00,0.00,0.00,0.00,0.00,0.00,0
2.54474,5,-4,80,0,DRIVE [ 67 ] [ 1 ] [ 1850 1915 1825 ] [    0    0    0 ] [      0      0      0 ] [ 1 ],drive [ 66 ] [ 1 ] [ 1860 1915 1834 ] [   25   19   26 ] [   7632  15434  16621 ] [ 1 ],0.80,0.80,0.80,0.80,3.85,-2.84,0.00,0.00,0.00,0.00,0.00,-0.00,0.00,0.00,0.00,0.00,0.00,0.00,0.00,0.00,0.00,0
2.55702,5,-4,78,0,DRIVE [ 67 ] [ 1 ] [ 1839 1915 1816 ] [    0    0    0 ] [      0      0      0 ] [ 1 ],drive [ 67 ] [ 1 ] [ 1850 1915 1825 ] [   25   19   26 ] [   7632  15434  16621 ] [ 1 ],0.80,0.80,0.80,0.80,4.30,-3.02,0.00,0.00,0.00,0.00,0.00,-0.00,0.00,0.00,0.00,0.00,0.00,0.00,0.00,0.00,0.00,0
2.56874,6,-4,77,0,DRIVE [ 68 ] [ 1 ] [ 1827 1915 1805 ] [    0    0    0 ] [      0      0      0 ] [ 1 ],drive [ 67 ] [ 1 ] [ 1839 1915 1816 ] [   25   19   26 ] [   7632  15434  16621 ] [ 1 ],0.80,0.80,0.80,0.80,4.81,-3.21,0.00,0.00,0.00,0.00,0.00,-0.00,0.00,0.00,0.00,0.00,0.00,0.00,0.00,0.00,0.00,0
2.58109,7,-4,76,0,DRIVE [ 68 ] [ 1 ] [ 1812 1915 1795 ] [    0    0    0 ] [      0      0      0 ] [ 1 ],drive [ 68 ] [ 1 ] [ 1827 1915 1805 ] [   25   19   26 ] [   7636  15364  16625 ] [ 1 ],0.80,0.80,0.80,0.80,5.36,-3.34,0.00,0.00,0.00,0.00,0.00,-0.00,0.00,0.00,0.00,0.00,0.00,0.00,0.00,0.00,0.00,0
2.59305,7,-4,74,0,DRIVE [ 69 ] [ 1 ] [ 1797 1915 1785 ] [    0    0    0 ] [      0      0      0 ] [ 1 ],drive [ 68 ] [ 1 ] [ 1812 1915 1795 ] [   28   18   33 ] [   7636  15364  16625 ] [ 1 ],0.80,0.80,0.80,0.80,5.91,-3.45,0.00,0.00,0.00,0.00,0.00,-0.00,0.00,0.00,0.00,0.00,0.00,0.00,0.00,0.00,0.00,0
2.60267,8,-4,73,0,DRIVE [ 69 ] [ 1 ] [ 1782 1915 1775 ] [    0    0    0 ] [      0      0      0 ] [ 1 ],drive [ 69 ] [ 1 ] [ 1797 1915 1785 ] [   28   18   33 ] [   7636  15364  16625 ] [ 1 ],0.80,0.80,0.80,0.80,6.44,-3.58,0.00,0.00,0.00,0.00,0.00,-0.00,0.00,0.00,0.00,0.00,0.00,0.00,0.00,0.00,0.00,0
2.61262,9,-5,72,0,DRIVE [ 70 ] [ 1 ] [ 1769 1915 1766 ] [    0    0    0 ] [      0      0      0 ] [ 1 ],drive [ 69 ] [ 1 ] [ 1782 1915 1775 ] [   28   18   33 ] [   7636  15364  16625 ] [ 1 ],0.80,0.80,0.80,0.80,6.88,-3.67,0.00,0.00,0.00,0.00,0.00,-0.00,0.00,0.00,0.00,0.00,0.00,0.00,0.00,0.00,0.00,0
2.62506,9,-5,71,0,DRIVE [ 70 ] [ 1 ] [ 1755 1915 1756 ] [    0    0    0 ] [      0      0      0 ] [ 1 ],drive [ 70 ] [ 1 ] [ 1769 1915 1766 ] [   28   18   33 ] [   7636  15364  16625 ] [ 1 ],0.80,0.80,0.80,0.80,7.30,-3.78,0.00,0.00,0.00,0.00,0.00,-0.00,0.00,0.00,0.00,0.00,0.00,0.00,0.00,0.00,0.00,0
2.63709,10,-5,69,0,DRIVE [ 71 ] [ 1 ] [ 1743 1915 1747 ] [    0    0    0 ] [      0      0      0 ] [ 1 ],drive [ 70 ] [ 1 ] [ 1755 1915 1756 ] [   28   18   33 ] [   7640  15363  16630 ] [ 1 ],0.80,0.80,0.80,0.80,7.66,-3.88,0.00,0.00,0.00,0.00,0.00,-0.00,0.00,0.00,0.00,0.00,0.00,0.00,0.00,0.00,0.00,0
2.64886,10,-5,68,0,DRIVE [ 71 ] [ 1 ] [ 1733 1915 1739 ] [    0    0    0 ] [      0      0      0 ] [ 1 ],drive [ 71 ] [ 1 ] [ 1743 1915 1747 ] [   37   17   37 ] [   7640  15363  16630 ] [ 1 ],0.80,0.80,0.80,0.80,7.94,-3.95,0.00,0.00,0.00,0.00,0.00,-0.00,0.00,0.00,0.00,0.00,0.00,0.00,0.00,0.00,0.00,0
2.65871,10,-5,67,0,DRIVE [ 72 ] [ 1 ] [ 1724 1915 1731 ] [    0    0    0 ] [      0      0      0 ] [ 1 ],drive [ 71 ] [ 1 ] [ 1733 1915 1739 ] [   37   17   37 ] [   7640  15363  16630 ] [ 1 ],0.80,0.80,0.80,0.80,8.13,-4.03,0.00,0.00,0.00,0.00,0.00,-0.00,0.00,0.00,0.00,0.00,0.00,0.00,0.00,0.00,0.00,0
2.66919,10,-5,66,0,DRIVE [ 72 ] [ 1 ] [ 1718 1915 1725 ] [    0    0    0 ] [      0      0      0 ] [ 1 ],drive [ 72 ] [ 1 ] [ 1724 1915 1731 ] [   37   17   37 ] [   7640  15363  16630 ] [ 1 ],0.80,0.80,0.80,0.80,8.23,-4.09,0.00,0.00,0.00,0.00,0.00,-0.00,0.00,0.00,0.00,0.00,0.00,0.00,0.00,0.00,0.00,0
2.68069,10,-5,64,0,DRIVE [ 73 ] [ 1 ] [ 1716 1915 1720 ] [    0    0    0 ] [      0      0      0 ] [ 1 ],drive [ 72 ] [ 1 ] [ 1718 1915 1725 ] [   37   17   37 ] [   7703  15304  16652 ] [ 1 ],0.80,0.80,0.80,0.80,8.18,-4.16,0.00,0.00,0.00,0.00,0.00,-0.00,0.00,0.00,0.00,0.00,0.00,0.00,0.00,0.00,0.00,0
2.69331,10,-5,63,0,DRIVE [ 73 ] [ 1 ] [ 1719 1915 1718 ] [    0    0    0 ] [      0      0      0 ] [ 1 ],drive [ 73 ] [ 1 ] [ 1716 1915 1720 ] [   20    6   32 ] [   7703  15304  16652 ] [ 1 ],0.80,0.80,0.80,0.80,7.96,-4.19,0.00,0.00,0.00,0.00,0.00,-0.00,0.00,0.00,0.00,0.00,0.00,0.00,0.00,0.00,0.00,0
2.70492,10,-5,62,0,DRIVE [ 74 ] [ 1 ] [ 1725 1915 1717 ] [    0    0    0 ] [      0      0      0 ] [ 1 ],drive [ 73 ] [ 1 ] [ 1719 1915 1718 ] [   20    6   32 ] [   7703  15304  16652 ] [ 1 ],0.80,0.80,0.80,0.80,7.64,-4.18,0.00,0.00,0.00,0.00,0.00,-0.00,0.00,0.00,0.00,0.00,0.00,0.00,0.00,0.00,0.00,0
2.71662,9,-5,61,0,DRIVE [ 74 ] [ 1 ] [ 1732 1915 1719 ] [    0    0    0 ] [      0      0      0 ] [ 1 ],drive [ 74 ] [ 1 ] [ 1725 1915 1717 ] [   20    6   32 ] [   7703  15304  16652 ] [ 1 ],0.80,0.80,0.80,0.80,7.25,-4.12,0.00,0.00,0.00,0.00,0.00,-0.00,0.00,0.00,0.00,0.00,0.00,0.00,0.00,0.00,0.00,0
2.72654,9,-5,59,0,DRIVE [ 75 ] [ 1 ] [ 1740 1915 1721 ] [    0    0    0 ] [      0      0      0 ] [ 1 ],drive [ 74 ] [ 1 ] [ 1732 1915 1719 ] [   20    6   32 ] [   7705  15054  16666 ] [ 1 ],0.80,0.80,0.80,0.80,6.85,-4.05,0.00,0.00,0.00,0.00,0.00,-0.00,0.00,0.00,0.00,0.00,0.00,0.00,0.00,0.00,0.00,0
2.73689,8,-5,58,0,DRIVE [ 75 ] [ 1 ] [ 1748 1915 1723 ] [    0    0    0 ] [      0      0      0 ] [ 1 ],drive [ 75 ] [ 1 ] [ 1740 1915 1721 ] [   20    6   32 ] [   7705  15054  16666 ] [ 1 ],0.80,0.80,0.80,0.80,6.47,-3.99,0.00,0.00,0.00,0.00,0.00,-0.00,0.00,0.00,0.00,0.00,0.00,0.00,0.00,0.00,0.00,0
2.74894,8,-5,57,0,DRIVE [ 76 ] [ 1 ] [ 1756 1915 1725 ] [    0    0    0 ] [      0      0      0 ] [ 1 ],drive [ 75 ] [ 1 ] [ 1748 1915 1723 ] [   20   18   28 ] [   7705  15054  16666 ] [ 1 ],0.80,0.80,0.80,0.80,6.10,-3.91,0.00,0.00,0.00,0.00,0.00,-0.00,0.00,0.00,0.00,0.00,0.00,0.00,0.00,0.00,0.00,0
2.76099,7,-5,56,0,DRIVE [ 76 ] [ 1 ] [ 1764 1915 1728 ] [    0    0    0 ] [      0      0      0 ] [ 1 ],drive [ 76 ] [ 1 ] [ 1756 1915 1725 ] [   20   18   28 ] [   7705  15054  16666 ] [ 1 ],0.80,0.80,0.80,0.80,5.72,-3.84,0.00,0.00,0.00,0.00,0.00,-0.00,0.00,0.00,0.00,0.00,0.00,0.00,0.00,0.00,0.00,0
2.77291,7,-5,55,0,DRIVE [ 77 ] [ 1 ] [ 1774 1915 1731 ] [    0    0    0 ] [      0      0      0 ] [ 1 ],drive [ 76 ] [ 1 ] [ 1764 1915 1728 ] [   20   18   28 ] [   7705  15054  16666 ] [ 1 ],0.80,0.80,0.80,0.80,5.32,-3.75,0.00,0.00,0.00,0.00,0.00,-0.00,0.00,0.00,0.00,0.00,0.00,0.00,0.00,0.00,0.00,0
2.78502,6,-5,54,0,DRIVE [ 77 ] [ 1 ] [ 1784 1915 1735 ] [    0    0    0 ] [      0      0      0 ] [ 1 ],drive [ 77 ] [ 1 ] [ 1774 1915 1731 ] [   20   18   28 ] [   7702  15047  16668 ] [ 1 ],0.80,0.80,0.80,0.80,4.91,-3.66,0.00,0.00,0.00,0.00,0.00,-0.00,0.00,0.00,0.00,0.00,0.00,0.00,0.00,0.00,0.00,0
2.79431,6,-4,53,0,DRIVE [ 78 ] [ 1 ] [ 1794 1915 1740 ] [    0    0    0 ] [      0      0      0 ] [ 1 ],drive [ 77 ] [ 1 ] [ 1784 1915 1735 ] [   20   21   22 ] [   7702  15047  16668 ] [ 1 ],0.80,0.80,0.80,0.80,4.52,-3.54,0.00,0.00,0.00,0.00,0.00,-0.00,0.00,0.00,0.00,0.00,0.00,0.00,0.00,0.00,0.00,0
2.80506,5,-4,52,0,DRIVE [ 78 ] [ 1 ] [ 1804 1915 1747 ] [    0    0    0 ] [      0      0      0 ] [ 1 ],drive [ 78 ] [ 1 ] [ 1794 1915 1740 ] [   20   21   22 ] [   7702  15047  16668 ] [ 1 ],0.80,0.80,0.80,0.80,4.14,-3.38,0.00,0.00,0.00,0.00,0.00,-0.00,0.00,0.00,0.00,0.00,0.00,0.00,0.00,0.00,0.00,0
2.81671,5,-4,51,0,DRIVE [ 79 ] [ 1 ] [ 1814 1915 1752 ] [    0    0    0 ] [      0      0      0 ] [ 1 ],drive [ 78 ] [ 1 ] [ 1804 1915 1747 ] [   20   21   22 ] [   7702  15047  16668 ] [ 1 ],0.80,0.80,0.80,0.80,3.76,-3.26,0.00,0.00,0.00,0.00,0.00,-0.00,0.00,0.00,0.00,0.00,0.00,0.00,0.00,0.00,0.00,0
2.82902,4,-4,50,0,DRIVE [ 79 ] [ 1 ] [ 1824 1915 1759 ] [    0    0    0 ] [      0      0      0 ] [ 1 ],drive [ 79 ] [ 1 ] [ 1814 1915 1752 ] [   20   21   22 ] [   7693  15037  16678 ] [ 1 ],0.80,0.80,0.80,0.80,3.39,-3.11,0.00,0.00,0.00,0.00,0.00,-0.00,0.00,0.00,0.00,0.00,0.00,0.00,0.00,0.00,0.00,0
2.84107,4,-4,49,0,DRIVE [ 80 ] [ 1 ] [ 1834 1915 1766 ] [    0    0    0 ] [      0      0      0 ] [ 1 ],drive [ 79 ] [ 1 ] [ 1824 1915 1759 ] [   18   21   20 ] [   7693  15037  16678 ] [ 1 ],0.80,0.80,0.80,0.80,3.02,-2.95,0.00,0.00,0.00,0.00,0.00,-0.00,0.00,0.00,0.00,0.00,0.00,0.00,0.00,0.00,0.00,0
2.8509,3,-3,48,0,DRIVE [ 80 ] [ 1 ] [ 1843 1915 1775 ] [    0    0    0 ] [      0      0      0 ] [ 1 ],drive [ 80 ] [ 1 ] [ 1834 1915 1766 ] [   18   21   20 ] [   7693  15037  16678 ] [ 1 ],0.80,0.80,0.80,0.80,2.68,-2.76,0.00,0.00,0.00,0.00,0.00,-0.00,0.00,0.00,0.00,0.00,0.00,0.00,-0.00,0.00,0.00,0
2.86056,3,-3,47,0,DRIVE [ 81 ] [ 1 ] [ 1852 1915 1785 ] [    0    0    0 ] [      0      0      0 ] [ 1 ],drive [ 80 ] [ 1 ] [ 1843 1915 1775 ] [   18   21   20 ] [   7693  15037  16678 ] [ 1 ],0.80,0.80,0.80,0.80,2.38,-2.55,0.00,0.00,0.00,0.00,0.00,-0.00,0.00,0.00,0.00,0.00,0.00,0.00,-0.00,0.00,0.00,0
2.87274,3,-3,47,0,DRIVE [ 81 ] [ 1 ] [ 1858 1915 1795 ] [    0    0    0 ] [      0      0      0 ] [ 1 ],drive [ 81 ] [ 1 ] [ 1852 1915 1785 ] [   18   21   20 ] [   7693  15037  16678 ] [ 1 ],0.80,0.80,0.80,0.80,2.13,-2.32,0.00,0.00,0.00,0.00,0.00,-0.00,0.00,0.00,0.00,0.00,0.00,0.00,-0.00,0.00,0.00,0
2.88492,2,-3,46,0,DRIVE [ 82 ] [ 1 ] [ 1864 1915 1806 ] [    0    0    0 ] [      0      0      0 ] [ 1 ],drive [ 81 ] [ 1 ] [ 1858 1915 1795 ] [   18   21   20 ] [   7650  15037  16677 ] [ 1 ],0.80,0.80,0.80,0.80,1.91,-2.09,0.00,0.00,0.00,0.00,0.00,-0.00,0.00,0.00,0.00,0.00,0.00,0.00,-0.00,0.00,0.00,0
2.89708,2,-2,45,0,DRIVE [ 82 ] [ 1 ] [ 1870 1915 1819 ] [    0    0    0 ] [      0      0      0 ] [ 1 ],drive [ 82 ] [ 1 ] [ 1864 1915 1806 ] [   23   22   16 ] [   7650  15037  16677 ] [ 1 ],0.80,0.80,0.80,0.80,1.69,-1.82,0.00,0.00,0.00,0.00,0.00,-0.00,0.00,0.00,0.00,0.00,0.00,0.00,-0.00,0.00,0.00,0
2.90888,2,-2,44,0,DRIVE [ 83 ] [ 1 ] [ 1875 1915 1831 ] [    0    0    0 ] [      0      0      0 ] [ 1 ],drive [ 82 ] [ 1 ] [ 1870 1915 1819 ] [   23   22   16 ] [   7650  15037  16677 ] [ 1 ],0.80,0.80,0.80,0.80,1.51,-1.57,0.00,0.00,0.00,0.00,0.00,-0.00,0.00,0.00,0.00,0.00,0.00,0.00,-0.00,0.00,0.00,0
2.91882,2,-2,43,0,DRIVE [ 83 ] [ 1 ] [ 1879 1915 1847 ] [    0    0    0 ] [      0      0      0 ] [ 1 ],drive [ 83 ] [ 1 ] [ 1875 1915 1831 ] [   23   22   16 ] [   7650  15037  16677 ] [ 1 ],0.80,0.80,0.80,0.80,1.33,-1.27,0.00,0.00,0.00,0.00,0.00,-0.00,0.00,0.00,0.00,0.00,0.00,0.00,-0.00,0.00,0.00,0
2.92894,1,-1,42,0,DRIVE [ 84 ] [ 1 ] [ 1882 1915 1861 ] [    0    0    0 ] [      0      0      0 ] [ 1 ],drive [ 83 ] [ 1 ] [ 1879 1915 1847 ] [   23   22   16 ] [   7601  15037  16673 ] [ 1 ],0.80,0.80,0.80,0.80,1.19,-1.00,0.00,0.00,0.00,0.00,0.00,-0.00,0.00,0.00,0.00,0.00,0.00,0.00,-0.00,0.00,0.00,0
2.94096,1,-1,41,0,DRIVE [ 84 ] [ 1 ] [ 1885 1915 1875 ] [    0    0    0 ] [      0      0      0 ] [ 1 ],drive [ 84 ] [ 1 ] [ 1882 1915 1861 ] [   19   22   13 ] [   7601  15037  16673 ] [ 1 ],0.80,0.80,0.80,0.80,1.07,-0.73,0.00,0.00,0.00,0.00,0.00,-0.00,0.00,0.00,0.00,0.00,0.00,0.00,-0.00,0.00,0.00,0
2.95287,1,-1,40,0,DRIVE [ 85 ] [ 1 ] [ 1886 1915 1888 ] [    0    0    0 ] [      0      0      0 ] [ 1 ],drive [ 84 ] [ 1 ] [ 1885 1915 1875 ] [   19   22   13 ] [   7601  15037  16673 ] [ 1 ],0.80,0.80,0.80,0.80,0.97,-0.47,0.00,0.00,0.00,0.00,0.00,-0.00,0.00,0.00,0.00,0.00,0.00,0.00,-0.00,0.00,0.00,0
2.96502,1,0,40,0,DRIVE [ 85 ] [ 1 ] [ 1884 1915 1901 ] [    0    0    0 ] [      0      0      0 ] [ 1 ],drive [ 85 ] [ 1 ] [ 1886 1915 1888 ] [   19   22   13 ] [   7601  15037  16673 ] [ 1 ],0.80,0.80,0.80,0.80,0.88,-0.19,0.00,0.00,0.00,0.00,0.00,-0.00,0.00,0.00,0.00,0.00,0.00,0.00,-0.00,0.00,0.00,0
2.97512,1,0,39,0,DRIVE [ 86 ] [ 1 ] [ 1878 1915 1910 ] [    0    0    0 ] [      0      0      0 ] [ 1 ],drive [ 85 ] [ 1 ] [ 1884 1915 1901 ] [   19   22   13 ] [   7448  15037  16663 ] [ 1 ],0.80,0.80,0.80,0.80,0.82,0.07,0.00,0.00,0.00,0.00,0.00,-0.00,0.00,0.00,0.00,0.00,0.00,0.00,-0.00,-0.00,0.00,0
2.98491,1,0,38,0,DRIVE [ 86 ] [ 1 ] [ 1867 1915 1918 ] [    0    0    0 ] [      0      0      0 ] [ 1 ],drive [ 86 ] [ 1 ] [ 1878 1915 1910 ] [   19   22   13 ] [   7448  15037  16663 ] [ 1 ],0.80,0.80,0.80,0.80,0.80,0.31,0.00,0.00,0.00,0.00,0.00,-0.00,0.00,0.00,0.00,0.00,0.00,0.00,-0.00,-0.00,0.00,0
2.99673,1,1,37,0,DRIVE [ 87 ] [ 1 ] [ 1855 1925 1918 ] [    0    0    0 ] [      0      0      0 ] [ 1 ],drive [ 86 ] [ 1 ] [ 1867 1915 1918 ] [   23   22   16 ] [   7448  15037  16663 ] [ 1 ],0.80,0.80,0.80,0.80,0.73,0.52,0.00,0.00,0.00,0.00,0.00,-0.00,0.00,0.00,0.00,0.00,0.00,0.00,-0.00,-0.00,0.00,0
3.00901,1,1,36,0,DRIVE [ 87 ] [ 1 ] [ 1856 1917 1918 ] [    0    0    0 ] [      0      0      0 ] [ 1 ],drive [ 87 ] [ 1 ] [ 1855 1925 1918 ] [   23   22   16 ] [   7448  15037  16663 ] [ 1 ],0.80,0.80,0.80,0.80,0.65,0.71,0.00,0.00,0.00,0.00,0.00,-0.00,0.00,0.00,0.00,0.00,0.00,0.00,0.00,0.00,0.00,0
3.02068,1,1,35,0,DRIVE [ 88 ] [ 1 ] [ 1856 1907 1918 ] [    0    0    0 ] [      0      0      0 ] [ 1 ],drive [ 87 ] [ 1 ] [ 1856 1917 1918 ] [   23   22   16 ] [   7448  15037  16663 ] [ 1 ],0.80,0.80,0.80,0.80,0.56,0.89,0.00,0.00,0.00,0.00,0.00,-0.00,0.00,0.00,0.00,0.00,0.00,0.00,0.00,0.00,0.00,0
3.03299,1,1,34,0,DRIVE [ 88 ] [ 1 ] [ 1856 1896 1918 ] [    0    0    0 ] [      0      0      0 ] [ 1 ],drive [ 88 ] [ 1 ] [ 1856 1907 1918 ] [   23   22   16 ] [   7419  15034  16618 ] [ 1 ],0.80,0.80,0.80,0.80,0.43,1.06,0.00,0.00,0.00,0.00,0.00,-0.00,0.00,0.00,0.00,0.00,0.00,0.00,0.00,0.00,0.00,0
3.04269,0,2,33,0,DRIVE [ 89 ] [ 1 ] [ 1853 1882 1918 ] [    0    0    0 ] [      0      0      0 ] [ 1 ],drive [ 88 ] [ 1 ] [ 1856 1896 1918 ] [   25    9   20 ] [   7419  15034  16618 ] [ 1 ],0.80,0.80,0.80,0.80,0.31,1.28,0.00,0.00,0.00,0.00,0.00,-0.00,0.00,0.00,0.00,0.00,0.00,0.00,0.00,0.00,0.00,0
3.05316,0,2,32,0,DRIVE [ 89 ] [ 1 ] [ 1848 1864 1918 ] [    0    0    0 ] [      0      0      0 ] [ 1 ],drive [ 89 ] [ 1 ] [ 1853 1882 1918 ] [   25    9   20 ] [   7419  15034  16618 ] [ 1 ],0.80,0.80,0.80,0.80,0.17,1.52,0.00,0.00,0.00,0.00,0.00,-0.00,0.00,0.00,0.00,0.00,0.00,0.00,0.00,0.00,0.00,0
3.06493,0,2,31,0,DRIVE [ 90 ] [ 1 ] [ 1844 1843 1918 ] [    0    0    0 ] [      0      0      0 ] [ 1 ],drive [ 89 ] [ 1 ] [ 1848 1864 1918 ] [   25    9   20 ] [   7419  15034  16618 ] [ 1 ],0.80,0.80,0.80,0.80,-0.01,1.75,0.00,0.00,0.00,0.00,0.00,-0.00,0.00,0.00,0.00,0.00,0.00,0.00,0.00,0.00,0.00,0
3.07693,0,2,30,0,DRIVE [ 90 ] [ 1 ] [ 1841 1819 1918 ] [    0    0    0 ] [      0      0      0 ] [ 1 ],drive [ 90 ] [ 1 ] [ 1844 1843 1918 ] [   25    9   20 ] [   7415  14934  16617 ] [ 1 ],0.80,0.80,0.80,0.80,-0.22,1.95,0.00,0.00,0.00,0.00,0.00,-0.00,0.00,0.00,0.00,0.00,0.00,0.00,0.00,0.00,0.00,0
3.08879,0,3,29,0,DRIVE [ 91 ] [ 1 ] [ 1836 1794 1918 ] [    0    0    0 ] [      0      0      0 ] [ 1 ],drive [ 90 ] [ 1 ] [ 1841 1819 1918 ] [   25    9   20 ] [   7415  14934  16617 ] [ 1 ],0.80,0.80,0.80,0.80,-0.40,2.17,0.00,0.00,0.00,0.00,0.00,-0.00,0.00,0.00,0.00,0.00,0.00,0.00,0.00,0.00,0.00,0
3.10101,-1,3,28,0,DRIVE [ 91 ] [ 1 ] [ 1833 1768 1918 ] [    0    0    0 ] [      0      0      0 ] [ 1 ],drive [ 91 ] [ 1 ] [ 1836 1794 1918 ] [   25   28   19 ] [   7415  14934  16617 ] [ 1 ],0.80,0.80,0.80,0.80,-0.59,2.35,0.00,0.00,0.00,0.00,0.00,-0.00,0.00,0.00,0.00,0.00,0.00,0.00,0.00,0.00,0.00,0
3.11096,-1,3,27,0,DRIVE [ 92 ] [ 1 ] [ 1830 1745 1918 ] [    0    0    0 ] [      0      0      0 ] [ 1 ],drive [ 91 ] [ 1 ] [ 1833 1768 1918 ] [   25   28   19 ] [   7415  14934  16617 ] [ 1 ],0.80,0.80,0.80,0.80,-0.75,2.46,0.00,0.00,0.00,0.00,0.00,-0.00,0.00,0.00,0.00,0.00,0.00,0.00,0.00,0.00,0.00,0
3.12095,-1,3,26,0,DRIVE [ 92 ] [ 1 ] [ 1827 1727 1918 ] [    0    0    0 ] [      0      0      0 ] [ 1 ],drive [ 92 ] [ 1 ] [ 1830 1745 1918 ] [   25   28   19 ] [   7415  14934  16617 ] [ 1 ],0.80,0.80,0.80,0.80,-0.84,2.53,0.00,0.00,0.00,0.00,0.00,-0.00,0.00,0.00,0.00,0.00,0.00,0.00,0.00,0.00,0.00,0
3.13274,-1,3,25,0,DRIVE [ 93 ] [ 1 ] [ 1824 1717 1918 ] [    0    0    0 ] [      0      0      0 ] [ 1 ],drive [ 92 ] [ 1 ] [ 1827 1727 1918 ] [   25   28   19 ] [   7385  14973  16559 ] [ 1 ],0.80,0.80,0.80,0.80,-0.87,2.54,0.00,0.00,0.00,0.00,0.00,-0.00,0.00,0.00,0.00,0.00,0.00,0.00,0.00,0.00,0.00,0
3.1451,-1,3,24,0,DRIVE [ 93 ] [ 1 ] [ 1824 1716 1918 ] [    0    0    0 ] [      0      0      0 ] [ 1 ],drive [ 93 ] [ 1 ] [ 1824 1717 1918 ] [   13   20   17 ] [   7385  14973  16559 ] [ 1 ],0.80,0.80,0.80,0.80,-0.84,2.45,0.00,0.00,0.00,0.00,0.00,-0.00,0.00,0.00,0.00,0.00,0.00,0.00,0.00,0.00,0.00,0
3.15703,-1,3,23,0,DRIVE [ 94 ] [ 1 ] [ 1824 1714 1918 ] [    0    0    0 ] [      0      0      0 ] [ 1 ],drive [ 93 ] [ 1 ] [ 1824 1716 1918 ] [   13   20   17 ] [   7385  14973  16559 ] [ 1 ],0.80,0.80,0.80,0.80,-0.83,2.36,0.00,0.00,0.00,0.00,0.00,-0.00,0.00,0.00,0.00,0.00,0.00,0.00,0.00,0.00,0.00,0
3.16672,-1,3,22,0,DRIVE [ 94 ] [ 1 ] [ 1823 1713 1918 ] [    0    0    0 ] [      0      0      0 ] [ 1 ],drive [ 94 ] [ 1 ] [ 1824 1714 1918 ] [   13   20   17 ] [   7385  14973  16559 ] [ 1 ],0.80,0.80,0.80,0.80,-0.80,2.29,0.00,0.00,0.00,0.00,0.00,-0.00,0.00,0.00,0.00,0.00,0.00,0.00,0.00,0.00,0.00,0
3.17887,-1,3,22,1,DRIVE [ 95 ] [ 1 ] [ 1822 1707 1918 ] [    0    0    0 ] [      0      0      0 ] [ 1 ],drive [ 94 ] [ 1 ] [ 1823 1713 1918 ] [   13   20   17 ] [   7390  15175  16513 ] [ 1 ],0.80,0.80,0.80,0.80,-0.81,2.27,0.00,0.00,0.00,0.00,0.00,-0.00,0.00,0.00,0.00,0.00,0.00,0.00,0.00,0.00,0.00,0
