timestamp,Xmm,Ymm,Zmm,TouchDetected,OutgoingPacket,IncomingPacket,GainPropAb, GainPropAd, GainPropFl, GainPropEx,PropA, PropB, PropC,GainIntegAb, GainIntegAd, GainIntegFl, GainIntegEx,IntegA, IntegB, IntegC,GainDerivAb, GainDerivAd, GainDerivFl, GainDerivEx,DerivA, DerivB, DerivC,Heading5
1.68481,65,-106,596,1,DRIVE [ 94 ] [ 1 ] [ 1810 1866 1328 ] [    0    0    0 ] [      0      0      0 ] [ 0 ],drive [ 93 ] [ 1 ] [ 1798 1866 1268 ] [   14   29   73 ] [   5319  15736  12938 ] [ 0 ],1.10,1.10,1.10,1.10,4.96,-5.99,0.00,0.50,0.50,0.50,0.50,-1.82,-1.99,0.00,0.00,0.00,0.00,0.50,0.00,0.00,0.00,0
0.00144321,65,-106,596,0,DRIVE [ 59 ] [ 1 ] [ 1926 1866 1885 ] [    0    0    0 ] [      0      0      0 ] [ 0 ],drive [ 58 ] [ 1 ] [ 1759 1866 1388 ] [   32    7   73 ] [   3989  14864  13782 ] [ 0 ],1.10,1.10,1.10,1.10,64.50,-105.42,0.00,0.50,0.50,0.50,0.50,0.00,0.00,0.00,0.00,0.00,0.00,0.50,0.00,0.00,0.00,0
0.0181333,68,-97,581,0,DRIVE [ 59 ] [ 1 ] [ 1923 1866 1878 ] [    0    0    0 ] [      0      0      0 ] [ 0 ],drive [ 59 ] [ 1 ] [ 1926 1866 1885 ] [   32    7   73 ] [   3989  14864  13782 ] [ 0 ],1.10,1.10,1.10,1.10,74.78,-107.02,0.00,0.50,0.50,0.50,0.50,0.00,0.00,0.00,0.00,0.00,0.00,0.50,0.00,0.00,0.00,0
0.033313,70,-99,595,0,DRIVE [ 60 ] [ 1 ] [ 1920 1866 1870 ] [    0    0    0 ] [      0      0      0 ] [ 0 ],drive [ 59 ] [ 1 ] [ 1923 1866 1878 ] [   32    7   73 ] [   3989  14864  13782 ] [ 0 ],1.10,1.10,1.10,1.10,76.65,-109.40,0.00,0.50,0.50,0.50,0.50,0.00,0.00,0.00,0.00,0.00,0.00,0.50,0.00,0.00,0.00,0
0.0478392,70,-99,595,0,DRIVE [ 60 ] [ 1 ] [ 1921 1866 1872 ] [    0    0    0 ] [      0      0      0 ] [ 0 ],drive [ 60 ] [ 1 ] [ 1920 1866 1870 ] [   32    7   73 ] [   3910  14864  13656 ] [ 0 ],1.10,1.10,1.10,1.10,68.98,-98.46,0.00,0.50,0.50,0.50,0.50,0.00,0.00,0.00,0.00,0.00,0.00,0.50,0.00,0.00,0.00,0
0.0624334,69,-98,592,0,DRIVE [ 61 ] [ 1 ] [ 1914 1866 1856 ] [    0    0    0 ] [      0      0      0 ] [ 0 ],drive [ 60 ] [ 1 ] [ 1921 1866 1872 ] [    7    5    9 ] [   3910  14864  13656 ] [ 0 ],1.10,1.10,1.10,1.10,76.43,-108.31,0.00,0.50,0.50,0.50,0.50,0.00,0.00,0.00,0.00,0.00,0.00,0.50,-0.00,0.00,0.00,0
0.0767974,69,-97,588,0,DRIVE [ 61 ] [ 1 ] [ 1912 1866 1849 ] [    0    0    0 ] [      0      0      0 ] [ 0 ],drive [ 61 ] [ 1 ] [ 1914 1866 1856 ] [    7    5    9 ] [   3910  14864  13656 ] [ 0 ],1.10,1.10,1.10,1.10,76.18,-106.92,0.00,0.50,0.50,0.50,0.50,0.00,0.00,0.00,0.00,0.00,0.00,0.50,-0.00,0.00,0.00,0
0.0906383,71,-100,585,0,DRIVE [ 62 ] [ 1 ] [ 1908 1866 1842 ] [    0    0    0 ] [      0      0      0 ] [ 0 ],drive [ 61 ] [ 1 ] [ 1912 1866 1849 ] [    7    5    9 ] [   3111  14883  13199 ] [ 0 ],1.10,1.10,1.10,1.10,78.58,-109.54,0.00,0.50,0.50,0.50,0.50,0.00,0.00,0.00,0.00,0.00,0.00,0.50,0.00,0.00,0.00,0
0.104365,74,-103,585,0,DRIVE [ 62 ] [ 1 ] [ 1905 1866 1833 ] [    0    0    0 ] [      0      0      0 ] [ 0 ],drive [ 62 ] [ 1 ] [ 1908 1866 1842 ] [   14    5   25 ] [   3111  14883  13199 ] [ 0 ],1.10,1.10,1.10,1.10,81.60,-113.53,0.00,0.50,0.50,0.50,0.50,0.00,0.00,0.00,0.00,0.00,0.00,0.50,0.00,0.00,0.00,0
0.119128,78,-107,584,0,DRIVE [ 63 ] [ 1 ] [ 1901 1866 1824 ] [    0    0    0 ] [      0      0      0 ] [ 0 ],drive [ 62 ] [ 1 ] [ 1905 1866 1833 ] [   14    5   25 ] [   3111  14883  13199 ] [ 0 ],1.10,1.10,1.10,1.10,86.21,-117.71,0.00,0.50,0.50,0.50,0.50,0.00,0.00,0.00,0.00,0.00,0.00,0.50,0.00,0.00,0.00,0
0.133657,82,-109,581,0,DRIVE [ 63 ] [ 1 ] [ 1896 1866 1815 ] [    0    0    0 ] [      0      0      0 ] [ 0 ],drive [ 63 ] [ 1 ] [ 1901 1866 1824 ] [   14    5   25 ] [   3111  14883  13199 ] [ 0 ],1.10,1.10,1.10,1.10,89.66,-119.47,0.00,0.50,0.50,0.50,0.50,0.00,0.00,0.00,0.00,0.00,0.00,0.50,0.00,0.00,0.00,0
0.148461,68,-110,575,0,DRIVE [ 64 ] [ 1 ] [ 1899 1866 1806 ] [    0    0    0 ] [      0      0      0 ] [ 0 ],drive [ 63 ] [ 1 ] [ 1896 1866 1815 ] [   14    5   25 ] [   3008  14882  13191 ] [ 0 ],1.10,1.10,1.10,1.10,75.24,-120.46,0.00,0.50,0.50,0.50,0.50,0.00,0.00,0.00,0.00,0.00,0.00,0.50,0.00,0.00,0.00,0
0.163277,59,-110,573,0,DRIVE [ 64 ] [ 1 ] [ 1900 1866 1797 ] [    0    0    0 ] [      0      0      0 ] [ 0 ],drive [ 64 ] [ 1 ] [ 1899 1866 1806 ] [   13    5   18 ] [   3008  14882  13191 ] [ 0 ],1.10,1.10,1.10,1.10,64.75,-121.31,0.00,0.50,0.50,0.50,0.50,0.00,0.00,0.00,0.00,0.00,0.00,0.50,-0.00,0.00,0.00,0
0.177621,52,-110,570,0,DRIVE [ 65 ] [ 1 ] [ 1901 1866 1789 ] [    0    0    0 ] [      0      0      0 ] [ 0 ],drive [ 64 ] [ 1 ] [ 1900 1866 1797 ] [   13    5   18 ] [   3008  14882  13191 ] [ 0 ],1.10,1.10,1.10,1.10,56.66,-120.46,0.00,0.50,0.50,0.50,0.50,0.00,0.00,0.00,0.00,0.00,0.00,0.50,-0.00,0.00,0.00,0
0.192161,46,-108,566,0,DRIVE [ 65 ] [ 1 ] [ 1902 1866 1781 ] [    0    0    0 ] [      0      0      0 ] [ 0 ],drive [ 65 ] [ 1 ] [ 1901 1866 1789 ] [   13    5   18 ] [   3011  14874  13189 ] [ 0 ],1.10,1.10,1.10,1.10,50.60,-118.82,0.00,0.50,0.50,0.50,0.50,0.00,0.00,0.00,0.00,0.00,0.00,0.50,-0.00,0.00,0.00,0
0.206682,42,-107,565,0,DRIVE [ 66 ] [ 1 ] [ 1903 1866 1774 ] [    0    0    0 ] [      0      0      0 ] [ 0 ],drive [ 65 ] [ 1 ] [ 1902 1866 1781 ] [   12    6   23 ] [   3011  14874  13189 ] [ 0 ],1.10,1.10,1.10,1.10,46.28,-117.23,0.00,0.50,0.50,0.50,0.50,0.00,0.00,0.00,0.00,0.00,0.00,0.50,-0.00,0.00,0.00,0
0.221199,39,-104,560,0,DRIVE [ 66 ] [ 1 ] [ 1902 1866 1767 ] [    0    0    0 ] [      0      0      0 ] [ 0 ],drive [ 66 ] [ 1 ] [ 1903 1866 1774 ] [   12    6   23 ] [   3011  14874  13189 ] [ 0 ],1.10,1.10,1.10,1.10,43.18,-114.46,0.00,0.50,0.50,0.50,0.50,0.00,0.00,0.00,0.00,0.00,0.00,0.50,-0.00,0.00,0.00,0
0.235081,37,-102,556,0,DRIVE [ 67 ] [ 1 ] [ 1902 1866 1762 ] [    0    0    0 ] [      0      0      0 ] [ 0 ],drive [ 66 ] [ 1 ] [ 1902 1866 1767 ] [   12    6   23 ] [   3011  14874  13189 ] [ 0 ],1.10,1.10,1.10,1.10,41.25,-111.81,0.00,0.50,0.50,0.50,0.50,0.00,0.00,0.00,0.00,0.00,0.00,0.50,-0.00,0.00,0.00,0
0.252198,37,-98,552,0,DRIVE [ 67 ] [ 1 ] [ 1901 1866 1758 ] [    0    0    0 ] [      0      0      0 ] [ 0 ],drive [ 67 ] [ 1 ] [ 1902 1866 1762 ] [   12    6   23 ] [   3011  14855  13190 ] [ 0 ],1.10,1.10,1.10,1.10,40.70,-108.33,0.00,0.50,0.50,0.50,0.50,0.00,0.00,0.00,0.00,0.00,0.00,0.50,-0.00,0.00,0.00,0
0.266817,37,-96,548,0,DRIVE [ 68 ] [ 1 ] [ 1898 1866 1752 ] [    0    0    0 ] [      0      0      0 ] [ 0 ],drive [ 67 ] [ 1 ] [ 1901 1866 1758 ] [   12   19   25 ] [   3011  14855  13190 ] [ 0 ],1.10,1.10,1.10,1.10,41.08,-105.51,0.00,0.50,0.50,0.50,0.50,0.00,0.00,0.00,0.00,0.00,0.00,0.50,-0.00,0.00,0.00,0
0.281114,38,-93,544,0,DRIVE [ 68 ] [ 1 ] [ 1896 1866 1747 ] [    0    0    0 ] [      0      0      0 ] [ 0 ],drive [ 68 ] [ 1 ] [ 1898 1866 1752 ] [   12   19   25 ] [   3011  14855  13190 ] [ 0 ],1.10,1.10,1.10,1.10,42.18,-102.61,0.00,0.50,0.50,0.50,0.50,0.00,0.00,0.00,0.00,0.00,0.00,0.50,-0.00,0.00,0.00,0
0.295414,41,-90,538,0,DRIVE [ 69 ] [ 1 ] [ 1892 1866 1745 ] [    0    0    0 ] [      0      0      0 ] [ 0 ],drive [ 68 ] [ 1 ] [ 1896 1866 1747 ] [   12   19   25 ] [   3013  14838  13189 ] [ 0 ],1.10,1.10,1.10,1.10,44.78,-99.09,0.00,0.50,0.50,0.50,0.50,0.00,0.00,0.00,0.00,0.00,0.00,0.50,-0.00,0.00,0.00,0
0.309696,44,-88,535,0,DRIVE [ 69 ] [ 1 ] [ 1887 1866 1741 ] [    0    0    0 ] [      0      0      0 ] [ 0 ],drive [ 69 ] [ 1 ] [ 1892 1866 1745 ] [    3   22   23 ] [   3013  14838  13189 ] [ 0 ],1.10,1.10,1.10,1.10,47.90,-96.58,0.00,0.50,0.50,0.50,0.50,0.00,0.00,0.00,0.00,0.00,0.00,0.50,-0.00,0.00,0.00,0
0.324062,48,-85,530,0,DRIVE [ 70 ] [ 1 ] [ 1881 1866 1738 ] [    0    0    0 ] [      0      0      0 ] [ 0 ],drive [ 69 ] [ 1 ] [ 1887 1866 1741 ] [    3   22   23 ] [   3013  14838  13189 ] [ 0 ],1.10,1.10,1.10,1.10,52.36,-93.52,0.00,0.50,0.50,0.50,0.50,0.00,0.00,0.00,0.00,0.00,0.00,0.50,-0.00,0.00,0.00,0
0.338349,51,-82,521,0,DRIVE [ 70 ] [ 1 ] [ 1874 1866 1735 ] [    0    0    0 ] [      0      0      0 ] [ 0 ],drive [ 70 ] [ 1 ] [ 1881 1866 1738 ] [    3   22   23 ] [   3075  14837  13167 ] [ 0 ],1.10,1.10,1.10,1.10,56.39,-90.26,0.00,0.50,0.50,0.50,0.50,0.00,0.00,0.00,0.00,0.00,0.00,0.50,-0.00,0.00,0.00,0
0.351881,55,-80,516,0,DRIVE [ 71 ] [ 1 ] [ 1867 1866 1730 ] [    0    0    0 ] [      0      0      0 ] [ 0 ],drive [ 70 ] [ 1 ] [ 1874 1866 1735 ] [   16   24   24 ] [   3075  14837  13167 ] [ 0 ],1.10,1.10,1.10,1.10,60.90,-88.25,0.00,0.50,0.50,0.50,0.50,0.00,0.00,0.00,0.00,0.00,0.00,0.50,-0.00,0.00,0.00,0
0.365827,60,-78,506,0,DRIVE [ 71 ] [ 1 ] [ 1857 1866 1726 ] [    0    0    0 ] [      0      0      0 ] [ 0 ],drive [ 71 ] [ 1 ] [ 1867 1866 1730 ] [   16   24   24 ] [   3075  14837  13167 ] [ 0 ],1.10,1.10,1.10,1.10,66.17,-85.53,0.00,0.50,0.50,0.50,0.50,0.00,0.00,0.00,0.00,0.00,0.00,0.50,-0.00,0.00,0.00,0
0.379843,65,-76,499,0,DRIVE [ 72 ] [ 1 ] [ 1846 1866 1719 ] [    0    0    0 ] [      0      0      0 ] [ 0 ],drive [ 71 ] [ 1 ] [ 1857 1866 1726 ] [   16   24   24 ] [   3075  14837  13167 ] [ 0 ],1.10,1.10,1.10,1.10,71.83,-83.78,0.00,0.50,0.50,0.50,0.50,0.00,0.00,0.00,0.00,0.00,0.00,0.50,-0.00,0.00,0.00,0
0.393911,71,-75,494,0,DRIVE [ 72 ] [ 1 ] [ 1834 1866 1712 ] [    0    0    0 ] [      0      0      0 ] [ 0 ],drive [ 72 ] [ 1 ] [ 1846 1866 1719 ] [   16   24   24 ] [   3078  14784  13146 ] [ 0 ],1.10,1.10,1.10,1.10,77.79,-82.58,0.00,0.50,0.50,0.50,0.50,0.00,0.00,0.00,0.00,0.00,0.00,0.50,-0.00,0.00,0.00,0
0.408065,75,-73,481,0,DRIVE [ 73 ] [ 1 ] [ 1822 1866 1704 ] [    0    0    0 ] [      0      0      0 ] [ 0 ],drive [ 72 ] [ 1 ] [ 1834 1866 1712 ] [   19    3   28 ] [   3078  14784  13146 ] [ 0 ],1.10,1.10,1.10,1.10,82.16,-80.40,0.00,0.50,0.50,0.50,0.50,0.00,0.00,0.00,0.00,0.00,0.00,0.50,-0.00,0.00,0.00,0
0.422277,80,-72,475,0,DRIVE [ 73 ] [ 1 ] [ 1809 1866 1696 ] [    0    0    0 ] [      0      0      0 ] [ 0 ],drive [ 73 ] [ 1 ] [ 1822 1866 1704 ] [   19    3   28 ] [   3078  14784  13146 ] [ 0 ],1.10,1.10,1.10,1.10,87.49,-79.27,0.00,0.50,0.50,0.50,0.50,0.00,0.00,0.00,0.00,0.00,0.00,0.50,0.00,0.00,0.00,0
0.43644,84,-70,466,0,DRIVE [ 74 ] [ 1 ] [ 1793 1866 1688 ] [    0    0    0 ] [      0      0      0 ] [ 0 ],drive [ 73 ] [ 1 ] [ 1809 1866 1696 ] [   19    3   28 ] [   3078  14784  13146 ] [ 0 ],1.10,1.10,1.10,1.10,92.93,-77.38,0.00,0.50,0.50,0.50,0.50,0.00,0.00,0.00,0.00,0.00,0.00,0.50,0.00,0.00,0.00,0
0.450988,88,-68,457,0,DRIVE [ 74 ] [ 1 ] [ 1778 1866 1680 ] [    0    0    0 ] [      0      0      0 ] [ 0 ],drive [ 74 ] [ 1 ] [ 1793 1866 1688 ] [   19    3   28 ] [   3414  14694  13147 ] [ 0 ],1.10,1.10,1.10,1.10,97.13,-75.17,0.00,0.50,0.50,0.50,0.50,0.00,0.00,0.00,0.00,0.00,0.00,0.50,0.00,0.00,0.00,0
0.465682,91,-66,450,0,DRIVE [ 75 ] [ 1 ] [ 1764 1866 1673 ] [    0    0    0 ] [      0      0      0 ] [ 0 ],drive [ 74 ] [ 1 ] [ 1778 1866 1680 ] [   30   30   30 ] [   3414  14694  13147 ] [ 0 ],1.10,1.10,1.10,1.10,100.52,-72.98,0.00,0.50,0.50,0.50,0.50,0.00,0.00,0.00,0.00,0.00,0.00,0.50,0.00,0.00,0.00,0
0.480261,94,-64,442,0,DRIVE [ 75 ] [ 1 ] [ 1751 1866 1666 ] [    0    0    0 ] [      0      0      0 ] [ 0 ],drive [ 75 ] [ 1 ] [ 1764 1866 1673 ] [   30   30   30 ] [   3414  14694  13147 ] [ 0 ],1.10,1.10,1.10,1.10,103.04,-70.50,0.00,0.50,0.50,0.50,0.50,0.00,0.00,0.00,0.00,0.00,0.00,0.50,0.00,0.00,0.00,0
0.494685,96,-62,437,0,DRIVE [ 76 ] [ 1 ] [ 1738 1866 1660 ] [    0    0    0 ] [      0      0      0 ] [ 0 ],drive [ 75 ] [ 1 ] [ 1751 1866 1666 ] [   30   30   30 ] [   3786  14694  13144 ] [ 0 ],1.10,1.10,1.10,1.10,105.30,-68.51,0.00,0.50,0.50,0.50,0.50,0.00,0.00,0.00,0.00,0.00,0.00,0.50,0.00,0.00,0.00,0
0.509847,97,-60,431,0,DRIVE [ 76 ] [ 1 ] [ 1724 1866 1655 ] [    0    0    0 ] [      0      0      0 ] [ 0 ],drive [ 76 ] [ 1 ] [ 1738 1866 1660 ] [   37   30   36 ] [   3786  14694  13144 ] [ 0 ],1.10,1.10,1.10,1.10,107.25,-65.76,0.00,0.50,0.50,0.50,0.50,0.00,0.00,0.00,0.00,0.00,0.00,0.50,0.00,0.00,0.00,0
0.524133,98,-57,422,0,DRIVE [ 77 ] [ 1 ] [ 1710 1866 1650 ] [    0    0    0 ] [      0      0      0 ] [ 0 ],drive [ 76 ] [ 1 ] [ 1724 1866 1655 ] [   37   30   36 ] [   3786  14694  13144 ] [ 0 ],1.10,1.10,1.10,1.10,108.17,-62.81,0.00,0.50,0.50,0.50,0.50,0.00,0.00,0.00,0.00,0.00,0.00,0.50,0.00,0.00,0.00,0
0.538431,100,-55,415,0,DRIVE [ 77 ] [ 1 ] [ 1696 1866 1645 ] [    0    0    0 ] [      0      0      0 ] [ 0 ],drive [ 77 ] [ 1 ] [ 1710 1866 1650 ] [   37   30   36 ] [   4009  14655  13140 ] [ 0 ],1.10,1.10,1.10,1.10,109.52,-60.35,0.00,0.50,0.50,0.50,0.50,0.00,0.00,0.00,0.00,0.00,0.00,0.50,0.00,0.00,0.00,0
0.552029,101,-52,406,0,DRIVE [ 78 ] [ 1 ] [ 1679 1866 1641 ] [    0    0    0 ] [      0      0      0 ] [ 0 ],drive [ 77 ] [ 1 ] [ 1696 1866 1645 ] [   33   20   37 ] [   4009  14655  13140 ] [ 0 ],1.10,1.10,1.10,1.10,110.72,-56.80,0.00,0.50,0.50,0.50,0.50,0.00,0.00,0.00,0.00,0.00,0.00,0.50,0.00,0.00,0.00,0
0.565985,102,-49,398,0,DRIVE [ 78 ] [ 1 ] [ 1662 1866 1637 ] [    0    0    0 ] [      0      0      0 ] [ 0 ],drive [ 78 ] [ 1 ] [ 1679 1866 1641 ] [   33   20   37 ] [   4009  14655  13140 ] [ 0 ],1.10,1.10,1.10,1.10,112.06,-53.61,0.00,0.50,0.50,0.50,0.50,0.00,0.00,0.00,0.00,0.00,0.00,0.50,0.00,0.00,0.00,0
0.579786,103,-46,390,0,DRIVE [ 79 ] [ 1 ] [ 1645 1866 1634 ] [    0    0    0 ] [      0      0      0 ] [ 0 ],drive [ 78 ] [ 1 ] [ 1662 1866 1637 ] [   33   20   37 ] [   4009  14655  13140 ] [ 0 ],1.10,1.10,1.10,1.10,112.83,-50.38,0.00,0.50,0.50,0.50,0.50,0.00,0.00,0.00,0.00,0.00,0.00,0.50,0.00,0.00,0.00,0
0.59405,103,-42,383,0,DRIVE [ 79 ] [ 1 ] [ 1627 1866 1634 ] [    0    0    0 ] [      0      0      0 ] [ 0 ],drive [ 79 ] [ 1 ] [ 1645 1866 1634 ] [   33   20   37 ] [   4137  14382  13141 ] [ 0 ],1.10,1.10,1.10,1.10,113.43,-46.10,0.00,0.50,0.50,0.50,0.50,0.00,0.00,0.00,0.00,0.00,0.00,0.50,0.00,0.00,0.00,0
0.608306,102,-38,372,0,DRIVE [ 80 ] [ 1 ] [ 1611 1866 1634 ] [    0    0    0 ] [      0      0      0 ] [ 0 ],drive [ 79 ] [ 1 ] [ 1627 1866 1634 ] [   33   26   39 ] [   4137  14382  13141 ] [ 0 ],1.10,1.10,1.10,1.10,112.16,-41.79,0.00,0.50,0.50,0.50,0.50,0.00,0.00,0.00,0.00,0.00,0.00,0.50,0.00,0.00,0.00,0
0.622326,101,-35,365,0,DRIVE [ 80 ] [ 1 ] [ 1597 1866 1635 ] [    0    0    0 ] [      0      0      0 ] [ 0 ],drive [ 80 ] [ 1 ] [ 1611 1866 1634 ] [   33   26   39 ] [   4137  14382  13141 ] [ 0 ],1.10,1.10,1.10,1.10,110.87,-38.04,0.00,0.50,0.50,0.50,0.50,0.00,0.00,0.00,0.00,0.00,0.00,0.50,0.00,0.00,0.00,0
0.636124,99,-32,357,0,DRIVE [ 81 ] [ 1 ] [ 1586 1866 1637 ] [    0    0    0 ] [      0      0      0 ] [ 0 ],drive [ 80 ] [ 1 ] [ 1597 1866 1635 ] [   33   26   39 ] [   4556  14341  13140 ] [ 0 ],1.10,1.10,1.10,1.10,108.81,-34.84,0.00,0.50,0.50,0.50,0.50,0.00,0.00,0.00,0.00,0.00,0.00,0.50,0.00,0.00,0.00,0
0.650112,95,-29,348,0,DRIVE [ 81 ] [ 1 ] [ 1579 1866 1640 ] [    0    0    0 ] [      0      0      0 ] [ 0 ],drive [ 81 ] [ 1 ] [ 1586 1866 1637 ] [   33   26   39 ] [   4556  14341  13140 ] [ 0 ],1.10,1.10,1.10,1.10,105.02,-31.66,0.00,0.50,0.50,0.50,0.50,0.00,0.00,0.00,0.00,0.00,0.00,0.50,0.00,0.00,0.00,0
0.664075,92,-26,341,0,DRIVE [ 82 ] [ 1 ] [ 1575 1866 1644 ] [    0    0    0 ] [      0      0      0 ] [ 0 ],drive [ 81 ] [ 1 ] [ 1579 1866 1640 ] [   45   27   40 ] [   4556  14341  13140 ] [ 0 ],1.10,1.10,1.10,1.10,101.17,-28.84,0.00,0.50,0.50,0.50,0.50,0.00,0.00,0.00,0.00,0.00,0.00,0.50,-0.00,0.00,0.00,0
0.677824,89,-24,336,0,DRIVE [ 82 ] [ 1 ] [ 1573 1866 1649 ] [    0    0    0 ] [      0      0      0 ] [ 0 ],drive [ 82 ] [ 1 ] [ 1575 1866 1644 ] [   45   27   40 ] [   4556  14341  13140 ] [ 0 ],1.10,1.10,1.10,1.10,97.48,-26.30,0.00,0.50,0.50,0.50,0.50,0.00,0.00,0.00,0.00,0.00,0.00,0.50,-0.00,0.00,0.00,0
0.691404,85,-22,330,0,DRIVE [ 83 ] [ 1 ] [ 1573 1866 1655 ] [    0    0    0 ] [      0      0      0 ] [ 0 ],drive [ 82 ] [ 1 ] [ 1573 1866 1649 ] [   45   27   40 ] [   4893  14340  13054 ] [ 0 ],1.10,1.10,1.10,1.10,93.23,-23.83,0.00,0.50,0.50,0.50,0.50,0.00,0.00,0.00,0.00,0.00,0.00,0.50,-0.00,0.00,0.00,0
0.704383,79,-20,322,0,DRIVE [ 83 ] [ 1 ] [ 1580 1866 1660 ] [    0    0    0 ] [      0      0      0 ] [ 0 ],drive [ 83 ] [ 1 ] [ 1573 1866 1655 ] [   36   27   25 ] [   4893  14340  13054 ] [ 0 ],1.10,1.10,1.10,1.10,87.41,-22.11,0.00,0.50,0.50,0.50,0.50,0.00,0.00,0.00,0.00,0.00,0.00,0.50,-0.00,0.00,0.00,0
0.717636,74,-20,315,0,DRIVE [ 84 ] [ 1 ] [ 1590 1866 1662 ] [    0    0    0 ] [      0      0      0 ] [ 0 ],drive [ 83 ] [ 1 ] [ 1580 1866 1660 ] [   36   27   25 ] [   4893  14340  13054 ] [ 0 ],1.10,1.10,1.10,1.10,81.78,-21.54,0.00,0.50,0.50,0.50,0.50,0.00,0.00,0.00,0.00,0.00,0.00,0.50,-0.00,0.00,0.00,0
0.730919,70,-20,309,0,DRIVE [ 84 ] [ 1 ] [ 1602 1866 1661 ] [    0    0    0 ] [      0      0      0 ] [ 0 ],drive [ 84 ] [ 1 ] [ 1590 1866 1662 ] [   36   27   25 ] [   4893  14340  13054 ] [ 0 ],1.10,1.10,1.10,1.10,76.59,-22.10,0.00,0.50,0.50,0.50,0.50,0.00,0.00,0.00,0.00,0.00,0.00,0.50,-0.00,0.00,0.00,0
0.744148,65,-21,303,0,DRIVE [ 85 ] [ 1 ] [ 1617 1866 1657 ] [    0    0    0 ] [      0      0      0 ] [ 0 ],drive [ 84 ] [ 1 ] [ 1602 1866 1661 ] [   36   27   25 ] [   5050  14340  12841 ] [ 0 ],1.10,1.10,1.10,1.10,71.55,-23.36,0.00,0.50,0.50,0.50,0.50,0.00,0.00,0.00,0.00,0.00,0.00,0.50,-0.00,0.00,0.00,0
0.757158,61,-23,298,0,DRIVE [ 85 ] [ 1 ] [ 1634 1866 1650 ] [    0    0    0 ] [      0      0      0 ] [ 0 ],drive [ 85 ] [ 1 ] [ 1617 1866 1657 ] [   48   22   22 ] [   5050  14340  12841 ] [ 0 ],1.10,1.10,1.10,1.10,66.65,-25.19,0.00,0.50,0.50,0.50,0.50,0.00,0.00,0.00,0.00,0.00,0.00,0.50,-0.00,0.00,0.00,0
0.769908,55,-25,291,0,DRIVE [ 86 ] [ 1 ] [ 1658 1866 1644 ] [    0    0    0 ] [      0      0      0 ] [ 0 ],drive [ 85 ] [ 1 ] [ 1634 1866 1650 ] [   48   22   22 ] [   5050  14340  12841 ] [ 0 ],1.10,1.10,1.10,1.10,60.43,-27.19,0.00,0.50,0.50,0.50,0.50,0.00,0.00,0.00,0.00,0.00,0.00,0.50,-0.00,0.00,0.00,0
0.782891,49,-26,285,0,DRIVE [ 86 ] [ 1 ] [ 1682 1866 1638 ] [    0    0    0 ] [      0      0      0 ] [ 0 ],drive [ 86 ] [ 1 ] [ 1658 1866 1644 ] [   48   22   22 ] [   5050  14340  12841 ] [ 0 ],1.10,1.10,1.10,1.10,54.43,-28.70,0.00,0.50,0.50,0.50,0.50,0.00,0.00,0.00,0.00,0.00,0.00,0.50,-0.00,0.00,0.00,0
0.79599,44,-27,278,0,DRIVE [ 87 ] [ 1 ] [ 1702 1866 1633 ] [    0    0    0 ] [      0      0      0 ] [ 0 ],drive [ 86 ] [ 1 ] [ 1682 1866 1638 ] [   48   22   22 ] [   5198  14224  12815 ] [ 0 ],1.10,1.10,1.10,1.10,48.49,-29.39,0.00,0.50,0.50,0.50,0.50,0.40,-0.29,0.00,0.00,0.00,0.00,0.50,-0.00,0.00,0.00,0
0.808622,39,-27,273,0,DRIVE [ 87 ] [ 1 ] [ 1724 1866 1627 ] [    0    0    0 ] [      0      0      0 ] [ 0 ],drive [ 87 ] [ 1 ] [ 1702 1866 1633 ] [   24   13   33 ] [   5198  14224  12815 ] [ 0 ],1.10,1.10,1.10,1.10,42.92,-30.22,0.00,0.50,0.50,0.50,0.50,0.76,-0.58,0.00,0.00,0.00,0.00,0.50,-0.00,0.00,0.00,0
0.821308,34,-28,268,0,DRIVE [ 88 ] [ 1 ] [ 1748 1866 1618 ] [    0    0    0 ] [      0      0      0 ] [ 0 ],drive [ 87 ] [ 1 ] [ 1724 1866 1627 ] [   24   13   33 ] [   5198  14224  12815 ] [ 0 ],1.10,1.10,1.10,1.10,37.15,-31.19,0.00,0.50,0.50,0.50,0.50,1.06,-0.89,0.00,0.00,0.00,0.00,0.50,-0.00,0.00,0.00,0
0.834376,29,-29,263,0,DRIVE [ 88 ] [ 1 ] [ 1772 1866 1608 ] [    0    0    0 ] [      0      0      0 ] [ 0 ],drive [ 88 ] [ 1 ] [ 1748 1866 1618 ] [   24   13   33 ] [   5198  14224  12815 ] [ 0 ],1.10,1.10,1.10,1.10,31.42,-31.95,0.00,0.50,0.50,0.50,0.50,1.31,-1.19,0.00,0.00,0.00,0.00,0.50,-0.00,0.00,0.00,0
0.84908,24,-30,258,0,DRIVE [ 89 ] [ 1 ] [ 1795 1866 1595 ] [    0    0    0 ] [      0      0      0 ] [ 0 ],drive [ 88 ] [ 1 ] [ 1772 1866 1608 ] [   24   13   33 ] [   5195  14130  12801 ] [ 0 ],1.10,1.10,1.10,1.10,26.06,-32.85,0.00,0.50,0.50,0.50,0.50,1.53,-1.51,0.00,0.00,0.00,0.00,0.50,-0.00,0.00,0.00,0
0.861614,18,-31,254,0,DRIVE [ 89 ] [ 1 ] [ 1825 1866 1573 ] [    0    0    0 ] [      0      0      0 ] [ 0 ],drive [ 89 ] [ 1 ] [ 1795 1866 1595 ] [   17   23   40 ] [   5195  14130  12801 ] [ 0 ],1.10,1.10,1.10,1.10,19.52,-34.11,0.00,0.50,0.50,0.50,0.50,1.67,-1.84,0.00,0.00,0.00,0.00,0.50,-0.00,0.00,0.00,0
0.874571,12,-32,249,0,DRIVE [ 90 ] [ 1 ] [ 1853 1866 1543 ] [    0    0    0 ] [      0      0      0 ] [ 0 ],drive [ 89 ] [ 1 ] [ 1825 1866 1573 ] [   17   23   40 ] [   5195  14130  12801 ] [ 0 ],1.10,1.10,1.10,1.10,13.42,-35.34,0.00,0.50,0.50,0.50,0.50,1.76,-2.18,0.00,0.00,0.00,0.00,0.50,-0.00,0.00,0.00,0
0.886932,7,-33,245,0,DRIVE [ 90 ] [ 1 ] [ 1879 1866 1508 ] [    0    0    0 ] [      0      0      0 ] [ 0 ],drive [ 90 ] [ 1 ] [ 1853 1866 1543 ] [   17   23   40 ] [   5177  14119  12799 ] [ 0 ],1.10,1.10,1.10,1.10,7.71,-36.45,0.00,0.50,0.50,0.50,0.50,1.80,-2.53,0.00,0.00,0.00,0.00,0.50,-0.00,0.00,0.00,0
0.898641,2,-34,240,0,DRIVE [ 91 ] [ 1 ] [ 1906 1866 1463 ] [    0    0    0 ] [      0      0      0 ] [ 0 ],drive [ 90 ] [ 1 ] [ 1879 1866 1508 ] [   17   23   40 ] [   5177  14119  12799 ] [ 0 ],1.10,1.10,1.10,1.10,2.16,-37.45,0.00,0.50,0.50,0.50,0.50,1.80,-2.88,0.00,0.00,0.00,0.00,0.50,-0.00,0.00,0.00,0
0.911008,-3,-35,237,0,DRIVE [ 91 ] [ 1 ] [ 1906 1917 1426 ] [    0    0    0 ] [      0      0      0 ] [ 0 ],drive [ 91 ] [ 1 ] [ 1906 1866 1463 ] [   15   25   45 ] [   5177  14119  12799 ] [ 0 ],1.10,1.10,1.10,1.10,-3.42,-38.53,0.00,0.50,0.50,0.50,0.50,1.75,-3.24,0.00,0.00,0.00,0.00,0.50,0.00,0.00,0.00,0
0.923345,-8,-36,233,0,DRIVE [ 92 ] [ 1 ] [ 1906 1887 1421 ] [    0    0    0 ] [      0      0      0 ] [ 0 ],drive [ 91 ] [ 1 ] [ 1906 1917 1426 ] [   15   25   45 ] [   5177  14119  12799 ] [ 0 ],1.10,1.10,1.10,1.10,-9.01,-39.43,0.00,0.50,0.50,0.50,0.50,1.65,-3.61,0.00,0.00,0.00,0.00,0.50,0.00,0.00,0.00,0
0.9354,-14,-37,227,0,DRIVE [ 92 ] [ 1 ] [ 1906 1845 1406 ] [    0    0    0 ] [      0      0      0 ] [ 0 ],drive [ 92 ] [ 1 ] [ 1906 1887 1421 ] [   15   25   45 ] [   5127  14121  12804 ] [ 0 ],1.10,1.10,1.10,1.10,-15.94,-40.55,0.00,0.50,0.50,0.50,0.50,1.47,-4.00,0.00,0.00,0.00,0.00,0.50,0.00,0.00,0.00,0
0.946847,-20,-38,222,0,DRIVE [ 93 ] [ 1 ] [ 1906 1803 1383 ] [    0    0    0 ] [      0      0      0 ] [ 0 ],drive [ 92 ] [ 1 ] [ 1906 1845 1406 ] [   15   25   45 ] [   5127  14121  12804 ] [ 0 ],1.10,1.10,1.10,1.10,-22.21,-41.62,0.00,0.50,0.50,0.50,0.50,1.25,-4.39,0.00,0.00,0.00,0.00,0.50,0.00,0.00,0.00,0
0.958798,-25,-39,217,0,DRIVE [ 93 ] [ 1 ] [ 1906 1762 1353 ] [    0    0    0 ] [      0      0      0 ] [ 0 ],drive [ 93 ] [ 1 ] [ 1906 1803 1383 ] [    7   23   56 ] [   5127  14121  12804 ] [ 0 ],1.10,1.10,1.10,1.10,-27.87,-42.93,0.00,0.50,0.50,0.50,0.50,0.98,-4.79,0.00,0.00,0.00,0.00,0.50,0.00,0.00,0.00,0
0.970401,-30,-40,214,0,DRIVE [ 94 ] [ 1 ] [ 1906 1722 1326 ] [    0    0    0 ] [      0      0      0 ] [ 0 ],drive [ 93 ] [ 1 ] [ 1906 1762 1353 ] [    7   23   56 ] [   5127  14121  12804 ] [ 0 ],1.10,1.10,1.10,1.10,-33.06,-44.29,0.00,0.50,0.50,0.50,0.50,0.93,-4.55,0.00,0.00,0.00,0.00,0.50,0.00,0.00,0.00,0
0.98239,-35,-42,210,0,DRIVE [ 94 ] [ 1 ] [ 1906 1682 1295 ] [    0    0    0 ] [      0      0      0 ] [ 0 ],drive [ 94 ] [ 1 ] [ 1906 1722 1326 ] [    7   23   56 ] [   5127  14121  12804 ] [ 0 ],1.10,1.10,1.10,1.10,-38.08,-45.93,0.00,0.50,0.50,0.50,0.50,0.89,-4.32,0.00,0.00,0.00,0.00,0.50,0.00,0.00,0.00,0
0.994237,-39,-43,207,0,DRIVE [ 95 ] [ 1 ] [ 1906 1642 1261 ] [    0    0    0 ] [      0      0      0 ] [ 0 ],drive [ 94 ] [ 1 ] [ 1906 1682 1295 ] [    7   23   56 ] [   5088  14162  12808 ] [ 0 ],1.10,1.10,1.10,1.10,-42.75,-47.49,0.00,0.50,0.50,0.50,0.50,0.84,-4.11,0.00,0.00,0.00,0.00,0.50,0.00,0.00,0.00,0
1.00591,-43,-44,202,0,DRIVE [ 95 ] [ 1 ] [ 1906 1602 1229 ] [    0    0    0 ] [      0      0      0 ] [ 0 ],drive [ 95 ] [ 1 ] [ 1906 1642 1261 ] [    0   18   54 ] [   5088  14162  12808 ] [ 0 ],1.10,1.10,1.10,1.10,-47.11,-48.86,0.00,0.50,0.50,0.50,0.50,0.80,-3.90,0.00,0.00,0.00,0.00,0.50,0.00,0.00,0.00,0
1.01779,-47,-46,199,0,DRIVE [ 96 ] [ 1 ] [ 1906 1564 1198 ] [    0    0    0 ] [      0      0      0 ] [ 0 ],drive [ 95 ] [ 1 ] [ 1906 1602 1229 ] [    0   18   54 ] [   5088  14162  12808 ] [ 0 ],1.10,1.10,1.10,1.10,-51.47,-50.44,0.00,0.50,0.50,0.50,0.50,0.76,-3.71,0.00,0.00,0.00,0.00,0.50,0.00,0.00,0.00,0
1.02868,-51,-47,194,0,DRIVE [ 96 ] [ 1 ] [ 1906 1523 1166 ] [    0    0    0 ] [      0      0      0 ] [ 0 ],drive [ 96 ] [ 1 ] [ 1906 1564 1198 ] [    0   18   54 ] [   5088  14162  12808 ] [ 0 ],1.10,1.10,1.10,1.10,-55.76,-51.82,0.00,0.50,0.50,0.50,0.50,0.72,-3.52,0.00,0.00,0.00,0.00,0.50,0.00,0.00,0.00,0
1.04024,-55,-48,190,0,DRIVE [ 97 ] [ 1 ] [ 1906 1482 1136 ] [    0    0    0 ] [      0      0      0 ] [ 0 ],drive [ 96 ] [ 1 ] [ 1906 1523 1166 ] [    0   18   54 ] [   5079  14294  12868 ] [ 0 ],1.10,1.10,1.10,1.10,-59.99,-52.97,0.00,0.50,0.50,0.50,0.50,0.69,-3.35,0.00,0.00,0.00,0.00,0.50,0.00,0.00,0.00,0
1.05111,-58,-49,186,0,DRIVE [ 97 ] [ 1 ] [ 1906 1439 1105 ] [    0    0    0 ] [      0      0      0 ] [ 0 ],drive [ 97 ] [ 1 ] [ 1906 1482 1136 ] [   21   45   91 ] [   5079  14294  12868 ] [ 0 ],1.10,1.10,1.10,1.10,-64.29,-54.10,0.00,0.50,0.50,0.50,0.50,0.65,-3.18,0.00,0.00,0.00,0.00,0.50,0.00,0.00,0.00,0
1.06253,-62,-50,182,0,DRIVE [ 98 ] [ 1 ] [ 1906 1395 1075 ] [    0    0    0 ] [      0      0      0 ] [ 0 ],drive [ 97 ] [ 1 ] [ 1906 1439 1105 ] [   21   45   91 ] [   5079  14294  12868 ] [ 0 ],1.10,1.10,1.10,1.10,-68.67,-55.13,0.00,0.50,0.50,0.50,0.50,0.62,-3.02,0.00,0.00,0.00,0.00,0.50,0.00,0.00,0.00,0
1.07365,-66,-51,177,0,DRIVE [ 98 ] [ 1 ] [ 1906 1353 1049 ] [    0    0    0 ] [      0      0      0 ] [ 0 ],drive [ 98 ] [ 1 ] [ 1906 1395 1075 ] [   21   45   91 ] [   5079  14294  12868 ] [ 0 ],1.10,1.10,1.10,1.10,-72.26,-55.56,0.00,0.50,0.50,0.50,0.50,0.59,-2.87,0.00,0.00,0.00,0.00,0.50,0.00,0.00,0.00,0
1.08475,-69,-50,173,0,DRIVE [ 99 ] [ 1 ] [ 1906 1312 1028 ] [    0    0    0 ] [      0      0      0 ] [ 0 ],drive [ 98 ] [ 1 ] [ 1906 1353 1049 ] [   21   45   91 ] [   4849  15016  13297 ] [ 0 ],1.10,1.10,1.10,1.10,-75.46,-55.47,0.00,0.50,0.50,0.50,0.50,0.56,-2.72,0.00,0.00,0.00,0.00,0.50,0.00,0.00,0.00,0
1.09543,-71,-50,169,0,DRIVE [ 99 ] [ 1 ] [ 1906 1274 1016 ] [    0    0    0 ] [      0      0      0 ] [ 0 ],drive [ 99 ] [ 1 ] [ 1906 1312 1028 ] [   21   45   91 ] [   4849  15016  13297 ] [ 0 ],1.10,1.10,1.10,1.10,-78.15,-54.74,0.00,0.50,0.50,0.50,0.50,0.53,-2.59,0.00,0.00,0.00,0.00,0.50,0.00,0.00,0.00,0
1.10644,-73,-49,165,0,DRIVE [ 00 ] [ 1 ] [ 1906 1239 1007 ] [    0    0    0 ] [      0      0      0 ] [ 0 ],drive [ 99 ] [ 1 ] [ 1906 1274 1016 ] [    3   77  101 ] [   4849  15016  13297 ] [ 0 ],1.10,1.10,1.10,1.10,-80.17,-53.66,0.00,0.50,0.50,0.50,0.50,0.50,-2.46,0.00,0.00,0.00,0.00,0.50,0.00,0.00,0.00,0
1.11694,-74,-48,161,0,DRIVE [ 00 ] [ 1 ] [ 1906 1206 1002 ] [    0    0    0 ] [      0      0      0 ] [ 0 ],drive [ 00 ] [ 1 ] [ 1906 1239 1007 ] [    3   77  101 ] [   4849  15016  13297 ] [ 0 ],1.10,1.10,1.10,1.10,-81.87,-52.31,0.00,0.50,0.50,0.50,0.50,0.48,-2.34,0.00,0.00,0.00,0.00,0.50,0.00,0.00,0.00,0
1.12805,-76,-46,158,0,DRIVE [ 01 ] [ 1 ] [ 1906 1175 1001 ] [    0    0    0 ] [      0      0      0 ] [ 0 ],drive [ 00 ] [ 1 ] [ 1906 1206 1002 ] [    3   77  101 ] [   4849  15016  13297 ] [ 0 ],1.10,1.10,1.10,1.10,-83.37,-50.87,0.00,0.50,0.50,0.50,0.50,0.45,-2.22,0.00,0.00,0.00,0.00,0.50,0.00,0.00,0.00,0
1.13891,-77,-45,155,0,DRIVE [ 01 ] [ 1 ] [ 1906 1143 1000 ] [    0    0    0 ] [      0      0      0 ] [ 0 ],drive [ 01 ] [ 1 ] [ 1906 1175 1001 ] [    3   77  101 ] [   4560  15602  13672 ] [ 0 ],1.10,1.10,1.10,1.10,-84.85,-49.32,0.00,0.50,0.50,0.50,0.50,0.43,-2.11,0.00,0.00,0.00,0.00,0.50,0.00,0.00,0.00,0
1.15031,-79,-43,152,0,DRIVE [ 02 ] [ 1 ] [ 1906 1109 1000 ] [    0    0    0 ] [      0      0      0 ] [ 0 ],drive [ 01 ] [ 1 ] [ 1906 1143 1000 ] [    6   81   87 ] [   4560  15602  13672 ] [ 0 ],1.10,1.10,1.10,1.10,-86.45,-47.76,0.00,0.50,0.50,0.50,0.50,0.41,-2.00,0.00,0.00,0.00,0.00,0.50,0.00,0.00,0.00,0
1.16054,-80,-42,148,0,DRIVE [ 02 ] [ 1 ] [ 1906 1072 0997 ] [    0    0    0 ] [      0      0      0 ] [ 0 ],drive [ 02 ] [ 1 ] [ 1906 1109 1000 ] [    6   81   87 ] [   4560  15602  13672 ] [ 0 ],1.10,1.10,1.10,1.10,-88.21,-46.29,0.00,0.50,0.50,0.50,0.50,0.39,-1.90,0.00,0.00,0.00,0.00,0.50,0.00,0.00,0.00,0
1.17179,-82,-41,145,0,DRIVE [ 03 ] [ 1 ] [ 1906 1031 0990 ] [    0    0    0 ] [      0      0      0 ] [ 0 ],drive [ 02 ] [ 1 ] [ 1906 1072 0997 ] [    6   81   87 ] [   4560  15602  13672 ] [ 0 ],1.10,1.10,1.10,1.10,-90.39,-45.16,0.00,0.50,0.50,0.50,0.50,0.37,-1.81,0.00,0.00,0.00,0.00,0.50,0.00,0.00,0.00,0
1.18234,-84,-40,142,0,DRIVE [ 03 ] [ 1 ] [ 1906 1025 0980 ] [    0    0    0 ] [      0      0      0 ] [ 0 ],drive [ 03 ] [ 1 ] [ 1906 1031 0990 ] [    6   81   87 ] [   4560  15602  13672 ] [ 0 ],1.10,1.10,1.10,1.10,-92.64,-44.07,0.00,0.50,0.50,0.50,0.50,0.35,-1.72,0.00,0.00,0.00,0.00,0.50,0.00,0.00,0.00,0
1.19312,-86,-39,138,0,DRIVE [ 04 ] [ 1 ] [ 1906 1025 0967 ] [    0    0    0 ] [      0      0      0 ] [ 0 ],drive [ 03 ] [ 1 ] [ 1906 1025 0980 ] [    6   81   87 ] [   4502  15884  13744 ] [ 0 ],1.10,1.10,1.10,1.10,-95.05,-43.18,0.00,0.50,0.50,0.50,0.50,0.33,-1.63,0.00,0.00,0.00,0.00,0.50,0.00,0.00,0.00,0
1.20388,-88,-39,134,0,DRIVE [ 04 ] [ 1 ] [ 1906 1025 0951 ] [    0    0    0 ] [      0      0      0 ] [ 0 ],drive [ 04 ] [ 1 ] [ 1906 1025 0967 ] [   15  101   89 ] [   4502  15884  13744 ] [ 0 ],1.10,1.10,1.10,1.10,-97.12,-42.55,0.00,0.50,0.50,0.50,0.50,0.32,-1.55,0.00,0.00,0.00,0.00,0.50,0.00,0.00,0.00,0
1.21415,-90,-38,131,0,DRIVE [ 05 ] [ 1 ] [ 1906 1025 0935 ] [    0    0    0 ] [      0      0      0 ] [ 0 ],drive [ 04 ] [ 1 ] [ 1906 1025 0951 ] [   15  101   89 ] [   4502  15884  13744 ] [ 0 ],1.10,1.10,1.10,1.10,-98.66,-42.07,0.00,0.50,0.50,0.50,0.50,0.30,-1.47,0.00,0.00,0.00,0.00,0.50,0.00,0.00,0.00,0
1.22482,-91,-38,128,0,DRIVE [ 05 ] [ 1 ] [ 1906 1025 0928 ] [    0    0    0 ] [      0      0      0 ] [ 0 ],drive [ 05 ] [ 1 ] [ 1906 1025 0935 ] [   15  101   89 ] [   4502  15884  13744 ] [ 0 ],1.10,1.10,1.10,1.10,-99.75,-41.71,0.00,0.50,0.50,0.50,0.50,0.29,-1.40,0.00,0.00,0.00,0.00,0.50,0.00,0.00,0.00,0
1.23491,-91,-38,125,0,DRIVE [ 06 ] [ 1 ] [ 1906 1025 0931 ] [    0    0    0 ] [      0      0      0 ] [ 0 ],drive [ 05 ] [ 1 ] [ 1906 1025 0928 ] [   15  101   89 ] [   4268  16841  13845 ] [ 0 ],1.10,1.10,1.10,1.10,-99.79,-41.48,0.00,0.50,0.50,0.50,0.50,0.27,-1.33,0.00,0.00,0.00,0.00,0.50,0.00,0.00,0.00,0
1.24552,-90,-38,122,0,DRIVE [ 06 ] [ 1 ] [ 1906 1025 0931 ] [    0    0    0 ] [      0      0      0 ] [ 0 ],drive [ 06 ] [ 1 ] [ 1906 1025 0931 ] [   15  101   89 ] [   4268  16841  13845 ] [ 0 ],1.10,1.10,1.10,1.10,-99.03,-41.26,0.00,0.50,0.50,0.50,0.50,0.26,-1.26,0.00,0.00,0.00,0.00,0.50,0.00,0.00,0.00,0
1.25594,-89,-37,121,0,DRIVE [ 07 ] [ 1 ] [ 1906 1025 0931 ] [    0    0    0 ] [      0      0      0 ] [ 0 ],drive [ 06 ] [ 1 ] [ 1906 1025 0931 ] [   27   83  101 ] [   4268  16841  13845 ] [ 0 ],1.10,1.10,1.10,1.10,-98.19,-40.89,0.00,0.50,0.50,0.50,0.50,0.25,-1.20,0.00,0.00,0.00,0.00,0.50,0.00,0.00,0.00,0
1.26763,-88,-36,119,0,DRIVE [ 07 ] [ 1 ] [ 1906 1025 0935 ] [    0    0    0 ] [      0      0      0 ] [ 0 ],drive [ 07 ] [ 1 ] [ 1906 1025 0931 ] [   27   83  101 ] [   4268  16841  13845 ] [ 0 ],1.10,1.10,1.10,1.10,-96.92,-39.97,0.00,0.50,0.50,0.50,0.50,0.23,-1.14,0.00,0.00,0.00,0.00,0.50,0.00,0.00,0.00,0
1.27813,-87,-35,117,0,DRIVE [ 08 ] [ 1 ] [ 1906 1025 0940 ] [    0    0    0 ] [      0      0      0 ] [ 0 ],drive [ 07 ] [ 1 ] [ 1906 1025 0935 ] [   27   83  101 ] [   4268  16841  13845 ] [ 0 ],1.10,1.10,1.10,1.10,-95.56,-38.80,0.00,0.50,0.50,0.50,0.50,0.22,-1.08,0.00,0.00,0.00,0.00,0.50,0.00,0.00,0.00,0
1.28879,-86,-34,114,0,DRIVE [ 08 ] [ 1 ] [ 1906 1025 0947 ] [    0    0    0 ] [      0      0      0 ] [ 0 ],drive [ 08 ] [ 1 ] [ 1906 1025 0940 ] [   27   83  101 ] [   3921  17051  13985 ] [ 0 ],1.10,1.10,1.10,1.10,-94.32,-37.54,0.00,0.50,0.50,0.50,0.50,0.21,-1.03,0.00,0.00,0.00,0.00,0.50,0.00,0.00,0.00,0
1.29879,-85,-33,111,0,DRIVE [ 09 ] [ 1 ] [ 1906 1025 0953 ] [    0    0    0 ] [      0      0      0 ] [ 0 ],drive [ 08 ] [ 1 ] [ 1906 1025 0947 ] [   24   84   92 ] [   3921  17051  13985 ] [ 0 ],1.10,1.10,1.10,1.10,-93.22,-36.42,0.00,0.50,0.50,0.50,0.50,0.20,-0.98,0.00,0.00,0.00,0.00,0.50,0.00,0.00,0.00,0
1.30908,-84,-32,108,0,DRIVE [ 09 ] [ 1 ] [ 1906 1025 0958 ] [    0    0    0 ] [      0      0      0 ] [ 0 ],drive [ 09 ] [ 1 ] [ 1906 1025 0953 ] [   24   84   92 ] [   3921  17051  13985 ] [ 0 ],1.10,1.10,1.10,1.10,-92.25,-35.51,0.00,0.50,0.50,0.50,0.50,0.19,-0.93,0.00,0.00,0.00,0.00,0.50,0.00,0.00,0.00,0
1.31928,-83,-31,105,0,DRIVE [ 10 ] [ 1 ] [ 1906 1025 0964 ] [    0    0    0 ] [      0      0      0 ] [ 0 ],drive [ 09 ] [ 1 ] [ 1906 1025 0958 ] [   24   84   92 ] [   3921  17051  13985 ] [ 0 ],1.10,1.10,1.10,1.10,-91.47,-34.61,0.00,0.50,0.50,0.50,0.50,0.18,-0.88,0.00,0.00,0.00,0.00,0.50,0.00,0.00,0.00,0
1.32909,-83,-31,102,0,DRIVE [ 10 ] [ 1 ] [ 1906 1025 0968 ] [    0    0    0 ] [      0      0      0 ] [ 0 ],drive [ 10 ] [ 1 ] [ 1906 1025 0964 ] [   24   84   92 ] [   3921  17051  13985 ] [ 0 ],1.10,1.10,1.10,1.10,-90.87,-33.96,0.00,0.50,0.50,0.50,0.50,0.17,-0.84,0.00,0.00,0.00,0.00,0.50,0.00,0.00,0.00,0
1.34026,-82,-30,99,0,DRIVE [ 11 ] [ 1 ] [ 1906 1025 0971 ] [    0    0    0 ] [      0      0      0 ] [ 0 ],drive [ 10 ] [ 1 ] [ 1906 1025 0968 ] [   24   84   92 ] [   3887  17203  13984 ] [ 0 ],1.10,1.10,1.10,1.10,-90.04,-33.42,0.00,0.50,0.50,0.50,0.50,0.16,-0.80,0.00,0.00,0.00,0.00,0.50,0.00,0.00,0.00,0
1.35016,-81,-30,96,0,DRIVE [ 11 ] [ 1 ] [ 1906 1025 0970 ] [    0    0    0 ] [      0      0      0 ] [ 0 ],drive [ 11 ] [ 1 ] [ 1906 1025 0971 ] [   24   93   89 ] [   3887  17203  13984 ] [ 0 ],1.10,1.10,1.10,1.10,-88.84,-33.03,0.00,0.50,0.50,0.50,0.50,0.15,-0.76,0.00,0.00,0.00,0.00,0.50,0.00,0.00,0.00,0
1.35968,-79,-30,94,0,DRIVE [ 12 ] [ 1 ] [ 1906 1025 0969 ] [    0    0    0 ] [      0      0      0 ] [ 0 ],drive [ 11 ] [ 1 ] [ 1906 1025 0970 ] [   24   93   89 ] [   3887  17203  13984 ] [ 0 ],1.10,1.10,1.10,1.10,-87.38,-32.66,0.00,0.50,0.50,0.50,0.50,0.15,-0.72,0.00,0.00,0.00,0.00,0.50,0.00,0.00,0.00,0
1.37026,-78,-29,91,0,DRIVE [ 12 ] [ 1 ] [ 1906 1025 0968 ] [    0    0    0 ] [      0      0      0 ] [ 0 ],drive [ 12 ] [ 1 ] [ 1906 1025 0969 ] [   24   93   89 ] [   3887  17203  13984 ] [ 0 ],1.10,1.10,1.10,1.10,-85.37,-32.07,0.00,0.50,0.50,0.50,0.50,0.14,-0.68,0.00,0.00,0.00,0.00,0.50,0.00,0.00,0.00,0
1.37982,-76,-29,89,0,DRIVE [ 13 ] [ 1 ] [ 1906 1025 0967 ] [    0    0    0 ] [      0      0      0 ] [ 0 ],drive [ 12 ] [ 1 ] [ 1906 1025 0968 ] [   24   93   89 ] [   3887  17203  13984 ] [ 0 ],1.10,1.10,1.10,1.10,-83.33,-31.45,0.00,0.50,0.50,0.50,0.50,0.13,-0.65,0.00,0.00,0.00,0.00,0.50,0.00,0.00,0.00,0
1.38994,-74,-28,86,0,DRIVE [ 13 ] [ 1 ] [ 1906 1025 0966 ] [    0    0    0 ] [      0      0      0 ] [ 0 ],drive [ 13 ] [ 1 ] [ 1906 1025 0967 ] [   24   93   89 ] [   3887  17521  13984 ] [ 0 ],1.10,1.10,1.10,1.10,-81.15,-30.73,0.00,0.50,0.50,0.50,0.50,0.13,-0.62,0.00,0.00,0.00,0.00,0.50,0.00,0.00,0.00,0
1.39977,-72,-27,84,0,DRIVE [ 14 ] [ 1 ] [ 1906 1025 0965 ] [    0    0    0 ] [      0      0      0 ] [ 0 ],drive [ 13 ] [ 1 ] [ 1906 1025 0966 ] [   24   99   90 ] [   3887  17521  13984 ] [ 0 ],1.10,1.10,1.10,1.10,-78.80,-29.97,0.00,0.50,0.50,0.50,0.50,0.12,-0.58,0.00,0.00,0.00,0.00,0.50,0.00,0.00,0.00,0
1.40909,-69,-27,81,0,DRIVE [ 14 ] [ 1 ] [ 1906 1025 0962 ] [    0    0    0 ] [      0      0      0 ] [ 0 ],drive [ 14 ] [ 1 ] [ 1906 1025 0965 ] [   24   99   90 ] [   3887  17521  13984 ] [ 0 ],1.10,1.10,1.10,1.10,-76.40,-29.32,0.00,0.50,0.50,0.50,0.50,0.11,-0.56,0.00,0.00,0.00,0.00,0.50,0.00,0.00,0.00,0
1.41898,-67,-26,79,0,DRIVE [ 15 ] [ 1 ] [ 1906 1025 0959 ] [    0    0    0 ] [      0      0      0 ] [ 0 ],drive [ 14 ] [ 1 ] [ 1906 1025 0962 ] [   24   99   90 ] [   3887  17521  13984 ] [ 0 ],1.10,1.10,1.10,1.10,-74.00,-28.63,0.00,0.50,0.50,0.50,0.50,0.11,-0.53,0.00,0.00,0.00,0.00,0.50,0.00,0.00,0.00,0
1.42833,-65,-25,76,0,DRIVE [ 15 ] [ 1 ] [ 1906 1025 0956 ] [    0    0    0 ] [      0      0      0 ] [ 0 ],drive [ 15 ] [ 1 ] [ 1906 1025 0959 ] [   24   99   90 ] [   3887  17521  13984 ] [ 0 ],1.10,1.10,1.10,1.10,-71.29,-27.90,0.00,0.50,0.50,0.50,0.50,0.10,-0.50,0.00,0.00,0.00,0.00,0.50,0.00,0.00,0.00,0
1.4403,-62,-25,74,0,DRIVE [ 16 ] [ 1 ] [ 1906 1025 0949 ] [    0    0    0 ] [      0      0      0 ] [ 0 ],drive [ 15 ] [ 1 ] [ 1906 1025 0956 ] [   24   99   90 ] [   3888  17613  13983 ] [ 0 ],1.10,1.10,1.10,1.10,-68.45,-27.40,0.00,0.50,0.50,0.50,0.50,0.10,-0.48,0.00,0.00,0.00,0.00,0.50,0.00,0.00,0.00,0
1.45213,-59,-24,72,0,DRIVE [ 16 ] [ 1 ] [ 1906 1025 0941 ] [    0    0    0 ] [      0      0      0 ] [ 0 ],drive [ 16 ] [ 1 ] [ 1906 1025 0949 ] [   24  103   89 ] [   3888  17613  13983 ] [ 0 ],1.10,1.10,1.10,1.10,-65.39,-26.82,0.00,0.50,0.50,0.50,0.50,0.09,-0.45,0.00,0.00,0.00,0.00,0.50,0.00,0.00,0.00,0
1.46169,-57,-24,69,0,DRIVE [ 17 ] [ 1 ] [ 1906 1025 0931 ] [    0    0    0 ] [      0      0      0 ] [ 0 ],drive [ 16 ] [ 1 ] [ 1906 1025 0941 ] [   24  103   89 ] [   3888  17613  13983 ] [ 0 ],1.10,1.10,1.10,1.10,-62.15,-26.26,0.00,0.50,0.50,0.50,0.50,0.09,-0.43,0.00,0.00,0.00,0.00,0.50,0.00,0.00,0.00,0
1.4727,-54,-23,67,0,DRIVE [ 17 ] [ 1 ] [ 1906 1025 0918 ] [    0    0    0 ] [      0      0      0 ] [ 0 ],drive [ 17 ] [ 1 ] [ 1906 1025 0931 ] [   24  103   89 ] [   3888  17613  13983 ] [ 0 ],1.10,1.10,1.10,1.10,-58.87,-25.82,0.00,0.50,0.50,0.50,0.50,0.08,-0.41,0.00,0.00,0.00,0.00,0.50,0.00,0.00,0.00,0
1.48434,-50,-23,65,0,DRIVE [ 18 ] [ 1 ] [ 1906 1025 0904 ] [    0    0    0 ] [      0      0      0 ] [ 0 ],drive [ 17 ] [ 1 ] [ 1906 1025 0918 ] [   24  103   89 ] [   3889  17713  13983 ] [ 0 ],1.10,1.10,1.10,1.10,-55.46,-25.35,0.00,0.50,0.50,0.50,0.50,0.08,-0.39,0.00,0.00,0.00,0.00,0.50,0.00,0.00,0.00,0
1.49623,-47,-23,63,0,DRIVE [ 18 ] [ 1 ] [ 1906 1025 0889 ] [    0    0    0 ] [      0      0      0 ] [ 0 ],drive [ 18 ] [ 1 ] [ 1906 1025 0904 ] [   24  103   89 ] [   3889  17713  13983 ] [ 0 ],1.10,1.10,1.10,1.10,-52.13,-24.83,0.00,0.50,0.50,0.50,0.50,0.08,-0.37,0.00,0.00,0.00,0.00,0.50,0.00,0.00,0.00,0
1.50837,-45,-22,60,0,DRIVE [ 19 ] [ 1 ] [ 1906 1025 0871 ] [    0    0    0 ] [      0      0      0 ] [ 0 ],drive [ 18 ] [ 1 ] [ 1906 1025 0889 ] [   24   85   94 ] [   3889  17713  13983 ] [ 0 ],1.10,1.10,1.10,1.10,-49.03,-24.49,0.00,0.50,0.50,0.50,0.50,-0.35,-0.59,0.00,0.00,0.00,0.00,0.50,0.00,0.00,0.00,0
1.51812,-42,-22,58,0,DRIVE [ 19 ] [ 1 ] [ 1906 1025 0851 ] [    0    0    0 ] [      0      0      0 ] [ 0 ],drive [ 19 ] [ 1 ] [ 1906 1025 0871 ] [   24   85   94 ] [   3889  17713  13983 ] [ 0 ],1.10,1.10,1.10,1.10,-45.97,-24.20,0.00,0.50,0.50,0.50,0.50,-0.75,-0.82,0.00,0.00,0.00,0.00,0.50,0.00,0.00,0.00,0
1.5281,-39,-22,56,0,DRIVE [ 20 ] [ 1 ] [ 1906 1025 0841 ] [    0    0    0 ] [      0      0      0 ] [ 0 ],drive [ 19 ] [ 1 ] [ 1906 1025 0851 ] [   24   85   94 ] [   3889  17713  13983 ] [ 0 ],1.10,1.10,1.10,1.10,-43.21,-24.05,0.00,0.50,0.50,0.50,0.50,-1.12,-1.03,0.00,0.00,0.00,0.00,0.50,0.00,0.00,0.00,0
1.54038,-37,-22,54,0,DRIVE [ 20 ] [ 1 ] [ 1906 1025 0841 ] [    0    0    0 ] [      0      0      0 ] [ 0 ],drive [ 20 ] [ 1 ] [ 1906 1025 0841 ] [   24   85   94 ] [   3891  17713  13984 ] [ 0 ],1.10,1.10,1.10,1.10,-40.53,-23.92,0.00,0.50,0.50,0.50,0.50,-1.48,-1.25,0.00,0.00,0.00,0.00,0.50,0.00,0.00,0.00,0
1.55239,-35,-22,51,0,DRIVE [ 21 ] [ 1 ] [ 1906 1025 0841 ] [    0    0    0 ] [      0      0      0 ] [ 0 ],drive [ 20 ] [ 1 ] [ 1906 1025 0841 ] [   24   85  101 ] [   3891  17713  13984 ] [ 0 ],1.10,1.10,1.10,1.10,-38.05,-23.89,0.00,0.50,0.50,0.50,0.50,-1.81,-1.47,0.00,0.00,0.00,0.00,0.50,0.00,0.00,0.00,0
1.56419,-35,-22,51,0,DRIVE [ 21 ] [ 1 ] [ 1906 1025 0841 ] [    0    0    0 ] [      0      0      0 ] [ 0 ],drive [ 21 ] [ 1 ] [ 1906 1025 0841 ] [   24   85  101 ] [   3891  17713  13984 ] [ 0 ],1.10,1.10,1.10,1.10,-34.25,-21.50,0.00,0.50,0.50,0.50,0.50,-1.63,-1.33,0.00,0.00,0.00,0.00,0.50,0.00,0.00,0.00,0
1.57606,-35,-22,51,0,DRIVE [ 22 ] [ 1 ] [ 1906 1061 0872 ] [    0    0    0 ] [      0      0      0 ] [ 0 ],drive [ 21 ] [ 1 ] [ 1906 1025 0841 ] [   24   85  101 ] [   3891  17713  13984 ] [ 0 ],1.10,1.10,1.10,1.10,-30.82,-19.35,0.00,0.50,0.50,0.50,0.50,-1.47,-1.19,0.00,0.00,0.00,0.00,0.50,0.00,0.00,0.00,0
1.58564,-35,-22,51,0,DRIVE [ 22 ] [ 1 ] [ 1906 1128 0951 ] [    0    0    0 ] [      0      0      0 ] [ 0 ],drive [ 22 ] [ 1 ] [ 1906 1061 0872 ] [   24   85  101 ] [   3892  17713  13985 ] [ 0 ],1.10,1.10,1.10,1.10,-27.74,-17.41,0.00,0.50,0.50,0.50,0.50,-1.32,-1.07,0.00,0.00,0.00,0.00,0.50,0.00,0.00,0.00,0
1.59627,-35,-22,51,0,DRIVE [ 23 ] [ 1 ] [ 1906 1193 1026 ] [    0    0    0 ] [      0      0      0 ] [ 0 ],drive [ 22 ] [ 1 ] [ 1906 1128 0951 ] [   24   85  101 ] [   3892  17713  13985 ] [ 0 ],1.10,1.10,1.10,1.10,-24.97,-15.67,0.00,0.50,0.50,0.50,0.50,-1.19,-0.97,0.00,0.00,0.00,0.00,0.50,0.00,0.00,0.00,0
1.60812,-35,-22,51,0,DRIVE [ 23 ] [ 1 ] [ 1906 1254 1098 ] [    0    0    0 ] [      0      0      0 ] [ 0 ],drive [ 23 ] [ 1 ] [ 1906 1193 1026 ] [   25   82   98 ] [   3892  17713  13985 ] [ 0 ],1.10,1.10,1.10,1.10,-22.47,-14.11,0.00,0.50,0.50,0.50,0.50,-1.07,-0.87,0.00,0.00,0.00,0.00,0.50,0.00,0.00,0.00,0
1.6201,-35,-22,51,0,DRIVE [ 24 ] [ 1 ] [ 1906 1312 1166 ] [    0    0    0 ] [      0      0      0 ] [ 0 ],drive [ 23 ] [ 1 ] [ 1906 1254 1098 ] [   25   82   98 ] [   3892  17713  13985 ] [ 0 ],1.10,1.10,1.10,1.10,-20.22,-12.69,0.00,0.50,0.50,0.50,0.50,-0.96,-0.78,0.00,0.00,0.00,0.00,0.50,0.00,0.00,0.00,0
1.63213,-35,-22,51,0,DRIVE [ 24 ] [ 1 ] [ 1906 1366 1229 ] [    0    0    0 ] [      0      0      0 ] [ 0 ],drive [ 24 ] [ 1 ] [ 1906 1312 1166 ] [   25   82   98 ] [   3892  17713  13985 ] [ 0 ],1.10,1.10,1.10,1.10,-18.20,-11.43,0.00,0.50,0.50,0.50,0.50,-0.87,-0.71,0.00,0.00,0.00,0.00,0.50,0.00,0.00,0.00,0
1.64446,-35,-22,51,0,DRIVE [ 25 ] [ 1 ] [ 1906 1417 1289 ] [    0    0    0 ] [      0      0      0 ] [ 0 ],drive [ 24 ] [ 1 ] [ 1906 1366 1229 ] [   25   82   98 ] [   3892  17704  13979 ] [ 0 ],1.10,1.10,1.10,1.10,-16.38,-10.28,0.00,0.50,0.50,0.50,0.50,-0.78,-0.63,0.00,0.00,0.00,0.00,0.50,0.00,0.00,0.00,0
1.65392,-35,-22,51,0,DRIVE [ 25 ] [ 1 ] [ 1906 1464 1343 ] [    0    0    0 ] [      0      0      0 ] [ 0 ],drive [ 25 ] [ 1 ] [ 1906 1417 1289 ] [   24   64   71 ] [   3892  17704  13979 ] [ 0 ],1.10,1.10,1.10,1.10,-14.74,-9.25,0.00,0.50,0.50,0.50,0.50,-0.70,-0.57,0.00,0.00,0.00,0.00,0.50,0.00,0.00,0.00,0
1.66411,-35,-22,51,0,DRIVE [ 26 ] [ 1 ] [ 1906 1507 1394 ] [    0    0    0 ] [      0      0      0 ] [ 0 ],drive [ 25 ] [ 1 ] [ 1906 1464 1343 ] [   24   64   71 ] [   3892  17704  13979 ] [ 0 ],1.10,1.10,1.10,1.10,-13.27,-8.33,0.00,0.50,0.50,0.50,0.50,-0.63,-0.51,0.00,0.00,0.00,0.00,0.50,0.00,0.00,0.00,0
1.67627,-35,-22,51,0,DRIVE [ 26 ] [ 1 ] [ 1906 1546 1440 ] [    0    0    0 ] [      0      0      0 ] [ 0 ],drive [ 26 ] [ 1 ] [ 1906 1507 1394 ] [   24   64   71 ] [   3892  17704  13979 ] [ 0 ],1.10,1.10,1.10,1.10,-11.94,-7.50,0.00,0.50,0.50,0.50,0.50,-0.57,-0.46,0.00,0.00,0.00,0.00,0.50,0.00,0.00,0.00,0
1.68817,-35,-22,51,0,DRIVE [ 27 ] [ 1 ] [ 1906 1583 1483 ] [    0    0    0 ] [      0      0      0 ] [ 0 ],drive [ 26 ] [ 1 ] [ 1906 1546 1440 ] [   24   64   71 ] [   3892  17670  13897 ] [ 0 ],1.10,1.10,1.10,1.10,-10.75,-6.75,0.00,0.50,0.50,0.50,0.50,-0.51,-0.42,0.00,0.00,0.00,0.00,0.50,0.00,0.00,0.00,0
1.69996,-35,-22,51,0,DRIVE [ 27 ] [ 1 ] [ 1906 1616 1522 ] [    0    0    0 ] [      0      0      0 ] [ 0 ],drive [ 27 ] [ 1 ] [ 1906 1583 1483 ] [   18   52   50 ] [   3892  17670  13897 ] [ 0 ],1.10,1.10,1.10,1.10,-9.67,-6.07,0.00,0.50,0.50,0.50,0.50,-0.46,-0.37,0.00,0.00,0.00,0.00,0.50,0.00,0.00,0.00,0
1.70976,-35,-22,51,1,DRIVE [ 28 ] [ 1 ] [ 1906 1646 1557 ] [    0    0    0 ] [      0      0      0 ] [ 0 ],drive [ 27 ] [ 1 ] [ 1906 1616 1522 ] [   18   52   50 ] [   3892  17670  13897 ] [ 0 ],1.10,1.10,1.10,1.10,-8.71,-5.46,0.00,0.50,0.50,0.50,0.50,-0.41,-0.34,0.00,0.00,0.00,0.00,0.50,0.00,0.00,0.00,0
