timestamp,Xmm,Ymm,Zmm,TouchDetected,OutgoingPacket,IncomingPacket,GainPropAb, GainPropAd, GainPropFl, GainPropEx,PropA, PropB, PropC,GainIntegAb, GainIntegAd, GainIntegFl, GainIntegEx,IntegA, IntegB, IntegC,GainDerivAb, GainDerivAd, GainDerivFl, GainDerivEx,DerivA, DerivB, DerivC,Heading5
2.24504,129,-24,646,1,DRIVE [ 81 ] [ 1 ] [ 1230 1690 1915 ] [    0    0    0 ] [      0      0      0 ] [ 1 ],drive [ 81 ] [ 1 ] [ 1230 1721 1915 ] [   75   27   22 ] [  11830  17026  16052 ] [ 1 ],0.90,0.90,0.90,0.90,-3.28,-2.87,0.00,1.10,1.10,1.10,1.10,15.73,17.33,0.00,0.00,0.00,0.00,1.10,0.00,0.00,0.00,0
0.00138422,129,-24,646,0,DRIVE [ 61 ] [ 1 ] [ 1926 1926 1926 ] [    0    0    0 ] [      0      0      0 ] [ 0 ],drive [ 60 ] [ 1 ] [ 1587 1926 1732 ] [   43    7   14 ] [  10060  17583  18303 ] [ 0 ],0.90,0.90,0.90,0.90,104.86,-19.42,0.00,1.10,1.10,1.10,1.10,0.00,0.00,0.00,0.00,0.00,0.00,1.10,0.00,0.00,0.00,0
0.0178802,129,-24,624,0,DRIVE [ 61 ] [ 1 ] [ 1920 1926 1922 ] [    0    0    0 ] [      0      0      0 ] [ 0 ],drive [ 61 ] [ 1 ] [ 1926 1926 1926 ] [   43    7   14 ] [  10060  17585  18303 ] [ 0 ],0.90,0.90,0.90,0.90,116.51,-21.78,0.00,1.10,1.10,1.10,1.10,0.00,0.00,0.00,0.00,0.00,0.00,1.10,0.00,0.00,0.00,0
0.0328745,137,-26,655,0,DRIVE [ 62 ] [ 1 ] [ 1914 1926 1919 ] [    0    0    0 ] [      0      0      0 ] [ 0 ],drive [ 61 ] [ 1 ] [ 1920 1926 1922 ] [   24    5    5 ] [  10060  17585  18303 ] [ 0 ],0.90,0.90,0.90,0.90,123.56,-23.32,0.00,1.10,1.10,1.10,1.10,0.00,0.00,0.00,0.00,0.00,0.00,1.10,0.00,0.00,0.00,0
0.0479079,135,-25,639,0,DRIVE [ 62 ] [ 1 ] [ 1909 1926 1916 ] [    0    0    0 ] [      0      0      0 ] [ 0 ],drive [ 62 ] [ 1 ] [ 1914 1926 1919 ] [   24    5    5 ] [  10060  17585  18303 ] [ 0 ],0.90,0.90,0.90,0.90,121.19,-22.55,0.00,1.10,1.10,1.10,1.10,0.00,0.00,0.00,0.00,0.00,0.00,1.10,-0.00,0.00,0.00,0
0.0627711,134,-25,634,0,DRIVE [ 63 ] [ 1 ] [ 1903 1926 1913 ] [    0    0    0 ] [      0      0      0 ] [ 0 ],drive [ 62 ] [ 1 ] [ 1909 1926 1916 ] [   24    5    5 ] [  10060  17585  18303 ] [ 0 ],0.90,0.90,0.90,0.90,120.83,-22.26,0.00,1.10,1.10,1.10,1.10,0.00,0.00,0.00,0.00,0.00,0.00,1.10,-0.00,0.00,0.00,0
0.0774561,137,-25,635,0,DRIVE [ 63 ] [ 1 ] [ 1897 1926 1910 ] [    0    0    0 ] [      0      0      0 ] [ 0 ],drive [ 63 ] [ 1 ] [ 1903 1926 1913 ] [   24    5    5 ] [   9100  17593  18124 ] [ 0 ],0.90,0.90,0.90,0.90,122.91,-22.32,0.00,1.10,1.10,1.10,1.10,0.00,0.00,0.00,0.00,0.00,0.00,1.10,0.00,0.00,0.00,0
0.0911442,140,-24,632,0,DRIVE [ 64 ] [ 1 ] [ 1891 1926 1906 ] [    0    0    0 ] [      0      0      0 ] [ 0 ],drive [ 63 ] [ 1 ] [ 1897 1926 1910 ] [   19    1   22 ] [   9100  17593  18124 ] [ 0 ],0.90,0.90,0.90,0.90,125.58,-21.73,0.00,1.10,1.10,1.10,1.10,0.00,0.00,0.00,0.00,0.00,0.00,1.10,0.00,0.00,0.00,0
0.104739,146,-23,627,0,DRIVE [ 64 ] [ 1 ] [ 1883 1926 1903 ] [    0    0    0 ] [      0      0      0 ] [ 0 ],drive [ 64 ] [ 1 ] [ 1891 1926 1906 ] [   19    1   22 ] [   9100  17593  18124 ] [ 0 ],0.90,0.90,0.90,0.90,131.41,-20.69,0.00,1.10,1.10,1.10,1.10,0.00,0.00,0.00,0.00,0.00,0.00,1.10,0.00,0.00,0.00,0
0.118974,150,-21,612,0,DRIVE [ 65 ] [ 1 ] [ 1875 1926 1899 ] [    0    0    0 ] [      0      0      0 ] [ 0 ],drive [ 64 ] [ 1 ] [ 1883 1926 1903 ] [   19    1   22 ] [   8380  17584  18129 ] [ 0 ],0.90,0.90,0.90,0.90,135.11,-19.32,0.00,1.10,1.10,1.10,1.10,0.00,0.00,0.00,0.00,0.00,0.00,1.10,0.00,0.00,0.00,0
0.132863,158,-20,611,0,DRIVE [ 65 ] [ 1 ] [ 1865 1926 1895 ] [    0    0    0 ] [      0      0      0 ] [ 0 ],drive [ 65 ] [ 1 ] [ 1875 1926 1899 ] [    7    6   24 ] [   8380  17584  18129 ] [ 0 ],0.90,0.90,0.90,0.90,142.29,-18.19,0.00,1.10,1.10,1.10,1.10,0.00,0.00,0.00,0.00,0.00,0.00,1.10,0.00,0.00,0.00,0
0.147728,186,102,613,0,DRIVE [ 66 ] [ 1 ] [ 1798 1926 1919 ] [    0    0    0 ] [      0      0      0 ] [ 0 ],drive [ 65 ] [ 1 ] [ 1865 1926 1895 ] [    7    6   24 ] [   8380  17584  18129 ] [ 0 ],0.90,0.90,0.90,0.90,167.68,91.68,0.00,1.10,1.10,1.10,1.10,0.00,0.00,0.00,0.00,0.00,0.00,1.10,0.00,0.00,0.00,0
0.162907,195,107,627,0,DRIVE [ 66 ] [ 1 ] [ 1782 1926 1918 ] [    0    0    0 ] [      0      0      0 ] [ 0 ],drive [ 66 ] [ 1 ] [ 1798 1926 1919 ] [    7    6   24 ] [   8380  17584  18129 ] [ 0 ],0.90,0.90,0.90,0.90,175.24,96.26,0.00,1.10,1.10,1.10,1.10,0.00,0.00,0.00,0.00,0.00,0.00,1.10,0.00,0.00,0.00,0
0.180292,193,108,616,0,DRIVE [ 67 ] [ 1 ] [ 1765 1926 1918 ] [    0    0    0 ] [      0      0      0 ] [ 0 ],drive [ 66 ] [ 1 ] [ 1782 1926 1918 ] [    7    6   24 ] [   8388  17578  18129 ] [ 0 ],0.90,0.90,0.90,0.90,173.94,97.31,0.00,1.10,1.10,1.10,1.10,0.00,0.00,0.00,0.00,0.00,0.00,1.10,-0.00,-0.00,0.00,0
0.194701,194,110,615,0,DRIVE [ 67 ] [ 1 ] [ 1747 1926 1917 ] [    0    0    0 ] [      0      0      0 ] [ 0 ],drive [ 67 ] [ 1 ] [ 1765 1926 1918 ] [   18   12   22 ] [   8388  17578  18129 ] [ 0 ],0.90,0.90,0.90,0.90,175.03,99.00,0.00,1.10,1.10,1.10,1.10,0.00,0.00,0.00,0.00,0.00,0.00,1.10,0.00,0.00,0.00,0
0.20928,197,113,614,0,DRIVE [ 68 ] [ 1 ] [ 1730 1926 1917 ] [    0    0    0 ] [      0      0      0 ] [ 0 ],drive [ 67 ] [ 1 ] [ 1747 1926 1917 ] [   18   12   22 ] [   8388  17578  18129 ] [ 0 ],0.90,0.90,0.90,0.90,177.35,101.70,0.00,1.10,1.10,1.10,1.10,0.00,0.00,0.00,0.00,0.00,0.00,1.10,0.00,0.00,0.00,0
0.223407,198,114,610,0,DRIVE [ 68 ] [ 1 ] [ 1713 1926 1917 ] [    0    0    0 ] [      0      0      0 ] [ 0 ],drive [ 68 ] [ 1 ] [ 1730 1926 1917 ] [   18   12   22 ] [   8428  17557  18127 ] [ 0 ],0.90,0.90,0.90,0.90,178.50,102.99,0.00,1.10,1.10,1.10,1.10,0.00,0.00,0.00,0.00,0.00,0.00,1.10,0.00,0.00,0.00,0
0.237532,201,116,611,0,DRIVE [ 69 ] [ 1 ] [ 1697 1926 1916 ] [    0    0    0 ] [      0      0      0 ] [ 0 ],drive [ 68 ] [ 1 ] [ 1713 1926 1917 ] [   40   25   23 ] [   8428  17557  18127 ] [ 0 ],0.90,0.90,0.90,0.90,181.29,104.54,0.00,1.10,1.10,1.10,1.10,0.00,0.00,0.00,0.00,0.00,0.00,1.10,0.00,0.00,0.00,0
0.252231,203,117,607,0,DRIVE [ 69 ] [ 1 ] [ 1680 1926 1915 ] [    0    0    0 ] [      0      0      0 ] [ 0 ],drive [ 69 ] [ 1 ] [ 1697 1926 1916 ] [   40   25   23 ] [   8428  17557  18127 ] [ 0 ],0.90,0.90,0.90,0.90,182.89,105.12,0.00,1.10,1.10,1.10,1.10,0.00,0.00,0.00,0.00,0.00,0.00,1.10,0.00,0.00,0.00,0
0.266913,205,117,601,0,DRIVE [ 70 ] [ 1 ] [ 1662 1926 1914 ] [    0    0    0 ] [      0      0      0 ] [ 0 ],drive [ 69 ] [ 1 ] [ 1680 1926 1915 ] [   40   25   23 ] [   8677  17484  18110 ] [ 0 ],0.90,0.90,0.90,0.90,184.89,105.34,0.00,1.10,1.10,1.10,1.10,0.00,0.00,0.00,0.00,0.00,0.00,1.10,0.00,0.00,0.00,0
0.28163,208,117,597,0,DRIVE [ 70 ] [ 1 ] [ 1643 1926 1912 ] [    0    0    0 ] [      0      0      0 ] [ 0 ],drive [ 70 ] [ 1 ] [ 1662 1926 1914 ] [   35    2   10 ] [   8677  17484  18110 ] [ 0 ],0.90,0.90,0.90,0.90,187.13,105.48,0.00,1.10,1.10,1.10,1.10,0.00,0.00,0.00,0.00,0.00,0.00,1.10,0.00,0.00,0.00,0
0.296514,210,117,593,0,DRIVE [ 71 ] [ 1 ] [ 1624 1926 1911 ] [    0    0    0 ] [      0      0      0 ] [ 0 ],drive [ 70 ] [ 1 ] [ 1643 1926 1912 ] [   35    2   10 ] [   8677  17484  18110 ] [ 0 ],0.90,0.90,0.90,0.90,189.30,105.44,0.00,1.10,1.10,1.10,1.10,0.00,0.00,0.00,0.00,0.00,0.00,1.10,0.00,0.00,0.00,0
0.312443,214,117,591,0,DRIVE [ 71 ] [ 1 ] [ 1605 1926 1909 ] [    0    0    0 ] [      0      0      0 ] [ 0 ],drive [ 71 ] [ 1 ] [ 1624 1926 1911 ] [   35    2   10 ] [   8677  17484  18110 ] [ 0 ],0.90,0.90,0.90,0.90,192.18,105.74,0.00,1.10,1.10,1.10,1.10,0.00,0.00,0.00,0.00,0.00,0.00,1.10,0.00,0.00,0.00,0
0.32729,215,117,585,0,DRIVE [ 72 ] [ 1 ] [ 1586 1926 1907 ] [    0    0    0 ] [      0      0      0 ] [ 0 ],drive [ 71 ] [ 1 ] [ 1605 1926 1909 ] [   35    2   10 ] [   8766  17210  18056 ] [ 0 ],0.90,0.90,0.90,0.90,193.13,105.04,0.00,1.10,1.10,1.10,1.10,0.00,0.00,0.00,0.00,0.00,0.00,1.10,0.00,0.00,0.00,0
0.341951,216,116,581,0,DRIVE [ 72 ] [ 1 ] [ 1567 1926 1905 ] [    0    0    0 ] [      0      0      0 ] [ 0 ],drive [ 72 ] [ 1 ] [ 1586 1926 1907 ] [   41    1   22 ] [   8766  17210  18056 ] [ 0 ],0.90,0.90,0.90,0.90,194.47,104.73,0.00,1.10,1.10,1.10,1.10,0.00,0.00,0.00,0.00,0.00,0.00,1.10,0.00,0.00,0.00,0
0.357083,217,114,571,0,DRIVE [ 73 ] [ 1 ] [ 1549 1926 1902 ] [    0    0    0 ] [      0      0      0 ] [ 0 ],drive [ 72 ] [ 1 ] [ 1567 1926 1905 ] [   41    1   22 ] [   8766  17210  18056 ] [ 0 ],0.90,0.90,0.90,0.90,194.85,102.40,0.00,1.10,1.10,1.10,1.10,0.00,0.00,0.00,0.00,0.00,0.00,1.10,0.00,0.00,0.00,0
0.371844,220,112,568,0,DRIVE [ 73 ] [ 1 ] [ 1530 1926 1899 ] [    0    0    0 ] [      0      0      0 ] [ 0 ],drive [ 73 ] [ 1 ] [ 1549 1926 1902 ] [   41    1   22 ] [   9029  17064  17920 ] [ 0 ],0.90,0.90,0.90,0.90,197.84,100.86,0.00,1.10,1.10,1.10,1.10,0.00,0.00,0.00,0.00,0.00,0.00,1.10,0.00,0.00,0.00,0
0.386441,221,109,561,0,DRIVE [ 74 ] [ 1 ] [ 1512 1926 1894 ] [    0    0    0 ] [      0      0      0 ] [ 0 ],drive [ 73 ] [ 1 ] [ 1530 1926 1899 ] [   51   10    3 ] [   9029  17064  17920 ] [ 0 ],0.90,0.90,0.90,0.90,199.31,98.16,0.00,1.10,1.10,1.10,1.10,0.00,0.00,0.00,0.00,0.00,0.00,1.10,0.00,0.00,0.00,0
0.40079,221,105,553,0,DRIVE [ 74 ] [ 1 ] [ 1496 1926 1890 ] [    0    0    0 ] [      0      0      0 ] [ 0 ],drive [ 74 ] [ 1 ] [ 1512 1926 1894 ] [   51   10    3 ] [   9029  17064  17920 ] [ 0 ],0.90,0.90,0.90,0.90,199.32,94.70,0.00,1.10,1.10,1.10,1.10,0.00,0.00,0.00,0.00,0.00,0.00,1.10,0.00,0.00,0.00,0
0.415417,223,103,550,0,DRIVE [ 75 ] [ 1 ] [ 1481 1926 1886 ] [    0    0    0 ] [      0      0      0 ] [ 0 ],drive [ 74 ] [ 1 ] [ 1496 1926 1890 ] [   51   10    3 ] [   9559  17060  17757 ] [ 0 ],0.90,0.90,0.90,0.90,200.32,92.64,0.00,1.10,1.10,1.10,1.10,0.00,0.00,0.00,0.00,0.00,0.00,1.10,0.00,0.00,0.00,0
0.430032,223,101,547,0,DRIVE [ 75 ] [ 1 ] [ 1466 1926 1883 ] [    0    0    0 ] [      0      0      0 ] [ 0 ],drive [ 75 ] [ 1 ] [ 1481 1926 1886 ] [   60   10   20 ] [   9559  17060  17757 ] [ 0 ],0.90,0.90,0.90,0.90,200.78,91.12,0.00,1.10,1.10,1.10,1.10,0.00,0.00,0.00,0.00,0.00,0.00,1.10,0.00,0.00,0.00,0
0.44494,221,99,538,0,DRIVE [ 76 ] [ 1 ] [ 1448 1926 1880 ] [    0    0    0 ] [      0      0      0 ] [ 0 ],drive [ 75 ] [ 1 ] [ 1466 1926 1883 ] [   60   10   20 ] [   9559  17060  17757 ] [ 0 ],0.90,0.90,0.90,0.90,199.31,89.11,0.00,1.10,1.10,1.10,1.10,0.00,0.00,0.00,0.00,0.00,0.00,1.10,0.00,0.00,0.00,0
0.459716,221,98,532,0,DRIVE [ 76 ] [ 1 ] [ 1430 1926 1877 ] [    0    0    0 ] [      0      0      0 ] [ 0 ],drive [ 76 ] [ 1 ] [ 1448 1926 1880 ] [   60   10   20 ] [   9559  17060  17757 ] [ 0 ],0.90,0.90,0.90,0.90,198.70,87.91,0.00,1.10,1.10,1.10,1.10,0.00,0.00,0.00,0.00,0.00,0.00,1.10,0.00,0.00,0.00,0
0.474207,219,97,524,0,DRIVE [ 77 ] [ 1 ] [ 1411 1926 1875 ] [    0    0    0 ] [      0      0      0 ] [ 0 ],drive [ 76 ] [ 1 ] [ 1430 1926 1877 ] [   60   10   20 ] [   9950  17060  17741 ] [ 0 ],0.90,0.90,0.90,0.90,197.40,87.20,0.00,1.10,1.10,1.10,1.10,0.00,0.00,0.00,0.00,0.00,0.00,1.10,0.00,0.00,0.00,0
0.488183,220,98,522,0,DRIVE [ 77 ] [ 1 ] [ 1391 1926 1874 ] [    0    0    0 ] [      0      0      0 ] [ 0 ],drive [ 77 ] [ 1 ] [ 1411 1926 1875 ] [   47   10   25 ] [   9950  17060  17741 ] [ 0 ],0.90,0.90,0.90,0.90,197.73,87.76,0.00,1.10,1.10,1.10,1.10,0.00,0.00,0.00,0.00,0.00,0.00,1.10,0.00,0.00,0.00,0
0.502809,220,99,517,0,DRIVE [ 78 ] [ 1 ] [ 1369 1926 1873 ] [    0    0    0 ] [      0      0      0 ] [ 0 ],drive [ 77 ] [ 1 ] [ 1391 1926 1874 ] [   47   10   25 ] [   9950  17060  17741 ] [ 0 ],0.90,0.90,0.90,0.90,197.82,88.80,0.00,1.10,1.10,1.10,1.10,0.00,0.00,0.00,0.00,0.00,0.00,1.10,0.00,0.00,0.00,0
0.517215,219,99,510,0,DRIVE [ 78 ] [ 1 ] [ 1346 1926 1872 ] [    0    0    0 ] [      0      0      0 ] [ 0 ],drive [ 78 ] [ 1 ] [ 1369 1926 1873 ] [   47   10   25 ] [  10344  17060  17512 ] [ 0 ],0.90,0.90,0.90,0.90,197.00,89.34,0.00,1.10,1.10,1.10,1.10,0.00,0.00,0.00,0.00,0.00,0.00,1.10,0.00,0.00,0.00,0
0.53171,217,99,502,0,DRIVE [ 79 ] [ 1 ] [ 1324 1926 1871 ] [    0    0    0 ] [      0      0      0 ] [ 0 ],drive [ 78 ] [ 1 ] [ 1346 1926 1872 ] [   66    9   14 ] [  10344  17060  17512 ] [ 0 ],0.90,0.90,0.90,0.90,195.49,89.17,0.00,1.10,1.10,1.10,1.10,0.00,0.00,0.00,0.00,0.00,0.00,1.10,-0.00,-0.00,0.00,0
0.546179,217,98,494,0,DRIVE [ 79 ] [ 1 ] [ 1302 1926 1868 ] [    0    0    0 ] [      0      0      0 ] [ 0 ],drive [ 79 ] [ 1 ] [ 1324 1926 1871 ] [   66    9   14 ] [  10344  17060  17512 ] [ 0 ],0.90,0.90,0.90,0.90,195.06,88.45,0.00,1.10,1.10,1.10,1.10,0.00,0.00,0.00,0.00,0.00,0.00,1.10,-0.00,-0.00,0.00,0
0.56047,217,97,488,0,DRIVE [ 80 ] [ 1 ] [ 1280 1926 1865 ] [    0    0    0 ] [      0      0      0 ] [ 0 ],drive [ 79 ] [ 1 ] [ 1302 1926 1868 ] [   66    9   14 ] [  10344  17060  17512 ] [ 0 ],0.90,0.90,0.90,0.90,195.02,87.71,0.00,1.10,1.10,1.10,1.10,0.00,0.00,0.00,0.00,0.00,0.00,1.10,-0.00,-0.00,0.00,0
0.574278,217,97,482,0,DRIVE [ 80 ] [ 1 ] [ 1257 1926 1861 ] [    0    0    0 ] [      0      0      0 ] [ 0 ],drive [ 80 ] [ 1 ] [ 1280 1926 1865 ] [   66    9   14 ] [  10539  16970  17395 ] [ 0 ],0.90,0.90,0.90,0.90,195.21,87.07,0.00,1.10,1.10,1.10,1.10,0.00,0.00,0.00,0.00,0.00,0.00,1.10,-0.00,-0.00,0.00,0
0.588563,217,95,472,0,DRIVE [ 81 ] [ 1 ] [ 1234 1926 1857 ] [    0    0    0 ] [      0      0      0 ] [ 0 ],drive [ 80 ] [ 1 ] [ 1257 1926 1861 ] [   65    9    4 ] [  10539  16970  17395 ] [ 0 ],0.90,0.90,0.90,0.90,194.99,85.34,0.00,1.10,1.10,1.10,1.10,0.00,0.00,0.00,0.00,0.00,0.00,1.10,-0.00,-0.00,0.00,0
0.602896,216,93,462,0,DRIVE [ 81 ] [ 1 ] [ 1230 1926 1852 ] [    0    0    0 ] [      0      0      0 ] [ 0 ],drive [ 81 ] [ 1 ] [ 1234 1926 1857 ] [   65    9    4 ] [  10539  16970  17395 ] [ 0 ],0.90,0.90,0.90,0.90,194.42,84.07,0.00,1.10,1.10,1.10,1.10,0.00,0.00,0.00,0.00,0.00,0.00,1.10,-0.00,-0.00,0.00,0
0.617292,215,93,452,0,DRIVE [ 82 ] [ 1 ] [ 1230 1926 1849 ] [    0    0    0 ] [      0      0      0 ] [ 0 ],drive [ 81 ] [ 1 ] [ 1230 1926 1852 ] [   65    9    4 ] [  10685  16822  17382 ] [ 0 ],0.90,0.90,0.90,0.90,193.27,83.51,0.00,1.10,1.10,1.10,1.10,0.00,0.00,0.00,0.00,0.00,0.00,1.10,-0.00,-0.00,0.00,0
0.631737,213,93,443,0,DRIVE [ 82 ] [ 1 ] [ 1230 1926 1848 ] [    0    0    0 ] [      0      0      0 ] [ 0 ],drive [ 82 ] [ 1 ] [ 1230 1926 1849 ] [   80    2    7 ] [  10685  16822  17382 ] [ 0 ],0.90,0.90,0.90,0.90,191.88,83.78,0.00,1.10,1.10,1.10,1.10,0.00,0.00,0.00,0.00,0.00,0.00,1.10,-0.00,-0.00,0.00,0
0.646165,211,94,434,0,DRIVE [ 83 ] [ 1 ] [ 1230 1926 1848 ] [    0    0    0 ] [      0      0      0 ] [ 0 ],drive [ 82 ] [ 1 ] [ 1230 1926 1848 ] [   80    2    7 ] [  10685  16822  17382 ] [ 0 ],0.90,0.90,0.90,0.90,190.34,85.00,0.00,1.10,1.10,1.10,1.10,0.00,0.00,0.00,0.00,0.00,0.00,1.10,-0.00,-0.00,0.00,0
0.66031,210,95,425,0,DRIVE [ 83 ] [ 1 ] [ 1230 1926 1848 ] [    0    0    0 ] [      0      0      0 ] [ 0 ],drive [ 83 ] [ 1 ] [ 1230 1926 1848 ] [   80    2    7 ] [  10685  16822  17382 ] [ 0 ],0.90,0.90,0.90,0.90,189.23,85.67,0.00,1.10,1.10,1.10,1.10,0.00,0.00,0.00,0.00,0.00,0.00,1.10,-0.00,-0.00,0.00,0
0.674877,209,95,415,0,DRIVE [ 84 ] [ 1 ] [ 1230 1926 1846 ] [    0    0    0 ] [      0      0      0 ] [ 0 ],drive [ 83 ] [ 1 ] [ 1230 1926 1848 ] [   80    2    7 ] [  10971  16721  17320 ] [ 0 ],0.90,0.90,0.90,0.90,187.75,85.37,0.00,1.10,1.10,1.10,1.10,0.00,0.00,0.00,0.00,0.00,0.00,1.10,-0.00,-0.00,0.00,0
0.692645,207,94,406,0,DRIVE [ 84 ] [ 1 ] [ 1230 1926 1842 ] [    0    0    0 ] [      0      0      0 ] [ 0 ],drive [ 84 ] [ 1 ] [ 1230 1926 1846 ] [   68    4   24 ] [  10971  16721  17320 ] [ 0 ],0.90,0.90,0.90,0.90,186.60,84.59,0.00,1.10,1.10,1.10,1.10,0.00,0.00,0.00,0.00,0.00,0.00,1.10,-0.00,-0.00,0.00,0
0.706503,207,94,399,0,DRIVE [ 85 ] [ 1 ] [ 1230 1926 1839 ] [    0    0    0 ] [      0      0      0 ] [ 0 ],drive [ 84 ] [ 1 ] [ 1230 1926 1842 ] [   68    4   24 ] [  10971  16721  17320 ] [ 0 ],0.90,0.90,0.90,0.90,186.13,84.45,0.00,1.10,1.10,1.10,1.10,0.00,0.00,0.00,0.00,0.00,0.00,1.10,-0.00,-0.00,0.00,0
0.720711,205,94,390,0,DRIVE [ 85 ] [ 1 ] [ 1230 1926 1838 ] [    0    0    0 ] [      0      0      0 ] [ 0 ],drive [ 85 ] [ 1 ] [ 1230 1926 1839 ] [   68    4   24 ] [  11261  16706  17286 ] [ 0 ],0.90,0.90,0.90,0.90,184.71,84.81,0.00,1.10,1.10,1.10,1.10,0.00,0.00,0.00,0.00,0.00,0.00,1.10,-0.00,-0.00,0.00,0
0.734104,204,95,382,0,DRIVE [ 86 ] [ 1 ] [ 1230 1926 1838 ] [    0    0    0 ] [      0      0      0 ] [ 0 ],drive [ 85 ] [ 1 ] [ 1230 1926 1838 ] [   71    4   16 ] [  11261  16706  17286 ] [ 0 ],0.90,0.90,0.90,0.90,183.88,85.58,0.00,1.10,1.10,1.10,1.10,0.00,0.00,0.00,0.00,0.00,0.00,1.10,-0.00,-0.00,0.00,0
0.748494,203,96,374,0,DRIVE [ 86 ] [ 1 ] [ 1230 1926 1838 ] [    0    0    0 ] [      0      0      0 ] [ 0 ],drive [ 86 ] [ 1 ] [ 1230 1926 1838 ] [   71    4   16 ] [  11261  16706  17286 ] [ 0 ],0.90,0.90,0.90,0.90,183.01,86.31,0.00,1.10,1.10,1.10,1.10,0.00,0.00,0.00,0.00,0.00,0.00,1.10,-0.00,-0.00,0.00,0
0.763145,204,98,366,0,DRIVE [ 87 ] [ 1 ] [ 1230 1926 1837 ] [    0    0    0 ] [      0      0      0 ] [ 0 ],drive [ 86 ] [ 1 ] [ 1230 1926 1838 ] [   71    4   16 ] [  11261  16716  17223 ] [ 0 ],0.90,0.90,0.90,0.90,183.54,87.82,0.00,1.10,1.10,1.10,1.10,0.00,0.00,0.00,0.00,0.00,0.00,1.10,-0.00,-0.00,0.00,0
0.777517,203,98,356,0,DRIVE [ 87 ] [ 1 ] [ 1230 1926 1835 ] [    0    0    0 ] [      0      0      0 ] [ 0 ],drive [ 87 ] [ 1 ] [ 1230 1926 1837 ] [   71    4   16 ] [  11261  16716  17223 ] [ 0 ],0.90,0.90,0.90,0.90,183.06,88.40,0.00,1.10,1.10,1.10,1.10,0.00,0.00,0.00,0.00,0.00,0.00,1.10,-0.00,-0.00,0.00,0
0.797227,205,99,348,0,DRIVE [ 88 ] [ 1 ] [ 1230 1926 1831 ] [    0    0    0 ] [      0      0      0 ] [ 0 ],drive [ 87 ] [ 1 ] [ 1230 1926 1835 ] [   78    9   28 ] [  11261  16716  17223 ] [ 0 ],0.90,0.90,0.90,0.90,184.60,89.23,0.00,1.10,1.10,1.10,1.10,0.00,0.00,0.00,0.00,0.00,0.00,1.10,-0.00,-0.00,0.00,0
0.811322,206,100,339,0,DRIVE [ 88 ] [ 1 ] [ 1230 1926 1826 ] [    0    0    0 ] [      0      0      0 ] [ 0 ],drive [ 88 ] [ 1 ] [ 1230 1926 1831 ] [   78    9   28 ] [  11261  16716  17223 ] [ 0 ],0.90,0.90,0.90,0.90,185.59,89.56,0.00,1.10,1.10,1.10,1.10,0.00,0.00,0.00,0.00,0.00,0.00,1.10,-0.00,-0.00,0.00,0
0.824489,208,101,333,0,DRIVE [ 89 ] [ 1 ] [ 1230 1926 1823 ] [    0    0    0 ] [      0      0      0 ] [ 0 ],drive [ 88 ] [ 1 ] [ 1230 1926 1826 ] [   78    9   28 ] [  11422  16721  17147 ] [ 0 ],0.90,0.90,0.90,0.90,187.37,90.53,0.00,1.10,1.10,1.10,1.10,0.00,0.00,0.00,0.00,0.00,0.00,1.10,-0.00,-0.00,0.00,0
0.837657,208,101,325,0,DRIVE [ 89 ] [ 1 ] [ 1230 1926 1820 ] [    0    0    0 ] [      0      0      0 ] [ 0 ],drive [ 89 ] [ 1 ] [ 1230 1926 1823 ] [   81   10   23 ] [  11422  16721  17147 ] [ 0 ],0.90,0.90,0.90,0.90,187.19,90.78,0.00,1.10,1.10,1.10,1.10,0.00,0.00,0.00,0.00,0.00,0.00,1.10,-0.00,-0.00,0.00,0
0.851006,207,101,315,0,DRIVE [ 90 ] [ 1 ] [ 1230 1926 1819 ] [    0    0    0 ] [      0      0      0 ] [ 0 ],drive [ 89 ] [ 1 ] [ 1230 1926 1820 ] [   81   10   23 ] [  11422  16721  17147 ] [ 0 ],0.90,0.90,0.90,0.90,185.88,90.97,0.00,1.10,1.10,1.10,1.10,0.00,0.00,0.00,0.00,0.00,0.00,1.10,-0.00,-0.00,0.00,0
0.86414,204,101,306,0,DRIVE [ 90 ] [ 1 ] [ 1230 1926 1819 ] [    0    0    0 ] [      0      0      0 ] [ 0 ],drive [ 90 ] [ 1 ] [ 1230 1926 1819 ] [   81   10   23 ] [  11511  16714  17105 ] [ 0 ],0.90,0.90,0.90,0.90,183.92,91.12,0.00,1.10,1.10,1.10,1.10,0.00,0.00,0.00,0.00,0.00,0.00,1.10,-0.00,-0.00,0.00,0
0.877432,205,103,301,0,DRIVE [ 91 ] [ 1 ] [ 1230 1926 1820 ] [    0    0    0 ] [      0      0      0 ] [ 0 ],drive [ 90 ] [ 1 ] [ 1230 1926 1819 ] [   83    7   28 ] [  11511  16714  17105 ] [ 0 ],0.90,0.90,0.90,0.90,184.36,92.53,0.00,1.10,1.10,1.10,1.10,0.00,0.00,0.00,0.00,0.00,0.00,1.10,-0.00,-0.00,0.00,0
0.89132,203,104,292,0,DRIVE [ 91 ] [ 1 ] [ 1230 1926 1821 ] [    0    0    0 ] [      0      0      0 ] [ 0 ],drive [ 91 ] [ 1 ] [ 1230 1926 1820 ] [   83    7   28 ] [  11511  16714  17105 ] [ 0 ],0.90,0.90,0.90,0.90,182.83,93.34,0.00,1.10,1.10,1.10,1.10,0.00,0.00,0.00,0.00,0.00,0.00,1.10,-0.00,-0.00,0.00,0
0.904012,202,104,285,0,DRIVE [ 92 ] [ 1 ] [ 1230 1926 1822 ] [    0    0    0 ] [      0      0      0 ] [ 0 ],drive [ 91 ] [ 1 ] [ 1230 1926 1821 ] [   83    7   28 ] [  11511  16714  17105 ] [ 0 ],0.90,0.90,0.90,0.90,181.76,94.04,0.00,1.10,1.10,1.10,1.10,0.00,0.00,0.00,0.00,0.00,0.00,1.10,-0.00,-0.00,0.00,0
0.917089,199,104,276,0,DRIVE [ 92 ] [ 1 ] [ 1230 1926 1823 ] [    0    0    0 ] [      0      0      0 ] [ 0 ],drive [ 92 ] [ 1 ] [ 1230 1926 1822 ] [   83    7   28 ] [  11591  16700  17015 ] [ 0 ],0.90,0.90,0.90,0.90,179.47,93.79,0.00,1.10,1.10,1.10,1.10,0.00,0.00,0.00,0.00,0.00,0.00,1.10,-0.00,-0.00,0.00,0
0.929148,197,104,269,0,DRIVE [ 93 ] [ 1 ] [ 1230 1926 1823 ] [    0    0    0 ] [      0      0      0 ] [ 0 ],drive [ 92 ] [ 1 ] [ 1230 1926 1823 ] [   74    4   13 ] [  11591  16700  17015 ] [ 0 ],0.90,0.90,0.90,0.90,177.30,93.46,0.00,1.10,1.10,1.10,1.10,0.00,0.00,0.00,0.00,0.00,0.00,1.10,-0.00,-0.00,0.00,0
0.941539,195,104,263,0,DRIVE [ 93 ] [ 1 ] [ 1230 1926 1824 ] [    0    0    0 ] [      0      0      0 ] [ 0 ],drive [ 93 ] [ 1 ] [ 1230 1926 1823 ] [   74    4   13 ] [  11591  16700  17015 ] [ 0 ],0.90,0.90,0.90,0.90,175.53,93.21,0.00,1.10,1.10,1.10,1.10,0.00,0.00,0.00,0.00,0.00,0.00,1.10,-0.00,-0.00,0.00,0
0.953582,192,104,256,0,DRIVE [ 94 ] [ 1 ] [ 1230 1926 1828 ] [    0    0    0 ] [      0      0      0 ] [ 0 ],drive [ 93 ] [ 1 ] [ 1230 1926 1824 ] [   74    4   13 ] [  11591  16700  17015 ] [ 0 ],0.90,0.90,0.90,0.90,172.93,93.60,0.00,1.10,1.10,1.10,1.10,0.00,0.00,0.00,0.00,0.00,0.00,1.10,-0.00,-0.00,0.00,0
0.965552,189,104,250,0,DRIVE [ 94 ] [ 1 ] [ 1230 1926 1834 ] [    0    0    0 ] [      0      0      0 ] [ 0 ],drive [ 94 ] [ 1 ] [ 1230 1926 1828 ] [   74    4   13 ] [  11663  16676  16923 ] [ 0 ],0.90,0.90,0.90,0.90,169.91,93.99,0.00,1.10,1.10,1.10,1.10,0.00,0.00,0.00,0.00,0.00,0.00,1.10,-0.00,-0.00,0.00,0
0.977775,185,105,243,0,DRIVE [ 95 ] [ 1 ] [ 1230 1926 1842 ] [    0    0    0 ] [      0      0      0 ] [ 0 ],drive [ 94 ] [ 1 ] [ 1230 1926 1834 ] [   86   11   12 ] [  11663  16676  16923 ] [ 0 ],0.90,0.90,0.90,0.90,166.64,94.70,0.00,1.10,1.10,1.10,1.10,0.00,0.00,0.00,0.00,0.00,0.00,1.10,-0.00,-0.00,0.00,0
0.989276,182,107,238,0,DRIVE [ 95 ] [ 1 ] [ 1230 1926 1853 ] [    0    0    0 ] [      0      0      0 ] [ 0 ],drive [ 95 ] [ 1 ] [ 1230 1926 1842 ] [   86   11   12 ] [  11663  16676  16923 ] [ 0 ],0.90,0.90,0.90,0.90,164.21,96.21,0.00,1.10,1.10,1.10,1.10,0.00,0.00,0.00,0.00,0.00,0.00,1.10,-0.00,-0.00,0.00,0
1.0007,179,108,232,0,DRIVE [ 96 ] [ 1 ] [ 1230 1926 1864 ] [    0    0    0 ] [      0      0      0 ] [ 0 ],drive [ 95 ] [ 1 ] [ 1230 1926 1853 ] [   86   11   12 ] [  11663  16676  16923 ] [ 0 ],0.90,0.90,0.90,0.90,160.91,97.10,0.00,1.10,1.10,1.10,1.10,0.00,0.00,0.00,0.00,0.00,0.00,1.10,-0.00,-0.00,0.00,0
1.01266,174,108,226,0,DRIVE [ 96 ] [ 1 ] [ 1230 1926 1875 ] [    0    0    0 ] [      0      0      0 ] [ 0 ],drive [ 96 ] [ 1 ] [ 1230 1926 1864 ] [   86   11   12 ] [  11832  16677  16869 ] [ 0 ],0.90,0.90,0.90,0.90,156.96,97.56,0.00,1.10,1.10,1.10,1.10,0.00,0.00,0.00,0.00,0.00,0.00,1.10,-0.00,-0.00,0.00,0
1.02394,172,110,222,0,DRIVE [ 97 ] [ 1 ] [ 1230 1926 1888 ] [    0    0    0 ] [      0      0      0 ] [ 0 ],drive [ 96 ] [ 1 ] [ 1230 1926 1875 ] [   86   11   12 ] [  11832  16677  16869 ] [ 0 ],0.90,0.90,0.90,0.90,154.37,98.99,0.00,1.10,1.10,1.10,1.10,0.00,0.00,0.00,0.00,0.00,0.00,1.10,-0.00,-0.00,0.00,0
1.0354,167,111,217,0,DRIVE [ 97 ] [ 1 ] [ 1230 1926 1901 ] [    0    0    0 ] [      0      0      0 ] [ 0 ],drive [ 97 ] [ 1 ] [ 1230 1926 1888 ] [   79   10   17 ] [  11832  16677  16869 ] [ 0 ],0.90,0.90,0.90,0.90,150.58,99.50,0.00,1.10,1.10,1.10,1.10,0.00,0.00,0.00,0.00,0.00,0.00,1.10,-0.00,-0.00,0.00,0
1.04736,163,111,212,0,DRIVE [ 98 ] [ 1 ] [ 1230 1926 1915 ] [    0    0    0 ] [      0      0      0 ] [ 0 ],drive [ 97 ] [ 1 ] [ 1230 1926 1901 ] [   79   10   17 ] [  11832  16677  16869 ] [ 0 ],0.90,0.90,0.90,0.90,146.68,100.23,0.00,1.10,1.10,1.10,1.10,0.00,0.00,0.00,0.00,0.00,0.00,1.10,-0.00,-0.00,0.00,0
1.05815,160,113,209,0,DRIVE [ 98 ] [ 1 ] [ 1230 1921 1915 ] [    0    0    0 ] [      0      0      0 ] [ 0 ],drive [ 98 ] [ 1 ] [ 1230 1926 1915 ] [   79   10   17 ] [  11832  16677  16869 ] [ 0 ],0.90,0.90,0.90,0.90,143.63,101.50,0.00,1.10,1.10,1.10,1.10,0.00,0.00,0.00,0.00,0.00,0.00,1.10,-0.00,-0.00,0.00,0
1.0706,156,114,205,0,DRIVE [ 99 ] [ 1 ] [ 1230 1904 1915 ] [    0    0    0 ] [      0      0      0 ] [ 0 ],drive [ 98 ] [ 1 ] [ 1230 1921 1915 ] [   79   10   17 ] [  11955  16676  16733 ] [ 0 ],0.90,0.90,0.90,0.90,140.29,102.50,0.00,1.10,1.10,1.10,1.10,0.00,0.00,0.00,0.00,0.00,0.00,1.10,-0.00,-0.00,0.00,0
1.08187,151,114,200,0,DRIVE [ 99 ] [ 1 ] [ 1230 1886 1915 ] [    0    0    0 ] [      0      0      0 ] [ 0 ],drive [ 99 ] [ 1 ] [ 1230 1904 1915 ] [   74   10   23 ] [  11955  16676  16733 ] [ 0 ],0.90,0.90,0.90,0.90,135.84,102.79,0.00,1.10,1.10,1.10,1.10,0.00,0.00,0.00,0.00,0.00,0.00,1.10,-0.00,-0.00,0.00,0
1.09264,147,115,197,0,DRIVE [ 00 ] [ 1 ] [ 1230 1868 1915 ] [    0    0    0 ] [      0      0      0 ] [ 0 ],drive [ 99 ] [ 1 ] [ 1230 1886 1915 ] [   74   10   23 ] [  11955  16676  16733 ] [ 0 ],0.90,0.90,0.90,0.90,132.11,103.59,0.00,1.10,1.10,1.10,1.10,0.00,0.00,0.00,0.00,0.00,0.00,1.10,-0.00,-0.00,0.00,0
1.10418,142,115,193,0,DRIVE [ 00 ] [ 1 ] [ 1230 1849 1915 ] [    0    0    0 ] [      0      0      0 ] [ 0 ],drive [ 00 ] [ 1 ] [ 1230 1868 1915 ] [   74   10   23 ] [  11955  16676  16733 ] [ 0 ],0.90,0.90,0.90,0.90,127.38,103.65,0.00,1.10,1.10,1.10,1.10,0.00,0.00,0.00,0.00,0.00,0.00,1.10,-0.00,-0.00,0.00,0
1.11857,137,116,190,0,DRIVE [ 01 ] [ 1 ] [ 1230 1828 1915 ] [    0    0    0 ] [      0      0      0 ] [ 0 ],drive [ 00 ] [ 1 ] [ 1230 1849 1915 ] [   74   10   23 ] [  12162  16693  16469 ] [ 0 ],0.90,0.90,0.90,0.90,123.40,104.34,0.00,1.10,1.10,1.10,1.10,0.00,0.00,0.00,0.00,0.00,0.00,1.10,-0.00,-0.00,0.00,0
1.1324,132,116,187,0,DRIVE [ 01 ] [ 1 ] [ 1230 1809 1915 ] [    0    0    0 ] [      0      0      0 ] [ 0 ],drive [ 01 ] [ 1 ] [ 1230 1828 1915 ] [   65    9   11 ] [  12162  16693  16469 ] [ 0 ],0.90,0.90,0.90,0.90,119.04,104.51,0.00,1.10,1.10,1.10,1.10,0.00,0.00,0.00,0.00,0.00,0.00,1.10,-0.00,-0.00,0.00,0
1.1448,127,117,183,0,DRIVE [ 02 ] [ 1 ] [ 1230 1786 1915 ] [    0    0    0 ] [      0      0      0 ] [ 0 ],drive [ 01 ] [ 1 ] [ 1230 1809 1915 ] [   65    9   11 ] [  12162  16693  16469 ] [ 0 ],0.90,0.90,0.90,0.90,114.49,104.90,0.00,1.10,1.10,1.10,1.10,0.00,0.00,0.00,0.00,0.00,0.00,1.10,-0.00,-0.00,0.00,0
1.155,122,117,179,0,DRIVE [ 02 ] [ 1 ] [ 1230 1764 1915 ] [    0    0    0 ] [      0      0      0 ] [ 0 ],drive [ 02 ] [ 1 ] [ 1230 1786 1915 ] [   65    9   11 ] [  12162  16693  16469 ] [ 0 ],0.90,0.90,0.90,0.90,110.12,105.06,0.00,1.10,1.10,1.10,1.10,0.00,0.00,0.00,0.00,0.00,0.00,1.10,-0.00,-0.00,0.00,0
1.16564,118,117,174,0,DRIVE [ 03 ] [ 1 ] [ 1230 1744 1915 ] [    0    0    0 ] [      0      0      0 ] [ 0 ],drive [ 02 ] [ 1 ] [ 1230 1764 1915 ] [   65    9   11 ] [  12164  16710  16452 ] [ 0 ],0.90,0.90,0.90,0.90,105.95,104.96,0.00,1.10,1.10,1.10,1.10,0.00,0.00,0.00,0.00,0.00,0.00,1.10,-0.00,-0.00,0.00,0
1.17659,114,117,170,0,DRIVE [ 03 ] [ 1 ] [ 1230 1725 1915 ] [    0    0    0 ] [      0      0      0 ] [ 0 ],drive [ 03 ] [ 1 ] [ 1230 1744 1915 ] [   66   20   10 ] [  12164  16710  16452 ] [ 0 ],0.90,0.90,0.90,0.90,102.46,105.21,0.00,1.10,1.10,1.10,1.10,0.00,0.00,0.00,0.00,0.00,0.00,1.10,-0.00,-0.00,0.00,0
1.18639,111,118,167,0,DRIVE [ 04 ] [ 1 ] [ 1230 1707 1915 ] [    0    0    0 ] [      0      0      0 ] [ 0 ],drive [ 03 ] [ 1 ] [ 1230 1725 1915 ] [   66   20   10 ] [  12164  16710  16452 ] [ 0 ],0.90,0.90,0.90,0.90,99.82,106.04,0.00,1.10,1.10,1.10,1.10,0.00,0.00,0.00,0.00,0.00,0.00,1.10,-0.00,-0.00,0.00,0
1.19727,108,118,162,0,DRIVE [ 04 ] [ 1 ] [ 1230 1691 1915 ] [    0    0    0 ] [      0      0      0 ] [ 0 ],drive [ 04 ] [ 1 ] [ 1230 1707 1915 ] [   66   20   10 ] [  12164  16710  16452 ] [ 0 ],0.90,0.90,0.90,0.90,96.79,106.09,0.00,1.10,1.10,1.10,1.10,0.00,0.00,0.00,0.00,0.00,0.00,1.10,-0.00,-0.00,0.00,0
1.2078,105,118,159,0,DRIVE [ 05 ] [ 1 ] [ 1230 1675 1915 ] [    0    0    0 ] [      0      0      0 ] [ 0 ],drive [ 04 ] [ 1 ] [ 1230 1691 1915 ] [   66   20   10 ] [  12164  16710  16452 ] [ 0 ],0.90,0.90,0.90,0.90,94.33,106.56,0.00,1.10,1.10,1.10,1.10,0.00,0.00,0.00,0.00,0.00,0.00,1.10,-0.00,-0.00,0.00,0
1.21761,102,119,155,0,DRIVE [ 05 ] [ 1 ] [ 1230 1659 1915 ] [    0    0    0 ] [      0      0      0 ] [ 0 ],drive [ 05 ] [ 1 ] [ 1230 1675 1915 ] [   66   20   10 ] [  12164  16756  16452 ] [ 0 ],0.90,0.90,0.90,0.90,91.83,106.89,0.00,1.10,1.10,1.10,1.10,0.00,0.00,0.00,0.00,0.00,0.00,1.10,-0.00,-0.00,0.00,0
1.22764,99,119,151,0,DRIVE [ 06 ] [ 1 ] [ 1230 1643 1915 ] [    0    0    0 ] [      0      0      0 ] [ 0 ],drive [ 05 ] [ 1 ] [ 1230 1659 1915 ] [   66   37   10 ] [  12164  16756  16452 ] [ 0 ],0.90,0.90,0.90,0.90,89.11,106.91,0.00,1.10,1.10,1.10,1.10,0.00,0.00,0.00,0.00,0.00,0.00,1.10,-0.00,-0.00,0.00,0
1.23748,96,119,147,0,DRIVE [ 06 ] [ 1 ] [ 1230 1627 1915 ] [    0    0    0 ] [      0      0      0 ] [ 0 ],drive [ 06 ] [ 1 ] [ 1230 1643 1915 ] [   66   37   10 ] [  12164  16756  16452 ] [ 0 ],0.90,0.90,0.90,0.90,86.82,107.35,0.00,1.10,1.10,1.10,1.10,0.00,0.00,0.00,0.00,0.00,0.00,1.10,-0.00,-0.00,0.00,0
1.24785,94,119,143,0,DRIVE [ 07 ] [ 1 ] [ 1230 1614 1915 ] [    0    0    0 ] [      0      0      0 ] [ 0 ],drive [ 06 ] [ 1 ] [ 1230 1627 1915 ] [   66   37   10 ] [  12164  16756  16452 ] [ 0 ],0.90,0.90,0.90,0.90,84.67,107.45,0.00,1.10,1.10,1.10,1.10,0.00,0.00,0.00,0.00,0.00,0.00,1.10,-0.00,-0.00,0.00,0
1.25742,94,119,143,0,DRIVE [ 07 ] [ 1 ] [ 1230 1614 1915 ] [    0    0    0 ] [      0      0      0 ] [ 0 ],drive [ 07 ] [ 1 ] [ 1230 1614 1915 ] [   66   37   10 ] [  12164  16756  16452 ] [ 0 ],0.90,0.90,0.90,0.90,76.20,96.71,0.00,1.10,1.10,1.10,1.10,0.00,0.00,0.00,0.00,0.00,0.00,1.10,-0.00,-0.00,0.00,0
1.2666,94,119,143,0,DRIVE [ 08 ] [ 1 ] [ 1230 1631 1915 ] [    0    0    0 ] [      0      0      0 ] [ 0 ],drive [ 07 ] [ 1 ] [ 1230 1614 1915 ] [   66   37   10 ] [  12164  17154  16450 ] [ 0 ],0.90,0.90,0.90,0.90,68.58,87.03,0.00,1.10,1.10,1.10,1.10,0.00,0.00,0.00,0.00,0.00,0.00,1.10,-0.00,-0.00,0.00,0
1.2763,94,119,143,0,DRIVE [ 08 ] [ 1 ] [ 1230 1653 1915 ] [    0    0    0 ] [      0      0      0 ] [ 0 ],drive [ 08 ] [ 1 ] [ 1230 1631 1915 ] [   65   51   14 ] [  12164  17154  16450 ] [ 0 ],0.90,0.90,0.90,0.90,61.72,78.33,0.00,1.10,1.10,1.10,1.10,0.00,0.00,0.00,0.00,0.00,0.00,1.10,-0.00,-0.00,0.00,0
1.28549,94,119,143,0,DRIVE [ 09 ] [ 1 ] [ 1230 1675 1915 ] [    0    0    0 ] [      0      0      0 ] [ 0 ],drive [ 08 ] [ 1 ] [ 1230 1653 1915 ] [   65   51   14 ] [  12164  17154  16450 ] [ 0 ],0.90,0.90,0.90,0.90,55.55,70.50,0.00,1.10,1.10,1.10,1.10,0.00,0.00,0.00,0.00,0.00,0.00,1.10,-0.00,-0.00,0.00,0
1.2948,94,119,143,0,DRIVE [ 09 ] [ 1 ] [ 1230 1696 1915 ] [    0    0    0 ] [      0      0      0 ] [ 0 ],drive [ 09 ] [ 1 ] [ 1230 1675 1915 ] [   65   51   14 ] [  12164  17154  16450 ] [ 0 ],0.90,0.90,0.90,0.90,50.00,63.45,0.00,1.10,1.10,1.10,1.10,0.00,0.00,0.00,0.00,0.00,0.00,1.10,-0.00,-0.00,0.00,0
1.30521,94,119,143,0,DRIVE [ 10 ] [ 1 ] [ 1230 1715 1915 ] [    0    0    0 ] [      0      0      0 ] [ 0 ],drive [ 09 ] [ 1 ] [ 1230 1696 1915 ] [   65   51   14 ] [  12164  17154  16450 ] [ 0 ],0.90,0.90,0.90,0.90,45.00,57.10,0.00,1.10,1.10,1.10,1.10,0.00,0.00,0.00,0.00,0.00,0.00,1.10,-0.00,-0.00,0.00,0
1.31458,94,119,143,0,DRIVE [ 10 ] [ 1 ] [ 1230 1734 1915 ] [    0    0    0 ] [      0      0      0 ] [ 0 ],drive [ 10 ] [ 1 ] [ 1230 1715 1915 ] [   65   51   14 ] [  12164  17215  16423 ] [ 0 ],0.90,0.90,0.90,0.90,40.50,51.39,0.00,1.10,1.10,1.10,1.10,0.00,0.00,0.00,0.00,0.00,0.00,1.10,-0.00,-0.00,0.00,0
1.3241,94,119,143,0,DRIVE [ 11 ] [ 1 ] [ 1230 1751 1915 ] [    0    0    0 ] [      0      0      0 ] [ 0 ],drive [ 10 ] [ 1 ] [ 1230 1734 1915 ] [   66   41   22 ] [  12164  17215  16423 ] [ 0 ],0.90,0.90,0.90,0.90,36.45,46.25,0.00,1.10,1.10,1.10,1.10,0.00,0.00,0.00,0.00,0.00,0.00,1.10,-0.00,-0.00,0.00,0
1.33326,94,119,143,0,DRIVE [ 11 ] [ 1 ] [ 1230 1767 1915 ] [    0    0    0 ] [      0      0      0 ] [ 0 ],drive [ 11 ] [ 1 ] [ 1230 1751 1915 ] [   66   41   22 ] [  12164  17215  16423 ] [ 0 ],0.90,0.90,0.90,0.90,32.80,41.63,0.00,1.10,1.10,1.10,1.10,0.00,0.00,0.00,0.00,0.00,0.00,1.10,-0.00,-0.00,0.00,0
1.34483,94,119,143,0,DRIVE [ 12 ] [ 1 ] [ 1230 1782 1915 ] [    0    0    0 ] [      0      0      0 ] [ 0 ],drive [ 11 ] [ 1 ] [ 1230 1767 1915 ] [   66   41   22 ] [  12164  17215  16423 ] [ 0 ],0.90,0.90,0.90,0.90,29.52,37.47,0.00,1.10,1.10,1.10,1.10,0.00,0.00,0.00,0.00,0.00,0.00,1.10,-0.00,-0.00,0.00,0
1.35387,94,119,143,0,DRIVE [ 12 ] [ 1 ] [ 1230 1795 1915 ] [    0    0    0 ] [      0      0      0 ] [ 0 ],drive [ 12 ] [ 1 ] [ 1230 1782 1915 ] [   66   41   22 ] [  12164  17215  16423 ] [ 0 ],0.90,0.90,0.90,0.90,26.57,33.72,0.00,1.10,1.10,1.10,1.10,0.00,0.00,0.00,0.00,0.00,0.00,1.10,-0.00,-0.00,0.00,0
1.36488,94,119,143,0,DRIVE [ 13 ] [ 1 ] [ 1269 1808 1915 ] [    0    0    0 ] [      0      0      0 ] [ 0 ],drive [ 12 ] [ 1 ] [ 1230 1795 1915 ] [   66   41   22 ] [  12164  17183  16423 ] [ 0 ],0.90,0.90,0.90,0.90,23.91,30.35,0.00,1.10,1.10,1.10,1.10,0.00,0.00,0.00,0.00,0.00,0.00,1.10,-0.00,-0.00,0.00,0
1.37688,94,119,143,0,DRIVE [ 13 ] [ 1 ] [ 1332 1819 1915 ] [    0    0    0 ] [      0      0      0 ] [ 0 ],drive [ 13 ] [ 1 ] [ 1269 1808 1915 ] [   65   28   22 ] [  12164  17183  16423 ] [ 0 ],0.90,0.90,0.90,0.90,21.52,27.31,0.00,1.10,1.10,1.10,1.10,0.00,0.00,0.00,0.00,0.00,0.00,1.10,-0.00,-0.00,0.00,0
1.38871,94,119,143,0,DRIVE [ 14 ] [ 1 ] [ 1390 1829 1915 ] [    0    0    0 ] [      0      0      0 ] [ 0 ],drive [ 13 ] [ 1 ] [ 1332 1819 1915 ] [   65   28   22 ] [  12164  17183  16423 ] [ 0 ],0.90,0.90,0.90,0.90,19.37,24.58,0.00,1.10,1.10,1.10,1.10,0.00,0.00,0.00,0.00,0.00,0.00,1.10,-0.00,-0.00,0.00,0
1.40058,94,119,143,0,DRIVE [ 14 ] [ 1 ] [ 1442 1839 1915 ] [    0    0    0 ] [      0      0      0 ] [ 0 ],drive [ 14 ] [ 1 ] [ 1390 1829 1915 ] [   65   28   22 ] [  12164  17183  16423 ] [ 0 ],0.90,0.90,0.90,0.90,17.43,22.12,0.00,1.10,1.10,1.10,1.10,0.00,0.00,0.00,0.00,0.00,0.00,1.10,-0.00,-0.00,0.00,0
1.41023,94,119,143,0,DRIVE [ 15 ] [ 1 ] [ 1489 1847 1915 ] [    0    0    0 ] [      0      0      0 ] [ 0 ],drive [ 14 ] [ 1 ] [ 1442 1839 1915 ] [   65   28   22 ] [  12160  17183  16423 ] [ 0 ],0.90,0.90,0.90,0.90,15.69,19.91,0.00,1.10,1.10,1.10,1.10,0.00,0.00,0.00,0.00,0.00,0.00,1.10,-0.00,-0.00,0.00,0
1.42064,94,119,143,0,DRIVE [ 15 ] [ 1 ] [ 1532 1855 1915 ] [    0    0    0 ] [      0      0      0 ] [ 0 ],drive [ 15 ] [ 1 ] [ 1489 1847 1915 ] [   65   28   22 ] [  12160  17183  16423 ] [ 0 ],0.90,0.90,0.90,0.90,14.12,17.92,0.00,1.10,1.10,1.10,1.10,0.00,0.00,0.00,0.00,0.00,0.00,1.10,-0.00,-0.00,0.00,0
1.43374,94,119,143,0,DRIVE [ 16 ] [ 1 ] [ 1571 1862 1915 ] [    0    0    0 ] [      0      0      0 ] [ 0 ],drive [ 15 ] [ 1 ] [ 1532 1855 1915 ] [   43   25   21 ] [  12160  17183  16423 ] [ 0 ],0.90,0.90,0.90,0.90,12.71,16.13,0.00,1.10,1.10,1.10,1.10,0.00,0.00,0.00,0.00,0.00,0.00,1.10,-0.00,-0.00,0.00,0
1.44592,94,119,143,0,DRIVE [ 16 ] [ 1 ] [ 1606 1868 1915 ] [    0    0    0 ] [      0      0      0 ] [ 0 ],drive [ 16 ] [ 1 ] [ 1571 1862 1915 ] [   43   25   21 ] [  12160  17183  16423 ] [ 0 ],0.90,0.90,0.90,0.90,11.44,14.51,0.00,1.10,1.10,1.10,1.10,0.00,0.00,0.00,0.00,0.00,0.00,1.10,-0.00,-0.00,0.00,0
1.45662,94,119,143,0,DRIVE [ 17 ] [ 1 ] [ 1638 1874 1915 ] [    0    0    0 ] [      0      0      0 ] [ 0 ],drive [ 16 ] [ 1 ] [ 1606 1868 1915 ] [   43   25   21 ] [  12160  17183  16423 ] [ 0 ],0.90,0.90,0.90,0.90,10.29,13.06,0.00,1.10,1.10,1.10,1.10,0.00,0.00,0.00,0.00,0.00,0.00,1.10,-0.00,-0.00,0.00,0
1.46849,94,119,143,0,DRIVE [ 17 ] [ 1 ] [ 1666 1879 1915 ] [    0    0    0 ] [      0      0      0 ] [ 0 ],drive [ 17 ] [ 1 ] [ 1638 1874 1915 ] [   43   25   21 ] [  12124  17183  16422 ] [ 0 ],0.90,0.90,0.90,0.90,9.26,11.76,0.00,1.10,1.10,1.10,1.10,0.00,0.00,0.00,0.00,0.00,0.00,1.10,-0.00,-0.00,0.00,0
1.478,94,119,143,0,DRIVE [ 18 ] [ 1 ] [ 1692 1884 1915 ] [    0    0    0 ] [      0      0      0 ] [ 0 ],drive [ 17 ] [ 1 ] [ 1666 1879 1915 ] [   38   21   25 ] [  12124  17183  16422 ] [ 0 ],0.90,0.90,0.90,0.90,8.34,10.58,0.00,1.10,1.10,1.10,1.10,0.00,0.00,0.00,0.00,0.00,0.00,1.10,-0.00,-0.00,0.00,0
1.48862,94,119,143,0,DRIVE [ 18 ] [ 1 ] [ 1715 1888 1915 ] [    0    0    0 ] [      0      0      0 ] [ 0 ],drive [ 18 ] [ 1 ] [ 1692 1884 1915 ] [   38   21   25 ] [  12124  17183  16422 ] [ 0 ],0.90,0.90,0.90,0.90,7.50,9.52,0.00,1.10,1.10,1.10,1.10,0.00,0.00,0.00,0.00,0.00,0.00,1.10,-0.00,-0.00,0.00,0
1.50072,94,119,143,0,DRIVE [ 19 ] [ 1 ] [ 1736 1892 1915 ] [    0    0    0 ] [      0      0      0 ] [ 0 ],drive [ 18 ] [ 1 ] [ 1715 1888 1915 ] [   38   21   25 ] [  12124  17183  16422 ] [ 0 ],0.90,0.90,0.90,0.90,6.75,8.57,0.00,1.10,1.10,1.10,1.10,0.00,0.00,0.00,0.00,0.00,0.00,1.10,-0.00,-0.00,0.00,0
1.51314,94,119,143,0,DRIVE [ 19 ] [ 1 ] [ 1755 1895 1915 ] [    0    0    0 ] [      0      0      0 ] [ 0 ],drive [ 19 ] [ 1 ] [ 1736 1892 1915 ] [   38   21   25 ] [  12049  17178  16399 ] [ 0 ],0.90,0.90,0.90,0.90,6.08,7.71,0.00,1.10,1.10,1.10,1.10,0.00,0.00,0.00,0.00,0.00,0.00,1.10,-0.00,-0.00,0.00,0
1.52453,94,119,143,0,DRIVE [ 20 ] [ 1 ] [ 1772 1898 1915 ] [    0    0    0 ] [      0      0      0 ] [ 0 ],drive [ 19 ] [ 1 ] [ 1755 1895 1915 ] [   38   21   25 ] [  12049  17178  16399 ] [ 0 ],0.90,0.90,0.90,0.90,5.47,6.94,0.00,1.10,1.10,1.10,1.10,0.00,0.00,0.00,0.00,0.00,0.00,1.10,-0.00,-0.00,0.00,0
1.53731,94,119,143,0,DRIVE [ 20 ] [ 1 ] [ 1787 1901 1915 ] [    0    0    0 ] [      0      0      0 ] [ 0 ],drive [ 20 ] [ 1 ] [ 1772 1898 1915 ] [   30   17   21 ] [  12049  17178  16399 ] [ 0 ],0.90,0.90,0.90,0.90,4.92,6.25,0.00,1.10,1.10,1.10,1.10,0.00,0.00,0.00,0.00,0.00,0.00,1.10,-0.00,-0.00,0.00,0
1.54706,94,119,143,0,DRIVE [ 21 ] [ 1 ] [ 1801 1903 1915 ] [    0    0    0 ] [      0      0      0 ] [ 0 ],drive [ 20 ] [ 1 ] [ 1787 1901 1915 ] [   30   17   21 ] [  12049  17178  16399 ] [ 0 ],0.90,0.90,0.90,0.90,4.43,5.62,0.00,1.10,1.10,1.10,1.10,0.00,0.00,0.00,0.00,0.00,0.00,1.10,-0.00,-0.00,0.00,0
1.55681,94,119,143,0,DRIVE [ 21 ] [ 1 ] [ 1814 1906 1915 ] [    0    0    0 ] [      0      0      0 ] [ 0 ],drive [ 21 ] [ 1 ] [ 1801 1903 1915 ] [   30   17   21 ] [  12049  17178  16399 ] [ 0 ],0.90,0.90,0.90,0.90,3.99,5.06,0.00,1.10,1.10,1.10,1.10,0.00,0.00,0.00,0.00,0.00,0.00,1.10,-0.00,-0.00,0.00,0
1.56888,94,119,143,0,DRIVE [ 22 ] [ 1 ] [ 1825 1908 1915 ] [    0    0    0 ] [      0      0      0 ] [ 0 ],drive [ 21 ] [ 1 ] [ 1814 1906 1915 ] [   30   17   21 ] [  11718  17176  16396 ] [ 0 ],0.90,0.90,0.90,0.90,3.59,4.55,0.00,1.10,1.10,1.10,1.10,0.00,0.00,0.00,0.00,0.00,0.00,1.10,-0.00,-0.00,0.00,0
1.581,94,119,143,0,DRIVE [ 22 ] [ 1 ] [ 1835 1909 1915 ] [    0    0    0 ] [      0      0      0 ] [ 0 ],drive [ 22 ] [ 1 ] [ 1825 1908 1915 ] [   19   12   21 ] [  11718  17176  16396 ] [ 0 ],0.90,0.90,0.90,0.90,3.23,4.10,0.00,1.10,1.10,1.10,1.10,0.00,0.00,0.00,0.00,0.00,0.00,1.10,-0.00,-0.00,0.00,0
1.59323,94,119,143,0,DRIVE [ 23 ] [ 1 ] [ 1844 1911 1915 ] [    0    0    0 ] [      0      0      0 ] [ 0 ],drive [ 22 ] [ 1 ] [ 1835 1909 1915 ] [   19   12   21 ] [  11718  17176  16396 ] [ 0 ],0.90,0.90,0.90,0.90,2.91,3.69,0.00,1.10,1.10,1.10,1.10,0.00,0.00,0.00,0.00,0.00,0.00,1.10,-0.00,-0.00,0.00,0
1.60266,94,119,143,0,DRIVE [ 23 ] [ 1 ] [ 1852 1912 1915 ] [    0    0    0 ] [      0      0      0 ] [ 0 ],drive [ 23 ] [ 1 ] [ 1844 1911 1915 ] [   19   12   21 ] [  11718  17176  16396 ] [ 0 ],0.90,0.90,0.90,0.90,2.62,3.32,0.00,1.10,1.10,1.10,1.10,0.00,0.00,0.00,0.00,0.00,0.00,1.10,-0.00,-0.00,0.00,0
1.61283,94,119,143,0,DRIVE [ 24 ] [ 1 ] [ 1859 1914 1915 ] [    0    0    0 ] [      0      0      0 ] [ 0 ],drive [ 23 ] [ 1 ] [ 1852 1912 1915 ] [   19   12   21 ] [  11312  17173  16381 ] [ 0 ],0.90,0.90,0.90,0.90,2.35,2.99,0.00,1.10,1.10,1.10,1.10,0.00,0.00,0.00,0.00,0.00,0.00,1.10,-0.00,-0.00,0.00,0
1.62484,94,119,143,0,DRIVE [ 24 ] [ 1 ] [ 1866 1915 1915 ] [    0    0    0 ] [      0      0      0 ] [ 0 ],drive [ 24 ] [ 1 ] [ 1859 1914 1915 ] [   19   12   21 ] [  11312  17173  16381 ] [ 0 ],0.90,0.90,0.90,0.90,2.12,2.69,0.00,1.10,1.10,1.10,1.10,0.00,0.00,0.00,0.00,0.00,0.00,1.10,-0.00,-0.00,0.00,0
1.6367,94,119,143,0,DRIVE [ 25 ] [ 1 ] [ 1872 1916 1915 ] [    0    0    0 ] [      0      0      0 ] [ 0 ],drive [ 24 ] [ 1 ] [ 1866 1915 1915 ] [    9   10    1 ] [  11312  17173  16381 ] [ 0 ],0.90,0.90,0.90,0.90,1.91,2.42,0.00,1.10,1.10,1.10,1.10,0.00,0.00,0.00,0.00,0.00,0.00,1.10,-0.00,-0.00,0.00,0
1.64889,94,119,143,0,DRIVE [ 25 ] [ 1 ] [ 1877 1917 1915 ] [    0    0    0 ] [      0      0      0 ] [ 0 ],drive [ 25 ] [ 1 ] [ 1872 1916 1915 ] [    9   10    1 ] [  11312  17173  16381 ] [ 0 ],0.90,0.90,0.90,0.90,1.72,2.18,0.00,1.10,1.10,1.10,1.10,0.00,0.00,0.00,0.00,0.00,0.00,1.10,-0.00,-0.00,0.00,0
1.66083,94,119,143,0,DRIVE [ 26 ] [ 1 ] [ 1882 1918 1915 ] [    0    0    0 ] [      0      0      0 ] [ 0 ],drive [ 25 ] [ 1 ] [ 1877 1917 1915 ] [    9   10    1 ] [  11062  17142  16312 ] [ 0 ],0.90,0.90,0.90,0.90,1.55,1.96,0.00,1.10,1.10,1.10,1.10,0.00,0.00,0.00,0.00,0.00,0.00,1.10,-0.00,-0.00,0.00,0
1.67037,94,119,143,0,DRIVE [ 26 ] [ 1 ] [ 1887 1919 1915 ] [    0    0    0 ] [      0      0      0 ] [ 0 ],drive [ 26 ] [ 1 ] [ 1882 1918 1915 ] [    9   10    1 ] [  11062  17142  16312 ] [ 0 ],0.90,0.90,0.90,0.90,1.39,1.76,0.00,1.10,1.10,1.10,1.10,0.00,0.00,0.00,0.00,0.00,0.00,1.10,-0.00,-0.00,0.00,0
1.68076,94,119,143,0,DRIVE [ 27 ] [ 1 ] [ 1890 1919 1915 ] [    0    0    0 ] [      0      0      0 ] [ 0 ],drive [ 26 ] [ 1 ] [ 1887 1919 1915 ] [    9   13   19 ] [  11062  17142  16312 ] [ 0 ],0.90,0.90,0.90,0.90,1.25,1.59,0.00,1.10,1.10,1.10,1.10,0.00,0.00,0.00,0.00,0.00,0.00,1.10,-0.00,-0.00,0.00,0
1.69274,94,119,143,0,DRIVE [ 27 ] [ 1 ] [ 1894 1920 1915 ] [    0    0    0 ] [      0      0      0 ] [ 0 ],drive [ 27 ] [ 1 ] [ 1890 1919 1915 ] [    9   13   19 ] [  11062  17142  16312 ] [ 0 ],0.90,0.90,0.90,0.90,1.13,1.43,0.00,1.10,1.10,1.10,1.10,0.00,0.00,0.00,0.00,0.00,0.00,1.10,-0.00,-0.00,0.00,0
1.70463,94,119,143,0,DRIVE [ 28 ] [ 1 ] [ 1897 1921 1915 ] [    0    0    0 ] [      0      0      0 ] [ 0 ],drive [ 27 ] [ 1 ] [ 1894 1920 1915 ] [    9   13   19 ] [  11062  17142  16312 ] [ 0 ],0.90,0.90,0.90,0.90,1.01,1.29,0.00,1.10,1.10,1.10,1.10,0.00,0.00,0.00,0.00,0.00,0.00,1.10,-0.00,-0.00,0.00,0
1.7168,94,119,143,0,DRIVE [ 28 ] [ 1 ] [ 1900 1921 1915 ] [    0    0    0 ] [      0      0      0 ] [ 0 ],drive [ 28 ] [ 1 ] [ 1897 1921 1915 ] [    9   13   19 ] [  10845  16952  16312 ] [ 0 ],0.90,0.90,0.90,0.90,0.91,1.16,0.00,1.10,1.10,1.10,1.10,0.00,0.00,0.00,0.00,0.00,0.00,1.10,-0.00,-0.00,0.00,0
1.72639,94,119,143,1,DRIVE [ 29 ] [ 1 ] [ 1903 1922 1915 ] [    0    0    0 ] [      0      0      0 ] [ 0 ],drive [ 28 ] [ 1 ] [ 1900 1921 1915 ] [    2   21   19 ] [  10845  16952  16312 ] [ 0 ],0.90,0.90,0.90,0.90,0.82,1.04,0.00,1.10,1.10,1.10,1.10,0.00,0.00,0.00,0.00,0.00,0.00,1.10,-0.00,-0.00,0.00,0
