timestamp,Xmm,Ymm,Zmm,TouchDetected,OutgoingPacket,IncomingPacket,GainPropAb, GainPropAd, GainPropFl, GainPropEx,PropA, PropB, PropC,GainIntegAb, GainIntegAd, GainIntegFl, GainIntegEx,IntegA, IntegB, IntegC,GainDerivAb, GainDerivAd, GainDerivFl, GainDerivEx,DerivA, DerivB, DerivC,Heading5
1.87266,-29,25,629,1,DRIVE [ 79 ] [ 1 ] [ 1821 1916 1205 ] [    0    0    0 ] [      0      0      0 ] [ 0 ],drive [ 79 ] [ 1 ] [ 1810 1916 1134 ] [   21    3   82 ] [   6554  15606  13179 ] [ 0 ],1.10,1.10,1.10,1.10,6.86,-9.24,0.00,0.50,0.50,0.50,0.50,-4.57,1.63,0.00,0.00,0.00,0.00,0.50,0.00,0.00,0.00,0
0.00135115,-29,25,629,0,DRIVE [ 30 ] [ 1 ] [ 1912 1926 1885 ] [    0    0    0 ] [      0      0      0 ] [ 0 ],drive [ 30 ] [ 1 ] [ 1912 1694 1875 ] [    5   30   27 ] [   4197  14440  13205 ] [ 0 ],1.10,1.10,1.10,1.10,-29.10,24.75,0.00,0.50,0.50,0.50,0.50,-6.56,6.50,0.00,0.00,0.00,0.00,0.50,0.00,0.00,0.00,0
0.0176618,-19,5,593,0,DRIVE [ 31 ] [ 1 ] [ 1912 1924 1884 ] [    0    0    0 ] [      0      0      0 ] [ 1 ],drive [ 30 ] [ 1 ] [ 1912 1926 1885 ] [    4   29   27 ] [   4197  14440  13205 ] [ 0 ],1.10,1.10,1.10,1.10,-20.97,5.65,0.00,0.50,0.50,0.50,0.50,0.00,0.00,0.00,0.00,0.00,0.00,0.50,0.00,0.00,0.00,0
0.0325215,-20,0,602,0,DRIVE [ 31 ] [ 1 ] [ 1912 1923 1884 ] [    0    0    0 ] [      0      0      0 ] [ 0 ],drive [ 31 ] [ 1 ] [ 1912 1924 1884 ] [    4   29   27 ] [   4197  14440  13205 ] [ 1 ],1.10,1.10,1.10,1.10,-22.20,-0.06,0.00,0.50,0.50,0.50,0.50,-0.20,-0.00,0.00,0.00,0.00,0.00,0.50,0.00,0.00,0.00,0
0.0475141,-21,-1,610,0,DRIVE [ 32 ] [ 1 ] [ 1912 1922 1883 ] [    0    0    0 ] [      0      0      0 ] [ 0 ],drive [ 31 ] [ 1 ] [ 1912 1923 1884 ] [    4   29   27 ] [   4197  14271  13205 ] [ 0 ],1.10,1.10,1.10,1.10,-22.85,-1.63,0.00,0.50,0.50,0.50,0.50,-0.41,-0.02,0.00,0.00,0.00,0.00,0.50,0.00,0.00,0.00,0
0.0618915,-21,-1,610,0,DRIVE [ 32 ] [ 1 ] [ 1912 1923 1883 ] [    0    0    0 ] [      0      0      0 ] [ 0 ],drive [ 32 ] [ 1 ] [ 1912 1922 1883 ] [    3    4   25 ] [   4197  14271  13205 ] [ 0 ],1.10,1.10,1.10,1.10,-20.56,-1.47,0.00,0.50,0.50,0.50,0.50,-0.37,-0.02,0.00,0.00,0.00,0.00,0.50,0.00,0.00,0.00,0
0.0767504,-21,-1,610,0,DRIVE [ 33 ] [ 1 ] [ 1912 1923 1883 ] [    0    0    0 ] [      0      0      0 ] [ 0 ],drive [ 32 ] [ 1 ] [ 1912 1923 1883 ] [    3    4   25 ] [   4197  14271  13205 ] [ 0 ],1.10,1.10,1.10,1.10,-18.51,-1.32,0.00,0.50,0.50,0.50,0.50,-0.33,-0.02,0.00,0.00,0.00,0.00,0.50,0.00,0.00,0.00,0
0.0910351,-22,-2,608,0,DRIVE [ 33 ] [ 1 ] [ 1912 1918 1881 ] [    0    0    0 ] [      0      0      0 ] [ 0 ],drive [ 33 ] [ 1 ] [ 1912 1923 1883 ] [    3    4   25 ] [   4197  14271  13205 ] [ 0 ],1.10,1.10,1.10,1.10,-24.48,-2.71,0.00,0.50,0.50,0.50,0.50,-0.65,-0.06,0.00,0.00,0.00,0.00,0.50,0.00,0.00,0.00,0
0.106007,-24,-3,603,0,DRIVE [ 34 ] [ 1 ] [ 1912 1917 1880 ] [    0    0    0 ] [      0      0      0 ] [ 0 ],drive [ 33 ] [ 1 ] [ 1912 1918 1881 ] [    3    4   25 ] [   4198  14019  13205 ] [ 0 ],1.10,1.10,1.10,1.10,-26.17,-3.19,0.00,0.50,0.50,0.50,0.50,-0.90,-0.09,0.00,0.00,0.00,0.00,0.50,0.00,0.00,0.00,0
0.121036,-25,-3,600,0,DRIVE [ 34 ] [ 1 ] [ 1912 1914 1879 ] [    0    0    0 ] [      0      0      0 ] [ 0 ],drive [ 34 ] [ 1 ] [ 1912 1917 1880 ] [    2   22   25 ] [   4198  14019  13205 ] [ 0 ],1.10,1.10,1.10,1.10,-27.90,-3.15,0.00,0.50,0.50,0.50,0.50,-1.17,-0.12,0.00,0.00,0.00,0.00,0.50,0.00,0.00,0.00,0
0.136001,160,77,607,0,DRIVE [ 35 ] [ 1 ] [ 1809 1914 1875 ] [    0    0    0 ] [      0      0      0 ] [ 0 ],drive [ 34 ] [ 1 ] [ 1912 1914 1879 ] [    2   22   25 ] [   4198  14019  13205 ] [ 0 ],1.10,1.10,1.10,1.10,176.44,84.39,0.00,0.50,0.50,0.50,0.50,0.00,0.00,0.00,0.00,0.00,0.00,0.50,0.00,0.00,0.00,0
0.150959,160,77,607,0,DRIVE [ 35 ] [ 1 ] [ 1820 1914 1876 ] [    0    0    0 ] [      0      0      0 ] [ 0 ],drive [ 35 ] [ 1 ] [ 1809 1914 1875 ] [    2   22   25 ] [   4198  13972  13160 ] [ 0 ],1.10,1.10,1.10,1.10,158.79,75.95,0.00,0.50,0.50,0.50,0.50,0.00,0.00,0.00,0.00,0.00,0.00,0.50,0.00,0.00,0.00,0
0.16576,162,77,619,0,DRIVE [ 36 ] [ 1 ] [ 1784 1914 1873 ] [    0    0    0 ] [      0      0      0 ] [ 0 ],drive [ 35 ] [ 1 ] [ 1820 1914 1876 ] [    3   19   20 ] [   4198  13972  13160 ] [ 0 ],1.10,1.10,1.10,1.10,177.81,85.24,0.00,0.50,0.50,0.50,0.50,0.00,0.00,0.00,0.00,0.00,0.00,0.50,0.00,0.00,0.00,0
0.180565,161,77,625,0,DRIVE [ 36 ] [ 1 ] [ 1773 1914 1872 ] [    0    0    0 ] [      0      0      0 ] [ 0 ],drive [ 36 ] [ 1 ] [ 1784 1914 1873 ] [    3   19   20 ] [   4198  13972  13160 ] [ 0 ],1.10,1.10,1.10,1.10,177.31,84.71,0.00,0.50,0.50,0.50,0.50,0.00,0.00,0.00,0.00,0.00,0.00,0.50,-0.00,-0.00,0.00,0
0.195129,158,76,615,0,DRIVE [ 37 ] [ 1 ] [ 1762 1914 1871 ] [    0    0    0 ] [      0      0      0 ] [ 0 ],drive [ 36 ] [ 1 ] [ 1773 1914 1872 ] [    3   19   20 ] [   4353  13554  13022 ] [ 0 ],1.10,1.10,1.10,1.10,173.69,83.38,0.00,0.50,0.50,0.50,0.50,0.00,0.00,0.00,0.00,0.00,0.00,0.50,-0.00,-0.00,0.00,0
0.209931,156,75,612,0,DRIVE [ 37 ] [ 1 ] [ 1750 1914 1871 ] [    0    0    0 ] [      0      0      0 ] [ 0 ],drive [ 37 ] [ 1 ] [ 1762 1914 1871 ] [   32   25   14 ] [   4353  13554  13022 ] [ 0 ],1.10,1.10,1.10,1.10,171.46,82.86,0.00,0.50,0.50,0.50,0.50,0.00,0.00,0.00,0.00,0.00,0.00,0.50,-0.00,-0.00,0.00,0
0.224045,153,76,609,0,DRIVE [ 38 ] [ 1 ] [ 1738 1914 1871 ] [    0    0    0 ] [      0      0      0 ] [ 0 ],drive [ 37 ] [ 1 ] [ 1750 1914 1871 ] [   32   25   14 ] [   4353  13554  13022 ] [ 0 ],1.10,1.10,1.10,1.10,167.97,83.97,0.00,0.50,0.50,0.50,0.50,0.00,0.00,0.00,0.00,0.00,0.00,0.50,-0.00,-0.00,0.00,0
0.238751,150,78,608,0,DRIVE [ 38 ] [ 1 ] [ 1726 1914 1872 ] [    0    0    0 ] [      0      0      0 ] [ 0 ],drive [ 38 ] [ 1 ] [ 1738 1914 1871 ] [   32   25   14 ] [   4353  13554  13022 ] [ 0 ],1.10,1.10,1.10,1.10,164.80,86.15,0.00,0.50,0.50,0.50,0.50,0.00,0.00,0.00,0.00,0.00,0.00,0.50,-0.00,-0.00,0.00,0
0.253494,146,80,603,0,DRIVE [ 39 ] [ 1 ] [ 1713 1914 1874 ] [    0    0    0 ] [      0      0      0 ] [ 0 ],drive [ 38 ] [ 1 ] [ 1726 1914 1872 ] [   32   25   14 ] [   4704  12953  12980 ] [ 0 ],1.10,1.10,1.10,1.10,160.38,88.01,0.00,0.50,0.50,0.50,0.50,0.00,0.00,0.00,0.00,0.00,0.00,0.50,-0.00,-0.00,0.00,0
0.268233,141,81,595,0,DRIVE [ 39 ] [ 1 ] [ 1701 1914 1875 ] [    0    0    0 ] [      0      0      0 ] [ 0 ],drive [ 39 ] [ 1 ] [ 1713 1914 1874 ] [   22    1    6 ] [   4704  12953  12980 ] [ 0 ],1.10,1.10,1.10,1.10,154.70,89.41,0.00,0.50,0.50,0.50,0.50,0.00,0.00,0.00,0.00,0.00,0.00,0.50,-0.00,-0.00,0.00,0
0.283114,136,84,591,0,DRIVE [ 40 ] [ 1 ] [ 1688 1914 1878 ] [    0    0    0 ] [      0      0      0 ] [ 0 ],drive [ 39 ] [ 1 ] [ 1701 1914 1875 ] [   22    1    6 ] [   4704  12953  12980 ] [ 0 ],1.10,1.10,1.10,1.10,149.35,92.09,0.00,0.50,0.50,0.50,0.50,0.00,0.00,0.00,0.00,0.00,0.00,0.50,-0.00,-0.00,0.00,0
0.297832,132,85,586,0,DRIVE [ 40 ] [ 1 ] [ 1675 1914 1880 ] [    0    0    0 ] [      0      0      0 ] [ 0 ],drive [ 40 ] [ 1 ] [ 1688 1914 1878 ] [   22    1    6 ] [   5143  12773  12951 ] [ 0 ],1.10,1.10,1.10,1.10,144.83,93.73,0.00,0.50,0.50,0.50,0.50,0.00,0.00,0.00,0.00,0.00,0.00,0.50,-0.00,-0.00,0.00,0
0.311996,129,87,580,0,DRIVE [ 41 ] [ 1 ] [ 1660 1914 1882 ] [    0    0    0 ] [      0      0      0 ] [ 0 ],drive [ 40 ] [ 1 ] [ 1675 1914 1880 ] [   25   19    3 ] [   5143  12773  12951 ] [ 0 ],1.10,1.10,1.10,1.10,141.88,95.33,0.00,0.50,0.50,0.50,0.50,0.00,0.00,0.00,0.00,0.00,0.00,0.50,-0.00,-0.00,0.00,0
0.325503,129,89,573,0,DRIVE [ 41 ] [ 1 ] [ 1642 1914 1884 ] [    0    0    0 ] [      0      0      0 ] [ 0 ],drive [ 41 ] [ 1 ] [ 1660 1914 1882 ] [   25   19    3 ] [   5143  12773  12951 ] [ 0 ],1.10,1.10,1.10,1.10,141.55,97.47,0.00,0.50,0.50,0.50,0.50,0.00,0.00,0.00,0.00,0.00,0.00,0.50,-0.00,-0.00,0.00,0
0.339978,129,90,564,0,DRIVE [ 42 ] [ 1 ] [ 1623 1914 1885 ] [    0    0    0 ] [      0      0      0 ] [ 0 ],drive [ 41 ] [ 1 ] [ 1642 1914 1884 ] [   25   19    3 ] [   5143  12773  12951 ] [ 0 ],1.10,1.10,1.10,1.10,141.66,99.10,0.00,0.50,0.50,0.50,0.50,0.00,0.00,0.00,0.00,0.00,0.00,0.50,-0.00,-0.00,0.00,0
0.354346,131,92,559,0,DRIVE [ 42 ] [ 1 ] [ 1602 1925 1885 ] [    0    0    0 ] [      0      0      0 ] [ 0 ],drive [ 42 ] [ 1 ] [ 1623 1914 1885 ] [   25   19    3 ] [   5231  12786  12888 ] [ 0 ],1.10,1.10,1.10,1.10,143.69,101.43,0.00,0.50,0.50,0.50,0.50,0.00,0.00,0.00,0.00,0.00,0.00,0.50,-0.00,-0.00,0.00,0
0.368444,133,94,548,0,DRIVE [ 43 ] [ 1 ] [ 1575 1925 1885 ] [    0    0    0 ] [      0      0      0 ] [ 0 ],drive [ 42 ] [ 1 ] [ 1602 1925 1885 ] [   48   11    9 ] [   5231  12786  12888 ] [ 0 ],1.10,1.10,1.10,1.10,146.47,103.56,0.00,0.50,0.50,0.50,0.50,0.00,0.00,0.00,0.00,0.00,0.00,0.50,0.00,0.00,0.00,0
0.382437,136,95,535,0,DRIVE [ 43 ] [ 1 ] [ 1547 1925 1885 ] [    0    0    0 ] [      0      0      0 ] [ 0 ],drive [ 43 ] [ 1 ] [ 1575 1925 1885 ] [   48   11    9 ] [   5231  12786  12888 ] [ 0 ],1.10,1.10,1.10,1.10,149.16,104.96,0.00,0.50,0.50,0.50,0.50,0.00,0.00,0.00,0.00,0.00,0.00,0.50,0.00,0.00,0.00,0
0.396478,139,97,526,0,DRIVE [ 44 ] [ 1 ] [ 1518 1925 1884 ] [    0    0    0 ] [      0      0      0 ] [ 0 ],drive [ 43 ] [ 1 ] [ 1547 1925 1885 ] [   48   11    9 ] [   5693  12785  12824 ] [ 0 ],1.10,1.10,1.10,1.10,152.97,106.42,0.00,0.50,0.50,0.50,0.50,0.00,0.00,0.00,0.00,0.00,0.00,0.50,0.00,0.00,0.00,0
0.411009,142,98,517,0,DRIVE [ 44 ] [ 1 ] [ 1489 1925 1883 ] [    0    0    0 ] [      0      0      0 ] [ 0 ],drive [ 44 ] [ 1 ] [ 1518 1925 1884 ] [   55   15   24 ] [   5693  12785  12824 ] [ 0 ],1.10,1.10,1.10,1.10,156.61,108.07,0.00,0.50,0.50,0.50,0.50,0.00,0.00,0.00,0.00,0.00,0.00,0.50,0.00,0.00,0.00,0
0.425401,143,100,505,0,DRIVE [ 45 ] [ 1 ] [ 1458 1926 1883 ] [    0    0    0 ] [      0      0      0 ] [ 0 ],drive [ 44 ] [ 1 ] [ 1489 1925 1883 ] [   55   15   24 ] [   5693  12785  12824 ] [ 0 ],1.10,1.10,1.10,1.10,156.99,109.96,0.00,0.50,0.50,0.50,0.50,0.00,0.00,0.00,0.00,0.00,0.00,0.50,0.00,0.00,0.00,0
0.439498,141,102,492,0,DRIVE [ 45 ] [ 1 ] [ 1436 1922 1883 ] [    0    0    0 ] [      0      0      0 ] [ 0 ],drive [ 45 ] [ 1 ] [ 1458 1926 1883 ] [   55   15   24 ] [   5693  12785  12824 ] [ 0 ],1.10,1.10,1.10,1.10,154.72,111.97,0.00,0.50,0.50,0.50,0.50,0.00,0.00,0.00,0.00,0.00,0.00,0.50,0.00,0.00,0.00,0
0.45354,138,104,485,0,DRIVE [ 46 ] [ 1 ] [ 1420 1916 1883 ] [    0    0    0 ] [      0      0      0 ] [ 0 ],drive [ 45 ] [ 1 ] [ 1436 1922 1883 ] [   55   15   24 ] [   6467  12781  12610 ] [ 0 ],1.10,1.10,1.10,1.10,151.79,114.84,0.00,0.50,0.50,0.50,0.50,0.00,0.00,0.00,0.00,0.00,0.00,0.50,0.00,0.00,0.00,0
0.467752,131,107,473,0,DRIVE [ 46 ] [ 1 ] [ 1413 1906 1883 ] [    0    0    0 ] [      0      0      0 ] [ 0 ],drive [ 46 ] [ 1 ] [ 1420 1916 1883 ] [   60   16    7 ] [   6467  12781  12610 ] [ 0 ],1.10,1.10,1.10,1.10,144.41,117.59,0.00,0.50,0.50,0.50,0.50,0.00,0.00,0.00,0.00,0.00,0.00,0.50,0.00,0.00,0.00,0
0.482095,125,110,464,0,DRIVE [ 47 ] [ 1 ] [ 1407 1895 1883 ] [    0    0    0 ] [      0      0      0 ] [ 0 ],drive [ 46 ] [ 1 ] [ 1413 1906 1883 ] [   60   16    7 ] [   6467  12781  12610 ] [ 0 ],1.10,1.10,1.10,1.10,137.67,120.48,0.00,0.50,0.50,0.50,0.50,0.00,0.00,0.00,0.00,0.00,0.00,0.50,0.00,0.00,0.00,0
0.496589,119,112,456,0,DRIVE [ 47 ] [ 1 ] [ 1401 1883 1883 ] [    0    0    0 ] [      0      0      0 ] [ 0 ],drive [ 47 ] [ 1 ] [ 1407 1895 1883 ] [   60   16    7 ] [   6609  12783  12459 ] [ 0 ],1.10,1.10,1.10,1.10,131.24,123.25,0.00,0.50,0.50,0.50,0.50,0.00,0.00,0.00,0.00,0.00,0.00,0.50,-0.00,-0.00,0.00,0
0.510979,114,114,448,0,DRIVE [ 48 ] [ 1 ] [ 1394 1872 1883 ] [    0    0    0 ] [      0      0      0 ] [ 0 ],drive [ 47 ] [ 1 ] [ 1401 1883 1883 ] [   71   16    5 ] [   6609  12783  12459 ] [ 0 ],1.10,1.10,1.10,1.10,125.69,125.87,0.00,0.50,0.50,0.50,0.50,0.00,0.00,0.00,0.00,0.00,0.00,0.50,-0.00,-0.00,0.00,0
0.524539,109,115,437,0,DRIVE [ 48 ] [ 1 ] [ 1385 1862 1883 ] [    0    0    0 ] [      0      0      0 ] [ 0 ],drive [ 48 ] [ 1 ] [ 1394 1872 1883 ] [   71   16    5 ] [   6609  12783  12459 ] [ 0 ],1.10,1.10,1.10,1.10,119.84,126.88,0.00,0.50,0.50,0.50,0.50,0.00,0.00,0.00,0.00,0.00,0.00,0.50,-0.00,-0.00,0.00,0
0.538551,104,116,428,0,DRIVE [ 49 ] [ 1 ] [ 1377 1851 1883 ] [    0    0    0 ] [      0      0      0 ] [ 0 ],drive [ 48 ] [ 1 ] [ 1385 1862 1883 ] [   71   16    5 ] [   6609  12783  12459 ] [ 0 ],1.10,1.10,1.10,1.10,114.70,127.97,0.00,0.50,0.50,0.50,0.50,0.00,0.00,0.00,0.00,0.00,0.00,0.50,-0.00,-0.00,0.00,0
0.55252,99,117,418,0,DRIVE [ 49 ] [ 1 ] [ 1369 1841 1883 ] [    0    0    0 ] [      0      0      0 ] [ 0 ],drive [ 49 ] [ 1 ] [ 1377 1851 1883 ] [   71   16    5 ] [   6877  12792  12322 ] [ 0 ],1.10,1.10,1.10,1.10,109.34,128.39,0.00,0.50,0.50,0.50,0.50,0.00,0.00,0.00,0.00,0.00,0.00,0.50,-0.00,-0.00,0.00,0
0.566357,93,116,406,0,DRIVE [ 50 ] [ 1 ] [ 1364 1828 1883 ] [    0    0    0 ] [      0      0      0 ] [ 0 ],drive [ 49 ] [ 1 ] [ 1369 1841 1883 ] [   52   16   28 ] [   6877  12792  12322 ] [ 0 ],1.10,1.10,1.10,1.10,102.77,127.95,0.00,0.50,0.50,0.50,0.50,0.00,0.00,0.00,0.00,0.00,0.00,0.50,-0.00,-0.00,0.00,0
0.580053,87,117,398,0,DRIVE [ 50 ] [ 1 ] [ 1365 1813 1883 ] [    0    0    0 ] [      0      0      0 ] [ 0 ],drive [ 50 ] [ 1 ] [ 1364 1828 1883 ] [   52   16   28 ] [   6877  12792  12322 ] [ 0 ],1.10,1.10,1.10,1.10,95.80,128.79,0.00,0.50,0.50,0.50,0.50,0.00,0.00,0.00,0.00,0.00,0.00,0.50,-0.00,-0.00,0.00,0
0.593068,75,119,387,0,DRIVE [ 51 ] [ 1 ] [ 1383 1786 1883 ] [    0    0    0 ] [      0      0      0 ] [ 0 ],drive [ 50 ] [ 1 ] [ 1365 1813 1883 ] [   52   16   28 ] [   7590  12812  12308 ] [ 0 ],1.10,1.10,1.10,1.10,82.99,130.57,0.00,0.50,0.50,0.50,0.50,0.00,0.00,0.00,0.00,0.00,0.00,0.50,-0.00,-0.00,0.00,0
0.606399,63,120,378,0,DRIVE [ 51 ] [ 1 ] [ 1406 1755 1883 ] [    0    0    0 ] [      0      0      0 ] [ 0 ],drive [ 51 ] [ 1 ] [ 1383 1786 1883 ] [   52   16   28 ] [   7590  12812  12308 ] [ 0 ],1.10,1.10,1.10,1.10,69.63,132.33,0.00,0.50,0.50,0.50,0.50,0.00,0.00,0.00,0.00,0.00,0.00,0.50,-0.00,-0.00,0.00,0
0.619915,51,122,369,0,DRIVE [ 52 ] [ 1 ] [ 1431 1719 1883 ] [    0    0    0 ] [      0      0      0 ] [ 0 ],drive [ 51 ] [ 1 ] [ 1406 1755 1883 ] [   56   19   25 ] [   7590  12812  12308 ] [ 0 ],1.10,1.10,1.10,1.10,55.92,134.09,0.00,0.50,0.50,0.50,0.50,0.00,0.00,0.00,0.00,0.00,0.00,0.50,-0.00,-0.00,0.00,0
0.633301,38,123,361,0,DRIVE [ 52 ] [ 1 ] [ 1456 1681 1883 ] [    0    0    0 ] [      0      0      0 ] [ 0 ],drive [ 52 ] [ 1 ] [ 1431 1719 1883 ] [   56   19   25 ] [   7590  12812  12308 ] [ 0 ],1.10,1.10,1.10,1.10,42.10,135.21,0.00,0.50,0.50,0.50,0.50,0.00,0.00,0.00,0.00,0.00,0.00,0.50,-0.00,-0.00,0.00,0
0.646414,26,123,352,0,DRIVE [ 53 ] [ 1 ] [ 1482 1639 1883 ] [    0    0    0 ] [      0      0      0 ] [ 0 ],drive [ 52 ] [ 1 ] [ 1456 1681 1883 ] [   56   19   25 ] [   8036  13121  12242 ] [ 0 ],1.10,1.10,1.10,1.10,28.57,135.62,0.00,0.50,0.50,0.50,0.50,0.00,0.00,0.00,0.00,0.00,0.00,0.50,0.00,0.00,0.00,0
0.65921,12,123,342,0,DRIVE [ 53 ] [ 1 ] [ 1513 1589 1883 ] [    0    0    0 ] [      0      0      0 ] [ 0 ],drive [ 53 ] [ 1 ] [ 1482 1639 1883 ] [   46   27   22 ] [   8036  13121  12242 ] [ 0 ],1.10,1.10,1.10,1.10,13.14,134.96,0.00,0.50,0.50,0.50,0.50,0.00,0.00,0.00,0.00,0.00,0.00,0.50,0.00,0.00,0.00,0
0.67246,0,122,334,0,DRIVE [ 54 ] [ 1 ] [ 1538 1540 1883 ] [    0    0    0 ] [      0      0      0 ] [ 0 ],drive [ 53 ] [ 1 ] [ 1513 1589 1883 ] [   46   27   22 ] [   8036  13121  12242 ] [ 0 ],1.10,1.10,1.10,1.10,0.29,134.14,0.00,0.50,0.50,0.50,0.50,0.00,0.00,0.00,0.00,0.00,0.00,0.50,0.00,0.00,0.00,0
0.68551,-9,120,325,0,DRIVE [ 54 ] [ 1 ] [ 1557 1496 1883 ] [    0    0    0 ] [      0      0      0 ] [ 0 ],drive [ 54 ] [ 1 ] [ 1538 1540 1883 ] [   46   27   22 ] [   8036  13121  12242 ] [ 0 ],1.10,1.10,1.10,1.10,-9.75,132.00,0.00,0.50,0.50,0.50,0.50,0.00,0.00,0.00,0.00,0.00,0.00,0.50,0.00,0.00,0.00,0
0.698563,-16,118,318,0,DRIVE [ 55 ] [ 1 ] [ 1571 1458 1883 ] [    0    0    0 ] [      0      0      0 ] [ 0 ],drive [ 54 ] [ 1 ] [ 1557 1496 1883 ] [   46   27   22 ] [   8020  13814  12143 ] [ 0 ],1.10,1.10,1.10,1.10,-17.24,130.03,0.00,0.50,0.50,0.50,0.50,0.00,0.00,0.00,0.00,0.00,0.00,0.50,0.00,0.00,0.00,0
0.711135,-20,116,312,0,DRIVE [ 55 ] [ 1 ] [ 1579 1428 1883 ] [    0    0    0 ] [      0      0      0 ] [ 0 ],drive [ 55 ] [ 1 ] [ 1571 1458 1883 ] [   56   57   15 ] [   8020  13814  12143 ] [ 0 ],1.10,1.10,1.10,1.10,-22.21,128.05,0.00,0.50,0.50,0.50,0.50,0.00,0.00,0.00,0.00,0.00,0.00,0.50,0.00,0.00,0.00,0
0.722993,-23,114,305,0,DRIVE [ 56 ] [ 1 ] [ 1584 1405 1883 ] [    0    0    0 ] [      0      0      0 ] [ 0 ],drive [ 55 ] [ 1 ] [ 1579 1428 1883 ] [   56   57   15 ] [   8020  13814  12143 ] [ 0 ],1.10,1.10,1.10,1.10,-25.14,125.05,0.00,0.50,0.50,0.50,0.50,0.00,0.00,0.00,0.00,0.00,0.00,0.50,0.00,0.00,0.00,0
0.735759,-25,111,297,0,DRIVE [ 56 ] [ 1 ] [ 1588 1385 1883 ] [    0    0    0 ] [      0      0      0 ] [ 0 ],drive [ 56 ] [ 1 ] [ 1584 1405 1883 ] [   56   57   15 ] [   8020  13814  12143 ] [ 0 ],1.10,1.10,1.10,1.10,-27.45,121.56,0.00,0.50,0.50,0.50,0.50,0.00,0.00,0.00,0.00,0.00,0.00,0.50,0.00,0.00,0.00,0
0.748426,-27,108,290,0,DRIVE [ 57 ] [ 1 ] [ 1593 1361 1883 ] [    0    0    0 ] [      0      0      0 ] [ 0 ],drive [ 56 ] [ 1 ] [ 1588 1385 1883 ] [   56   57   15 ] [   7999  14342  12113 ] [ 0 ],1.10,1.10,1.10,1.10,-29.89,118.44,0.00,0.50,0.50,0.50,0.50,0.00,0.00,0.00,0.00,0.00,0.00,0.50,0.00,0.00,0.00,0
0.760781,-29,105,284,0,DRIVE [ 57 ] [ 1 ] [ 1597 1336 1883 ] [    0    0    0 ] [      0      0      0 ] [ 0 ],drive [ 57 ] [ 1 ] [ 1593 1361 1883 ] [   53   69   17 ] [   7999  14342  12113 ] [ 0 ],1.10,1.10,1.10,1.10,-32.44,116.00,0.00,0.50,0.50,0.50,0.50,0.00,0.00,0.00,0.00,0.00,0.00,0.50,0.00,0.00,0.00,0
0.772484,-32,103,277,0,DRIVE [ 58 ] [ 1 ] [ 1601 1308 1883 ] [    0    0    0 ] [      0      0      0 ] [ 0 ],drive [ 57 ] [ 1 ] [ 1597 1336 1883 ] [   53   69   17 ] [   7999  14342  12113 ] [ 0 ],1.10,1.10,1.10,1.10,-35.00,113.77,0.00,0.50,0.50,0.50,0.50,0.00,0.00,0.00,0.00,0.00,0.00,0.50,0.00,0.00,0.00,0
0.784671,-34,102,272,0,DRIVE [ 58 ] [ 1 ] [ 1605 1279 1883 ] [    0    0    0 ] [      0      0      0 ] [ 0 ],drive [ 58 ] [ 1 ] [ 1601 1308 1883 ] [   53   69   17 ] [   7999  14342  12113 ] [ 0 ],1.10,1.10,1.10,1.10,-37.74,112.49,0.00,0.50,0.50,0.50,0.50,0.00,0.00,0.00,0.00,0.00,0.00,0.50,0.00,0.00,0.00,0
0.797355,-36,100,266,0,DRIVE [ 59 ] [ 1 ] [ 1609 1248 1883 ] [    0    0    0 ] [      0      0      0 ] [ 0 ],drive [ 58 ] [ 1 ] [ 1605 1279 1883 ] [   53   69   17 ] [   7998  15043  12110 ] [ 0 ],1.10,1.10,1.10,1.10,-40.09,110.45,0.00,0.50,0.50,0.50,0.50,0.00,0.00,0.00,0.00,0.00,0.00,0.50,0.00,0.00,0.00,0
0.810908,-39,99,260,0,DRIVE [ 59 ] [ 1 ] [ 1613 1215 1883 ] [    0    0    0 ] [      0      0      0 ] [ 0 ],drive [ 59 ] [ 1 ] [ 1609 1248 1883 ] [   51   79   24 ] [   7998  15043  12110 ] [ 0 ],1.10,1.10,1.10,1.10,-42.58,108.60,0.00,0.50,0.50,0.50,0.50,0.00,0.00,0.00,0.00,0.00,0.00,0.50,0.00,0.00,0.00,0
0.822821,-42,97,252,0,DRIVE [ 60 ] [ 1 ] [ 1624 1165 1883 ] [    0    0    0 ] [      0      0      0 ] [ 0 ],drive [ 59 ] [ 1 ] [ 1613 1215 1883 ] [   51   79   24 ] [   7998  15043  12110 ] [ 0 ],1.10,1.10,1.10,1.10,-46.64,106.23,0.00,0.50,0.50,0.50,0.50,0.00,0.00,0.00,0.00,0.00,0.00,0.50,0.00,0.00,0.00,0
0.834377,-46,95,247,0,DRIVE [ 60 ] [ 1 ] [ 1636 1114 1883 ] [    0    0    0 ] [      0      0      0 ] [ 0 ],drive [ 60 ] [ 1 ] [ 1624 1165 1883 ] [   51   79   24 ] [   7998  15043  12110 ] [ 0 ],1.10,1.10,1.10,1.10,-51.03,104.53,0.00,0.50,0.50,0.50,0.50,0.00,0.00,0.00,0.00,0.00,0.00,0.50,0.00,0.00,0.00,0
0.845941,-50,93,241,0,DRIVE [ 61 ] [ 1 ] [ 1650 1063 1883 ] [    0    0    0 ] [      0      0      0 ] [ 0 ],drive [ 60 ] [ 1 ] [ 1636 1114 1883 ] [   51   79   24 ] [   7990  15769  11917 ] [ 0 ],1.10,1.10,1.10,1.10,-55.28,102.55,0.00,0.50,0.50,0.50,0.50,0.00,0.00,0.00,0.00,0.00,0.00,0.50,0.00,0.00,0.00,0
0.85711,-54,91,235,0,DRIVE [ 61 ] [ 1 ] [ 1665 1025 1883 ] [    0    0    0 ] [      0      0      0 ] [ 0 ],drive [ 61 ] [ 1 ] [ 1650 1063 1883 ] [   48   96   14 ] [   7990  15769  11917 ] [ 0 ],1.10,1.10,1.10,1.10,-58.97,99.94,0.00,0.50,0.50,0.50,0.50,0.00,0.00,0.00,0.00,0.00,0.00,0.50,0.00,0.00,0.00,0
0.868963,-57,89,231,0,DRIVE [ 62 ] [ 1 ] [ 1681 1025 1883 ] [    0    0    0 ] [      0      0      0 ] [ 0 ],drive [ 61 ] [ 1 ] [ 1665 1025 1883 ] [   48   96   14 ] [   7990  15769  11917 ] [ 0 ],1.10,1.10,1.10,1.10,-62.49,97.48,0.00,0.50,0.50,0.50,0.50,0.00,0.00,0.00,0.00,0.00,0.00,0.50,0.00,0.00,0.00,0
0.88058,-60,86,227,0,DRIVE [ 62 ] [ 1 ] [ 1698 1025 1883 ] [    0    0    0 ] [      0      0      0 ] [ 0 ],drive [ 62 ] [ 1 ] [ 1681 1025 1883 ] [   48   96   14 ] [   7990  15769  11917 ] [ 0 ],1.10,1.10,1.10,1.10,-65.68,94.85,0.00,0.50,0.50,0.50,0.50,0.00,0.00,0.00,0.00,0.00,0.00,0.50,0.00,0.00,0.00,0
0.892063,-62,84,223,0,DRIVE [ 63 ] [ 1 ] [ 1716 1025 1883 ] [    0    0    0 ] [      0      0      0 ] [ 0 ],drive [ 62 ] [ 1 ] [ 1698 1025 1883 ] [   48   96   14 ] [   7831  16919  11783 ] [ 0 ],1.10,1.10,1.10,1.10,-68.61,91.94,0.00,0.50,0.50,0.50,0.50,0.00,0.00,0.00,0.00,0.00,0.00,0.50,0.00,0.00,0.00,0
0.902965,-64,81,218,0,DRIVE [ 63 ] [ 1 ] [ 1734 1025 1883 ] [    0    0    0 ] [      0      0      0 ] [ 0 ],drive [ 63 ] [ 1 ] [ 1716 1025 1883 ] [   48   96   14 ] [   7831  16919  11783 ] [ 0 ],1.10,1.10,1.10,1.10,-70.92,88.61,0.00,0.50,0.50,0.50,0.50,0.00,0.00,0.00,0.00,0.00,0.00,0.50,0.00,0.00,0.00,0
0.914538,-66,78,214,0,DRIVE [ 64 ] [ 1 ] [ 1751 1025 1883 ] [    0    0    0 ] [      0      0      0 ] [ 0 ],drive [ 63 ] [ 1 ] [ 1734 1025 1883 ] [   22   86   18 ] [   7831  16919  11783 ] [ 0 ],1.10,1.10,1.10,1.10,-72.69,85.57,0.00,0.50,0.50,0.50,0.50,0.00,0.00,0.00,0.00,0.00,0.00,0.50,0.00,0.00,0.00,0
0.925692,-66,75,211,0,DRIVE [ 64 ] [ 1 ] [ 1763 1025 1883 ] [    0    0    0 ] [      0      0      0 ] [ 0 ],drive [ 64 ] [ 1 ] [ 1751 1025 1883 ] [   22   86   18 ] [   7831  16919  11783 ] [ 0 ],1.10,1.10,1.10,1.10,-73.09,82.61,0.00,0.50,0.50,0.50,0.50,0.00,0.00,0.00,0.00,0.00,0.00,0.50,0.00,0.00,0.00,0
0.937056,-66,73,207,0,DRIVE [ 65 ] [ 1 ] [ 1768 1025 1883 ] [    0    0    0 ] [      0      0      0 ] [ 0 ],drive [ 64 ] [ 1 ] [ 1763 1025 1883 ] [   22   86   18 ] [   7831  16919  11783 ] [ 0 ],1.10,1.10,1.10,1.10,-72.09,80.25,0.00,0.50,0.50,0.50,0.50,0.00,0.00,0.00,0.00,0.00,0.00,0.50,0.00,0.00,0.00,0
0.948217,-63,71,204,0,DRIVE [ 65 ] [ 1 ] [ 1765 1025 1883 ] [    0    0    0 ] [      0      0      0 ] [ 0 ],drive [ 65 ] [ 1 ] [ 1768 1025 1883 ] [   22   86   18 ] [   6976  17856  11770 ] [ 0 ],1.10,1.10,1.10,1.10,-69.73,78.29,0.00,0.50,0.50,0.50,0.50,0.00,0.00,0.00,0.00,0.00,0.00,0.50,0.00,0.00,0.00,0
0.959192,-61,70,200,0,DRIVE [ 66 ] [ 1 ] [ 1756 1025 1883 ] [    0    0    0 ] [      0      0      0 ] [ 0 ],drive [ 65 ] [ 1 ] [ 1765 1025 1883 ] [   35   86   29 ] [   6976  17856  11770 ] [ 0 ],1.10,1.10,1.10,1.10,-66.59,76.66,0.00,0.50,0.50,0.50,0.50,0.00,0.00,0.00,0.00,0.00,0.00,0.50,0.00,0.00,0.00,0
0.969968,-58,68,196,0,DRIVE [ 66 ] [ 1 ] [ 1745 1025 1883 ] [    0    0    0 ] [      0      0      0 ] [ 0 ],drive [ 66 ] [ 1 ] [ 1756 1025 1883 ] [   35   86   29 ] [   6976  17856  11770 ] [ 0 ],1.10,1.10,1.10,1.10,-63.33,75.32,0.00,0.50,0.50,0.50,0.50,0.00,0.00,0.00,0.00,0.00,0.00,0.50,0.00,0.00,0.00,0
0.98105,-55,67,193,0,DRIVE [ 67 ] [ 1 ] [ 1733 1025 1883 ] [    0    0    0 ] [      0      0      0 ] [ 0 ],drive [ 66 ] [ 1 ] [ 1745 1025 1883 ] [   35   86   29 ] [   6976  17856  11770 ] [ 0 ],1.10,1.10,1.10,1.10,-60.20,74.25,0.00,0.50,0.50,0.50,0.50,0.00,0.00,0.00,0.00,0.00,0.00,0.50,0.00,0.00,0.00,0
0.991579,-52,66,189,0,DRIVE [ 67 ] [ 1 ] [ 1719 1025 1883 ] [    0    0    0 ] [      0      0      0 ] [ 0 ],drive [ 67 ] [ 1 ] [ 1733 1025 1883 ] [   35   86   29 ] [   6470  18429  11730 ] [ 0 ],1.10,1.10,1.10,1.10,-56.78,73.00,0.00,0.50,0.50,0.50,0.50,0.00,0.00,0.00,0.00,0.00,0.00,0.50,0.00,-0.00,0.00,0
1.00283,-48,65,184,0,DRIVE [ 68 ] [ 1 ] [ 1703 1025 1883 ] [    0    0    0 ] [      0      0      0 ] [ 0 ],drive [ 67 ] [ 1 ] [ 1719 1025 1883 ] [   35   86   29 ] [   6470  18429  11730 ] [ 0 ],1.10,1.10,1.10,1.10,-53.05,71.84,0.00,0.50,0.50,0.50,0.50,0.00,0.00,0.00,0.00,0.00,0.00,0.50,0.00,-0.00,0.00,0
1.0137,-45,65,179,0,DRIVE [ 68 ] [ 1 ] [ 1684 1025 1883 ] [    0    0    0 ] [      0      0      0 ] [ 0 ],drive [ 68 ] [ 1 ] [ 1703 1025 1883 ] [   26   94   12 ] [   6470  18429  11730 ] [ 0 ],1.10,1.10,1.10,1.10,-49.19,70.95,0.00,0.50,0.50,0.50,0.50,0.00,0.00,0.00,0.00,0.00,0.00,0.50,0.00,-0.00,0.00,0
1.02448,-41,64,175,0,DRIVE [ 69 ] [ 1 ] [ 1661 1025 1883 ] [    0    0    0 ] [      0      0      0 ] [ 0 ],drive [ 68 ] [ 1 ] [ 1684 1025 1883 ] [   26   94   12 ] [   6470  18429  11730 ] [ 0 ],1.10,1.10,1.10,1.10,-45.24,70.43,0.00,0.50,0.50,0.50,0.50,0.00,0.00,0.00,0.00,0.00,0.00,0.50,0.00,-0.00,0.00,0
1.03484,-37,63,171,0,DRIVE [ 69 ] [ 1 ] [ 1637 1025 1883 ] [    0    0    0 ] [      0      0      0 ] [ 0 ],drive [ 69 ] [ 1 ] [ 1661 1025 1883 ] [   26   94   12 ] [   6470  18429  11730 ] [ 0 ],1.10,1.10,1.10,1.10,-41.00,69.64,0.00,0.50,0.50,0.50,0.50,0.00,0.00,0.00,0.00,0.00,0.00,0.50,0.00,-0.00,0.00,0
1.04551,-33,63,167,0,DRIVE [ 70 ] [ 1 ] [ 1609 1025 1883 ] [    0    0    0 ] [      0      0      0 ] [ 0 ],drive [ 69 ] [ 1 ] [ 1637 1025 1883 ] [   26   94   12 ] [   6476  18873  11610 ] [ 0 ],1.10,1.10,1.10,1.10,-36.67,69.15,0.00,0.50,0.50,0.50,0.50,0.00,0.00,0.00,0.00,0.00,0.00,0.50,0.00,-0.00,0.00,0
1.05571,-29,62,163,0,DRIVE [ 70 ] [ 1 ] [ 1578 1025 1883 ] [    0    0    0 ] [      0      0      0 ] [ 0 ],drive [ 70 ] [ 1 ] [ 1609 1025 1883 ] [   40   84   19 ] [   6476  18873  11610 ] [ 0 ],1.10,1.10,1.10,1.10,-32.02,68.59,0.00,0.50,0.50,0.50,0.50,0.00,0.00,0.00,0.00,0.00,0.00,0.50,0.00,-0.00,0.00,0
1.06654,-25,61,158,0,DRIVE [ 71 ] [ 1 ] [ 1546 1043 1883 ] [    0    0    0 ] [      0      0      0 ] [ 0 ],drive [ 70 ] [ 1 ] [ 1578 1025 1883 ] [   40   84   19 ] [   6476  18873  11610 ] [ 0 ],1.10,1.10,1.10,1.10,-27.11,67.54,0.00,0.50,0.50,0.50,0.50,0.00,0.00,0.00,0.00,0.00,0.00,0.50,0.00,-0.00,0.00,0
1.07724,-20,60,154,0,DRIVE [ 71 ] [ 1 ] [ 1512 1090 1883 ] [    0    0    0 ] [      0      0      0 ] [ 0 ],drive [ 71 ] [ 1 ] [ 1546 1043 1883 ] [   40   84   19 ] [   6476  18873  11610 ] [ 0 ],1.10,1.10,1.10,1.10,-22.25,66.38,0.00,0.50,0.50,0.50,0.50,0.00,0.00,0.00,0.00,0.00,0.00,0.50,0.00,-0.00,0.00,0
1.08715,-16,59,150,0,DRIVE [ 72 ] [ 1 ] [ 1476 1139 1883 ] [    0    0    0 ] [      0      0      0 ] [ 0 ],drive [ 71 ] [ 1 ] [ 1512 1090 1883 ] [   40   84   19 ] [   6476  18873  11610 ] [ 0 ],1.10,1.10,1.10,1.10,-17.41,65.06,0.00,0.50,0.50,0.50,0.50,0.00,0.00,0.00,0.00,0.00,0.00,0.50,0.00,-0.00,0.00,0
1.0976,-11,58,146,0,DRIVE [ 72 ] [ 1 ] [ 1438 1192 1883 ] [    0    0    0 ] [      0      0      0 ] [ 0 ],drive [ 72 ] [ 1 ] [ 1476 1139 1883 ] [   40   84   19 ] [   6565  19200  11240 ] [ 0 ],1.10,1.10,1.10,1.10,-12.39,63.38,0.00,0.50,0.50,0.50,0.50,0.00,0.00,0.00,0.00,0.00,0.00,0.50,0.00,-0.00,0.00,0
1.10803,-6,56,142,0,DRIVE [ 73 ] [ 1 ] [ 1398 1253 1883 ] [    0    0    0 ] [      0      0      0 ] [ 0 ],drive [ 72 ] [ 1 ] [ 1438 1192 1883 ] [   53   85   26 ] [   6565  19200  11240 ] [ 0 ],1.10,1.10,1.10,1.10,-7.14,61.40,0.00,0.50,0.50,0.50,0.50,0.00,0.00,0.00,0.00,0.00,0.00,0.50,0.00,-0.00,0.00,0
1.11804,-2,53,138,0,DRIVE [ 73 ] [ 1 ] [ 1355 1320 1883 ] [    0    0    0 ] [      0      0      0 ] [ 0 ],drive [ 73 ] [ 1 ] [ 1398 1253 1883 ] [   53   85   26 ] [   6565  19200  11240 ] [ 0 ],1.10,1.10,1.10,1.10,-1.67,58.61,0.00,0.50,0.50,0.50,0.50,0.00,0.00,0.00,0.00,0.00,0.00,0.50,0.00,-0.00,0.00,0
1.12869,3,51,134,0,DRIVE [ 74 ] [ 1 ] [ 1303 1385 1883 ] [    0    0    0 ] [      0      0      0 ] [ 0 ],drive [ 73 ] [ 1 ] [ 1355 1320 1883 ] [   53   85   26 ] [   6565  19200  11240 ] [ 0 ],1.10,1.10,1.10,1.10,3.78,55.69,0.00,0.50,0.50,0.50,0.50,0.07,0.49,0.00,0.00,0.00,0.00,0.50,-0.00,-0.00,0.00,0
1.13888,8,48,130,0,DRIVE [ 74 ] [ 1 ] [ 1246 1448 1883 ] [    0    0    0 ] [      0      0      0 ] [ 0 ],drive [ 74 ] [ 1 ] [ 1303 1385 1883 ] [   53   85   26 ] [   6565  19200  11240 ] [ 0 ],1.10,1.10,1.10,1.10,8.87,52.54,0.00,0.50,0.50,0.50,0.50,0.19,0.95,0.00,0.00,0.00,0.00,0.50,-0.00,-0.00,0.00,0
1.14951,12,45,126,0,DRIVE [ 75 ] [ 1 ] [ 1183 1506 1883 ] [    0    0    0 ] [      0      0      0 ] [ 0 ],drive [ 74 ] [ 1 ] [ 1246 1448 1883 ] [   53   85   26 ] [   7018  19196  10560 ] [ 0 ],1.10,1.10,1.10,1.10,13.56,49.52,0.00,0.50,0.50,0.50,0.50,0.34,1.39,0.00,0.00,0.00,0.00,0.50,-0.00,-0.00,0.00,0
1.16002,16,43,122,0,DRIVE [ 75 ] [ 1 ] [ 1107 1558 1883 ] [    0    0    0 ] [      0      0      0 ] [ 0 ],drive [ 75 ] [ 1 ] [ 1183 1506 1883 ] [   59   65   10 ] [   7018  19196  10560 ] [ 0 ],1.10,1.10,1.10,1.10,18.10,47.01,0.00,0.50,0.50,0.50,0.50,0.53,1.81,0.00,0.00,0.00,0.00,0.50,-0.00,-0.00,0.00,0
1.17006,21,41,117,0,DRIVE [ 76 ] [ 1 ] [ 1025 1603 1883 ] [    0    0    0 ] [      0      0      0 ] [ 0 ],drive [ 75 ] [ 1 ] [ 1107 1558 1883 ] [   59   65   10 ] [   7018  19196  10560 ] [ 0 ],1.10,1.10,1.10,1.10,22.65,45.02,0.00,0.50,0.50,0.50,0.50,0.76,2.22,0.00,0.00,0.00,0.00,0.50,-0.00,-0.00,0.00,0
1.18065,25,40,113,0,DRIVE [ 76 ] [ 1 ] [ 1025 1643 1883 ] [    0    0    0 ] [      0      0      0 ] [ 0 ],drive [ 76 ] [ 1 ] [ 1025 1603 1883 ] [   59   65   10 ] [   7018  19196  10560 ] [ 0 ],1.10,1.10,1.10,1.10,27.34,43.79,0.00,0.50,0.50,0.50,0.50,1.03,2.62,0.00,0.00,0.00,0.00,0.50,-0.00,-0.00,0.00,0
1.19098,29,40,108,0,DRIVE [ 77 ] [ 1 ] [ 1025 1677 1883 ] [    0    0    0 ] [      0      0      0 ] [ 0 ],drive [ 76 ] [ 1 ] [ 1025 1643 1883 ] [   59   65   10 ] [   7749  18899  10350 ] [ 0 ],1.10,1.10,1.10,1.10,32.18,43.63,0.00,0.50,0.50,0.50,0.50,0.98,2.49,0.00,0.00,0.00,0.00,0.50,0.00,0.00,0.00,0
1.20134,34,40,103,0,DRIVE [ 77 ] [ 1 ] [ 1025 1700 1883 ] [    0    0    0 ] [      0      0      0 ] [ 0 ],drive [ 77 ] [ 1 ] [ 1025 1677 1883 ] [   59   65   10 ] [   7749  18899  10350 ] [ 0 ],1.10,1.10,1.10,1.10,36.89,44.35,0.00,0.50,0.50,0.50,0.50,0.93,2.36,0.00,0.00,0.00,0.00,0.50,0.00,0.00,0.00,0
1.21144,37,41,98,0,DRIVE [ 78 ] [ 1 ] [ 1025 1715 1883 ] [    0    0    0 ] [      0      0      0 ] [ 0 ],drive [ 77 ] [ 1 ] [ 1025 1700 1883 ] [   85   30   15 ] [   7749  18899  10350 ] [ 0 ],1.10,1.10,1.10,1.10,40.95,45.39,0.00,0.50,0.50,0.50,0.50,0.88,2.25,0.00,0.00,0.00,0.00,0.50,0.00,0.00,0.00,0
1.2212,40,42,92,0,DRIVE [ 78 ] [ 1 ] [ 1025 1725 1883 ] [    0    0    0 ] [      0      0      0 ] [ 0 ],drive [ 78 ] [ 1 ] [ 1025 1715 1883 ] [   85   30   15 ] [   7749  18899  10350 ] [ 0 ],1.10,1.10,1.10,1.10,44.47,46.52,0.00,0.50,0.50,0.50,0.50,0.84,2.13,0.00,0.00,0.00,0.00,0.50,0.00,0.00,0.00,0
1.23145,43,43,88,0,DRIVE [ 79 ] [ 1 ] [ 1025 1735 1883 ] [    0    0    0 ] [      0      0      0 ] [ 0 ],drive [ 78 ] [ 1 ] [ 1025 1725 1883 ] [   85   30   15 ] [   7749  18899  10350 ] [ 0 ],1.10,1.10,1.10,1.10,47.40,47.35,0.00,0.50,0.50,0.50,0.50,0.80,2.03,0.00,0.00,0.00,0.00,0.50,0.00,0.00,0.00,0
1.24146,45,43,83,0,DRIVE [ 79 ] [ 1 ] [ 1025 1749 1883 ] [    0    0    0 ] [      0      0      0 ] [ 0 ],drive [ 79 ] [ 1 ] [ 1025 1735 1883 ] [   85   30   15 ] [   9441  17691   9032 ] [ 0 ],1.10,1.10,1.10,1.10,49.83,47.77,0.00,0.50,0.50,0.50,0.50,0.76,1.93,0.00,0.00,0.00,0.00,0.50,0.00,0.00,0.00,0
1.25119,47,44,79,0,DRIVE [ 80 ] [ 1 ] [ 1025 1769 1883 ] [    0    0    0 ] [      0      0      0 ] [ 0 ],drive [ 79 ] [ 1 ] [ 1025 1749 1883 ] [   85   30   15 ] [   9441  17691   9032 ] [ 0 ],1.10,1.10,1.10,1.10,51.86,47.89,0.00,0.50,0.50,0.50,0.50,0.72,1.83,0.00,0.00,0.00,0.00,0.50,0.00,0.00,0.00,0
1.26134,48,43,76,0,DRIVE [ 80 ] [ 1 ] [ 1025 1786 1883 ] [    0    0    0 ] [      0      0      0 ] [ 0 ],drive [ 80 ] [ 1 ] [ 1025 1769 1883 ] [  109   25   16 ] [   9441  17691   9032 ] [ 0 ],1.10,1.10,1.10,1.10,53.30,47.74,0.00,0.50,0.50,0.50,0.50,0.68,1.74,0.00,0.00,0.00,0.00,0.50,0.00,0.00,0.00,0
1.27101,50,43,73,0,DRIVE [ 81 ] [ 1 ] [ 1025 1801 1883 ] [    0    0    0 ] [      0      0      0 ] [ 0 ],drive [ 80 ] [ 1 ] [ 1025 1786 1883 ] [  109   25   16 ] [   9441  17691   9032 ] [ 0 ],1.10,1.10,1.10,1.10,54.50,47.47,0.00,0.50,0.50,0.50,0.50,0.65,1.65,0.00,0.00,0.00,0.00,0.50,0.00,0.00,0.00,0
1.28181,50,43,70,0,DRIVE [ 81 ] [ 1 ] [ 1025 1808 1883 ] [    0    0    0 ] [      0      0      0 ] [ 0 ],drive [ 81 ] [ 1 ] [ 1025 1801 1883 ] [  109   25   16 ] [   9441  17691   9032 ] [ 0 ],1.10,1.10,1.10,1.10,55.22,47.47,0.00,0.50,0.50,0.50,0.50,0.62,1.57,0.00,0.00,0.00,0.00,0.50,0.00,0.00,0.00,0
1.29332,50,43,70,0,DRIVE [ 82 ] [ 1 ] [ 1025 1808 1883 ] [    0    0    0 ] [      0      0      0 ] [ 0 ],drive [ 81 ] [ 1 ] [ 1025 1808 1883 ] [  109   25   16 ] [  10119  17164   7549 ] [ 0 ],1.10,1.10,1.10,1.10,49.70,42.72,0.00,0.50,0.50,0.50,0.50,0.55,1.41,0.00,0.00,0.00,0.00,0.50,0.00,0.00,0.00,0
1.30276,50,43,70,0,DRIVE [ 82 ] [ 1 ] [ 1025 1808 1883 ] [    0    0    0 ] [      0      0      0 ] [ 0 ],drive [ 82 ] [ 1 ] [ 1025 1808 1883 ] [  109   25   16 ] [  10119  17164   7549 ] [ 0 ],1.10,1.10,1.10,1.10,44.73,38.45,0.00,0.50,0.50,0.50,0.50,0.50,1.27,0.00,0.00,0.00,0.00,0.50,0.00,0.00,0.00,0
1.31342,50,43,70,0,DRIVE [ 83 ] [ 1 ] [ 1025 1816 1883 ] [    0    0    0 ] [      0      0      0 ] [ 0 ],drive [ 82 ] [ 1 ] [ 1025 1808 1883 ] [   95   15   18 ] [  10119  17164   7549 ] [ 0 ],1.10,1.10,1.10,1.10,40.26,34.60,0.00,0.50,0.50,0.50,0.50,0.45,1.14,0.00,0.00,0.00,0.00,0.50,0.00,0.00,0.00,0
1.32521,50,43,70,0,DRIVE [ 83 ] [ 1 ] [ 1025 1824 1883 ] [    0    0    0 ] [      0      0      0 ] [ 0 ],drive [ 83 ] [ 1 ] [ 1025 1816 1883 ] [   95   15   18 ] [  10119  17164   7549 ] [ 0 ],1.10,1.10,1.10,1.10,36.23,31.14,0.00,0.50,0.50,0.50,0.50,0.40,1.03,0.00,0.00,0.00,0.00,0.50,0.00,0.00,0.00,0
1.33725,50,43,70,0,DRIVE [ 84 ] [ 1 ] [ 1025 1832 1883 ] [    0    0    0 ] [      0      0      0 ] [ 0 ],drive [ 83 ] [ 1 ] [ 1025 1824 1883 ] [   95   15   18 ] [  10119  17164   7549 ] [ 0 ],1.10,1.10,1.10,1.10,32.61,28.03,0.00,0.50,0.50,0.50,0.50,0.36,0.93,0.00,0.00,0.00,0.00,0.50,0.00,0.00,0.00,0
1.34915,50,43,70,0,DRIVE [ 84 ] [ 1 ] [ 1025 1840 1883 ] [    0    0    0 ] [      0      0      0 ] [ 0 ],drive [ 84 ] [ 1 ] [ 1025 1832 1883 ] [   95   15   18 ] [  10119  17088   7302 ] [ 0 ],1.10,1.10,1.10,1.10,29.35,25.23,0.00,0.50,0.50,0.50,0.50,0.33,0.83,0.00,0.00,0.00,0.00,0.50,0.00,0.00,0.00,0
1.36097,50,43,70,0,DRIVE [ 85 ] [ 1 ] [ 1025 1847 1883 ] [    0    0    0 ] [      0      0      0 ] [ 0 ],drive [ 84 ] [ 1 ] [ 1025 1840 1883 ] [   96   10   24 ] [  10119  17088   7302 ] [ 0 ],1.10,1.10,1.10,1.10,26.41,22.70,0.00,0.50,0.50,0.50,0.50,0.29,0.75,0.00,0.00,0.00,0.00,0.50,0.00,0.00,0.00,0
1.37005,50,43,70,0,DRIVE [ 85 ] [ 1 ] [ 1025 1854 1883 ] [    0    0    0 ] [      0      0      0 ] [ 0 ],drive [ 85 ] [ 1 ] [ 1025 1847 1883 ] [   96   10   24 ] [  10119  17088   7302 ] [ 0 ],1.10,1.10,1.10,1.10,23.77,20.43,0.00,0.50,0.50,0.50,0.50,0.26,0.67,0.00,0.00,0.00,0.00,0.50,0.00,0.00,0.00,0
1.3812,50,43,70,0,DRIVE [ 86 ] [ 1 ] [ 1025 1861 1883 ] [    0    0    0 ] [      0      0      0 ] [ 0 ],drive [ 85 ] [ 1 ] [ 1025 1854 1883 ] [   96   10   24 ] [  10119  17088   7302 ] [ 0 ],1.10,1.10,1.10,1.10,21.39,18.39,0.00,0.50,0.50,0.50,0.50,0.24,0.61,0.00,0.00,0.00,0.00,0.50,0.00,0.00,0.00,0
1.39279,50,43,70,0,DRIVE [ 86 ] [ 1 ] [ 1025 1867 1883 ] [    0    0    0 ] [      0      0      0 ] [ 0 ],drive [ 86 ] [ 1 ] [ 1025 1861 1883 ] [   96   10   24 ] [  10119  16691   7303 ] [ 0 ],1.10,1.10,1.10,1.10,19.25,16.55,0.00,0.50,0.50,0.50,0.50,0.21,0.55,0.00,0.00,0.00,0.00,0.50,0.00,0.00,0.00,0
1.40501,50,43,70,0,DRIVE [ 87 ] [ 1 ] [ 1042 1872 1883 ] [    0    0    0 ] [      0      0      0 ] [ 0 ],drive [ 86 ] [ 1 ] [ 1025 1867 1883 ] [   96   10   24 ] [  10119  16691   7303 ] [ 0 ],1.10,1.10,1.10,1.10,17.33,14.90,0.00,0.50,0.50,0.50,0.50,0.19,0.49,0.00,0.00,0.00,0.00,0.50,0.00,0.00,0.00,0
1.41719,50,43,70,0,DRIVE [ 87 ] [ 1 ] [ 1126 1877 1883 ] [    0    0    0 ] [      0      0      0 ] [ 0 ],drive [ 87 ] [ 1 ] [ 1042 1872 1883 ] [   95   16   26 ] [  10119  16691   7303 ] [ 0 ],1.10,1.10,1.10,1.10,15.60,13.41,0.00,0.50,0.50,0.50,0.50,0.17,0.44,0.00,0.00,0.00,0.00,0.50,0.00,0.00,0.00,0
1.42661,50,43,70,0,DRIVE [ 88 ] [ 1 ] [ 1202 1882 1883 ] [    0    0    0 ] [      0      0      0 ] [ 0 ],drive [ 87 ] [ 1 ] [ 1126 1877 1883 ] [   95   16   26 ] [  10119  16691   7303 ] [ 0 ],1.10,1.10,1.10,1.10,14.04,12.07,0.00,0.50,0.50,0.50,0.50,0.16,0.40,0.00,0.00,0.00,0.00,0.50,0.00,0.00,0.00,0
1.43691,50,43,70,0,DRIVE [ 88 ] [ 1 ] [ 1271 1886 1883 ] [    0    0    0 ] [      0      0      0 ] [ 0 ],drive [ 88 ] [ 1 ] [ 1202 1882 1883 ] [   95   16   26 ] [  10119  16691   7303 ] [ 0 ],1.10,1.10,1.10,1.10,12.63,10.86,0.00,0.50,0.50,0.50,0.50,0.14,0.36,0.00,0.00,0.00,0.00,0.50,0.00,0.00,0.00,0
1.44903,50,43,70,0,DRIVE [ 89 ] [ 1 ] [ 1335 1890 1883 ] [    0    0    0 ] [      0      0      0 ] [ 0 ],drive [ 88 ] [ 1 ] [ 1271 1886 1883 ] [   95   16   26 ] [  10116  16109   7302 ] [ 0 ],1.10,1.10,1.10,1.10,11.37,9.77,0.00,0.50,0.50,0.50,0.50,0.13,0.32,0.00,0.00,0.00,0.00,0.50,0.00,0.00,0.00,0
1.46099,50,43,70,0,DRIVE [ 89 ] [ 1 ] [ 1392 1893 1883 ] [    0    0    0 ] [      0      0      0 ] [ 0 ],drive [ 89 ] [ 1 ] [ 1335 1890 1883 ] [   60    4   26 ] [  10116  16109   7302 ] [ 0 ],1.10,1.10,1.10,1.10,10.23,8.80,0.00,0.50,0.50,0.50,0.50,0.11,0.29,0.00,0.00,0.00,0.00,0.50,0.00,0.00,0.00,0
1.473,50,43,70,0,DRIVE [ 90 ] [ 1 ] [ 1445 1896 1883 ] [    0    0    0 ] [      0      0      0 ] [ 0 ],drive [ 89 ] [ 1 ] [ 1392 1893 1883 ] [   60    4   26 ] [  10116  16109   7302 ] [ 0 ],1.10,1.10,1.10,1.10,9.21,7.92,0.00,0.50,0.50,0.50,0.50,0.10,0.26,0.00,0.00,0.00,0.00,0.50,0.00,0.00,0.00,0
1.48514,50,43,70,0,DRIVE [ 90 ] [ 1 ] [ 1492 1899 1883 ] [    0    0    0 ] [      0      0      0 ] [ 0 ],drive [ 90 ] [ 1 ] [ 1445 1896 1883 ] [   60    4   26 ] [  10116  16109   7302 ] [ 0 ],1.10,1.10,1.10,1.10,8.29,7.12,0.00,0.50,0.50,0.50,0.50,0.09,0.24,0.00,0.00,0.00,0.00,0.50,0.00,0.00,0.00,0
1.49442,50,43,70,0,DRIVE [ 91 ] [ 1 ] [ 1535 1902 1883 ] [    0    0    0 ] [      0      0      0 ] [ 0 ],drive [ 90 ] [ 1 ] [ 1492 1899 1883 ] [   60    4   26 ] [  10059  15832   7299 ] [ 0 ],1.10,1.10,1.10,1.10,7.46,6.41,0.00,0.50,0.50,0.50,0.50,0.08,0.21,0.00,0.00,0.00,0.00,0.50,0.00,0.00,0.00,0
1.50497,50,43,70,0,DRIVE [ 91 ] [ 1 ] [ 1573 1904 1883 ] [    0    0    0 ] [      0      0      0 ] [ 0 ],drive [ 91 ] [ 1 ] [ 1535 1902 1883 ] [   64    5    2 ] [  10059  15832   7299 ] [ 0 ],1.10,1.10,1.10,1.10,6.71,5.77,0.00,0.50,0.50,0.50,0.50,0.07,0.19,0.00,0.00,0.00,0.00,0.50,0.00,0.00,0.00,0
1.51712,50,43,70,0,DRIVE [ 92 ] [ 1 ] [ 1608 1906 1883 ] [    0    0    0 ] [      0      0      0 ] [ 0 ],drive [ 91 ] [ 1 ] [ 1573 1904 1883 ] [   64    5    2 ] [  10059  15832   7299 ] [ 0 ],1.10,1.10,1.10,1.10,6.04,5.19,0.00,0.50,0.50,0.50,0.50,0.07,0.17,0.00,0.00,0.00,0.00,0.50,0.00,0.00,0.00,0
1.5291,50,43,70,1,DRIVE [ 92 ] [ 1 ] [ 1640 1908 1883 ] [    0    0    0 ] [      0      0      0 ] [ 0 ],drive [ 92 ] [ 1 ] [ 1608 1906 1883 ] [   64    5    2 ] [  10059  15832   7299 ] [ 0 ],1.10,1.10,1.10,1.10,5.44,4.67,0.00,0.50,0.50,0.50,0.50,0.06,0.15,0.00,0.00,0.00,0.00,0.50,0.00,0.00,0.00,0
