timestamp,Xmm,Ymm,Zmm,TouchDetected,OutgoingPacket,IncomingPacket,GainPropAb, GainPropAd, GainPropFl, GainPropEx,PropA, PropB, PropC,GainIntegAb, GainIntegAd, GainIntegFl, GainIntegEx,IntegA, IntegB, IntegC,GainDerivAb, GainDerivAd, GainDerivFl, GainDerivEx,DerivA, DerivB, DerivC,Heading5
2.7662,-209,-59,645,1,DRIVE [ 84 ] [ 1 ] [ 1918 1895 1861 ] [    0    0    0 ] [      0      0      0 ] [ 0 ],drive [ 84 ] [ 1 ] [ 1918 1891 1854 ] [    1   13   32 ] [  10672  16559  17746 ] [ 0 ],0.80,0.80,0.80,0.80,-1.10,-1.28,0.00,0.00,0.00,0.00,0.00,-0.00,-0.00,0.00,0.00,0.00,0.00,0.00,0.00,0.00,0.00,0
0.00143818,-209,-59,645,0,DRIVE [ 62 ] [ 1 ] [ 1918 1926 1926 ] [    0    0    0 ] [      0      0      0 ] [ 0 ],drive [ 61 ] [ 1 ] [ 1918 1468 1613 ] [   20   60   24 ] [   8462  18930  18302 ] [ 0 ],0.80,0.80,0.80,0.80,-150.21,-42.46,0.00,0.00,0.00,0.00,0.00,-0.00,-0.00,0.00,0.00,0.00,0.00,0.00,0.00,0.00,0.00,0
0.0184044,-205,-60,646,0,DRIVE [ 62 ] [ 1 ] [ 1918 1919 1921 ] [    0    0    0 ] [      0      0      0 ] [ 0 ],drive [ 62 ] [ 1 ] [ 1918 1926 1926 ] [   20   60   24 ] [   8462  19109  18303 ] [ 0 ],0.80,0.80,0.80,0.80,-163.80,-48.25,0.00,0.00,0.00,0.00,0.00,0.00,0.00,0.00,0.00,0.00,0.00,0.00,0.00,0.00,0.00,0
0.0329425,-205,-60,646,0,DRIVE [ 63 ] [ 1 ] [ 1918 1920 1922 ] [    0    0    0 ] [      0      0      0 ] [ 0 ],drive [ 62 ] [ 1 ] [ 1918 1919 1921 ] [   19    9   -3 ] [   8462  19109  18303 ] [ 0 ],0.80,0.80,0.80,0.80,-147.42,-43.43,0.00,0.00,0.00,0.00,0.00,0.00,0.00,0.00,0.00,0.00,0.00,0.00,0.00,0.00,0.00,0
0.047195,-202,-60,646,0,DRIVE [ 63 ] [ 1 ] [ 1918 1905 1911 ] [    0    0    0 ] [      0      0      0 ] [ 0 ],drive [ 63 ] [ 1 ] [ 1918 1920 1922 ] [   19    9   -3 ] [   8462  19109  18303 ] [ 0 ],0.80,0.80,0.80,0.80,-161.45,-48.25,0.00,0.00,0.00,0.00,0.00,0.00,0.00,0.00,0.00,0.00,0.00,0.00,0.00,0.00,0.00,0
0.0621929,-199,-59,637,0,DRIVE [ 64 ] [ 1 ] [ 1918 1899 1907 ] [    0    0    0 ] [      0      0      0 ] [ 0 ],drive [ 63 ] [ 1 ] [ 1918 1905 1911 ] [   19    9   -3 ] [   8463  18649  18114 ] [ 0 ],0.80,0.80,0.80,0.80,-159.19,-47.23,0.00,0.00,0.00,0.00,0.00,0.00,0.00,0.00,0.00,0.00,0.00,0.00,0.00,0.00,0.00,0
0.077394,-199,-59,637,0,DRIVE [ 64 ] [ 1 ] [ 1918 1892 1902 ] [    0    0    0 ] [      0      0      0 ] [ 0 ],drive [ 64 ] [ 1 ] [ 1918 1899 1907 ] [   19   21   23 ] [   8463  18649  18114 ] [ 0 ],0.80,0.80,0.80,0.80,-159.25,-47.01,0.00,0.00,0.00,0.00,0.00,0.00,0.00,0.00,0.00,0.00,0.00,0.00,0.00,0.00,0.00,0
0.0921431,-202,-59,635,0,DRIVE [ 65 ] [ 1 ] [ 1918 1884 1897 ] [    0    0    0 ] [      0      0      0 ] [ 0 ],drive [ 64 ] [ 1 ] [ 1918 1892 1902 ] [   19   21   23 ] [   8463  18649  18114 ] [ 0 ],0.80,0.80,0.80,0.80,-161.54,-47.25,0.00,0.00,0.00,0.00,0.00,0.00,0.00,0.00,0.00,0.00,0.00,0.00,0.00,0.00,0.00,0
0.106497,-205,-60,633,0,DRIVE [ 65 ] [ 1 ] [ 1918 1877 1892 ] [    0    0    0 ] [      0      0      0 ] [ 0 ],drive [ 65 ] [ 1 ] [ 1918 1884 1897 ] [   19   21   23 ] [   8463  18607  18110 ] [ 0 ],0.80,0.80,0.80,0.80,-163.80,-48.16,0.00,0.00,0.00,0.00,0.00,0.00,0.00,0.00,0.00,0.00,0.00,0.00,0.00,0.00,0.00,0
0.121726,-207,-61,633,0,DRIVE [ 66 ] [ 1 ] [ 1918 1869 1886 ] [    0    0    0 ] [      0      0      0 ] [ 0 ],drive [ 65 ] [ 1 ] [ 1918 1877 1892 ] [   19   21   23 ] [   8463  18607  18110 ] [ 0 ],0.80,0.80,0.80,0.80,-165.72,-49.04,0.00,0.00,0.00,0.00,0.00,0.00,0.00,0.00,0.00,0.00,0.00,0.00,0.00,0.00,0.00,0
0.136162,-209,-62,635,0,DRIVE [ 66 ] [ 1 ] [ 1918 1862 1881 ] [    0    0    0 ] [      0      0      0 ] [ 0 ],drive [ 66 ] [ 1 ] [ 1918 1869 1886 ] [   19   12   24 ] [   8463  18607  18110 ] [ 0 ],0.80,0.80,0.80,0.80,-167.50,-49.69,0.00,0.00,0.00,0.00,0.00,0.00,0.00,0.00,0.00,0.00,0.00,0.00,0.00,0.00,0.00,0
0.151766,110,127,703,0,DRIVE [ 67 ] [ 1 ] [ 1853 1915 1881 ] [    0    0    0 ] [      0      0      0 ] [ 0 ],drive [ 66 ] [ 1 ] [ 1918 1862 1881 ] [   19   12   24 ] [   8463  18607  18110 ] [ 0 ],0.80,0.80,0.80,0.80,88.23,101.73,0.00,0.00,0.00,0.00,0.00,0.00,0.00,0.00,0.00,0.00,0.00,0.00,0.00,0.00,0.00,0
0.168878,110,127,703,0,DRIVE [ 67 ] [ 1 ] [ 1860 1916 1881 ] [    0    0    0 ] [      0      0      0 ] [ 0 ],drive [ 67 ] [ 1 ] [ 1853 1915 1881 ] [   19   12   24 ] [   8465  18608  18111 ] [ 0 ],0.80,0.80,0.80,0.80,79.41,91.56,0.00,0.00,0.00,0.00,0.00,0.00,0.00,0.00,0.00,0.00,0.00,0.00,0.00,0.00,0.00,0
0.184023,107,125,685,0,DRIVE [ 68 ] [ 1 ] [ 1836 1912 1881 ] [    0    0    0 ] [      0      0      0 ] [ 0 ],drive [ 67 ] [ 1 ] [ 1860 1916 1881 ] [   20   10   26 ] [   8465  18608  18111 ] [ 0 ],0.80,0.80,0.80,0.80,85.74,100.04,0.00,0.00,0.00,0.00,0.00,0.00,0.00,0.00,0.00,0.00,0.00,0.00,0.00,0.00,0.00,0
0.199161,108,125,685,0,DRIVE [ 68 ] [ 1 ] [ 1828 1911 1881 ] [    0    0    0 ] [      0      0      0 ] [ 0 ],drive [ 68 ] [ 1 ] [ 1836 1912 1881 ] [   20   10   26 ] [   8465  18608  18111 ] [ 0 ],0.80,0.80,0.80,0.80,86.57,100.04,0.00,0.00,0.00,0.00,0.00,0.00,0.00,0.00,0.00,0.00,0.00,0.00,0.00,0.00,0.00,0
0.213609,109,125,685,0,DRIVE [ 69 ] [ 1 ] [ 1820 1910 1881 ] [    0    0    0 ] [      0      0      0 ] [ 0 ],drive [ 68 ] [ 1 ] [ 1828 1911 1881 ] [   20   10   26 ] [   8510  18537  18110 ] [ 0 ],0.80,0.80,0.80,0.80,87.07,100.04,0.00,0.00,0.00,0.00,0.00,0.00,0.00,0.00,0.00,0.00,0.00,0.00,0.00,0.00,0.00,0
0.228256,110,125,684,0,DRIVE [ 69 ] [ 1 ] [ 1813 1909 1881 ] [    0    0    0 ] [      0      0      0 ] [ 0 ],drive [ 69 ] [ 1 ] [ 1820 1910 1881 ] [    5   22   25 ] [   8510  18537  18110 ] [ 0 ],0.80,0.80,0.80,0.80,87.68,100.12,0.00,0.00,0.00,0.00,0.00,0.00,0.00,0.00,0.00,0.00,0.00,0.00,0.00,0.00,0.00,0
0.242836,110,125,681,0,DRIVE [ 70 ] [ 1 ] [ 1805 1908 1881 ] [    0    0    0 ] [      0      0      0 ] [ 0 ],drive [ 69 ] [ 1 ] [ 1813 1909 1881 ] [    5   22   25 ] [   8510  18537  18110 ] [ 0 ],0.80,0.80,0.80,0.80,87.79,99.89,0.00,0.00,0.00,0.00,0.00,0.00,0.00,0.00,0.00,0.00,0.00,0.00,0.00,0.00,0.00,0
0.257637,109,124,676,0,DRIVE [ 70 ] [ 1 ] [ 1797 1907 1881 ] [    0    0    0 ] [      0      0      0 ] [ 0 ],drive [ 70 ] [ 1 ] [ 1805 1908 1881 ] [    5   22   25 ] [   8547  18158  18109 ] [ 0 ],0.80,0.80,0.80,0.80,87.22,99.45,0.00,0.00,0.00,0.00,0.00,0.00,0.00,0.00,0.00,0.00,0.00,0.00,-0.00,-0.00,0.00,0
0.272283,108,124,671,0,DRIVE [ 71 ] [ 1 ] [ 1790 1906 1881 ] [    0    0    0 ] [      0      0      0 ] [ 0 ],drive [ 70 ] [ 1 ] [ 1797 1907 1881 ] [   10    5   25 ] [   8547  18158  18109 ] [ 0 ],0.80,0.80,0.80,0.80,86.16,99.48,0.00,0.00,0.00,0.00,0.00,0.00,0.00,0.00,0.00,0.00,0.00,0.00,-0.00,-0.00,0.00,0
0.286649,107,127,675,0,DRIVE [ 71 ] [ 1 ] [ 1783 1904 1881 ] [    0    0    0 ] [      0      0      0 ] [ 0 ],drive [ 71 ] [ 1 ] [ 1790 1906 1881 ] [   10    5   25 ] [   8547  18158  18109 ] [ 0 ],0.80,0.80,0.80,0.80,85.76,101.23,0.00,0.00,0.00,0.00,0.00,0.00,0.00,0.00,0.00,0.00,0.00,0.00,0.00,0.00,0.00,0
0.301053,105,128,671,0,DRIVE [ 72 ] [ 1 ] [ 1777 1901 1881 ] [    0    0    0 ] [      0      0      0 ] [ 0 ],drive [ 71 ] [ 1 ] [ 1783 1904 1881 ] [   10    5   25 ] [   8547  18158  18109 ] [ 0 ],0.80,0.80,0.80,0.80,84.00,102.31,0.00,0.00,0.00,0.00,0.00,0.00,0.00,0.00,0.00,0.00,0.00,0.00,-0.00,-0.00,0.00,0
0.315202,102,130,669,0,DRIVE [ 72 ] [ 1 ] [ 1772 1898 1881 ] [    0    0    0 ] [      0      0      0 ] [ 0 ],drive [ 72 ] [ 1 ] [ 1777 1901 1881 ] [   10    5   25 ] [   9245  17968  18080 ] [ 0 ],0.80,0.80,0.80,0.80,81.37,103.82,0.00,0.00,0.00,0.00,0.00,0.00,0.00,0.00,0.00,0.00,0.00,0.00,-0.00,-0.00,0.00,0
0.329732,98,131,667,0,DRIVE [ 73 ] [ 1 ] [ 1768 1895 1881 ] [    0    0    0 ] [      0      0      0 ] [ 0 ],drive [ 72 ] [ 1 ] [ 1772 1898 1881 ] [   24   18    2 ] [   9245  17968  18080 ] [ 0 ],0.80,0.80,0.80,0.80,78.73,104.71,0.00,0.00,0.00,0.00,0.00,0.00,0.00,0.00,0.00,0.00,0.00,0.00,-0.00,-0.00,0.00,0
0.344224,95,132,665,0,DRIVE [ 73 ] [ 1 ] [ 1763 1891 1881 ] [    0    0    0 ] [      0      0      0 ] [ 0 ],drive [ 73 ] [ 1 ] [ 1768 1895 1881 ] [   24   18    2 ] [   9245  17968  18080 ] [ 0 ],0.80,0.80,0.80,0.80,76.28,105.50,0.00,0.00,0.00,0.00,0.00,0.00,0.00,0.00,0.00,0.00,0.00,0.00,-0.00,-0.00,0.00,0
0.358796,92,132,659,0,DRIVE [ 74 ] [ 1 ] [ 1759 1888 1881 ] [    0    0    0 ] [      0      0      0 ] [ 0 ],drive [ 73 ] [ 1 ] [ 1763 1891 1881 ] [   24   18    2 ] [   9432  17756  18051 ] [ 0 ],0.80,0.80,0.80,0.80,73.30,105.81,0.00,0.00,0.00,0.00,0.00,0.00,0.00,0.00,0.00,0.00,0.00,0.00,-0.00,-0.00,0.00,0
0.373321,88,132,650,0,DRIVE [ 74 ] [ 1 ] [ 1754 1884 1881 ] [    0    0    0 ] [      0      0      0 ] [ 0 ],drive [ 74 ] [ 1 ] [ 1759 1888 1881 ] [   22   17   14 ] [   9432  17756  18051 ] [ 0 ],0.80,0.80,0.80,0.80,70.66,105.94,0.00,0.00,0.00,0.00,0.00,0.00,0.00,0.00,0.00,0.00,0.00,0.00,-0.00,-0.00,0.00,0
0.38772,86,133,642,0,DRIVE [ 75 ] [ 1 ] [ 1747 1881 1881 ] [    0    0    0 ] [      0      0      0 ] [ 0 ],drive [ 74 ] [ 1 ] [ 1754 1884 1881 ] [   22   17   14 ] [   9432  17756  18051 ] [ 0 ],0.80,0.80,0.80,0.80,69.18,106.63,0.00,0.00,0.00,0.00,0.00,0.00,0.00,0.00,0.00,0.00,0.00,0.00,-0.00,-0.00,0.00,0
0.401391,88,137,643,0,DRIVE [ 75 ] [ 1 ] [ 1736 1877 1881 ] [    0    0    0 ] [      0      0      0 ] [ 0 ],drive [ 75 ] [ 1 ] [ 1747 1881 1881 ] [   22   17   14 ] [   9432  17756  18051 ] [ 0 ],0.80,0.80,0.80,0.80,70.65,109.90,0.00,0.00,0.00,0.00,0.00,0.00,0.00,0.00,0.00,0.00,0.00,0.00,0.00,0.00,0.00,0
0.415634,90,139,636,0,DRIVE [ 76 ] [ 1 ] [ 1723 1875 1881 ] [    0    0    0 ] [      0      0      0 ] [ 0 ],drive [ 75 ] [ 1 ] [ 1736 1877 1881 ] [   22   17   14 ] [   9482  17745  17995 ] [ 0 ],0.80,0.80,0.80,0.80,72.37,111.40,0.00,0.00,0.00,0.00,0.00,0.00,0.00,0.00,0.00,0.00,0.00,0.00,0.00,0.00,0.00,0
0.430033,94,141,633,0,DRIVE [ 76 ] [ 1 ] [ 1709 1873 1881 ] [    0    0    0 ] [      0      0      0 ] [ 0 ],drive [ 76 ] [ 1 ] [ 1723 1875 1881 ] [   37   18   25 ] [   9482  17745  17995 ] [ 0 ],0.80,0.80,0.80,0.80,75.23,113.18,0.00,0.00,0.00,0.00,0.00,0.00,0.00,0.00,0.00,0.00,0.00,0.00,0.00,0.00,0.00,0
0.444408,97,143,625,0,DRIVE [ 77 ] [ 1 ] [ 1693 1872 1881 ] [    0    0    0 ] [      0      0      0 ] [ 0 ],drive [ 76 ] [ 1 ] [ 1709 1873 1881 ] [   37   18   25 ] [   9482  17745  17995 ] [ 0 ],0.80,0.80,0.80,0.80,77.99,114.03,0.00,0.00,0.00,0.00,0.00,0.00,0.00,0.00,0.00,0.00,0.00,0.00,0.00,0.00,0.00,0
0.458593,97,143,625,0,DRIVE [ 77 ] [ 1 ] [ 1716 1877 1881 ] [    0    0    0 ] [      0      0      0 ] [ 0 ],drive [ 77 ] [ 1 ] [ 1693 1872 1881 ] [   37   18   25 ] [  10030  17726  17972 ] [ 0 ],0.80,0.80,0.80,0.80,70.19,102.63,0.00,0.00,0.00,0.00,0.00,0.00,0.00,0.00,0.00,0.00,0.00,0.00,0.00,0.00,0.00,0
0.472982,102,145,615,0,DRIVE [ 78 ] [ 1 ] [ 1665 1868 1881 ] [    0    0    0 ] [      0      0      0 ] [ 0 ],drive [ 77 ] [ 1 ] [ 1716 1877 1881 ] [   22   24   15 ] [  10030  17726  17972 ] [ 0 ],0.80,0.80,0.80,0.80,81.88,116.12,0.00,0.00,0.00,0.00,0.00,0.00,0.00,0.00,0.00,0.00,0.00,0.00,0.00,0.00,0.00,0
0.487297,107,148,607,0,DRIVE [ 78 ] [ 1 ] [ 1644 1866 1881 ] [    0    0    0 ] [      0      0      0 ] [ 0 ],drive [ 78 ] [ 1 ] [ 1665 1868 1881 ] [   22   24   15 ] [  10030  17726  17972 ] [ 0 ],0.80,0.80,0.80,0.80,85.39,118.43,0.00,0.00,0.00,0.00,0.00,0.00,0.00,0.00,0.00,0.00,0.00,0.00,0.00,0.00,0.00,0
0.501488,111,152,601,0,DRIVE [ 79 ] [ 1 ] [ 1623 1864 1881 ] [    0    0    0 ] [      0      0      0 ] [ 0 ],drive [ 78 ] [ 1 ] [ 1644 1866 1881 ] [   22   24   15 ] [  10030  17726  17972 ] [ 0 ],0.80,0.80,0.80,0.80,89.08,121.25,0.00,0.00,0.00,0.00,0.00,0.00,0.00,0.00,0.00,0.00,0.00,0.00,0.00,0.00,0.00,0
0.517018,115,155,593,0,DRIVE [ 79 ] [ 1 ] [ 1600 1861 1881 ] [    0    0    0 ] [      0      0      0 ] [ 0 ],drive [ 79 ] [ 1 ] [ 1623 1864 1881 ] [   22   24   15 ] [  10108  17520  17870 ] [ 0 ],0.80,0.80,0.80,0.80,92.21,123.73,0.00,0.00,0.00,0.00,0.00,0.00,0.00,0.00,0.00,0.00,0.00,0.00,0.00,0.00,0.00,0
0.530985,120,158,584,0,DRIVE [ 80 ] [ 1 ] [ 1573 1858 1881 ] [    0    0    0 ] [      0      0      0 ] [ 0 ],drive [ 79 ] [ 1 ] [ 1600 1861 1881 ] [   30   16   21 ] [  10108  17520  17870 ] [ 0 ],0.80,0.80,0.80,0.80,96.17,126.64,0.00,0.00,0.00,0.00,0.00,0.00,0.00,0.00,0.00,0.00,0.00,0.00,0.00,0.00,0.00,0
0.544843,120,158,584,0,DRIVE [ 80 ] [ 1 ] [ 1608 1864 1881 ] [    0    0    0 ] [      0      0      0 ] [ 0 ],drive [ 80 ] [ 1 ] [ 1573 1858 1881 ] [   30   16   21 ] [  10108  17520  17870 ] [ 0 ],0.80,0.80,0.80,0.80,86.55,113.98,0.00,0.00,0.00,0.00,0.00,0.00,0.00,0.00,0.00,0.00,0.00,0.00,0.00,0.00,0.00,0
0.558877,125,162,569,0,DRIVE [ 81 ] [ 1 ] [ 1533 1852 1881 ] [    0    0    0 ] [      0      0      0 ] [ 0 ],drive [ 80 ] [ 1 ] [ 1608 1864 1881 ] [   30   16   21 ] [  10232  17507  17869 ] [ 0 ],0.80,0.80,0.80,0.80,99.81,129.26,0.00,0.00,0.00,0.00,0.00,0.00,0.00,0.00,0.00,0.00,0.00,0.00,0.00,0.00,0.00,0
0.573263,131,167,558,0,DRIVE [ 81 ] [ 1 ] [ 1497 1848 1881 ] [    0    0    0 ] [      0      0      0 ] [ 0 ],drive [ 81 ] [ 1 ] [ 1533 1852 1881 ] [   39   14   14 ] [  10232  17507  17869 ] [ 0 ],0.80,0.80,0.80,0.80,105.06,133.62,0.00,0.00,0.00,0.00,0.00,0.00,0.00,0.00,0.00,0.00,0.00,0.00,0.00,0.00,0.00,0
0.587336,137,172,547,0,DRIVE [ 82 ] [ 1 ] [ 1462 1844 1881 ] [    0    0    0 ] [      0      0      0 ] [ 0 ],drive [ 81 ] [ 1 ] [ 1497 1848 1881 ] [   39   14   14 ] [  10232  17507  17869 ] [ 0 ],0.80,0.80,0.80,0.80,109.33,137.25,0.00,0.00,0.00,0.00,0.00,0.00,0.00,0.00,0.00,0.00,0.00,0.00,0.00,0.00,0.00,0
0.601392,140,175,535,0,DRIVE [ 82 ] [ 1 ] [ 1429 1839 1881 ] [    0    0    0 ] [      0      0      0 ] [ 0 ],drive [ 82 ] [ 1 ] [ 1462 1844 1881 ] [   39   14   14 ] [  10232  17507  17869 ] [ 0 ],0.80,0.80,0.80,0.80,112.38,140.16,0.00,0.00,0.00,0.00,0.00,0.00,0.00,0.00,0.00,0.00,0.00,0.00,0.00,0.00,0.00,0
0.615675,144,179,526,0,DRIVE [ 83 ] [ 1 ] [ 1398 1834 1881 ] [    0    0    0 ] [      0      0      0 ] [ 0 ],drive [ 82 ] [ 1 ] [ 1429 1839 1881 ] [   39   14   14 ] [  10354  17390  17800 ] [ 0 ],0.80,0.80,0.80,0.80,114.90,143.41,0.00,0.00,0.00,0.00,0.00,0.00,0.00,0.00,0.00,0.00,0.00,0.00,0.00,0.00,0.00,0
0.62984,145,184,513,0,DRIVE [ 83 ] [ 1 ] [ 1366 1825 1881 ] [    0    0    0 ] [      0      0      0 ] [ 0 ],drive [ 83 ] [ 1 ] [ 1398 1834 1881 ] [   70   13   29 ] [  10354  17390  17800 ] [ 0 ],0.80,0.80,0.80,0.80,115.78,147.00,0.00,0.00,0.00,0.00,0.00,0.00,0.00,0.00,0.00,0.00,0.00,0.00,0.00,0.00,0.00,0
0.644308,146,188,504,0,DRIVE [ 84 ] [ 1 ] [ 1335 1817 1881 ] [    0    0    0 ] [      0      0      0 ] [ 0 ],drive [ 83 ] [ 1 ] [ 1366 1825 1881 ] [   70   13   29 ] [  10354  17390  17800 ] [ 0 ],0.80,0.80,0.80,0.80,117.19,150.62,0.00,0.00,0.00,0.00,0.00,0.00,0.00,0.00,0.00,0.00,0.00,0.00,0.00,0.00,0.00,0
0.658676,148,191,494,0,DRIVE [ 84 ] [ 1 ] [ 1303 1810 1881 ] [    0    0    0 ] [      0      0      0 ] [ 0 ],drive [ 84 ] [ 1 ] [ 1335 1817 1881 ] [   70   13   29 ] [  10822  17390  17707 ] [ 0 ],0.80,0.80,0.80,0.80,118.40,152.95,0.00,0.00,0.00,0.00,0.00,0.00,0.00,0.00,0.00,0.00,0.00,0.00,0.00,0.00,0.00,0
0.672508,150,194,485,0,DRIVE [ 85 ] [ 1 ] [ 1271 1803 1881 ] [    0    0    0 ] [      0      0      0 ] [ 0 ],drive [ 84 ] [ 1 ] [ 1303 1810 1881 ] [   62   14    0 ] [  10822  17390  17707 ] [ 0 ],0.80,0.80,0.80,0.80,119.82,155.06,0.00,0.00,0.00,0.00,0.00,0.00,0.00,0.00,0.00,0.00,0.00,0.00,0.00,0.00,0.00,0
0.68639,149,194,473,0,DRIVE [ 85 ] [ 1 ] [ 1243 1796 1881 ] [    0    0    0 ] [      0      0      0 ] [ 0 ],drive [ 85 ] [ 1 ] [ 1271 1803 1881 ] [   62   14    0 ] [  10822  17390  17707 ] [ 0 ],0.80,0.80,0.80,0.80,119.28,155.52,0.00,0.00,0.00,0.00,0.00,0.00,0.00,0.00,0.00,0.00,0.00,0.00,0.00,0.00,0.00,0
0.700649,149,197,467,0,DRIVE [ 86 ] [ 1 ] [ 1230 1788 1881 ] [    0    0    0 ] [      0      0      0 ] [ 0 ],drive [ 85 ] [ 1 ] [ 1243 1796 1881 ] [   62   14    0 ] [  10822  17390  17707 ] [ 0 ],0.80,0.80,0.80,0.80,119.17,157.44,0.00,0.00,0.00,0.00,0.00,0.00,0.00,0.00,0.00,0.00,0.00,0.00,0.00,0.00,0.00,0
0.714712,147,197,457,0,DRIVE [ 86 ] [ 1 ] [ 1230 1781 1881 ] [    0    0    0 ] [      0      0      0 ] [ 0 ],drive [ 86 ] [ 1 ] [ 1230 1788 1881 ] [   62   14    0 ] [  11286  17378  17488 ] [ 0 ],0.80,0.80,0.80,0.80,117.66,157.43,0.00,0.00,0.00,0.00,0.00,0.00,0.00,0.00,0.00,0.00,0.00,0.00,0.00,0.00,0.00,0
0.729259,145,197,448,0,DRIVE [ 87 ] [ 1 ] [ 1230 1773 1881 ] [    0    0    0 ] [      0      0      0 ] [ 0 ],drive [ 86 ] [ 1 ] [ 1230 1781 1881 ] [   72   20   25 ] [  11286  17378  17488 ] [ 0 ],0.80,0.80,0.80,0.80,115.88,157.38,0.00,0.00,0.00,0.00,0.00,0.00,0.00,0.00,0.00,0.00,0.00,0.00,0.00,0.00,0.00,0
0.743154,143,197,441,0,DRIVE [ 87 ] [ 1 ] [ 1230 1765 1881 ] [    0    0    0 ] [      0      0      0 ] [ 0 ],drive [ 87 ] [ 1 ] [ 1230 1773 1881 ] [   72   20   25 ] [  11286  17378  17488 ] [ 0 ],0.80,0.80,0.80,0.80,114.45,157.49,0.00,0.00,0.00,0.00,0.00,0.00,0.00,0.00,0.00,0.00,0.00,0.00,0.00,0.00,0.00,0
0.757258,141,196,434,0,DRIVE [ 88 ] [ 1 ] [ 1230 1758 1881 ] [    0    0    0 ] [      0      0      0 ] [ 0 ],drive [ 87 ] [ 1 ] [ 1230 1765 1881 ] [   72   20   25 ] [  11687  17297  17272 ] [ 0 ],0.80,0.80,0.80,0.80,112.74,157.19,0.00,0.00,0.00,0.00,0.00,0.00,0.00,0.00,0.00,0.00,0.00,0.00,0.00,0.00,0.00,0
0.770971,139,197,429,0,DRIVE [ 88 ] [ 1 ] [ 1230 1751 1881 ] [    0    0    0 ] [      0      0      0 ] [ 0 ],drive [ 88 ] [ 1 ] [ 1230 1758 1881 ] [   87   34   24 ] [  11687  17297  17272 ] [ 0 ],0.80,0.80,0.80,0.80,111.27,157.28,0.00,0.00,0.00,0.00,0.00,0.00,0.00,0.00,0.00,0.00,0.00,0.00,0.00,0.00,0.00,0
0.785089,135,195,421,0,DRIVE [ 89 ] [ 1 ] [ 1230 1742 1881 ] [    0    0    0 ] [      0      0      0 ] [ 0 ],drive [ 88 ] [ 1 ] [ 1230 1751 1881 ] [   87   34   24 ] [  11687  17297  17272 ] [ 0 ],0.80,0.80,0.80,0.80,108.26,155.95,0.00,0.00,0.00,0.00,0.00,0.00,0.00,0.00,0.00,0.00,0.00,0.00,0.00,0.00,0.00,0
0.798434,132,193,415,0,DRIVE [ 89 ] [ 1 ] [ 1230 1735 1881 ] [    0    0    0 ] [      0      0      0 ] [ 0 ],drive [ 89 ] [ 1 ] [ 1230 1742 1881 ] [   87   34   24 ] [  11687  17297  17272 ] [ 0 ],0.80,0.80,0.80,0.80,105.38,154.56,0.00,0.00,0.00,0.00,0.00,0.00,0.00,0.00,0.00,0.00,0.00,0.00,0.00,0.00,0.00,0
0.812145,129,191,411,0,DRIVE [ 90 ] [ 1 ] [ 1230 1730 1881 ] [    0    0    0 ] [      0      0      0 ] [ 0 ],drive [ 89 ] [ 1 ] [ 1230 1735 1881 ] [   87   34   24 ] [  12014  17303  16755 ] [ 0 ],0.80,0.80,0.80,0.80,103.01,152.80,0.00,0.00,0.00,0.00,0.00,0.00,0.00,0.00,0.00,0.00,0.00,0.00,0.00,0.00,0.00,0
0.828037,126,187,406,0,DRIVE [ 90 ] [ 1 ] [ 1230 1727 1881 ] [    0    0    0 ] [      0      0      0 ] [ 0 ],drive [ 90 ] [ 1 ] [ 1230 1730 1881 ] [   84   37   24 ] [  12014  17303  16755 ] [ 0 ],0.80,0.80,0.80,0.80,100.56,149.89,0.00,0.00,0.00,0.00,0.00,0.00,0.00,0.00,0.00,0.00,0.00,0.00,0.00,0.00,0.00,0
0.841268,123,183,401,0,DRIVE [ 91 ] [ 1 ] [ 1230 1727 1881 ] [    0    0    0 ] [      0      0      0 ] [ 0 ],drive [ 90 ] [ 1 ] [ 1230 1727 1881 ] [   84   37   24 ] [  12014  17303  16755 ] [ 0 ],0.80,0.80,0.80,0.80,98.24,146.09,0.00,0.00,0.00,0.00,0.00,0.00,0.00,0.00,0.00,0.00,0.00,0.00,0.00,0.00,0.00,0
0.854847,119,177,397,0,DRIVE [ 91 ] [ 1 ] [ 1230 1728 1881 ] [    0    0    0 ] [      0      0      0 ] [ 0 ],drive [ 91 ] [ 1 ] [ 1230 1727 1881 ] [   84   37   24 ] [  12014  17303  16755 ] [ 0 ],0.80,0.80,0.80,0.80,95.53,141.82,0.00,0.00,0.00,0.00,0.00,0.00,0.00,0.00,0.00,0.00,0.00,0.00,-0.00,-0.00,0.00,0
0.868357,115,172,392,0,DRIVE [ 92 ] [ 1 ] [ 1230 1727 1881 ] [    0    0    0 ] [      0      0      0 ] [ 0 ],drive [ 91 ] [ 1 ] [ 1230 1728 1881 ] [   84   37   24 ] [  12425  17311  16608 ] [ 0 ],0.80,0.80,0.80,0.80,92.13,137.52,0.00,0.00,0.00,0.00,0.00,0.00,0.00,0.00,0.00,0.00,0.00,0.00,-0.00,-0.00,0.00,0
0.881997,111,168,389,0,DRIVE [ 92 ] [ 1 ] [ 1230 1724 1881 ] [    0    0    0 ] [      0      0      0 ] [ 0 ],drive [ 92 ] [ 1 ] [ 1230 1727 1881 ] [   74   39   16 ] [  12425  17311  16608 ] [ 0 ],0.80,0.80,0.80,0.80,88.99,134.59,0.00,0.00,0.00,0.00,0.00,0.00,0.00,0.00,0.00,0.00,0.00,0.00,-0.00,-0.00,0.00,0
0.895841,107,165,384,0,DRIVE [ 93 ] [ 1 ] [ 1230 1720 1881 ] [    0    0    0 ] [      0      0      0 ] [ 0 ],drive [ 92 ] [ 1 ] [ 1230 1724 1881 ] [   74   39   16 ] [  12425  17311  16608 ] [ 0 ],0.80,0.80,0.80,0.80,85.44,131.76,0.00,0.00,0.00,0.00,0.00,0.00,0.00,0.00,0.00,0.00,0.00,0.00,-0.00,-0.00,0.00,0
0.909827,101,161,378,0,DRIVE [ 93 ] [ 1 ] [ 1230 1712 1881 ] [    0    0    0 ] [      0      0      0 ] [ 0 ],drive [ 93 ] [ 1 ] [ 1230 1720 1881 ] [   74   39   16 ] [  12520  17334  16576 ] [ 0 ],0.80,0.80,0.80,0.80,80.95,128.95,0.00,0.00,0.00,0.00,0.00,0.00,0.00,0.00,0.00,0.00,0.00,0.00,-0.00,-0.00,0.00,0
0.923449,96,159,376,0,DRIVE [ 94 ] [ 1 ] [ 1230 1703 1881 ] [    0    0    0 ] [      0      0      0 ] [ 0 ],drive [ 93 ] [ 1 ] [ 1230 1712 1881 ] [   70   26   27 ] [  12520  17334  16576 ] [ 0 ],0.80,0.80,0.80,0.80,77.18,127.54,0.00,0.00,0.00,0.00,0.00,0.00,0.00,0.00,0.00,0.00,0.00,0.00,-0.00,-0.00,0.00,0
0.936588,91,157,371,0,DRIVE [ 94 ] [ 1 ] [ 1230 1693 1881 ] [    0    0    0 ] [      0      0      0 ] [ 0 ],drive [ 94 ] [ 1 ] [ 1230 1703 1881 ] [   70   26   27 ] [  12520  17334  16576 ] [ 0 ],0.80,0.80,0.80,0.80,73.19,125.48,0.00,0.00,0.00,0.00,0.00,0.00,0.00,0.00,0.00,0.00,0.00,0.00,-0.00,-0.00,0.00,0
0.950497,87,154,366,0,DRIVE [ 95 ] [ 1 ] [ 1230 1685 1881 ] [    0    0    0 ] [      0      0      0 ] [ 0 ],drive [ 94 ] [ 1 ] [ 1230 1693 1881 ] [   70   26   27 ] [  12520  17334  16576 ] [ 0 ],0.80,0.80,0.80,0.80,69.71,123.56,0.00,0.00,0.00,0.00,0.00,0.00,0.00,0.00,0.00,0.00,0.00,0.00,-0.00,-0.00,0.00,0
0.963322,83,152,362,0,DRIVE [ 95 ] [ 1 ] [ 1230 1678 1881 ] [    0    0    0 ] [      0      0      0 ] [ 0 ],drive [ 95 ] [ 1 ] [ 1230 1685 1881 ] [   70   26   27 ] [  12729  17362  16489 ] [ 0 ],0.80,0.80,0.80,0.80,66.31,121.30,0.00,0.00,0.00,0.00,0.00,0.00,0.00,0.00,0.00,0.00,0.00,0.00,-0.00,-0.00,0.00,0
0.976444,77,148,357,0,DRIVE [ 96 ] [ 1 ] [ 1230 1671 1881 ] [    0    0    0 ] [      0      0      0 ] [ 0 ],drive [ 95 ] [ 1 ] [ 1230 1678 1881 ] [   64   25   12 ] [  12729  17362  16489 ] [ 0 ],0.80,0.80,0.80,0.80,61.89,118.10,0.00,0.00,0.00,0.00,0.00,0.00,0.00,0.00,0.00,0.00,0.00,0.00,-0.00,-0.00,0.00,0
0.989845,72,144,352,0,DRIVE [ 96 ] [ 1 ] [ 1230 1661 1881 ] [    0    0    0 ] [      0      0      0 ] [ 0 ],drive [ 96 ] [ 1 ] [ 1230 1671 1881 ] [   64   25   12 ] [  12729  17362  16489 ] [ 0 ],0.80,0.80,0.80,0.80,57.75,115.54,0.00,0.00,0.00,0.00,0.00,0.00,0.00,0.00,0.00,0.00,0.00,0.00,-0.00,-0.00,0.00,0
1.00262,68,142,347,0,DRIVE [ 97 ] [ 1 ] [ 1230 1652 1881 ] [    0    0    0 ] [      0      0      0 ] [ 0 ],drive [ 96 ] [ 1 ] [ 1230 1661 1881 ] [   64   25   12 ] [  12729  17362  16489 ] [ 0 ],0.80,0.80,0.80,0.80,54.08,113.56,0.00,0.00,0.00,0.00,0.00,0.00,0.00,0.00,0.00,0.00,0.00,0.00,-0.00,-0.00,0.00,0
1.01731,64,140,343,0,DRIVE [ 97 ] [ 1 ] [ 1230 1645 1881 ] [    0    0    0 ] [      0      0      0 ] [ 0 ],drive [ 97 ] [ 1 ] [ 1230 1652 1881 ] [   64   25   12 ] [  12730  17410  16494 ] [ 0 ],0.80,0.80,0.80,0.80,50.85,111.92,0.00,0.00,0.00,0.00,0.00,0.00,0.00,0.00,0.00,0.00,0.00,0.00,-0.00,-0.00,0.00,0
1.03004,60,138,340,0,DRIVE [ 98 ] [ 1 ] [ 1230 1640 1881 ] [    0    0    0 ] [      0      0      0 ] [ 0 ],drive [ 97 ] [ 1 ] [ 1230 1645 1881 ] [   66   29   16 ] [  12730  17410  16494 ] [ 0 ],0.80,0.80,0.80,0.80,48.10,110.49,0.00,0.00,0.00,0.00,0.00,0.00,0.00,0.00,0.00,0.00,0.00,0.00,-0.00,-0.00,0.00,0
1.04489,56,136,336,0,DRIVE [ 98 ] [ 1 ] [ 1230 1633 1881 ] [    0    0    0 ] [      0      0      0 ] [ 0 ],drive [ 98 ] [ 1 ] [ 1230 1640 1881 ] [   66   29   16 ] [  12730  17410  16494 ] [ 0 ],0.80,0.80,0.80,0.80,45.14,108.84,0.00,0.00,0.00,0.00,0.00,0.00,0.00,0.00,0.00,0.00,0.00,0.00,-0.00,-0.00,0.00,0
1.06062,53,133,331,0,DRIVE [ 99 ] [ 1 ] [ 1242 1630 1881 ] [    0    0    0 ] [      0      0      0 ] [ 0 ],drive [ 98 ] [ 1 ] [ 1230 1633 1881 ] [   66   29   16 ] [  12733  17598  16493 ] [ 0 ],0.80,0.80,0.80,0.80,42.61,106.62,0.00,0.00,0.00,0.00,0.00,0.00,0.00,0.00,0.00,0.00,0.00,0.00,-0.00,-0.00,0.00,0
1.07311,51,130,326,0,DRIVE [ 99 ] [ 1 ] [ 1254 1630 1881 ] [    0    0    0 ] [      0      0      0 ] [ 0 ],drive [ 99 ] [ 1 ] [ 1242 1630 1881 ] [   84   28   15 ] [  12733  17598  16493 ] [ 0 ],0.80,0.80,0.80,0.80,40.61,103.83,0.00,0.00,0.00,0.00,0.00,0.00,0.00,0.00,0.00,0.00,0.00,0.00,-0.00,-0.00,0.00,0
1.08588,49,127,322,0,DRIVE [ 00 ] [ 1 ] [ 1265 1633 1881 ] [    0    0    0 ] [      0      0      0 ] [ 0 ],drive [ 99 ] [ 1 ] [ 1254 1630 1881 ] [   84   28   15 ] [  12733  17598  16493 ] [ 0 ],0.80,0.80,0.80,0.80,39.31,101.27,0.00,0.00,0.00,0.00,0.00,0.00,0.00,0.00,0.00,0.00,0.00,0.00,-0.00,-0.00,0.00,0
1.10055,47,122,317,0,DRIVE [ 00 ] [ 1 ] [ 1279 1639 1881 ] [    0    0    0 ] [      0      0      0 ] [ 0 ],drive [ 00 ] [ 1 ] [ 1265 1633 1881 ] [   84   28   15 ] [  12733  17598  16493 ] [ 0 ],0.80,0.80,0.80,0.80,37.86,97.59,0.00,0.00,0.00,0.00,0.00,0.00,0.00,0.00,0.00,0.00,0.00,0.00,-0.00,-0.00,0.00,0
1.1128,45,118,313,0,DRIVE [ 01 ] [ 1 ] [ 1294 1643 1881 ] [    0    0    0 ] [      0      0      0 ] [ 0 ],drive [ 00 ] [ 1 ] [ 1279 1639 1881 ] [   84   28   15 ] [  12931  17598  16491 ] [ 0 ],0.80,0.80,0.80,0.80,36.09,94.14,0.00,0.00,0.00,0.00,0.00,0.00,0.00,0.00,0.00,0.00,0.00,0.00,-0.00,-0.00,0.00,0
1.12535,43,114,308,0,DRIVE [ 01 ] [ 1 ] [ 1311 1644 1881 ] [    0    0    0 ] [      0      0      0 ] [ 0 ],drive [ 01 ] [ 1 ] [ 1294 1643 1881 ] [   70   27   13 ] [  12931  17598  16491 ] [ 0 ],0.80,0.80,0.80,0.80,34.02,91.04,0.00,0.00,0.00,0.00,0.00,0.00,0.00,0.00,0.00,0.00,0.00,0.00,-0.00,-0.00,0.00,0
1.1374,40,111,305,0,DRIVE [ 02 ] [ 1 ] [ 1329 1646 1881 ] [    0    0    0 ] [      0      0      0 ] [ 0 ],drive [ 01 ] [ 1 ] [ 1311 1644 1881 ] [   70   27   13 ] [  12931  17598  16491 ] [ 0 ],0.80,0.80,0.80,0.80,32.09,88.41,0.00,0.00,0.00,0.00,0.00,0.00,0.00,0.00,0.00,0.00,0.00,0.00,-0.00,-0.00,0.00,0
1.1499,38,108,303,0,DRIVE [ 02 ] [ 1 ] [ 1346 1648 1881 ] [    0    0    0 ] [      0      0      0 ] [ 0 ],drive [ 02 ] [ 1 ] [ 1329 1646 1881 ] [   70   27   13 ] [  12931  17598  16491 ] [ 0 ],0.80,0.80,0.80,0.80,30.20,86.03,0.00,0.00,0.00,0.00,0.00,0.00,0.00,0.00,0.00,0.00,0.00,0.00,-0.00,-0.00,0.00,0
1.16172,35,104,299,0,DRIVE [ 03 ] [ 1 ] [ 1366 1649 1881 ] [    0    0    0 ] [      0      0      0 ] [ 0 ],drive [ 02 ] [ 1 ] [ 1346 1648 1881 ] [   70   27   13 ] [  13080  17596  16491 ] [ 0 ],0.80,0.80,0.80,0.80,28.00,82.91,0.00,0.00,0.00,0.00,0.00,0.00,0.00,0.00,0.00,0.00,0.00,0.00,-0.00,-0.00,0.00,0
1.17339,33,100,295,0,DRIVE [ 03 ] [ 1 ] [ 1384 1651 1881 ] [    0    0    0 ] [      0      0      0 ] [ 0 ],drive [ 03 ] [ 1 ] [ 1366 1649 1881 ] [   67   28   12 ] [  13080  17596  16491 ] [ 0 ],0.80,0.80,0.80,0.80,26.05,80.25,0.00,0.00,0.00,0.00,0.00,0.00,0.00,0.00,0.00,0.00,0.00,0.00,-0.00,-0.00,0.00,0
1.18546,30,97,291,0,DRIVE [ 04 ] [ 1 ] [ 1400 1652 1881 ] [    0    0    0 ] [      0      0      0 ] [ 0 ],drive [ 03 ] [ 1 ] [ 1384 1651 1881 ] [   67   28   12 ] [  13080  17596  16491 ] [ 0 ],0.80,0.80,0.80,0.80,24.27,77.72,0.00,0.00,0.00,0.00,0.00,0.00,0.00,0.00,0.00,0.00,0.00,0.00,-0.00,-0.00,0.00,0
1.19711,28,94,287,0,DRIVE [ 04 ] [ 1 ] [ 1416 1654 1881 ] [    0    0    0 ] [      0      0      0 ] [ 0 ],drive [ 04 ] [ 1 ] [ 1400 1652 1881 ] [   67   28   12 ] [  13080  17596  16491 ] [ 0 ],0.80,0.80,0.80,0.80,22.68,75.13,0.00,0.00,0.00,0.00,0.00,0.00,0.00,0.00,0.00,0.00,0.00,0.00,-0.00,-0.00,0.00,0
1.20867,27,91,285,0,DRIVE [ 05 ] [ 1 ] [ 1430 1657 1881 ] [    0    0    0 ] [      0      0      0 ] [ 0 ],drive [ 04 ] [ 1 ] [ 1416 1654 1881 ] [   67   28   12 ] [  13077  17594  16488 ] [ 0 ],0.80,0.80,0.80,0.80,21.43,73.05,0.00,0.00,0.00,0.00,0.00,0.00,0.00,0.00,0.00,0.00,0.00,0.00,-0.00,-0.00,0.00,0
1.22053,25,88,281,0,DRIVE [ 05 ] [ 1 ] [ 1443 1659 1881 ] [    0    0    0 ] [      0      0      0 ] [ 0 ],drive [ 05 ] [ 1 ] [ 1430 1657 1881 ] [   58   27   10 ] [  13077  17594  16488 ] [ 0 ],0.80,0.80,0.80,0.80,20.09,70.79,0.00,0.00,0.00,0.00,0.00,0.00,0.00,0.00,0.00,0.00,0.00,0.00,-0.00,-0.00,0.00,0
1.23203,24,86,277,0,DRIVE [ 06 ] [ 1 ] [ 1454 1660 1881 ] [    0    0    0 ] [      0      0      0 ] [ 0 ],drive [ 05 ] [ 1 ] [ 1443 1659 1881 ] [   58   27   10 ] [  13077  17594  16488 ] [ 0 ],0.80,0.80,0.80,0.80,18.89,68.66,0.00,0.00,0.00,0.00,0.00,0.00,0.00,0.00,0.00,0.00,0.00,0.00,-0.00,-0.00,0.00,0
1.24547,22,84,274,0,DRIVE [ 06 ] [ 1 ] [ 1465 1662 1881 ] [    0    0    0 ] [      0      0      0 ] [ 0 ],drive [ 06 ] [ 1 ] [ 1454 1660 1881 ] [   58   27   10 ] [  13077  17594  16488 ] [ 0 ],0.80,0.80,0.80,0.80,17.86,66.84,0.00,0.00,0.00,0.00,0.00,0.00,0.00,0.00,0.00,0.00,0.00,0.00,-0.00,-0.00,0.00,0
1.25778,21,82,271,0,DRIVE [ 07 ] [ 1 ] [ 1474 1663 1881 ] [    0    0    0 ] [      0      0      0 ] [ 0 ],drive [ 06 ] [ 1 ] [ 1465 1662 1881 ] [   58   27   10 ] [  13068  17598  16488 ] [ 0 ],0.80,0.80,0.80,0.80,16.94,65.21,0.00,0.00,0.00,0.00,0.00,0.00,0.00,0.00,0.00,0.00,0.00,0.00,-0.00,-0.00,0.00,0
1.26904,20,79,266,0,DRIVE [ 07 ] [ 1 ] [ 1481 1664 1881 ] [    0    0    0 ] [      0      0      0 ] [ 0 ],drive [ 07 ] [ 1 ] [ 1474 1663 1881 ] [   42   25   10 ] [  13068  17598  16488 ] [ 0 ],0.80,0.80,0.80,0.80,16.09,63.29,0.00,0.00,0.00,0.00,0.00,0.00,0.00,0.00,0.00,0.00,0.00,0.00,-0.00,-0.00,0.00,0
1.28115,19,77,262,0,DRIVE [ 08 ] [ 1 ] [ 1488 1666 1881 ] [    0    0    0 ] [      0      0      0 ] [ 0 ],drive [ 07 ] [ 1 ] [ 1481 1664 1881 ] [   42   25   10 ] [  13068  17598  16488 ] [ 0 ],0.80,0.80,0.80,0.80,15.40,61.72,0.00,0.00,0.00,0.00,0.00,0.00,0.00,0.00,0.00,0.00,0.00,0.00,-0.00,-0.00,0.00,0
1.29317,19,76,260,0,DRIVE [ 08 ] [ 1 ] [ 1493 1668 1881 ] [    0    0    0 ] [      0      0      0 ] [ 0 ],drive [ 08 ] [ 1 ] [ 1488 1666 1881 ] [   42   25   10 ] [  13068  17598  16488 ] [ 0 ],0.80,0.80,0.80,0.80,14.98,60.49,0.00,0.00,0.00,0.00,0.00,0.00,0.00,0.00,0.00,0.00,0.00,0.00,-0.00,-0.00,0.00,0
1.30449,18,73,255,0,DRIVE [ 09 ] [ 1 ] [ 1498 1671 1881 ] [    0    0    0 ] [      0      0      0 ] [ 0 ],drive [ 08 ] [ 1 ] [ 1493 1668 1881 ] [   42   25   10 ] [  13062  17596  16488 ] [ 0 ],0.80,0.80,0.80,0.80,14.63,58.74,0.00,0.00,0.00,0.00,0.00,0.00,0.00,0.00,0.00,0.00,0.00,0.00,-0.00,-0.00,0.00,0
1.31645,18,72,252,0,DRIVE [ 09 ] [ 1 ] [ 1501 1675 1881 ] [    0    0    0 ] [      0      0      0 ] [ 0 ],drive [ 09 ] [ 1 ] [ 1498 1671 1881 ] [   42   25   10 ] [  13062  17596  16488 ] [ 0 ],0.80,0.80,0.80,0.80,14.51,57.39,0.00,0.00,0.00,0.00,0.00,0.00,0.00,0.00,0.00,0.00,0.00,0.00,-0.00,-0.00,0.00,0
1.32812,18,70,249,0,DRIVE [ 10 ] [ 1 ] [ 1501 1678 1881 ] [    0    0    0 ] [      0      0      0 ] [ 0 ],drive [ 09 ] [ 1 ] [ 1501 1675 1881 ] [   38   27   10 ] [  13062  17596  16488 ] [ 0 ],0.80,0.80,0.80,0.80,14.49,56.28,0.00,0.00,0.00,0.00,0.00,0.00,0.00,0.00,0.00,0.00,0.00,0.00,-0.00,-0.00,0.00,0
1.3393,18,69,245,0,DRIVE [ 10 ] [ 1 ] [ 1501 1680 1881 ] [    0    0    0 ] [      0      0      0 ] [ 0 ],drive [ 10 ] [ 1 ] [ 1501 1678 1881 ] [   38   27   10 ] [  13062  17596  16488 ] [ 0 ],0.80,0.80,0.80,0.80,14.48,55.16,0.00,0.00,0.00,0.00,0.00,0.00,0.00,0.00,0.00,0.00,0.00,0.00,-0.00,-0.00,0.00,0
1.35089,18,68,241,0,DRIVE [ 11 ] [ 1 ] [ 1500 1683 1881 ] [    0    0    0 ] [      0      0      0 ] [ 0 ],drive [ 10 ] [ 1 ] [ 1501 1680 1881 ] [   38   27   10 ] [  13062  17596  16488 ] [ 0 ],0.80,0.80,0.80,0.80,14.51,54.09,0.00,0.00,0.00,0.00,0.00,0.00,0.00,0.00,0.00,0.00,0.00,0.00,-0.00,-0.00,0.00,0
1.36218,18,66,238,0,DRIVE [ 11 ] [ 1 ] [ 1499 1684 1881 ] [    0    0    0 ] [      0      0      0 ] [ 0 ],drive [ 11 ] [ 1 ] [ 1500 1683 1881 ] [   38   27   10 ] [  13058  17570  16483 ] [ 0 ],0.80,0.80,0.80,0.80,14.50,53.17,0.00,0.00,0.00,0.00,0.00,0.00,0.00,0.00,0.00,0.00,0.00,0.00,-0.00,-0.00,0.00,0
1.37317,18,66,235,0,DRIVE [ 12 ] [ 1 ] [ 1497 1686 1881 ] [    0    0    0 ] [      0      0      0 ] [ 0 ],drive [ 11 ] [ 1 ] [ 1499 1684 1881 ] [   36   38   14 ] [  13058  17570  16483 ] [ 0 ],0.80,0.80,0.80,0.80,14.57,52.45,0.00,0.00,0.00,0.00,0.00,0.00,0.00,0.00,0.00,0.00,0.00,0.00,-0.00,-0.00,0.00,0
1.38474,18,65,231,0,DRIVE [ 12 ] [ 1 ] [ 1496 1686 1881 ] [    0    0    0 ] [      0      0      0 ] [ 0 ],drive [ 12 ] [ 1 ] [ 1497 1686 1881 ] [   36   38   14 ] [  13058  17570  16483 ] [ 0 ],0.80,0.80,0.80,0.80,14.50,51.64,0.00,0.00,0.00,0.00,0.00,0.00,0.00,0.00,0.00,0.00,0.00,0.00,-0.00,-0.00,0.00,0
1.39592,18,64,227,0,DRIVE [ 13 ] [ 1 ] [ 1494 1686 1881 ] [    0    0    0 ] [      0      0      0 ] [ 0 ],drive [ 12 ] [ 1 ] [ 1496 1686 1881 ] [   36   38   14 ] [  13058  17570  16483 ] [ 0 ],0.80,0.80,0.80,0.80,14.33,50.89,0.00,0.00,0.00,0.00,0.00,0.00,0.00,0.00,0.00,0.00,0.00,0.00,-0.00,-0.00,0.00,0
1.40714,18,63,224,0,DRIVE [ 13 ] [ 1 ] [ 1493 1685 1881 ] [    0    0    0 ] [      0      0      0 ] [ 0 ],drive [ 13 ] [ 1 ] [ 1494 1686 1881 ] [   36   38   14 ] [  13058  17569  16368 ] [ 0 ],0.80,0.80,0.80,0.80,14.14,50.31,0.00,0.00,0.00,0.00,0.00,0.00,0.00,0.00,0.00,0.00,0.00,0.00,-0.00,-0.00,0.00,0
1.41872,17,62,221,0,DRIVE [ 14 ] [ 1 ] [ 1493 1684 1881 ] [    0    0    0 ] [      0      0      0 ] [ 0 ],drive [ 13 ] [ 1 ] [ 1493 1685 1881 ] [   37   37   11 ] [  13058  17569  16368 ] [ 0 ],0.80,0.80,0.80,0.80,13.86,49.78,0.00,0.00,0.00,0.00,0.00,0.00,0.00,0.00,0.00,0.00,0.00,0.00,-0.00,-0.00,0.00,0
1.42967,17,62,217,0,DRIVE [ 14 ] [ 1 ] [ 1493 1681 1881 ] [    0    0    0 ] [      0      0      0 ] [ 0 ],drive [ 14 ] [ 1 ] [ 1493 1684 1881 ] [   37   37   11 ] [  13058  17569  16368 ] [ 0 ],0.80,0.80,0.80,0.80,13.43,49.35,0.00,0.00,0.00,0.00,0.00,0.00,0.00,0.00,0.00,0.00,0.00,0.00,-0.00,-0.00,0.00,0
1.44288,16,61,215,0,DRIVE [ 15 ] [ 1 ] [ 1494 1676 1881 ] [    0    0    0 ] [      0      0      0 ] [ 0 ],drive [ 14 ] [ 1 ] [ 1493 1681 1881 ] [   37   37   11 ] [  13058  17569  16368 ] [ 0 ],0.80,0.80,0.80,0.80,12.91,49.06,0.00,0.00,0.00,0.00,0.00,0.00,0.00,0.00,0.00,0.00,0.00,0.00,-0.00,-0.00,0.00,0
1.45431,15,61,212,0,DRIVE [ 15 ] [ 1 ] [ 1497 1670 1881 ] [    0    0    0 ] [      0      0      0 ] [ 0 ],drive [ 15 ] [ 1 ] [ 1494 1676 1881 ] [   37   37   11 ] [  13058  17573  16282 ] [ 0 ],0.80,0.80,0.80,0.80,12.15,48.93,0.00,0.00,0.00,0.00,0.00,0.00,0.00,0.00,0.00,0.00,0.00,0.00,-0.00,-0.00,0.00,0
1.46736,14,61,209,0,DRIVE [ 16 ] [ 1 ] [ 1502 1663 1881 ] [    0    0    0 ] [      0      0      0 ] [ 0 ],drive [ 15 ] [ 1 ] [ 1497 1670 1881 ] [   37   37   11 ] [  13058  17573  16282 ] [ 0 ],0.80,0.80,0.80,0.80,11.08,48.47,0.00,0.00,0.00,0.00,0.00,0.00,0.00,0.00,0.00,0.00,0.00,0.00,-0.00,-0.00,0.00,0
1.47849,12,60,206,0,DRIVE [ 16 ] [ 1 ] [ 1509 1653 1881 ] [    0    0    0 ] [      0      0      0 ] [ 0 ],drive [ 16 ] [ 1 ] [ 1502 1663 1881 ] [   38   35   18 ] [  13058  17573  16282 ] [ 0 ],0.80,0.80,0.80,0.80,9.84,48.22,0.00,0.00,0.00,0.00,0.00,0.00,0.00,0.00,0.00,0.00,0.00,0.00,-0.00,-0.00,0.00,0
1.49013,10,60,202,0,DRIVE [ 17 ] [ 1 ] [ 1518 1642 1881 ] [    0    0    0 ] [      0      0      0 ] [ 0 ],drive [ 16 ] [ 1 ] [ 1509 1653 1881 ] [   38   35   18 ] [  13058  17573  16282 ] [ 0 ],0.80,0.80,0.80,0.80,8.35,47.88,0.00,0.00,0.00,0.00,0.00,0.00,0.00,0.00,0.00,0.00,0.00,0.00,-0.00,-0.00,0.00,0
1.50198,8,59,199,0,DRIVE [ 17 ] [ 1 ] [ 1527 1629 1881 ] [    0    0    0 ] [      0      0      0 ] [ 0 ],drive [ 17 ] [ 1 ] [ 1518 1642 1881 ] [   38   35   18 ] [  13058  17573  16282 ] [ 0 ],0.80,0.80,0.80,0.80,6.74,47.53,0.00,0.00,0.00,0.00,0.00,0.00,0.00,0.00,0.00,0.00,0.00,0.00,-0.00,-0.00,0.00,0
1.51499,6,60,196,0,DRIVE [ 18 ] [ 1 ] [ 1536 1613 1881 ] [    0    0    0 ] [      0      0      0 ] [ 0 ],drive [ 17 ] [ 1 ] [ 1527 1629 1881 ] [   38   35   18 ] [  13058  17590  16273 ] [ 0 ],0.80,0.80,0.80,0.80,5.08,47.64,0.00,0.00,0.00,0.00,0.00,0.00,0.00,0.00,0.00,0.00,0.00,0.00,-0.00,-0.00,0.00,0
1.52635,4,60,194,0,DRIVE [ 18 ] [ 1 ] [ 1545 1597 1881 ] [    0    0    0 ] [      0      0      0 ] [ 0 ],drive [ 18 ] [ 1 ] [ 1536 1613 1881 ] [   33   30   19 ] [  13058  17590  16273 ] [ 0 ],0.80,0.80,0.80,0.80,3.38,47.71,0.00,0.00,0.00,0.00,0.00,0.00,0.00,0.00,0.00,0.00,0.00,0.00,-0.00,-0.00,0.00,0
1.53711,2,59,190,0,DRIVE [ 19 ] [ 1 ] [ 1553 1579 1881 ] [    0    0    0 ] [      0      0      0 ] [ 0 ],drive [ 18 ] [ 1 ] [ 1545 1597 1881 ] [   33   30   19 ] [  13058  17590  16273 ] [ 0 ],0.80,0.80,0.80,0.80,1.67,47.60,0.00,0.00,0.00,0.00,0.00,0.00,0.00,0.00,0.00,0.00,0.00,0.00,-0.00,-0.00,0.00,0
1.54829,0,59,187,0,DRIVE [ 19 ] [ 1 ] [ 1562 1562 1881 ] [    0    0    0 ] [      0      0      0 ] [ 0 ],drive [ 19 ] [ 1 ] [ 1553 1579 1881 ] [   33   30   19 ] [  13058  17590  16273 ] [ 0 ],0.80,0.80,0.80,0.80,-0.01,47.27,0.00,0.00,0.00,0.00,0.00,0.00,0.00,0.00,0.00,0.00,0.00,0.00,0.00,-0.00,0.00,0
1.55923,-2,59,184,0,DRIVE [ 20 ] [ 1 ] [ 1572 1544 1881 ] [    0    0    0 ] [      0      0      0 ] [ 0 ],drive [ 19 ] [ 1 ] [ 1562 1562 1881 ] [   33   30   19 ] [  13057  17765  16271 ] [ 0 ],0.80,0.80,0.80,0.80,-1.73,47.06,0.00,0.00,0.00,0.00,0.00,0.00,0.00,0.00,0.00,0.00,0.00,0.00,0.00,-0.00,0.00,0
1.56977,-4,58,181,0,DRIVE [ 20 ] [ 1 ] [ 1584 1527 1881 ] [    0    0    0 ] [      0      0      0 ] [ 0 ],drive [ 20 ] [ 1 ] [ 1572 1544 1881 ] [   31   53   13 ] [  13057  17765  16271 ] [ 0 ],0.80,0.80,0.80,0.80,-3.46,46.53,0.00,0.00,0.00,0.00,0.00,0.00,0.00,0.00,0.00,0.00,0.00,0.00,0.00,-0.00,0.00,0
1.58112,-7,57,178,0,DRIVE [ 21 ] [ 1 ] [ 1598 1510 1881 ] [    0    0    0 ] [      0      0      0 ] [ 0 ],drive [ 20 ] [ 1 ] [ 1584 1527 1881 ] [   31   53   13 ] [  13057  17765  16271 ] [ 0 ],0.80,0.80,0.80,0.80,-5.21,45.91,0.00,0.00,0.00,0.00,0.00,0.00,0.00,0.00,0.00,0.00,0.00,0.00,0.00,-0.00,0.00,0
1.59177,-9,56,176,0,DRIVE [ 21 ] [ 1 ] [ 1613 1496 1881 ] [    0    0    0 ] [      0      0      0 ] [ 0 ],drive [ 21 ] [ 1 ] [ 1598 1510 1881 ] [   31   53   13 ] [  13057  17765  16271 ] [ 0 ],0.80,0.80,0.80,0.80,-6.81,44.96,0.00,0.00,0.00,0.00,0.00,0.00,0.00,0.00,0.00,0.00,0.00,0.00,0.00,-0.00,0.00,0
1.60305,-10,55,173,0,DRIVE [ 22 ] [ 1 ] [ 1628 1485 1881 ] [    0    0    0 ] [      0      0      0 ] [ 0 ],drive [ 21 ] [ 1 ] [ 1613 1496 1881 ] [   31   53   13 ] [  13057  17765  16271 ] [ 0 ],0.80,0.80,0.80,0.80,-8.26,43.84,0.00,0.00,0.00,0.00,0.00,0.00,0.00,0.00,0.00,0.00,0.00,0.00,0.00,-0.00,0.00,0
1.61419,-12,53,171,0,DRIVE [ 22 ] [ 1 ] [ 1643 1474 1881 ] [    0    0    0 ] [      0      0      0 ] [ 0 ],drive [ 22 ] [ 1 ] [ 1628 1485 1881 ] [   31   53   13 ] [  13053  18038  16214 ] [ 0 ],0.80,0.80,0.80,0.80,-9.57,42.67,0.00,0.00,0.00,0.00,0.00,0.00,0.00,0.00,0.00,0.00,0.00,0.00,0.00,-0.00,0.00,0
1.62495,-13,52,169,0,DRIVE [ 23 ] [ 1 ] [ 1659 1467 1881 ] [    0    0    0 ] [      0      0      0 ] [ 0 ],drive [ 22 ] [ 1 ] [ 1643 1474 1881 ] [   29   51   23 ] [  13053  18038  16214 ] [ 0 ],0.80,0.80,0.80,0.80,-10.75,41.40,0.00,0.00,0.00,0.00,0.00,0.00,0.00,0.00,0.00,0.00,0.00,0.00,0.00,-0.00,0.00,0
1.63604,-15,50,167,0,DRIVE [ 23 ] [ 1 ] [ 1674 1461 1881 ] [    0    0    0 ] [      0      0      0 ] [ 0 ],drive [ 23 ] [ 1 ] [ 1659 1467 1881 ] [   29   51   23 ] [  13053  18038  16214 ] [ 0 ],0.80,0.80,0.80,0.80,-11.72,39.91,0.00,0.00,0.00,0.00,0.00,0.00,0.00,0.00,0.00,0.00,0.00,0.00,0.00,-0.00,0.00,0
1.64694,-16,48,165,0,DRIVE [ 24 ] [ 1 ] [ 1689 1458 1881 ] [    0    0    0 ] [      0      0      0 ] [ 0 ],drive [ 23 ] [ 1 ] [ 1674 1461 1881 ] [   29   51   23 ] [  13053  18038  16214 ] [ 0 ],0.80,0.80,0.80,0.80,-12.50,38.33,0.00,0.00,0.00,0.00,0.00,-0.00,0.00,0.00,0.00,0.00,0.00,0.00,0.00,-0.00,0.00,0
1.65774,-16,46,163,0,DRIVE [ 24 ] [ 1 ] [ 1703 1459 1881 ] [    0    0    0 ] [      0      0      0 ] [ 0 ],drive [ 24 ] [ 1 ] [ 1689 1458 1881 ] [   29   51   23 ] [  13019  18295  16160 ] [ 0 ],0.80,0.80,0.80,0.80,-13.00,36.75,0.00,0.00,0.00,0.00,0.00,-0.00,0.00,0.00,0.00,0.00,0.00,0.00,0.00,-0.00,0.00,0
1.66881,-17,44,161,0,DRIVE [ 25 ] [ 1 ] [ 1715 1462 1881 ] [    0    0    0 ] [      0      0      0 ] [ 0 ],drive [ 24 ] [ 1 ] [ 1703 1459 1881 ] [   48   44   18 ] [  13019  18295  16160 ] [ 0 ],0.80,0.80,0.80,0.80,-13.24,35.25,0.00,0.00,0.00,0.00,0.00,-0.00,0.00,0.00,0.00,0.00,0.00,0.00,0.00,-0.00,0.00,0
1.68023,-17,42,159,0,DRIVE [ 25 ] [ 1 ] [ 1725 1466 1881 ] [    0    0    0 ] [      0      0      0 ] [ 0 ],drive [ 25 ] [ 1 ] [ 1715 1462 1881 ] [   48   44   18 ] [  13019  18295  16160 ] [ 0 ],0.80,0.80,0.80,0.80,-13.35,33.84,0.00,0.00,0.00,0.00,0.00,-0.00,0.00,0.00,0.00,0.00,0.00,0.00,0.00,-0.00,0.00,0
1.69092,-17,41,156,0,DRIVE [ 26 ] [ 1 ] [ 1734 1469 1881 ] [    0    0    0 ] [      0      0      0 ] [ 0 ],drive [ 25 ] [ 1 ] [ 1725 1466 1881 ] [   48   44   18 ] [  13019  18295  16160 ] [ 0 ],0.80,0.80,0.80,0.80,-13.43,32.47,0.00,0.00,0.00,0.00,0.00,-0.00,0.00,0.00,0.00,0.00,0.00,0.00,0.00,-0.00,0.00,0
1.70251,-17,39,154,0,DRIVE [ 26 ] [ 1 ] [ 1743 1470 1881 ] [    0    0    0 ] [      0      0      0 ] [ 0 ],drive [ 26 ] [ 1 ] [ 1734 1469 1881 ] [   48   44   18 ] [  13019  18295  16160 ] [ 0 ],0.80,0.80,0.80,0.80,-13.61,31.22,0.00,0.00,0.00,0.00,0.00,-0.00,0.00,0.00,0.00,0.00,0.00,0.00,0.00,-0.00,0.00,0
1.71354,-17,37,152,0,DRIVE [ 27 ] [ 1 ] [ 1754 1468 1881 ] [    0    0    0 ] [      0      0      0 ] [ 0 ],drive [ 26 ] [ 1 ] [ 1743 1470 1881 ] [   48   44   18 ] [  12914  18364  16160 ] [ 0 ],0.80,0.80,0.80,0.80,-13.93,29.99,0.00,0.00,0.00,0.00,0.00,-0.00,0.00,0.00,0.00,0.00,0.00,0.00,0.00,-0.00,0.00,0
1.7243,-18,36,149,0,DRIVE [ 27 ] [ 1 ] [ 1762 1467 1881 ] [    0    0    0 ] [      0      0      0 ] [ 0 ],drive [ 27 ] [ 1 ] [ 1754 1468 1881 ] [   34   65   18 ] [  12914  18364  16160 ] [ 0 ],0.80,0.80,0.80,0.80,-14.08,28.74,0.00,0.00,0.00,0.00,0.00,-0.00,0.00,0.00,0.00,0.00,0.00,0.00,0.00,-0.00,0.00,0
1.7355,-18,35,146,0,DRIVE [ 28 ] [ 1 ] [ 1771 1467 1881 ] [    0    0    0 ] [      0      0      0 ] [ 0 ],drive [ 27 ] [ 1 ] [ 1762 1467 1881 ] [   34   65   18 ] [  12914  18364  16160 ] [ 0 ],0.80,0.80,0.80,0.80,-14.19,27.60,0.00,0.00,0.00,0.00,0.00,-0.00,0.00,0.00,0.00,0.00,0.00,0.00,0.00,-0.00,0.00,0
1.74661,-18,33,144,0,DRIVE [ 28 ] [ 1 ] [ 1778 1472 1881 ] [    0    0    0 ] [      0      0      0 ] [ 0 ],drive [ 28 ] [ 1 ] [ 1771 1467 1881 ] [   34   65   18 ] [  12914  18364  16160 ] [ 0 ],0.80,0.80,0.80,0.80,-14.03,26.42,0.00,0.00,0.00,0.00,0.00,-0.00,0.00,0.00,0.00,0.00,0.00,0.00,0.00,-0.00,0.00,0
1.75752,-17,32,141,0,DRIVE [ 29 ] [ 1 ] [ 1783 1480 1881 ] [    0    0    0 ] [      0      0      0 ] [ 0 ],drive [ 28 ] [ 1 ] [ 1778 1472 1881 ] [   34   65   18 ] [  12716  18507  16160 ] [ 0 ],0.80,0.80,0.80,0.80,-13.64,25.33,0.00,0.00,0.00,0.00,0.00,-0.00,0.00,0.00,0.00,0.00,0.00,0.00,0.00,-0.00,0.00,0
1.76872,-16,31,139,0,DRIVE [ 29 ] [ 1 ] [ 1786 1488 1881 ] [    0    0    0 ] [      0      0      0 ] [ 0 ],drive [ 29 ] [ 1 ] [ 1783 1480 1881 ] [   19   42   18 ] [  12716  18507  16160 ] [ 0 ],0.80,0.80,0.80,0.80,-13.19,24.47,0.00,0.00,0.00,0.00,0.00,-0.00,0.00,0.00,0.00,0.00,0.00,0.00,0.00,-0.00,0.00,0
1.78017,-16,30,137,0,DRIVE [ 30 ] [ 1 ] [ 1787 1497 1881 ] [    0    0    0 ] [      0      0      0 ] [ 0 ],drive [ 29 ] [ 1 ] [ 1786 1488 1881 ] [   19   42   18 ] [  12716  18507  16160 ] [ 0 ],0.80,0.80,0.80,0.80,-12.66,23.74,0.00,0.00,0.00,0.00,0.00,-0.00,0.00,0.00,0.00,0.00,0.00,0.00,0.00,-0.00,0.00,0
1.79061,-15,29,135,0,DRIVE [ 30 ] [ 1 ] [ 1786 1504 1881 ] [    0    0    0 ] [      0      0      0 ] [ 0 ],drive [ 30 ] [ 1 ] [ 1787 1497 1881 ] [   19   42   18 ] [  12716  18507  16160 ] [ 0 ],0.80,0.80,0.80,0.80,-12.12,23.16,0.00,0.00,0.00,0.00,0.00,-0.00,0.00,0.00,0.00,0.00,0.00,0.00,0.00,-0.00,0.00,0
1.80204,-14,28,133,0,DRIVE [ 31 ] [ 1 ] [ 1785 1512 1881 ] [    0    0    0 ] [      0      0      0 ] [ 0 ],drive [ 30 ] [ 1 ] [ 1786 1504 1881 ] [   19   42   18 ] [  12716  18507  16160 ] [ 0 ],0.80,0.80,0.80,0.80,-11.56,22.59,0.00,0.00,0.00,0.00,0.00,-0.00,0.00,0.00,0.00,0.00,0.00,0.00,0.00,-0.00,0.00,0
1.81333,-14,28,130,0,DRIVE [ 31 ] [ 1 ] [ 1783 1518 1881 ] [    0    0    0 ] [      0      0      0 ] [ 0 ],drive [ 31 ] [ 1 ] [ 1785 1512 1881 ] [   19   42   18 ] [  12585  18509  16160 ] [ 0 ],0.80,0.80,0.80,0.80,-11.03,22.10,0.00,0.00,0.00,0.00,0.00,-0.00,0.00,0.00,0.00,0.00,0.00,0.00,0.00,-0.00,0.00,0
1.82397,-13,27,128,0,DRIVE [ 32 ] [ 1 ] [ 1782 1524 1881 ] [    0    0    0 ] [      0      0      0 ] [ 0 ],drive [ 31 ] [ 1 ] [ 1783 1518 1881 ] [   15   40   17 ] [  12585  18509  16160 ] [ 0 ],0.80,0.80,0.80,0.80,-10.52,21.61,0.00,0.00,0.00,0.00,0.00,-0.00,0.00,0.00,0.00,0.00,0.00,0.00,0.00,-0.00,0.00,0
1.83499,-13,26,126,0,DRIVE [ 32 ] [ 1 ] [ 1780 1530 1881 ] [    0    0    0 ] [      0      0      0 ] [ 0 ],drive [ 32 ] [ 1 ] [ 1782 1524 1881 ] [   15   40   17 ] [  12585  18509  16160 ] [ 0 ],0.80,0.80,0.80,0.80,-10.05,21.16,0.00,0.00,0.00,0.00,0.00,-0.00,0.00,0.00,0.00,0.00,0.00,0.00,0.00,-0.00,0.00,0
1.84668,-12,26,124,0,DRIVE [ 33 ] [ 1 ] [ 1780 1537 1881 ] [    0    0    0 ] [      0      0      0 ] [ 0 ],drive [ 32 ] [ 1 ] [ 1780 1530 1881 ] [   15   40   17 ] [  12585  18509  16160 ] [ 0 ],0.80,0.80,0.80,0.80,-9.59,20.66,0.00,0.00,0.00,0.00,0.00,-0.00,0.00,0.00,0.00,0.00,0.00,0.00,0.00,-0.00,0.00,0
1.85701,-11,25,121,0,DRIVE [ 33 ] [ 1 ] [ 1779 1544 1881 ] [    0    0    0 ] [      0      0      0 ] [ 0 ],drive [ 33 ] [ 1 ] [ 1780 1537 1881 ] [   15   40   17 ] [  12586  18510  16158 ] [ 0 ],0.80,0.80,0.80,0.80,-9.14,20.13,0.00,0.00,0.00,0.00,0.00,-0.00,0.00,0.00,0.00,0.00,0.00,0.00,0.00,-0.00,0.00,0
1.86789,-11,25,119,0,DRIVE [ 34 ] [ 1 ] [ 1779 1550 1881 ] [    0    0    0 ] [      0      0      0 ] [ 0 ],drive [ 33 ] [ 1 ] [ 1779 1544 1881 ] [   16   37   17 ] [  12586  18510  16158 ] [ 0 ],0.80,0.80,0.80,0.80,-8.78,19.61,0.00,0.00,0.00,0.00,0.00,-0.00,0.00,0.00,0.00,0.00,0.00,0.00,0.00,-0.00,0.00,0
1.87818,-11,24,117,0,DRIVE [ 34 ] [ 1 ] [ 1781 1556 1881 ] [    0    0    0 ] [      0      0      0 ] [ 0 ],drive [ 34 ] [ 1 ] [ 1779 1550 1881 ] [   16   37   17 ] [  12586  18510  16158 ] [ 0 ],0.80,0.80,0.80,0.80,-8.48,19.04,0.00,0.00,0.00,0.00,0.00,-0.00,0.00,0.00,0.00,0.00,0.00,0.00,0.00,-0.00,0.00,0
1.88909,-10,23,115,0,DRIVE [ 35 ] [ 1 ] [ 1782 1560 1881 ] [    0    0    0 ] [      0      0      0 ] [ 0 ],drive [ 34 ] [ 1 ] [ 1781 1556 1881 ] [   16   37   17 ] [  12586  18510  16158 ] [ 0 ],0.80,0.80,0.80,0.80,-8.22,18.46,0.00,0.00,0.00,0.00,0.00,-0.00,0.00,0.00,0.00,0.00,0.00,0.00,0.00,-0.00,0.00,0
1.89981,-10,22,113,0,DRIVE [ 35 ] [ 1 ] [ 1783 1564 1881 ] [    0    0    0 ] [      0      0      0 ] [ 0 ],drive [ 35 ] [ 1 ] [ 1782 1560 1881 ] [   16   37   17 ] [  12586  18510  16158 ] [ 0 ],0.80,0.80,0.80,0.80,-7.94,17.95,0.00,0.00,0.00,0.00,0.00,-0.00,0.00,0.00,0.00,0.00,0.00,0.00,0.00,-0.00,0.00,0
1.91001,-10,22,111,0,DRIVE [ 36 ] [ 1 ] [ 1783 1569 1881 ] [    0    0    0 ] [      0      0      0 ] [ 0 ],drive [ 35 ] [ 1 ] [ 1783 1564 1881 ] [   16   37   17 ] [  12575  18514  16157 ] [ 0 ],0.80,0.80,0.80,0.80,-7.63,17.49,0.00,0.00,0.00,0.00,0.00,-0.00,0.00,0.00,0.00,0.00,0.00,0.00,0.00,-0.00,0.00,0
1.92083,-9,21,109,0,DRIVE [ 36 ] [ 1 ] [ 1781 1575 1881 ] [    0    0    0 ] [      0      0      0 ] [ 0 ],drive [ 36 ] [ 1 ] [ 1783 1569 1881 ] [   35   34   16 ] [  12575  18514  16157 ] [ 0 ],0.80,0.80,0.80,0.80,-7.22,17.09,0.00,0.00,0.00,0.00,0.00,-0.00,0.00,0.00,0.00,0.00,0.00,0.00,0.00,-0.00,0.00,0
1.9326,-8,21,107,0,DRIVE [ 37 ] [ 1 ] [ 1779 1582 1881 ] [    0    0    0 ] [      0      0      0 ] [ 0 ],drive [ 36 ] [ 1 ] [ 1781 1575 1881 ] [   35   34   16 ] [  12575  18514  16157 ] [ 0 ],0.80,0.80,0.80,0.80,-6.77,16.73,0.00,0.00,0.00,0.00,0.00,-0.00,0.00,0.00,0.00,0.00,0.00,0.00,0.00,-0.00,0.00,0
1.94317,-8,21,105,0,DRIVE [ 37 ] [ 1 ] [ 1775 1590 1881 ] [    0    0    0 ] [      0      0      0 ] [ 0 ],drive [ 37 ] [ 1 ] [ 1779 1582 1881 ] [   35   34   16 ] [  12575  18514  16157 ] [ 0 ],0.80,0.80,0.80,0.80,-6.24,16.41,0.00,0.00,0.00,0.00,0.00,-0.00,0.00,0.00,0.00,0.00,0.00,0.00,0.00,-0.00,0.00,0
1.954,-7,20,103,0,DRIVE [ 38 ] [ 1 ] [ 1769 1601 1881 ] [    0    0    0 ] [      0      0      0 ] [ 0 ],drive [ 37 ] [ 1 ] [ 1775 1590 1881 ] [   35   34   16 ] [  12310  18533  16157 ] [ 0 ],0.80,0.80,0.80,0.80,-5.59,16.09,0.00,0.00,0.00,0.00,0.00,-0.00,0.00,0.00,0.00,0.00,0.00,0.00,0.00,-0.00,0.00,0
1.96461,-6,20,101,0,DRIVE [ 38 ] [ 1 ] [ 1761 1612 1881 ] [    0    0    0 ] [      0      0      0 ] [ 0 ],drive [ 38 ] [ 1 ] [ 1769 1601 1881 ] [   35   34   16 ] [  12310  18533  16157 ] [ 0 ],0.80,0.80,0.80,0.80,-4.87,15.80,0.00,0.00,0.00,0.00,0.00,-0.00,0.00,0.00,0.00,0.00,0.00,0.00,0.00,-0.00,0.00,0
1.97509,-5,19,98,0,DRIVE [ 39 ] [ 1 ] [ 1753 1625 1881 ] [    0    0    0 ] [      0      0      0 ] [ 0 ],drive [ 38 ] [ 1 ] [ 1761 1612 1881 ] [   15   36   17 ] [  12310  18533  16157 ] [ 0 ],0.80,0.80,0.80,0.80,-4.10,15.51,0.00,0.00,0.00,0.00,0.00,-0.00,0.00,0.00,0.00,0.00,0.00,0.00,0.00,-0.00,0.00,0
1.98576,-4,19,96,0,DRIVE [ 39 ] [ 1 ] [ 1745 1637 1881 ] [    0    0    0 ] [      0      0      0 ] [ 1 ],drive [ 39 ] [ 1 ] [ 1753 1625 1881 ] [   15   36   17 ] [  12310  18533  16157 ] [ 0 ],0.80,0.80,0.80,0.80,-3.42,15.19,0.00,0.00,0.00,0.00,0.00,-0.00,0.00,0.00,0.00,0.00,0.00,0.00,0.00,-0.00,0.00,0
1.9959,-4,19,94,0,DRIVE [ 40 ] [ 1 ] [ 1738 1648 1881 ] [    0    0    0 ] [      0      0      0 ] [ 1 ],drive [ 39 ] [ 1 ] [ 1745 1637 1881 ] [   15   36   17 ] [  12310  18533  16157 ] [ 1 ],0.80,0.80,0.80,0.80,-2.81,14.84,0.00,0.00,0.00,0.00,0.00,-0.00,0.00,0.00,0.00,0.00,0.00,0.00,0.00,-0.00,0.00,0
2.00666,-3,18,92,0,DRIVE [ 40 ] [ 1 ] [ 1733 1658 1881 ] [    0    0    0 ] [      0      0      0 ] [ 1 ],drive [ 40 ] [ 1 ] [ 1738 1648 1881 ] [   15   36   17 ] [  12257  18527  16156 ] [ 1 ],0.80,0.80,0.80,0.80,-2.25,14.45,0.00,0.00,0.00,0.00,0.00,-0.00,0.00,0.00,0.00,0.00,0.00,0.00,0.00,-0.00,0.00,0
2.01717,-2,18,90,0,DRIVE [ 41 ] [ 1 ] [ 1727 1670 1881 ] [    0    0    0 ] [      0      0      0 ] [ 1 ],drive [ 40 ] [ 1 ] [ 1733 1658 1881 ] [   15   36   17 ] [  12257  18527  16156 ] [ 1 ],0.80,0.80,0.80,0.80,-1.69,14.04,0.00,0.00,0.00,0.00,0.00,-0.00,0.00,0.00,0.00,0.00,0.00,0.00,0.00,-0.00,0.00,0
2.02743,-1,17,88,0,DRIVE [ 41 ] [ 1 ] [ 1719 1681 1881 ] [    0    0    0 ] [      0      0      0 ] [ 1 ],drive [ 41 ] [ 1 ] [ 1727 1670 1881 ] [   18   28   14 ] [  12257  18527  16156 ] [ 1 ],0.80,0.80,0.80,0.80,-1.11,13.66,0.00,0.00,0.00,0.00,0.00,-0.00,0.00,0.00,0.00,0.00,0.00,0.00,0.00,-0.00,0.00,0
2.03805,-1,17,86,0,DRIVE [ 42 ] [ 1 ] [ 1712 1693 1881 ] [    0    0    0 ] [      0      0      0 ] [ 1 ],drive [ 41 ] [ 1 ] [ 1719 1681 1881 ] [   18   28   14 ] [  12257  18527  16156 ] [ 1 ],0.80,0.80,0.80,0.80,-0.54,13.23,0.00,0.00,0.00,0.00,0.00,-0.00,0.00,0.00,0.00,0.00,0.00,0.00,0.00,-0.00,0.00,0
2.04854,0,16,84,0,DRIVE [ 42 ] [ 1 ] [ 1705 1704 1881 ] [    0    0    0 ] [      0      0      0 ] [ 1 ],drive [ 42 ] [ 1 ] [ 1712 1693 1881 ] [   18   28   14 ] [  12257  18527  16156 ] [ 1 ],0.80,0.80,0.80,0.80,-0.01,12.84,0.00,0.00,0.00,0.00,0.00,-0.00,0.00,0.00,0.00,0.00,0.00,0.00,0.00,-0.00,0.00,0
2.0585,1,16,82,0,DRIVE [ 43 ] [ 1 ] [ 1698 1715 1881 ] [    0    0    0 ] [      0      0      0 ] [ 1 ],drive [ 42 ] [ 1 ] [ 1705 1704 1881 ] [   18   28   14 ] [  12257  18515  16091 ] [ 1 ],0.80,0.80,0.80,0.80,0.47,12.41,0.00,0.00,0.00,0.00,0.00,-0.00,0.00,0.00,0.00,0.00,0.00,0.00,-0.00,-0.00,0.00,0
2.06919,1,15,81,0,DRIVE [ 43 ] [ 1 ] [ 1692 1727 1881 ] [    0    0    0 ] [      0      0      0 ] [ 1 ],drive [ 43 ] [ 1 ] [ 1698 1715 1881 ] [   21   24   24 ] [  12257  18515  16091 ] [ 1 ],0.80,0.80,0.80,0.80,0.94,11.93,0.00,0.00,0.00,0.00,0.00,-0.00,0.00,0.00,0.00,0.00,0.00,0.00,-0.00,-0.00,0.00,0
2.07973,2,14,79,0,DRIVE [ 44 ] [ 1 ] [ 1686 1739 1881 ] [    0    0    0 ] [      0      0      0 ] [ 1 ],drive [ 43 ] [ 1 ] [ 1692 1727 1881 ] [   21   24   24 ] [  12257  18515  16091 ] [ 1 ],0.80,0.80,0.80,0.80,1.38,11.44,0.00,0.00,0.00,0.00,0.00,-0.00,0.00,0.00,0.00,0.00,0.00,0.00,-0.00,-0.00,0.00,0
2.09077,2,14,77,0,DRIVE [ 44 ] [ 1 ] [ 1679 1750 1881 ] [    0    0    0 ] [      0      0      0 ] [ 1 ],drive [ 44 ] [ 1 ] [ 1686 1739 1881 ] [   21   24   24 ] [  12257  18515  16091 ] [ 1 ],0.80,0.80,0.80,0.80,1.79,11.01,0.00,0.00,0.00,0.00,0.00,-0.00,0.00,0.00,0.00,0.00,0.00,0.00,-0.00,-0.00,0.00,0
2.10147,3,13,75,0,DRIVE [ 45 ] [ 1 ] [ 1670 1759 1881 ] [    0    0    0 ] [      0      0      0 ] [ 1 ],drive [ 44 ] [ 1 ] [ 1679 1750 1881 ] [   21   24   24 ] [  12257  18515  16091 ] [ 1 ],0.80,0.80,0.80,0.80,2.16,10.63,0.00,0.00,0.00,0.00,0.00,-0.00,0.00,0.00,0.00,0.00,0.00,0.00,-0.00,-0.00,0.00,0
2.11285,3,13,73,0,DRIVE [ 45 ] [ 1 ] [ 1663 1768 1881 ] [    0    0    0 ] [      0      0      0 ] [ 1 ],drive [ 45 ] [ 1 ] [ 1670 1759 1881 ] [   21   24   24 ] [  12259  18437  16038 ] [ 1 ],0.80,0.80,0.80,0.80,2.50,10.21,0.00,0.00,0.00,0.00,0.00,-0.00,0.00,0.00,0.00,0.00,0.00,0.00,-0.00,-0.00,0.00,0
2.12263,4,12,71,0,DRIVE [ 46 ] [ 1 ] [ 1656 1778 1881 ] [    0    0    0 ] [      0      0      0 ] [ 1 ],drive [ 45 ] [ 1 ] [ 1663 1768 1881 ] [   24   14   27 ] [  12259  18437  16038 ] [ 1 ],0.80,0.80,0.80,0.80,2.82,9.78,0.00,0.00,0.00,0.00,0.00,-0.00,0.00,0.00,0.00,0.00,0.00,0.00,-0.00,-0.00,0.00,0
2.13302,4,12,69,0,DRIVE [ 46 ] [ 1 ] [ 1648 1789 1881 ] [    0    0    0 ] [      0      0      0 ] [ 1 ],drive [ 46 ] [ 1 ] [ 1656 1778 1881 ] [   24   14   27 ] [  12259  18437  16038 ] [ 1 ],0.80,0.80,0.80,0.80,3.15,9.30,0.00,0.00,0.00,0.00,0.00,-0.00,0.00,0.00,0.00,0.00,0.00,0.00,-0.00,-0.00,0.00,0
2.14292,4,11,67,0,DRIVE [ 47 ] [ 1 ] [ 1641 1801 1881 ] [    0    0    0 ] [      0      0      0 ] [ 1 ],drive [ 46 ] [ 1 ] [ 1648 1789 1881 ] [   24   14   27 ] [  12259  18437  16038 ] [ 1 ],0.80,0.80,0.80,0.80,3.46,8.80,0.00,0.00,0.00,0.00,0.00,-0.00,0.00,0.00,0.00,0.00,0.00,0.00,-0.00,-0.00,0.00,0
2.15327,5,10,65,0,DRIVE [ 47 ] [ 1 ] [ 1633 1811 1881 ] [    0    0    0 ] [      0      0      0 ] [ 1 ],drive [ 47 ] [ 1 ] [ 1641 1801 1881 ] [   24   14   27 ] [  12262  18227  15847 ] [ 1 ],0.80,0.80,0.80,0.80,3.73,8.33,0.00,0.00,0.00,0.00,0.00,-0.00,0.00,0.00,0.00,0.00,0.00,0.00,-0.00,-0.00,0.00,0
2.16348,5,10,63,0,DRIVE [ 48 ] [ 1 ] [ 1626 1821 1881 ] [    0    0    0 ] [      0      0      0 ] [ 1 ],drive [ 47 ] [ 1 ] [ 1633 1811 1881 ] [   24   14   27 ] [  12262  18227  15847 ] [ 1 ],0.80,0.80,0.80,0.80,3.93,7.90,0.00,0.00,0.00,0.00,0.00,-0.00,0.00,0.00,0.00,0.00,0.00,0.00,-0.00,-0.00,0.00,0
2.17472,5,9,62,0,DRIVE [ 48 ] [ 1 ] [ 1618 1827 1881 ] [    0    0    0 ] [      0      0      0 ] [ 1 ],drive [ 48 ] [ 1 ] [ 1626 1821 1881 ] [   26   34   28 ] [  12262  18227  15847 ] [ 1 ],0.80,0.80,0.80,0.80,4.08,7.57,0.00,0.00,0.00,0.00,0.00,-0.00,0.00,0.00,0.00,0.00,0.00,0.00,-0.00,-0.00,0.00,0
2.1867,5,9,60,0,DRIVE [ 49 ] [ 1 ] [ 1609 1832 1881 ] [    0    0    0 ] [      0      0      0 ] [ 1 ],drive [ 48 ] [ 1 ] [ 1618 1827 1881 ] [   26   34   28 ] [  12262  18227  15847 ] [ 1 ],0.80,0.80,0.80,0.80,4.19,7.31,0.00,0.00,0.00,0.00,0.00,-0.00,0.00,0.00,0.00,0.00,0.00,0.00,-0.00,-0.00,0.00,0
2.19655,5,9,58,0,DRIVE [ 49 ] [ 1 ] [ 1600 1835 1881 ] [    0    0    0 ] [      0      0      0 ] [ 1 ],drive [ 49 ] [ 1 ] [ 1609 1832 1881 ] [   26   34   28 ] [  12262  18227  15847 ] [ 1 ],0.80,0.80,0.80,0.80,4.26,7.10,0.00,0.00,0.00,0.00,0.00,-0.00,0.00,0.00,0.00,0.00,0.00,0.00,-0.00,-0.00,0.00,0
2.207,5,9,56,0,DRIVE [ 50 ] [ 1 ] [ 1593 1837 1881 ] [    0    0    0 ] [      0      0      0 ] [ 1 ],drive [ 49 ] [ 1 ] [ 1600 1835 1881 ] [   26   34   28 ] [  12263  17871  15829 ] [ 1 ],0.80,0.80,0.80,0.80,4.27,6.90,0.00,0.00,0.00,0.00,0.00,-0.00,0.00,0.00,0.00,0.00,0.00,0.00,-0.00,-0.00,0.00,0
2.21886,5,8,54,0,DRIVE [ 50 ] [ 1 ] [ 1587 1837 1881 ] [    0    0    0 ] [      0      0      0 ] [ 1 ],drive [ 50 ] [ 1 ] [ 1593 1837 1881 ] [   29   25    8 ] [  12263  17871  15829 ] [ 1 ],0.80,0.80,0.80,0.80,4.24,6.72,0.00,0.00,0.00,0.00,0.00,-0.00,0.00,0.00,0.00,0.00,0.00,0.00,-0.00,-0.00,0.00,0
2.23091,5,8,52,0,DRIVE [ 51 ] [ 1 ] [ 1580 1837 1881 ] [    0    0    0 ] [      0      0      0 ] [ 1 ],drive [ 50 ] [ 1 ] [ 1587 1837 1881 ] [   29   25    8 ] [  12263  17871  15829 ] [ 1 ],0.80,0.80,0.80,0.80,4.20,6.56,0.00,0.00,0.00,0.00,0.00,-0.00,0.00,0.00,0.00,0.00,0.00,0.00,-0.00,-0.00,0.00,0
2.2427,5,8,50,0,DRIVE [ 51 ] [ 1 ] [ 1572 1839 1881 ] [    0    0    0 ] [      0      0      0 ] [ 1 ],drive [ 51 ] [ 1 ] [ 1580 1837 1881 ] [   29   25    8 ] [  12263  17871  15829 ] [ 1 ],0.80,0.80,0.80,0.80,4.19,6.37,0.00,0.00,0.00,0.00,0.00,-0.00,0.00,0.00,0.00,0.00,0.00,0.00,-0.00,-0.00,0.00,0
2.25296,5,8,49,0,DRIVE [ 52 ] [ 1 ] [ 1560 1843 1881 ] [    0    0    0 ] [      0      0      0 ] [ 1 ],drive [ 51 ] [ 1 ] [ 1572 1839 1881 ] [   29   25    8 ] [  12266  17660  15690 ] [ 1 ],0.80,0.80,0.80,0.80,4.26,6.14,0.00,0.00,0.00,0.00,0.00,-0.00,0.00,0.00,0.00,0.00,0.00,0.00,-0.00,-0.00,0.00,0
2.26281,6,7,47,0,DRIVE [ 52 ] [ 1 ] [ 1542 1849 1881 ] [    0    0    0 ] [      0      0      0 ] [ 1 ],drive [ 52 ] [ 1 ] [ 1560 1843 1881 ] [   29   25    8 ] [  12266  17660  15690 ] [ 1 ],0.80,0.80,0.80,0.80,4.41,5.92,0.00,0.00,0.00,0.00,0.00,-0.00,0.00,0.00,0.00,0.00,0.00,0.00,-0.00,-0.00,0.00,0
2.27489,6,7,45,0,DRIVE [ 53 ] [ 1 ] [ 1517 1857 1881 ] [    0    0    0 ] [      0      0      0 ] [ 1 ],drive [ 52 ] [ 1 ] [ 1542 1849 1881 ] [   32   30   21 ] [  12266  17660  15690 ] [ 1 ],0.80,0.80,0.80,0.80,4.66,5.72,0.00,0.00,0.00,0.00,0.00,-0.00,0.00,0.00,0.00,0.00,0.00,0.00,-0.00,-0.00,0.00,0
2.28699,6,7,43,0,DRIVE [ 53 ] [ 1 ] [ 1485 1865 1881 ] [    0    0    0 ] [      0      0      0 ] [ 1 ],drive [ 53 ] [ 1 ] [ 1517 1857 1881 ] [   32   30   21 ] [  12266  17660  15690 ] [ 1 ],0.80,0.80,0.80,0.80,4.96,5.55,0.00,0.00,0.00,0.00,0.00,-0.00,0.00,0.00,0.00,0.00,0.00,0.00,-0.00,-0.00,0.00,0
2.29893,7,7,41,0,DRIVE [ 54 ] [ 1 ] [ 1449 1875 1881 ] [    0    0    0 ] [      0      0      0 ] [ 1 ],drive [ 53 ] [ 1 ] [ 1485 1865 1881 ] [   32   30   21 ] [  12266  17660  15690 ] [ 1 ],0.80,0.80,0.80,0.80,5.27,5.38,0.00,0.00,0.00,0.00,0.00,-0.00,0.00,0.00,0.00,0.00,0.00,0.00,-0.00,-0.00,0.00,0
2.31049,7,7,40,0,DRIVE [ 54 ] [ 1 ] [ 1410 1883 1881 ] [    0    0    0 ] [      0      0      0 ] [ 1 ],drive [ 54 ] [ 1 ] [ 1449 1875 1881 ] [   32   30   21 ] [  12274  17641  15609 ] [ 1 ],0.80,0.80,0.80,0.80,5.55,5.24,0.00,0.00,0.00,0.00,0.00,-0.00,0.00,0.00,0.00,0.00,0.00,0.00,-0.00,-0.00,0.00,0
2.32069,7,6,38,0,DRIVE [ 55 ] [ 1 ] [ 1373 1891 1881 ] [    0    0    0 ] [      0      0      0 ] [ 1 ],drive [ 54 ] [ 1 ] [ 1410 1883 1881 ] [   53   14   22 ] [  12274  17641  15609 ] [ 1 ],0.80,0.80,0.80,0.80,5.76,5.10,0.00,0.00,0.00,0.00,0.00,-0.00,0.00,0.00,0.00,0.00,0.00,0.00,-0.00,-0.00,0.00,0
2.33023,7,6,36,0,DRIVE [ 55 ] [ 1 ] [ 1339 1897 1881 ] [    0    0    0 ] [      0      0      0 ] [ 1 ],drive [ 55 ] [ 1 ] [ 1373 1891 1881 ] [   53   14   22 ] [  12274  17641  15609 ] [ 1 ],0.80,0.80,0.80,0.80,5.88,4.96,0.00,0.00,0.00,0.00,0.00,-0.00,0.00,0.00,0.00,0.00,0.00,0.00,-0.00,-0.00,0.00,0
2.34262,7,6,34,0,DRIVE [ 56 ] [ 1 ] [ 1310 1899 1881 ] [    0    0    0 ] [      0      0      0 ] [ 1 ],drive [ 55 ] [ 1 ] [ 1339 1897 1881 ] [   53   14   22 ] [  12274  17641  15609 ] [ 1 ],0.80,0.80,0.80,0.80,5.91,4.89,0.00,0.00,0.00,0.00,0.00,-0.00,0.00,0.00,0.00,0.00,0.00,0.00,-0.00,-0.00,0.00,0
2.35467,7,6,33,1,DRIVE [ 56 ] [ 1 ] [ 1282 1896 1881 ] [    0    0    0 ] [      0      0      0 ] [ 1 ],drive [ 56 ] [ 1 ] [ 1310 1899 1881 ] [   53   14   22 ] [  12354  17419  15616 ] [ 1 ],0.80,0.80,0.80,0.80,5.89,4.92,0.00,0.00,0.00,0.00,0.00,-0.00,0.00,0.00,0.00,0.00,0.00,0.00,-0.00,-0.00,0.00,0
